/*--------------------------------*- C++ -*----------------------------------*\
| =========                 |                                                 |
| \\      /  F ield         | OpenFOAM: The Open Source CFD Toolbox           |
|  \\    /   O peration     | Version:  2412                                  |
|   \\  /    A nd           | Website:  www.openfoam.com                      |
|    \\/     M anipulation  |                                                 |
\*---------------------------------------------------------------------------*/
FoamFile
{
    version     2.0;
    format      ascii;
    arch        "LSB;label=32;scalar=64";
    class       volScalarField;
    location    "180";
    object      nut;
}
// * * * * * * * * * * * * * * * * * * * * * * * * * * * * * * * * * * * * * //

dimensions      [0 2 -1 0 0 0 0];

internalField   nonuniform List<scalar> 
7387
(
3.10327e-12
3.01158e-12
2.92244e-12
2.83569e-12
2.75078e-12
2.66782e-12
2.58684e-12
2.50779e-12
2.43068e-12
2.35551e-12
2.28234e-12
2.21125e-12
2.1418e-12
2.07429e-12
2.00912e-12
1.94615e-12
1.88528e-12
1.82657e-12
1.7702e-12
1.71634e-12
1.66483e-12
1.6156e-12
1.56889e-12
1.5245e-12
1.48248e-12
1.44291e-12
1.4055e-12
1.37026e-12
1.3372e-12
1.30624e-12
1.27727e-12
1.25017e-12
1.22497e-12
1.20152e-12
1.17974e-12
1.15955e-12
1.14087e-12
1.12363e-12
1.10781e-12
1.09327e-12
1.07994e-12
1.06794e-12
1.05722e-12
1.04755e-12
1.03866e-12
1.03063e-12
1.02401e-12
1.01957e-12
1.01724e-12
1.01525e-12
1.01218e-12
1.00743e-12
1.00476e-12
1.00933e-12
1.02405e-12
1.05024e-12
1.07844e-12
1.09812e-12
1.1069e-12
1.09926e-12
1.087e-12
1.10388e-12
1.17277e-12
1.3137e-12
1.58839e-12
2.09035e-12
2.29711e-12
1.43646e-12
2.66212e-13
5.69047e-14
1.33858e-14
7.09977e-14
2.98318e-10
2.89477e-10
2.80886e-10
2.72519e-10
2.64341e-10
2.56349e-10
2.48539e-10
2.4092e-10
2.33493e-10
2.26251e-10
2.19194e-10
2.12323e-10
2.0563e-10
1.99129e-10
1.92838e-10
1.86756e-10
1.80875e-10
1.75206e-10
1.6976e-10
1.64549e-10
1.59563e-10
1.54795e-10
1.50267e-10
1.45964e-10
1.41888e-10
1.38039e-10
1.34402e-10
1.30978e-10
1.27762e-10
1.24746e-10
1.21925e-10
1.19283e-10
1.1682e-10
1.14529e-10
1.12397e-10
1.10419e-10
1.08589e-10
1.06897e-10
1.05339e-10
1.03905e-10
1.02591e-10
1.01401e-10
1.00335e-10
9.93724e-11
9.84875e-11
9.76841e-11
9.70152e-11
9.65515e-11
9.62854e-11
9.6059e-11
9.57403e-11
9.52737e-11
9.49975e-11
9.53798e-11
9.66918e-11
9.90465e-11
1.01603e-10
1.03418e-10
1.04252e-10
1.03619e-10
1.02562e-10
1.04081e-10
1.10248e-10
1.22854e-10
1.4709e-10
1.89707e-10
2.07695e-10
1.35278e-10
2.67281e-11
5.16438e-12
1.28285e-12
6.93368e-12
2.92552e-09
2.83841e-09
2.75378e-09
2.67134e-09
2.59081e-09
2.51213e-09
2.43527e-09
2.36026e-09
2.28712e-09
2.21583e-09
2.14631e-09
2.07856e-09
2.01262e-09
1.94856e-09
1.88649e-09
1.82641e-09
1.76831e-09
1.71228e-09
1.65842e-09
1.60676e-09
1.55728e-09
1.50999e-09
1.46498e-09
1.42218e-09
1.38159e-09
1.34318e-09
1.30689e-09
1.2727e-09
1.24052e-09
1.2103e-09
1.182e-09
1.15548e-09
1.1307e-09
1.1076e-09
1.08608e-09
1.06607e-09
1.04752e-09
1.03034e-09
1.01446e-09
9.99819e-10
9.86364e-10
9.7412e-10
9.63098e-10
9.53106e-10
9.43912e-10
9.35544e-10
9.2846e-10
9.23291e-10
9.19979e-10
9.17179e-10
9.13684e-10
9.08967e-10
9.05954e-10
9.08785e-10
9.19954e-10
9.40385e-10
9.62935e-10
9.79434e-10
9.87379e-10
9.82798e-10
9.74317e-10
9.87573e-10
1.04083e-09
1.14957e-09
1.35456e-09
1.69445e-09
1.84298e-09
1.27497e-09
2.88791e-10
4.66992e-11
1.28646e-11
7.3674e-11
1.44643e-08
1.40311e-08
1.36101e-08
1.32002e-08
1.27998e-08
1.24086e-08
1.20268e-08
1.16541e-08
1.12906e-08
1.09362e-08
1.05904e-08
1.02536e-08
9.92557e-09
9.60664e-09
9.29726e-09
8.9975e-09
8.70752e-09
8.42757e-09
8.15808e-09
7.89914e-09
7.65083e-09
7.4133e-09
7.18676e-09
6.9711e-09
6.76629e-09
6.57225e-09
6.38871e-09
6.21545e-09
6.05218e-09
5.89862e-09
5.75445e-09
5.61919e-09
5.49259e-09
5.37427e-09
5.26382e-09
5.16089e-09
5.06516e-09
4.9763e-09
4.89396e-09
4.81783e-09
4.74758e-09
4.68336e-09
4.62517e-09
4.5722e-09
4.5234e-09
4.47881e-09
4.44042e-09
4.41088e-09
4.39005e-09
4.3724e-09
4.35261e-09
4.32828e-09
4.31136e-09
4.31961e-09
4.36422e-09
4.44873e-09
4.54429e-09
4.61703e-09
4.65408e-09
4.64057e-09
4.61004e-09
4.66628e-09
4.88717e-09
5.33776e-09
6.16693e-09
7.43949e-09
8.00631e-09
5.91604e-09
1.62462e-09
2.10489e-10
6.70422e-11
4.22373e-10
5.1161e-08
4.96187e-08
4.81201e-08
4.66609e-08
4.52361e-08
4.3844e-08
4.24852e-08
4.11593e-08
3.9866e-08
3.86044e-08
3.73739e-08
3.61745e-08
3.50061e-08
3.38692e-08
3.2765e-08
3.1694e-08
3.06569e-08
2.96545e-08
2.86879e-08
2.77578e-08
2.68646e-08
2.60086e-08
2.51906e-08
2.44109e-08
2.36691e-08
2.29653e-08
2.22985e-08
2.1668e-08
2.1073e-08
2.05122e-08
1.99847e-08
1.9489e-08
1.90242e-08
1.85886e-08
1.8181e-08
1.78002e-08
1.74451e-08
1.71147e-08
1.68076e-08
1.65227e-08
1.62589e-08
1.60166e-08
1.57956e-08
1.55935e-08
1.54071e-08
1.52362e-08
1.50866e-08
1.49659e-08
1.48743e-08
1.4796e-08
1.47151e-08
1.4624e-08
1.45556e-08
1.4562e-08
1.46778e-08
1.4912e-08
1.51863e-08
1.54052e-08
1.55238e-08
1.55061e-08
1.54397e-08
1.56071e-08
1.62333e-08
1.75085e-08
1.97912e-08
2.29571e-08
2.4333e-08
1.91182e-08
6.56099e-09
6.83084e-10
2.58693e-10
1.81363e-09
1.48241e-07
1.43745e-07
1.39375e-07
1.35119e-07
1.30965e-07
1.26906e-07
1.22945e-07
1.1908e-07
1.15309e-07
1.11631e-07
1.08044e-07
1.04545e-07
1.01135e-07
9.78138e-08
9.4585e-08
9.14502e-08
8.84107e-08
8.54684e-08
8.26262e-08
7.98868e-08
7.72515e-08
7.47216e-08
7.22997e-08
6.99861e-08
6.77812e-08
6.56854e-08
6.36967e-08
6.18133e-08
6.00325e-08
5.83512e-08
5.67668e-08
5.52755e-08
5.38736e-08
5.25574e-08
5.1323e-08
5.01671e-08
4.90865e-08
4.80779e-08
4.71378e-08
4.62631e-08
4.54509e-08
4.47012e-08
4.40131e-08
4.33812e-08
4.27978e-08
4.22617e-08
4.17848e-08
4.13846e-08
4.10627e-08
4.07852e-08
4.05147e-08
4.02323e-08
4.00064e-08
3.99567e-08
4.01666e-08
4.06518e-08
4.12504e-08
4.17579e-08
4.20501e-08
4.20668e-08
4.1986e-08
4.23924e-08
4.37829e-08
4.66001e-08
5.14841e-08
5.73664e-08
5.95959e-08
4.92399e-08
2.1132e-08
2.04695e-09
8.17277e-10
6.37418e-09
3.75946e-07
3.64485e-07
3.53341e-07
3.42486e-07
3.31891e-07
3.21542e-07
3.11441e-07
3.01585e-07
2.91971e-07
2.82591e-07
2.73441e-07
2.64516e-07
2.55809e-07
2.47324e-07
2.39068e-07
2.31041e-07
2.23248e-07
2.15694e-07
2.08383e-07
2.01322e-07
1.94517e-07
1.87972e-07
1.81693e-07
1.75683e-07
1.69945e-07
1.6448e-07
1.59285e-07
1.54356e-07
1.49689e-07
1.45275e-07
1.41108e-07
1.37178e-07
1.33477e-07
1.29996e-07
1.26725e-07
1.23655e-07
1.20778e-07
1.18085e-07
1.15569e-07
1.13222e-07
1.11037e-07
1.0901e-07
1.07141e-07
1.05417e-07
1.03824e-07
1.02355e-07
1.01032e-07
9.98852e-08
9.89209e-08
9.80815e-08
9.72948e-08
9.65226e-08
9.58749e-08
9.55768e-08
9.5796e-08
9.65475e-08
9.75635e-08
9.84978e-08
9.90687e-08
9.92164e-08
9.9246e-08
1.00117e-07
1.02702e-07
1.07866e-07
1.16459e-07
1.24719e-07
1.26398e-07
1.08218e-07
5.67025e-08
6.10662e-09
2.20544e-09
1.83013e-08
8.65516e-07
8.3905e-07
8.13295e-07
7.88198e-07
7.63705e-07
7.39785e-07
7.16431e-07
6.93643e-07
6.71415e-07
6.49731e-07
6.28571e-07
6.07925e-07
5.87777e-07
5.68126e-07
5.48985e-07
5.30357e-07
5.12244e-07
4.94658e-07
4.77609e-07
4.61111e-07
4.45177e-07
4.29818e-07
4.15052e-07
4.00891e-07
3.87343e-07
3.74413e-07
3.62099e-07
3.50396e-07
3.39296e-07
3.28783e-07
3.1884e-07
3.09448e-07
3.00589e-07
2.92242e-07
2.84383e-07
2.76993e-07
2.70053e-07
2.63544e-07
2.57449e-07
2.51747e-07
2.46424e-07
2.41471e-07
2.3688e-07
2.32632e-07
2.28698e-07
2.25064e-07
2.21755e-07
2.18814e-07
2.16253e-07
2.14001e-07
2.11942e-07
2.10013e-07
2.08341e-07
2.07275e-07
2.07101e-07
2.07795e-07
2.09012e-07
2.10307e-07
2.11141e-07
2.11544e-07
2.11996e-07
2.13725e-07
2.17905e-07
2.25971e-07
2.38585e-07
2.46037e-07
2.42264e-07
2.11406e-07
1.30638e-07
1.76836e-08
5.33378e-09
4.34329e-08
1.84811e-06
1.79158e-06
1.7365e-06
1.6828e-06
1.6304e-06
1.57922e-06
1.52924e-06
1.48047e-06
1.43289e-06
1.38647e-06
1.34118e-06
1.29697e-06
1.25381e-06
1.21168e-06
1.17061e-06
1.1306e-06
1.09164e-06
1.05375e-06
1.01695e-06
9.81268e-07
9.46732e-07
9.13369e-07
8.81222e-07
8.50321e-07
8.20695e-07
7.92366e-07
7.65334e-07
7.396e-07
7.15152e-07
6.91962e-07
6.69998e-07
6.49219e-07
6.29589e-07
6.11064e-07
5.93595e-07
5.77141e-07
5.6166e-07
5.47115e-07
5.33465e-07
5.2067e-07
5.08697e-07
4.97519e-07
4.87117e-07
4.77459e-07
4.685e-07
4.60208e-07
4.52588e-07
4.45681e-07
4.39505e-07
4.34011e-07
4.29057e-07
4.24567e-07
4.20597e-07
4.17568e-07
4.15875e-07
4.15356e-07
4.157e-07
4.16601e-07
4.17198e-07
4.17799e-07
4.19193e-07
4.22441e-07
4.28486e-07
4.39257e-07
4.5422e-07
4.52446e-07
4.31604e-07
3.77206e-07
2.65713e-07
4.93134e-08
1.23851e-08
8.85303e-08
3.70545e-06
3.59257e-06
3.48236e-06
3.37482e-06
3.26986e-06
3.16733e-06
3.06718e-06
2.96941e-06
2.87403e-06
2.78097e-06
2.69014e-06
2.60147e-06
2.51486e-06
2.43028e-06
2.34772e-06
2.2672e-06
2.1887e-06
2.11225e-06
2.03786e-06
1.96558e-06
1.89547e-06
1.82758e-06
1.76202e-06
1.69884e-06
1.63814e-06
1.57997e-06
1.52436e-06
1.47134e-06
1.42088e-06
1.37295e-06
1.32749e-06
1.28443e-06
1.2437e-06
1.2052e-06
1.16885e-06
1.13456e-06
1.10225e-06
1.07183e-06
1.04324e-06
1.01639e-06
9.91216e-07
9.67646e-07
9.4563e-07
9.25125e-07
9.06074e-07
8.88402e-07
8.72051e-07
8.56995e-07
8.43251e-07
8.30875e-07
8.19784e-07
8.09944e-07
8.01157e-07
7.93706e-07
7.87976e-07
7.83428e-07
7.80005e-07
7.78119e-07
7.76694e-07
7.76659e-07
7.79497e-07
7.85246e-07
7.93275e-07
8.05321e-07
8.17497e-07
7.89807e-07
7.29099e-07
6.26849e-07
4.88923e-07
1.32484e-07
2.81984e-08
1.63523e-07
7.01349e-06
6.8024e-06
6.59565e-06
6.39362e-06
6.19631e-06
6.00346e-06
5.81493e-06
5.63077e-06
5.45101e-06
5.27554e-06
5.10422e-06
4.93689e-06
4.77334e-06
4.61351e-06
4.45734e-06
4.30481e-06
4.1559e-06
4.01064e-06
3.86904e-06
3.73117e-06
3.59712e-06
3.46702e-06
3.34105e-06
3.21939e-06
3.10222e-06
2.98969e-06
2.88192e-06
2.77896e-06
2.68084e-06
2.5875e-06
2.49887e-06
2.41481e-06
2.33519e-06
2.25986e-06
2.18863e-06
2.12135e-06
2.05787e-06
1.99802e-06
1.94166e-06
1.88865e-06
1.83885e-06
1.79211e-06
1.74832e-06
1.70741e-06
1.66932e-06
1.63392e-06
1.60099e-06
1.5703e-06
1.54183e-06
1.51587e-06
1.49261e-06
1.47222e-06
1.45395e-06
1.43748e-06
1.42285e-06
1.40863e-06
1.3953e-06
1.38503e-06
1.37705e-06
1.37353e-06
1.37752e-06
1.38689e-06
1.39701e-06
1.40756e-06
1.40708e-06
1.32497e-06
1.18482e-06
9.84697e-07
8.29765e-07
3.45096e-07
6.26002e-08
2.91519e-07
1.25194e-05
1.21524e-05
1.17913e-05
1.14376e-05
1.10916e-05
1.07529e-05
1.04213e-05
1.00969e-05
9.77983e-06
9.46999e-06
9.16715e-06
8.87105e-06
8.5813e-06
8.29776e-06
8.02027e-06
7.74883e-06
7.48333e-06
7.22383e-06
6.97031e-06
6.72291e-06
6.48174e-06
6.24708e-06
6.01927e-06
5.79867e-06
5.58568e-06
5.38065e-06
5.18388e-06
4.99555e-06
4.81576e-06
4.64449e-06
4.48164e-06
4.327e-06
4.18034e-06
4.04141e-06
3.90989e-06
3.78552e-06
3.66799e-06
3.55701e-06
3.45235e-06
3.35375e-06
3.26095e-06
3.17366e-06
3.09164e-06
3.01478e-06
2.94307e-06
2.87628e-06
2.8139e-06
2.75526e-06
2.70014e-06
2.64929e-06
2.60351e-06
2.56351e-06
2.52774e-06
2.49443e-06
2.46261e-06
2.42901e-06
2.39469e-06
2.3652e-06
2.34122e-06
2.32722e-06
2.32966e-06
2.34317e-06
2.35571e-06
2.3614e-06
2.33372e-06
2.1534e-06
1.87094e-06
1.49902e-06
1.32003e-06
7.77343e-07
1.33871e-07
5.60079e-07
2.09861e-05
2.03977e-05
1.98157e-05
1.92436e-05
1.86824e-05
1.81317e-05
1.75912e-05
1.70611e-05
1.65418e-05
1.60332e-05
1.55352e-05
1.50474e-05
1.4569e-05
1.41e-05
1.36399e-05
1.31888e-05
1.27465e-05
1.23132e-05
1.18887e-05
1.14733e-05
1.10672e-05
1.06709e-05
1.0285e-05
9.9103e-06
9.54748e-06
9.19732e-06
8.86044e-06
8.53733e-06
8.22828e-06
7.93334e-06
7.65245e-06
7.38533e-06
7.13164e-06
6.89097e-06
6.66285e-06
6.44679e-06
6.24232e-06
6.04894e-06
5.86625e-06
5.69385e-06
5.53128e-06
5.37803e-06
5.23363e-06
5.09793e-06
4.97098e-06
4.85249e-06
4.74144e-06
4.63642e-06
4.53672e-06
4.44369e-06
4.35927e-06
4.28531e-06
4.21944e-06
4.15716e-06
4.09573e-06
4.02826e-06
3.95581e-06
3.88913e-06
3.83235e-06
3.79399e-06
3.78718e-06
3.80311e-06
3.81872e-06
3.8175e-06
3.7466e-06
3.4076e-06
2.88949e-06
2.2525e-06
1.99748e-06
1.47357e-06
2.8243e-07
1.10711e-06
3.38422e-05
3.29616e-05
3.2092e-05
3.12274e-05
3.0374e-05
2.9534e-05
2.87069e-05
2.78923e-05
2.70908e-05
2.63034e-05
2.55301e-05
2.47707e-05
2.40247e-05
2.32914e-05
2.25704e-05
2.18612e-05
2.11637e-05
2.04779e-05
1.98039e-05
1.91418e-05
1.84918e-05
1.78545e-05
1.72306e-05
1.66212e-05
1.60275e-05
1.54509e-05
1.48929e-05
1.43545e-05
1.38369e-05
1.33407e-05
1.28661e-05
1.24133e-05
1.19818e-05
1.15713e-05
1.11813e-05
1.08109e-05
1.04596e-05
1.01265e-05
9.81086e-06
9.51211e-06
9.22964e-06
8.96274e-06
8.71056e-06
8.47233e-06
8.24776e-06
8.03704e-06
7.83986e-06
7.65459e-06
7.47865e-06
7.31038e-06
7.15172e-06
7.00628e-06
6.87792e-06
6.76403e-06
6.65609e-06
6.54866e-06
6.42878e-06
6.29557e-06
6.1663e-06
6.05114e-06
5.9652e-06
5.93353e-06
5.94553e-06
5.96465e-06
5.95844e-06
5.83435e-06
5.26524e-06
4.38091e-06
3.37387e-06
2.91232e-06
2.46799e-06
5.90897e-07
2.18293e-06
4.98218e-05
4.86215e-05
4.74286e-05
4.62373e-05
4.50563e-05
4.38892e-05
4.27358e-05
4.15956e-05
4.04696e-05
3.93595e-05
3.82656e-05
3.71879e-05
3.6126e-05
3.50788e-05
3.40459e-05
3.30266e-05
3.20211e-05
3.10292e-05
3.00513e-05
2.90875e-05
2.81385e-05
2.7205e-05
2.62883e-05
2.53901e-05
2.45123e-05
2.36571e-05
2.2827e-05
2.20239e-05
2.12496e-05
2.05054e-05
1.97921e-05
1.91098e-05
1.84584e-05
1.78375e-05
1.72462e-05
1.66838e-05
1.61491e-05
1.56413e-05
1.51591e-05
1.47018e-05
1.42684e-05
1.3858e-05
1.34694e-05
1.31013e-05
1.27532e-05
1.24256e-05
1.21181e-05
1.18286e-05
1.15529e-05
1.1288e-05
1.10358e-05
1.0802e-05
1.05935e-05
1.04088e-05
1.02347e-05
1.00624e-05
9.86991e-06
9.65087e-06
9.42875e-06
9.22211e-06
9.05575e-06
8.97381e-06
8.9684e-06
8.98973e-06
8.98601e-06
8.81462e-06
7.95274e-06
6.53425e-06
5.0142e-06
4.14834e-06
3.78364e-06
1.22151e-06
4.20996e-06
6.93109e-05
6.77675e-05
6.62309e-05
6.46914e-05
6.31591e-05
6.16387e-05
6.01304e-05
5.86338e-05
5.71504e-05
5.56824e-05
5.42307e-05
5.27957e-05
5.1377e-05
4.99734e-05
4.85844e-05
4.72092e-05
4.5848e-05
4.4501e-05
4.31687e-05
4.18516e-05
4.05508e-05
3.92673e-05
3.8003e-05
3.67605e-05
3.55426e-05
3.43527e-05
3.31941e-05
3.207e-05
3.09833e-05
2.9936e-05
2.89296e-05
2.79648e-05
2.70416e-05
2.61596e-05
2.53181e-05
2.45159e-05
2.37518e-05
2.30245e-05
2.23326e-05
2.16748e-05
2.10502e-05
2.04574e-05
1.98947e-05
1.93604e-05
1.88538e-05
1.83752e-05
1.79248e-05
1.74999e-05
1.70948e-05
1.67041e-05
1.63293e-05
1.5978e-05
1.5661e-05
1.53797e-05
1.51169e-05
1.48605e-05
1.45767e-05
1.42489e-05
1.39042e-05
1.35702e-05
1.32842e-05
1.31178e-05
1.3073e-05
1.30911e-05
1.31013e-05
1.29091e-05
1.17327e-05
9.59655e-06
7.36988e-06
5.83105e-06
5.44239e-06
2.50798e-06
7.81487e-06
9.18715e-05
8.99728e-05
8.80885e-05
8.6197e-05
8.43076e-05
8.24262e-05
8.05533e-05
7.86887e-05
7.6834e-05
7.49922e-05
7.31648e-05
7.13526e-05
6.95552e-05
6.77713e-05
6.60004e-05
6.42417e-05
6.24956e-05
6.07623e-05
5.9043e-05
5.73383e-05
5.56498e-05
5.39793e-05
5.23293e-05
5.07032e-05
4.91049e-05
4.75389e-05
4.60099e-05
4.45224e-05
4.30803e-05
4.1687e-05
4.03447e-05
3.90548e-05
3.78178e-05
3.66333e-05
3.55008e-05
3.44189e-05
3.33864e-05
3.24016e-05
3.14629e-05
3.05686e-05
2.97175e-05
2.89079e-05
2.81379e-05
2.74052e-05
2.67084e-05
2.60481e-05
2.54249e-05
2.4836e-05
2.4274e-05
2.37312e-05
2.32072e-05
2.2711e-05
2.22578e-05
2.18541e-05
2.14802e-05
2.11218e-05
2.07322e-05
2.0279e-05
1.97882e-05
1.92953e-05
1.88508e-05
1.85612e-05
1.8448e-05
1.84513e-05
1.84857e-05
1.83123e-05
1.68625e-05
1.38672e-05
1.06927e-05
8.1331e-06
7.48593e-06
4.55637e-06
1.38231e-05
0.000117058
0.000114798
0.000112566
0.000110323
0.000108077
0.000105834
0.000103595
0.00010136
9.91302e-05
9.69094e-05
9.47e-05
9.25026e-05
9.03174e-05
8.81429e-05
8.59784e-05
8.38233e-05
8.16778e-05
7.95427e-05
7.74193e-05
7.5309e-05
7.32136e-05
7.11358e-05
6.90786e-05
6.70464e-05
6.50441e-05
6.30775e-05
6.11524e-05
5.92749e-05
5.74501e-05
5.56827e-05
5.39758e-05
5.23319e-05
5.07518e-05
4.92357e-05
4.7783e-05
4.63927e-05
4.50632e-05
4.37928e-05
4.25793e-05
4.14211e-05
4.03166e-05
3.92639e-05
3.82606e-05
3.7304e-05
3.63921e-05
3.55254e-05
3.47051e-05
3.39286e-05
3.31877e-05
3.24714e-05
3.17771e-05
3.11138e-05
3.05008e-05
2.99515e-05
2.94463e-05
2.89707e-05
2.8465e-05
2.78778e-05
2.72279e-05
2.65547e-05
2.59212e-05
2.5473e-05
2.52594e-05
2.52299e-05
2.52916e-05
2.51733e-05
2.3539e-05
1.96562e-05
1.52741e-05
1.12611e-05
9.99123e-06
7.43676e-06
2.31616e-05
0.000144608
0.000141976
0.000139385
0.000136784
0.000134174
0.000131563
0.000128951
0.000126338
0.000123727
0.00012112
0.000118522
0.000115933
0.000113352
0.00011078
0.000108214
0.000105655
0.000103102
0.000100557
9.80207e-05
9.54957e-05
9.29843e-05
9.04895e-05
8.80151e-05
8.55664e-05
8.31491e-05
8.07701e-05
7.84366e-05
7.61557e-05
7.39341e-05
7.17776e-05
6.96907e-05
6.76764e-05
6.57366e-05
6.38719e-05
6.20818e-05
6.03655e-05
5.87214e-05
5.71476e-05
5.56418e-05
5.4202e-05
5.28264e-05
5.15131e-05
5.02592e-05
4.90615e-05
4.79174e-05
4.68273e-05
4.57928e-05
4.4812e-05
4.38761e-05
4.29717e-05
4.20926e-05
4.12469e-05
4.0457e-05
3.97443e-05
3.90914e-05
3.84862e-05
3.78581e-05
3.71347e-05
3.63233e-05
3.5462e-05
3.46236e-05
3.39912e-05
3.36494e-05
3.35659e-05
3.36478e-05
3.36031e-05
3.18789e-05
2.72157e-05
2.13558e-05
1.54446e-05
1.30562e-05
1.11271e-05
3.28299e-05
0.000174538
0.000171504
0.000168526
0.00016554
0.000162542
0.000159539
0.000156532
0.000153521
0.000150508
0.000147497
0.000144491
0.000141493
0.000138501
0.000135515
0.000132534
0.000129557
0.000126585
0.000123618
0.000120658
0.000117709
0.000114773
0.000111853
0.000108954
0.000106082
0.000103244
0.000100446
9.76978e-05
9.50073e-05
9.23824e-05
8.98301e-05
8.7356e-05
8.4964e-05
8.26567e-05
8.04352e-05
7.82995e-05
7.62487e-05
7.42813e-05
7.23954e-05
7.05884e-05
6.88581e-05
6.72023e-05
6.56191e-05
6.41053e-05
6.26573e-05
6.12717e-05
5.99487e-05
5.86901e-05
5.74952e-05
5.63551e-05
5.52542e-05
5.41827e-05
5.31467e-05
5.21704e-05
5.12831e-05
5.04711e-05
4.97272e-05
4.89727e-05
4.8115e-05
4.71474e-05
4.61024e-05
4.50591e-05
4.42322e-05
4.37449e-05
4.35887e-05
4.36768e-05
4.37034e-05
4.19626e-05
3.67263e-05
2.91198e-05
2.10729e-05
1.69069e-05
1.54802e-05
4.1262e-05
0.000207145
0.000203659
0.000200245
0.000196827
0.000193395
0.000189956
0.000186511
0.00018306
0.000179605
0.000176151
0.000172701
0.000169258
0.000165822
0.000162391
0.000158965
0.000155543
0.000152125
0.000148713
0.000145309
0.000141916
0.000138538
0.000135177
0.00013184
0.000128533
0.000125262
0.000122037
0.000118866
0.000115759
0.000112724
0.00010977
0.000106904
0.000104129
0.00010145
9.88679e-05
9.63828e-05
9.3994e-05
9.17001e-05
8.94989e-05
8.73877e-05
8.53639e-05
8.34251e-05
8.15689e-05
7.97923e-05
7.80909e-05
7.64608e-05
7.49016e-05
7.34155e-05
7.20027e-05
7.06549e-05
6.93546e-05
6.80889e-05
6.68612e-05
6.56962e-05
6.46299e-05
6.36534e-05
6.27651e-05
6.18816e-05
6.08932e-05
5.97788e-05
5.8563e-05
5.73294e-05
5.63134e-05
5.56785e-05
5.5441e-05
5.55236e-05
5.56145e-05
5.39371e-05
4.82941e-05
3.93732e-05
2.87067e-05
2.1911e-05
2.04093e-05
4.78359e-05
0.000242986
0.000238979
0.000235058
0.000231138
0.000227204
0.000223262
0.000219315
0.000215361
0.000211402
0.000207444
0.000203492
0.000199548
0.000195613
0.000191686
0.000187765
0.000183851
0.000179944
0.000176045
0.000172158
0.000168285
0.000164431
0.0001606
0.000156797
0.000153029
0.000149303
0.00014563
0.000142019
0.00013848
0.000135022
0.000131655
0.000128386
0.000125221
0.000122163
0.000119215
0.000116376
0.000113646
0.000111023
0.000108505
0.000106088
0.00010377
0.000101548
9.94197e-05
9.73806e-05
9.54266e-05
9.3553e-05
9.17586e-05
9.0046e-05
8.84161e-05
8.68612e-05
8.53631e-05
8.39059e-05
8.24901e-05
8.11401e-05
7.98968e-05
7.87573e-05
7.77225e-05
7.671e-05
7.55962e-05
7.43475e-05
7.29801e-05
7.15782e-05
7.03965e-05
6.9631e-05
6.93224e-05
6.94086e-05
6.95943e-05
6.81551e-05
6.23356e-05
5.22528e-05
3.89311e-05
2.85719e-05
2.60115e-05
5.32653e-05
0.000282843
0.000278229
0.000273711
0.0002692
0.000264676
0.000260145
0.000255609
0.000251067
0.000246522
0.000241979
0.000237445
0.000232922
0.000228412
0.000223915
0.000219429
0.000214955
0.000210493
0.000206046
0.000201616
0.000197207
0.000192825
0.000188473
0.000184158
0.000179887
0.000175668
0.000171512
0.000167427
0.000163427
0.00015952
0.000155716
0.000152025
0.000148451
0.000145
0.000141673
0.00013847
0.000135391
0.000132433
0.000129593
0.000126868
0.000124254
0.000121749
0.000119348
0.000117047
0.000114843
0.000112728
0.000110702
0.000108766
0.000106923
0.000105166
0.000103475
0.000101832
0.000100237
9.87104e-05
9.72984e-05
9.60065e-05
9.48283e-05
9.36933e-05
9.24664e-05
9.11038e-05
8.96134e-05
8.80774e-05
8.67697e-05
8.59145e-05
8.558e-05
8.57373e-05
8.61799e-05
8.54421e-05
7.99005e-05
6.84192e-05
5.23437e-05
3.74294e-05
3.25818e-05
5.85011e-05
0.000327712
0.000322391
0.00031717
0.000311961
0.000306742
0.000301516
0.000296287
0.000291055
0.000285821
0.000280593
0.000275376
0.000270177
0.000264996
0.000259835
0.000254693
0.00024957
0.000244468
0.000239388
0.000234336
0.000229315
0.000224331
0.000219389
0.000214496
0.000209659
0.000204889
0.000200194
0.000195586
0.000191077
0.000186678
0.000182401
0.000178252
0.00017424
0.000170369
0.000166641
0.000163055
0.000159611
0.000156305
0.000153133
0.000150093
0.000147178
0.000144386
0.000141711
0.00013915
0.000136697
0.000134346
0.000132093
0.000129941
0.000127892
0.00012594
0.000124067
0.000122252
0.00012049
0.000118804
0.00011724
0.000115814
0.000114512
0.000113281
0.000111975
0.000110544
0.000108985
0.000107375
0.00010601
0.000105149
0.000104911
0.000105361
0.000106565
0.000107319
0.000102402
8.92404e-05
6.97775e-05
4.94998e-05
4.05511e-05
6.36512e-05
0.000378806
0.000372667
0.000366623
0.000360595
0.000354559
0.000348518
0.000342477
0.000336435
0.000330395
0.000324363
0.000318348
0.000312356
0.000306391
0.000300454
0.000294546
0.000288668
0.00028282
0.000277008
0.000271234
0.000265505
0.000259827
0.000254207
0.000248651
0.000243168
0.000237768
0.000232462
0.000227263
0.000222182
0.000217233
0.000212426
0.000207773
0.000203279
0.00019895
0.000194788
0.000190791
0.000186959
0.000183287
0.00017977
0.000176404
0.000173182
0.0001701
0.000167153
0.000164335
0.00016164
0.00015906
0.000156592
0.000154238
0.000152
0.000149875
0.000147843
0.000145882
0.000143985
0.000142173
0.000140495
0.000138977
0.000137608
0.000136357
0.000135073
0.000133691
0.000132192
0.000130637
0.000129354
0.000128679
0.000128854
0.000130167
0.000132856
0.000134985
0.000130478
0.000115928
9.20198e-05
6.5988e-05
5.10655e-05
6.92689e-05
0.00043758
0.000430501
0.000423503
0.000416522
0.000409536
0.000402548
0.000395562
0.000388578
0.0003816
0.000374634
0.00036769
0.000360778
0.000353901
0.000347062
0.000340264
0.000333508
0.000326797
0.000320134
0.000313526
0.000306979
0.0003005
0.000294097
0.000287778
0.000281552
0.000275432
0.000269428
0.000263555
0.000257826
0.000252256
0.000246858
0.000241641
0.000236616
0.000231786
0.000227154
0.000222719
0.000218477
0.000214424
0.000210554
0.000206861
0.000203336
0.000199974
0.000196769
0.000193715
0.000190804
0.000188029
0.000185383
0.000182869
0.000180492
0.000178249
0.000176123
0.000174091
0.000172139
0.000170286
0.00016859
0.000167096
0.00016581
0.00016475
0.000163745
0.000162699
0.00016155
0.000160313
0.000159375
0.000159185
0.000160068
0.00016228
0.000165913
0.000168699
0.0001643
0.000148458
0.000120268
8.8148e-05
6.52579e-05
7.63254e-05
0.000513933
0.000505759
0.000497608
0.000489515
0.000481439
0.000473361
0.000465284
0.000457212
0.000449145
0.000441088
0.000433048
0.000425037
0.000417065
0.000409139
0.000401264
0.000393443
0.000385678
0.000377974
0.000370336
0.000362771
0.000355287
0.000347891
0.000340594
0.000333405
0.000326335
0.000319397
0.000312604
0.000305972
0.000299518
0.000293257
0.000287205
0.000281374
0.000275776
0.000270415
0.000265294
0.000260412
0.000255764
0.000251344
0.000247146
0.000243161
0.00023938
0.000235795
0.0002324
0.000229187
0.000226149
0.000223276
0.000220561
0.000218005
0.000215618
0.000213402
0.000211342
0.000209407
0.000207572
0.00020585
0.000204315
0.000203032
0.000202022
0.000201318
0.000200692
0.000199997
0.000199148
0.000198158
0.00019746
0.000197568
0.00019884
0.000201511
0.000205562
0.000208498
0.000203819
0.000186639
0.000155069
0.000116669
8.43961e-05
8.58229e-05
0.000594755
0.000585368
0.000576002
0.000566669
0.000557352
0.000548035
0.000538722
0.000529417
0.000520123
0.000510843
0.000501585
0.000492363
0.00048319
0.000474074
0.000465023
0.000456042
0.000447136
0.000438309
0.000429568
0.000420923
0.000412382
0.000403957
0.000395656
0.000387494
0.000379482
0.000371636
0.000363972
0.000356509
0.000349267
0.000342266
0.000335524
0.000329059
0.000322882
0.000317002
0.000311422
0.00030614
0.00030115
0.000296446
0.000292015
0.000287847
0.00028393
0.000280252
0.0002768
0.000273563
0.000270527
0.000267676
0.000264996
0.000262484
0.000260147
0.000257989
0.000255992
0.000254117
0.000252336
0.000250659
0.000249179
0.000247976
0.000247072
0.000246507
0.000246033
0.000245481
0.000244754
0.000243867
0.000243276
0.000243526
0.000244987
0.000247863
0.00025203
0.000254809
0.000249491
0.000230687
0.000196
0.000150908
0.000109335
9.92425e-05
0.000689484
0.000678749
0.000668016
0.000657299
0.000646595
0.000635894
0.0006252
0.000614518
0.000603851
0.000593204
0.000582586
0.000572012
0.000561497
0.000551054
0.000540691
0.000530417
0.000520238
0.000510163
0.000500199
0.000490357
0.000480649
0.000471088
0.000461688
0.000452462
0.000443428
0.000434604
0.00042601
0.000417672
0.000409612
0.000401857
0.00039443
0.000387353
0.000380641
0.000374301
0.000368335
0.000362735
0.000357488
0.000352575
0.000347975
0.000343664
0.000339619
0.000335821
0.000332251
0.000328896
0.00032574
0.000322768
0.000319966
0.000317332
0.000314877
0.00031261
0.000310511
0.000308538
0.00030666
0.00030489
0.000303332
0.000302079
0.000301167
0.000300582
0.00030011
0.000299563
0.000298837
0.000297952
0.000297368
0.000297656
0.000299183
0.000302107
0.000306187
0.000308504
0.000302251
0.00028139
0.000243255
0.000191705
0.000141108
0.000117578
0.000800804
0.000788548
0.000776304
0.000764068
0.000751841
0.000739618
0.000727404
0.000715207
0.000703031
0.00069088
0.000678766
0.000666706
0.000654716
0.000642813
0.000631009
0.000619316
0.000607744
0.000596302
0.000585001
0.000573856
0.000562881
0.000552092
0.000541505
0.00053114
0.000521017
0.00051116
0.000501594
0.000492348
0.000483452
0.000474935
0.000466825
0.00045914
0.000451893
0.000445081
0.000438695
0.000432713
0.00042711
0.000421855
0.00041692
0.000412278
0.000407904
0.000403776
0.00039988
0.000396203
0.000392732
0.000389453
0.000386353
0.000383432
0.000380706
0.000378184
0.000375847
0.000373649
0.000371555
0.000369581
0.000367842
0.00036644
0.000365439
0.000364728
0.00036416
0.000363527
0.000362721
0.000361783
0.00036112
0.000361354
0.00036284
0.000365672
0.000369466
0.000371033
0.000363497
0.00034002
0.000297732
0.000239781
0.000179799
0.000142191
0.000931574
0.000917682
0.000903808
0.000889936
0.000876069
0.000862205
0.00084835
0.000834514
0.000820704
0.000806926
0.000793193
0.000779523
0.000765936
0.000752451
0.000739086
0.000725855
0.000712773
0.000699852
0.000687107
0.000674554
0.000662212
0.000650099
0.000638238
0.000626649
0.000615358
0.000604392
0.000593781
0.000583555
0.000573746
0.000564382
0.000555486
0.000547071
0.000539138
0.000531675
0.000524663
0.000518072
0.000511872
0.000506031
0.000500519
0.000495311
0.000490383
0.000485716
0.000481295
0.000477112
0.000473155
0.000469408
0.000465859
0.000462511
0.00045938
0.000456479
0.000453788
0.000451255
0.000448842
0.000446567
0.000444557
0.000442923
0.000441735
0.000440845
0.000440108
0.000439322
0.000438383
0.000437344
0.000436512
0.000436592
0.000437912
0.000440481
0.000443739
0.00044423
0.000435003
0.000408236
0.000360835
0.000295712
0.000225011
0.000173351
0.00108484
0.00106925
0.00105367
0.00103808
0.00102249
0.0010069
0.000991312
0.000975742
0.000960199
0.000944692
0.000929236
0.00091385
0.000898557
0.000883381
0.000868342
0.000853461
0.000838755
0.000824241
0.000809937
0.000795863
0.000782039
0.000768488
0.000755234
0.000742301
0.000729717
0.00071751
0.000705711
0.000694349
0.000683453
0.000673048
0.00066315
0.000653767
0.000644893
0.000636513
0.000628604
0.000621136
0.000614079
0.000607401
0.000601077
0.000595082
0.000589392
0.000583991
0.000578865
0.000574005
0.0005694
0.000565035
0.000560896
0.000556986
0.000553325
0.000549927
0.000546769
0.000543794
0.000540962
0.000538291
0.00053592
0.000533969
0.000532514
0.000531427
0.000530441
0.000529438
0.000528339
0.000527079
0.000525996
0.000525797
0.000526786
0.000528864
0.000531275
0.00053036
0.000518955
0.000488036
0.000434319
0.000360702
0.000277871
0.000211532
0.00126362
0.00124635
0.00122906
0.00121175
0.00119442
0.00117706
0.0011597
0.00114235
0.00112502
0.00110772
0.00109047
0.00107329
0.00105621
0.00103926
0.00102245
0.00100582
0.000989378
0.000973157
0.000957174
0.000941451
0.000926012
0.00091088
0.000896082
0.000881643
0.000867591
0.000853954
0.000840761
0.00082804
0.000815817
0.000804113
0.000792941
0.000782308
0.000772207
0.000762625
0.00075354
0.000744926
0.000736754
0.000728998
0.000721631
0.00071463
0.000707974
0.000701646
0.000695631
0.000689922
0.000684508
0.000679369
0.000674492
0.000669882
0.000665559
0.000661538
0.000657793
0.000654262
0.000650903
0.000647734
0.000644905
0.000642541
0.000640728
0.000639371
0.00063814
0.000636879
0.000635473
0.000633881
0.000632527
0.00063184
0.00063227
0.000633564
0.000634768
0.000632376
0.000617888
0.000581706
0.000520193
0.00043632
0.000340047
0.000257277
0.00147064
0.00145181
0.00143292
0.00141397
0.00139497
0.00137592
0.00135684
0.00133774
0.00131864
0.00129956
0.00128051
0.00126152
0.00124263
0.00122385
0.00120522
0.00118676
0.00116851
0.00115049
0.00113273
0.00111524
0.00109805
0.00108119
0.00106469
0.00104856
0.00103285
0.00101758
0.00100276
0.000988443
0.000974635
0.000961362
0.000948638
0.00093647
0.000924856
0.000913788
0.000903249
0.000893219
0.000883673
0.000874587
0.000865939
0.000857707
0.000849868
0.000842406
0.000835307
0.000828563
0.000822159
0.000816076
0.000810301
0.000804835
0.000799702
0.000794917
0.000790451
0.000786236
0.000782226
0.000778441
0.000775034
0.00077215
0.000769873
0.000768109
0.000766532
0.000764908
0.000763098
0.000761082
0.000759292
0.000758005
0.000757648
0.000757834
0.000757465
0.000753483
0.000734687
0.000691793
0.000620662
0.000524383
0.000412731
0.000311185
0.00170778
0.00168769
0.00166747
0.00164713
0.0016267
0.00160616
0.00158554
0.00156486
0.00154414
0.00152341
0.00150268
0.00148197
0.00146133
0.00144079
0.00142036
0.00140011
0.00138004
0.00136019
0.0013406
0.00132127
0.00130226
0.00128357
0.00126524
0.0012473
0.00122977
0.00121268
0.00119606
0.00117993
0.00116432
0.00114924
0.00113472
0.00112076
0.00110737
0.00109454
0.00108228
0.00107057
0.00105938
0.00104871
0.00103852
0.00102881
0.00101955
0.00101073
0.00100233
0.000994337
0.000986741
0.000979523
0.000972662
0.000966163
0.000960049
0.000954336
0.000948992
0.000943943
0.000939136
0.000934586
0.000930471
0.000926933
0.000924063
0.000921762
0.000919682
0.00091756
0.000915231
0.000912661
0.000910281
0.000908406
0.000906933
0.00090569
0.000903506
0.000896449
0.000872187
0.00082085
0.000738024
0.000626862
0.000497195
0.000373896
0.00197563
0.00195475
0.00193366
0.00191238
0.00189093
0.0018693
0.00184753
0.00182563
0.00180363
0.00178155
0.00175942
0.00173727
0.00171513
0.00169303
0.00167101
0.00164911
0.00162736
0.00160581
0.00158447
0.00156338
0.00154258
0.00152208
0.00150193
0.00148214
0.00146275
0.00144378
0.00142527
0.00140723
0.00138969
0.00137266
0.00135618
0.00134026
0.0013249
0.00131012
0.00129591
0.00128227
0.0012692
0.00125669
0.00124471
0.00123327
0.00122234
0.0012119
0.00120195
0.00119247
0.00118346
0.00117488
0.00116671
0.00115897
0.00115168
0.00114485
0.00113844
0.00113238
0.00112659
0.00112111
0.00111612
0.00111177
0.00110816
0.00110516
0.00110242
0.00109964
0.00109663
0.00109333
0.00109013
0.00108743
0.00108501
0.00108229
0.00107761
0.00106551
0.00103385
0.000971941
0.000874955
0.000745953
0.000594914
0.00044502
0.00227299
0.00225198
0.00223066
0.00220908
0.00218722
0.00216512
0.00214277
0.00212021
0.00209747
0.00207458
0.00205156
0.00202844
0.00200525
0.00198203
0.00195882
0.00193566
0.0019126
0.00188966
0.00186688
0.00184431
0.00182196
0.00179988
0.00177809
0.00175664
0.00173554
0.00171483
0.00169453
0.00167467
0.00165527
0.00163636
0.00161795
0.00160007
0.00158273
0.00156594
0.00154972
0.00153406
0.00151897
0.00150445
0.00149051
0.00147712
0.0014643
0.00145202
0.00144028
0.00142908
0.0014184
0.00140822
0.00139851
0.0013893
0.0013806
0.00137242
0.00136473
0.00135743
0.00135046
0.00134385
0.00133779
0.00133244
0.0013279
0.00132402
0.00132043
0.00131679
0.00131289
0.0013086
0.00130426
0.00130018
0.00129607
0.00129088
0.00128209
0.00126381
0.00122302
0.00114828
0.00103439
0.000884192
0.000707911
0.000527008
0.00259684
0.00257647
0.00255571
0.00253458
0.00251308
0.00249124
0.00246907
0.00244658
0.00242382
0.00240082
0.0023776
0.00235419
0.00233062
0.00230693
0.00228315
0.00225934
0.00223553
0.00221177
0.0021881
0.00216455
0.00214116
0.00211796
0.002095
0.0020723
0.0020499
0.00202783
0.00200612
0.0019848
0.00196389
0.00194341
0.00192339
0.00190385
0.0018848
0.00186626
0.00184824
0.00183075
0.0018138
0.0017974
0.00178156
0.00176627
0.00175155
0.00173738
0.00172377
0.00171072
0.00169824
0.00168629
0.00167487
0.00166399
0.00165368
0.00164394
0.00163474
0.00162598
0.00161761
0.00160966
0.00160232
0.00159576
0.00159007
0.00158509
0.00158041
0.00157568
0.0015706
0.00156497
0.00155903
0.00155291
0.00154605
0.00153679
0.0015225
0.00149617
0.00144406
0.00135391
0.00121998
0.00104487
0.000838762
0.000622486
0.00294282
0.0029239
0.00290449
0.00288462
0.00286429
0.00284352
0.00282231
0.0028007
0.00277871
0.00275638
0.00273374
0.00271082
0.00268764
0.00266423
0.00264065
0.00261692
0.00259311
0.00256925
0.00254538
0.00252155
0.00249779
0.00247414
0.00245064
0.00242734
0.00240425
0.00238144
0.00235891
0.00233671
0.00231486
0.00229338
0.00227231
0.00225166
0.00223145
0.00221169
0.00219241
0.00217362
0.00215532
0.00213753
0.00212026
0.00210351
0.00208729
0.0020716
0.00205645
0.00204185
0.0020278
0.00201428
0.00200129
0.00198886
0.001977
0.00196572
0.001955
0.00194476
0.00193494
0.00192558
0.00191688
0.001909
0.00190201
0.00189578
0.00188984
0.00188377
0.0018772
0.0018698
0.00186165
0.00185263
0.00184182
0.00182687
0.0018049
0.00176827
0.00170238
0.0015943
0.00143746
0.00123327
0.000991233
0.000733588
0.00330567
0.00328899
0.00327173
0.00325391
0.00323554
0.00321662
0.00319717
0.00317721
0.00315677
0.0031359
0.00311461
0.00309294
0.00307091
0.00304856
0.00302593
0.00300305
0.00297998
0.00295677
0.00293344
0.00291006
0.00288665
0.00286327
0.00283994
0.00281673
0.00279365
0.00277076
0.00274808
0.00272566
0.00270353
0.0026817
0.00266022
0.00263909
0.00261836
0.00259802
0.00257811
0.00255864
0.00253963
0.00252107
0.002503
0.0024854
0.0024683
0.0024517
0.0024356
0.00242002
0.00240496
0.00239041
0.00237638
0.00236288
0.00234991
0.00233752
0.0023257
0.00231435
0.00230345
0.00229303
0.0022833
0.0022744
0.00226645
0.00225927
0.00225235
0.00224517
0.00223723
0.00222803
0.00221741
0.00220491
0.00218911
0.00216673
0.00213497
0.00208603
0.00200452
0.00187684
0.00169493
0.00145787
0.00117107
0.000863543
0.00367945
0.00366584
0.00365154
0.00363657
0.00362093
0.00360464
0.0035877
0.00357014
0.003552
0.00353331
0.0035141
0.00349441
0.00347425
0.00345366
0.00343268
0.00341135
0.00338972
0.00336783
0.00334574
0.00332348
0.00330109
0.00327863
0.00325613
0.00323365
0.00321122
0.00318888
0.00316667
0.00314464
0.00312282
0.00310123
0.00307991
0.00305889
0.0030382
0.00301784
0.00299785
0.00297825
0.00295905
0.00294026
0.00292189
0.00290397
0.00288649
0.00286946
0.00285289
0.0028368
0.00282119
0.00280607
0.00279141
0.0027772
0.00276352
0.0027504
0.00273783
0.00272575
0.00271413
0.00270303
0.00269261
0.00268313
0.00267465
0.00266699
0.00265958
0.00265181
0.00264302
0.0026325
0.00261977
0.00260396
0.0025831
0.00255325
0.00251124
0.00244906
0.00235042
0.00220066
0.00199021
0.00171662
0.00138417
0.00101675
0.00405723
0.00404761
0.00403716
0.0040259
0.00401384
0.004001
0.00398737
0.00397299
0.0039579
0.00394214
0.00392574
0.00390873
0.00389114
0.003873
0.00385434
0.00383522
0.00381567
0.00379576
0.00377551
0.00375499
0.00373423
0.00371329
0.0036922
0.00367101
0.00364978
0.00362854
0.00360734
0.00358622
0.00356522
0.00354437
0.00352371
0.00350326
0.00348306
0.00346313
0.0034435
0.00342419
0.00340521
0.00338657
0.0033683
0.00335041
0.0033329
0.00331578
0.00329906
0.00328277
0.0032669
0.00325145
0.00323637
0.00322171
0.00320753
0.00319389
0.00318078
0.00316818
0.00315607
0.00314445
0.00313365
0.00312383
0.00311509
0.0031072
0.00309953
0.00309137
0.0030819
0.00307014
0.00305526
0.00303595
0.00300971
0.00297228
0.00291941
0.0028437
0.00272723
0.00255448
0.00231453
0.00200333
0.00162439
0.00119662
0.00443036
0.00442584
0.00442031
0.00441379
0.0044063
0.00439786
0.00438848
0.00437818
0.00436702
0.00435503
0.00434225
0.00432872
0.00431447
0.00429951
0.00428391
0.00426769
0.00425092
0.00423364
0.0042159
0.00419774
0.00417922
0.00416038
0.00414127
0.00412195
0.00410245
0.00408284
0.00406314
0.00404342
0.00402371
0.00400405
0.00398448
0.00396503
0.00394573
0.00392662
0.00390771
0.00388904
0.00387061
0.00385245
0.00383458
0.003817
0.00379972
0.00378276
0.00376612
0.00374983
0.00373391
0.00371825
0.00370294
0.00368798
0.00367346
0.00365945
0.00364598
0.00363304
0.00362054
0.0036087
0.00359773
0.00358782
0.00357901
0.00357103
0.00356318
0.00355461
0.00354431
0.00353105
0.00351362
0.00349023
0.00345773
0.00341206
0.00334866
0.00325852
0.00312439
0.00292927
0.0026608
0.00231287
0.00188744
0.00139923
0.00478762
0.00478958
0.00479028
0.00478978
0.0047881
0.00478525
0.00478126
0.00477616
0.00477
0.00476282
0.00475467
0.00474559
0.0047356
0.00472475
0.00471307
0.00470062
0.00468744
0.00467358
0.00465911
0.00464406
0.00462849
0.00461244
0.00459598
0.00457916
0.00456202
0.00454461
0.004527
0.00450922
0.00449133
0.00447336
0.00445536
0.00443735
0.00441939
0.0044015
0.00438372
0.00436604
0.00434852
0.00433115
0.00431397
0.00429698
0.0042802
0.00426363
0.0042473
0.00423124
0.00421535
0.00419971
0.00418431
0.00416923
0.00415456
0.00414038
0.00412674
0.00411359
0.00410106
0.00408924
0.00407839
0.00406864
0.00405996
0.004052
0.00404396
0.00403485
0.00402345
0.00400828
0.00398775
0.0039597
0.00392064
0.00386634
0.00379178
0.00368729
0.00353564
0.00331918
0.00302385
0.00264102
0.00217023
0.00162158
0.00511428
0.00512445
0.00513306
0.00514018
0.00514584
0.00515009
0.00515293
0.00515443
0.00515462
0.00515357
0.00515131
0.0051479
0.00514338
0.00513777
0.00513113
0.00512351
0.00511496
0.00510555
0.00509531
0.00508431
0.00507259
0.00506022
0.00504725
0.00503374
0.00501974
0.0050053
0.00499049
0.00497535
0.00495993
0.00494428
0.00492845
0.00491247
0.00489639
0.00488025
0.00486405
0.00484785
0.00483166
0.00481549
0.00479938
0.00478334
0.00476737
0.00475151
0.00473578
0.00472012
0.00470457
0.00468915
0.00467394
0.00465899
0.00464443
0.00463036
0.00461678
0.00460383
0.00459158
0.00458019
0.0045698
0.0045605
0.00455216
0.00454431
0.00453606
0.00452623
0.00451342
0.00449589
0.00447176
0.00443851
0.00439231
0.00432916
0.00424336
0.00412479
0.00395638
0.00371999
0.00339981
0.00298428
0.00247005
0.00186182
0.00539111
0.00541165
0.00543025
0.005447
0.00546196
0.00547517
0.00548667
0.00549652
0.00550477
0.00551149
0.00551674
0.00552056
0.005523
0.0055241
0.00552392
0.0055225
0.00551992
0.00551622
0.00551147
0.00550573
0.00549904
0.00549148
0.00548309
0.00547394
0.00546409
0.0054536
0.00544253
0.00543093
0.00541886
0.00540636
0.0053935
0.00538031
0.00536684
0.00535311
0.00533917
0.00532504
0.00531076
0.00529634
0.00528182
0.0052672
0.00525252
0.0052378
0.005223
0.00520815
0.0051933
0.00517851
0.00516386
0.00514945
0.0051354
0.00512177
0.00510875
0.00509647
0.00508501
0.00507449
0.00506497
0.00505645
0.00504867
0.00504105
0.00503254
0.00502184
0.00500736
0.00498718
0.00495916
0.00492038
0.00486725
0.00479534
0.00469868
0.00456673
0.00438267
0.00412824
0.00378545
0.0033398
0.00278451
0.0021182
0.00559318
0.00562677
0.00565796
0.00568684
0.00571351
0.00573803
0.00576046
0.00578087
0.00579933
0.0058159
0.00583066
0.00584366
0.00585496
0.00586461
0.00587267
0.00587921
0.00588427
0.00588794
0.00589026
0.00589131
0.00589115
0.00588983
0.00588743
0.005884
0.00587961
0.00587432
0.00586821
0.00586132
0.00585372
0.00584546
0.0058366
0.00582719
0.00581727
0.00580687
0.00579604
0.00578481
0.00577322
0.00576128
0.00574904
0.00573652
0.00572376
0.00571074
0.00569745
0.00568397
0.00567039
0.0056568
0.0056433
0.00562999
0.00561697
0.00560436
0.0055925
0.0055815
0.00557143
0.00556238
0.00555424
0.00554687
0.0055399
0.00553262
0.00552387
0.00551225
0.00549606
0.00547325
0.00544148
0.00539767
0.00533821
0.00525839
0.005152
0.00500813
0.0048106
0.00454046
0.00417774
0.00370503
0.00311145
0.00238896
0.00568843
0.00573837
0.00578534
0.00582947
0.00587086
0.00590961
0.00594579
0.0059795
0.00601082
0.00603983
0.00606661
0.00609124
0.00611377
0.00613427
0.00615282
0.00616947
0.00618431
0.00619739
0.00620879
0.00621857
0.00622681
0.00623357
0.00623891
0.00624291
0.00624564
0.00624717
0.00624756
0.00624688
0.00624519
0.00624255
0.00623903
0.00623467
0.00622951
0.00622361
0.00621701
0.00620974
0.00620185
0.00619338
0.00618435
0.00617483
0.00616482
0.00615429
0.00614334
0.00613206
0.00612058
0.006109
0.00609743
0.00608593
0.00607479
0.00606427
0.00605452
0.00604563
0.00603765
0.00603057
0.00602421
0.00601831
0.00601238
0.0060056
0.00599677
0.00598444
0.00596686
0.00594193
0.00590716
0.00585959
0.00579539
0.00570955
0.0055956
0.00544255
0.00523476
0.00495236
0.00457331
0.00407727
0.00344877
0.00267239
0.0056361
0.0057064
0.00577306
0.00583622
0.00589601
0.00595256
0.00600598
0.00605636
0.00610383
0.00614848
0.00619039
0.00622966
0.00626636
0.00630058
0.00633239
0.00636188
0.00638911
0.00641417
0.00643713
0.00645806
0.00647705
0.00649416
0.00650947
0.00652305
0.00653497
0.00654532
0.00655415
0.00656155
0.00656759
0.00657232
0.00657581
0.00657811
0.00657927
0.00657935
0.0065784
0.00657648
0.00657362
0.00656988
0.00656531
0.00655997
0.0065538
0.00654692
0.00653945
0.0065315
0.00652322
0.00651468
0.00650611
0.00649766
0.00648962
0.00648218
0.00647548
0.00646956
0.00646438
0.00645988
0.0064558
0.00645178
0.00644727
0.0064414
0.00643301
0.00642067
0.00640269
0.00637698
0.00634104
0.00629193
0.0062257
0.00613711
0.00601933
0.00586162
0.00564824
0.00535846
0.004968
0.00445344
0.00379422
0.00296673
0.00538538
0.00548077
0.00557173
0.00565843
0.00574103
0.00581967
0.00589451
0.00596567
0.00603327
0.00609743
0.00615826
0.00621586
0.00627033
0.00632176
0.00637025
0.00641588
0.00645875
0.00649894
0.00653652
0.00657159
0.00660423
0.0066345
0.00666251
0.00668832
0.00671201
0.00673367
0.00675337
0.00677118
0.00678719
0.00680147
0.00681406
0.00682503
0.00683447
0.00684242
0.00684895
0.00685412
0.00685799
0.00686064
0.00686214
0.00686246
0.00686171
0.00686002
0.00685754
0.00685437
0.00685072
0.00684675
0.00684264
0.00683862
0.00683492
0.0068317
0.00682905
0.00682697
0.00682541
0.00682416
0.00682298
0.00682148
0.0068191
0.00681505
0.00680826
0.00679744
0.00678103
0.00675706
0.00672309
0.00667622
0.00661244
0.00652632
0.00641025
0.00625434
0.00604206
0.00575172
0.00535645
0.00482978
0.00414522
0.00327015
0.00223855
0.00103731
0.00487556
0.00500118
0.00512152
0.00523679
0.00534716
0.00545278
0.00555386
0.00565052
0.00574291
0.00583114
0.00591534
0.00599563
0.00607214
0.00614496
0.00621421
0.00627999
0.00634238
0.00640149
0.00645741
0.00651022
0.00656002
0.00660689
0.00665091
0.00669218
0.00673078
0.0067668
0.00680031
0.0068314
0.00686016
0.00688664
0.00691092
0.00693309
0.00695323
0.00697142
0.00698772
0.00700223
0.00701502
0.00702618
0.00703575
0.0070438
0.00705051
0.00705598
0.00706042
0.00706398
0.00706683
0.00706915
0.00707117
0.00707309
0.00707508
0.00707727
0.00707973
0.00708246
0.00708535
0.00708824
0.00709092
0.00709306
0.0070942
0.00709371
0.00709073
0.00708419
0.00707275
0.00705461
0.0070276
0.0069888
0.00693415
0.00685778
0.00675215
0.00660689
0.00640491
0.00612314
0.00573205
0.00520167
0.00449873
0.00358057
0.00247526
0.00110036
0.00404237
0.00420224
0.00435629
0.00450465
0.00464743
0.0047848
0.00491693
0.00504396
0.005166
0.00528316
0.00539556
0.00550333
0.0056066
0.00570549
0.00580011
0.00589057
0.00597695
0.00605937
0.0061379
0.00621265
0.00628372
0.00635119
0.00641515
0.0064757
0.00653293
0.00658692
0.00663777
0.00668557
0.00673039
0.00677231
0.00681144
0.00684789
0.00688173
0.00691308
0.00694202
0.00696866
0.0069931
0.00701542
0.00703571
0.00705415
0.00707086
0.00708601
0.00709976
0.00711227
0.00712373
0.00713432
0.00714425
0.00715369
0.00716278
0.00717165
0.00718039
0.00718904
0.0071976
0.007206
0.00721417
0.00722193
0.00722904
0.00723513
0.00723967
0.00724191
0.00724082
0.00723491
0.00722221
0.0071999
0.00716386
0.00710781
0.00702427
0.00690174
0.0067225
0.00646149
0.00608673
0.00556341
0.00485098
0.00389552
0.00271968
0.00116038
0.00285181
0.00304166
0.00322716
0.00340791
0.0035836
0.00375411
0.0039194
0.00407946
0.00423424
0.00438378
0.0045281
0.0046673
0.00480144
0.00493063
0.00505494
0.00517446
0.00528924
0.00539938
0.00550494
0.00560602
0.0057027
0.00579507
0.00588321
0.00596722
0.00604719
0.0061232
0.00619535
0.00626372
0.00632841
0.00638953
0.0064472
0.00650154
0.00655266
0.00660068
0.00664571
0.00668786
0.00672726
0.00676403
0.00679832
0.00683027
0.00686
0.00688765
0.00691337
0.00693732
0.00695965
0.00698056
0.00700021
0.00701879
0.00703648
0.00705348
0.00706999
0.00708619
0.00710227
0.00711842
0.00713477
0.00715146
0.00716856
0.00718609
0.00720393
0.00722177
0.00723899
0.0072545
0.00726658
0.00727255
0.00726817
0.00724722
0.00720108
0.00711728
0.006977
0.0067528
0.00641006
0.00590777
0.00519734
0.00421209
0.00296987
0.00121594
0.00150091
0.00167196
0.00184765
0.0020266
0.00220734
0.00238867
0.00256971
0.00274949
0.00292716
0.00310197
0.00327331
0.00344077
0.00360405
0.00376293
0.00391724
0.00406684
0.00421164
0.00435158
0.00448662
0.00461676
0.00474204
0.00486248
0.00497814
0.00508906
0.00519531
0.00529694
0.00539403
0.00548667
0.00557498
0.00565908
0.00573908
0.00581512
0.00588732
0.00595579
0.00602066
0.00608203
0.00614012
0.00619502
0.00624683
0.0062956
0.00634145
0.00638448
0.00642482
0.0064626
0.00649793
0.00653104
0.00656214
0.00659153
0.00661951
0.00664647
0.00667281
0.006699
0.00672555
0.00675298
0.00678181
0.00681257
0.0068458
0.00688199
0.00692159
0.00696481
0.00701155
0.00706117
0.00711228
0.00716261
0.00720758
0.0072405
0.00725168
0.00722729
0.00714684
0.0069804
0.00668935
0.00622588
0.00553213
0.00452679
0.00322318
0.00126552
0.000557107
0.000648321
0.000748637
0.00085785
0.00097525
0.00110027
0.00123286
0.00137232
0.00151785
0.00166826
0.00182234
0.00197912
0.00213768
0.00229721
0.00245687
0.00261588
0.00277354
0.00292923
0.00308239
0.00323251
0.00337923
0.00352225
0.00366132
0.00379624
0.00392685
0.00405303
0.00417473
0.00429197
0.00440476
0.00451314
0.00461717
0.00471691
0.00481244
0.00490381
0.0049911
0.00507451
0.00515411
0.00522985
0.00530169
0.00536966
0.00543381
0.00549419
0.00555092
0.00560403
0.00565375
0.00570039
0.00574436
0.00578613
0.00582628
0.00586545
0.00590441
0.00594403
0.00598524
0.00602905
0.00607645
0.00612851
0.00618634
0.00625105
0.00632376
0.00640531
0.0064962
0.00659642
0.00670556
0.00682042
0.00693664
0.00704699
0.0071404
0.00720123
0.00720688
0.00712429
0.00690948
0.0065071
0.00584846
0.00483498
0.00346925
0.00131401
0.000151336
0.000187715
0.000228077
0.000272788
0.000322315
0.0003771
0.000437643
0.000504367
0.000577561
0.000657333
0.000743601
0.000836034
0.000934263
0.00103804
0.00114707
0.00126088
0.00137892
0.00150066
0.00162541
0.00175223
0.00188052
0.00200972
0.00213923
0.00226847
0.00239693
0.00252417
0.00264983
0.00277355
0.00289502
0.00301397
0.00313017
0.00324343
0.00335354
0.00346035
0.00356381
0.00366392
0.00376024
0.00385252
0.0039406
0.00402434
0.00410366
0.00417854
0.00424902
0.00431514
0.00437731
0.00443603
0.00449197
0.00454586
0.00459859
0.00465119
0.00470484
0.00476089
0.00482081
0.00488613
0.00495847
0.00503954
0.00513111
0.00523506
0.00535328
0.00548737
0.00563906
0.00580924
0.00599647
0.0061985
0.00641085
0.0066256
0.00683006
0.00700658
0.00712967
0.00716184
0.00705301
0.00673896
0.00613817
0.00513119
0.00370492
0.00136013
2.01203e-05
2.72037e-05
3.70205e-05
5.01734e-05
6.70545e-05
8.77067e-05
0.00011188
0.000139199
0.000169439
0.000202506
0.000238508
0.000277653
0.00032017
0.000366299
0.000416273
0.00047028
0.000528414
0.000590694
0.000657034
0.000727185
0.000800962
0.000878223
0.000958676
0.00104201
0.00112793
0.00121624
0.00130653
0.00139849
0.00149177
0.00158591
0.00168049
0.00177514
0.00186945
0.00196309
0.00205588
0.00214704
0.00223604
0.00232245
0.00240581
0.0024858
0.00256214
0.0026347
0.00270346
0.00276851
0.00283041
0.0028898
0.00294748
0.00300441
0.0030617
0.00312068
0.00318288
0.00325005
0.00332414
0.00340724
0.00350159
0.00360961
0.00373389
0.00387722
0.00404269
0.00423401
0.00445272
0.0047003
0.00497693
0.00528099
0.00560826
0.00595027
0.00629282
0.00661617
0.00688929
0.00707027
0.00710141
0.00690767
0.00639199
0.00540926
0.00392689
0.00140261
5.16659e-06
5.83163e-06
6.73091e-06
7.9552e-06
9.63222e-06
1.19384e-05
1.51124e-05
1.94645e-05
2.53752e-05
3.32748e-05
4.35717e-05
5.65707e-05
7.23883e-05
9.09289e-05
0.000111949
0.000135162
0.000160327
0.000187332
0.000216175
0.000246878
0.000279511
0.000314185
0.000350998
0.000390032
0.000431422
0.00047513
0.000521131
0.00056936
0.000619702
0.000671996
0.00072604
0.000781598
0.000838409
0.000896279
0.000954636
0.00101296
0.00107081
0.00112777
0.00118342
0.00123742
0.00128951
0.00133952
0.00138747
0.00143351
0.00147812
0.00152193
0.00156566
0.00161023
0.00165673
0.00170645
0.00176095
0.00182203
0.00189176
0.0019725
0.00206686
0.00217787
0.00230902
0.0024649
0.0026495
0.00286719
0.0031225
0.00341956
0.00376122
0.00414845
0.00457917
0.00504615
0.0055361
0.0060224
0.00647074
0.00683183
0.00703775
0.00699945
0.00659997
0.00566348
0.00413179
0.0014403
3.50515e-06
3.60549e-06
3.73481e-06
3.90138e-06
4.11601e-06
4.39277e-06
4.75028e-06
5.21334e-06
5.81527e-06
6.60105e-06
7.63119e-06
8.98666e-06
1.07743e-05
1.31324e-05
1.6235e-05
2.02928e-05
2.55451e-05
3.22409e-05
4.06168e-05
5.0845e-05
6.3001e-05
7.70515e-05
9.28748e-05
0.000110346
0.000129244
0.000149398
0.000170683
0.000193013
0.000216334
0.000240623
0.00026585
0.000291964
0.000318914
0.00034651
0.000374517
0.000402732
0.000430941
0.000458927
0.000486487
0.000513451
0.00053971
0.000565232
0.000590083
0.000614431
0.000638599
0.000663018
0.000688217
0.00071485
0.000743706
0.00077575
0.000812156
0.000854352
0.000904071
0.000963387
0.00103486
0.00112185
0.00122775
0.00135715
0.00151559
0.00170946
0.00194605
0.00223322
0.00257864
0.0029889
0.00346814
0.00401713
0.00462142
0.00525605
0.00588227
0.0064413
0.00685088
0.0070026
0.00675316
0.00588774
0.00431611
0.00147186
3.2321e-06
3.25044e-06
3.27381e-06
3.30352e-06
3.34122e-06
3.38893e-06
3.44916e-06
3.525e-06
3.62028e-06
3.73977e-06
3.88942e-06
4.07666e-06
4.31084e-06
4.60374e-06
4.97033e-06
5.42971e-06
6.00634e-06
6.73146e-06
7.64515e-06
8.79816e-06
1.02541e-05
1.20917e-05
1.4416e-05
1.7337e-05
2.09833e-05
2.54897e-05
3.09856e-05
3.75784e-05
4.53348e-05
5.42685e-05
6.43314e-05
7.541e-05
8.73121e-05
9.98011e-05
0.00011266
0.000125688
0.000138711
0.000151589
0.000164223
0.000176556
0.000188576
0.00020032
0.000211877
0.000223384
0.000235037
0.000247101
0.000259895
0.000273789
0.000289256
0.000306877
0.000327363
0.000351691
0.000380958
0.000416613
0.000460509
0.000515093
0.000583538
0.000670018
0.000780011
0.000920507
0.00110028
0.00133003
0.00162201
0.00198969
0.00244813
0.00300416
0.00365634
0.00438781
0.00516159
0.00591185
0.00653955
0.00691025
0.00684426
0.00607664
0.00447688
0.00149601
3.17865e-06
3.1826e-06
3.18745e-06
3.19345e-06
3.2009e-06
3.21019e-06
3.22178e-06
3.23622e-06
3.25421e-06
3.27659e-06
3.30434e-06
3.33866e-06
3.381e-06
3.43306e-06
3.49688e-06
3.57492e-06
3.67009e-06
3.78591e-06
3.92662e-06
4.09733e-06
4.30428e-06
4.55608e-06
4.8615e-06
5.2318e-06
5.68041e-06
6.22325e-06
6.87895e-06
7.66888e-06
8.61699e-06
9.74908e-06
1.10914e-05
1.26649e-05
1.44855e-05
1.65647e-05
1.89062e-05
2.15049e-05
2.43477e-05
2.74162e-05
3.06908e-05
3.41566e-05
3.78089e-05
4.16594e-05
4.5741e-05
5.01132e-05
5.48674e-05
6.01333e-05
6.60836e-05
7.29402e-05
8.09827e-05
9.05587e-05
0.000102102
0.000116151
0.000133353
0.000154508
0.00018063
0.000213099
0.000253872
0.000305816
0.000373123
0.000461767
0.000580058
0.000739174
0.000953945
0.0012429
0.00162608
0.00212411
0.0027512
0.00350748
0.00436957
0.0052756
0.00611525
0.00672139
0.00686864
0.00622597
0.00461117
0.00151168
3.16373e-06
3.16505e-06
3.16653e-06
3.16822e-06
3.17016e-06
3.17244e-06
3.17514e-06
3.17836e-06
3.18223e-06
3.18692e-06
3.19262e-06
3.19956e-06
3.20804e-06
3.21838e-06
3.23098e-06
3.24633e-06
3.26496e-06
3.28754e-06
3.31482e-06
3.34769e-06
3.38735e-06
3.43489e-06
3.49166e-06
3.55915e-06
3.63901e-06
3.73302e-06
3.84307e-06
3.97113e-06
4.11916e-06
4.28897e-06
4.48177e-06
4.69826e-06
4.9393e-06
5.20525e-06
5.49613e-06
5.81176e-06
6.15199e-06
6.51704e-06
6.90801e-06
7.32735e-06
7.77961e-06
8.27214e-06
8.81617e-06
9.42809e-06
1.01314e-05
1.09596e-05
1.19601e-05
1.32006e-05
1.4779e-05
1.68396e-05
1.9599e-05
2.33872e-05
2.87076e-05
3.63209e-05
4.73353e-05
6.32619e-05
8.59351e-05
0.000117301
0.000159401
0.000215065
0.000289434
0.000391785
0.000535512
0.000739712
0.00102912
0.00143321
0.00198136
0.0026948
0.00357435
0.0045791
0.00559933
0.0064417
0.00682513
0.00633322
0.00471576
0.00151761
3.1567e-06
3.15743e-06
3.15819e-06
3.159e-06
3.15985e-06
3.16077e-06
3.16176e-06
3.16285e-06
3.16406e-06
3.16542e-06
3.16696e-06
3.16873e-06
3.17078e-06
3.17319e-06
3.17602e-06
3.17938e-06
3.18339e-06
3.18817e-06
3.19388e-06
3.20075e-06
3.20896e-06
3.21877e-06
3.23043e-06
3.24422e-06
3.26045e-06
3.27943e-06
3.30144e-06
3.32678e-06
3.35565e-06
3.38821e-06
3.42442e-06
3.46436e-06
3.50799e-06
3.55525e-06
3.60605e-06
3.66033e-06
3.71813e-06
3.7796e-06
3.84513e-06
3.91538e-06
3.99141e-06
4.07476e-06
4.16765e-06
4.27314e-06
4.39548e-06
4.54058e-06
4.71669e-06
4.93549e-06
5.21388e-06
5.57698e-06
6.06338e-06
6.73436e-06
7.69073e-06
9.10483e-06
1.12828e-05
1.47891e-05
2.06855e-05
3.09418e-05
4.89163e-05
7.92858e-05
0.000126497
0.000193981
0.000288573
0.000425333
0.000628659
0.000932293
0.00137609
0.00200039
0.00283501
0.00387135
0.00502136
0.00608287
0.00671603
0.00639775
0.00478802
0.00151264
3.15246e-06
3.15297e-06
3.15349e-06
3.15402e-06
3.15456e-06
3.15512e-06
3.15569e-06
3.15629e-06
3.1569e-06
3.15755e-06
3.15823e-06
3.15895e-06
3.15972e-06
3.16056e-06
3.16148e-06
3.16249e-06
3.16363e-06
3.1649e-06
3.16636e-06
3.16804e-06
3.16997e-06
3.17221e-06
3.17481e-06
3.17782e-06
3.1813e-06
3.1853e-06
3.18989e-06
3.1951e-06
3.20098e-06
3.20753e-06
3.21477e-06
3.22271e-06
3.23136e-06
3.24071e-06
3.25079e-06
3.26162e-06
3.27324e-06
3.28574e-06
3.29927e-06
3.31404e-06
3.33035e-06
3.34861e-06
3.3694e-06
3.39349e-06
3.42193e-06
3.45618e-06
3.49826e-06
3.55099e-06
3.61842e-06
3.70649e-06
3.82412e-06
3.98516e-06
4.21177e-06
4.54082e-06
5.03634e-06
5.81592e-06
7.10916e-06
9.39824e-06
1.37645e-05
2.26322e-05
4.12174e-05
7.80012e-05
0.000140597
0.00023431
0.000373905
0.000590585
0.000929014
0.00144369
0.00218951
0.00319476
0.00441444
0.00566139
0.00654666
0.00642066
0.00482582
0.00149578
3.14976e-06
3.15014e-06
3.15053e-06
3.15093e-06
3.15133e-06
3.15173e-06
3.15214e-06
3.15255e-06
3.15296e-06
3.15339e-06
3.15382e-06
3.15425e-06
3.1547e-06
3.15516e-06
3.15563e-06
3.15612e-06
3.15663e-06
3.15717e-06
3.15773e-06
3.15834e-06
3.15899e-06
3.1597e-06
3.16047e-06
3.16131e-06
3.16223e-06
3.16325e-06
3.16437e-06
3.1656e-06
3.16694e-06
3.1684e-06
3.16999e-06
3.17172e-06
3.17358e-06
3.17559e-06
3.17776e-06
3.18011e-06
3.18265e-06
3.18543e-06
3.18849e-06
3.19189e-06
3.19572e-06
3.20011e-06
3.2052e-06
3.21123e-06
3.21849e-06
3.22739e-06
3.23851e-06
3.25268e-06
3.27108e-06
3.29549e-06
3.32855e-06
3.37439e-06
3.43957e-06
3.53481e-06
3.67837e-06
3.90297e-06
4.26979e-06
4.89828e-06
6.04981e-06
8.33974e-06
1.33621e-05
2.53972e-05
5.44394e-05
0.000114323
0.000213041
0.000366239
0.000614771
0.00101943
0.00165294
0.00258065
0.00381027
0.00519676
0.0063244
0.00640124
0.00482736
0.0014664
3.14783e-06
3.14814e-06
3.14846e-06
3.14877e-06
3.14909e-06
3.14941e-06
3.14972e-06
3.15004e-06
3.15036e-06
3.15068e-06
3.151e-06
3.15132e-06
3.15163e-06
3.15196e-06
3.15228e-06
3.1526e-06
3.15292e-06
3.15325e-06
3.15359e-06
3.15393e-06
3.15428e-06
3.15463e-06
3.155e-06
3.15538e-06
3.15577e-06
3.15617e-06
3.1566e-06
3.15704e-06
3.1575e-06
3.15798e-06
3.15848e-06
3.15902e-06
3.15958e-06
3.16017e-06
3.16081e-06
3.16148e-06
3.16221e-06
3.16301e-06
3.16388e-06
3.16485e-06
3.16594e-06
3.16718e-06
3.16863e-06
3.17035e-06
3.17242e-06
3.17495e-06
3.17813e-06
3.18221e-06
3.18754e-06
3.19468e-06
3.20449e-06
3.21831e-06
3.23835e-06
3.26838e-06
3.31453e-06
3.38787e-06
3.5088e-06
3.71648e-06
4.09138e-06
4.81223e-06
6.32033e-06
9.84885e-06
1.91976e-05
4.53898e-05
0.000107987
0.000219498
0.000400648
0.000707931
0.00122509
0.00204675
0.00323513
0.00470948
0.00605848
0.00634075
0.00479183
0.00142313
3.14618e-06
3.14644e-06
3.14671e-06
3.14698e-06
3.14724e-06
3.14751e-06
3.14777e-06
3.14803e-06
3.14829e-06
3.14855e-06
3.1488e-06
3.14906e-06
3.14931e-06
3.14956e-06
3.14981e-06
3.15005e-06
3.1503e-06
3.15055e-06
3.1508e-06
3.15104e-06
3.15129e-06
3.15154e-06
3.15179e-06
3.15204e-06
3.15229e-06
3.15255e-06
3.15281e-06
3.15307e-06
3.15334e-06
3.15362e-06
3.1539e-06
3.15419e-06
3.15448e-06
3.15479e-06
3.15511e-06
3.15545e-06
3.15581e-06
3.15619e-06
3.15659e-06
3.15703e-06
3.15752e-06
3.15805e-06
3.15865e-06
3.15934e-06
3.16014e-06
3.16109e-06
3.16223e-06
3.16366e-06
3.16547e-06
3.16785e-06
3.17108e-06
3.17561e-06
3.18218e-06
3.19208e-06
3.20756e-06
3.23268e-06
3.27508e-06
3.34957e-06
3.48624e-06
3.74974e-06
4.29031e-06
5.49859e-06
8.54859e-06
1.75032e-05
4.60655e-05
0.000120213
0.000255261
0.00048576
0.000895314
0.00159842
0.00270765
0.00421896
0.00575978
0.00624387
0.00471907
0.00136247
3.14461e-06
3.14484e-06
3.14507e-06
3.14529e-06
3.14552e-06
3.14574e-06
3.14596e-06
3.14618e-06
3.1464e-06
3.14661e-06
3.14683e-06
3.14704e-06
3.14724e-06
3.14745e-06
3.14765e-06
3.14786e-06
3.14806e-06
3.14826e-06
3.14846e-06
3.14867e-06
3.14887e-06
3.14907e-06
3.14927e-06
3.14947e-06
3.14967e-06
3.14988e-06
3.15008e-06
3.15029e-06
3.1505e-06
3.15072e-06
3.15094e-06
3.15116e-06
3.15139e-06
3.15163e-06
3.15187e-06
3.15213e-06
3.15239e-06
3.15267e-06
3.15297e-06
3.15329e-06
3.15362e-06
3.15399e-06
3.15439e-06
3.15483e-06
3.15531e-06
3.15586e-06
3.15649e-06
3.15723e-06
3.1581e-06
3.15918e-06
3.16054e-06
3.16235e-06
3.16486e-06
3.16851e-06
3.17412e-06
3.18321e-06
3.19872e-06
3.22652e-06
3.27886e-06
3.38222e-06
3.59718e-06
4.07348e-06
5.23005e-06
8.44819e-06
1.91233e-05
5.68493e-05
0.000153918
0.000329251
0.000647897
0.00123386
0.00223797
0.00374135
0.00543983
0.00611687
0.00460821
0.00128693
3.14312e-06
3.14331e-06
3.14351e-06
3.14369e-06
3.14388e-06
3.14407e-06
3.14425e-06
3.14444e-06
3.14462e-06
3.1448e-06
3.14497e-06
3.14514e-06
3.14532e-06
3.14549e-06
3.14566e-06
3.14583e-06
3.146e-06
3.14617e-06
3.14634e-06
3.14651e-06
3.14668e-06
3.14685e-06
3.14703e-06
3.1472e-06
3.14737e-06
3.14755e-06
3.14773e-06
3.14791e-06
3.14809e-06
3.14828e-06
3.14847e-06
3.14866e-06
3.14887e-06
3.14907e-06
3.14929e-06
3.14952e-06
3.14976e-06
3.15001e-06
3.15027e-06
3.15055e-06
3.15085e-06
3.15117e-06
3.15151e-06
3.15189e-06
3.15229e-06
3.15273e-06
3.15322e-06
3.15377e-06
3.15439e-06
3.1551e-06
3.15594e-06
3.15696e-06
3.15824e-06
3.15996e-06
3.1624e-06
3.16613e-06
3.17229e-06
3.18323e-06
3.20404e-06
3.24609e-06
3.33601e-06
3.53988e-06
4.03256e-06
5.34746e-06
9.46738e-06
2.5199e-05
8.33397e-05
0.000217942
0.000465602
0.00094409
0.00182968
0.0032893
0.0051101
0.00596699
0.00445916
0.0011993
3.14176e-06
3.14192e-06
3.14207e-06
3.14223e-06
3.14238e-06
3.14253e-06
3.14268e-06
3.14283e-06
3.14298e-06
3.14312e-06
3.14326e-06
3.14341e-06
3.14355e-06
3.14369e-06
3.14384e-06
3.14398e-06
3.14412e-06
3.14427e-06
3.14441e-06
3.14456e-06
3.1447e-06
3.14485e-06
3.145e-06
3.14514e-06
3.1453e-06
3.14545e-06
3.14561e-06
3.14577e-06
3.14593e-06
3.1461e-06
3.14627e-06
3.14645e-06
3.14663e-06
3.14682e-06
3.14702e-06
3.14723e-06
3.14745e-06
3.14768e-06
3.14793e-06
3.14819e-06
3.14847e-06
3.14877e-06
3.14909e-06
3.14944e-06
3.14981e-06
3.15022e-06
3.15067e-06
3.15116e-06
3.1517e-06
3.1523e-06
3.15298e-06
3.15376e-06
3.15468e-06
3.15579e-06
3.15721e-06
3.15916e-06
3.16206e-06
3.16688e-06
3.17573e-06
3.19363e-06
3.23261e-06
3.32328e-06
3.5471e-06
4.14142e-06
5.91723e-06
1.23926e-05
4.07756e-05
0.000136647
0.000332098
0.000718343
0.00148552
0.00287262
0.00478057
0.00580164
0.00427376
0.00110257
3.14055e-06
3.14068e-06
3.1408e-06
3.14092e-06
3.14105e-06
3.14117e-06
3.14128e-06
3.1414e-06
3.14152e-06
3.14163e-06
3.14175e-06
3.14187e-06
3.14199e-06
3.1421e-06
3.14222e-06
3.14234e-06
3.14246e-06
3.14258e-06
3.1427e-06
3.14283e-06
3.14295e-06
3.14308e-06
3.1432e-06
3.14333e-06
3.14346e-06
3.1436e-06
3.14374e-06
3.14388e-06
3.14402e-06
3.14418e-06
3.14433e-06
3.14449e-06
3.14466e-06
3.14484e-06
3.14503e-06
3.14522e-06
3.14543e-06
3.14565e-06
3.14588e-06
3.14613e-06
3.14639e-06
3.14667e-06
3.14698e-06
3.14731e-06
3.14766e-06
3.14805e-06
3.14847e-06
3.14894e-06
3.14944e-06
3.15e-06
3.15062e-06
3.15132e-06
3.15211e-06
3.15302e-06
3.1541e-06
3.15543e-06
3.1572e-06
3.1598e-06
3.16412e-06
3.17233e-06
3.18995e-06
3.23151e-06
3.33695e-06
3.62234e-06
4.46395e-06
7.36107e-06
2.00893e-05
7.85204e-05
0.000233439
0.000544964
0.00120129
0.0024913
0.00445972
0.00562792
0.00405341
0.000999857
3.13952e-06
3.13961e-06
3.13971e-06
3.1398e-06
3.1399e-06
3.13999e-06
3.14008e-06
3.14017e-06
3.14026e-06
3.14036e-06
3.14045e-06
3.14055e-06
3.14065e-06
3.14074e-06
3.14084e-06
3.14094e-06
3.14104e-06
3.14114e-06
3.14124e-06
3.14134e-06
3.14145e-06
3.14156e-06
3.14167e-06
3.14178e-06
3.1419e-06
3.14201e-06
3.14214e-06
3.14226e-06
3.14239e-06
3.14253e-06
3.14267e-06
3.14282e-06
3.14298e-06
3.14314e-06
3.14331e-06
3.14349e-06
3.14369e-06
3.14389e-06
3.14411e-06
3.14434e-06
3.14459e-06
3.14486e-06
3.14515e-06
3.14546e-06
3.1458e-06
3.14617e-06
3.14657e-06
3.14701e-06
3.14749e-06
3.14802e-06
3.14861e-06
3.14926e-06
3.14999e-06
3.15082e-06
3.15177e-06
3.15288e-06
3.15424e-06
3.15601e-06
3.15858e-06
3.1629e-06
3.1715e-06
3.19135e-06
3.24243e-06
3.38447e-06
3.80892e-06
5.22816e-06
1.1115e-05
4.20186e-05
0.000158865
0.000412777
0.000970115
0.00215372
0.00415417
0.00545254
0.00380433
0.000894321
3.13865e-06
3.13872e-06
3.13879e-06
3.13886e-06
3.13893e-06
3.139e-06
3.13907e-06
3.13915e-06
3.13922e-06
3.1393e-06
3.13937e-06
3.13945e-06
3.13953e-06
3.13961e-06
3.13969e-06
3.13977e-06
3.13985e-06
3.13994e-06
3.14002e-06
3.14011e-06
3.1402e-06
3.1403e-06
3.14039e-06
3.14049e-06
3.14059e-06
3.1407e-06
3.1408e-06
3.14092e-06
3.14104e-06
3.14116e-06
3.14129e-06
3.14142e-06
3.14157e-06
3.14172e-06
3.14188e-06
3.14205e-06
3.14223e-06
3.14242e-06
3.14262e-06
3.14284e-06
3.14308e-06
3.14333e-06
3.1436e-06
3.1439e-06
3.14422e-06
3.14457e-06
3.14495e-06
3.14536e-06
3.14582e-06
3.14632e-06
3.14688e-06
3.14749e-06
3.14819e-06
3.14897e-06
3.14985e-06
3.15087e-06
3.15205e-06
3.15349e-06
3.15536e-06
3.15809e-06
3.16286e-06
3.17302e-06
3.19867e-06
3.27129e-06
3.49381e-06
4.23799e-06
7.17343e-06
2.26031e-05
0.000102368
0.000312047
0.000783659
0.00186087
0.00387159
0.00527261
0.00354994
0.000789251
3.13794e-06
3.13799e-06
3.13804e-06
3.13809e-06
3.13815e-06
3.1382e-06
3.13826e-06
3.13832e-06
3.13838e-06
3.13844e-06
3.1385e-06
3.13856e-06
3.13863e-06
3.13869e-06
3.13876e-06
3.13882e-06
3.13889e-06
3.13896e-06
3.13904e-06
3.13911e-06
3.13919e-06
3.13927e-06
3.13935e-06
3.13944e-06
3.13953e-06
3.13962e-06
3.13972e-06
3.13982e-06
3.13993e-06
3.14004e-06
3.14016e-06
3.14028e-06
3.14041e-06
3.14055e-06
3.1407e-06
3.14086e-06
3.14102e-06
3.1412e-06
3.14139e-06
3.1416e-06
3.14182e-06
3.14205e-06
3.14231e-06
3.14259e-06
3.14289e-06
3.14322e-06
3.14358e-06
3.14397e-06
3.1444e-06
3.14487e-06
3.1454e-06
3.14599e-06
3.14665e-06
3.14739e-06
3.14822e-06
3.14917e-06
3.15026e-06
3.15155e-06
3.15312e-06
3.15518e-06
3.1583e-06
3.1641e-06
3.17773e-06
3.21597e-06
3.33585e-06
3.74433e-06
5.31873e-06
1.31866e-05
6.22772e-05
0.000234248
0.000634309
0.0016104
0.00361664
0.00508352
0.0033003
0.000687395
3.13736e-06
3.13739e-06
3.13744e-06
3.13748e-06
3.13752e-06
3.13757e-06
3.13761e-06
3.13766e-06
3.1377e-06
3.13775e-06
3.1378e-06
3.13785e-06
3.1379e-06
3.13796e-06
3.13801e-06
3.13807e-06
3.13813e-06
3.13819e-06
3.13825e-06
3.13831e-06
3.13838e-06
3.13845e-06
3.13852e-06
3.1386e-06
3.13868e-06
3.13876e-06
3.13885e-06
3.13894e-06
3.13904e-06
3.13914e-06
3.13925e-06
3.13936e-06
3.13948e-06
3.13961e-06
3.13975e-06
3.13989e-06
3.14005e-06
3.14021e-06
3.14039e-06
3.14058e-06
3.14079e-06
3.14101e-06
3.14125e-06
3.14151e-06
3.14179e-06
3.14209e-06
3.14243e-06
3.1428e-06
3.14321e-06
3.14366e-06
3.14416e-06
3.14472e-06
3.14534e-06
3.14604e-06
3.14683e-06
3.14773e-06
3.14876e-06
3.14996e-06
3.15138e-06
3.15313e-06
3.15551e-06
3.15933e-06
3.16723e-06
3.18823e-06
3.25447e-06
3.48586e-06
4.37954e-06
8.63625e-06
3.68618e-05
0.000173063
0.000515299
0.00139859
0.00339197
0.00488798
0.00305124
0.000590762
3.13691e-06
3.13694e-06
3.13697e-06
3.137e-06
3.13704e-06
3.13707e-06
3.1371e-06
3.13714e-06
3.13718e-06
3.13721e-06
3.13725e-06
3.13729e-06
3.13734e-06
3.13738e-06
3.13743e-06
3.13747e-06
3.13752e-06
3.13757e-06
3.13763e-06
3.13768e-06
3.13774e-06
3.1378e-06
3.13787e-06
3.13793e-06
3.13801e-06
3.13808e-06
3.13816e-06
3.13824e-06
3.13833e-06
3.13842e-06
3.13852e-06
3.13862e-06
3.13873e-06
3.13885e-06
3.13898e-06
3.13911e-06
3.13926e-06
3.13941e-06
3.13957e-06
3.13975e-06
3.13994e-06
3.14015e-06
3.14037e-06
3.14061e-06
3.14088e-06
3.14117e-06
3.14149e-06
3.14184e-06
3.14222e-06
3.14265e-06
3.14312e-06
3.14365e-06
3.14424e-06
3.1449e-06
3.14565e-06
3.1465e-06
3.14748e-06
3.14861e-06
3.14994e-06
3.15154e-06
3.15357e-06
3.15646e-06
3.16159e-06
3.17387e-06
3.2116e-06
3.34611e-06
3.87533e-06
6.32295e-06
2.23164e-05
0.000124589
0.000420615
0.00122115
0.00319386
0.00468642
0.00278526
0.000500629
3.1366e-06
3.13662e-06
3.13664e-06
3.13666e-06
3.13668e-06
3.13671e-06
3.13673e-06
3.13676e-06
3.13679e-06
3.13682e-06
3.13685e-06
3.13688e-06
3.13691e-06
3.13695e-06
3.13698e-06
3.13702e-06
3.13706e-06
3.13711e-06
3.13715e-06
3.1372e-06
3.13725e-06
3.1373e-06
3.13736e-06
3.13742e-06
3.13748e-06
3.13755e-06
3.13762e-06
3.13769e-06
3.13777e-06
3.13785e-06
3.13794e-06
3.13804e-06
3.13814e-06
3.13825e-06
3.13836e-06
3.13848e-06
3.13862e-06
3.13876e-06
3.13891e-06
3.13907e-06
3.13925e-06
3.13944e-06
3.13966e-06
3.13989e-06
3.14014e-06
3.14041e-06
3.14071e-06
3.14103e-06
3.1414e-06
3.1418e-06
3.14224e-06
3.14274e-06
3.1433e-06
3.14393e-06
3.14464e-06
3.14545e-06
3.14639e-06
3.14747e-06
3.14873e-06
3.15024e-06
3.15208e-06
3.15451e-06
3.15829e-06
3.16611e-06
3.18855e-06
3.26875e-06
3.59171e-06
5.07518e-06
1.43749e-05
8.70436e-05
0.00034516
0.00107398
0.00302485
0.0044776
0.00251
0.000418042
3.13643e-06
3.13644e-06
3.13645e-06
3.13647e-06
3.13648e-06
3.1365e-06
3.13651e-06
3.13653e-06
3.13655e-06
3.13657e-06
3.13659e-06
3.13661e-06
3.13664e-06
3.13666e-06
3.13669e-06
3.13672e-06
3.13675e-06
3.13678e-06
3.13682e-06
3.13686e-06
3.1369e-06
3.13694e-06
3.13699e-06
3.13704e-06
3.13709e-06
3.13715e-06
3.13721e-06
3.13727e-06
3.13734e-06
3.13742e-06
3.1375e-06
3.13758e-06
3.13767e-06
3.13777e-06
3.13787e-06
3.13798e-06
3.1381e-06
3.13823e-06
3.13837e-06
3.13852e-06
3.13869e-06
3.13887e-06
3.13906e-06
3.13928e-06
3.13951e-06
3.13977e-06
3.14005e-06
3.14035e-06
3.1407e-06
3.14108e-06
3.1415e-06
3.14197e-06
3.1425e-06
3.1431e-06
3.14378e-06
3.14456e-06
3.14545e-06
3.14649e-06
3.1477e-06
3.14914e-06
3.15088e-06
3.15307e-06
3.15617e-06
3.1617e-06
3.17584e-06
3.22501e-06
3.42712e-06
4.36482e-06
1.00207e-05
5.95169e-05
0.000284722
0.000953145
0.00288832
0.00425628
0.00223263
0.000343662
3.13672e-06
3.13671e-06
3.13671e-06
3.1367e-06
3.1367e-06
3.1367e-06
3.1367e-06
3.1367e-06
3.13671e-06
3.13671e-06
3.13672e-06
3.13673e-06
3.13673e-06
3.13675e-06
3.13676e-06
3.13677e-06
3.13679e-06
3.13681e-06
3.13683e-06
3.13685e-06
3.13687e-06
3.1369e-06
3.13693e-06
3.13696e-06
3.137e-06
3.13704e-06
3.13708e-06
3.13713e-06
3.13718e-06
3.13723e-06
3.13729e-06
3.13736e-06
3.13743e-06
3.1375e-06
3.13759e-06
3.13768e-06
3.13778e-06
3.13789e-06
3.13801e-06
3.13814e-06
3.13829e-06
3.13845e-06
3.13862e-06
3.13881e-06
3.13902e-06
3.13925e-06
3.13951e-06
3.1398e-06
3.14012e-06
3.14047e-06
3.14087e-06
3.14132e-06
3.14182e-06
3.14239e-06
3.14304e-06
3.14379e-06
3.14465e-06
3.14565e-06
3.14682e-06
3.14821e-06
3.14988e-06
3.15194e-06
3.15469e-06
3.15902e-06
3.1686e-06
3.19985e-06
3.32938e-06
3.94232e-06
7.55308e-06
4.06145e-05
0.000235976
0.000855242
0.00279356
0.00399972
0.00195798
0.000277388
3.13724e-06
3.13722e-06
3.13721e-06
3.13719e-06
3.13718e-06
3.13717e-06
3.13716e-06
3.13715e-06
3.13714e-06
3.13713e-06
3.13712e-06
3.13712e-06
3.13711e-06
3.13711e-06
3.13711e-06
3.13711e-06
3.13711e-06
3.13711e-06
3.13711e-06
3.13712e-06
3.13713e-06
3.13714e-06
3.13715e-06
3.13716e-06
3.13718e-06
3.1372e-06
3.13722e-06
3.13725e-06
3.13727e-06
3.13731e-06
3.13734e-06
3.13739e-06
3.13743e-06
3.13749e-06
3.13755e-06
3.13761e-06
3.13768e-06
3.13777e-06
3.13786e-06
3.13796e-06
3.13808e-06
3.1382e-06
3.13835e-06
3.13851e-06
3.13869e-06
3.13889e-06
3.13912e-06
3.13937e-06
3.13966e-06
3.13999e-06
3.14036e-06
3.14077e-06
3.14125e-06
3.14179e-06
3.14241e-06
3.14313e-06
3.14396e-06
3.14492e-06
3.14606e-06
3.14741e-06
3.14903e-06
3.15102e-06
3.15358e-06
3.15727e-06
3.16435e-06
3.18513e-06
3.27027e-06
3.68237e-06
6.09358e-06
2.82761e-05
0.000196426
0.000777482
0.0027554
0.00369319
0.00169115
0.000218541
3.13777e-06
3.13776e-06
3.13776e-06
3.13775e-06
3.13774e-06
3.13772e-06
3.13771e-06
3.1377e-06
3.13768e-06
3.13767e-06
3.13765e-06
3.13763e-06
3.13762e-06
3.1376e-06
3.13759e-06
3.13757e-06
3.13756e-06
3.13755e-06
3.13754e-06
3.13753e-06
3.13753e-06
3.13752e-06
3.13752e-06
3.13751e-06
3.13751e-06
3.13751e-06
3.13752e-06
3.13752e-06
3.13753e-06
3.13755e-06
3.13756e-06
3.13758e-06
3.1376e-06
3.13763e-06
3.13767e-06
3.13771e-06
3.13775e-06
3.13781e-06
3.13787e-06
3.13794e-06
3.13802e-06
3.13812e-06
3.13823e-06
3.13836e-06
3.1385e-06
3.13867e-06
3.13886e-06
3.13908e-06
3.13933e-06
3.13962e-06
3.13995e-06
3.14033e-06
3.14077e-06
3.14128e-06
3.14187e-06
3.14255e-06
3.14335e-06
3.14429e-06
3.14539e-06
3.14671e-06
3.14831e-06
3.15025e-06
3.15271e-06
3.15607e-06
3.16175e-06
3.17639e-06
3.23398e-06
3.51816e-06
5.19318e-06
2.0417e-05
0.000164295
0.000717451
0.0027616
0.00337191
0.00143705
0.000166376
3.13824e-06
3.13824e-06
3.13824e-06
3.13824e-06
3.13824e-06
3.13824e-06
3.13823e-06
3.13823e-06
3.13822e-06
3.13821e-06
3.1382e-06
3.13819e-06
3.13817e-06
3.13816e-06
3.13814e-06
3.13813e-06
3.13811e-06
3.13809e-06
3.13807e-06
3.13804e-06
3.13802e-06
3.138e-06
3.13798e-06
3.13796e-06
3.13794e-06
3.13793e-06
3.13791e-06
3.1379e-06
3.13789e-06
3.13788e-06
3.13788e-06
3.13788e-06
3.13788e-06
3.13788e-06
3.13789e-06
3.13791e-06
3.13793e-06
3.13795e-06
3.13799e-06
3.13803e-06
3.13808e-06
3.13815e-06
3.13822e-06
3.13832e-06
3.13843e-06
3.13856e-06
3.13871e-06
3.13889e-06
3.1391e-06
3.13935e-06
3.13965e-06
3.13999e-06
3.14039e-06
3.14086e-06
3.14141e-06
3.14206e-06
3.14283e-06
3.14373e-06
3.14481e-06
3.14611e-06
3.14768e-06
3.1496e-06
3.15201e-06
3.1552e-06
3.16012e-06
3.17112e-06
3.21144e-06
3.41227e-06
4.61672e-06
1.54166e-05
0.000138363
0.000673233
0.00279504
0.00303815
0.00119484
0.000120658
3.13863e-06
3.13864e-06
3.13865e-06
3.13865e-06
3.13866e-06
3.13867e-06
3.13867e-06
3.13868e-06
3.13868e-06
3.13868e-06
3.13868e-06
3.13868e-06
3.13868e-06
3.13867e-06
3.13866e-06
3.13866e-06
3.13865e-06
3.13863e-06
3.13862e-06
3.1386e-06
3.13859e-06
3.13856e-06
3.13854e-06
3.13852e-06
3.13849e-06
3.13846e-06
3.13843e-06
3.1384e-06
3.13837e-06
3.13833e-06
3.1383e-06
3.13828e-06
3.13825e-06
3.13823e-06
3.13821e-06
3.1382e-06
3.13819e-06
3.13819e-06
3.13819e-06
3.13821e-06
3.13823e-06
3.13826e-06
3.1383e-06
3.13836e-06
3.13843e-06
3.13852e-06
3.13864e-06
3.13878e-06
3.13895e-06
3.13916e-06
3.13941e-06
3.13971e-06
3.14007e-06
3.1405e-06
3.14101e-06
3.14163e-06
3.14236e-06
3.14323e-06
3.14429e-06
3.14557e-06
3.14712e-06
3.14903e-06
3.15143e-06
3.15454e-06
3.15906e-06
3.16793e-06
3.19732e-06
3.34288e-06
4.23608e-06
1.21913e-05
0.000117795
0.000651441
0.00283372
0.00269666
0.000972141
8.22862e-05
3.13891e-06
3.13893e-06
3.13895e-06
3.13897e-06
3.13899e-06
3.13901e-06
3.13902e-06
3.13904e-06
3.13905e-06
3.13906e-06
3.13907e-06
3.13908e-06
3.13909e-06
3.1391e-06
3.13911e-06
3.13911e-06
3.13911e-06
3.13911e-06
3.13911e-06
3.13911e-06
3.1391e-06
3.13909e-06
3.13908e-06
3.13907e-06
3.13905e-06
3.13903e-06
3.13901e-06
3.13898e-06
3.13895e-06
3.13892e-06
3.13888e-06
3.13884e-06
3.1388e-06
3.13876e-06
3.13871e-06
3.13866e-06
3.13861e-06
3.13857e-06
3.13854e-06
3.13851e-06
3.13849e-06
3.13848e-06
3.13848e-06
3.1385e-06
3.13853e-06
3.13858e-06
3.13865e-06
3.13874e-06
3.13887e-06
3.13903e-06
3.13924e-06
3.13949e-06
3.1398e-06
3.14019e-06
3.14066e-06
3.14123e-06
3.14193e-06
3.14277e-06
3.14381e-06
3.14506e-06
3.14661e-06
3.14852e-06
3.15093e-06
3.15404e-06
3.15837e-06
3.166e-06
3.18845e-06
3.29682e-06
3.97837e-06
1.00685e-05
0.000102065
0.00069422
0.00281696
0.00235497
0.000775702
5.27513e-05
3.1391e-06
3.13913e-06
3.13916e-06
3.13919e-06
3.13922e-06
3.13925e-06
3.13928e-06
3.13931e-06
3.13933e-06
3.13936e-06
3.13938e-06
3.13941e-06
3.13943e-06
3.13945e-06
3.13947e-06
3.13948e-06
3.1395e-06
3.13952e-06
3.13953e-06
3.13954e-06
3.13955e-06
3.13955e-06
3.13956e-06
3.13956e-06
3.13956e-06
3.13955e-06
3.13955e-06
3.13954e-06
3.13952e-06
3.1395e-06
3.13948e-06
3.13945e-06
3.13941e-06
3.13938e-06
3.13933e-06
3.13928e-06
3.13923e-06
3.13917e-06
3.1391e-06
3.13904e-06
3.13897e-06
3.1389e-06
3.13884e-06
3.1388e-06
3.13877e-06
3.13876e-06
3.13877e-06
3.13881e-06
3.13888e-06
3.13899e-06
3.13913e-06
3.13933e-06
3.13959e-06
3.13992e-06
3.14034e-06
3.14087e-06
3.14152e-06
3.14233e-06
3.14334e-06
3.14458e-06
3.14613e-06
3.14805e-06
3.15049e-06
3.15363e-06
3.15792e-06
3.16488e-06
3.18292e-06
3.266e-06
3.80031e-06
8.64038e-06
9.07089e-05
0.000792135
0.00270694
0.00202172
0.000607714
3.24811e-05
3.13918e-06
3.13923e-06
3.13927e-06
3.13931e-06
3.13936e-06
3.1394e-06
3.13944e-06
3.13948e-06
3.13952e-06
3.13956e-06
3.1396e-06
3.13964e-06
3.13968e-06
3.13971e-06
3.13975e-06
3.13978e-06
3.13981e-06
3.13984e-06
3.13987e-06
3.1399e-06
3.13992e-06
3.13995e-06
3.13997e-06
3.13999e-06
3.14e-06
3.14002e-06
3.14003e-06
3.14003e-06
3.14004e-06
3.14004e-06
3.14003e-06
3.14002e-06
3.14001e-06
3.13998e-06
3.13996e-06
3.13992e-06
3.13988e-06
3.13983e-06
3.13977e-06
3.13971e-06
3.13963e-06
3.13955e-06
3.13946e-06
3.13937e-06
3.13928e-06
3.13919e-06
3.13911e-06
3.13907e-06
3.13906e-06
3.13908e-06
3.13915e-06
3.13927e-06
3.13946e-06
3.13972e-06
3.14007e-06
3.14054e-06
3.14114e-06
3.14191e-06
3.14288e-06
3.1441e-06
3.14564e-06
3.14759e-06
3.15008e-06
3.15329e-06
3.15762e-06
3.16428e-06
3.17956e-06
3.2453e-06
3.67529e-06
7.66044e-06
8.32068e-05
0.000935179
0.00254725
0.00170382
0.000467542
1.99433e-05
3.13915e-06
3.13921e-06
3.13927e-06
3.13933e-06
3.13939e-06
3.13945e-06
3.13951e-06
3.13956e-06
3.13962e-06
3.13968e-06
3.13973e-06
3.13979e-06
3.13984e-06
3.13989e-06
3.13994e-06
3.14e-06
3.14004e-06
3.14009e-06
3.14014e-06
3.14019e-06
3.14023e-06
3.14027e-06
3.14031e-06
3.14035e-06
3.14039e-06
3.14042e-06
3.14045e-06
3.14048e-06
3.1405e-06
3.14052e-06
3.14054e-06
3.14055e-06
3.14056e-06
3.14056e-06
3.14055e-06
3.14054e-06
3.14052e-06
3.14049e-06
3.14045e-06
3.1404e-06
3.14035e-06
3.14027e-06
3.14019e-06
3.1401e-06
3.13999e-06
3.13987e-06
3.13975e-06
3.13963e-06
3.13951e-06
3.13941e-06
3.13937e-06
3.13938e-06
3.13946e-06
3.13962e-06
3.13989e-06
3.14027e-06
3.14079e-06
3.1415e-06
3.14242e-06
3.14361e-06
3.14515e-06
3.14712e-06
3.14967e-06
3.15298e-06
3.15744e-06
3.16404e-06
3.17767e-06
3.23147e-06
3.5866e-06
6.98319e-06
0.000104684
0.00109203
0.00234788
0.00140937
0.000352929
1.2719e-05
3.13899e-06
3.13907e-06
3.13914e-06
3.13922e-06
3.1393e-06
3.13937e-06
3.13945e-06
3.13953e-06
3.1396e-06
3.13968e-06
3.13975e-06
3.13983e-06
3.1399e-06
3.13997e-06
3.14005e-06
3.14012e-06
3.14019e-06
3.14026e-06
3.14032e-06
3.14039e-06
3.14046e-06
3.14052e-06
3.14059e-06
3.14065e-06
3.1407e-06
3.14076e-06
3.14082e-06
3.14087e-06
3.14091e-06
3.14096e-06
3.141e-06
3.14104e-06
3.14107e-06
3.14109e-06
3.14111e-06
3.14113e-06
3.14113e-06
3.14113e-06
3.14112e-06
3.1411e-06
3.14106e-06
3.14102e-06
3.14095e-06
3.14088e-06
3.14078e-06
3.14067e-06
3.14055e-06
3.1404e-06
3.14024e-06
3.14008e-06
3.13992e-06
3.13978e-06
3.13971e-06
3.13972e-06
3.13985e-06
3.14011e-06
3.14052e-06
3.14113e-06
3.14198e-06
3.14312e-06
3.14464e-06
3.14663e-06
3.14923e-06
3.15267e-06
3.15731e-06
3.16403e-06
3.17678e-06
3.22243e-06
3.52345e-06
6.52332e-06
0.000166274
0.00123155
0.0021152
0.00114369
0.000260012
8.67703e-06
3.13866e-06
3.13875e-06
3.13885e-06
3.13895e-06
3.13905e-06
3.13915e-06
3.13924e-06
3.13934e-06
3.13944e-06
3.13954e-06
3.13963e-06
3.13973e-06
3.13983e-06
3.13992e-06
3.14002e-06
3.14012e-06
3.14021e-06
3.14031e-06
3.1404e-06
3.14049e-06
3.14058e-06
3.14067e-06
3.14076e-06
3.14085e-06
3.14094e-06
3.14102e-06
3.1411e-06
3.14118e-06
3.14126e-06
3.14133e-06
3.1414e-06
3.14147e-06
3.14153e-06
3.14158e-06
3.14163e-06
3.14168e-06
3.14171e-06
3.14174e-06
3.14176e-06
3.14177e-06
3.14177e-06
3.14175e-06
3.14172e-06
3.14167e-06
3.14161e-06
3.14152e-06
3.14141e-06
3.14128e-06
3.14112e-06
3.14094e-06
3.14074e-06
3.14053e-06
3.14032e-06
3.14014e-06
3.14007e-06
3.14014e-06
3.14039e-06
3.14086e-06
3.14159e-06
3.14264e-06
3.1441e-06
3.14609e-06
3.14876e-06
3.15234e-06
3.15721e-06
3.1642e-06
3.17662e-06
3.21681e-06
3.47869e-06
6.23411e-06
0.000260193
0.00133523
0.00186742
0.000910136
0.000184263
6.40313e-06
3.13811e-06
3.13823e-06
3.13835e-06
3.13847e-06
3.1386e-06
3.13872e-06
3.13884e-06
3.13896e-06
3.13909e-06
3.13921e-06
3.13934e-06
3.13946e-06
3.13958e-06
3.13971e-06
3.13983e-06
3.13996e-06
3.14008e-06
3.14021e-06
3.14033e-06
3.14045e-06
3.14058e-06
3.1407e-06
3.14082e-06
3.14094e-06
3.14106e-06
3.14117e-06
3.14129e-06
3.1414e-06
3.14151e-06
3.14162e-06
3.14172e-06
3.14182e-06
3.14192e-06
3.14201e-06
3.1421e-06
3.14218e-06
3.14225e-06
3.14232e-06
3.14237e-06
3.14242e-06
3.14245e-06
3.14247e-06
3.14248e-06
3.14247e-06
3.14244e-06
3.14239e-06
3.14231e-06
3.14221e-06
3.14208e-06
3.14191e-06
3.14171e-06
3.14148e-06
3.14122e-06
3.14094e-06
3.14069e-06
3.14049e-06
3.14051e-06
3.14076e-06
3.1413e-06
3.14221e-06
3.14358e-06
3.14553e-06
3.14824e-06
3.15196e-06
3.1571e-06
3.16447e-06
3.17699e-06
3.21372e-06
3.44768e-06
7.90224e-06
0.000374663
0.00138511
0.00161353
0.000707806
0.000122525
5.09524e-06
3.1373e-06
3.13745e-06
3.13759e-06
3.13774e-06
3.13789e-06
3.13804e-06
3.13819e-06
3.13834e-06
3.13849e-06
3.13864e-06
3.1388e-06
3.13895e-06
3.13911e-06
3.13927e-06
3.13942e-06
3.13958e-06
3.13974e-06
3.1399e-06
3.14006e-06
3.14022e-06
3.14038e-06
3.14054e-06
3.1407e-06
3.14085e-06
3.14101e-06
3.14117e-06
3.14132e-06
3.14148e-06
3.14163e-06
3.14178e-06
3.14193e-06
3.14207e-06
3.14221e-06
3.14234e-06
3.14247e-06
3.1426e-06
3.14272e-06
3.14283e-06
3.14293e-06
3.14302e-06
3.1431e-06
3.14317e-06
3.14322e-06
3.14326e-06
3.14327e-06
3.14327e-06
3.14323e-06
3.14317e-06
3.14308e-06
3.14295e-06
3.14277e-06
3.14255e-06
3.14229e-06
3.14198e-06
3.14164e-06
3.1413e-06
3.14102e-06
3.14095e-06
3.14122e-06
3.1419e-06
3.1431e-06
3.14495e-06
3.14766e-06
3.15151e-06
3.15694e-06
3.1648e-06
3.17776e-06
3.21255e-06
3.42746e-06
1.82062e-05
0.000497233
0.00137985
0.00136287
0.000538939
7.46722e-05
4.32563e-06
3.13614e-06
3.13632e-06
3.13649e-06
3.13667e-06
3.13684e-06
3.13702e-06
3.13721e-06
3.13739e-06
3.13758e-06
3.13777e-06
3.13796e-06
3.13815e-06
3.13834e-06
3.13854e-06
3.13873e-06
3.13893e-06
3.13913e-06
3.13933e-06
3.13953e-06
3.13974e-06
3.13994e-06
3.14014e-06
3.14035e-06
3.14055e-06
3.14076e-06
3.14096e-06
3.14117e-06
3.14137e-06
3.14157e-06
3.14177e-06
3.14197e-06
3.14217e-06
3.14236e-06
3.14255e-06
3.14273e-06
3.14291e-06
3.14308e-06
3.14325e-06
3.14341e-06
3.14355e-06
3.14369e-06
3.14381e-06
3.14392e-06
3.14401e-06
3.14409e-06
3.14413e-06
3.14416e-06
3.14415e-06
3.14411e-06
3.14403e-06
3.1439e-06
3.14372e-06
3.14348e-06
3.14318e-06
3.14281e-06
3.1424e-06
3.14197e-06
3.1416e-06
3.14146e-06
3.1418e-06
3.14273e-06
3.1444e-06
3.14705e-06
3.15099e-06
3.15672e-06
3.16515e-06
3.17886e-06
3.21295e-06
3.41737e-06
5.1787e-05
0.000615036
0.00132735
0.001126
0.000402418
4.20927e-05
3.86438e-06
3.13459e-06
3.13479e-06
3.13499e-06
3.1352e-06
3.13541e-06
3.13562e-06
3.13583e-06
3.13605e-06
3.13627e-06
3.13649e-06
3.13672e-06
3.13695e-06
3.13719e-06
3.13742e-06
3.13766e-06
3.1379e-06
3.13815e-06
3.13839e-06
3.13864e-06
3.1389e-06
3.13915e-06
3.13941e-06
3.13966e-06
3.13992e-06
3.14018e-06
3.14045e-06
3.14071e-06
3.14097e-06
3.14124e-06
3.1415e-06
3.14176e-06
3.14202e-06
3.14228e-06
3.14254e-06
3.14279e-06
3.14304e-06
3.14328e-06
3.14351e-06
3.14374e-06
3.14396e-06
3.14417e-06
3.14436e-06
3.14454e-06
3.1447e-06
3.14485e-06
3.14497e-06
3.14506e-06
3.14512e-06
3.14515e-06
3.14513e-06
3.14507e-06
3.14494e-06
3.14476e-06
3.14449e-06
3.14415e-06
3.14372e-06
3.14322e-06
3.14268e-06
3.14221e-06
3.14205e-06
3.14257e-06
3.14394e-06
3.14642e-06
3.15039e-06
3.1564e-06
3.16548e-06
3.1802e-06
3.21467e-06
3.41884e-06
0.000116193
0.000715639
0.00123949
0.00091093
0.000293926
2.32242e-05
3.58469e-06
3.13248e-06
3.13271e-06
3.13295e-06
3.13319e-06
3.13343e-06
3.13368e-06
3.13393e-06
3.13419e-06
3.13445e-06
3.13472e-06
3.13499e-06
3.13527e-06
3.13555e-06
3.13584e-06
3.13613e-06
3.13643e-06
3.13672e-06
3.13703e-06
3.13734e-06
3.13765e-06
3.13796e-06
3.13828e-06
3.1386e-06
3.13893e-06
3.13925e-06
3.13958e-06
3.13992e-06
3.14025e-06
3.14058e-06
3.14092e-06
3.14126e-06
3.1416e-06
3.14193e-06
3.14227e-06
3.1426e-06
3.14293e-06
3.14325e-06
3.14357e-06
3.14389e-06
3.14419e-06
3.14449e-06
3.14477e-06
3.14504e-06
3.14529e-06
3.14552e-06
3.14573e-06
3.14591e-06
3.14606e-06
3.14617e-06
3.14624e-06
3.14625e-06
3.14621e-06
3.1461e-06
3.1459e-06
3.14561e-06
3.14521e-06
3.1447e-06
3.14409e-06
3.14342e-06
3.14285e-06
3.14277e-06
3.14367e-06
3.14585e-06
3.14973e-06
3.15598e-06
3.16574e-06
3.18173e-06
3.21759e-06
3.98728e-06
0.000194247
0.000787748
0.00112487
0.000722312
0.000207669
1.34682e-05
3.41374e-06
3.12973e-06
3.12998e-06
3.13024e-06
3.1305e-06
3.13078e-06
3.13106e-06
3.13134e-06
3.13164e-06
3.13194e-06
3.13225e-06
3.13256e-06
3.13289e-06
3.13322e-06
3.13356e-06
3.1339e-06
3.13425e-06
3.13461e-06
3.13498e-06
3.13535e-06
3.13573e-06
3.13612e-06
3.13651e-06
3.13691e-06
3.13731e-06
3.13772e-06
3.13813e-06
3.13855e-06
3.13897e-06
3.1394e-06
3.13983e-06
3.14026e-06
3.1407e-06
3.14113e-06
3.14157e-06
3.142e-06
3.14244e-06
3.14287e-06
3.14329e-06
3.14372e-06
3.14413e-06
3.14454e-06
3.14493e-06
3.14531e-06
3.14568e-06
3.14602e-06
3.14634e-06
3.14664e-06
3.1469e-06
3.14712e-06
3.1473e-06
3.14743e-06
3.14749e-06
3.14747e-06
3.14737e-06
3.14716e-06
3.14683e-06
3.14637e-06
3.14575e-06
3.145e-06
3.14418e-06
3.14354e-06
3.14374e-06
3.14541e-06
3.14905e-06
3.15543e-06
3.16589e-06
3.18339e-06
3.22164e-06
6.37934e-06
0.000273345
0.000825132
0.000993336
0.000560291
0.000138646
8.60148e-06
3.30889e-06
3.12568e-06
3.12596e-06
3.12624e-06
3.12654e-06
3.12685e-06
3.12717e-06
3.12751e-06
3.12785e-06
3.12821e-06
3.12858e-06
3.12896e-06
3.12936e-06
3.12976e-06
3.13018e-06
3.13061e-06
3.13104e-06
3.13149e-06
3.13195e-06
3.13242e-06
3.13289e-06
3.13338e-06
3.13388e-06
3.13438e-06
3.13489e-06
3.13541e-06
3.13594e-06
3.13647e-06
3.13701e-06
3.13756e-06
3.13811e-06
3.13867e-06
3.13923e-06
3.13979e-06
3.14035e-06
3.14092e-06
3.14148e-06
3.14205e-06
3.14261e-06
3.14317e-06
3.14372e-06
3.14426e-06
3.1448e-06
3.14532e-06
3.14582e-06
3.14631e-06
3.14677e-06
3.14721e-06
3.14761e-06
3.14797e-06
3.14829e-06
3.14855e-06
3.14874e-06
3.14886e-06
3.14888e-06
3.14879e-06
3.14856e-06
3.14818e-06
3.14761e-06
3.14684e-06
3.1459e-06
3.14491e-06
3.1443e-06
3.14523e-06
3.14842e-06
3.15478e-06
3.16589e-06
3.1851e-06
3.2271e-06
1.30726e-05
0.000348499
0.000830564
0.000854976
0.000426469
8.50991e-05
6.13037e-06
3.24449e-06
3.12121e-06
3.12142e-06
3.12166e-06
3.12191e-06
3.12218e-06
3.12246e-06
3.12277e-06
3.12309e-06
3.12344e-06
3.12381e-06
3.12419e-06
3.1246e-06
3.12502e-06
3.12547e-06
3.12594e-06
3.12643e-06
3.12693e-06
3.12746e-06
3.12801e-06
3.12857e-06
3.12915e-06
3.12975e-06
3.13037e-06
3.131e-06
3.13165e-06
3.13231e-06
3.13299e-06
3.13368e-06
3.13437e-06
3.13508e-06
3.1358e-06
3.13653e-06
3.13726e-06
3.138e-06
3.13874e-06
3.13948e-06
3.14023e-06
3.14098e-06
3.14172e-06
3.14246e-06
3.1432e-06
3.14392e-06
3.14464e-06
3.14534e-06
3.14602e-06
3.14669e-06
3.14732e-06
3.14792e-06
3.14848e-06
3.14899e-06
3.14945e-06
3.14983e-06
3.15013e-06
3.15033e-06
3.15041e-06
3.15034e-06
3.15009e-06
3.14964e-06
3.14894e-06
3.14798e-06
3.14681e-06
3.14566e-06
3.14548e-06
3.14792e-06
3.15404e-06
3.1657e-06
3.1868e-06
3.23469e-06
2.8498e-05
0.000415276
0.000809198
0.000719223
0.000318493
4.80241e-05
4.82534e-06
3.20481e-06
3.11984e-06
3.11999e-06
3.12013e-06
3.12027e-06
3.1204e-06
3.12054e-06
3.12067e-06
3.1208e-06
3.12094e-06
3.1211e-06
3.12131e-06
3.12155e-06
3.12182e-06
3.12214e-06
3.12249e-06
3.12288e-06
3.1233e-06
3.12377e-06
3.12427e-06
3.12481e-06
3.12539e-06
3.126e-06
3.12665e-06
3.12733e-06
3.12804e-06
3.12879e-06
3.12956e-06
3.13037e-06
3.13119e-06
3.13204e-06
3.13291e-06
3.1338e-06
3.13471e-06
3.13563e-06
3.13656e-06
3.13749e-06
3.13843e-06
3.13938e-06
3.14032e-06
3.14126e-06
3.14219e-06
3.14311e-06
3.14403e-06
3.14492e-06
3.1458e-06
3.14666e-06
3.14748e-06
3.14828e-06
3.14903e-06
3.14974e-06
3.15039e-06
3.15097e-06
3.15146e-06
3.15184e-06
3.15209e-06
3.15219e-06
3.1521e-06
3.15179e-06
3.1512e-06
3.15029e-06
3.14903e-06
3.14755e-06
3.14644e-06
3.14769e-06
3.15331e-06
3.16537e-06
3.18846e-06
3.24476e-06
5.49198e-05
0.000468834
0.000764872
0.000592851
0.00023196
2.62555e-05
4.10892e-06
3.18027e-06
3.12918e-06
3.1294e-06
3.12959e-06
3.12972e-06
3.12983e-06
3.12989e-06
3.12992e-06
3.12992e-06
3.12989e-06
3.12984e-06
3.12977e-06
3.12968e-06
3.12958e-06
3.12948e-06
3.12938e-06
3.12928e-06
3.12919e-06
3.12913e-06
3.12908e-06
3.12906e-06
3.12907e-06
3.12911e-06
3.1292e-06
3.12933e-06
3.12951e-06
3.12974e-06
3.13002e-06
3.13035e-06
3.13074e-06
3.13118e-06
3.13167e-06
3.1322e-06
3.13278e-06
3.13341e-06
3.13408e-06
3.13479e-06
3.13553e-06
3.13631e-06
3.13712e-06
3.13796e-06
3.13882e-06
3.13969e-06
3.14061e-06
3.14159e-06
3.14263e-06
3.1437e-06
3.1448e-06
3.14591e-06
3.14702e-06
3.1481e-06
3.14915e-06
3.15015e-06
3.15108e-06
3.15192e-06
3.15264e-06
3.1532e-06
3.15357e-06
3.1537e-06
3.15353e-06
3.15299e-06
3.15199e-06
3.1505e-06
3.1488e-06
3.14829e-06
3.15242e-06
3.16445e-06
3.18968e-06
3.25836e-06
9.03927e-05
0.000505428
0.000705273
0.000478638
0.000162202
1.49782e-05
3.70196e-06
3.16433e-06
)
;

boundaryField
{
    walls
    {
        type            fixedValue;
        value           uniform 0;
    }
    frontAndBack
    {
        type            empty;
    }
    farfield
    {
        type            calculated;
        value           nonuniform List<scalar> 
76
(
3.12918e-06
3.1294e-06
3.12959e-06
3.12972e-06
3.12983e-06
3.12989e-06
3.12992e-06
3.12992e-06
3.12989e-06
3.12984e-06
3.12977e-06
3.12968e-06
3.12958e-06
3.12948e-06
3.12938e-06
3.12928e-06
3.12919e-06
3.12913e-06
3.12908e-06
3.12906e-06
3.12907e-06
3.12911e-06
3.1292e-06
3.12933e-06
3.12951e-06
3.12974e-06
3.13002e-06
3.13035e-06
3.13074e-06
3.13118e-06
3.13167e-06
3.1322e-06
3.13278e-06
3.13341e-06
3.13408e-06
3.13479e-06
3.13553e-06
3.13631e-06
3.13712e-06
3.13796e-06
3.13882e-06
3.13969e-06
3.14061e-06
3.14159e-06
3.14263e-06
3.1437e-06
3.1448e-06
3.14591e-06
3.14702e-06
3.1481e-06
3.14915e-06
3.15015e-06
3.15108e-06
3.15192e-06
3.15264e-06
3.1532e-06
3.15357e-06
3.1537e-06
3.15353e-06
3.15299e-06
3.15199e-06
3.1505e-06
3.1488e-06
3.14829e-06
3.15242e-06
3.16445e-06
3.18968e-06
3.25836e-06
9.03927e-05
0.000505428
0.000705273
0.000478638
0.000162202
1.49782e-05
3.70196e-06
3.16433e-06
)
;
    }
    procBoundary1to0
    {
        type            processor;
        value           nonuniform List<scalar> 
101
(
3.19681e-12
3.07345e-10
3.01455e-09
1.49076e-08
5.27418e-08
1.5286e-07
3.87749e-07
8.92857e-07
1.9067e-06
3.82277e-06
7.23287e-06
1.28989e-05
2.1588e-05
2.1588e-05
3.48117e-05
5.11611e-05
7.10338e-05
9.39677e-05
0.000119517
0.000147437
0.000177763
0.000210818
0.000247178
0.000287642
0.000333211
0.0003851
0.000444756
0.000444756
0.000522257
0.000604395
0.000700572
0.000813408
0.000945773
0.00110068
0.0012811
0.00148961
0.00172796
0.00199654
0.00229395
0.00261709
0.00296154
0.00332204
0.00369262
0.00406624
0.00443405
0.00478454
0.00510264
0.00536867
0.00555716
0.00563542
0.005562
0.00528536
0.00474449
0.00387655
0.00265824
0.001336
0.00047496
0.000118876
1.512e-05
4.67152e-06
3.42739e-06
3.21771e-06
3.17541e-06
3.16254e-06
3.156e-06
3.15196e-06
3.14937e-06
3.14751e-06
3.14591e-06
3.14438e-06
3.14293e-06
3.1416e-06
3.14043e-06
3.13942e-06
3.13857e-06
3.13788e-06
3.13732e-06
3.13688e-06
3.13658e-06
3.13643e-06
3.13672e-06
3.13725e-06
3.13778e-06
3.13824e-06
3.13862e-06
3.13889e-06
3.13906e-06
3.13913e-06
3.13909e-06
3.13891e-06
3.13856e-06
3.13799e-06
3.13716e-06
3.13597e-06
3.1344e-06
3.13226e-06
3.12949e-06
3.12542e-06
3.121e-06
3.11969e-06
3.12892e-06
)
;
    }
    procBoundary1to3
    {
        type            processor;
        value           nonuniform List<scalar> 
101
(
1.21534e-12
1.05464e-10
8.91338e-10
3.69649e-09
1.08628e-08
2.61248e-08
5.6254e-08
1.26255e-07
3.04222e-07
7.3507e-07
1.72069e-06
3.83043e-06
8.0191e-06
1.56622e-05
2.83435e-05
4.72866e-05
7.26327e-05
9.90116e-05
0.000121957
0.000140722
0.000154809
0.000163289
0.00016612
0.000164853
0.000161098
0.000156578
0.000153023
0.000152267
0.000155492
0.000163717
0.000177745
0.000198261
0.000225154
0.000258017
0.00029691
0.000341856
0.000393536
0.000452731
0.00052038
0.000597505
0.000688119
0.000797592
0.000925185
0.00106941
0.00122914
0.00140393
0.00159327
0.00179625
0.00201163
0.00201163
0.000972546
0.00059335
0.000576682
0.000555409
0.00053028
0.000502188
0.000472092
0.00044082
0.000409102
0.000377537
0.000346523
0.000316321
0.000287085
0.000258859
0.000231635
0.000205383
0.000180142
0.000155878
0.000132582
0.000110421
8.97415e-05
7.09884e-05
5.46459e-05
4.10701e-05
3.03461e-05
2.2273e-05
1.64054e-05
1.22596e-05
9.38772e-06
7.41808e-06
6.0708e-06
5.15351e-06
4.52577e-06
4.09436e-06
3.79747e-06
3.59336e-06
3.45323e-06
3.35745e-06
3.29236e-06
3.24855e-06
3.21845e-06
3.19774e-06
3.18337e-06
3.17322e-06
3.16583e-06
3.16022e-06
3.15575e-06
3.15205e-06
3.14887e-06
3.14616e-06
3.14359e-06
)
;
    }
}


// ************************************************************************* //
