/*--------------------------------*- C++ -*----------------------------------*\
| =========                 |                                                 |
| \\      /  F ield         | OpenFOAM: The Open Source CFD Toolbox           |
|  \\    /   O peration     | Version:  2412                                  |
|   \\  /    A nd           | Website:  www.openfoam.com                      |
|    \\/     M anipulation  |                                                 |
\*---------------------------------------------------------------------------*/
FoamFile
{
    version     2.0;
    format      ascii;
    arch        "LSB;label=32;scalar=64";
    class       volScalarField;
    location    "160";
    object      nut;
}
// * * * * * * * * * * * * * * * * * * * * * * * * * * * * * * * * * * * * * //

dimensions      [0 2 -1 0 0 0 0];

internalField   nonuniform List<scalar> 
7418
(
1.7318e-12
3.24775e-12
1.45752e-12
8.08453e-13
1.31893e-12
1.01625e-12
1.00202e-11
2.42912e-11
2.4377e-11
1.88101e-11
1.59816e-11
1.45996e-11
1.40095e-11
1.40791e-11
1.45802e-11
1.50091e-11
1.51363e-11
1.50677e-11
1.48132e-11
1.45281e-11
1.43745e-11
1.4345e-11
1.44087e-11
1.44951e-11
1.45468e-11
1.45706e-11
1.45866e-11
1.46203e-11
1.4673e-11
1.47353e-11
1.47982e-11
1.48604e-11
1.49249e-11
1.49927e-11
1.50646e-11
1.51382e-11
1.52135e-11
1.52904e-11
1.53681e-11
1.54458e-11
1.55239e-11
1.56029e-11
1.5682e-11
1.57609e-11
1.58392e-11
1.59169e-11
1.59944e-11
1.60716e-11
1.61462e-11
1.62186e-11
1.62912e-11
1.6362e-11
1.64313e-11
1.64992e-11
1.6564e-11
1.66281e-11
1.66906e-11
1.6751e-11
1.68087e-11
1.68629e-11
1.69155e-11
1.69671e-11
1.7015e-11
1.70594e-11
1.71027e-11
1.71436e-11
1.71822e-11
1.72177e-11
1.72499e-11
1.72816e-11
1.73123e-11
1.73415e-11
1.73712e-11
1.73959e-11
1.74114e-11
1.74271e-11
1.7439e-11
1.74473e-11
1.74516e-11
1.74498e-11
1.7444e-11
2.01991e-12
1.82324e-12
1.55926e-10
2.71435e-10
1.35441e-10
7.62216e-11
1.15351e-10
9.64961e-11
1.00783e-09
2.2058e-09
2.18432e-09
1.74989e-09
1.51379e-09
1.39692e-09
1.34901e-09
1.35745e-09
1.40035e-09
1.43587e-09
1.44566e-09
1.43829e-09
1.41552e-09
1.39087e-09
1.37788e-09
1.37592e-09
1.38183e-09
1.38949e-09
1.39413e-09
1.39643e-09
1.39817e-09
1.40151e-09
1.40658e-09
1.41245e-09
1.4184e-09
1.42431e-09
1.43042e-09
1.43692e-09
1.44374e-09
1.45071e-09
1.45785e-09
1.46514e-09
1.4725e-09
1.47989e-09
1.48736e-09
1.49483e-09
1.50233e-09
1.50983e-09
1.51723e-09
1.52462e-09
1.53198e-09
1.53926e-09
1.54639e-09
1.55335e-09
1.56022e-09
1.56696e-09
1.57353e-09
1.57997e-09
1.58617e-09
1.59224e-09
1.59812e-09
1.60384e-09
1.60934e-09
1.61451e-09
1.61949e-09
1.62432e-09
1.6289e-09
1.6332e-09
1.6373e-09
1.64115e-09
1.64477e-09
1.64815e-09
1.65126e-09
1.65422e-09
1.65708e-09
1.65989e-09
1.66266e-09
1.66501e-09
1.6665e-09
1.66793e-09
1.66903e-09
1.6698e-09
1.67017e-09
1.67003e-09
1.66945e-09
1.73904e-10
1.56392e-10
1.46636e-09
2.19691e-09
1.24e-09
7.24833e-10
9.93055e-10
1.11531e-09
1.05314e-08
1.9798e-08
1.93313e-08
1.63292e-08
1.45078e-08
1.3596e-08
1.32444e-08
1.33436e-08
1.36909e-08
1.39604e-08
1.40203e-08
1.39387e-08
1.37425e-08
1.35425e-08
1.34418e-08
1.34337e-08
1.34883e-08
1.35546e-08
1.35954e-08
1.36181e-08
1.36382e-08
1.36727e-08
1.37217e-08
1.37773e-08
1.3834e-08
1.38907e-08
1.39494e-08
1.40119e-08
1.40773e-08
1.41441e-08
1.42124e-08
1.4282e-08
1.43523e-08
1.44232e-08
1.44949e-08
1.45665e-08
1.46384e-08
1.47103e-08
1.47815e-08
1.48524e-08
1.49227e-08
1.49923e-08
1.50609e-08
1.51279e-08
1.51938e-08
1.52584e-08
1.53215e-08
1.53831e-08
1.54429e-08
1.5501e-08
1.55572e-08
1.56118e-08
1.56644e-08
1.57145e-08
1.57622e-08
1.58082e-08
1.5852e-08
1.58933e-08
1.59325e-08
1.59691e-08
1.60038e-08
1.60363e-08
1.60661e-08
1.6094e-08
1.61213e-08
1.61484e-08
1.61746e-08
1.61969e-08
1.62111e-08
1.62243e-08
1.62344e-08
1.6241e-08
1.62442e-08
1.62428e-08
1.62368e-08
1.45713e-09
1.31878e-09
7.31611e-09
8.76984e-09
5.51038e-09
3.41455e-09
4.27301e-09
7.87206e-09
5.49165e-08
8.76513e-08
8.48899e-08
7.61301e-08
6.97547e-08
6.65568e-08
6.54671e-08
6.60073e-08
6.72774e-08
6.81567e-08
6.82523e-08
6.78131e-08
6.70127e-08
6.62692e-08
6.59252e-08
6.59473e-08
6.61948e-08
6.64687e-08
6.66437e-08
6.6756e-08
6.68712e-08
6.70496e-08
6.72863e-08
6.75496e-08
6.78174e-08
6.80881e-08
6.83703e-08
6.86694e-08
6.89812e-08
6.92994e-08
6.96244e-08
6.99558e-08
7.02916e-08
7.06305e-08
7.09724e-08
7.13148e-08
7.16579e-08
7.2001e-08
7.23421e-08
7.26811e-08
7.3017e-08
7.33492e-08
7.36763e-08
7.39968e-08
7.4312e-08
7.4621e-08
7.49232e-08
7.52179e-08
7.55042e-08
7.57821e-08
7.60505e-08
7.63106e-08
7.65612e-08
7.6801e-08
7.70298e-08
7.72492e-08
7.74574e-08
7.76537e-08
7.7841e-08
7.80161e-08
7.81806e-08
7.83345e-08
7.84758e-08
7.86088e-08
7.87384e-08
7.88666e-08
7.89912e-08
7.90965e-08
7.91617e-08
7.92223e-08
7.92675e-08
7.92963e-08
7.9308e-08
7.92978e-08
7.92658e-08
6.01137e-09
6.32415e-09
3.16946e-08
2.50525e-08
1.69239e-08
1.12502e-08
1.34187e-08
4.08558e-08
1.98896e-07
2.73022e-07
2.6449e-07
2.52453e-07
2.38971e-07
2.32369e-07
2.30759e-07
2.32627e-07
2.35357e-07
2.36807e-07
2.36441e-07
2.34847e-07
2.32708e-07
2.3101e-07
2.30372e-07
2.30663e-07
2.31436e-07
2.32196e-07
2.32713e-07
2.33114e-07
2.33574e-07
2.34224e-07
2.35032e-07
2.35908e-07
2.36802e-07
2.37715e-07
2.38671e-07
2.39679e-07
2.40727e-07
2.41796e-07
2.42888e-07
2.44001e-07
2.45132e-07
2.46274e-07
2.47425e-07
2.48578e-07
2.49733e-07
2.50888e-07
2.52038e-07
2.53181e-07
2.54313e-07
2.55432e-07
2.56535e-07
2.57616e-07
2.5868e-07
2.59722e-07
2.60743e-07
2.61737e-07
2.62701e-07
2.63637e-07
2.64542e-07
2.65418e-07
2.66262e-07
2.67069e-07
2.6784e-07
2.68576e-07
2.69276e-07
2.69935e-07
2.70562e-07
2.7115e-07
2.717e-07
2.72212e-07
2.72685e-07
2.73131e-07
2.73563e-07
2.73987e-07
2.744e-07
2.7475e-07
2.74961e-07
2.75153e-07
2.75292e-07
2.75378e-07
2.75403e-07
2.75352e-07
2.75227e-07
1.76416e-08
2.78756e-08
1.18294e-07
5.99454e-08
4.15473e-08
2.96228e-08
3.76048e-08
1.7209e-07
5.6571e-07
6.88496e-07
6.73e-07
6.82966e-07
6.67858e-07
6.61518e-07
6.62514e-07
6.67023e-07
6.69701e-07
6.69349e-07
6.66489e-07
6.62096e-07
6.58086e-07
6.55852e-07
6.55629e-07
6.57003e-07
6.58881e-07
6.60465e-07
6.61668e-07
6.62834e-07
6.64305e-07
6.66213e-07
6.68424e-07
6.70764e-07
6.73159e-07
6.75639e-07
6.78243e-07
6.80975e-07
6.83807e-07
6.86699e-07
6.89652e-07
6.92668e-07
6.95726e-07
6.98815e-07
7.0193e-07
7.05055e-07
7.08185e-07
7.11314e-07
7.14431e-07
7.1753e-07
7.20597e-07
7.23629e-07
7.26617e-07
7.29554e-07
7.32442e-07
7.35271e-07
7.38031e-07
7.40722e-07
7.43335e-07
7.45871e-07
7.48326e-07
7.50694e-07
7.52972e-07
7.55152e-07
7.57237e-07
7.59225e-07
7.61109e-07
7.62886e-07
7.64566e-07
7.66142e-07
7.67615e-07
7.68981e-07
7.70245e-07
7.71437e-07
7.72584e-07
7.73706e-07
7.74794e-07
7.75721e-07
7.76258e-07
7.76731e-07
7.7706e-07
7.77245e-07
7.77261e-07
7.77068e-07
7.76668e-07
4.26539e-08
1.05899e-07
3.84159e-07
1.38916e-07
8.8522e-08
6.68396e-08
1.16917e-07
6.22237e-07
1.3432e-06
1.50999e-06
1.50022e-06
1.61233e-06
1.62558e-06
1.63703e-06
1.65015e-06
1.65736e-06
1.65177e-06
1.64108e-06
1.63048e-06
1.62092e-06
1.61638e-06
1.61695e-06
1.62002e-06
1.62446e-06
1.62818e-06
1.6307e-06
1.63305e-06
1.63599e-06
1.63995e-06
1.64473e-06
1.6499e-06
1.65523e-06
1.66071e-06
1.66646e-06
1.67252e-06
1.67885e-06
1.68539e-06
1.69206e-06
1.69889e-06
1.70585e-06
1.71292e-06
1.72005e-06
1.72725e-06
1.73447e-06
1.74171e-06
1.74894e-06
1.75615e-06
1.76332e-06
1.77041e-06
1.77743e-06
1.78434e-06
1.79113e-06
1.79781e-06
1.80435e-06
1.81072e-06
1.81693e-06
1.82297e-06
1.82882e-06
1.83448e-06
1.83992e-06
1.84516e-06
1.85017e-06
1.85495e-06
1.85951e-06
1.86381e-06
1.86787e-06
1.87169e-06
1.87527e-06
1.8786e-06
1.88168e-06
1.88452e-06
1.8872e-06
1.88975e-06
1.89222e-06
1.89463e-06
1.89669e-06
1.89779e-06
1.89873e-06
1.89932e-06
1.89957e-06
1.89942e-06
1.8988e-06
1.89769e-06
9.28893e-08
3.50657e-07
1.09529e-06
3.58118e-07
1.74231e-07
1.38138e-07
3.65185e-07
1.83583e-06
2.76823e-06
3.0046e-06
3.04958e-06
3.44938e-06
3.56917e-06
3.64039e-06
3.68245e-06
3.68564e-06
3.64972e-06
3.60949e-06
3.58166e-06
3.56558e-06
3.56719e-06
3.58015e-06
3.59334e-06
3.60447e-06
3.61044e-06
3.61324e-06
3.61725e-06
3.62387e-06
3.6331e-06
3.6435e-06
3.65407e-06
3.66467e-06
3.67567e-06
3.68736e-06
3.6997e-06
3.71254e-06
3.72574e-06
3.73921e-06
3.753e-06
3.76707e-06
3.78135e-06
3.79577e-06
3.8103e-06
3.82489e-06
3.83952e-06
3.85414e-06
3.86871e-06
3.88318e-06
3.8975e-06
3.91168e-06
3.92563e-06
3.93934e-06
3.95278e-06
3.96594e-06
3.97877e-06
3.99128e-06
4.0034e-06
4.01514e-06
4.02646e-06
4.03733e-06
4.04778e-06
4.05773e-06
4.06722e-06
4.07624e-06
4.08472e-06
4.09269e-06
4.10018e-06
4.10714e-06
4.11358e-06
4.11951e-06
4.12495e-06
4.13001e-06
4.13479e-06
4.13934e-06
4.14377e-06
4.14761e-06
4.14936e-06
4.15074e-06
4.15138e-06
4.15131e-06
4.15042e-06
4.1486e-06
4.14573e-06
2.16449e-07
1.02351e-06
2.76924e-06
9.24461e-07
3.44041e-07
2.7506e-07
1.10288e-06
4.26453e-06
5.09584e-06
5.57286e-06
5.80015e-06
6.83716e-06
7.1959e-06
7.38548e-06
7.46665e-06
7.44149e-06
7.33589e-06
7.23799e-06
7.1832e-06
7.16557e-06
7.18967e-06
7.23257e-06
7.26644e-06
7.28838e-06
7.29554e-06
7.29669e-06
7.30302e-06
7.31629e-06
7.33481e-06
7.35443e-06
7.37323e-06
7.39166e-06
7.41098e-06
7.43178e-06
7.45376e-06
7.4765e-06
7.49976e-06
7.52352e-06
7.54785e-06
7.57267e-06
7.59786e-06
7.62329e-06
7.64893e-06
7.67465e-06
7.70042e-06
7.72621e-06
7.75184e-06
7.7773e-06
7.80245e-06
7.82735e-06
7.85182e-06
7.87583e-06
7.89934e-06
7.9223e-06
7.94469e-06
7.96644e-06
7.98745e-06
8.00776e-06
8.0273e-06
8.04598e-06
8.06386e-06
8.08083e-06
8.09695e-06
8.11213e-06
8.12634e-06
8.13958e-06
8.15193e-06
8.16331e-06
8.17371e-06
8.18317e-06
8.19171e-06
8.19949e-06
8.20664e-06
8.21324e-06
8.21969e-06
8.22538e-06
8.22696e-06
8.2278e-06
8.22728e-06
8.22543e-06
8.22215e-06
8.21725e-06
8.21037e-06
5.33724e-07
2.65568e-06
6.2557e-06
2.26368e-06
7.61573e-07
6.02592e-07
3.15714e-06
8.26238e-06
8.57663e-06
9.80226e-06
1.05083e-05
1.26764e-05
1.3378e-05
1.37006e-05
1.37891e-05
1.36872e-05
1.34703e-05
1.32966e-05
1.32184e-05
1.32177e-05
1.32893e-05
1.33806e-05
1.34427e-05
1.34758e-05
1.34804e-05
1.34774e-05
1.34872e-05
1.35105e-05
1.3542e-05
1.35733e-05
1.36019e-05
1.36296e-05
1.36589e-05
1.36908e-05
1.37246e-05
1.37593e-05
1.37946e-05
1.38307e-05
1.38678e-05
1.39055e-05
1.39438e-05
1.39824e-05
1.40213e-05
1.40603e-05
1.40994e-05
1.41384e-05
1.41772e-05
1.42157e-05
1.42536e-05
1.4291e-05
1.43278e-05
1.43637e-05
1.43989e-05
1.44331e-05
1.44663e-05
1.44985e-05
1.45294e-05
1.45592e-05
1.45876e-05
1.46147e-05
1.46404e-05
1.46646e-05
1.46874e-05
1.47085e-05
1.47282e-05
1.47461e-05
1.47626e-05
1.47775e-05
1.47908e-05
1.48026e-05
1.48127e-05
1.48216e-05
1.48292e-05
1.48355e-05
1.48417e-05
1.48474e-05
1.4846e-05
1.48433e-05
1.48383e-05
1.48312e-05
1.48219e-05
1.48103e-05
1.47954e-05
1.30087e-06
6.16618e-06
1.26719e-05
5.15019e-06
1.7393e-06
1.40934e-06
8.37082e-06
1.40023e-05
1.35247e-05
1.65021e-05
1.82956e-05
2.19153e-05
2.28607e-05
2.32156e-05
2.32233e-05
2.29908e-05
2.26496e-05
2.24173e-05
2.23446e-05
2.23912e-05
2.2531e-05
2.2675e-05
2.27596e-05
2.27965e-05
2.2793e-05
2.2785e-05
2.28001e-05
2.28355e-05
2.28806e-05
2.29229e-05
2.29598e-05
2.29955e-05
2.3034e-05
2.30762e-05
2.31208e-05
2.31662e-05
2.32125e-05
2.32596e-05
2.33081e-05
2.33575e-05
2.34075e-05
2.34579e-05
2.35087e-05
2.35595e-05
2.36104e-05
2.36611e-05
2.37113e-05
2.37611e-05
2.381e-05
2.38582e-05
2.39052e-05
2.39512e-05
2.39959e-05
2.40392e-05
2.40809e-05
2.41211e-05
2.41595e-05
2.4196e-05
2.42306e-05
2.42631e-05
2.42937e-05
2.4322e-05
2.43482e-05
2.43719e-05
2.43934e-05
2.44125e-05
2.44294e-05
2.44438e-05
2.44559e-05
2.44658e-05
2.44732e-05
2.44785e-05
2.44814e-05
2.44819e-05
2.44825e-05
2.44836e-05
2.4474e-05
2.4462e-05
2.44469e-05
2.44287e-05
2.44078e-05
2.4384e-05
2.43551e-05
3.03674e-06
1.28348e-05
2.30727e-05
1.07894e-05
3.9062e-06
3.32049e-06
1.73767e-05
2.14932e-05
2.05989e-05
2.6621e-05
3.03601e-05
3.50526e-05
3.59101e-05
3.61075e-05
3.5931e-05
3.55415e-05
3.51097e-05
3.48743e-05
3.48533e-05
3.49747e-05
3.51843e-05
3.53622e-05
3.54494e-05
3.5477e-05
3.54609e-05
3.54497e-05
3.54721e-05
3.55188e-05
3.55739e-05
3.56222e-05
3.56632e-05
3.57031e-05
3.57472e-05
3.57958e-05
3.58468e-05
3.58985e-05
3.5951e-05
3.60046e-05
3.60596e-05
3.61157e-05
3.61724e-05
3.62296e-05
3.6287e-05
3.63444e-05
3.64017e-05
3.64586e-05
3.65148e-05
3.65703e-05
3.66246e-05
3.66779e-05
3.67295e-05
3.67797e-05
3.6828e-05
3.68745e-05
3.69189e-05
3.69611e-05
3.70009e-05
3.70381e-05
3.70727e-05
3.71045e-05
3.71337e-05
3.71598e-05
3.7183e-05
3.7203e-05
3.72198e-05
3.72335e-05
3.72441e-05
3.72515e-05
3.72557e-05
3.72568e-05
3.72547e-05
3.72491e-05
3.72396e-05
3.72262e-05
3.72132e-05
3.72025e-05
3.71774e-05
3.71488e-05
3.7116e-05
3.70795e-05
3.70398e-05
3.69971e-05
3.69475e-05
6.66207e-06
2.3954e-05
3.7939e-05
2.06488e-05
8.41036e-06
7.66556e-06
2.92318e-05
3.0752e-05
3.06276e-05
4.09015e-05
4.70262e-05
5.18318e-05
5.22322e-05
5.2094e-05
5.16695e-05
5.11427e-05
5.06908e-05
5.0523e-05
5.05951e-05
5.07999e-05
5.1057e-05
5.12338e-05
5.12974e-05
5.13031e-05
5.12731e-05
5.12625e-05
5.12929e-05
5.1347e-05
5.14051e-05
5.14525e-05
5.14915e-05
5.15306e-05
5.15749e-05
5.1624e-05
5.16749e-05
5.17262e-05
5.17783e-05
5.18316e-05
5.18862e-05
5.19419e-05
5.1998e-05
5.20544e-05
5.21109e-05
5.21673e-05
5.22233e-05
5.22787e-05
5.2333e-05
5.23863e-05
5.24381e-05
5.24884e-05
5.25366e-05
5.25829e-05
5.2627e-05
5.26685e-05
5.27074e-05
5.27435e-05
5.27765e-05
5.28064e-05
5.28329e-05
5.28559e-05
5.28756e-05
5.28913e-05
5.29035e-05
5.29115e-05
5.29157e-05
5.29159e-05
5.29123e-05
5.29046e-05
5.28929e-05
5.28772e-05
5.28572e-05
5.28324e-05
5.28016e-05
5.2765e-05
5.2729e-05
5.26979e-05
5.26495e-05
5.25963e-05
5.25379e-05
5.24753e-05
5.24096e-05
5.23412e-05
5.22642e-05
1.35636e-05
4.02105e-05
5.68738e-05
3.59566e-05
1.69556e-05
1.6949e-05
4.26209e-05
4.19293e-05
4.4511e-05
5.93639e-05
6.74225e-05
7.14428e-05
7.11703e-05
7.06052e-05
6.99339e-05
6.93278e-05
6.89343e-05
6.88907e-05
6.9074e-05
6.93472e-05
6.96145e-05
6.97533e-05
6.97715e-05
6.97476e-05
6.97059e-05
6.96994e-05
6.97366e-05
6.97923e-05
6.98453e-05
6.98844e-05
6.99158e-05
6.99488e-05
6.99877e-05
7.0031e-05
7.00752e-05
7.01194e-05
7.01641e-05
7.021e-05
7.0257e-05
7.03047e-05
7.03527e-05
7.04006e-05
7.04484e-05
7.04957e-05
7.05423e-05
7.0588e-05
7.06323e-05
7.06751e-05
7.0716e-05
7.07549e-05
7.07914e-05
7.08255e-05
7.08568e-05
7.0885e-05
7.091e-05
7.09316e-05
7.09495e-05
7.09637e-05
7.09738e-05
7.09797e-05
7.09816e-05
7.0979e-05
7.09719e-05
7.09599e-05
7.09434e-05
7.09221e-05
7.08962e-05
7.08655e-05
7.083e-05
7.07896e-05
7.07438e-05
7.06915e-05
7.06307e-05
7.05619e-05
7.04937e-05
7.04332e-05
7.03543e-05
7.02689e-05
7.01777e-05
7.0082e-05
6.99838e-05
6.98835e-05
6.97736e-05
2.54092e-05
6.12629e-05
7.87948e-05
5.71e-05
3.1541e-05
3.45079e-05
5.66274e-05
5.52593e-05
6.26908e-05
8.11695e-05
9.01748e-05
9.2955e-05
9.1989e-05
9.10046e-05
9.01405e-05
8.95259e-05
8.92514e-05
8.93569e-05
8.96424e-05
8.99528e-05
9.01919e-05
9.02651e-05
9.02263e-05
9.01715e-05
9.01221e-05
9.0122e-05
9.01628e-05
9.02135e-05
9.02543e-05
9.02794e-05
9.02987e-05
9.03214e-05
9.03502e-05
9.03823e-05
9.04141e-05
9.04454e-05
9.0477e-05
9.05095e-05
9.05427e-05
9.05761e-05
9.06094e-05
9.06423e-05
9.06746e-05
9.0706e-05
9.07364e-05
9.07652e-05
9.07923e-05
9.08175e-05
9.08403e-05
9.08607e-05
9.0878e-05
9.08925e-05
9.09037e-05
9.09113e-05
9.0915e-05
9.09149e-05
9.09104e-05
9.09015e-05
9.0888e-05
9.08696e-05
9.08466e-05
9.08183e-05
9.07848e-05
9.07458e-05
9.07015e-05
9.06518e-05
9.05967e-05
9.0536e-05
9.04697e-05
9.03976e-05
9.03188e-05
9.02316e-05
9.01333e-05
9.00243e-05
8.99155e-05
8.98169e-05
8.97012e-05
8.95773e-05
8.94472e-05
8.93125e-05
8.91761e-05
8.90389e-05
8.88915e-05
4.35781e-05
8.59519e-05
0.00010244
8.35009e-05
5.38146e-05
5.61456e-05
7.10302e-05
7.08861e-05
8.46191e-05
0.000105102
0.000114144
0.000115646
0.000114083
0.000112753
0.000111772
0.00011121
0.000111084
0.000111332
0.000111692
0.000112004
0.000112186
0.000112179
0.000112082
0.000112
0.000111947
0.000111953
0.000111993
0.000112033
0.000112057
0.000112064
0.000112068
0.000112078
0.000112093
0.00011211
0.000112125
0.000112139
0.000112154
0.000112168
0.000112183
0.000112198
0.000112211
0.000112224
0.000112236
0.000112246
0.000112255
0.000112262
0.000112266
0.000112268
0.000112267
0.000112263
0.000112256
0.000112245
0.00011223
0.000112211
0.000112188
0.00011216
0.000112127
0.000112089
0.000112046
0.000111998
0.000111944
0.000111884
0.000111818
0.000111746
0.000111668
0.000111584
0.000111494
0.000111397
0.000111294
0.000111185
0.000111067
0.000110938
0.000110795
0.000110639
0.000110482
0.000110337
0.000110179
0.000110011
0.000109836
0.000109657
0.000109478
0.000109299
0.00010911
6.84517e-05
0.000112837
0.000126755
0.000114175
8.40959e-05
7.82764e-05
8.59057e-05
8.86855e-05
0.000109047
0.000130138
0.000138662
0.000139072
0.000137055
0.000135476
0.000134453
0.00013398
0.000134003
0.000134367
0.000134766
0.00013505
0.000135156
0.000135069
0.000134918
0.000134813
0.000134759
0.00013477
0.000134805
0.00013483
0.000134833
0.000134821
0.000134808
0.000134802
0.000134801
0.0001348
0.000134796
0.000134791
0.000134785
0.000134779
0.000134772
0.000134764
0.000134755
0.000134744
0.000134732
0.000134717
0.0001347
0.000134681
0.000134658
0.000134633
0.000134604
0.000134571
0.000134534
0.000134494
0.000134448
0.000134398
0.000134343
0.000134283
0.000134217
0.000134145
0.000134068
0.000133984
0.000133894
0.000133798
0.000133695
0.000133585
0.000133468
0.000133344
0.000133214
0.000133076
0.000132931
0.000132778
0.000132615
0.000132439
0.000132246
0.000132036
0.000131823
0.00013162
0.000131415
0.000131198
0.000130974
0.000130745
0.000130518
0.000130293
0.000130059
9.90115e-05
0.000140708
0.00015094
0.000148189
0.000114274
9.87737e-05
0.00010148
0.000108776
0.000134757
0.000155663
0.000163445
0.000163015
0.000160692
0.00015896
0.000157949
0.00015758
0.000157731
0.000158175
0.00015858
0.000158814
0.000158839
0.000158676
0.000158481
0.000158359
0.000158305
0.000158317
0.000158343
0.00015835
0.000158331
0.000158298
0.000158268
0.000158246
0.000158226
0.000158205
0.000158181
0.000158153
0.000158125
0.000158096
0.000158066
0.000158033
0.000157998
0.000157961
0.000157922
0.000157879
0.000157834
0.000157785
0.000157732
0.000157676
0.000157615
0.00015755
0.00015748
0.000157406
0.000157326
0.000157241
0.000157149
0.000157052
0.000156949
0.000156839
0.000156723
0.000156599
0.000156469
0.000156331
0.000156186
0.000156033
0.000155873
0.000155705
0.000155529
0.000155344
0.000155151
0.000154949
0.000154735
0.000154506
0.000154256
0.000153985
0.000153708
0.000153436
0.000153178
0.000152905
0.000152626
0.000152343
0.000152061
0.000151785
0.000151502
0.00012824
0.000168856
0.000174365
0.000185401
0.000141551
0.000117566
0.000118077
0.000131032
0.000160949
0.000181409
0.000188437
0.00018741
0.00018491
0.000183104
0.000182139
0.000181867
0.000182117
0.000182605
0.000182989
0.00018316
0.000183107
0.000182879
0.000182649
0.000182513
0.000182458
0.000182468
0.000182482
0.000182468
0.000182426
0.000182373
0.000182325
0.000182284
0.000182246
0.000182204
0.000182156
0.000182106
0.000182054
0.000182001
0.000181944
0.000181885
0.000181822
0.000181757
0.000181688
0.000181615
0.000181538
0.000181457
0.000181371
0.00018128
0.000181185
0.000181084
0.000180978
0.000180866
0.000180748
0.000180623
0.000180492
0.000180354
0.000180209
0.000180057
0.000179897
0.000179729
0.000179553
0.000179369
0.000179177
0.000178976
0.000178766
0.000178548
0.000178321
0.000178084
0.000177838
0.00017758
0.000177309
0.000177018
0.000176704
0.000176366
0.000176014
0.000175658
0.000175342
0.000175007
0.000174665
0.000174321
0.000173979
0.000173644
0.000173306
0.000153464
0.000193969
0.000196566
0.000218934
0.000165043
0.000135105
0.000135959
0.000155117
0.000187386
0.000207307
0.00021368
0.000212264
0.000209667
0.00020787
0.000206961
0.000206773
0.000207087
0.000207587
0.000207933
0.000208037
0.000207912
0.00020763
0.000207374
0.000207226
0.00020717
0.000207174
0.000207173
0.000207137
0.000207073
0.000206999
0.000206932
0.000206873
0.000206814
0.00020675
0.000206679
0.000206604
0.000206527
0.000206448
0.000206364
0.000206276
0.000206184
0.000206087
0.000205986
0.000205881
0.00020577
0.000205653
0.000205531
0.000205404
0.00020527
0.00020513
0.000204984
0.000204831
0.00020467
0.000204502
0.000204327
0.000204144
0.000203952
0.000203752
0.000203544
0.000203327
0.000203101
0.000202865
0.00020262
0.000202365
0.000202101
0.000201826
0.000201541
0.000201246
0.000200939
0.000200618
0.000200281
0.000199922
0.000199535
0.000199121
0.000198686
0.00019823
0.000197847
0.000197442
0.000197031
0.000196617
0.000196207
0.000195804
0.000195405
0.00017425
0.000213136
0.000217285
0.000248329
0.000184899
0.000152033
0.000155379
0.000180612
0.000214091
0.00023337
0.000239222
0.000237606
0.00023497
0.000233235
0.000232382
0.000232256
0.000232604
0.000233092
0.000233387
0.000233427
0.00023324
0.000232916
0.00023264
0.000232484
0.000232424
0.000232419
0.0002324
0.000232343
0.000232257
0.000232163
0.000232077
0.000231999
0.000231918
0.00023183
0.000231735
0.000231636
0.000231532
0.000231425
0.000231312
0.000231194
0.00023107
0.000230941
0.000230806
0.000230664
0.000230517
0.000230362
0.000230201
0.000230033
0.000229858
0.000229675
0.000229485
0.000229286
0.000229079
0.000228864
0.00022864
0.000228406
0.000228163
0.000227911
0.000227649
0.000227376
0.000227094
0.0002268
0.000226496
0.000226181
0.000225855
0.000225517
0.000225168
0.000224805
0.00022443
0.000224039
0.000223627
0.00022319
0.000222722
0.000222222
0.000221694
0.000190202
0.000226763
0.000236552
0.000274007
0.000201618
0.000169001
0.000176404
0.000207046
0.000241078
0.000259633
0.000265079
0.000263424
0.00026081
0.000259162
0.000258361
0.000258275
0.000258632
0.00025909
0.000259331
0.000259312
0.000259075
0.00025872
0.000258431
0.000258267
0.000258201
0.000258184
0.000258148
0.000258069
0.000257961
0.000257848
0.000257744
0.000257645
0.000257543
0.000257431
0.000257311
0.000257185
0.000257054
0.000256918
0.000256775
0.000256624
0.000256467
0.000256303
0.000256131
0.000255952
0.000255765
0.00025557
0.000255367
0.000255155
0.000254934
0.000254705
0.000254466
0.000254218
0.00025396
0.000253692
0.000253414
0.000253125
0.000252825
0.000252515
0.000252193
0.000251859
0.000251514
0.000251156
0.000250786
0.000250403
0.000250008
0.000249599
0.000249177
0.000248739
0.000248286
0.000247814
0.000247319
0.000246794
0.000246235
0.000245639
0.000245011
0.000200414
0.000235705
0.000254736
0.000295628
0.000216507
0.000186461
0.000198827
0.00023429
0.00026832
0.000286109
0.000291253
0.000289669
0.000287143
0.00028558
0.000284829
0.000284765
0.000285111
0.000285529
0.000285716
0.000285648
0.000285374
0.000284998
0.0002847
0.00028453
0.000284457
0.000284427
0.000284373
0.000284274
0.000284146
0.000284014
0.000283891
0.000283772
0.000283647
0.000283512
0.000283366
0.000283213
0.000283054
0.000282888
0.000282713
0.000282529
0.000282337
0.000282136
0.000281926
0.000281706
0.000281477
0.000281238
0.000280989
0.00028073
0.000280461
0.000280181
0.00027989
0.000279588
0.000279274
0.000278949
0.000278611
0.000278262
0.000277899
0.000277524
0.000277136
0.000276735
0.000276319
0.00027589
0.000275446
0.000274988
0.000274515
0.000274027
0.000273522
0.000273
0.00027246
0.000271897
0.000271307
0.000270683
0.000270021
0.00026932
0.000268585
0.000203228
0.000240545
0.000272594
0.000312846
0.000230631
0.000204802
0.000222893
0.000262224
0.000295744
0.000312755
0.000317665
0.000316229
0.000313865
0.000312379
0.000311678
0.000311621
0.000311944
0.000312318
0.000312456
0.000312349
0.000312049
0.000311663
0.000311362
0.000311187
0.000311105
0.000311062
0.00031099
0.000310873
0.000310727
0.000310578
0.000310437
0.000310298
0.000310152
0.000309992
0.000309821
0.000309641
0.000309454
0.000309257
0.000309049
0.000308831
0.000308602
0.000308362
0.000308111
0.000307849
0.000307576
0.00030729
0.000306993
0.000306684
0.000306362
0.000306027
0.000305679
0.000305319
0.000304944
0.000304556
0.000304154
0.000303738
0.000303307
0.000302861
0.0003024
0.000301923
0.000301431
0.000300922
0.000300396
0.000299854
0.000299295
0.000298717
0.000298121
0.000297504
0.000296865
0.000296199
0.000295502
0.000294768
0.000293992
0.000293175
0.000292328
0.000199708
0.000241809
0.000290887
0.000326513
0.000244491
0.000224372
0.000248676
0.000290658
0.000323234
0.000339457
0.00034417
0.000342941
0.000340789
0.000339397
0.000338748
0.000338691
0.000338985
0.000339314
0.00033941
0.000339275
0.000338962
0.000338575
0.000338276
0.000338097
0.000338008
0.000337952
0.000337865
0.000337732
0.000337571
0.000337406
0.000337248
0.000337091
0.000336923
0.00033674
0.000336545
0.000336338
0.000336122
0.000335894
0.000335653
0.000335399
0.000335133
0.000334853
0.00033456
0.000334254
0.000333933
0.000333599
0.00033325
0.000332887
0.000332509
0.000332116
0.000331708
0.000331284
0.000330844
0.000330388
0.000329916
0.000329427
0.000328921
0.000328397
0.000327856
0.000327297
0.000326719
0.000326123
0.000325507
0.000324871
0.000324215
0.000323538
0.000322839
0.000322116
0.000321366
0.000320585
0.000319769
0.000318911
0.000318009
0.000317067
0.0003161
0.000191913
0.000239964
0.000306772
0.000337513
0.000258678
0.000245484
0.000275952
0.000319337
0.000350621
0.000366027
0.000370567
0.000369586
0.000367678
0.000366415
0.000365822
0.000365764
0.000366026
0.000366313
0.000366375
0.000366224
0.000365909
0.000365531
0.00036524
0.000365061
0.000364966
0.0003649
0.000364799
0.000364654
0.000364481
0.000364303
0.00036413
0.000363955
0.000363768
0.000363564
0.000363344
0.000363112
0.000362867
0.000362609
0.000362335
0.000362045
0.000361741
0.000361421
0.000361084
0.000360732
0.000360363
0.000359977
0.000359574
0.000359155
0.000358717
0.000358262
0.000357789
0.000357298
0.000356788
0.000356259
0.00035571
0.000355143
0.000354555
0.000353947
0.000353318
0.000352669
0.000351997
0.000351304
0.000350588
0.000349849
0.000349087
0.000348299
0.000347485
0.000346642
0.000345769
0.00034486
0.000343911
0.000342917
0.000341877
0.000340799
0.000339703
0.000182061
0.000235945
0.000320002
0.000346545
0.000273685
0.00026817
0.00030416
0.000347967
0.000377669
0.000392216
0.000396592
0.000395887
0.000394255
0.000393146
0.000392618
0.000392562
0.000392794
0.000393042
0.000393081
0.000392924
0.00039262
0.000392261
0.000391983
0.000391808
0.00039171
0.000391636
0.000391527
0.000391374
0.000391192
0.000391004
0.000390819
0.000390629
0.000390425
0.000390201
0.000389959
0.000389703
0.000389431
0.000389142
0.000388836
0.000388511
0.000388168
0.000387807
0.000387426
0.000387027
0.000386608
0.000386169
0.00038571
0.000385231
0.000384732
0.000384211
0.000383669
0.000383106
0.000382521
0.000381913
0.000381283
0.000380631
0.000379955
0.000379255
0.000378531
0.000377783
0.000377009
0.000376209
0.000375383
0.00037453
0.000373649
0.000372739
0.000371797
0.000370822
0.000369811
0.00036876
0.000367664
0.000366519
0.000365329
0.000364103
0.000362866
0.000172138
0.000231158
0.000331258
0.000354535
0.000289759
0.000292052
0.000332908
0.000376201
0.00040408
0.000417705
0.000421914
0.000421498
0.000420165
0.00041923
0.000418778
0.00041873
0.000418936
0.000419153
0.000419177
0.000419026
0.000418744
0.000418414
0.000418157
0.000417992
0.000417894
0.000417816
0.000417703
0.000417547
0.000417361
0.000417168
0.000416973
0.000416772
0.000416552
0.000416311
0.00041605
0.000415771
0.000415474
0.000415157
0.000414819
0.00041446
0.000414079
0.000413677
0.000413252
0.000412805
0.000412335
0.000411841
0.000411324
0.000410784
0.000410219
0.000409629
0.000409015
0.000408376
0.00040771
0.000407019
0.000406302
0.000405558
0.000404786
0.000403987
0.00040316
0.000402304
0.000401418
0.000400502
0.000399555
0.000398576
0.000397564
0.000396518
0.000395435
0.000394313
0.000393149
0.00039194
0.000390682
0.000389373
0.000388017
0.000386629
0.000385233
0.00016442
0.000226981
0.000341109
0.000362567
0.000306853
0.000317249
0.000361761
0.00040363
0.000429487
0.000442107
0.000446129
0.000445989
0.000444969
0.000444224
0.000443862
0.00044383
0.000444017
0.000444209
0.000444229
0.000444094
0.000443845
0.000443555
0.000443327
0.000443177
0.000443086
0.00044301
0.000442898
0.000442743
0.000442559
0.000442364
0.000442165
0.000441955
0.000441724
0.00044147
0.000441192
0.000440893
0.000440573
0.000440229
0.000439861
0.000439468
0.000439051
0.000438608
0.000438138
0.000437643
0.000437121
0.000436571
0.000435995
0.00043539
0.000434757
0.000434096
0.000433405
0.000432685
0.000431935
0.000431155
0.000430344
0.000429502
0.000428627
0.000427721
0.000426781
0.000425807
0.000424799
0.000423755
0.000422675
0.000421558
0.000420402
0.000419205
0.000417965
0.00041668
0.000415348
0.000413964
0.000412527
0.000411037
0.0004095
0.00040793
0.000406354
0.000160661
0.000223728
0.000351453
0.000371335
0.00032547
0.00034356
0.000390167
0.000429799
0.000453445
0.000464966
0.000468777
0.000468842
0.000468137
0.000467595
0.000467335
0.000467329
0.000467504
0.000467681
0.000467707
0.000467599
0.000467395
0.000467155
0.000466963
0.000466836
0.000466757
0.000466687
0.000466582
0.000466435
0.000466258
0.000466068
0.000465868
0.000465653
0.000465415
0.00046515
0.000464859
0.000464543
0.000464202
0.000463834
0.000463438
0.000463014
0.00046256
0.000462077
0.000461563
0.000461019
0.000460444
0.000459838
0.0004592
0.000458529
0.000457825
0.000457088
0.000456318
0.000455512
0.000454672
0.000453797
0.000452885
0.000451937
0.000450952
0.000449928
0.000448866
0.000447765
0.000446623
0.000445439
0.000444212
0.000442942
0.000441626
0.000440263
0.000438849
0.000437384
0.000435864
0.000434287
0.000432653
0.000430963
0.000429224
0.000427448
0.000425662
0.000162521
0.000222662
0.000364868
0.000381218
0.000345376
0.000370441
0.000417474
0.000454185
0.000475411
0.000485712
0.000489286
0.000489449
0.000489044
0.000488709
0.00048856
0.000488589
0.000488762
0.000488932
0.000488975
0.000488905
0.000488758
0.000488579
0.000488428
0.000488331
0.00048827
0.000488213
0.000488121
0.000487988
0.000487825
0.000487643
0.000487448
0.000487233
0.000486991
0.00048672
0.000486418
0.000486088
0.000485729
0.000485339
0.000484916
0.000484461
0.000483972
0.000483449
0.000482892
0.000482299
0.00048167
0.000481005
0.000480303
0.000479564
0.000478786
0.000477969
0.000477114
0.000476218
0.000475281
0.000474304
0.000473284
0.000472222
0.000471116
0.000469966
0.00046877
0.000467528
0.000466239
0.000464901
0.000463513
0.000462073
0.00046058
0.000459032
0.000457426
0.00045576
0.000454032
0.000452242
0.000450389
0.000448476
0.000446507
0.000444491
0.000442458
0.000171019
0.000225494
0.000377939
0.000392424
0.000366264
0.000397017
0.00044301
0.000476172
0.000494694
0.000503568
0.000506744
0.000507094
0.000506956
0.000506818
0.000506782
0.000506858
0.000507038
0.000507212
0.000507284
0.000507258
0.000507176
0.000507066
0.000506966
0.000506907
0.000506871
0.000506833
0.000506759
0.000506647
0.000506501
0.000506334
0.000506147
0.000505937
0.000505695
0.00050542
0.000505111
0.00050477
0.000504394
0.000503984
0.000503536
0.000503051
0.000502527
0.000501965
0.000501362
0.000500719
0.000500035
0.000499309
0.00049854
0.000497728
0.000496872
0.000495971
0.000495024
0.000494031
0.000492991
0.000491902
0.000490765
0.000489579
0.000488341
0.000487052
0.00048571
0.000484313
0.000482861
0.000481352
0.000479785
0.000478157
0.000476467
0.000474712
0.000472892
0.000471003
0.000469044
0.000467015
0.000464916
0.00046275
0.000460517
0.000458222
0.000455887
0.000187186
0.000232551
0.000394682
0.000404839
0.000387478
0.000422512
0.000466063
0.000495075
0.000510565
0.000517789
0.000520453
0.000520953
0.000521019
0.000521051
0.00052112
0.00052125
0.000521445
0.000521631
0.000521739
0.000521773
0.000521763
0.000521728
0.00052169
0.000521677
0.000521672
0.000521657
0.000521607
0.000521519
0.000521397
0.000521248
0.000521074
0.00052087
0.000520631
0.000520355
0.000520041
0.000519689
0.000519299
0.000518868
0.000518395
0.00051788
0.000517321
0.000516717
0.000516068
0.000515372
0.000514629
0.000513838
0.000512998
0.000512108
0.000511167
0.000510174
0.000509129
0.00050803
0.000506876
0.000505667
0.000504401
0.000503077
0.000501694
0.00050025
0.000498745
0.000497177
0.000495543
0.000493843
0.000492075
0.000490237
0.000488326
0.000486341
0.000484279
0.00048214
0.000479921
0.000477623
0.000475247
0.00047279
0.000470254
0.000467636
0.000210544
0.000242746
0.000414275
0.000418214
0.000408607
0.000446142
0.000485885
0.000510146
0.000522228
0.000527541
0.000529534
0.000530084
0.000530249
0.000530403
0.000530556
0.000530742
0.000530961
0.000531167
0.000531321
0.000531423
0.000531492
0.000531536
0.000531569
0.000531605
0.000531636
0.000531648
0.000531626
0.000531566
0.00053147
0.000531341
0.000531181
0.000530985
0.00053075
0.000530474
0.000530154
0.000529792
0.000529386
0.000528933
0.000528434
0.000527885
0.000527287
0.000526639
0.000525939
0.000525185
0.000524378
0.000523515
0.000522596
0.00052162
0.000520586
0.000519492
0.000518337
0.00051712
0.00051584
0.000514496
0.000513086
0.000511608
0.000510062
0.000508445
0.000506757
0.000504995
0.000503157
0.000501242
0.000499247
0.000497171
0.000495011
0.000492765
0.000490431
0.000488007
0.000485494
0.000482889
0.000480192
0.000477402
0.00047452
0.000471551
0.0002409
0.000255918
0.000435333
0.00043225
0.000429126
0.000467052
0.000501677
0.000520526
0.000528721
0.000531757
0.000532797
0.000533202
0.000533459
0.000533688
0.000533918
0.000534159
0.000534404
0.000534639
0.000534846
0.000535024
0.000535175
0.000535301
0.000535407
0.000535497
0.000535565
0.000535605
0.000535611
0.000535579
0.000535509
0.0005354
0.000535253
0.000535064
0.00053483
0.000534551
0.000534224
0.000533847
0.000533421
0.000532942
0.000532411
0.000531824
0.000531181
0.00053048
0.000529721
0.000528901
0.00052802
0.000527075
0.000526067
0.000524993
0.000523852
0.000522642
0.000521363
0.000520012
0.000518588
0.00051709
0.000515515
0.000513863
0.000512131
0.000510317
0.00050842
0.000506437
0.000504366
0.000502205
0.000499952
0.000497603
0.000495158
0.000492614
0.000489968
0.000487219
0.000484364
0.000481404
0.000478336
0.000475158
0.00047187
0.000468478
0.000277036
0.000271639
0.000455194
0.000446508
0.000448355
0.000484393
0.000512601
0.000525303
0.000529023
0.00052933
0.000529074
0.000529097
0.000529311
0.000529582
0.000529869
0.000530151
0.000530422
0.000530687
0.00053095
0.000531206
0.000531446
0.00053166
0.000531839
0.000531979
0.000532082
0.000532147
0.000532177
0.000532169
0.00053212
0.000532026
0.000531886
0.000531697
0.000531459
0.00053117
0.000530827
0.000530429
0.000529973
0.00052946
0.000528886
0.00052825
0.00052755
0.000526785
0.000525954
0.000525054
0.000524084
0.000523043
0.000521928
0.000520738
0.000519471
0.000518126
0.000516701
0.000515193
0.000513602
0.000511925
0.000510159
0.000508304
0.000506356
0.000504314
0.000502174
0.000499936
0.000497595
0.00049515
0.000492597
0.000489934
0.000487159
0.000484268
0.00048126
0.000478131
0.000474879
0.000471501
0.000467994
0.000464355
0.000460583
0.000456672
0.000318594
0.000293924
0.00047298
0.000460521
0.000465493
0.000497299
0.000517781
0.000523495
0.000522062
0.000519096
0.000517121
0.000516454
0.000516428
0.000516626
0.000516904
0.000517195
0.00051748
0.000517774
0.000518095
0.000518429
0.000518758
0.000519059
0.000519305
0.00051949
0.000519618
0.000519699
0.000519742
0.000519747
0.000519708
0.000519618
0.000519472
0.000519271
0.000519015
0.000518702
0.000518329
0.000517894
0.000517395
0.00051683
0.000516198
0.000515495
0.000514721
0.000513873
0.000512949
0.000511948
0.000510868
0.000509706
0.00050846
0.000507129
0.00050571
0.000504201
0.000502601
0.000500906
0.000499115
0.000497225
0.000495233
0.000493137
0.000490935
0.000488623
0.000486199
0.00048366
0.000481002
0.000478223
0.000475319
0.000472288
0.000469125
0.000465827
0.000462391
0.000458813
0.000455088
0.000451214
0.000447183
0.000442992
0.000438633
0.000434097
0.00036583
0.00032307
0.000489204
0.000473718
0.000479509
0.000504897
0.000516304
0.000514067
0.000506693
0.00049979
0.000495557
0.000493786
0.000493243
0.000493185
0.000493345
0.000493588
0.000493859
0.000494171
0.000494545
0.000494954
0.000495366
0.000495745
0.000496048
0.000496264
0.000496403
0.000496482
0.000496519
0.000496516
0.000496465
0.000496357
0.000496185
0.00049595
0.000495653
0.000495294
0.000494868
0.000494373
0.000493806
0.000493164
0.000492447
0.000491652
0.000490775
0.000489815
0.00048877
0.000487637
0.000486414
0.000485098
0.000483687
0.000482179
0.000480571
0.000478861
0.000477045
0.000475121
0.000473086
0.000470938
0.000468673
0.000466288
0.00046378
0.000461145
0.000458381
0.000455484
0.000452449
0.000449273
0.000445951
0.00044248
0.000438856
0.000435073
0.000431127
0.000427012
0.000422722
0.000418252
0.000413593
0.000408737
0.000403675
0.000398397
0.000419673
0.000356876
0.000504141
0.000485463
0.000489544
0.000506311
0.000507227
0.000495948
0.000481709
0.000470069
0.000462905
0.000459506
0.000458054
0.000457471
0.000457343
0.000457439
0.000457645
0.000457949
0.000458362
0.000458837
0.000459323
0.000459765
0.000460107
0.000460332
0.000460458
0.000460507
0.000460509
0.000460465
0.000460368
0.000460207
0.000459974
0.000459671
0.000459299
0.000458857
0.000458343
0.000457752
0.000457079
0.000456324
0.000455485
0.000454557
0.000453538
0.000452426
0.000451217
0.000449909
0.000448498
0.000446983
0.000445359
0.000443625
0.000441777
0.000439812
0.000437726
0.000435517
0.000433181
0.000430715
0.000428114
0.000425375
0.000422494
0.000419468
0.000416292
0.00041296
0.00040947
0.000405815
0.00040199
0.000397991
0.000393812
0.000389445
0.000384884
0.000380122
0.000375151
0.000369964
0.00036455
0.000358898
0.000353
0.000346843
0.000480989
0.000392702
0.000517833
0.000494978
0.000494745
0.000500665
0.000489588
0.000468042
0.000445872
0.000428543
0.000417619
0.000411926
0.000409044
0.000407561
0.000406895
0.000406686
0.000406735
0.000406981
0.000407407
0.00040793
0.000408474
0.000408962
0.000409315
0.000409521
0.000409599
0.000409581
0.000409503
0.000409371
0.000409178
0.00040891
0.000408564
0.000408141
0.000407642
0.000407067
0.000406412
0.000405671
0.00040484
0.000403918
0.000402901
0.000401785
0.000400568
0.000399245
0.000397813
0.000396269
0.000394609
0.00039283
0.000390928
0.0003889
0.000386742
0.00038445
0.000382021
0.00037945
0.000376734
0.000373866
0.000370845
0.000367664
0.000364321
0.000360809
0.000357122
0.000353255
0.000349202
0.000344958
0.000340517
0.000335871
0.000331009
0.000325927
0.000320613
0.00031506
0.000309258
0.000303196
0.000296859
0.000290236
0.000283315
0.000276082
0.000547997
0.000428718
0.000530082
0.000501287
0.000494257
0.000487087
0.000462426
0.000429278
0.000397959
0.00037382
0.000358126
0.000349287
0.000344292
0.000341394
0.000339825
0.000339069
0.00033881
0.00033891
0.000339296
0.000339837
0.000340416
0.000340928
0.000341268
0.000341412
0.000341396
0.000341257
0.00034104
0.000340755
0.000340395
0.000339948
0.000339408
0.000338787
0.000338086
0.000337301
0.000336427
0.000335459
0.000334392
0.000333223
0.000331949
0.000330564
0.000329066
0.000327449
0.000325708
0.000323839
0.000321838
0.000319701
0.000317423
0.000315001
0.00031243
0.000309704
0.000306819
0.000303769
0.00030055
0.000297155
0.000293581
0.000289823
0.000285871
0.00028172
0.000277361
0.000272789
0.000267998
0.000262982
0.000257732
0.000252231
0.000246473
0.000240447
0.000234141
0.000227543
0.000220647
0.000213412
0.000205834
0.000197892
0.000189567
0.000180843
0.00062778
0.000465242
0.000540526
0.000503866
0.000487254
0.000464757
0.000424883
0.000378714
0.000336875
0.000304564
0.000282792
0.000269653
0.000261591
0.00025653
0.000253504
0.000251817
0.000250996
0.000250791
0.000251046
0.000251551
0.000252133
0.00025264
0.000252936
0.00025298
0.000252799
0.000252463
0.000252022
0.000251488
0.000250857
0.000250118
0.000249269
0.000248321
0.000247293
0.000246175
0.000244958
0.000243635
0.000242201
0.000240652
0.000238984
0.000237191
0.000235267
0.000233206
0.000231001
0.000228647
0.000226136
0.000223464
0.000220625
0.000217613
0.000214421
0.000211041
0.000207465
0.000203687
0.000199697
0.000195493
0.000191065
0.000186399
0.000181484
0.00017631
0.000170867
0.000165146
0.000159152
0.000152887
0.000146334
0.000139499
0.000132378
0.000124977
0.000117314
0.000109435
0.000101298
9.29817e-05
8.4546e-05
7.60615e-05
6.76541e-05
5.94762e-05
0.000718618
0.000502261
0.000548929
0.000502112
0.000472994
0.000433074
0.000376539
0.000316103
0.000262383
0.000220253
0.000190586
0.000171414
0.000158785
0.000150336
0.000144909
0.0001416
0.000139734
0.000138902
0.000138822
0.000139168
0.000139672
0.000140112
0.000140298
0.000140162
0.000139726
0.000139049
0.000138233
0.000137287
0.000136209
0.000134989
0.000133634
0.00013216
0.000130586
0.000128934
0.000127177
0.000125305
0.000123314
0.000121203
0.000118966
0.000116599
0.000114096
0.000111452
0.000108664
0.000105727
0.000102639
9.93999e-05
9.60108e-05
9.24763e-05
8.87993e-05
8.49831e-05
8.10371e-05
7.69729e-05
7.2804e-05
6.85494e-05
6.42313e-05
5.98709e-05
5.54888e-05
5.11209e-05
4.68037e-05
4.25745e-05
3.84716e-05
3.45315e-05
3.07929e-05
2.72647e-05
2.39884e-05
2.09848e-05
1.82678e-05
1.58453e-05
1.37067e-05
1.18686e-05
1.02797e-05
8.91948e-06
7.76805e-06
6.80086e-06
0.000822032
0.000539971
0.000554964
0.000495436
0.000451051
0.000392298
0.00031888
0.000244724
0.000179953
0.000129098
9.34578e-05
7.09311e-05
5.66517e-05
4.74863e-05
4.17465e-05
3.82439e-05
3.61922e-05
3.51268e-05
3.47482e-05
3.47705e-05
3.49713e-05
3.51691e-05
3.52096e-05
3.50301e-05
3.46358e-05
3.40632e-05
3.33664e-05
3.25954e-05
3.17455e-05
3.08209e-05
2.98357e-05
2.88113e-05
2.77676e-05
2.67164e-05
2.56765e-05
2.46294e-05
2.35787e-05
2.25286e-05
2.14825e-05
2.04427e-05
1.94115e-05
1.83917e-05
1.73861e-05
1.63991e-05
1.54327e-05
1.44907e-05
1.35769e-05
1.2695e-05
1.1848e-05
1.10383e-05
1.02687e-05
9.541e-06
8.85661e-06
8.21654e-06
7.62113e-06
7.07012e-06
6.56219e-06
6.09685e-06
5.67284e-06
5.28847e-06
4.94159e-06
4.63009e-06
4.35201e-06
4.10404e-06
3.88458e-06
3.69136e-06
3.52212e-06
3.37479e-06
3.24715e-06
3.13729e-06
3.04309e-06
2.96288e-06
2.89516e-06
2.83858e-06
0.000939366
0.000582147
0.000558219
0.000483404
0.000421695
0.000344302
0.000256314
0.000172263
0.000102628
5.52519e-05
3.01667e-05
1.8635e-05
1.30506e-05
1.01094e-05
8.49307e-06
7.5777e-06
7.05628e-06
6.7757e-06
6.65096e-06
6.61768e-06
6.63007e-06
6.65221e-06
6.654e-06
6.6214e-06
6.55278e-06
6.4529e-06
6.33026e-06
6.19045e-06
6.04102e-06
5.88186e-06
5.71645e-06
5.54916e-06
5.38379e-06
5.22266e-06
5.06713e-06
4.91934e-06
4.77647e-06
4.63887e-06
4.50672e-06
4.37996e-06
4.2585e-06
4.14222e-06
4.03103e-06
3.92488e-06
3.82386e-06
3.72772e-06
3.63647e-06
3.55015e-06
3.46873e-06
3.39218e-06
3.32046e-06
3.25352e-06
3.19128e-06
3.13364e-06
3.08049e-06
3.03168e-06
2.98702e-06
2.94639e-06
2.90961e-06
2.87649e-06
2.84683e-06
2.82043e-06
2.79713e-06
2.77668e-06
2.75892e-06
2.74368e-06
2.73079e-06
2.7201e-06
2.71152e-06
2.70491e-06
2.70016e-06
2.69716e-06
2.69578e-06
2.69588e-06
0.00107144
0.000628536
0.000558317
0.000465882
0.000386062
0.000292262
0.000194119
0.000106748
4.65924e-05
1.92151e-05
9.74195e-06
6.37494e-06
4.94595e-06
4.24525e-06
3.87627e-06
3.67195e-06
3.55553e-06
3.49018e-06
3.45645e-06
3.44136e-06
3.43636e-06
3.43502e-06
3.43205e-06
3.4246e-06
3.41182e-06
3.39399e-06
3.37212e-06
3.34693e-06
3.31926e-06
3.29027e-06
3.26035e-06
3.23027e-06
3.20072e-06
3.17216e-06
3.14483e-06
3.11894e-06
3.09467e-06
3.07165e-06
3.04986e-06
3.02929e-06
3.00988e-06
2.99158e-06
2.97435e-06
2.95813e-06
2.94289e-06
2.92861e-06
2.91523e-06
2.90272e-06
2.89105e-06
2.88021e-06
2.87015e-06
2.86085e-06
2.85228e-06
2.84441e-06
2.83721e-06
2.83063e-06
2.82465e-06
2.81924e-06
2.81436e-06
2.80998e-06
2.80607e-06
2.80261e-06
2.79958e-06
2.79695e-06
2.79472e-06
2.79287e-06
2.79139e-06
2.7903e-06
2.78959e-06
2.78929e-06
2.7894e-06
2.78996e-06
2.791e-06
2.79255e-06
0.00121936
0.000679124
0.000554967
0.000443144
0.000345972
0.000239554
0.000136554
5.67754e-05
1.91248e-05
8.0327e-06
4.92646e-06
3.89327e-06
3.47865e-06
3.28881e-06
3.19604e-06
3.14769e-06
3.12078e-06
3.10496e-06
3.09528e-06
3.08901e-06
3.0846e-06
3.08105e-06
3.07756e-06
3.07364e-06
3.06909e-06
3.06388e-06
3.05809e-06
3.05182e-06
3.04518e-06
3.03832e-06
3.03143e-06
3.02461e-06
3.01796e-06
3.01156e-06
3.00542e-06
2.99957e-06
2.99401e-06
2.98873e-06
2.98369e-06
2.97887e-06
2.97426e-06
2.96984e-06
2.9656e-06
2.96153e-06
2.95761e-06
2.95384e-06
2.9502e-06
2.9467e-06
2.94332e-06
2.94006e-06
2.93691e-06
2.93387e-06
2.93093e-06
2.92809e-06
2.92534e-06
2.92268e-06
2.92012e-06
2.91763e-06
2.91524e-06
2.91292e-06
2.9107e-06
2.90856e-06
2.90651e-06
2.90456e-06
2.9027e-06
2.90096e-06
2.89933e-06
2.89782e-06
2.89645e-06
2.89523e-06
2.89418e-06
2.89331e-06
2.89265e-06
2.89223e-06
0.00138284
0.000733687
0.00054802
0.000415867
0.000303484
0.000188801
8.74756e-05
2.73925e-05
9.06491e-06
4.79746e-06
3.66823e-06
3.31494e-06
3.18877e-06
3.13931e-06
3.11886e-06
3.10958e-06
3.10459e-06
3.10123e-06
3.09843e-06
3.09578e-06
3.09314e-06
3.09047e-06
3.0878e-06
3.08512e-06
3.08244e-06
3.07978e-06
3.07715e-06
3.07457e-06
3.07204e-06
3.06959e-06
3.06722e-06
3.06493e-06
3.06271e-06
3.06056e-06
3.05847e-06
3.05642e-06
3.0544e-06
3.05239e-06
3.05038e-06
3.04837e-06
3.04637e-06
3.04436e-06
3.04234e-06
3.04032e-06
3.03829e-06
3.03625e-06
3.03421e-06
3.03215e-06
3.03009e-06
3.02802e-06
3.02594e-06
3.02386e-06
3.02177e-06
3.01968e-06
3.01758e-06
3.01549e-06
3.01339e-06
3.01129e-06
3.00919e-06
3.0071e-06
3.00502e-06
3.00295e-06
3.00089e-06
2.99885e-06
2.99683e-06
2.99485e-06
2.99289e-06
2.99098e-06
2.98911e-06
2.9873e-06
2.98555e-06
2.98387e-06
2.98227e-06
2.98077e-06
0.00156017
0.000789676
0.000537378
0.000384968
0.000260447
0.000141958
5.09661e-05
1.37634e-05
5.52826e-06
3.74927e-06
3.30397e-06
3.18166e-06
3.14601e-06
3.13565e-06
3.13285e-06
3.13204e-06
3.13152e-06
3.13078e-06
3.12973e-06
3.12839e-06
3.12682e-06
3.1251e-06
3.12331e-06
3.12151e-06
3.11973e-06
3.118e-06
3.11634e-06
3.11476e-06
3.11327e-06
3.11188e-06
3.11059e-06
3.10936e-06
3.10819e-06
3.10705e-06
3.10594e-06
3.10485e-06
3.10376e-06
3.10266e-06
3.10153e-06
3.10038e-06
3.09922e-06
3.09803e-06
3.09683e-06
3.0956e-06
3.09435e-06
3.09309e-06
3.09181e-06
3.0905e-06
3.08919e-06
3.08786e-06
3.08651e-06
3.08516e-06
3.08379e-06
3.08241e-06
3.08103e-06
3.07963e-06
3.07822e-06
3.07679e-06
3.07536e-06
3.07392e-06
3.07247e-06
3.07101e-06
3.06954e-06
3.06806e-06
3.06658e-06
3.06509e-06
3.06359e-06
3.06209e-06
3.06058e-06
3.05908e-06
3.05757e-06
3.05608e-06
3.05459e-06
3.05312e-06
0.00175074
0.000845338
0.000522977
0.000351538
0.00021838
0.000100676
2.82544e-05
8.00586e-06
4.17755e-06
3.37928e-06
3.19968e-06
3.15926e-06
3.15089e-06
3.14991e-06
3.1503e-06
3.1506e-06
3.15055e-06
3.15016e-06
3.14948e-06
3.14859e-06
3.14755e-06
3.1464e-06
3.14519e-06
3.14395e-06
3.14272e-06
3.14152e-06
3.14036e-06
3.13925e-06
3.13821e-06
3.13723e-06
3.13632e-06
3.13547e-06
3.13466e-06
3.13388e-06
3.13313e-06
3.13239e-06
3.13166e-06
3.13093e-06
3.1302e-06
3.12944e-06
3.12867e-06
3.1279e-06
3.1271e-06
3.1263e-06
3.12549e-06
3.12466e-06
3.12383e-06
3.12298e-06
3.12213e-06
3.12127e-06
3.12041e-06
3.11954e-06
3.11867e-06
3.1178e-06
3.11693e-06
3.11605e-06
3.11518e-06
3.1143e-06
3.11342e-06
3.11255e-06
3.11167e-06
3.11079e-06
3.10992e-06
3.10904e-06
3.10817e-06
3.1073e-06
3.10643e-06
3.10556e-06
3.10469e-06
3.10383e-06
3.10297e-06
3.10212e-06
3.10127e-06
3.10042e-06
0.000504095
0.000316749
0.000178447
6.70722e-05
1.60686e-05
5.51157e-06
3.61769e-06
3.24558e-06
3.17381e-06
3.16152e-06
3.16035e-06
3.16087e-06
3.1613e-06
3.16138e-06
3.16116e-06
3.16073e-06
3.16014e-06
3.15943e-06
3.15864e-06
3.15779e-06
3.15691e-06
3.15602e-06
3.15512e-06
3.15424e-06
3.15339e-06
3.15256e-06
3.15177e-06
3.15103e-06
3.15033e-06
3.14967e-06
3.14904e-06
3.14845e-06
3.14788e-06
3.14732e-06
3.14677e-06
3.14623e-06
3.14568e-06
3.14514e-06
3.14458e-06
3.14401e-06
3.14343e-06
3.14285e-06
3.14226e-06
3.14167e-06
3.14107e-06
3.14046e-06
3.13985e-06
3.13923e-06
3.13861e-06
3.13799e-06
3.13737e-06
3.13675e-06
3.13613e-06
3.13552e-06
3.1349e-06
3.13429e-06
3.13368e-06
3.13308e-06
3.13248e-06
3.13188e-06
3.13129e-06
3.1307e-06
3.13012e-06
3.12954e-06
3.12898e-06
3.12841e-06
3.12786e-06
3.12731e-06
3.12677e-06
3.12624e-06
3.12572e-06
3.1252e-06
0.000481552
0.000281657
0.000141396
4.25075e-05
9.95399e-06
4.35774e-06
3.37439e-06
3.19848e-06
3.17038e-06
3.16709e-06
3.16729e-06
3.16765e-06
3.1677e-06
3.16751e-06
3.16716e-06
3.16669e-06
3.16614e-06
3.16553e-06
3.16489e-06
3.16422e-06
3.16353e-06
3.16284e-06
3.16215e-06
3.16148e-06
3.16081e-06
3.16017e-06
3.15955e-06
3.15896e-06
3.1584e-06
3.15787e-06
3.15737e-06
3.15689e-06
3.15643e-06
3.15598e-06
3.15555e-06
3.15512e-06
3.1547e-06
3.15427e-06
3.15384e-06
3.1534e-06
3.15295e-06
3.1525e-06
3.15204e-06
3.15157e-06
3.1511e-06
3.15063e-06
3.15015e-06
3.14966e-06
3.14917e-06
3.14868e-06
3.14819e-06
3.14769e-06
3.1472e-06
3.1467e-06
3.14621e-06
3.14572e-06
3.14523e-06
3.14474e-06
3.14425e-06
3.14377e-06
3.14329e-06
3.14282e-06
3.14235e-06
3.14188e-06
3.14142e-06
3.14096e-06
3.14051e-06
3.14006e-06
3.13962e-06
3.13919e-06
3.13876e-06
3.13834e-06
0.000456244
0.000247069
0.000107954
2.64746e-05
6.87756e-06
3.79231e-06
3.2667e-06
3.18323e-06
3.17242e-06
3.17165e-06
3.17182e-06
3.17183e-06
3.17163e-06
3.17129e-06
3.17088e-06
3.1704e-06
3.1699e-06
3.16937e-06
3.16882e-06
3.16826e-06
3.1677e-06
3.16714e-06
3.16658e-06
3.16603e-06
3.1655e-06
3.16497e-06
3.16447e-06
3.16399e-06
3.16352e-06
3.16308e-06
3.16267e-06
3.16227e-06
3.16189e-06
3.16152e-06
3.16116e-06
3.16081e-06
3.16047e-06
3.16012e-06
3.15977e-06
3.15942e-06
3.15906e-06
3.15869e-06
3.15832e-06
3.15794e-06
3.15755e-06
3.15715e-06
3.15675e-06
3.15635e-06
3.15594e-06
3.15552e-06
3.1551e-06
3.15468e-06
3.15425e-06
3.15382e-06
3.15339e-06
3.15296e-06
3.15253e-06
3.1521e-06
3.15167e-06
3.15124e-06
3.15081e-06
3.15038e-06
3.14995e-06
3.14953e-06
3.1491e-06
3.14868e-06
3.14826e-06
3.14784e-06
3.14743e-06
3.14702e-06
3.14661e-06
3.14621e-06
0.000429003
0.000213548
7.91235e-05
1.68534e-05
5.27163e-06
3.5042e-06
3.219e-06
3.17935e-06
3.17515e-06
3.17491e-06
3.17482e-06
3.17458e-06
3.17423e-06
3.17382e-06
3.17338e-06
3.17291e-06
3.17244e-06
3.17195e-06
3.17147e-06
3.17098e-06
3.1705e-06
3.17002e-06
3.16955e-06
3.16909e-06
3.16863e-06
3.16819e-06
3.16777e-06
3.16735e-06
3.16696e-06
3.16658e-06
3.16622e-06
3.16588e-06
3.16555e-06
3.16523e-06
3.16492e-06
3.16462e-06
3.16433e-06
3.16403e-06
3.16374e-06
3.16344e-06
3.16313e-06
3.16282e-06
3.1625e-06
3.16218e-06
3.16184e-06
3.1615e-06
3.16115e-06
3.1608e-06
3.16043e-06
3.16007e-06
3.15969e-06
3.15931e-06
3.15892e-06
3.15854e-06
3.15814e-06
3.15775e-06
3.15735e-06
3.15695e-06
3.15654e-06
3.15614e-06
3.15573e-06
3.15533e-06
3.15492e-06
3.15451e-06
3.1541e-06
3.15369e-06
3.15328e-06
3.15287e-06
3.15247e-06
3.15206e-06
3.15165e-06
3.15125e-06
0.000400565
0.000181569
5.5851e-05
1.13074e-05
4.39612e-06
3.35412e-06
3.19824e-06
3.17927e-06
3.17747e-06
3.17717e-06
3.17685e-06
3.17644e-06
3.17599e-06
3.17552e-06
3.17504e-06
3.17457e-06
3.1741e-06
3.17363e-06
3.17317e-06
3.17272e-06
3.17228e-06
3.17185e-06
3.17143e-06
3.17102e-06
3.17062e-06
3.17024e-06
3.16986e-06
3.1695e-06
3.16914e-06
3.16881e-06
3.16848e-06
3.16817e-06
3.16787e-06
3.16759e-06
3.16731e-06
3.16703e-06
3.16677e-06
3.1665e-06
3.16623e-06
3.16596e-06
3.16569e-06
3.16541e-06
3.16513e-06
3.16484e-06
3.16454e-06
3.16423e-06
3.16391e-06
3.16359e-06
3.16326e-06
3.16292e-06
3.16257e-06
3.16222e-06
3.16186e-06
3.16149e-06
3.16112e-06
3.16075e-06
3.16037e-06
3.15998e-06
3.1596e-06
3.15921e-06
3.15882e-06
3.15842e-06
3.15802e-06
3.15762e-06
3.15722e-06
3.15682e-06
3.15642e-06
3.15601e-06
3.1556e-06
3.1552e-06
3.15479e-06
3.15439e-06
0.000371632
0.000151455
3.84349e-05
8.12091e-06
3.901e-06
3.27516e-06
3.18956e-06
3.18024e-06
3.17919e-06
3.1787e-06
3.17817e-06
3.17761e-06
3.17704e-06
3.17648e-06
3.17593e-06
3.17541e-06
3.17491e-06
3.17442e-06
3.17396e-06
3.17351e-06
3.17309e-06
3.17267e-06
3.17228e-06
3.1719e-06
3.17153e-06
3.17117e-06
3.17083e-06
3.1705e-06
3.17017e-06
3.16986e-06
3.16956e-06
3.16927e-06
3.16899e-06
3.16872e-06
3.16845e-06
3.1682e-06
3.16794e-06
3.16769e-06
3.16743e-06
3.16718e-06
3.16692e-06
3.16666e-06
3.16639e-06
3.16612e-06
3.16584e-06
3.16555e-06
3.16525e-06
3.16495e-06
3.16464e-06
3.16432e-06
3.16399e-06
3.16366e-06
3.16332e-06
3.16297e-06
3.16262e-06
3.16226e-06
3.16189e-06
3.16152e-06
3.16115e-06
3.16077e-06
3.16039e-06
3.16001e-06
3.15962e-06
3.15923e-06
3.15883e-06
3.15844e-06
3.15804e-06
3.15764e-06
3.15724e-06
3.15684e-06
3.15644e-06
3.15603e-06
0.000342745
0.000123515
2.62837e-05
6.25595e-06
3.61355e-06
3.23353e-06
3.18621e-06
3.18128e-06
3.18033e-06
3.17959e-06
3.17883e-06
3.17808e-06
3.17735e-06
3.17666e-06
3.17601e-06
3.1754e-06
3.17482e-06
3.17429e-06
3.17379e-06
3.17331e-06
3.17287e-06
3.17246e-06
3.17206e-06
3.17169e-06
3.17134e-06
3.171e-06
3.17067e-06
3.17036e-06
3.17006e-06
3.16977e-06
3.16948e-06
3.16921e-06
3.16894e-06
3.16868e-06
3.16842e-06
3.16817e-06
3.16792e-06
3.16767e-06
3.16743e-06
3.16718e-06
3.16693e-06
3.16667e-06
3.16641e-06
3.16615e-06
3.16588e-06
3.16561e-06
3.16532e-06
3.16504e-06
3.16474e-06
3.16444e-06
3.16413e-06
3.16381e-06
3.16348e-06
3.16315e-06
3.16281e-06
3.16247e-06
3.16212e-06
3.16177e-06
3.16141e-06
3.16105e-06
3.16068e-06
3.16031e-06
3.15994e-06
3.15956e-06
3.15918e-06
3.1588e-06
3.15841e-06
3.15802e-06
3.15763e-06
3.15724e-06
3.15685e-06
3.15646e-06
0.00031432
9.81784e-05
1.82175e-05
5.13577e-06
3.44382e-06
3.21162e-06
3.18506e-06
3.18201e-06
3.18088e-06
3.17984e-06
3.17882e-06
3.17784e-06
3.17692e-06
3.17605e-06
3.17526e-06
3.17452e-06
3.17385e-06
3.17323e-06
3.17267e-06
3.17215e-06
3.17168e-06
3.17124e-06
3.17083e-06
3.17045e-06
3.1701e-06
3.16977e-06
3.16945e-06
3.16915e-06
3.16886e-06
3.16858e-06
3.16832e-06
3.16806e-06
3.1678e-06
3.16755e-06
3.1673e-06
3.16706e-06
3.16682e-06
3.16657e-06
3.16633e-06
3.16609e-06
3.16584e-06
3.16559e-06
3.16534e-06
3.16509e-06
3.16483e-06
3.16456e-06
3.16429e-06
3.16402e-06
3.16374e-06
3.16345e-06
3.16316e-06
3.16286e-06
3.16255e-06
3.16224e-06
3.16192e-06
3.1616e-06
3.16127e-06
3.16093e-06
3.1606e-06
3.16025e-06
3.15991e-06
3.15956e-06
3.1592e-06
3.15884e-06
3.15848e-06
3.15812e-06
3.15776e-06
3.15739e-06
3.15702e-06
3.15665e-06
3.15628e-06
3.1559e-06
0.000286628
7.59775e-05
1.30142e-05
4.44386e-06
3.34267e-06
3.20009e-06
3.18469e-06
3.18229e-06
3.18085e-06
3.17947e-06
3.17815e-06
3.1769e-06
3.17575e-06
3.17469e-06
3.17373e-06
3.17286e-06
3.17208e-06
3.17137e-06
3.17073e-06
3.17016e-06
3.16964e-06
3.16916e-06
3.16873e-06
3.16834e-06
3.16798e-06
3.16765e-06
3.16733e-06
3.16704e-06
3.16676e-06
3.1665e-06
3.16624e-06
3.16599e-06
3.16575e-06
3.16552e-06
3.16528e-06
3.16505e-06
3.16482e-06
3.16459e-06
3.16436e-06
3.16412e-06
3.16389e-06
3.16365e-06
3.16341e-06
3.16316e-06
3.16292e-06
3.16267e-06
3.16241e-06
3.16215e-06
3.16189e-06
3.16162e-06
3.16134e-06
3.16106e-06
3.16078e-06
3.16049e-06
3.1602e-06
3.1599e-06
3.15959e-06
3.15929e-06
3.15897e-06
3.15866e-06
3.15834e-06
3.15801e-06
3.15769e-06
3.15736e-06
3.15702e-06
3.15669e-06
3.15635e-06
3.15601e-06
3.15567e-06
3.15532e-06
3.15498e-06
3.15463e-06
0.000259828
5.73286e-05
9.68573e-06
4.00647e-06
3.28209e-06
3.19396e-06
3.18441e-06
3.18207e-06
3.18024e-06
3.17849e-06
3.17685e-06
3.17534e-06
3.17396e-06
3.17271e-06
3.17159e-06
3.17059e-06
3.1697e-06
3.16891e-06
3.1682e-06
3.16757e-06
3.167e-06
3.1665e-06
3.16604e-06
3.16563e-06
3.16526e-06
3.16492e-06
3.1646e-06
3.16431e-06
3.16404e-06
3.16379e-06
3.16354e-06
3.16331e-06
3.16308e-06
3.16286e-06
3.16264e-06
3.16243e-06
3.16222e-06
3.162e-06
3.16179e-06
3.16157e-06
3.16135e-06
3.16113e-06
3.1609e-06
3.16068e-06
3.16045e-06
3.16021e-06
3.15998e-06
3.15974e-06
3.15949e-06
3.15925e-06
3.159e-06
3.15874e-06
3.15848e-06
3.15822e-06
3.15796e-06
3.15769e-06
3.15741e-06
3.15714e-06
3.15685e-06
3.15657e-06
3.15628e-06
3.15599e-06
3.15569e-06
3.15539e-06
3.15509e-06
3.15479e-06
3.15448e-06
3.15418e-06
3.15387e-06
3.15355e-06
3.15324e-06
3.15293e-06
0.000233976
4.2408e-05
7.54422e-06
3.72526e-06
3.24557e-06
3.19054e-06
3.18392e-06
3.18134e-06
3.17909e-06
3.17699e-06
3.17505e-06
3.17328e-06
3.1717e-06
3.17029e-06
3.16904e-06
3.16794e-06
3.16696e-06
3.1661e-06
3.16534e-06
3.16466e-06
3.16406e-06
3.16353e-06
3.16306e-06
3.16263e-06
3.16225e-06
3.1619e-06
3.16158e-06
3.1613e-06
3.16103e-06
3.16078e-06
3.16054e-06
3.16032e-06
3.16011e-06
3.1599e-06
3.1597e-06
3.15951e-06
3.15931e-06
3.15912e-06
3.15893e-06
3.15873e-06
3.15853e-06
3.15833e-06
3.15813e-06
3.15793e-06
3.15772e-06
3.15751e-06
3.1573e-06
3.15708e-06
3.15687e-06
3.15665e-06
3.15642e-06
3.1562e-06
3.15597e-06
3.15573e-06
3.1555e-06
3.15526e-06
3.15502e-06
3.15478e-06
3.15453e-06
3.15428e-06
3.15402e-06
3.15376e-06
3.1535e-06
3.15324e-06
3.15297e-06
3.1527e-06
3.15243e-06
3.15216e-06
3.15189e-06
3.15161e-06
3.15133e-06
3.15105e-06
0.000209077
3.1046e-05
6.14745e-06
3.54235e-06
3.22343e-06
3.18838e-06
3.18309e-06
3.18014e-06
3.17749e-06
3.17506e-06
3.17286e-06
3.1709e-06
3.16917e-06
3.16764e-06
3.1663e-06
3.16512e-06
3.16409e-06
3.16319e-06
3.16239e-06
3.16169e-06
3.16108e-06
3.16053e-06
3.16004e-06
3.15961e-06
3.15922e-06
3.15887e-06
3.15855e-06
3.15826e-06
3.158e-06
3.15775e-06
3.15753e-06
3.15732e-06
3.15712e-06
3.15692e-06
3.15674e-06
3.15656e-06
3.15638e-06
3.15621e-06
3.15604e-06
3.15586e-06
3.15569e-06
3.15552e-06
3.15534e-06
3.15516e-06
3.15498e-06
3.1548e-06
3.15461e-06
3.15443e-06
3.15424e-06
3.15404e-06
3.15385e-06
3.15365e-06
3.15346e-06
3.15325e-06
3.15305e-06
3.15284e-06
3.15264e-06
3.15243e-06
3.15221e-06
3.15199e-06
3.15177e-06
3.15155e-06
3.15132e-06
3.1511e-06
3.15087e-06
3.15063e-06
3.1504e-06
3.15016e-06
3.14992e-06
3.14967e-06
3.14943e-06
3.14919e-06
0.000185122
2.2747e-05
5.22124e-06
3.42247e-06
3.20985e-06
3.18671e-06
3.18191e-06
3.17856e-06
3.17556e-06
3.17286e-06
3.17046e-06
3.16836e-06
3.16653e-06
3.16494e-06
3.16355e-06
3.16233e-06
3.16128e-06
3.16036e-06
3.15955e-06
3.15884e-06
3.15821e-06
3.15766e-06
3.15717e-06
3.15673e-06
3.15634e-06
3.15599e-06
3.15568e-06
3.15539e-06
3.15513e-06
3.15489e-06
3.15467e-06
3.15447e-06
3.15428e-06
3.15409e-06
3.15392e-06
3.15376e-06
3.1536e-06
3.15344e-06
3.15329e-06
3.15313e-06
3.15298e-06
3.15283e-06
3.15268e-06
3.15253e-06
3.15237e-06
3.15222e-06
3.15206e-06
3.1519e-06
3.15174e-06
3.15157e-06
3.15141e-06
3.15124e-06
3.15107e-06
3.1509e-06
3.15073e-06
3.15055e-06
3.15038e-06
3.1502e-06
3.15002e-06
3.14983e-06
3.14964e-06
3.14946e-06
3.14926e-06
3.14907e-06
3.14887e-06
3.14867e-06
3.14847e-06
3.14826e-06
3.14805e-06
3.14785e-06
3.14763e-06
3.14742e-06
0.000162207
1.68561e-05
4.59693e-06
3.34353e-06
3.20131e-06
3.18516e-06
3.18042e-06
3.17669e-06
3.1734e-06
3.1705e-06
3.16798e-06
3.1658e-06
3.16392e-06
3.1623e-06
3.1609e-06
3.15968e-06
3.15862e-06
3.1577e-06
3.15689e-06
3.15618e-06
3.15556e-06
3.155e-06
3.15451e-06
3.15408e-06
3.15369e-06
3.15334e-06
3.15303e-06
3.15275e-06
3.15249e-06
3.15226e-06
3.15204e-06
3.15184e-06
3.15166e-06
3.15149e-06
3.15132e-06
3.15117e-06
3.15102e-06
3.15088e-06
3.15074e-06
3.15061e-06
3.15047e-06
3.15034e-06
3.15021e-06
3.15008e-06
3.14995e-06
3.14982e-06
3.14968e-06
3.14955e-06
3.14941e-06
3.14928e-06
3.14914e-06
3.149e-06
3.14886e-06
3.14871e-06
3.14857e-06
3.14842e-06
3.14827e-06
3.14812e-06
3.14797e-06
3.14782e-06
3.14766e-06
3.1475e-06
3.14734e-06
3.14718e-06
3.14701e-06
3.14684e-06
3.14667e-06
3.1465e-06
3.14632e-06
3.14614e-06
3.14596e-06
3.14578e-06
0.000140295
1.27533e-05
4.17019e-06
3.29137e-06
3.19569e-06
3.18356e-06
3.17866e-06
3.17463e-06
3.17113e-06
3.16811e-06
3.16553e-06
3.16332e-06
3.16143e-06
3.15981e-06
3.15841e-06
3.15721e-06
3.15616e-06
3.15524e-06
3.15444e-06
3.15374e-06
3.15312e-06
3.15257e-06
3.15208e-06
3.15165e-06
3.15127e-06
3.15092e-06
3.15061e-06
3.15033e-06
3.15008e-06
3.14985e-06
3.14964e-06
3.14944e-06
3.14926e-06
3.1491e-06
3.14894e-06
3.1488e-06
3.14866e-06
3.14853e-06
3.1484e-06
3.14828e-06
3.14816e-06
3.14805e-06
3.14793e-06
3.14782e-06
3.14771e-06
3.1476e-06
3.14749e-06
3.14737e-06
3.14726e-06
3.14715e-06
3.14703e-06
3.14692e-06
3.1468e-06
3.14668e-06
3.14656e-06
3.14644e-06
3.14632e-06
3.14619e-06
3.14607e-06
3.14594e-06
3.14581e-06
3.14568e-06
3.14555e-06
3.14542e-06
3.14528e-06
3.14514e-06
3.145e-06
3.14485e-06
3.1447e-06
3.14455e-06
3.1444e-06
3.14425e-06
0.000119404
9.9186e-06
3.87531e-06
3.25679e-06
3.19173e-06
3.18184e-06
3.17673e-06
3.17248e-06
3.16885e-06
3.16577e-06
3.16316e-06
3.16096e-06
3.15908e-06
3.15748e-06
3.15611e-06
3.15492e-06
3.15388e-06
3.15298e-06
3.15219e-06
3.1515e-06
3.15089e-06
3.15034e-06
3.14986e-06
3.14943e-06
3.14905e-06
3.14871e-06
3.1484e-06
3.14812e-06
3.14787e-06
3.14764e-06
3.14744e-06
3.14725e-06
3.14707e-06
3.14691e-06
3.14676e-06
3.14663e-06
3.1465e-06
3.14637e-06
3.14626e-06
3.14615e-06
3.14604e-06
3.14594e-06
3.14584e-06
3.14574e-06
3.14564e-06
3.14555e-06
3.14545e-06
3.14536e-06
3.14527e-06
3.14517e-06
3.14508e-06
3.14498e-06
3.14489e-06
3.14479e-06
3.14469e-06
3.1446e-06
3.1445e-06
3.1444e-06
3.14429e-06
3.14419e-06
3.14409e-06
3.14398e-06
3.14387e-06
3.14377e-06
3.14365e-06
3.14354e-06
3.14343e-06
3.14331e-06
3.14319e-06
3.14307e-06
3.14294e-06
3.14281e-06
9.96707e-05
7.95635e-06
3.66995e-06
3.23374e-06
3.18869e-06
3.18e-06
3.1747e-06
3.1703e-06
3.16661e-06
3.16352e-06
3.16093e-06
3.15875e-06
3.1569e-06
3.15532e-06
3.15397e-06
3.1528e-06
3.15179e-06
3.1509e-06
3.15012e-06
3.14944e-06
3.14883e-06
3.1483e-06
3.14782e-06
3.14739e-06
3.14701e-06
3.14667e-06
3.14636e-06
3.14609e-06
3.14584e-06
3.14562e-06
3.14541e-06
3.14523e-06
3.14506e-06
3.1449e-06
3.14475e-06
3.14462e-06
3.1445e-06
3.14439e-06
3.14428e-06
3.1442e-06
3.14413e-06
3.14405e-06
3.14397e-06
3.14388e-06
3.1438e-06
3.14371e-06
3.14362e-06
3.14353e-06
3.14343e-06
3.14334e-06
3.14327e-06
3.14319e-06
3.14311e-06
3.14304e-06
3.14296e-06
3.14288e-06
3.1428e-06
3.14272e-06
3.14264e-06
3.14256e-06
3.14248e-06
3.14239e-06
3.14231e-06
3.14222e-06
3.14214e-06
3.14205e-06
3.14196e-06
3.14186e-06
3.14177e-06
3.14167e-06
3.14157e-06
3.14147e-06
8.13695e-05
6.58951e-06
3.52621e-06
3.21824e-06
3.18615e-06
3.17809e-06
3.17264e-06
3.16816e-06
3.16446e-06
3.1614e-06
3.15884e-06
3.15669e-06
3.15488e-06
3.15333e-06
3.152e-06
3.15085e-06
3.14986e-06
3.14899e-06
3.14823e-06
3.14755e-06
3.14696e-06
3.14643e-06
3.14596e-06
3.14554e-06
3.14517e-06
3.14483e-06
3.14453e-06
3.14426e-06
3.14401e-06
3.14379e-06
3.14359e-06
3.14341e-06
3.14324e-06
3.14309e-06
3.14295e-06
3.14282e-06
3.14271e-06
3.1426e-06
3.14249e-06
3.1424e-06
3.14231e-06
3.14223e-06
3.14215e-06
3.14208e-06
3.14201e-06
3.14193e-06
3.14186e-06
3.1418e-06
3.14173e-06
3.14167e-06
3.14161e-06
3.14155e-06
3.14148e-06
3.14142e-06
3.14136e-06
3.1413e-06
3.14124e-06
3.14118e-06
3.14112e-06
3.14106e-06
3.14099e-06
3.14093e-06
3.14086e-06
3.1408e-06
3.14073e-06
3.14066e-06
3.14059e-06
3.14052e-06
3.14045e-06
3.14037e-06
3.1403e-06
3.14022e-06
6.48719e-05
5.6296e-06
3.42532e-06
3.20765e-06
3.18387e-06
3.17613e-06
3.1706e-06
3.1661e-06
3.16242e-06
3.1594e-06
3.15689e-06
3.15478e-06
3.15301e-06
3.15149e-06
3.15019e-06
3.14907e-06
3.14809e-06
3.14724e-06
3.14649e-06
3.14584e-06
3.14525e-06
3.14474e-06
3.14428e-06
3.14387e-06
3.1435e-06
3.14317e-06
3.14288e-06
3.14261e-06
3.14237e-06
3.14215e-06
3.14195e-06
3.14178e-06
3.14161e-06
3.14146e-06
3.14133e-06
3.14121e-06
3.14109e-06
3.14099e-06
3.14089e-06
3.1408e-06
3.14072e-06
3.14064e-06
3.14057e-06
3.1405e-06
3.14044e-06
3.14038e-06
3.14032e-06
3.14026e-06
3.14021e-06
3.14016e-06
3.14011e-06
3.14006e-06
3.14001e-06
3.13996e-06
3.13992e-06
3.13987e-06
3.13982e-06
3.13978e-06
3.13973e-06
3.13968e-06
3.13964e-06
3.13959e-06
3.13954e-06
3.13949e-06
3.13945e-06
3.1394e-06
3.13935e-06
3.13929e-06
3.13924e-06
3.13919e-06
3.13913e-06
3.13907e-06
5.05237e-05
4.94907e-06
3.35446e-06
3.20024e-06
3.18174e-06
3.17418e-06
3.16861e-06
3.16413e-06
3.16051e-06
3.15753e-06
3.15508e-06
3.15302e-06
3.15128e-06
3.1498e-06
3.14853e-06
3.14743e-06
3.14648e-06
3.14565e-06
3.14492e-06
3.14428e-06
3.14371e-06
3.14321e-06
3.14276e-06
3.14236e-06
3.142e-06
3.14168e-06
3.14139e-06
3.14113e-06
3.1409e-06
3.14068e-06
3.14049e-06
3.14032e-06
3.14016e-06
3.14002e-06
3.13988e-06
3.13976e-06
3.13966e-06
3.13956e-06
3.13946e-06
3.13938e-06
3.1393e-06
3.13923e-06
3.13916e-06
3.1391e-06
3.13905e-06
3.13899e-06
3.13894e-06
3.1389e-06
3.13885e-06
3.13881e-06
3.13877e-06
3.13873e-06
3.13869e-06
3.13866e-06
3.13862e-06
3.13859e-06
3.13855e-06
3.13852e-06
3.13849e-06
3.13845e-06
3.13842e-06
3.13839e-06
3.13835e-06
3.13832e-06
3.13829e-06
3.13825e-06
3.13822e-06
3.13818e-06
3.13815e-06
3.13811e-06
3.13807e-06
3.13803e-06
3.85547e-05
4.46237e-06
3.30457e-06
3.19489e-06
3.1797e-06
3.17227e-06
3.16671e-06
3.16228e-06
3.15871e-06
3.1558e-06
3.1534e-06
3.15139e-06
3.1497e-06
3.14825e-06
3.14702e-06
3.14595e-06
3.14503e-06
3.14422e-06
3.14351e-06
3.14288e-06
3.14233e-06
3.14185e-06
3.14141e-06
3.14102e-06
3.14068e-06
3.14037e-06
3.14009e-06
3.13983e-06
3.13961e-06
3.1394e-06
3.13922e-06
3.13905e-06
3.13889e-06
3.13876e-06
3.13863e-06
3.13852e-06
3.13841e-06
3.13832e-06
3.13823e-06
3.13815e-06
3.13808e-06
3.13801e-06
3.13795e-06
3.13789e-06
3.13784e-06
3.13779e-06
3.13775e-06
3.13771e-06
3.13767e-06
3.13764e-06
3.1376e-06
3.13757e-06
3.13755e-06
3.13752e-06
3.13749e-06
3.13747e-06
3.13744e-06
3.13742e-06
3.1374e-06
3.13737e-06
3.13735e-06
3.13733e-06
3.13731e-06
3.13729e-06
3.13727e-06
3.13725e-06
3.13722e-06
3.1372e-06
3.13718e-06
3.13716e-06
3.13713e-06
3.13711e-06
2.90031e-05
4.11196e-06
3.26942e-06
3.19085e-06
3.17774e-06
3.17042e-06
3.1649e-06
3.16053e-06
3.15704e-06
3.15419e-06
3.15185e-06
3.14989e-06
3.14824e-06
3.14684e-06
3.14565e-06
3.14461e-06
3.14372e-06
3.14294e-06
3.14225e-06
3.14165e-06
3.14112e-06
3.14065e-06
3.14023e-06
3.13986e-06
3.13952e-06
3.13922e-06
3.13895e-06
3.13871e-06
3.13849e-06
3.1383e-06
3.13812e-06
3.13796e-06
3.13781e-06
3.13768e-06
3.13756e-06
3.13745e-06
3.13735e-06
3.13726e-06
3.13718e-06
3.1371e-06
3.13703e-06
3.13697e-06
3.13691e-06
3.13686e-06
3.13682e-06
3.13677e-06
3.13674e-06
3.1367e-06
3.13667e-06
3.13664e-06
3.13661e-06
3.13659e-06
3.13656e-06
3.13654e-06
3.13652e-06
3.13651e-06
3.13649e-06
3.13647e-06
3.13646e-06
3.13645e-06
3.13643e-06
3.13642e-06
3.13641e-06
3.1364e-06
3.13639e-06
3.13637e-06
3.13636e-06
3.13635e-06
3.13634e-06
3.13633e-06
3.13631e-06
3.1363e-06
2.16886e-05
3.85844e-06
3.24461e-06
3.18765e-06
3.17585e-06
3.16864e-06
3.16319e-06
3.1589e-06
3.15548e-06
3.15271e-06
3.15042e-06
3.14852e-06
3.14693e-06
3.14557e-06
3.14441e-06
3.14341e-06
3.14255e-06
3.1418e-06
3.14114e-06
3.14056e-06
3.14005e-06
3.1396e-06
3.1392e-06
3.13884e-06
3.13852e-06
3.13823e-06
3.13797e-06
3.13774e-06
3.13753e-06
3.13734e-06
3.13717e-06
3.13702e-06
3.13688e-06
3.13675e-06
3.13664e-06
3.13653e-06
3.13644e-06
3.13635e-06
3.13628e-06
3.13621e-06
3.13614e-06
3.13609e-06
3.13603e-06
3.13599e-06
3.13594e-06
3.13591e-06
3.13587e-06
3.13584e-06
3.13581e-06
3.13579e-06
3.13577e-06
3.13575e-06
3.13573e-06
3.13571e-06
3.1357e-06
3.13569e-06
3.13568e-06
3.13567e-06
3.13566e-06
3.13565e-06
3.13565e-06
3.13564e-06
3.13564e-06
3.13563e-06
3.13563e-06
3.13562e-06
3.13562e-06
3.13562e-06
3.13561e-06
3.13561e-06
3.13561e-06
3.1356e-06
1.62768e-05
3.67432e-06
3.22702e-06
3.18498e-06
3.17403e-06
3.16695e-06
3.16158e-06
3.15739e-06
3.15404e-06
3.15134e-06
3.14912e-06
3.14728e-06
3.14574e-06
3.14443e-06
3.14331e-06
3.14235e-06
3.14152e-06
3.1408e-06
3.14017e-06
3.13962e-06
3.13913e-06
3.13869e-06
3.13831e-06
3.13797e-06
3.13766e-06
3.13739e-06
3.13714e-06
3.13692e-06
3.13672e-06
3.13654e-06
3.13638e-06
3.13623e-06
3.1361e-06
3.13598e-06
3.13587e-06
3.13577e-06
3.13568e-06
3.1356e-06
3.13552e-06
3.13546e-06
3.13539e-06
3.13534e-06
3.13529e-06
3.13524e-06
3.1352e-06
3.13517e-06
3.13513e-06
3.1351e-06
3.13508e-06
3.13505e-06
3.13503e-06
3.13502e-06
3.135e-06
3.13499e-06
3.13498e-06
3.13497e-06
3.13496e-06
3.13496e-06
3.13495e-06
3.13495e-06
3.13494e-06
3.13494e-06
3.13494e-06
3.13494e-06
3.13494e-06
3.13495e-06
3.13495e-06
3.13496e-06
3.13496e-06
3.13497e-06
3.13498e-06
3.13498e-06
1.23595e-05
3.54073e-06
3.21445e-06
3.18267e-06
3.17229e-06
3.16534e-06
3.16008e-06
3.15598e-06
3.15272e-06
3.15009e-06
3.14794e-06
3.14616e-06
3.14467e-06
3.14341e-06
3.14234e-06
3.14143e-06
3.14063e-06
3.13995e-06
3.13935e-06
3.13883e-06
3.13837e-06
3.13796e-06
3.1376e-06
3.13728e-06
3.137e-06
3.13675e-06
3.13652e-06
3.13632e-06
3.13614e-06
3.13597e-06
3.13583e-06
3.13569e-06
3.13558e-06
3.13547e-06
3.13537e-06
3.13528e-06
3.1352e-06
3.13513e-06
3.13506e-06
3.135e-06
3.13495e-06
3.1349e-06
3.13486e-06
3.13482e-06
3.13479e-06
3.13475e-06
3.13473e-06
3.1347e-06
3.13468e-06
3.13466e-06
3.13464e-06
3.13463e-06
3.13461e-06
3.1346e-06
3.13459e-06
3.13459e-06
3.13458e-06
3.13458e-06
3.13458e-06
3.13457e-06
3.13457e-06
3.13457e-06
3.13458e-06
3.13458e-06
3.13459e-06
3.13459e-06
3.13459e-06
3.13459e-06
3.13459e-06
3.13459e-06
3.13459e-06
3.13459e-06
9.58004e-06
3.44378e-06
3.20537e-06
3.18059e-06
3.17062e-06
3.16383e-06
3.15867e-06
3.15468e-06
3.15151e-06
3.14897e-06
3.14689e-06
3.14517e-06
3.14374e-06
3.14254e-06
3.14152e-06
3.14065e-06
3.13991e-06
3.13927e-06
3.13871e-06
3.13823e-06
3.13781e-06
3.13744e-06
3.13712e-06
3.13684e-06
3.13659e-06
3.13637e-06
3.13617e-06
3.136e-06
3.13585e-06
3.13571e-06
3.13558e-06
3.13547e-06
3.13537e-06
3.13528e-06
3.1352e-06
3.13513e-06
3.13506e-06
3.13501e-06
3.13495e-06
3.1349e-06
3.13486e-06
3.13482e-06
3.13479e-06
3.13475e-06
3.13473e-06
3.1347e-06
3.13468e-06
3.13466e-06
3.13464e-06
3.13462e-06
3.13461e-06
3.1346e-06
3.13459e-06
3.13458e-06
3.13458e-06
3.13457e-06
3.13457e-06
3.13456e-06
3.13456e-06
3.13456e-06
3.13457e-06
3.13457e-06
3.13457e-06
3.13457e-06
3.13457e-06
3.13457e-06
3.13457e-06
3.13456e-06
3.13456e-06
3.13455e-06
3.13455e-06
3.13454e-06
7.63036e-06
3.37341e-06
3.19869e-06
3.17867e-06
3.16903e-06
3.1624e-06
3.15737e-06
3.15349e-06
3.15042e-06
3.14796e-06
3.14596e-06
3.14432e-06
3.14296e-06
3.14182e-06
3.14087e-06
3.14006e-06
3.13937e-06
3.13879e-06
3.13829e-06
3.13786e-06
3.1375e-06
3.13718e-06
3.13691e-06
3.13667e-06
3.13647e-06
3.13629e-06
3.13613e-06
3.13599e-06
3.13587e-06
3.13576e-06
3.13567e-06
3.13558e-06
3.13551e-06
3.13544e-06
3.13538e-06
3.13533e-06
3.13528e-06
3.13524e-06
3.1352e-06
3.13516e-06
3.13513e-06
3.1351e-06
3.13508e-06
3.13506e-06
3.13504e-06
3.13502e-06
3.135e-06
3.13499e-06
3.13498e-06
3.13497e-06
3.13496e-06
3.13495e-06
3.13494e-06
3.13494e-06
3.13494e-06
3.13493e-06
3.13493e-06
3.13493e-06
3.13493e-06
3.13493e-06
3.13493e-06
3.13493e-06
3.13493e-06
3.13492e-06
3.13492e-06
3.13491e-06
3.1349e-06
3.13489e-06
3.13489e-06
3.13488e-06
3.13487e-06
3.13486e-06
6.2765e-06
3.32221e-06
3.19367e-06
3.17688e-06
3.16753e-06
3.16106e-06
3.15617e-06
3.1524e-06
3.14944e-06
3.14708e-06
3.14517e-06
3.14361e-06
3.14233e-06
3.14126e-06
3.14038e-06
3.13964e-06
3.13903e-06
3.13851e-06
3.13807e-06
3.1377e-06
3.13739e-06
3.13712e-06
3.13689e-06
3.13669e-06
3.13652e-06
3.13638e-06
3.13625e-06
3.13614e-06
3.13604e-06
3.13596e-06
3.13588e-06
3.13581e-06
3.13575e-06
3.1357e-06
3.13565e-06
3.13561e-06
3.13557e-06
3.13554e-06
3.13551e-06
3.13548e-06
3.13545e-06
3.13543e-06
3.13541e-06
3.1354e-06
3.13538e-06
3.13537e-06
3.13535e-06
3.13534e-06
3.13533e-06
3.13533e-06
3.13532e-06
3.13532e-06
3.13531e-06
3.13531e-06
3.13531e-06
3.13531e-06
3.13531e-06
3.13531e-06
3.13531e-06
3.1353e-06
3.1353e-06
3.13529e-06
3.13528e-06
3.13528e-06
3.13527e-06
3.13526e-06
3.13525e-06
3.13524e-06
3.13523e-06
3.13521e-06
3.1352e-06
3.13519e-06
5.33497e-06
3.28534e-06
3.18978e-06
3.17517e-06
3.1661e-06
3.15982e-06
3.15507e-06
3.15144e-06
3.14859e-06
3.14633e-06
3.14451e-06
3.14304e-06
3.14184e-06
3.14085e-06
3.14004e-06
3.13937e-06
3.13882e-06
3.13836e-06
3.13797e-06
3.13764e-06
3.13737e-06
3.13713e-06
3.13693e-06
3.13676e-06
3.13661e-06
3.13648e-06
3.13637e-06
3.13627e-06
3.13618e-06
3.1361e-06
3.13604e-06
3.13597e-06
3.13592e-06
3.13587e-06
3.13582e-06
3.13578e-06
3.13575e-06
3.13572e-06
3.13569e-06
3.13566e-06
3.13564e-06
3.13562e-06
3.1356e-06
3.13558e-06
3.13557e-06
3.13556e-06
3.13555e-06
3.13554e-06
3.13553e-06
3.13552e-06
3.13552e-06
3.13552e-06
3.13551e-06
3.13551e-06
3.13551e-06
3.13551e-06
3.13551e-06
3.13551e-06
3.1355e-06
3.13549e-06
3.13549e-06
3.13548e-06
3.13547e-06
3.13546e-06
3.13545e-06
3.13544e-06
3.13542e-06
3.13541e-06
3.1354e-06
3.13538e-06
3.13537e-06
3.13535e-06
4.68434e-06
3.25812e-06
3.18668e-06
3.17354e-06
3.16476e-06
3.15867e-06
3.15408e-06
3.15057e-06
3.14784e-06
3.14568e-06
3.14396e-06
3.14257e-06
3.14145e-06
3.14054e-06
3.13979e-06
3.13918e-06
3.13867e-06
3.13825e-06
3.1379e-06
3.1376e-06
3.13734e-06
3.13712e-06
3.13694e-06
3.13677e-06
3.13663e-06
3.1365e-06
3.13639e-06
3.1363e-06
3.13621e-06
3.13613e-06
3.13606e-06
3.136e-06
3.13594e-06
3.13589e-06
3.13585e-06
3.13581e-06
3.13577e-06
3.13574e-06
3.13571e-06
3.13568e-06
3.13566e-06
3.13564e-06
3.13562e-06
3.13561e-06
3.13559e-06
3.13558e-06
3.13557e-06
3.13556e-06
3.13556e-06
3.13555e-06
3.13555e-06
3.13555e-06
3.13555e-06
3.13555e-06
3.13554e-06
3.13554e-06
3.13553e-06
3.13552e-06
3.13552e-06
3.13551e-06
3.1355e-06
3.13549e-06
3.13548e-06
3.13546e-06
3.13545e-06
3.13544e-06
3.13543e-06
3.13541e-06
3.1354e-06
3.13538e-06
3.13537e-06
3.13535e-06
4.23015e-06
3.23805e-06
3.18413e-06
3.17198e-06
3.1635e-06
3.15761e-06
3.15317e-06
3.1498e-06
3.14718e-06
3.14512e-06
3.14348e-06
3.14217e-06
3.14112e-06
3.14026e-06
3.13957e-06
3.13899e-06
3.13851e-06
3.13811e-06
3.13777e-06
3.13749e-06
3.13724e-06
3.13702e-06
3.13684e-06
3.13668e-06
3.13653e-06
3.1364e-06
3.13629e-06
3.13619e-06
3.1361e-06
3.13602e-06
3.13595e-06
3.13589e-06
3.13583e-06
3.13578e-06
3.13573e-06
3.13569e-06
3.13566e-06
3.13562e-06
3.13559e-06
3.13557e-06
3.13555e-06
3.13553e-06
3.13551e-06
3.1355e-06
3.13548e-06
3.13547e-06
3.13546e-06
3.13546e-06
3.13545e-06
3.13545e-06
3.13544e-06
3.13544e-06
3.13543e-06
3.13542e-06
3.13542e-06
3.13541e-06
3.1354e-06
3.13539e-06
3.13538e-06
3.13537e-06
3.13535e-06
3.13534e-06
3.13533e-06
3.13532e-06
3.1353e-06
3.13529e-06
3.13527e-06
3.13526e-06
3.13524e-06
3.13523e-06
3.13521e-06
3.1352e-06
3.91257e-06
3.2232e-06
3.18195e-06
3.17048e-06
3.16231e-06
3.15661e-06
3.15233e-06
3.14908e-06
3.14656e-06
3.14459e-06
3.14303e-06
3.14179e-06
3.14079e-06
3.13997e-06
3.13931e-06
3.13875e-06
3.13829e-06
3.1379e-06
3.13756e-06
3.13728e-06
3.13703e-06
3.13681e-06
3.13663e-06
3.13646e-06
3.13631e-06
3.13618e-06
3.13607e-06
3.13597e-06
3.13588e-06
3.1358e-06
3.13572e-06
3.13566e-06
3.1356e-06
3.13555e-06
3.13551e-06
3.13547e-06
3.13543e-06
3.1354e-06
3.13537e-06
3.13535e-06
3.13533e-06
3.13531e-06
3.13529e-06
3.13528e-06
3.13527e-06
3.13526e-06
3.13526e-06
3.13525e-06
3.13524e-06
3.13523e-06
3.13522e-06
3.13521e-06
3.1352e-06
3.13519e-06
3.13517e-06
3.13516e-06
3.13515e-06
3.13513e-06
3.13512e-06
3.13511e-06
3.13509e-06
3.13508e-06
3.13506e-06
3.13505e-06
3.13503e-06
3.13501e-06
3.135e-06
3.13498e-06
3.13496e-06
3.13495e-06
3.13493e-06
3.13491e-06
3.69073e-06
3.21214e-06
3.18001e-06
3.16903e-06
3.16117e-06
3.15566e-06
3.15152e-06
3.14839e-06
3.14596e-06
3.14407e-06
3.14257e-06
3.14138e-06
3.14041e-06
3.13962e-06
3.13897e-06
3.13843e-06
3.13797e-06
3.13758e-06
3.13725e-06
3.13696e-06
3.13671e-06
3.1365e-06
3.13631e-06
3.13614e-06
3.136e-06
3.13587e-06
3.13576e-06
3.13566e-06
3.13557e-06
3.13549e-06
3.13542e-06
3.13536e-06
3.13531e-06
3.13526e-06
3.13522e-06
3.13519e-06
3.13515e-06
3.13513e-06
3.1351e-06
3.13509e-06
3.13507e-06
3.13506e-06
3.13504e-06
3.13503e-06
3.13502e-06
3.135e-06
3.13499e-06
3.13497e-06
3.13495e-06
3.13494e-06
3.13492e-06
3.1349e-06
3.13489e-06
3.13487e-06
3.13485e-06
3.13483e-06
3.13481e-06
3.1348e-06
3.13478e-06
3.13476e-06
3.13474e-06
3.13472e-06
3.1347e-06
3.13469e-06
3.13467e-06
3.13465e-06
3.13463e-06
3.13461e-06
3.13459e-06
3.13457e-06
3.13455e-06
3.13453e-06
3.53609e-06
3.2038e-06
3.1782e-06
3.1676e-06
3.16005e-06
3.15471e-06
3.15071e-06
3.14767e-06
3.14533e-06
3.1435e-06
3.14206e-06
3.1409e-06
3.13996e-06
3.13918e-06
3.13854e-06
3.13801e-06
3.13756e-06
3.13717e-06
3.13684e-06
3.13656e-06
3.13631e-06
3.1361e-06
3.13592e-06
3.13576e-06
3.13562e-06
3.1355e-06
3.1354e-06
3.13531e-06
3.13523e-06
3.13516e-06
3.1351e-06
3.13505e-06
3.13501e-06
3.13497e-06
3.13494e-06
3.13492e-06
3.1349e-06
3.13488e-06
3.13486e-06
3.13484e-06
3.13481e-06
3.13479e-06
3.13477e-06
3.13475e-06
3.13472e-06
3.1347e-06
3.13467e-06
3.13465e-06
3.13462e-06
3.1346e-06
3.13457e-06
3.13455e-06
3.13452e-06
3.1345e-06
3.13447e-06
3.13445e-06
3.13442e-06
3.1344e-06
3.13438e-06
3.13435e-06
3.13433e-06
3.1343e-06
3.13428e-06
3.13426e-06
3.13423e-06
3.13421e-06
3.13419e-06
3.13416e-06
3.13414e-06
3.13412e-06
3.13409e-06
3.13407e-06
3.42815e-06
3.1974e-06
3.17645e-06
3.16616e-06
3.1589e-06
3.15373e-06
3.14985e-06
3.14691e-06
3.14464e-06
3.14287e-06
3.14146e-06
3.14033e-06
3.13941e-06
3.13865e-06
3.13803e-06
3.1375e-06
3.13706e-06
3.13668e-06
3.13637e-06
3.1361e-06
3.13587e-06
3.13567e-06
3.13551e-06
3.13537e-06
3.13525e-06
3.13515e-06
3.13506e-06
3.13499e-06
3.13493e-06
3.13488e-06
3.13485e-06
3.13482e-06
3.13479e-06
3.13476e-06
3.13473e-06
3.1347e-06
3.13467e-06
3.13464e-06
3.13461e-06
3.13457e-06
3.13454e-06
3.13451e-06
3.13447e-06
3.13444e-06
3.1344e-06
3.13437e-06
3.13433e-06
3.1343e-06
3.13426e-06
3.13423e-06
3.13419e-06
3.13416e-06
3.13413e-06
3.13409e-06
3.13406e-06
3.13403e-06
3.13399e-06
3.13396e-06
3.13393e-06
3.1339e-06
3.13387e-06
3.13384e-06
3.13381e-06
3.13378e-06
3.13375e-06
3.13372e-06
3.13369e-06
3.13366e-06
3.13363e-06
3.1336e-06
3.13357e-06
3.13354e-06
3.35369e-06
3.19233e-06
3.17467e-06
3.16467e-06
3.15769e-06
3.15267e-06
3.14891e-06
3.14606e-06
3.14386e-06
3.14213e-06
3.14076e-06
3.13966e-06
3.13877e-06
3.13804e-06
3.13743e-06
3.13693e-06
3.13651e-06
3.13617e-06
3.13588e-06
3.13564e-06
3.13544e-06
3.13527e-06
3.13514e-06
3.13503e-06
3.13495e-06
3.13488e-06
3.13483e-06
3.1348e-06
3.13476e-06
3.13472e-06
3.13469e-06
3.13465e-06
3.13461e-06
3.13457e-06
3.13453e-06
3.13448e-06
3.13444e-06
3.13439e-06
3.13434e-06
3.1343e-06
3.13425e-06
3.1342e-06
3.13415e-06
3.1341e-06
3.13406e-06
3.13401e-06
3.13396e-06
3.13392e-06
3.13387e-06
3.13383e-06
3.13378e-06
3.13374e-06
3.13369e-06
3.13365e-06
3.13361e-06
3.13356e-06
3.13352e-06
3.13348e-06
3.13344e-06
3.1334e-06
3.13336e-06
3.13332e-06
3.13328e-06
3.13324e-06
3.13321e-06
3.13317e-06
3.13313e-06
3.1331e-06
3.13306e-06
3.13302e-06
3.13299e-06
3.13295e-06
3.30202e-06
3.18814e-06
3.1728e-06
3.1631e-06
3.15638e-06
3.1515e-06
3.14786e-06
3.1451e-06
3.14297e-06
3.1413e-06
3.13998e-06
3.13892e-06
3.13806e-06
3.13737e-06
3.13681e-06
3.13635e-06
3.13597e-06
3.13567e-06
3.13543e-06
3.13525e-06
3.1351e-06
3.13499e-06
3.13491e-06
3.13486e-06
3.13482e-06
3.13477e-06
3.13473e-06
3.13469e-06
3.13464e-06
3.13459e-06
3.13454e-06
3.13449e-06
3.13443e-06
3.13437e-06
3.13431e-06
3.13425e-06
3.13418e-06
3.13412e-06
3.13406e-06
3.13399e-06
3.13393e-06
3.13387e-06
3.1338e-06
3.13374e-06
3.13368e-06
3.13362e-06
3.13356e-06
3.1335e-06
3.13344e-06
3.13338e-06
3.13333e-06
3.13327e-06
3.13321e-06
3.13316e-06
3.1331e-06
3.13305e-06
3.133e-06
3.13295e-06
3.13289e-06
3.13284e-06
3.1328e-06
3.13275e-06
3.1327e-06
3.13265e-06
3.1326e-06
3.13256e-06
3.13251e-06
3.13247e-06
3.13242e-06
3.13238e-06
3.13234e-06
3.13229e-06
3.26564e-06
3.18452e-06
3.17078e-06
3.16139e-06
3.15492e-06
3.1502e-06
3.14669e-06
3.14403e-06
3.14198e-06
3.14038e-06
3.13912e-06
3.13812e-06
3.13733e-06
3.1367e-06
3.1362e-06
3.13582e-06
3.13552e-06
3.13529e-06
3.13513e-06
3.13502e-06
3.13496e-06
3.13491e-06
3.13487e-06
3.13482e-06
3.13477e-06
3.13472e-06
3.13466e-06
3.1346e-06
3.13453e-06
3.13446e-06
3.13438e-06
3.1343e-06
3.13423e-06
3.13414e-06
3.13406e-06
3.13398e-06
3.1339e-06
3.13382e-06
3.13373e-06
3.13365e-06
3.13357e-06
3.13349e-06
3.13341e-06
3.13333e-06
3.13325e-06
3.13318e-06
3.1331e-06
3.13302e-06
3.13295e-06
3.13288e-06
3.13281e-06
3.13274e-06
3.13267e-06
3.1326e-06
3.13253e-06
3.13247e-06
3.1324e-06
3.13234e-06
3.13227e-06
3.13221e-06
3.13215e-06
3.13209e-06
3.13203e-06
3.13198e-06
3.13192e-06
3.13186e-06
3.13181e-06
3.13175e-06
3.1317e-06
3.13165e-06
3.1316e-06
3.13155e-06
3.23968e-06
3.18123e-06
3.16857e-06
3.15951e-06
3.15331e-06
3.14876e-06
3.14539e-06
3.14285e-06
3.1409e-06
3.1394e-06
3.13823e-06
3.13733e-06
3.13663e-06
3.13611e-06
3.13571e-06
3.13543e-06
3.13525e-06
3.13514e-06
3.13507e-06
3.13503e-06
3.13498e-06
3.13494e-06
3.13488e-06
3.13482e-06
3.13474e-06
3.13466e-06
3.13458e-06
3.13448e-06
3.13439e-06
3.13429e-06
3.13418e-06
3.13408e-06
3.13398e-06
3.13387e-06
3.13377e-06
3.13366e-06
3.13355e-06
3.13345e-06
3.13335e-06
3.13324e-06
3.13314e-06
3.13304e-06
3.13294e-06
3.13285e-06
3.13275e-06
3.13265e-06
3.13256e-06
3.13247e-06
3.13238e-06
3.13229e-06
3.1322e-06
3.13212e-06
3.13203e-06
3.13195e-06
3.13187e-06
3.13179e-06
3.13171e-06
3.13163e-06
3.13156e-06
3.13148e-06
3.13141e-06
3.13134e-06
3.13127e-06
3.1312e-06
3.13113e-06
3.13107e-06
3.131e-06
3.13094e-06
3.13088e-06
3.13081e-06
3.13075e-06
3.13069e-06
3.22086e-06
3.17806e-06
3.16612e-06
3.15746e-06
3.15153e-06
3.14719e-06
3.14399e-06
3.14159e-06
3.13978e-06
3.13842e-06
3.13739e-06
3.13662e-06
3.13607e-06
3.13569e-06
3.13545e-06
3.13532e-06
3.13526e-06
3.13521e-06
3.13517e-06
3.13512e-06
3.13506e-06
3.13498e-06
3.13489e-06
3.13479e-06
3.13469e-06
3.13457e-06
3.13445e-06
3.13432e-06
3.13419e-06
3.13406e-06
3.13393e-06
3.1338e-06
3.13366e-06
3.13353e-06
3.1334e-06
3.13326e-06
3.13313e-06
3.133e-06
3.13287e-06
3.13275e-06
3.13262e-06
3.1325e-06
3.13238e-06
3.13226e-06
3.13214e-06
3.13203e-06
3.13191e-06
3.1318e-06
3.13169e-06
3.13159e-06
3.13148e-06
3.13138e-06
3.13128e-06
3.13118e-06
3.13108e-06
3.13099e-06
3.13089e-06
3.1308e-06
3.13071e-06
3.13063e-06
3.13054e-06
3.13046e-06
3.13037e-06
3.13029e-06
3.13021e-06
3.13014e-06
3.13006e-06
3.12999e-06
3.12991e-06
3.12984e-06
3.12977e-06
3.12971e-06
3.20693e-06
3.17484e-06
3.16343e-06
3.15522e-06
3.14959e-06
3.1455e-06
3.14251e-06
3.14031e-06
3.13869e-06
3.13751e-06
3.13667e-06
3.1361e-06
3.13575e-06
3.13558e-06
3.1355e-06
3.13546e-06
3.13542e-06
3.13538e-06
3.13531e-06
3.13522e-06
3.13512e-06
3.135e-06
3.13486e-06
3.13472e-06
3.13457e-06
3.13441e-06
3.13425e-06
3.13408e-06
3.13391e-06
3.13375e-06
3.13358e-06
3.13341e-06
3.13324e-06
3.13308e-06
3.13291e-06
3.13275e-06
3.13259e-06
3.13243e-06
3.13227e-06
3.13212e-06
3.13197e-06
3.13182e-06
3.13168e-06
3.13153e-06
3.13139e-06
3.13126e-06
3.13112e-06
3.13099e-06
3.13086e-06
3.13074e-06
3.13061e-06
3.13049e-06
3.13037e-06
3.13026e-06
3.13015e-06
3.13003e-06
3.12993e-06
3.12982e-06
3.12972e-06
3.12962e-06
3.12952e-06
3.12942e-06
3.12933e-06
3.12923e-06
3.12914e-06
3.12905e-06
3.12897e-06
3.12888e-06
3.1288e-06
3.12872e-06
3.12864e-06
3.12856e-06
3.19627e-06
3.17144e-06
3.16052e-06
3.15281e-06
3.14753e-06
3.14375e-06
3.14104e-06
3.13909e-06
3.13773e-06
3.13681e-06
3.13623e-06
3.13593e-06
3.13582e-06
3.13578e-06
3.13575e-06
3.1357e-06
3.13563e-06
3.13554e-06
3.13542e-06
3.13528e-06
3.13512e-06
3.13494e-06
3.13476e-06
3.13456e-06
3.13436e-06
3.13415e-06
3.13395e-06
3.13374e-06
3.13353e-06
3.13332e-06
3.13311e-06
3.1329e-06
3.13269e-06
3.13249e-06
3.13229e-06
3.13209e-06
3.1319e-06
3.13171e-06
3.13152e-06
3.13134e-06
3.13116e-06
3.13098e-06
3.13081e-06
3.13064e-06
3.13047e-06
3.13031e-06
3.13015e-06
3.13e-06
3.12984e-06
3.12969e-06
3.12955e-06
3.12941e-06
3.12927e-06
3.12914e-06
3.129e-06
3.12888e-06
3.12875e-06
3.12863e-06
3.12851e-06
3.12839e-06
3.12828e-06
3.12817e-06
3.12807e-06
3.12796e-06
3.12786e-06
3.12776e-06
3.12767e-06
3.12757e-06
3.12748e-06
3.12739e-06
3.12731e-06
3.12722e-06
3.18775e-06
3.1678e-06
3.15741e-06
3.15028e-06
3.14543e-06
3.14202e-06
3.13966e-06
3.13806e-06
3.13703e-06
3.13646e-06
3.13623e-06
3.13615e-06
3.13613e-06
3.1361e-06
3.13604e-06
3.13594e-06
3.13581e-06
3.13565e-06
3.13546e-06
3.13524e-06
3.13502e-06
3.13478e-06
3.13453e-06
3.13427e-06
3.13401e-06
3.13375e-06
3.13349e-06
3.13322e-06
3.13296e-06
3.1327e-06
3.13245e-06
3.1322e-06
3.13195e-06
3.1317e-06
3.13146e-06
3.13123e-06
3.13099e-06
3.13077e-06
3.13055e-06
3.13033e-06
3.13012e-06
3.12991e-06
3.12971e-06
3.12951e-06
3.12932e-06
3.12913e-06
3.12894e-06
3.12877e-06
3.12859e-06
3.12842e-06
3.12826e-06
3.1281e-06
3.12794e-06
3.12779e-06
3.12764e-06
3.1275e-06
3.12735e-06
3.12722e-06
3.12709e-06
3.12696e-06
3.12683e-06
3.12671e-06
3.12659e-06
3.12648e-06
3.12636e-06
3.12626e-06
3.12615e-06
3.12605e-06
3.12595e-06
3.12585e-06
3.12576e-06
3.12567e-06
3.18058e-06
3.16392e-06
3.15419e-06
3.14772e-06
3.14337e-06
3.14044e-06
3.13853e-06
3.13738e-06
3.1368e-06
3.13662e-06
3.13658e-06
3.13656e-06
3.13652e-06
3.13643e-06
3.1363e-06
3.13611e-06
3.13589e-06
3.13564e-06
3.13537e-06
3.13508e-06
3.13477e-06
3.13446e-06
3.13414e-06
3.13382e-06
3.13349e-06
3.13317e-06
3.13284e-06
3.13252e-06
3.13221e-06
3.13189e-06
3.13158e-06
3.13128e-06
3.13098e-06
3.13069e-06
3.1304e-06
3.13012e-06
3.12985e-06
3.12958e-06
3.12931e-06
3.12905e-06
3.1288e-06
3.12856e-06
3.12832e-06
3.12808e-06
3.12785e-06
3.12763e-06
3.12742e-06
3.12721e-06
3.127e-06
3.1268e-06
3.12661e-06
3.12642e-06
3.12624e-06
3.12607e-06
3.1259e-06
3.12573e-06
3.12557e-06
3.12542e-06
3.12527e-06
3.12513e-06
3.12499e-06
3.12486e-06
3.12473e-06
3.12461e-06
3.12449e-06
3.12438e-06
3.12427e-06
3.12416e-06
3.12406e-06
3.12397e-06
3.12388e-06
3.12379e-06
3.17423e-06
3.15986e-06
3.15096e-06
3.14523e-06
3.14151e-06
3.13918e-06
3.13785e-06
3.13727e-06
3.13711e-06
3.13709e-06
3.13707e-06
3.13701e-06
3.13688e-06
3.13668e-06
3.13644e-06
3.13615e-06
3.13582e-06
3.13547e-06
3.13509e-06
3.13471e-06
3.13431e-06
3.13391e-06
3.1335e-06
3.1331e-06
3.13269e-06
3.13229e-06
3.13189e-06
3.1315e-06
3.13111e-06
3.13073e-06
3.13035e-06
3.12998e-06
3.12962e-06
3.12926e-06
3.12892e-06
3.12858e-06
3.12825e-06
3.12792e-06
3.12761e-06
3.1273e-06
3.12701e-06
3.12672e-06
3.12644e-06
3.12617e-06
3.1259e-06
3.12565e-06
3.1254e-06
3.12517e-06
3.12494e-06
3.12472e-06
3.1245e-06
3.1243e-06
3.1241e-06
3.12391e-06
3.12373e-06
3.12355e-06
3.12339e-06
3.12322e-06
3.12307e-06
3.12292e-06
3.12278e-06
3.12264e-06
3.12251e-06
3.12239e-06
3.12227e-06
3.12216e-06
3.12205e-06
3.12195e-06
3.12185e-06
3.12176e-06
3.12167e-06
3.12158e-06
3.16839e-06
3.15577e-06
3.14787e-06
3.14301e-06
3.14007e-06
3.13847e-06
3.13786e-06
3.13771e-06
3.13769e-06
3.13767e-06
3.13757e-06
3.13739e-06
3.13713e-06
3.1368e-06
3.13642e-06
3.136e-06
3.13555e-06
3.13508e-06
3.13459e-06
3.1341e-06
3.13359e-06
3.13309e-06
3.13258e-06
3.13207e-06
3.13157e-06
3.13107e-06
3.13058e-06
3.13009e-06
3.12961e-06
3.12914e-06
3.12867e-06
3.12822e-06
3.12777e-06
3.12733e-06
3.12691e-06
3.12649e-06
3.12608e-06
3.12569e-06
3.1253e-06
3.12493e-06
3.12457e-06
3.12421e-06
3.12387e-06
3.12354e-06
3.12323e-06
3.12292e-06
3.12263e-06
3.12235e-06
3.12208e-06
3.12182e-06
3.12157e-06
3.12134e-06
3.12112e-06
3.12091e-06
3.12071e-06
3.12052e-06
3.12035e-06
3.12018e-06
3.12003e-06
3.11988e-06
3.11975e-06
3.11963e-06
3.11952e-06
3.11942e-06
3.11933e-06
3.11925e-06
3.11917e-06
3.11911e-06
3.11905e-06
3.119e-06
3.11896e-06
3.11893e-06
3.16288e-06
3.15182e-06
3.1451e-06
3.14126e-06
3.13925e-06
3.13855e-06
3.13838e-06
3.13835e-06
3.13829e-06
3.13814e-06
3.13787e-06
3.13751e-06
3.13707e-06
3.13657e-06
3.13602e-06
3.13544e-06
3.13483e-06
3.1342e-06
3.13356e-06
3.13292e-06
3.13227e-06
3.13163e-06
3.13098e-06
3.13035e-06
3.12972e-06
3.12909e-06
3.12848e-06
3.12788e-06
3.12729e-06
3.12671e-06
3.12615e-06
3.1256e-06
3.12507e-06
3.12455e-06
3.12406e-06
3.12358e-06
3.12313e-06
3.12269e-06
3.12227e-06
3.12188e-06
3.1215e-06
3.12115e-06
3.12081e-06
3.1205e-06
3.12021e-06
3.11994e-06
3.11969e-06
3.11946e-06
3.11925e-06
3.11906e-06
3.11889e-06
3.11873e-06
3.1186e-06
3.11847e-06
3.11836e-06
3.11826e-06
3.11817e-06
3.11808e-06
3.118e-06
3.11792e-06
3.11786e-06
3.11779e-06
3.11774e-06
3.1177e-06
3.11766e-06
3.11761e-06
3.11755e-06
3.1175e-06
3.11746e-06
3.11745e-06
3.11743e-06
3.11741e-06
3.15772e-06
3.14816e-06
3.1429e-06
3.14032e-06
3.13942e-06
3.13926e-06
3.13925e-06
3.13918e-06
3.13899e-06
3.13866e-06
3.13821e-06
3.13767e-06
3.13706e-06
3.13639e-06
3.13569e-06
3.13496e-06
3.13421e-06
3.13345e-06
3.13268e-06
3.13191e-06
3.13115e-06
3.13039e-06
3.12964e-06
3.1289e-06
3.12817e-06
3.12747e-06
3.12678e-06
3.12612e-06
3.12548e-06
3.12487e-06
3.12429e-06
3.12374e-06
3.12323e-06
3.12275e-06
3.12231e-06
3.1219e-06
3.12153e-06
3.1212e-06
3.12091e-06
3.12066e-06
3.12045e-06
3.12027e-06
3.12013e-06
3.12003e-06
3.11996e-06
3.11993e-06
3.11993e-06
3.11993e-06
3.11994e-06
3.11994e-06
3.11994e-06
3.11993e-06
3.11992e-06
3.11989e-06
3.11986e-06
3.11981e-06
3.11975e-06
3.11967e-06
3.11959e-06
3.11949e-06
3.11938e-06
3.1193e-06
3.11924e-06
3.1192e-06
3.11917e-06
3.11916e-06
3.11916e-06
3.11918e-06
3.11917e-06
3.11917e-06
3.11916e-06
3.11915e-06
3.15238e-06
3.14492e-06
3.14163e-06
3.14025e-06
3.13978e-06
3.13956e-06
3.13929e-06
3.13888e-06
3.13833e-06
3.13767e-06
3.13692e-06
3.13613e-06
3.13533e-06
3.13454e-06
3.13379e-06
3.13308e-06
3.13237e-06
3.13168e-06
3.13101e-06
3.13036e-06
3.12975e-06
3.12917e-06
3.12863e-06
3.12813e-06
3.12767e-06
3.12727e-06
3.12691e-06
3.1266e-06
3.12634e-06
3.12613e-06
3.12598e-06
3.12589e-06
3.12585e-06
3.12585e-06
3.12591e-06
3.126e-06
3.12614e-06
3.12631e-06
3.1265e-06
3.12671e-06
3.12694e-06
3.12718e-06
3.12743e-06
3.12767e-06
3.12791e-06
3.12813e-06
3.12833e-06
3.12851e-06
3.12866e-06
3.12878e-06
3.12888e-06
3.12893e-06
3.12896e-06
3.12895e-06
3.1289e-06
3.1288e-06
3.12867e-06
3.1285e-06
3.12828e-06
3.12802e-06
3.12772e-06
3.12737e-06
3.12697e-06
3.12652e-06
3.12602e-06
3.12547e-06
3.12486e-06
3.12421e-06
3.12353e-06
3.12286e-06
3.12218e-06
3.12152e-06
)
;

boundaryField
{
    walls
    {
        type            fixedValue;
        value           uniform 0;
    }
    frontAndBack
    {
        type            empty;
    }
    farfield
    {
        type            calculated;
        value           nonuniform List<scalar> 
72
(
3.15238e-06
3.14492e-06
3.14163e-06
3.14025e-06
3.13978e-06
3.13956e-06
3.13929e-06
3.13888e-06
3.13833e-06
3.13767e-06
3.13692e-06
3.13613e-06
3.13533e-06
3.13454e-06
3.13379e-06
3.13308e-06
3.13237e-06
3.13168e-06
3.13101e-06
3.13036e-06
3.12975e-06
3.12917e-06
3.12863e-06
3.12813e-06
3.12767e-06
3.12727e-06
3.12691e-06
3.1266e-06
3.12634e-06
3.12613e-06
3.12598e-06
3.12589e-06
3.12585e-06
3.12585e-06
3.12591e-06
3.126e-06
3.12614e-06
3.12631e-06
3.1265e-06
3.12671e-06
3.12694e-06
3.12718e-06
3.12743e-06
3.12767e-06
3.12791e-06
3.12813e-06
3.12833e-06
3.12851e-06
3.12866e-06
3.12878e-06
3.12888e-06
3.12893e-06
3.12896e-06
3.12895e-06
3.1289e-06
3.1288e-06
3.12867e-06
3.1285e-06
3.12828e-06
3.12802e-06
3.12772e-06
3.12737e-06
3.12697e-06
3.12652e-06
3.12602e-06
3.12547e-06
3.12486e-06
3.12421e-06
3.12353e-06
3.12286e-06
3.12218e-06
3.11449e-06
)
;
    }
    procBoundary3to1
    {
        type            processor;
        value           nonuniform List<scalar> 
101
(
1.71514e-13
1.70577e-11
1.86658e-10
1.08473e-09
4.49803e-09
1.4308e-08
3.62721e-08
7.79373e-08
1.50352e-07
2.72286e-07
5.37776e-07
1.11022e-06
2.29673e-06
4.65664e-06
9.0704e-06
1.67203e-05
2.88884e-05
4.3748e-05
5.71048e-05
6.70528e-05
7.29579e-05
7.51999e-05
7.63792e-05
7.6734e-05
7.70905e-05
7.86314e-05
8.25713e-05
9.07341e-05
0.000104358
0.000125425
0.000154774
0.000192527
0.000237013
0.000291764
0.000354713
0.000426047
0.000506375
0.000596422
0.000697549
0.000811309
0.00093927
0.00108331
0.00124717
0.00143342
0.00164281
0.00187532
0.00212471
0.0023826
0.0026551
0.00195437
0.000900494
0.000900494
0.000954504
0.00100625
0.00105463
0.00109835
0.00113664
0.00117432
0.00121013
0.00124297
0.00127147
0.0012944
0.0013104
0.00131806
0.00131613
0.00130363
0.00127985
0.0012415
0.00118788
0.00112117
0.00104382
0.000958578
0.000868351
0.000776044
0.00068439
0.000595663
0.000511334
0.000432626
0.000360448
0.000295349
0.0002369
0.000184554
0.000137979
9.76496e-05
6.49797e-05
4.10677e-05
2.53982e-05
1.59952e-05
1.06081e-05
7.56009e-06
5.8067e-06
4.77609e-06
4.15786e-06
3.78092e-06
3.54849e-06
3.40391e-06
3.3133e-06
3.25595e-06
3.21905e-06
3.19482e-06
3.17742e-06
)
;
    }
    procBoundary3to2
    {
        type            processor;
        value           nonuniform List<scalar> 
108
(
1.74375e-11
1.66878e-09
1.62296e-08
7.92273e-08
2.75079e-07
7.76202e-07
1.89638e-06
4.14232e-06
8.20217e-06
1.47775e-05
2.43207e-05
3.68887e-05
5.21739e-05
6.9646e-05
8.87224e-05
0.000108897
0.000129801
0.000151199
0.000172959
0.000221128
0.000220669
0.000220185
0.000219696
0.000219203
0.000218715
0.000218236
0.000195012
0.000217763
0.000221128
0.000244356
0.000267834
0.000291479
0.000315145
0.000338628
0.000361653
0.000383862
0.0004048
0.0004239
0.000440463
0.000453634
0.000464913
0.000464913
0.00046851
0.000464983
0.000452614
0.000429371
0.000392892
0.000340419
0.000268528
0.000171699
5.18705e-05
5.99418e-06
2.79187e-06
2.69723e-06
2.79464e-06
2.89207e-06
2.97938e-06
3.05166e-06
3.09958e-06
3.12469e-06
3.13792e-06
3.14581e-06
3.15085e-06
3.15398e-06
3.15563e-06
3.15606e-06
3.15553e-06
3.15428e-06
3.15261e-06
3.15077e-06
3.14894e-06
3.14721e-06
3.1456e-06
3.14409e-06
3.14269e-06
3.14137e-06
3.14014e-06
3.13901e-06
3.13799e-06
3.13708e-06
3.13629e-06
3.1356e-06
3.13499e-06
3.13459e-06
3.13454e-06
3.13485e-06
3.13517e-06
3.13534e-06
3.13534e-06
3.13518e-06
3.1349e-06
3.13451e-06
3.13405e-06
3.13352e-06
3.13292e-06
3.13225e-06
3.1315e-06
3.13064e-06
3.12964e-06
3.12849e-06
3.12714e-06
3.12558e-06
3.12371e-06
3.12151e-06
3.1189e-06
3.11739e-06
3.11915e-06
3.12091e-06
)
;
    }
}


// ************************************************************************* //
