/*--------------------------------*- C++ -*----------------------------------*\
| =========                 |                                                 |
| \\      /  F ield         | OpenFOAM: The Open Source CFD Toolbox           |
|  \\    /   O peration     | Version:  2412                                  |
|   \\  /    A nd           | Website:  www.openfoam.com                      |
|    \\/     M anipulation  |                                                 |
\*---------------------------------------------------------------------------*/
FoamFile
{
    version     2.0;
    format      ascii;
    arch        "LSB;label=32;scalar=64";
    class       volScalarField;
    location    "140";
    object      nut;
}
// * * * * * * * * * * * * * * * * * * * * * * * * * * * * * * * * * * * * * //

dimensions      [0 2 -1 0 0 0 0];

internalField   nonuniform List<scalar> 
7423
(
8.43829e-10
1.17365e-09
1.43957e-09
1.42137e-09
9.05317e-10
4.90704e-10
2.69011e-10
5.27276e-11
3.92524e-11
3.12051e-11
2.54823e-11
2.16655e-11
1.92728e-11
1.91935e-11
1.68863e-11
1.64399e-11
1.61582e-11
1.43761e-11
1.57276e-11
1.55305e-11
1.52917e-11
1.50383e-11
1.45783e-11
1.413e-11
1.38369e-11
1.35973e-11
1.3365e-11
1.31312e-11
1.28921e-11
1.26487e-11
1.24008e-11
1.21489e-11
1.18943e-11
1.16373e-11
1.13784e-11
1.11186e-11
1.08589e-11
1.05993e-11
1.03406e-11
1.00837e-11
9.82993e-12
9.57884e-12
9.33124e-12
9.08815e-12
8.84859e-12
8.61426e-12
8.38512e-12
8.16101e-12
7.94212e-12
7.72889e-12
7.52154e-12
7.3189e-12
7.12161e-12
6.93032e-12
6.74479e-12
6.56373e-12
6.38791e-12
6.2173e-12
6.05186e-12
5.89106e-12
5.73471e-12
5.58345e-12
5.43692e-12
5.29469e-12
5.15719e-12
5.02409e-12
4.8955e-12
4.77151e-12
4.65299e-12
4.53895e-12
4.42919e-12
4.32331e-12
4.22105e-12
4.1211e-12
4.02352e-12
3.93326e-12
7.65848e-08
1.13205e-07
1.43608e-07
1.47539e-07
1.0534e-07
6.29631e-08
3.59949e-08
3.38938e-09
2.63825e-09
2.26011e-09
1.95784e-09
1.74961e-09
1.62294e-09
2.12421e-09
1.50723e-09
1.49997e-09
1.50043e-09
1.4478e-09
1.49428e-09
1.48635e-09
1.46872e-09
1.44316e-09
1.38707e-09
1.36167e-09
1.33869e-09
1.31551e-09
1.29231e-09
1.26896e-09
1.24519e-09
1.22109e-09
1.19668e-09
1.17195e-09
1.14699e-09
1.12187e-09
1.09661e-09
1.07131e-09
1.04605e-09
1.02085e-09
9.95757e-10
9.70863e-10
9.46281e-10
9.21982e-10
8.98026e-10
8.74528e-10
8.51392e-10
8.2876e-10
8.06642e-10
7.85004e-10
7.63886e-10
7.43312e-10
7.23307e-10
7.03778e-10
6.84765e-10
6.66322e-10
6.48441e-10
6.31006e-10
6.14058e-10
5.97612e-10
5.81677e-10
5.66198e-10
5.51144e-10
5.36564e-10
5.22461e-10
5.08776e-10
4.95522e-10
4.82696e-10
4.70322e-10
4.58389e-10
4.46956e-10
4.3596e-10
4.25381e-10
4.15165e-10
4.05298e-10
3.95659e-10
3.86246e-10
3.77532e-10
5.2039e-07
8.31111e-07
1.10147e-06
1.17553e-06
9.19771e-07
5.98199e-07
3.63003e-07
4.13391e-08
2.98216e-08
2.24214e-08
1.77539e-08
1.53468e-08
1.41696e-08
2.42208e-08
1.33933e-08
1.34971e-08
1.36775e-08
1.5555e-08
1.3929e-08
1.39781e-08
1.38991e-08
1.36714e-08
1.31565e-08
1.33414e-08
1.32339e-08
1.3013e-08
1.27749e-08
1.25338e-08
1.22896e-08
1.20435e-08
1.17954e-08
1.15455e-08
1.12942e-08
1.10421e-08
1.07894e-08
1.05368e-08
1.02849e-08
1.00342e-08
9.78525e-09
9.53847e-09
9.29478e-09
9.05445e-09
8.81764e-09
8.58534e-09
8.35716e-09
8.13386e-09
7.91576e-09
7.70244e-09
7.49422e-09
7.2916e-09
7.09453e-09
6.90232e-09
6.71525e-09
6.53375e-09
6.35769e-09
6.18631e-09
6.01966e-09
5.85799e-09
5.7013e-09
5.54915e-09
5.4013e-09
5.258e-09
5.1193e-09
4.98482e-09
4.85456e-09
4.72852e-09
4.60686e-09
4.48953e-09
4.37696e-09
4.26871e-09
4.16453e-09
4.06385e-09
3.96659e-09
3.87162e-09
3.77891e-09
3.6928e-09
1.58073e-06
2.6469e-06
3.76601e-06
4.2033e-06
3.60624e-06
2.54603e-06
1.65604e-06
2.63445e-07
1.84649e-07
1.33766e-07
1.01131e-07
8.12815e-08
6.93896e-08
1.37534e-07
6.08485e-08
6.0711e-08
6.1537e-08
8.63109e-08
6.35377e-08
6.42787e-08
6.44134e-08
6.3541e-08
6.18122e-08
6.57517e-08
6.60388e-08
6.50075e-08
6.37637e-08
6.24951e-08
6.12187e-08
5.99409e-08
5.86607e-08
5.73788e-08
5.60954e-08
5.48134e-08
5.3533e-08
5.22567e-08
5.0987e-08
4.97268e-08
4.84773e-08
4.72415e-08
4.60224e-08
4.48212e-08
4.36399e-08
4.24814e-08
4.13448e-08
4.02336e-08
3.91484e-08
3.80878e-08
3.70527e-08
3.60462e-08
3.50678e-08
3.41134e-08
3.3185e-08
3.22846e-08
3.14112e-08
3.05613e-08
2.97352e-08
2.8934e-08
2.81576e-08
2.74035e-08
2.66712e-08
2.59611e-08
2.52736e-08
2.46072e-08
2.39618e-08
2.33373e-08
2.27339e-08
2.21518e-08
2.15928e-08
2.10551e-08
2.05373e-08
2.0037e-08
1.95534e-08
1.9081e-08
1.86201e-08
1.81903e-08
3.33558e-06
5.60599e-06
8.38466e-06
9.91682e-06
9.39396e-06
7.19643e-06
5.04536e-06
1.19382e-06
8.25016e-07
5.84736e-07
4.3218e-07
3.37594e-07
2.7778e-07
5.37211e-07
2.19211e-07
2.07974e-07
2.04458e-07
3.40308e-07
2.07609e-07
2.10253e-07
2.11781e-07
2.09606e-07
2.07587e-07
2.32082e-07
2.35911e-07
2.32418e-07
2.2774e-07
2.22932e-07
2.18133e-07
2.13365e-07
2.08621e-07
2.03899e-07
1.99198e-07
1.94522e-07
1.89873e-07
1.85254e-07
1.80672e-07
1.76137e-07
1.71651e-07
1.67223e-07
1.62861e-07
1.58571e-07
1.54355e-07
1.50226e-07
1.46178e-07
1.42225e-07
1.38367e-07
1.34599e-07
1.30923e-07
1.27349e-07
1.23878e-07
1.20494e-07
1.17201e-07
1.14009e-07
1.10914e-07
1.07903e-07
1.04976e-07
1.02139e-07
9.939e-08
9.67199e-08
9.41268e-08
9.16127e-08
8.9178e-08
8.68183e-08
8.45319e-08
8.23192e-08
8.018e-08
7.81153e-08
7.61295e-08
7.42187e-08
7.23786e-08
7.06002e-08
6.88802e-08
6.71992e-08
6.55605e-08
6.40252e-08
5.71863e-06
9.63116e-06
1.49469e-05
1.87545e-05
1.90599e-05
1.58591e-05
1.19935e-05
4.34685e-06
2.98799e-06
2.10164e-06
1.53527e-06
1.1786e-06
9.50713e-07
1.63522e-06
7.12376e-07
6.52468e-07
6.16853e-07
1.06585e-06
5.90588e-07
5.89378e-07
5.90744e-07
5.84396e-07
5.88039e-07
6.75792e-07
6.90752e-07
6.80231e-07
6.65629e-07
6.50654e-07
6.35838e-07
6.21234e-07
6.06814e-07
5.9255e-07
5.78438e-07
5.64467e-07
5.50639e-07
5.36957e-07
5.23432e-07
5.10079e-07
4.96909e-07
4.83936e-07
4.7118e-07
4.58655e-07
4.46367e-07
4.34339e-07
4.22565e-07
4.11074e-07
3.99867e-07
3.88932e-07
3.78268e-07
3.67905e-07
3.57842e-07
3.48041e-07
3.38505e-07
3.2926e-07
3.203e-07
3.11583e-07
3.03114e-07
2.94903e-07
2.86948e-07
2.79224e-07
2.71721e-07
2.64446e-07
2.574e-07
2.5057e-07
2.43949e-07
2.37539e-07
2.31337e-07
2.25346e-07
2.19577e-07
2.14022e-07
2.0867e-07
2.03496e-07
1.9849e-07
1.93597e-07
1.88833e-07
1.84346e-07
8.40452e-06
1.43864e-05
2.32896e-05
3.07318e-05
3.31214e-05
3.02115e-05
2.44541e-05
1.34577e-05
9.3095e-06
6.56249e-06
4.77763e-06
3.63865e-06
2.90305e-06
4.14863e-06
2.10902e-06
1.89602e-06
1.75611e-06
2.79353e-06
1.61038e-06
1.57527e-06
1.5566e-06
1.5291e-06
1.54127e-06
1.74301e-06
1.77136e-06
1.73999e-06
1.69943e-06
1.65846e-06
1.61837e-06
1.57918e-06
1.54079e-06
1.50308e-06
1.46601e-06
1.42952e-06
1.39357e-06
1.35816e-06
1.32329e-06
1.28898e-06
1.25523e-06
1.22208e-06
1.18954e-06
1.15765e-06
1.12642e-06
1.0959e-06
1.06604e-06
1.03693e-06
1.00857e-06
9.80912e-07
9.5396e-07
9.27771e-07
9.02357e-07
8.77614e-07
8.53546e-07
8.30212e-07
8.076e-07
7.85618e-07
7.64259e-07
7.43542e-07
7.23471e-07
7.0399e-07
6.85064e-07
6.66709e-07
6.48925e-07
6.31682e-07
6.14963e-07
5.98765e-07
5.83072e-07
5.67899e-07
5.53271e-07
5.3917e-07
5.25573e-07
5.1243e-07
4.99704e-07
4.87271e-07
4.75183e-07
4.63729e-07
1.08643e-05
1.91351e-05
3.25409e-05
4.48624e-05
5.08353e-05
5.01944e-05
4.42944e-05
3.23126e-05
2.43673e-05
1.78926e-05
1.32499e-05
1.01401e-05
8.06999e-06
9.2188e-06
5.76876e-06
5.13197e-06
4.70083e-06
6.34588e-06
4.20657e-06
4.05748e-06
3.95562e-06
3.85042e-06
3.83608e-06
4.12128e-06
4.12394e-06
4.0326e-06
3.92893e-06
3.82668e-06
3.72794e-06
3.63232e-06
3.53943e-06
3.44892e-06
3.36054e-06
3.27409e-06
3.18939e-06
3.10638e-06
3.02499e-06
2.94521e-06
2.86701e-06
2.79041e-06
2.71542e-06
2.64206e-06
2.57037e-06
2.5004e-06
2.43207e-06
2.36549e-06
2.30069e-06
2.23756e-06
2.17607e-06
2.11635e-06
2.05841e-06
2.00204e-06
1.94722e-06
1.89406e-06
1.84256e-06
1.79251e-06
1.74387e-06
1.69669e-06
1.65098e-06
1.60661e-06
1.5635e-06
1.52167e-06
1.48112e-06
1.44179e-06
1.40364e-06
1.36665e-06
1.33077e-06
1.29602e-06
1.26247e-06
1.23008e-06
1.19883e-06
1.1686e-06
1.13933e-06
1.11072e-06
1.08298e-06
1.0565e-06
1.25218e-05
2.29689e-05
4.15185e-05
5.96711e-05
7.04647e-05
7.38702e-05
7.02914e-05
5.98623e-05
4.96369e-05
3.95013e-05
3.09992e-05
2.4585e-05
1.99492e-05
1.90767e-05
1.43951e-05
1.27742e-05
1.16337e-05
1.30153e-05
1.02156e-05
9.73953e-06
9.37456e-06
9.03988e-06
8.84903e-06
9.0117e-06
8.86554e-06
8.62421e-06
8.37896e-06
8.14298e-06
7.9181e-06
7.70247e-06
7.49493e-06
7.29435e-06
7.09997e-06
6.91113e-06
6.72729e-06
6.54807e-06
6.37321e-06
6.20253e-06
6.03587e-06
5.87314e-06
5.71428e-06
5.55925e-06
5.40803e-06
5.26067e-06
5.11698e-06
4.97714e-06
4.84113e-06
4.70874e-06
4.57988e-06
4.45472e-06
4.33335e-06
4.21534e-06
4.10055e-06
3.98921e-06
3.88136e-06
3.77657e-06
3.67471e-06
3.57587e-06
3.48007e-06
3.38707e-06
3.29667e-06
3.20891e-06
3.12379e-06
3.04117e-06
2.96096e-06
2.8831e-06
2.80744e-06
2.73406e-06
2.66303e-06
2.59438e-06
2.52801e-06
2.46379e-06
2.40153e-06
2.3407e-06
2.28187e-06
2.22516e-06
2.50073e-05
4.90638e-05
7.37633e-05
9.02863e-05
9.89542e-05
9.96254e-05
9.26536e-05
8.26057e-05
7.06352e-05
5.90955e-05
4.93127e-05
4.15125e-05
3.71366e-05
3.10577e-05
2.77225e-05
2.52471e-05
2.50893e-05
2.19356e-05
2.0765e-05
1.98197e-05
1.89893e-05
1.83593e-05
1.80814e-05
1.75817e-05
1.70335e-05
1.65096e-05
1.60143e-05
1.55475e-05
1.51038e-05
1.46803e-05
1.42741e-05
1.38832e-05
1.3506e-05
1.31409e-05
1.27869e-05
1.2443e-05
1.21088e-05
1.17835e-05
1.14669e-05
1.11585e-05
1.08582e-05
1.05657e-05
1.0281e-05
1.00037e-05
9.73391e-06
9.47168e-06
9.2165e-06
8.9681e-06
8.72677e-06
8.49266e-06
8.26504e-06
8.0435e-06
7.82847e-06
7.62005e-06
7.41747e-06
7.22041e-06
7.029e-06
6.84331e-06
6.66294e-06
6.48747e-06
6.31691e-06
6.15126e-06
5.9903e-06
5.83381e-06
5.68163e-06
5.53339e-06
5.38927e-06
5.24934e-06
5.11375e-06
4.98233e-06
4.85496e-06
4.7313e-06
4.61038e-06
4.49383e-06
4.3797e-06
5.41668e-05
8.60145e-05
0.000109004
0.000123763
0.000129861
0.000127548
0.000119773
0.000108091
9.52237e-05
8.31534e-05
7.26551e-05
6.47477e-05
5.6955e-05
5.14469e-05
4.71361e-05
4.47219e-05
4.10013e-05
3.87462e-05
3.68714e-05
3.52399e-05
3.38852e-05
3.28702e-05
3.17871e-05
3.07358e-05
2.97572e-05
2.88408e-05
2.79827e-05
2.71719e-05
2.64023e-05
2.56684e-05
2.49658e-05
2.42909e-05
2.36408e-05
2.30129e-05
2.24052e-05
2.18162e-05
2.12445e-05
2.06891e-05
2.01491e-05
1.96237e-05
1.91124e-05
1.86149e-05
1.81303e-05
1.76588e-05
1.72001e-05
1.67535e-05
1.63184e-05
1.58951e-05
1.54839e-05
1.50837e-05
1.46936e-05
1.43143e-05
1.39461e-05
1.35878e-05
1.32385e-05
1.28986e-05
1.25683e-05
1.22469e-05
1.19337e-05
1.16285e-05
1.13314e-05
1.10421e-05
1.07602e-05
1.04852e-05
1.02163e-05
9.9539e-06
9.69796e-06
9.44892e-06
9.20656e-06
8.97094e-06
8.7415e-06
8.51662e-06
8.30043e-06
8.08361e-06
9.55164e-05
0.000125699
0.000147273
0.000159585
0.0001627
0.000158645
0.000148919
0.000136284
0.000123199
0.000110932
0.000100388
9.08173e-05
8.31545e-05
7.68807e-05
7.21847e-05
6.74816e-05
6.39019e-05
6.08627e-05
5.82081e-05
5.59249e-05
5.39897e-05
5.21445e-05
5.04209e-05
4.88303e-05
4.73461e-05
4.59595e-05
4.46534e-05
4.34173e-05
4.2242e-05
4.11203e-05
4.00461e-05
3.90141e-05
3.802e-05
3.70602e-05
3.61315e-05
3.52317e-05
3.43584e-05
3.35098e-05
3.26847e-05
3.18816e-05
3.10999e-05
3.0338e-05
2.95958e-05
2.8873e-05
2.81683e-05
2.74805e-05
2.681e-05
2.61574e-05
2.55211e-05
2.48994e-05
2.42933e-05
2.37036e-05
2.31284e-05
2.25663e-05
2.20178e-05
2.14831e-05
2.09616e-05
2.04519e-05
1.99536e-05
1.9467e-05
1.89916e-05
1.85264e-05
1.80709e-05
1.76233e-05
1.7184e-05
1.67529e-05
1.63309e-05
1.59178e-05
1.5514e-05
1.5119e-05
1.473e-05
1.43566e-05
1.39696e-05
0.000101456
0.000139641
0.000168825
0.000188088
0.000197288
0.000198004
0.000191502
0.000180314
0.000167204
0.000153941
0.000141619
0.000130424
0.000120867
0.000112766
0.000106092
0.000100135
9.51771e-05
9.08993e-05
8.7135e-05
8.38396e-05
8.09255e-05
7.82307e-05
7.57403e-05
7.34446e-05
7.13034e-05
6.93032e-05
6.74204e-05
6.56403e-05
6.39501e-05
6.23393e-05
6.07991e-05
5.93218e-05
5.79009e-05
5.65308e-05
5.52067e-05
5.39247e-05
5.26813e-05
5.14735e-05
5.02988e-05
4.91552e-05
4.80412e-05
4.69546e-05
4.58945e-05
4.48607e-05
4.3851e-05
4.28636e-05
4.1899e-05
4.09579e-05
4.00382e-05
3.91374e-05
3.82566e-05
3.73972e-05
3.65567e-05
3.5733e-05
3.49265e-05
3.41379e-05
3.33662e-05
3.26093e-05
3.18666e-05
3.11386e-05
3.04244e-05
2.97224e-05
2.90315e-05
2.83487e-05
2.7674e-05
2.70071e-05
2.63493e-05
2.57007e-05
2.50624e-05
2.44336e-05
2.38109e-05
2.32123e-05
2.25688e-05
0.00010302
0.000150128
0.000187865
0.000214921
0.000230946
0.000237351
0.000235181
0.000226557
0.000214291
0.00020061
0.000187021
0.000174329
0.000163059
0.000153255
0.000144847
0.000137514
0.000131196
0.000125679
0.000120792
0.000116468
0.000112578
0.00010901
0.000105719
0.000102682
9.98479e-05
9.71986e-05
9.47052e-05
9.23486e-05
9.01123e-05
8.79828e-05
8.59488e-05
8.39999e-05
8.21274e-05
8.03237e-05
7.85821e-05
7.68972e-05
7.52637e-05
7.36773e-05
7.21345e-05
7.06319e-05
6.91675e-05
6.77378e-05
6.63415e-05
6.4978e-05
6.36442e-05
6.23376e-05
6.10584e-05
5.98076e-05
5.85826e-05
5.738e-05
5.62007e-05
5.50468e-05
5.39155e-05
5.28034e-05
5.17109e-05
5.06391e-05
4.95869e-05
4.85513e-05
4.75312e-05
4.65272e-05
4.55378e-05
4.45608e-05
4.35941e-05
4.26329e-05
4.16763e-05
4.07234e-05
3.97758e-05
3.88336e-05
3.78992e-05
3.69717e-05
3.60464e-05
3.51544e-05
9.93652e-05
0.00015639
0.000203781
0.00023962
0.000263378
0.000276411
0.000279638
0.000274747
0.000264335
0.000250897
0.000236431
0.000222318
0.00020936
0.000197834
0.000187732
0.000178903
0.000171177
0.000164378
0.000158326
0.000152935
0.000148051
0.00014358
0.000139457
0.00013565
0.000132097
0.000128774
0.000125649
0.000122697
0.000119898
0.000117235
0.000114695
0.000112264
0.000109932
0.000107688
0.000105525
0.000103433
0.000101408
9.9442e-05
9.75311e-05
9.56703e-05
9.38565e-05
9.20853e-05
9.03546e-05
8.86631e-05
8.70065e-05
8.53819e-05
8.3789e-05
8.22286e-05
8.06979e-05
7.91921e-05
7.77122e-05
7.62608e-05
7.48344e-05
7.34287e-05
7.20437e-05
7.0681e-05
6.93391e-05
6.80142e-05
6.67044e-05
6.54101e-05
6.41296e-05
6.28593e-05
6.15959e-05
6.03321e-05
5.90656e-05
5.77944e-05
5.65199e-05
5.5242e-05
5.39642e-05
5.26858e-05
5.14008e-05
5.01565e-05
8.96417e-05
0.00015756
0.000215842
0.000261584
0.000294162
0.000314872
0.000324576
0.000324629
0.000317284
0.000305036
0.00029026
0.000274918
0.000260272
0.000246918
0.000235004
0.000224496
0.000215211
0.00020699
0.000199646
0.000193074
0.000187103
0.000181641
0.000176608
0.000171959
0.000167624
0.000163574
0.000159768
0.000156177
0.000152778
0.000149551
0.000146477
0.000143541
0.000140729
0.000138029
0.00013543
0.000132923
0.000130497
0.000128147
0.000125865
0.000123645
0.000121483
0.000119372
0.00011731
0.000115295
0.00011332
0.000111383
0.000109483
0.000107619
0.000105789
0.000103987
0.000102213
0.000100471
9.87551e-05
9.70613e-05
9.53889e-05
9.37394e-05
9.21111e-05
9.04992e-05
8.89011e-05
8.73166e-05
8.57433e-05
8.41764e-05
8.26108e-05
8.10364e-05
7.94488e-05
7.7844e-05
7.62228e-05
7.45846e-05
7.29333e-05
7.12687e-05
6.95833e-05
6.79424e-05
7.30239e-05
0.000152745
0.000223172
0.000280011
0.000322666
0.000352264
0.000369594
0.000375813
0.00037286
0.00036304
0.000348871
0.000332789
0.000316613
0.000301382
0.000287508
0.000275103
0.000264037
0.000254174
0.000245331
0.000237385
0.000230154
0.000223542
0.000217453
0.00021183
0.000206595
0.000201708
0.000197123
0.000192807
0.000188728
0.000184864
0.000181192
0.000177693
0.00017435
0.000171148
0.000168073
0.000165113
0.000162257
0.000159494
0.000156817
0.000154217
0.000151688
0.000149222
0.000146816
0.000144467
0.000142166
0.000139911
0.000137698
0.000135527
0.000133396
0.000131296
0.000129228
0.000127194
0.000125191
0.00012321
0.000121253
0.000119319
0.000117406
0.00011551
0.000113626
0.000111753
0.000109888
0.000108025
0.000106157
0.00010427
0.000102357
0.000100412
9.84345e-05
9.64221e-05
9.43794e-05
9.23061e-05
9.01929e-05
8.8124e-05
5.15131e-05
0.000141201
0.000224761
0.000293886
0.000348014
0.000387888
0.000414124
0.000427764
0.000430554
0.000424572
0.000412262
0.000396323
0.000379094
0.000362143
0.000346263
0.000331793
0.000318723
0.000306973
0.000296378
0.000286813
0.000278091
0.000270109
0.000262758
0.000255971
0.000249659
0.000243773
0.00023826
0.000233078
0.000228193
0.000223574
0.000219196
0.000215035
0.00021107
0.000207282
0.000203654
0.000200171
0.000196819
0.000193585
0.000190458
0.000187428
0.000184487
0.000181625
0.000178837
0.000176118
0.00017346
0.000170856
0.000168304
0.000165803
0.000163348
0.00016093
0.000158549
0.000156208
0.000153901
0.000151621
0.000149366
0.000147136
0.00014493
0.000142739
0.00014056
0.000138391
0.000136227
0.00013406
0.000131882
0.000129675
0.000127429
0.000125135
0.000122789
0.000120389
0.000117939
0.000115437
0.000112874
0.000110351
2.97712e-05
0.000122541
0.000219489
0.000301977
0.000369067
0.000420778
0.000457379
0.000479793
0.000489687
0.000488997
0.000480008
0.000465463
0.000448057
0.000429873
0.000412173
0.000395621
0.000380408
0.000366563
0.000353972
0.00034253
0.000332058
0.000322453
0.000313595
0.00030541
0.0002978
0.000290706
0.000284069
0.000277839
0.000271976
0.000266442
0.000261207
0.000256244
0.000251526
0.000247031
0.000242737
0.000238625
0.000234678
0.00023088
0.000227217
0.000223676
0.000220247
0.000216918
0.000213682
0.000210532
0.000207457
0.00020445
0.000201507
0.000198625
0.0001958
0.000193022
0.000190287
0.0001876
0.000184954
0.000182339
0.000179753
0.000177197
0.000174666
0.000172154
0.000169653
0.000167162
0.000164675
0.000162182
0.000159671
0.000157122
0.000154521
0.000151856
0.00014912
0.000146309
0.000143426
0.00014047
0.000137428
0.000134418
1.36884e-05
9.70471e-05
0.000206137
0.000302858
0.000384413
0.000449668
0.00049829
0.000530999
0.000549429
0.00055549
0.000551353
0.000539687
0.000523351
0.00050482
0.000485825
0.00046743
0.000450113
0.00043408
0.000419321
0.000405781
0.000393314
0.000381828
0.000371206
0.000361367
0.00035221
0.000343669
0.000335677
0.00032818
0.000321129
0.000314483
0.000308206
0.000302265
0.000296628
0.000291268
0.000286159
0.000281279
0.000276606
0.000272121
0.000267805
0.000263643
0.000259622
0.000255727
0.000251948
0.000248277
0.0002447
0.000241209
0.000237798
0.000234463
0.000231198
0.000227992
0.000224839
0.000221744
0.000218698
0.000215693
0.000212722
0.000209785
0.000206881
0.000203998
0.000201129
0.00019827
0.000195415
0.000192552
0.000189667
0.000186736
0.00018374
0.000180664
0.000177499
0.000174237
0.00017088
0.000167427
0.000163864
0.000160323
7.09745e-06
6.71598e-05
0.000183551
0.000295001
0.000392381
0.000472966
0.000535457
0.000580194
0.000608747
0.000623072
0.000625326
0.000618117
0.000604341
0.000586709
0.000567335
0.000547683
0.000528577
0.000510469
0.000493516
0.000477759
0.000463118
0.000449534
0.000436907
0.000425165
0.000414206
0.000403964
0.000394369
0.000385361
0.000376889
0.000368905
0.000361368
0.000354241
0.000347488
0.000341076
0.000334975
0.000329157
0.000323597
0.00031827
0.000313156
0.000308235
0.000303489
0.000298902
0.00029446
0.000290153
0.000285966
0.000281885
0.000277905
0.000274019
0.000270221
0.000266496
0.000262839
0.000259251
0.000255726
0.00025225
0.000248818
0.000245429
0.000242078
0.000238756
0.00023545
0.000232158
0.000228871
0.000225575
0.000222255
0.000218881
0.000215431
0.000211885
0.00020823
0.000204457
0.000200567
0.000196557
0.000192412
0.000188273
4.151e-06
3.78898e-05
0.000151232
0.000276995
0.000391091
0.000488734
0.000567103
0.000625835
0.000666319
0.000690562
0.000700796
0.00069964
0.000690019
0.000674771
0.000656273
0.000636326
0.000616097
0.000596326
0.000577387
0.000559474
0.000542612
0.000526809
0.000512004
0.000498151
0.000485162
0.000472978
0.000461532
0.000450765
0.000440624
0.000431058
0.000422025
0.000413483
0.000405391
0.000397713
0.000390414
0.000383462
0.000376826
0.000370478
0.000364393
0.000358547
0.000352919
0.000347488
0.000342239
0.000337157
0.000332224
0.000327425
0.000322752
0.000318195
0.000313748
0.000309392
0.000305121
0.000300937
0.00029683
0.000292785
0.000288796
0.000284859
0.000280971
0.000277119
0.00027329
0.000269478
0.000265675
0.000261865
0.000258027
0.000254131
0.000250147
0.000246052
0.000241829
0.000237466
0.000232962
0.000228313
0.000223505
0.000218676
2.9543e-06
1.77487e-05
0.000110494
0.000247887
0.000378592
0.000494706
0.000591027
0.000665949
0.000720433
0.000756477
0.000776415
0.000782962
0.000779122
0.000767852
0.00075171
0.000732745
0.000712417
0.000691743
0.000671341
0.000651596
0.000632681
0.000614704
0.000597679
0.000581604
0.000566428
0.000552111
0.000538601
0.000525846
0.000513798
0.00050241
0.000491638
0.000481439
0.000471772
0.000462596
0.000453874
0.000445568
0.000437645
0.000430072
0.000422819
0.000415859
0.000409166
0.000402715
0.000396489
0.000390469
0.000384633
0.000378963
0.000373449
0.00036808
0.000362845
0.000357726
0.000352711
0.000347803
0.000342991
0.000338258
0.000333595
0.000328997
0.00032446
0.000319969
0.00031551
0.000311074
0.000306652
0.000302225
0.000297771
0.000293253
0.000288638
0.000283896
0.000279009
0.000273957
0.000268739
0.00026335
0.00025778
0.000252138
2.4994e-06
8.04736e-06
6.88953e-05
0.000207904
0.000353187
0.000488361
0.000604584
0.000698065
0.0007689
0.000818912
0.000850513
0.000866554
0.00087019
0.000864536
0.000852332
0.000835823
0.000816701
0.000796216
0.000775219
0.000754291
0.000733779
0.000713923
0.000694839
0.0006766
0.000659213
0.000642677
0.000626969
0.000612057
0.000597909
0.000584485
0.00057175
0.000559663
0.000548186
0.000537277
0.000526897
0.000517007
0.00050757
0.00049855
0.000489913
0.000481628
0.000473667
0.000465999
0.000458604
0.000451459
0.000444541
0.000437826
0.000431302
0.000424955
0.000418773
0.000412734
0.000406826
0.000401046
0.000395386
0.000389824
0.00038435
0.000378957
0.00037364
0.000368381
0.000363166
0.000357982
0.000352819
0.000347656
0.000342467
0.000337211
0.000331849
0.000326346
0.000320678
0.000314822
0.000308774
0.000302526
0.000296074
0.000289461
2.71014e-06
5.00841e-06
3.55228e-05
0.000158281
0.000313844
0.000467145
0.000604714
0.000719167
0.00080896
0.000875425
0.000920955
0.000948528
0.000961491
0.000963179
0.000956555
0.000944072
0.000927627
0.000908667
0.000888236
0.000867099
0.000845774
0.000824639
0.000803936
0.000783834
0.000764419
0.000745751
0.000727854
0.000710734
0.000694383
0.000678785
0.000663918
0.000649754
0.000636261
0.000623403
0.000611142
0.000599442
0.000588263
0.000577569
0.000567324
0.000557493
0.000548044
0.000538946
0.000530173
0.0005217
0.000513499
0.000505545
0.000497821
0.000490312
0.000483002
0.000475868
0.000468893
0.000462074
0.000455401
0.00044885
0.000442408
0.000436066
0.000429817
0.000423644
0.000417526
0.000411452
0.000405407
0.000399369
0.000393308
0.00038718
0.000380938
0.000374543
0.000367962
0.000361171
0.00035416
0.000346919
0.000339454
0.000331671
2.94092e-06
3.84233e-06
1.58607e-05
0.000101902
0.000260614
0.000428901
0.000588091
0.000725671
0.000837201
0.000922926
0.000985002
0.00102647
0.00105088
0.00106182
0.00106253
0.00105572
0.00104352
0.00102755
0.00100905
0.000988933
0.000967869
0.000946369
0.000924798
0.000903429
0.000882445
0.000861977
0.000842116
0.00082292
0.000804423
0.000786644
0.000769587
0.000753246
0.000737603
0.000722637
0.000708317
0.000694612
0.000681488
0.000668909
0.00065684
0.000645245
0.000634091
0.000623343
0.000612975
0.00060296
0.000593266
0.000583864
0.000574736
0.000565863
0.000557228
0.000548805
0.000540574
0.000532529
0.000524659
0.000516941
0.000509354
0.00050189
0.00049454
0.000487284
0.000480101
0.000472974
0.000465889
0.000458819
0.000451734
0.000444582
0.000437312
0.000429877
0.000422239
0.000414367
0.000406248
0.000397867
0.000389246
0.000380055
2.97174e-06
3.20184e-06
7.41854e-06
5.11399e-05
0.000195574
0.00037272
0.000551525
0.000713523
0.000849507
0.000957566
0.00103918
0.0010973
0.00113563
0.00115803
0.00116804
0.0011687
0.00116239
0.00115098
0.00113588
0.00111817
0.00109865
0.00107795
0.00105654
0.00103481
0.00101301
0.000991367
0.000970042
0.000949156
0.000928798
0.000909033
0.000889903
0.000871436
0.00085364
0.000836516
0.00082005
0.000804224
0.000789013
0.000774388
0.000760319
0.000746772
0.000733717
0.000721118
0.000708951
0.000697185
0.000685787
0.000674729
0.000663988
0.000653543
0.000643377
0.000633461
0.000623772
0.000614301
0.000605039
0.000595958
0.000587036
0.000578261
0.000569623
0.000561103
0.000552673
0.000544316
0.000536015
0.000527742
0.000519462
0.000511122
0.00050266
0.000494025
0.000485174
0.000476066
0.000466686
0.00045701
0.000447085
2.91523e-06
3.04585e-06
4.53673e-06
2.10927e-05
0.00012412
0.000300187
0.000492813
0.000678526
0.000841099
0.000974652
0.00107913
0.00115709
0.00121224
0.00124868
0.0012703
0.00128046
0.00128189
0.00127673
0.00126662
0.0012528
0.00123623
0.00121765
0.00119764
0.00117666
0.00115508
0.00113317
0.00111117
0.00108927
0.00106762
0.00104632
0.00102548
0.00100516
0.000985408
0.000966252
0.000947708
0.000929777
0.000912453
0.00089572
0.000879559
0.000863945
0.000848852
0.000834251
0.000820118
0.000806427
0.000793143
0.000780238
0.000767691
0.000755478
0.000743581
0.000731971
0.000720623
0.000709526
0.00069867
0.000688027
0.000677572
0.00066729
0.000657169
0.00064719
0.000637323
0.000627547
0.000617844
0.000608184
0.000598528
0.000588822
0.000578997
0.000568994
0.000558765
0.000548261
0.000537462
0.000526337
0.000514959
2.95293e-06
3.01673e-06
3.55653e-06
9.15047e-06
6.06316e-05
0.000216597
0.000412374
0.000617177
0.0008068
0.000968642
0.00109952
0.00120089
0.00127623
0.00132977
0.00136571
0.00138779
0.00139911
0.00140211
0.00139872
0.00139041
0.0013783
0.00136328
0.00134603
0.0013271
0.00130694
0.00128589
0.00126426
0.00124229
0.00122017
0.00119809
0.00117618
0.00115455
0.00113329
0.00111247
0.00109213
0.00107232
0.00105303
0.0010343
0.0010161
0.000998426
0.000981272
0.000964614
0.000948437
0.000932717
0.000917427
0.00090254
0.00088804
0.0008739
0.000860106
0.00084663
0.000833445
0.000820538
0.000807901
0.000795507
0.000783328
0.000771348
0.000759553
0.000747922
0.000736427
0.000725042
0.000713748
0.000702513
0.000691299
0.000680045
0.000668681
0.000657141
0.000645368
0.000633311
0.000620941
0.000608218
0.000595242
3.06362e-06
3.18972e-06
5.00444e-06
2.28505e-05
0.000130246
0.000314987
0.000528333
0.000741815
0.000933369
0.00109397
0.00122262
0.00132198
0.0013962
0.0014497
0.00148658
0.00151031
0.00152375
0.0015291
0.00152812
0.00152215
0.00151224
0.00149922
0.00148374
0.00146632
0.00144741
0.00142735
0.00140644
0.00138493
0.00136305
0.00134096
0.00131884
0.0012968
0.00127496
0.00125339
0.00123216
0.00121132
0.0011909
0.00117092
0.0011514
0.00113234
0.00111373
0.00109557
0.00107785
0.00106055
0.00104365
0.00102714
0.001011
0.000995214
0.000979762
0.000964617
0.000949767
0.000935205
0.000920908
0.000906848
0.000893005
0.000879367
0.000865914
0.000852617
0.000839448
0.000826387
0.000813403
0.000800454
0.000787481
0.00077441
0.000761171
0.000747701
0.000733942
0.00071986
0.000705406
0.000690703
3.12973e-06
3.16147e-06
3.7317e-06
9.08114e-06
5.72846e-05
0.000210177
0.000415811
0.000643476
0.000862781
0.00105528
0.00121498
0.00134256
0.00144154
0.0015164
0.00157149
0.00161072
0.00163729
0.00165381
0.00166232
0.00166443
0.00166141
0.00165424
0.00164373
0.00163052
0.00161511
0.00159793
0.00157935
0.00155966
0.00153912
0.00151796
0.00149638
0.00147452
0.00145255
0.00143056
0.00140866
0.00138693
0.00136542
0.00134419
0.00132328
0.00130269
0.00128246
0.00126259
0.00124309
0.00122396
0.00120518
0.00118676
0.00116867
0.00115093
0.0011335
0.00111638
0.00109955
0.001083
0.00106673
0.0010507
0.00103489
0.0010193
0.0010039
0.000988674
0.000973588
0.000958622
0.000943745
0.000928917
0.000914082
0.000899163
0.000884088
0.000868789
0.000853204
0.000837295
0.000821
0.000804466
3.16911e-06
3.18075e-06
3.40002e-06
5.08697e-06
1.92098e-05
0.000110637
0.000290554
0.000514445
0.0007528
0.000976151
0.00116964
0.00132959
0.00145786
0.00155843
0.0016358
0.00169416
0.00173715
0.00176774
0.00178834
0.00180087
0.00180683
0.00180743
0.00180365
0.00179625
0.00178586
0.001773
0.00175811
0.00174155
0.00172363
0.00170462
0.00168474
0.0016642
0.00164317
0.00162179
0.00160019
0.00157847
0.00155672
0.00153501
0.00151341
0.00149195
0.00147068
0.00144963
0.00142882
0.00140826
0.00138796
0.00136794
0.00134818
0.00132869
0.00130947
0.00129052
0.00127182
0.00125337
0.00123517
0.00121721
0.00119945
0.0011819
0.00116453
0.00114733
0.00113027
0.00111334
0.00109649
0.00107971
0.00106292
0.00104607
0.00102907
0.00101185
0.000994361
0.000976548
0.000958345
0.000939909
3.20043e-06
3.2055e-06
3.31117e-06
3.88768e-06
7.74069e-06
4.00244e-05
0.000168532
0.000366657
0.000605117
0.000851256
0.00107807
0.00127355
0.0014356
0.0015667
0.001671
0.00175282
0.00181614
0.00186434
0.00190019
0.00192595
0.00194344
0.00195411
0.00195913
0.00195945
0.00195584
0.00194894
0.00193927
0.00192729
0.00191336
0.00189781
0.00188092
0.00186292
0.00184402
0.0018244
0.00180421
0.00178357
0.00176261
0.0017414
0.00172005
0.0016986
0.00167712
0.00165567
0.00163426
0.00161294
0.00159174
0.00157067
0.00154974
0.00152897
0.00150838
0.00148797
0.00146773
0.00144767
0.0014278
0.00140811
0.00138858
0.00136922
0.00135001
0.00133095
0.001312
0.00129315
0.00127438
0.00125566
0.00123694
0.00121816
0.00119923
0.0011801
0.0011607
0.00114097
0.00112086
0.00110051
3.22332e-06
3.22996e-06
3.27854e-06
3.4889e-06
4.69787e-06
1.28129e-05
6.91139e-05
0.000220871
0.000432761
0.00068175
0.000933912
0.00116467
0.0013639
0.00153033
0.00166666
0.00177692
0.0018652
0.00193522
0.00199014
0.00203259
0.0020647
0.00208824
0.00210459
0.00211493
0.00212021
0.00212119
0.00211854
0.00211279
0.00210442
0.00209381
0.00208131
0.00206719
0.00205172
0.00203511
0.00201753
0.00199915
0.00198011
0.00196052
0.00194049
0.00192009
0.0018994
0.0018785
0.00185743
0.00183624
0.00181496
0.00179365
0.00177231
0.00175097
0.00172967
0.00170841
0.0016872
0.00166606
0.00164501
0.00162405
0.00160317
0.00158238
0.00156167
0.00154104
0.00152048
0.00149997
0.0014795
0.00145904
0.00143856
0.001418
0.00139729
0.00137638
0.00135518
0.00133366
0.00131174
0.00128957
3.23643e-06
3.24592e-06
3.28113e-06
3.35663e-06
3.76428e-06
5.97586e-06
2.02491e-05
9.80217e-05
0.000261807
0.000482607
0.000738515
0.000995919
0.00123186
0.00143705
0.0016104
0.00175447
0.001873
0.00196981
0.00204837
0.00211166
0.00216218
0.00220199
0.00223278
0.00225597
0.00227269
0.00228391
0.00229043
0.00229292
0.00229195
0.00228801
0.00228151
0.0022728
0.00226221
0.00224998
0.00223634
0.0022215
0.00220561
0.00218883
0.00217128
0.00215306
0.00213427
0.00211501
0.00209532
0.00207527
0.00205492
0.00203433
0.00201351
0.0019925
0.00197136
0.00195009
0.00192872
0.00190727
0.00188577
0.00186423
0.00184266
0.00182105
0.00179943
0.00177779
0.00175614
0.00173445
0.00171274
0.00169097
0.00166912
0.00164715
0.00162501
0.00160264
0.00157996
0.00155694
0.0015335
0.00150978
3.24105e-06
3.25384e-06
3.28912e-06
3.32243e-06
3.46618e-06
4.14987e-06
7.56244e-06
2.82046e-05
0.000118791
0.000286429
0.000510499
0.000770027
0.00103235
0.001275
0.00148854
0.00167146
0.00182585
0.00195506
0.00206259
0.00215167
0.00222513
0.00228537
0.00233439
0.00237386
0.00240518
0.00242952
0.00244786
0.00246102
0.00246971
0.00247451
0.00247596
0.00247447
0.00247044
0.0024642
0.00245601
0.00244614
0.00243478
0.00242212
0.00240832
0.00239351
0.0023778
0.00236133
0.00234415
0.00232636
0.00230801
0.00228919
0.00226993
0.00225027
0.00223028
0.00220998
0.0021894
0.00216857
0.00214752
0.00212629
0.00210487
0.00208329
0.00206155
0.00203968
0.00201767
0.00199554
0.00197327
0.00195085
0.00192828
0.00190552
0.00188253
0.00185927
0.00183567
0.00181169
0.00178725
0.00176247
3.23889e-06
3.2543e-06
3.26531e-06
3.29337e-06
3.35731e-06
3.58999e-06
4.54908e-06
8.97659e-06
3.33692e-05
0.000126577
0.000290965
0.000511956
0.00077143
0.00103804
0.00128876
0.00151293
0.00170802
0.00187534
0.00201771
0.00213829
0.00224005
0.00232569
0.00239751
0.00245748
0.00250726
0.00254825
0.00258166
0.00260849
0.00262959
0.0026457
0.00265746
0.0026654
0.00267
0.00267166
0.00267073
0.00266752
0.00266229
0.00265527
0.00264665
0.00263663
0.00262533
0.00261291
0.00259947
0.00258511
0.00256992
0.00255401
0.0025374
0.00252017
0.00250238
0.00248409
0.00246532
0.00244611
0.00242651
0.00240656
0.00238626
0.00236564
0.00234473
0.00232354
0.00230209
0.00228038
0.00225842
0.00223621
0.00221374
0.00219101
0.00216797
0.0021446
0.00212084
0.00209666
0.00207197
0.00204689
3.23247e-06
3.24725e-06
3.25897e-06
3.27579e-06
3.30759e-06
3.395e-06
3.69789e-06
4.82695e-06
9.59555e-06
3.33782e-05
0.000119695
0.000273821
0.000484439
0.000738771
0.00100779
0.00126705
0.00150366
0.0017133
0.00189613
0.00205424
0.00219034
0.00230715
0.0024072
0.00249271
0.00256562
0.00262759
0.00268005
0.00272422
0.00276114
0.00279171
0.0028167
0.00283678
0.00285254
0.00286446
0.00287299
0.00287851
0.00288134
0.00288178
0.00288008
0.00287645
0.0028711
0.00286421
0.0028559
0.00284631
0.00283556
0.00282378
0.00281103
0.00279737
0.00278292
0.00276773
0.00275185
0.00273531
0.00271819
0.00270053
0.00268236
0.00266369
0.00264458
0.00262504
0.00260509
0.00258476
0.00256405
0.00254297
0.00252153
0.00249972
0.00247754
0.00245495
0.00243192
0.00240841
0.00238435
0.00235984
3.22444e-06
3.23749e-06
3.25126e-06
3.26583e-06
3.28521e-06
3.32287e-06
3.42659e-06
3.75819e-06
4.87963e-06
9.14562e-06
2.83767e-05
9.94909e-05
0.000236402
0.000428464
0.000670059
0.000937025
0.00120349
0.00145327
0.0016793
0.00188
0.00205641
0.00221064
0.00234505
0.00246198
0.00256356
0.00265169
0.00272803
0.00279403
0.00285093
0.00289982
0.00294164
0.00297721
0.00300723
0.00303233
0.00305303
0.00306982
0.0030831
0.00309324
0.00310055
0.00310532
0.00310778
0.00310817
0.00310666
0.00310343
0.00309863
0.00309242
0.00308489
0.00307613
0.00306626
0.00305539
0.00304356
0.00303084
0.00301729
0.003003
0.002988
0.00297231
0.00295599
0.00293909
0.00292162
0.00290362
0.00288511
0.00286609
0.00284659
0.00282662
0.00280619
0.00278528
0.00276386
0.0027419
0.00271936
0.0026963
3.2173e-06
3.22853e-06
3.24181e-06
3.25628e-06
3.27265e-06
3.29487e-06
3.33695e-06
3.44439e-06
3.7557e-06
4.70599e-06
7.92445e-06
2.08678e-05
7.08895e-05
0.000183433
0.000349092
0.000567408
0.000823627
0.00109252
0.00135399
0.00159703
0.00181735
0.00201441
0.00218936
0.00234407
0.00248059
0.0026009
0.00270682
0.00280002
0.00288193
0.00295385
0.0030169
0.00307205
0.00312017
0.00316202
0.00319825
0.00322944
0.00325612
0.00327871
0.00329763
0.00331323
0.00332581
0.00333566
0.003343
0.00334807
0.00335105
0.00335215
0.00335148
0.00334919
0.00334542
0.00334029
0.00333388
0.00332627
0.00331756
0.00330783
0.00329716
0.00328557
0.00327314
0.00325992
0.00324595
0.00323127
0.00321592
0.00319991
0.00318327
0.00316605
0.00314825
0.00312987
0.00311091
0.00309135
0.00307113
0.00305033
3.21646e-06
3.2256e-06
3.23542e-06
3.24661e-06
3.25977e-06
3.27606e-06
3.29913e-06
3.34127e-06
3.43895e-06
3.69318e-06
4.39299e-06
6.49413e-06
1.38696e-05
4.23538e-05
0.00012263
0.000256262
0.00043988
0.000671371
0.000932079
0.00119946
0.00145747
0.00169771
0.001917
0.00211498
0.00229266
0.00245159
0.0025935
0.00272008
0.00283291
0.00293346
0.00302301
0.00310272
0.00317361
0.00323658
0.00329245
0.00334191
0.0033856
0.00342406
0.0034578
0.00348724
0.00351277
0.00353476
0.0035535
0.00356925
0.00358229
0.00359284
0.00360108
0.00360719
0.00361134
0.00361369
0.00361436
0.00361345
0.00361108
0.00360737
0.0036024
0.00359623
0.00358894
0.00358062
0.00357131
0.00356107
0.00354995
0.00353799
0.00352522
0.0035117
0.00349746
0.00348252
0.00346687
0.00345052
0.00343344
0.00341568
3.2216e-06
3.23867e-06
3.25256e-06
3.2643e-06
3.27533e-06
3.28701e-06
3.30104e-06
3.32102e-06
3.35664e-06
3.43325e-06
3.61548e-06
4.07262e-06
5.29874e-06
9.0087e-06
2.20495e-05
6.61176e-05
0.000162258
0.000304443
0.000494847
0.000728995
0.000988745
0.00125416
0.0015112
0.00175239
0.00197467
0.00217748
0.00236149
0.00252792
0.00267817
0.0028137
0.00293589
0.00304601
0.00314523
0.00323461
0.00331509
0.00338751
0.00345264
0.00351115
0.00356364
0.00361064
0.00365264
0.00369009
0.00372334
0.00375276
0.00377865
0.00380132
0.00382099
0.00383788
0.00385223
0.00386423
0.00387403
0.00388177
0.00388761
0.00389169
0.00389411
0.00389498
0.00389438
0.00389242
0.00388919
0.00388474
0.00387914
0.00387246
0.00386474
0.00385605
0.00384645
0.00383597
0.00382462
0.00381242
0.00379936
0.00378548
3.1959e-06
3.21114e-06
3.22944e-06
3.24872e-06
3.26787e-06
3.28665e-06
3.30527e-06
3.32468e-06
3.34751e-06
3.3803e-06
3.43873e-06
3.56003e-06
3.83456e-06
4.49698e-06
6.23796e-06
1.14475e-05
2.89472e-05
8.08035e-05
0.000179871
0.000320495
0.000506731
0.00073498
0.000989673
0.00125278
0.00151074
0.00175576
0.00198427
0.00219516
0.0023886
0.00256543
0.00272676
0.00287377
0.00300766
0.00312956
0.00324051
0.0033415
0.00343339
0.00351699
0.00359302
0.00366213
0.00372489
0.00378186
0.00383349
0.00388022
0.00392243
0.0039605
0.00399471
0.00402537
0.00405273
0.00407705
0.00409853
0.00411736
0.00413372
0.0041478
0.00415972
0.00416963
0.00417764
0.00418389
0.00418847
0.00419149
0.00419302
0.00419315
0.00419194
0.00418949
0.00418586
0.0041811
0.00417527
0.00416837
0.00416042
0.00415147
3.15645e-06
3.15288e-06
3.15431e-06
3.15807e-06
3.16248e-06
3.1624e-06
3.16843e-06
3.18076e-06
3.19401e-06
3.20587e-06
3.21397e-06
3.23061e-06
3.25097e-06
3.27396e-06
3.29928e-06
3.32784e-06
3.36287e-06
3.41254e-06
3.49599e-06
3.65735e-06
4.00147e-06
4.79591e-06
6.80975e-06
1.25881e-05
3.07715e-05
8.08172e-05
0.000173249
0.000303232
0.000475149
0.000688816
0.000932879
0.00119133
0.00145025
0.00170055
0.00193742
0.00215882
0.00236424
0.00255401
0.00272889
0.00288978
0.00303767
0.00317355
0.00329835
0.00341297
0.00351821
0.00361484
0.00370355
0.00378497
0.00385967
0.00392817
0.00399095
0.00404846
0.00410107
0.00414914
0.004193
0.00423296
0.00426928
0.0043022
0.00433196
0.00435877
0.00438282
0.00440427
0.00442329
0.00444003
0.00445462
0.0044672
0.00447786
0.00448672
0.00449386
0.00449939
0.00450341
0.004506
0.0045072
0.00450707
0.00450563
0.00450293
3.15186e-06
3.14855e-06
3.15021e-06
3.15413e-06
3.15922e-06
3.1572e-06
3.15701e-06
3.16004e-06
3.16753e-06
3.17737e-06
3.18756e-06
3.19847e-06
3.20964e-06
3.21872e-06
3.2322e-06
3.2506e-06
3.27372e-06
3.3028e-06
3.34151e-06
3.39848e-06
3.49324e-06
3.66967e-06
4.0289e-06
4.81932e-06
6.71875e-06
1.18189e-05
2.67944e-05
6.72722e-05
0.000145531
0.000257816
0.000406583
0.00059582
0.00082027
0.00106755
0.0013239
0.00157835
0.00182395
0.00205709
0.00227622
0.00248095
0.0026715
0.00284846
0.00301256
0.00316461
0.00330542
0.00343577
0.00355643
0.0036681
0.00377144
0.00386707
0.00395554
0.00403737
0.00411305
0.004183
0.00424762
0.0043073
0.00436235
0.00441309
0.00445979
0.00450274
0.00454216
0.00457826
0.00461125
0.00464132
0.00466866
0.0046934
0.0047157
0.00473568
0.00475347
0.0047692
0.00478299
0.00479494
0.00480512
0.00481361
0.00482046
0.00482572
3.14765e-06
3.14584e-06
3.14809e-06
3.15213e-06
3.15776e-06
3.16186e-06
3.16903e-06
3.17374e-06
3.17655e-06
3.17898e-06
3.18115e-06
3.1818e-06
3.18662e-06
3.1929e-06
3.2004e-06
3.20904e-06
3.21847e-06
3.22736e-06
3.24299e-06
3.26542e-06
3.29813e-06
3.34918e-06
3.43583e-06
3.59525e-06
3.90919e-06
4.56711e-06
6.04903e-06
9.71248e-06
1.96505e-05
4.64723e-05
0.000104276
0.000194222
0.00031425
0.000469715
0.000662347
0.000886115
0.00113004
0.00138239
0.00163363
0.0018775
0.00211056
0.00233121
0.00253892
0.00273372
0.00291599
0.00308628
0.00324522
0.00339346
0.00353169
0.00366054
0.00378064
0.00389255
0.00399683
0.004094
0.00418452
0.00426883
0.00434734
0.00442042
0.00448842
0.00455166
0.00461044
0.00466502
0.00471565
0.00476259
0.00480603
0.00484618
0.00488322
0.00491732
0.00494863
0.00497732
0.00500352
0.00502737
0.00504897
0.00506843
0.00508582
0.00510121
3.14435e-06
3.14435e-06
3.14662e-06
3.14991e-06
3.15408e-06
3.15657e-06
3.16001e-06
3.16271e-06
3.16584e-06
3.16959e-06
3.1734e-06
3.17669e-06
3.17992e-06
3.18307e-06
3.18606e-06
3.18741e-06
3.18959e-06
3.19253e-06
3.19793e-06
3.20449e-06
3.21322e-06
3.22627e-06
3.24722e-06
3.28578e-06
3.35276e-06
3.47527e-06
3.70986e-06
4.17887e-06
5.16574e-06
7.3926e-06
1.28656e-05
2.70864e-05
6.12769e-05
0.000124621
0.000214934
0.000332447
0.000482499
0.000666756
0.000880758
0.00111579
0.00136182
0.00160995
0.00185368
0.002089
0.0023138
0.00252719
0.00272892
0.00291906
0.003098
0.00326616
0.00342409
0.00357228
0.00371133
0.00384176
0.00396408
0.00407876
0.00418629
0.00428709
0.00438157
0.00447012
0.00455308
0.00463078
0.00470353
0.00477162
0.00483532
0.00489486
0.00495048
0.00500238
0.00505076
0.00509582
0.00513773
0.00517664
0.00521271
0.00524607
0.00527682
0.00530507
3.14292e-06
3.14336e-06
3.1452e-06
3.14787e-06
3.15128e-06
3.15363e-06
3.15667e-06
3.15911e-06
3.16114e-06
3.16353e-06
3.16636e-06
3.16953e-06
3.17297e-06
3.17657e-06
3.18014e-06
3.18333e-06
3.18619e-06
3.18878e-06
3.19134e-06
3.19394e-06
3.19678e-06
3.20021e-06
3.20435e-06
3.21091e-06
3.22336e-06
3.2463e-06
3.29018e-06
3.37208e-06
3.5259e-06
3.82123e-06
4.40492e-06
5.61013e-06
8.26134e-06
1.45262e-05
2.98057e-05
6.37583e-05
0.000123171
0.000205918
0.00031202
0.000446291
0.000611659
0.000806415
0.00102483
0.00125897
0.00150064
0.00174287
0.00198061
0.00221059
0.00243116
0.0026415
0.00284141
0.00303088
0.00321021
0.00337973
0.00353983
0.00369093
0.00383351
0.00396801
0.00409486
0.00421445
0.00432719
0.00443346
0.00453362
0.004628
0.0047169
0.00480063
0.00487946
0.00495364
0.00502343
0.00508904
0.00515068
0.00520856
0.00526285
0.00531374
0.00536136
0.00540584
3.14215e-06
3.14251e-06
3.14386e-06
3.14612e-06
3.14899e-06
3.15108e-06
3.15336e-06
3.15517e-06
3.15664e-06
3.15825e-06
3.16015e-06
3.16235e-06
3.16494e-06
3.1679e-06
3.17121e-06
3.17474e-06
3.17839e-06
3.18209e-06
3.18576e-06
3.18936e-06
3.19287e-06
3.19631e-06
3.19972e-06
3.20329e-06
3.20755e-06
3.21339e-06
3.22256e-06
3.23814e-06
3.26567e-06
3.3155e-06
3.40691e-06
3.57624e-06
3.8938e-06
4.50193e-06
5.70855e-06
8.23043e-06
1.38359e-05
2.66567e-05
5.41962e-05
0.000103043
0.000172663
0.000261481
0.000372704
0.000510383
0.000675823
0.000866898
0.00107878
0.00130473
0.00153866
0.00177438
0.00200734
0.00223429
0.00245342
0.00266373
0.00286482
0.00305652
0.00323903
0.00341255
0.00357735
0.00373374
0.00388208
0.00402275
0.0041561
0.00428248
0.00440221
0.00451563
0.00462304
0.00472476
0.00482105
0.00491217
0.00499838
0.00507989
0.00515695
0.00522976
0.00529852
0.00536338
3.14195e-06
3.14152e-06
3.14263e-06
3.14479e-06
3.14738e-06
3.14935e-06
3.15127e-06
3.15282e-06
3.154e-06
3.15514e-06
3.15639e-06
3.15781e-06
3.15946e-06
3.16139e-06
3.16363e-06
3.16619e-06
3.16906e-06
3.17224e-06
3.17567e-06
3.17934e-06
3.18321e-06
3.18723e-06
3.19137e-06
3.19561e-06
3.19998e-06
3.20458e-06
3.20966e-06
3.2157e-06
3.22359e-06
3.23501e-06
3.25302e-06
3.28314e-06
3.33528e-06
3.4272e-06
3.59089e-06
3.88522e-06
4.42339e-06
5.43494e-06
7.41785e-06
1.14965e-05
2.02124e-05
3.84728e-05
7.25991e-05
0.000125195
0.000194347
0.000280031
0.000385527
0.000513971
0.00066686
0.000842908
0.00103895
0.00124982
0.00147105
0.00169733
0.00192416
0.002148
0.00236652
0.00257819
0.00278214
0.00297792
0.00316546
0.00334483
0.00351618
0.0036797
0.00383561
0.00398421
0.00412575
0.00426054
0.00438887
0.00451098
0.00462715
0.00473762
0.00484265
0.00494249
0.00503737
0.00512749
3.14388e-06
3.1406e-06
3.14046e-06
3.14181e-06
3.14394e-06
3.14623e-06
3.148e-06
3.14959e-06
3.1509e-06
3.15193e-06
3.15285e-06
3.15381e-06
3.15486e-06
3.15601e-06
3.15732e-06
3.1588e-06
3.16049e-06
3.16241e-06
3.16457e-06
3.16698e-06
3.16967e-06
3.17263e-06
3.17587e-06
3.17938e-06
3.18315e-06
3.18719e-06
3.19148e-06
3.19606e-06
3.20096e-06
3.20631e-06
3.21234e-06
3.21951e-06
3.22866e-06
3.24132e-06
3.26018e-06
3.28998e-06
3.33886e-06
3.42082e-06
3.56001e-06
3.79864e-06
4.21246e-06
4.94429e-06
6.27684e-06
8.80068e-06
1.37693e-05
2.372e-05
4.29227e-05
7.59615e-05
0.000124195
0.000186097
0.000261442
0.000352646
0.000462389
0.000592754
0.000743848
0.000914354
0.00110112
0.00130107
0.00151033
0.00172494
0.00194113
0.002156
0.00236728
0.00257346
0.00277343
0.00296657
0.0031526
0.00333142
0.0035031
0.00366777
0.00382553
0.00397656
0.00412105
0.00425923
0.00439131
0.00451756
0.00463815
3.1424e-06
3.13919e-06
3.13985e-06
3.14136e-06
3.14329e-06
3.14523e-06
3.14675e-06
3.14805e-06
3.14913e-06
3.15e-06
3.15077e-06
3.15155e-06
3.15239e-06
3.1533e-06
3.1543e-06
3.15542e-06
3.15665e-06
3.15802e-06
3.15954e-06
3.16121e-06
3.16307e-06
3.16512e-06
3.16737e-06
3.16984e-06
3.17255e-06
3.17551e-06
3.17873e-06
3.18222e-06
3.186e-06
3.19009e-06
3.19453e-06
3.19939e-06
3.20478e-06
3.21093e-06
3.21825e-06
3.22745e-06
3.23976e-06
3.25729e-06
3.2836e-06
3.32456e-06
3.38985e-06
3.49541e-06
3.66759e-06
3.95089e-06
4.42255e-06
5.22207e-06
6.61303e-06
9.11191e-06
1.37342e-05
2.24043e-05
3.8215e-05
6.4695e-05
0.000103555
0.000154022
0.000215074
0.000287625
0.000373671
0.000475496
0.000594384
0.000730659
0.000883341
0.00105085
0.00123087
0.0014211
0.00161835
0.00181979
0.00202271
0.00222482
0.00242443
0.00262027
0.00281121
0.0029966
0.00317603
0.00334929
0.00351633
0.00367725
0.00383208
3.14216e-06
3.13904e-06
3.13955e-06
3.14097e-06
3.14266e-06
3.14431e-06
3.14559e-06
3.14666e-06
3.14755e-06
3.14826e-06
3.14891e-06
3.14956e-06
3.15025e-06
3.15099e-06
3.15179e-06
3.15268e-06
3.15365e-06
3.15472e-06
3.15588e-06
3.15716e-06
3.15854e-06
3.16006e-06
3.1617e-06
3.16349e-06
3.16543e-06
3.16753e-06
3.16982e-06
3.17229e-06
3.17497e-06
3.17788e-06
3.18102e-06
3.18443e-06
3.18813e-06
3.19216e-06
3.19659e-06
3.20154e-06
3.20719e-06
3.21386e-06
3.2221e-06
3.23281e-06
3.24744e-06
3.26837e-06
3.29939e-06
3.34648e-06
3.41908e-06
3.53199e-06
3.7087e-06
3.98711e-06
4.42952e-06
5.14326e-06
6.31771e-06
8.29884e-06
1.17204e-05
1.7733e-05
2.82214e-05
4.57174e-05
7.24367e-05
0.000109065
0.000154704
0.000208671
0.000271479
0.000344684
0.000429892
0.000528371
0.000640756
0.000767018
0.000906622
0.0010582
0.00122036
0.00139177
0.00156998
0.001753
0.00193885
0.00212568
0.00231187
0.00249639
0.00267808
3.14295e-06
3.14135e-06
3.13883e-06
3.13928e-06
3.1406e-06
3.14208e-06
3.14345e-06
3.14451e-06
3.14537e-06
3.14608e-06
3.14669e-06
3.14725e-06
3.14781e-06
3.14839e-06
3.14901e-06
3.14968e-06
3.1504e-06
3.15119e-06
3.15205e-06
3.15298e-06
3.154e-06
3.1551e-06
3.15629e-06
3.15758e-06
3.15897e-06
3.16046e-06
3.16206e-06
3.16379e-06
3.16564e-06
3.16763e-06
3.16977e-06
3.17206e-06
3.17451e-06
3.17715e-06
3.17998e-06
3.18303e-06
3.18632e-06
3.18989e-06
3.1938e-06
3.19813e-06
3.20302e-06
3.20871e-06
3.21556e-06
3.22415e-06
3.23541e-06
3.25077e-06
3.27244e-06
3.30379e-06
3.34991e-06
3.41844e-06
3.5209e-06
3.67472e-06
3.90658e-06
4.25788e-06
4.79564e-06
5.62998e-06
6.94717e-06
9.06579e-06
1.25385e-05
1.82814e-05
2.76895e-05
4.25321e-05
6.44592e-05
9.41647e-05
0.000131197
0.000174783
0.000224795
0.000281936
0.00034725
0.000421833
0.0005066
0.000602048
0.000708367
0.000825338
0.000952271
0.00108809
0.00123269
0.00138473
3.14095e-06
3.14099e-06
3.13838e-06
3.13902e-06
3.14024e-06
3.1415e-06
3.14262e-06
3.14346e-06
3.14411e-06
3.14467e-06
3.14515e-06
3.14561e-06
3.14609e-06
3.14659e-06
3.14712e-06
3.14769e-06
3.14831e-06
3.14897e-06
3.14969e-06
3.15047e-06
3.15131e-06
3.15222e-06
3.15319e-06
3.15424e-06
3.15536e-06
3.15657e-06
3.15786e-06
3.15924e-06
3.16071e-06
3.16228e-06
3.16396e-06
3.16575e-06
3.16765e-06
3.16967e-06
3.17182e-06
3.17411e-06
3.17654e-06
3.17914e-06
3.1819e-06
3.18486e-06
3.18803e-06
3.19147e-06
3.19522e-06
3.19939e-06
3.20412e-06
3.20962e-06
3.21626e-06
3.22455e-06
3.23529e-06
3.24966e-06
3.26941e-06
3.2971e-06
3.33643e-06
3.39272e-06
3.47366e-06
3.59039e-06
3.75904e-06
4.00326e-06
4.35889e-06
4.88072e-06
5.65452e-06
6.81664e-06
8.58931e-06
1.13311e-05
1.56082e-05
2.22639e-05
3.24284e-05
4.7355e-05
6.80009e-05
9.46365e-05
0.000126861
0.000164086
0.000206104
0.000253197
0.000305989
0.000365165
0.000431413
0.000505302
3.1399e-06
3.14071e-06
3.1382e-06
3.1388e-06
3.13987e-06
3.14092e-06
3.14179e-06
3.14241e-06
3.14288e-06
3.14327e-06
3.14363e-06
3.14398e-06
3.14438e-06
3.14479e-06
3.14525e-06
3.14573e-06
3.14626e-06
3.14683e-06
3.14744e-06
3.1481e-06
3.14881e-06
3.14957e-06
3.15038e-06
3.15125e-06
3.15219e-06
3.15319e-06
3.15425e-06
3.15539e-06
3.1566e-06
3.15788e-06
3.15925e-06
3.1607e-06
3.16224e-06
3.16387e-06
3.16559e-06
3.16742e-06
3.16935e-06
3.17139e-06
3.17355e-06
3.17583e-06
3.17824e-06
3.18078e-06
3.18348e-06
3.18635e-06
3.18942e-06
3.19271e-06
3.19629e-06
3.20025e-06
3.20469e-06
3.20982e-06
3.21591e-06
3.22336e-06
3.23277e-06
3.24498e-06
3.26118e-06
3.28309e-06
3.31307e-06
3.3544e-06
3.41166e-06
3.49116e-06
3.60168e-06
3.75541e-06
3.9697e-06
4.26938e-06
4.69054e-06
5.2866e-06
6.13805e-06
7.36801e-06
9.16416e-06
1.18116e-05
1.57333e-05
2.15221e-05
2.99412e-05
4.18322e-05
5.79208e-05
7.85624e-05
0.000103634
0.00013274
3.13909e-06
3.14042e-06
3.13801e-06
3.13858e-06
3.13949e-06
3.14031e-06
3.14093e-06
3.14135e-06
3.14165e-06
3.1419e-06
3.14214e-06
3.14239e-06
3.14268e-06
3.14301e-06
3.14337e-06
3.14378e-06
3.14422e-06
3.14469e-06
3.14521e-06
3.14576e-06
3.14635e-06
3.14699e-06
3.14768e-06
3.14841e-06
3.14919e-06
3.15002e-06
3.15091e-06
3.15185e-06
3.15285e-06
3.15392e-06
3.15504e-06
3.15624e-06
3.15751e-06
3.15885e-06
3.16026e-06
3.16176e-06
3.16333e-06
3.165e-06
3.16675e-06
3.16859e-06
3.17053e-06
3.17256e-06
3.1747e-06
3.17695e-06
3.17932e-06
3.18181e-06
3.18443e-06
3.18719e-06
3.19013e-06
3.19327e-06
3.19664e-06
3.20033e-06
3.20441e-06
3.20903e-06
3.21437e-06
3.22071e-06
3.22845e-06
3.2381e-06
3.25042e-06
3.26641e-06
3.28745e-06
3.3154e-06
3.35272e-06
3.40275e-06
3.46993e-06
3.56017e-06
3.68147e-06
3.84464e-06
4.06446e-06
4.36132e-06
4.76389e-06
5.31279e-06
6.0664e-06
7.10927e-06
8.56463e-06
1.06102e-05
1.3497e-05
1.75718e-05
3.13847e-06
3.14007e-06
3.13781e-06
3.13834e-06
3.13907e-06
3.13965e-06
3.14006e-06
3.14031e-06
3.14047e-06
3.1406e-06
3.14074e-06
3.1409e-06
3.14109e-06
3.14133e-06
3.14161e-06
3.14193e-06
3.14227e-06
3.14266e-06
3.14307e-06
3.14352e-06
3.14401e-06
3.14453e-06
3.14509e-06
3.14569e-06
3.14633e-06
3.14702e-06
3.14775e-06
3.14852e-06
3.14935e-06
3.15022e-06
3.15115e-06
3.15213e-06
3.15317e-06
3.15427e-06
3.15543e-06
3.15666e-06
3.15795e-06
3.15931e-06
3.16074e-06
3.16225e-06
3.16382e-06
3.16548e-06
3.16722e-06
3.16905e-06
3.17095e-06
3.17295e-06
3.17504e-06
3.17723e-06
3.17952e-06
3.18192e-06
3.18443e-06
3.18706e-06
3.18984e-06
3.19278e-06
3.19592e-06
3.19929e-06
3.20295e-06
3.20701e-06
3.21156e-06
3.21679e-06
3.22291e-06
3.23025e-06
3.2392e-06
3.25034e-06
3.2644e-06
3.28235e-06
3.30546e-06
3.3354e-06
3.3743e-06
3.42496e-06
3.49099e-06
3.57706e-06
3.68926e-06
3.83556e-06
4.02652e-06
4.27614e-06
4.60317e-06
5.03315e-06
3.13775e-06
3.13965e-06
3.13762e-06
3.13806e-06
3.13859e-06
3.13896e-06
3.1392e-06
3.13932e-06
3.13938e-06
3.13943e-06
3.1395e-06
3.1396e-06
3.13972e-06
3.13988e-06
3.14008e-06
3.14031e-06
3.14058e-06
3.14087e-06
3.14119e-06
3.14155e-06
3.14193e-06
3.14235e-06
3.14279e-06
3.14327e-06
3.14378e-06
3.14433e-06
3.14492e-06
3.14554e-06
3.14621e-06
3.14691e-06
3.14766e-06
3.14845e-06
3.14929e-06
3.15018e-06
3.15112e-06
3.15211e-06
3.15315e-06
3.15425e-06
3.15541e-06
3.15663e-06
3.15791e-06
3.15925e-06
3.16066e-06
3.16213e-06
3.16367e-06
3.16529e-06
3.16697e-06
3.16873e-06
3.17057e-06
3.17249e-06
3.17449e-06
3.17657e-06
3.17874e-06
3.18101e-06
3.18337e-06
3.18583e-06
3.18841e-06
3.19112e-06
3.19398e-06
3.19701e-06
3.20025e-06
3.20375e-06
3.20758e-06
3.21183e-06
3.21663e-06
3.22214e-06
3.22858e-06
3.23624e-06
3.2455e-06
3.25683e-06
3.27086e-06
3.28839e-06
3.31042e-06
3.33825e-06
3.37349e-06
3.41818e-06
3.47487e-06
3.54681e-06
3.13712e-06
3.13918e-06
3.13745e-06
3.13773e-06
3.13806e-06
3.13826e-06
3.13838e-06
3.13842e-06
3.13842e-06
3.13843e-06
3.13846e-06
3.13852e-06
3.1386e-06
3.13871e-06
3.13885e-06
3.13903e-06
3.13923e-06
3.13945e-06
3.1397e-06
3.13997e-06
3.14027e-06
3.14059e-06
3.14094e-06
3.14132e-06
3.14172e-06
3.14215e-06
3.14261e-06
3.1431e-06
3.14363e-06
3.14419e-06
3.14478e-06
3.14541e-06
3.14607e-06
3.14678e-06
3.14752e-06
3.14831e-06
3.14914e-06
3.15002e-06
3.15094e-06
3.15191e-06
3.15293e-06
3.154e-06
3.15512e-06
3.1563e-06
3.15753e-06
3.15881e-06
3.16016e-06
3.16157e-06
3.16303e-06
3.16456e-06
3.16616e-06
3.16782e-06
3.16954e-06
3.17134e-06
3.1732e-06
3.17514e-06
3.17715e-06
3.17924e-06
3.18141e-06
3.18366e-06
3.18601e-06
3.18845e-06
3.19101e-06
3.19369e-06
3.19651e-06
3.19951e-06
3.20272e-06
3.20618e-06
3.20997e-06
3.21415e-06
3.21886e-06
3.22421e-06
3.2304e-06
3.23766e-06
3.24628e-06
3.25663e-06
3.26918e-06
3.2845e-06
3.13663e-06
3.13864e-06
3.13717e-06
3.13734e-06
3.1375e-06
3.13758e-06
3.13762e-06
3.13763e-06
3.13762e-06
3.13761e-06
3.13763e-06
3.13767e-06
3.13773e-06
3.13782e-06
3.13793e-06
3.13806e-06
3.13821e-06
3.13839e-06
3.13859e-06
3.1388e-06
3.13904e-06
3.13929e-06
3.13957e-06
3.13986e-06
3.14018e-06
3.14052e-06
3.14089e-06
3.14128e-06
3.1417e-06
3.14214e-06
3.14261e-06
3.1431e-06
3.14363e-06
3.14419e-06
3.14478e-06
3.1454e-06
3.14606e-06
3.14675e-06
3.14748e-06
3.14825e-06
3.14905e-06
3.1499e-06
3.15079e-06
3.15172e-06
3.15269e-06
3.15371e-06
3.15477e-06
3.15588e-06
3.15704e-06
3.15825e-06
3.15951e-06
3.16082e-06
3.16218e-06
3.1636e-06
3.16507e-06
3.1666e-06
3.16818e-06
3.16982e-06
3.17152e-06
3.17328e-06
3.17511e-06
3.17699e-06
3.17894e-06
3.18096e-06
3.18305e-06
3.18521e-06
3.18746e-06
3.18979e-06
3.19223e-06
3.19478e-06
3.19746e-06
3.20029e-06
3.20331e-06
3.20656e-06
3.21009e-06
3.21396e-06
3.21826e-06
3.22309e-06
3.13625e-06
3.13806e-06
3.13683e-06
3.13691e-06
3.13694e-06
3.13694e-06
3.13697e-06
3.13698e-06
3.13696e-06
3.13696e-06
3.13697e-06
3.13701e-06
3.13707e-06
3.13715e-06
3.13724e-06
3.13735e-06
3.13748e-06
3.13763e-06
3.13779e-06
3.13797e-06
3.13816e-06
3.13837e-06
3.1386e-06
3.13884e-06
3.1391e-06
3.13938e-06
3.13968e-06
3.14e-06
3.14033e-06
3.14069e-06
3.14107e-06
3.14148e-06
3.1419e-06
3.14235e-06
3.14283e-06
3.14333e-06
3.14385e-06
3.14441e-06
3.14499e-06
3.14561e-06
3.14625e-06
3.14692e-06
3.14763e-06
3.14837e-06
3.14914e-06
3.14995e-06
3.1508e-06
3.15168e-06
3.1526e-06
3.15355e-06
3.15455e-06
3.15558e-06
3.15666e-06
3.15778e-06
3.15894e-06
3.16014e-06
3.16139e-06
3.16268e-06
3.16401e-06
3.16539e-06
3.16682e-06
3.1683e-06
3.16982e-06
3.17139e-06
3.17301e-06
3.17468e-06
3.1764e-06
3.17817e-06
3.18e-06
3.18189e-06
3.18383e-06
3.18584e-06
3.18792e-06
3.19007e-06
3.1923e-06
3.19463e-06
3.19707e-06
3.19963e-06
3.13598e-06
3.13743e-06
3.13647e-06
3.13645e-06
3.1364e-06
3.13639e-06
3.13642e-06
3.13644e-06
3.13645e-06
3.13645e-06
3.13646e-06
3.1365e-06
3.13655e-06
3.13662e-06
3.13671e-06
3.13681e-06
3.13693e-06
3.13705e-06
3.1372e-06
3.13735e-06
3.13752e-06
3.1377e-06
3.1379e-06
3.1381e-06
3.13833e-06
3.13856e-06
3.13882e-06
3.13908e-06
3.13937e-06
3.13967e-06
3.13999e-06
3.14033e-06
3.14068e-06
3.14106e-06
3.14145e-06
3.14187e-06
3.1423e-06
3.14276e-06
3.14324e-06
3.14375e-06
3.14428e-06
3.14483e-06
3.1454e-06
3.14601e-06
3.14664e-06
3.14729e-06
3.14798e-06
3.14869e-06
3.14943e-06
3.1502e-06
3.151e-06
3.15183e-06
3.15269e-06
3.15359e-06
3.15451e-06
3.15547e-06
3.15647e-06
3.15749e-06
3.15855e-06
3.15965e-06
3.16078e-06
3.16195e-06
3.16315e-06
3.16439e-06
3.16566e-06
3.16697e-06
3.16832e-06
3.16971e-06
3.17113e-06
3.17259e-06
3.17409e-06
3.17563e-06
3.17721e-06
3.17883e-06
3.1805e-06
3.18221e-06
3.18396e-06
3.18576e-06
3.13579e-06
3.13679e-06
3.13609e-06
3.13599e-06
3.13591e-06
3.13592e-06
3.13598e-06
3.13602e-06
3.13603e-06
3.13603e-06
3.13604e-06
3.13607e-06
3.13612e-06
3.13618e-06
3.13626e-06
3.13635e-06
3.13645e-06
3.13656e-06
3.13669e-06
3.13682e-06
3.13697e-06
3.13713e-06
3.1373e-06
3.13749e-06
3.13768e-06
3.13789e-06
3.13811e-06
3.13834e-06
3.13859e-06
3.13885e-06
3.13913e-06
3.13942e-06
3.13972e-06
3.14005e-06
3.14039e-06
3.14074e-06
3.14111e-06
3.1415e-06
3.14191e-06
3.14234e-06
3.14279e-06
3.14325e-06
3.14374e-06
3.14425e-06
3.14477e-06
3.14532e-06
3.14589e-06
3.14649e-06
3.1471e-06
3.14774e-06
3.1484e-06
3.14909e-06
3.1498e-06
3.15053e-06
3.15129e-06
3.15208e-06
3.15289e-06
3.15373e-06
3.15459e-06
3.15548e-06
3.15639e-06
3.15733e-06
3.1583e-06
3.1593e-06
3.16032e-06
3.16137e-06
3.16245e-06
3.16355e-06
3.16469e-06
3.16585e-06
3.16703e-06
3.16825e-06
3.16949e-06
3.17076e-06
3.17206e-06
3.17339e-06
3.17474e-06
3.17612e-06
3.13564e-06
3.13616e-06
3.1357e-06
3.13557e-06
3.1355e-06
3.13554e-06
3.13562e-06
3.13567e-06
3.13568e-06
3.13567e-06
3.13568e-06
3.1357e-06
3.13574e-06
3.13579e-06
3.13586e-06
3.13593e-06
3.13602e-06
3.13612e-06
3.13623e-06
3.13635e-06
3.13648e-06
3.13662e-06
3.13677e-06
3.13693e-06
3.1371e-06
3.13728e-06
3.13747e-06
3.13767e-06
3.13789e-06
3.13811e-06
3.13835e-06
3.13861e-06
3.13887e-06
3.13915e-06
3.13945e-06
3.13976e-06
3.14008e-06
3.14042e-06
3.14077e-06
3.14114e-06
3.14152e-06
3.14192e-06
3.14234e-06
3.14277e-06
3.14323e-06
3.1437e-06
3.14418e-06
3.14469e-06
3.14521e-06
3.14575e-06
3.14632e-06
3.1469e-06
3.14749e-06
3.14811e-06
3.14875e-06
3.14941e-06
3.15009e-06
3.15079e-06
3.15151e-06
3.15225e-06
3.15301e-06
3.15379e-06
3.15459e-06
3.15541e-06
3.15625e-06
3.15711e-06
3.158e-06
3.1589e-06
3.15982e-06
3.16077e-06
3.16173e-06
3.16271e-06
3.16372e-06
3.16474e-06
3.16578e-06
3.16684e-06
3.16791e-06
3.16901e-06
3.1355e-06
3.13557e-06
3.13531e-06
3.13519e-06
3.13517e-06
3.13524e-06
3.13533e-06
3.13537e-06
3.13537e-06
3.13536e-06
3.13536e-06
3.13537e-06
3.1354e-06
3.13544e-06
3.1355e-06
3.13557e-06
3.13564e-06
3.13573e-06
3.13582e-06
3.13592e-06
3.13603e-06
3.13615e-06
3.13628e-06
3.13641e-06
3.13656e-06
3.13672e-06
3.13688e-06
3.13706e-06
3.13724e-06
3.13744e-06
3.13764e-06
3.13786e-06
3.13809e-06
3.13833e-06
3.13858e-06
3.13885e-06
3.13913e-06
3.13942e-06
3.13972e-06
3.14004e-06
3.14037e-06
3.14071e-06
3.14107e-06
3.14144e-06
3.14183e-06
3.14224e-06
3.14265e-06
3.14309e-06
3.14353e-06
3.144e-06
3.14448e-06
3.14497e-06
3.14548e-06
3.14601e-06
3.14655e-06
3.14711e-06
3.14769e-06
3.14828e-06
3.14889e-06
3.14951e-06
3.15016e-06
3.15081e-06
3.15149e-06
3.15218e-06
3.15288e-06
3.1536e-06
3.15434e-06
3.15509e-06
3.15586e-06
3.15664e-06
3.15744e-06
3.15825e-06
3.15908e-06
3.15992e-06
3.16077e-06
3.16163e-06
3.16251e-06
3.16339e-06
3.13534e-06
3.13503e-06
3.13495e-06
3.13489e-06
3.13491e-06
3.135e-06
3.13508e-06
3.13511e-06
3.13511e-06
3.13509e-06
3.13508e-06
3.13509e-06
3.13511e-06
3.13514e-06
3.13519e-06
3.13524e-06
3.13531e-06
3.13538e-06
3.13546e-06
3.13555e-06
3.13564e-06
3.13574e-06
3.13585e-06
3.13597e-06
3.13609e-06
3.13622e-06
3.13636e-06
3.13651e-06
3.13667e-06
3.13683e-06
3.13701e-06
3.13719e-06
3.13739e-06
3.13759e-06
3.13781e-06
3.13803e-06
3.13827e-06
3.13851e-06
3.13877e-06
3.13904e-06
3.13932e-06
3.13962e-06
3.13992e-06
3.14024e-06
3.14057e-06
3.14091e-06
3.14126e-06
3.14163e-06
3.14201e-06
3.14241e-06
3.14281e-06
3.14323e-06
3.14367e-06
3.14412e-06
3.14458e-06
3.14505e-06
3.14554e-06
3.14604e-06
3.14656e-06
3.14708e-06
3.14763e-06
3.14818e-06
3.14875e-06
3.14933e-06
3.14992e-06
3.15053e-06
3.15115e-06
3.15178e-06
3.15242e-06
3.15307e-06
3.15374e-06
3.15441e-06
3.1551e-06
3.15579e-06
3.15649e-06
3.1572e-06
3.15792e-06
3.15865e-06
3.13515e-06
3.13458e-06
3.13463e-06
3.13466e-06
3.13472e-06
3.13481e-06
3.13487e-06
3.13489e-06
3.13488e-06
3.13486e-06
3.13485e-06
3.13485e-06
3.13486e-06
3.13489e-06
3.13493e-06
3.13498e-06
3.13503e-06
3.1351e-06
3.13517e-06
3.13524e-06
3.13532e-06
3.1354e-06
3.13549e-06
3.13559e-06
3.13569e-06
3.1358e-06
3.13592e-06
3.13604e-06
3.13618e-06
3.13632e-06
3.13646e-06
3.13662e-06
3.13678e-06
3.13695e-06
3.13713e-06
3.13732e-06
3.13752e-06
3.13773e-06
3.13794e-06
3.13817e-06
3.1384e-06
3.13865e-06
3.13891e-06
3.13917e-06
3.13945e-06
3.13974e-06
3.14004e-06
3.14034e-06
3.14066e-06
3.141e-06
3.14134e-06
3.14169e-06
3.14206e-06
3.14243e-06
3.14282e-06
3.14322e-06
3.14363e-06
3.14405e-06
3.14448e-06
3.14492e-06
3.14537e-06
3.14584e-06
3.14631e-06
3.1468e-06
3.14729e-06
3.1478e-06
3.14831e-06
3.14884e-06
3.14937e-06
3.14991e-06
3.15046e-06
3.15102e-06
3.15158e-06
3.15216e-06
3.15273e-06
3.15331e-06
3.1539e-06
3.15449e-06
3.13493e-06
3.13424e-06
3.1344e-06
3.13451e-06
3.13457e-06
3.13464e-06
3.13468e-06
3.13469e-06
3.13468e-06
3.13466e-06
3.13465e-06
3.13466e-06
3.13467e-06
3.13469e-06
3.13473e-06
3.13477e-06
3.13482e-06
3.13487e-06
3.13493e-06
3.13499e-06
3.13506e-06
3.13513e-06
3.13521e-06
3.13529e-06
3.13537e-06
3.13547e-06
3.13556e-06
3.13567e-06
3.13578e-06
3.13589e-06
3.13601e-06
3.13614e-06
3.13628e-06
3.13642e-06
3.13657e-06
3.13672e-06
3.13689e-06
3.13706e-06
3.13724e-06
3.13743e-06
3.13762e-06
3.13783e-06
3.13804e-06
3.13826e-06
3.13849e-06
3.13873e-06
3.13898e-06
3.13924e-06
3.1395e-06
3.13978e-06
3.14006e-06
3.14035e-06
3.14066e-06
3.14097e-06
3.14129e-06
3.14162e-06
3.14196e-06
3.14231e-06
3.14267e-06
3.14303e-06
3.14341e-06
3.14379e-06
3.14418e-06
3.14458e-06
3.14499e-06
3.14541e-06
3.14583e-06
3.14626e-06
3.1467e-06
3.14714e-06
3.14759e-06
3.14804e-06
3.1485e-06
3.14897e-06
3.14943e-06
3.1499e-06
3.15038e-06
3.15085e-06
3.13406e-06
3.13426e-06
3.13441e-06
3.13446e-06
3.1345e-06
3.13453e-06
3.13453e-06
3.13452e-06
3.13451e-06
3.13451e-06
3.13451e-06
3.13453e-06
3.13455e-06
3.13458e-06
3.13462e-06
3.13466e-06
3.13471e-06
3.13476e-06
3.13481e-06
3.13487e-06
3.13493e-06
3.13499e-06
3.13506e-06
3.13513e-06
3.1352e-06
3.13528e-06
3.13537e-06
3.13546e-06
3.13555e-06
3.13565e-06
3.13576e-06
3.13587e-06
3.13598e-06
3.1361e-06
3.13623e-06
3.13637e-06
3.13651e-06
3.13666e-06
3.13681e-06
3.13697e-06
3.13714e-06
3.13731e-06
3.1375e-06
3.13768e-06
3.13788e-06
3.13808e-06
3.1383e-06
3.13851e-06
3.13874e-06
3.13897e-06
3.13921e-06
3.13946e-06
3.13972e-06
3.13998e-06
3.14025e-06
3.14053e-06
3.14082e-06
3.14111e-06
3.14141e-06
3.14171e-06
3.14203e-06
3.14235e-06
3.14267e-06
3.143e-06
3.14334e-06
3.14368e-06
3.14403e-06
3.14438e-06
3.14474e-06
3.1451e-06
3.14546e-06
3.14583e-06
3.1462e-06
3.14657e-06
3.14694e-06
3.14731e-06
3.14769e-06
3.134e-06
3.13424e-06
3.13435e-06
3.13436e-06
3.13437e-06
3.1344e-06
3.13441e-06
3.1344e-06
3.1344e-06
3.1344e-06
3.13441e-06
3.13443e-06
3.13446e-06
3.13449e-06
3.13453e-06
3.13456e-06
3.13461e-06
3.13465e-06
3.1347e-06
3.13474e-06
3.13479e-06
3.13485e-06
3.1349e-06
3.13496e-06
3.13502e-06
3.13508e-06
3.13515e-06
3.13522e-06
3.13529e-06
3.13537e-06
3.13546e-06
3.13555e-06
3.13564e-06
3.13574e-06
3.13584e-06
3.13595e-06
3.13606e-06
3.13618e-06
3.13631e-06
3.13644e-06
3.13657e-06
3.13671e-06
3.13686e-06
3.13701e-06
3.13717e-06
3.13734e-06
3.13751e-06
3.13769e-06
3.13787e-06
3.13806e-06
3.13825e-06
3.13845e-06
3.13866e-06
3.13887e-06
3.13909e-06
3.13932e-06
3.13955e-06
3.13978e-06
3.14002e-06
3.14027e-06
3.14052e-06
3.14078e-06
3.14104e-06
3.1413e-06
3.14157e-06
3.14184e-06
3.14212e-06
3.14239e-06
3.14267e-06
3.14296e-06
3.14324e-06
3.14353e-06
3.14382e-06
3.1441e-06
3.14439e-06
3.14468e-06
3.14498e-06
3.13404e-06
3.13431e-06
3.13429e-06
3.13427e-06
3.13428e-06
3.1343e-06
3.13432e-06
3.13433e-06
3.13434e-06
3.13435e-06
3.13437e-06
3.1344e-06
3.13443e-06
3.13446e-06
3.1345e-06
3.13453e-06
3.13457e-06
3.13461e-06
3.13465e-06
3.13469e-06
3.13473e-06
3.13477e-06
3.13482e-06
3.13486e-06
3.13491e-06
3.13496e-06
3.13501e-06
3.13507e-06
3.13513e-06
3.13519e-06
3.13525e-06
3.13532e-06
3.1354e-06
3.13547e-06
3.13555e-06
3.13564e-06
3.13573e-06
3.13582e-06
3.13592e-06
3.13602e-06
3.13613e-06
3.13624e-06
3.13636e-06
3.13648e-06
3.1366e-06
3.13673e-06
3.13687e-06
3.13701e-06
3.13715e-06
3.1373e-06
3.13746e-06
3.13762e-06
3.13778e-06
3.13795e-06
3.13812e-06
3.1383e-06
3.13848e-06
3.13867e-06
3.13886e-06
3.13905e-06
3.13925e-06
3.13945e-06
3.13965e-06
3.13985e-06
3.14006e-06
3.14027e-06
3.14048e-06
3.1407e-06
3.14091e-06
3.14113e-06
3.14135e-06
3.14156e-06
3.14178e-06
3.142e-06
3.14222e-06
3.14244e-06
3.14266e-06
3.13402e-06
3.13431e-06
3.13422e-06
3.1342e-06
3.13421e-06
3.13424e-06
3.13426e-06
3.13429e-06
3.13432e-06
3.13435e-06
3.13438e-06
3.13443e-06
3.13447e-06
3.1345e-06
3.13454e-06
3.13457e-06
3.1346e-06
3.13463e-06
3.13467e-06
3.1347e-06
3.13473e-06
3.13477e-06
3.1348e-06
3.13483e-06
3.13487e-06
3.13491e-06
3.13495e-06
3.13499e-06
3.13503e-06
3.13508e-06
3.13513e-06
3.13518e-06
3.13524e-06
3.1353e-06
3.13536e-06
3.13542e-06
3.13549e-06
3.13556e-06
3.13564e-06
3.13571e-06
3.1358e-06
3.13588e-06
3.13597e-06
3.13606e-06
3.13616e-06
3.13626e-06
3.13637e-06
3.13647e-06
3.13658e-06
3.1367e-06
3.13682e-06
3.13694e-06
3.13707e-06
3.1372e-06
3.13733e-06
3.13746e-06
3.1376e-06
3.13774e-06
3.13789e-06
3.13803e-06
3.13818e-06
3.13833e-06
3.13848e-06
3.13864e-06
3.13879e-06
3.13895e-06
3.13911e-06
3.13927e-06
3.13943e-06
3.13959e-06
3.13975e-06
3.13991e-06
3.14007e-06
3.14023e-06
3.14039e-06
3.14055e-06
3.14071e-06
3.13403e-06
3.1343e-06
3.13417e-06
3.13415e-06
3.13417e-06
3.13421e-06
3.13425e-06
3.1343e-06
3.13437e-06
3.13445e-06
3.13451e-06
3.13455e-06
3.13458e-06
3.1346e-06
3.13463e-06
3.13466e-06
3.13469e-06
3.13471e-06
3.13474e-06
3.13476e-06
3.13479e-06
3.13481e-06
3.13484e-06
3.13486e-06
3.13489e-06
3.13492e-06
3.13495e-06
3.13498e-06
3.13501e-06
3.13504e-06
3.13508e-06
3.13511e-06
3.13515e-06
3.13519e-06
3.13524e-06
3.13529e-06
3.13534e-06
3.13539e-06
3.13544e-06
3.1355e-06
3.13556e-06
3.13562e-06
3.13569e-06
3.13576e-06
3.13583e-06
3.1359e-06
3.13598e-06
3.13606e-06
3.13614e-06
3.13623e-06
3.13631e-06
3.1364e-06
3.1365e-06
3.13659e-06
3.13669e-06
3.13679e-06
3.13689e-06
3.13699e-06
3.13709e-06
3.1372e-06
3.13731e-06
3.13742e-06
3.13752e-06
3.13763e-06
3.13774e-06
3.13786e-06
3.13797e-06
3.13808e-06
3.13819e-06
3.13831e-06
3.13842e-06
3.13853e-06
3.13865e-06
3.13876e-06
3.13887e-06
3.13899e-06
3.13911e-06
3.13407e-06
3.13426e-06
3.13414e-06
3.13414e-06
3.13416e-06
3.13422e-06
3.1343e-06
3.13438e-06
3.13446e-06
3.13454e-06
3.13461e-06
3.13467e-06
3.13472e-06
3.13476e-06
3.1348e-06
3.13482e-06
3.13483e-06
3.13484e-06
3.13486e-06
3.13488e-06
3.13489e-06
3.13491e-06
3.13493e-06
3.13494e-06
3.13496e-06
3.13498e-06
3.13499e-06
3.13501e-06
3.13503e-06
3.13505e-06
3.13508e-06
3.1351e-06
3.13512e-06
3.13515e-06
3.13518e-06
3.13521e-06
3.13525e-06
3.13528e-06
3.13532e-06
3.13536e-06
3.1354e-06
3.13544e-06
3.13549e-06
3.13553e-06
3.13558e-06
3.13563e-06
3.13569e-06
3.13574e-06
3.1358e-06
3.13586e-06
3.13592e-06
3.13598e-06
3.13604e-06
3.13611e-06
3.13618e-06
3.13624e-06
3.13631e-06
3.13638e-06
3.13645e-06
3.13652e-06
3.13659e-06
3.13667e-06
3.13674e-06
3.13681e-06
3.13689e-06
3.13696e-06
3.13703e-06
3.13711e-06
3.13718e-06
3.13726e-06
3.13733e-06
3.13741e-06
3.13749e-06
3.13756e-06
3.13764e-06
3.13772e-06
3.1378e-06
3.13404e-06
3.13421e-06
3.13413e-06
3.13414e-06
3.13419e-06
3.13426e-06
3.13434e-06
3.13443e-06
3.13452e-06
3.1346e-06
3.13468e-06
3.13475e-06
3.13481e-06
3.13487e-06
3.13491e-06
3.13495e-06
3.13498e-06
3.13501e-06
3.13503e-06
3.13505e-06
3.13506e-06
3.13506e-06
3.13507e-06
3.13507e-06
3.13508e-06
3.13509e-06
3.1351e-06
3.13511e-06
3.13512e-06
3.13513e-06
3.13514e-06
3.13515e-06
3.13516e-06
3.13517e-06
3.13519e-06
3.13521e-06
3.13522e-06
3.13524e-06
3.13527e-06
3.13529e-06
3.13531e-06
3.13534e-06
3.13536e-06
3.13539e-06
3.13542e-06
3.13545e-06
3.13548e-06
3.13552e-06
3.13555e-06
3.13559e-06
3.13562e-06
3.13566e-06
3.1357e-06
3.13574e-06
3.13578e-06
3.13582e-06
3.13586e-06
3.1359e-06
3.13594e-06
3.13598e-06
3.13603e-06
3.13607e-06
3.13611e-06
3.13616e-06
3.1362e-06
3.13624e-06
3.13629e-06
3.13633e-06
3.13638e-06
3.13642e-06
3.13647e-06
3.13652e-06
3.13656e-06
3.13661e-06
3.13666e-06
3.13671e-06
3.13677e-06
3.134e-06
3.13413e-06
3.13408e-06
3.13412e-06
3.13418e-06
3.13425e-06
3.13434e-06
3.13444e-06
3.13454e-06
3.13463e-06
3.13472e-06
3.1348e-06
3.13487e-06
3.13494e-06
3.135e-06
3.13505e-06
3.13509e-06
3.13514e-06
3.13517e-06
3.1352e-06
3.13523e-06
3.13525e-06
3.13527e-06
3.13529e-06
3.1353e-06
3.13531e-06
3.13531e-06
3.13532e-06
3.13531e-06
3.13531e-06
3.1353e-06
3.1353e-06
3.1353e-06
3.1353e-06
3.13531e-06
3.13531e-06
3.13531e-06
3.13532e-06
3.13532e-06
3.13533e-06
3.13534e-06
3.13534e-06
3.13535e-06
3.13536e-06
3.13537e-06
3.13539e-06
3.1354e-06
3.13541e-06
3.13543e-06
3.13544e-06
3.13546e-06
3.13547e-06
3.13549e-06
3.1355e-06
3.13552e-06
3.13554e-06
3.13555e-06
3.13557e-06
3.13559e-06
3.13561e-06
3.13562e-06
3.13564e-06
3.13566e-06
3.13568e-06
3.1357e-06
3.13572e-06
3.13574e-06
3.13576e-06
3.13578e-06
3.1358e-06
3.13583e-06
3.13585e-06
3.13588e-06
3.1359e-06
3.13593e-06
3.13596e-06
3.136e-06
3.13392e-06
3.13403e-06
3.13401e-06
3.13406e-06
3.13413e-06
3.13422e-06
3.13432e-06
3.13442e-06
3.13453e-06
3.13463e-06
3.13472e-06
3.13481e-06
3.1349e-06
3.13498e-06
3.13505e-06
3.13511e-06
3.13517e-06
3.13522e-06
3.13527e-06
3.13532e-06
3.13536e-06
3.13539e-06
3.13543e-06
3.13545e-06
3.13548e-06
3.1355e-06
3.13552e-06
3.13554e-06
3.13556e-06
3.13557e-06
3.13558e-06
3.13559e-06
3.1356e-06
3.1356e-06
3.1356e-06
3.1356e-06
3.1356e-06
3.1356e-06
3.1356e-06
3.1356e-06
3.13559e-06
3.13559e-06
3.13559e-06
3.13558e-06
3.13558e-06
3.13557e-06
3.13557e-06
3.13556e-06
3.13556e-06
3.13556e-06
3.13555e-06
3.13555e-06
3.13555e-06
3.13555e-06
3.13555e-06
3.13555e-06
3.13555e-06
3.13555e-06
3.13555e-06
3.13556e-06
3.13556e-06
3.13557e-06
3.13557e-06
3.13557e-06
3.13558e-06
3.13559e-06
3.13559e-06
3.1356e-06
3.1356e-06
3.13561e-06
3.13561e-06
3.13562e-06
3.13562e-06
3.13563e-06
3.13564e-06
3.13564e-06
3.13565e-06
3.13381e-06
3.13391e-06
3.13391e-06
3.13398e-06
3.13406e-06
3.13415e-06
3.13426e-06
3.13437e-06
3.13448e-06
3.13459e-06
3.1347e-06
3.1348e-06
3.13489e-06
3.13498e-06
3.13506e-06
3.13514e-06
3.13521e-06
3.13527e-06
3.13534e-06
3.13539e-06
3.13545e-06
3.1355e-06
3.13554e-06
3.13558e-06
3.13562e-06
3.13566e-06
3.13569e-06
3.13572e-06
3.13575e-06
3.13578e-06
3.1358e-06
3.13582e-06
3.13585e-06
3.13586e-06
3.13588e-06
3.1359e-06
3.13591e-06
3.13592e-06
3.13594e-06
3.13595e-06
3.13596e-06
3.13597e-06
3.13597e-06
3.13598e-06
3.13599e-06
3.13599e-06
3.136e-06
3.136e-06
3.13601e-06
3.13601e-06
3.13602e-06
3.13602e-06
3.13603e-06
3.13603e-06
3.13604e-06
3.13604e-06
3.13604e-06
3.13605e-06
3.13605e-06
3.13606e-06
3.13606e-06
3.13606e-06
3.13606e-06
3.13607e-06
3.13607e-06
3.13607e-06
3.13607e-06
3.13607e-06
3.13607e-06
3.13607e-06
3.13607e-06
3.13607e-06
3.13606e-06
3.13606e-06
3.13606e-06
3.13605e-06
3.13604e-06
3.13367e-06
3.13376e-06
3.13378e-06
3.13386e-06
3.13395e-06
3.13405e-06
3.13417e-06
3.13428e-06
3.1344e-06
3.13452e-06
3.13464e-06
3.13474e-06
3.13485e-06
3.13494e-06
3.13504e-06
3.13512e-06
3.13521e-06
3.13528e-06
3.13536e-06
3.13543e-06
3.13549e-06
3.13555e-06
3.13561e-06
3.13567e-06
3.13572e-06
3.13577e-06
3.13581e-06
3.13586e-06
3.1359e-06
3.13594e-06
3.13598e-06
3.13601e-06
3.13605e-06
3.13608e-06
3.13611e-06
3.13614e-06
3.13617e-06
3.1362e-06
3.13622e-06
3.13625e-06
3.13627e-06
3.13629e-06
3.13632e-06
3.13634e-06
3.13636e-06
3.13638e-06
3.1364e-06
3.13642e-06
3.13643e-06
3.13645e-06
3.13647e-06
3.13649e-06
3.1365e-06
3.13652e-06
3.13653e-06
3.13655e-06
3.13656e-06
3.13658e-06
3.13659e-06
3.1366e-06
3.13661e-06
3.13663e-06
3.13664e-06
3.13665e-06
3.13666e-06
3.13666e-06
3.13667e-06
3.13668e-06
3.13669e-06
3.13669e-06
3.13669e-06
3.1367e-06
3.1367e-06
3.1367e-06
3.1367e-06
3.1367e-06
3.1367e-06
3.13349e-06
3.13357e-06
3.13362e-06
3.13371e-06
3.13381e-06
3.13392e-06
3.13404e-06
3.13416e-06
3.13429e-06
3.13441e-06
3.13453e-06
3.13465e-06
3.13476e-06
3.13487e-06
3.13497e-06
3.13507e-06
3.13516e-06
3.13525e-06
3.13533e-06
3.13541e-06
3.13549e-06
3.13556e-06
3.13563e-06
3.1357e-06
3.13577e-06
3.13583e-06
3.13589e-06
3.13594e-06
3.136e-06
3.13605e-06
3.1361e-06
3.13615e-06
3.13619e-06
3.13624e-06
3.13628e-06
3.13633e-06
3.13637e-06
3.13641e-06
3.13645e-06
3.13649e-06
3.13652e-06
3.13656e-06
3.13659e-06
3.13663e-06
3.13666e-06
3.13669e-06
3.13672e-06
3.13675e-06
3.13678e-06
3.13681e-06
3.13684e-06
3.13687e-06
3.1369e-06
3.13692e-06
3.13695e-06
3.13697e-06
3.137e-06
3.13702e-06
3.13705e-06
3.13707e-06
3.13709e-06
3.13711e-06
3.13713e-06
3.13715e-06
3.13717e-06
3.13719e-06
3.1372e-06
3.13722e-06
3.13724e-06
3.13725e-06
3.13726e-06
3.13728e-06
3.13729e-06
3.1373e-06
3.13731e-06
3.13731e-06
3.13732e-06
3.13327e-06
3.13336e-06
3.13342e-06
3.13352e-06
3.13362e-06
3.13374e-06
3.13387e-06
3.134e-06
3.13413e-06
3.13426e-06
3.13439e-06
3.13451e-06
3.13463e-06
3.13474e-06
3.13485e-06
3.13496e-06
3.13506e-06
3.13516e-06
3.13526e-06
3.13535e-06
3.13543e-06
3.13552e-06
3.1356e-06
3.13568e-06
3.13575e-06
3.13583e-06
3.1359e-06
3.13596e-06
3.13603e-06
3.13609e-06
3.13615e-06
3.13621e-06
3.13627e-06
3.13633e-06
3.13638e-06
3.13644e-06
3.13649e-06
3.13654e-06
3.13659e-06
3.13664e-06
3.13669e-06
3.13673e-06
3.13678e-06
3.13682e-06
3.13687e-06
3.13691e-06
3.13695e-06
3.13699e-06
3.13703e-06
3.13707e-06
3.13711e-06
3.13715e-06
3.13718e-06
3.13722e-06
3.13726e-06
3.13729e-06
3.13732e-06
3.13736e-06
3.13739e-06
3.13742e-06
3.13745e-06
3.13748e-06
3.13751e-06
3.13754e-06
3.13757e-06
3.13759e-06
3.13762e-06
3.13765e-06
3.13767e-06
3.1377e-06
3.13772e-06
3.13774e-06
3.13776e-06
3.13778e-06
3.1378e-06
3.13782e-06
3.13784e-06
3.13302e-06
3.1331e-06
3.13318e-06
3.13328e-06
3.1334e-06
3.13352e-06
3.13365e-06
3.13379e-06
3.13392e-06
3.13406e-06
3.13419e-06
3.13432e-06
3.13445e-06
3.13457e-06
3.13469e-06
3.1348e-06
3.13491e-06
3.13502e-06
3.13512e-06
3.13522e-06
3.13532e-06
3.13541e-06
3.1355e-06
3.13559e-06
3.13567e-06
3.13575e-06
3.13583e-06
3.13591e-06
3.13598e-06
3.13606e-06
3.13613e-06
3.1362e-06
3.13627e-06
3.13633e-06
3.1364e-06
3.13646e-06
3.13652e-06
3.13658e-06
3.13664e-06
3.1367e-06
3.13675e-06
3.13681e-06
3.13686e-06
3.13692e-06
3.13697e-06
3.13702e-06
3.13707e-06
3.13712e-06
3.13717e-06
3.13722e-06
3.13726e-06
3.13731e-06
3.13736e-06
3.1374e-06
3.13744e-06
3.13749e-06
3.13753e-06
3.13757e-06
3.13761e-06
3.13765e-06
3.13769e-06
3.13773e-06
3.13777e-06
3.1378e-06
3.13784e-06
3.13788e-06
3.13791e-06
3.13795e-06
3.13798e-06
3.13801e-06
3.13805e-06
3.13808e-06
3.13811e-06
3.13814e-06
3.13817e-06
3.1382e-06
3.13822e-06
3.13271e-06
3.1328e-06
3.13289e-06
3.133e-06
3.13312e-06
3.13325e-06
3.13339e-06
3.13353e-06
3.13367e-06
3.13381e-06
3.13394e-06
3.13408e-06
3.13421e-06
3.13433e-06
3.13446e-06
3.13458e-06
3.13469e-06
3.13481e-06
3.13492e-06
3.13502e-06
3.13513e-06
3.13523e-06
3.13532e-06
3.13542e-06
3.13551e-06
3.1356e-06
3.13569e-06
3.13577e-06
3.13585e-06
3.13593e-06
3.13601e-06
3.13609e-06
3.13616e-06
3.13624e-06
3.13631e-06
3.13638e-06
3.13645e-06
3.13652e-06
3.13658e-06
3.13665e-06
3.13671e-06
3.13678e-06
3.13684e-06
3.1369e-06
3.13696e-06
3.13702e-06
3.13707e-06
3.13713e-06
3.13719e-06
3.13724e-06
3.1373e-06
3.13735e-06
3.1374e-06
3.13746e-06
3.13751e-06
3.13756e-06
3.13761e-06
3.13766e-06
3.13771e-06
3.13775e-06
3.1378e-06
3.13785e-06
3.13789e-06
3.13794e-06
3.13799e-06
3.13803e-06
3.13807e-06
3.13812e-06
3.13816e-06
3.1382e-06
3.13825e-06
3.13829e-06
3.13833e-06
3.13837e-06
3.13841e-06
3.13845e-06
3.13848e-06
3.13236e-06
3.13246e-06
3.13256e-06
3.13267e-06
3.1328e-06
3.13293e-06
3.13307e-06
3.13321e-06
3.13336e-06
3.1335e-06
3.13364e-06
3.13377e-06
3.1339e-06
3.13403e-06
3.13416e-06
3.13428e-06
3.1344e-06
3.13452e-06
3.13463e-06
3.13474e-06
3.13485e-06
3.13496e-06
3.13506e-06
3.13516e-06
3.13526e-06
3.13535e-06
3.13544e-06
3.13553e-06
3.13562e-06
3.13571e-06
3.13579e-06
3.13588e-06
3.13596e-06
3.13604e-06
3.13612e-06
3.13619e-06
3.13627e-06
3.13634e-06
3.13641e-06
3.13648e-06
3.13655e-06
3.13662e-06
3.13669e-06
3.13676e-06
3.13682e-06
3.13689e-06
3.13695e-06
3.13702e-06
3.13708e-06
3.13714e-06
3.1372e-06
3.13727e-06
3.13733e-06
3.13739e-06
3.13745e-06
3.1375e-06
3.13756e-06
3.13762e-06
3.13768e-06
3.13773e-06
3.13779e-06
3.13784e-06
3.1379e-06
3.13795e-06
3.13801e-06
3.13806e-06
3.13811e-06
3.13817e-06
3.13822e-06
3.13827e-06
3.13832e-06
3.13837e-06
3.13843e-06
3.13848e-06
3.13853e-06
3.13858e-06
3.13863e-06
3.13195e-06
3.13206e-06
3.13217e-06
3.13229e-06
3.13242e-06
3.13255e-06
3.13269e-06
3.13284e-06
3.13298e-06
3.13312e-06
3.13326e-06
3.1334e-06
3.13353e-06
3.13366e-06
3.13378e-06
3.13391e-06
3.13403e-06
3.13415e-06
3.13426e-06
3.13438e-06
3.13449e-06
3.13459e-06
3.1347e-06
3.1348e-06
3.1349e-06
3.135e-06
3.1351e-06
3.13519e-06
3.13528e-06
3.13537e-06
3.13546e-06
3.13555e-06
3.13563e-06
3.13572e-06
3.1358e-06
3.13588e-06
3.13596e-06
3.13604e-06
3.13612e-06
3.13619e-06
3.13627e-06
3.13634e-06
3.13642e-06
3.13649e-06
3.13656e-06
3.13663e-06
3.1367e-06
3.13677e-06
3.13684e-06
3.13691e-06
3.13698e-06
3.13705e-06
3.13712e-06
3.13719e-06
3.13725e-06
3.13732e-06
3.13739e-06
3.13745e-06
3.13752e-06
3.13758e-06
3.13765e-06
3.13771e-06
3.13778e-06
3.13784e-06
3.13791e-06
3.13797e-06
3.13803e-06
3.1381e-06
3.13816e-06
3.13822e-06
3.13828e-06
3.13835e-06
3.13841e-06
3.13847e-06
3.13853e-06
3.13859e-06
3.13865e-06
3.13149e-06
3.1316e-06
3.13171e-06
3.13184e-06
3.13197e-06
3.13211e-06
3.13225e-06
3.13239e-06
3.13253e-06
3.13267e-06
3.13281e-06
3.13294e-06
3.13307e-06
3.1332e-06
3.13332e-06
3.13344e-06
3.13356e-06
3.13368e-06
3.13379e-06
3.13391e-06
3.13402e-06
3.13412e-06
3.13423e-06
3.13433e-06
3.13443e-06
3.13453e-06
3.13463e-06
3.13472e-06
3.13482e-06
3.13491e-06
3.135e-06
3.13509e-06
3.13518e-06
3.13526e-06
3.13535e-06
3.13543e-06
3.13552e-06
3.1356e-06
3.13568e-06
3.13576e-06
3.13584e-06
3.13592e-06
3.136e-06
3.13608e-06
3.13616e-06
3.13624e-06
3.13631e-06
3.13639e-06
3.13647e-06
3.13654e-06
3.13662e-06
3.13669e-06
3.13677e-06
3.13684e-06
3.13692e-06
3.137e-06
3.13707e-06
3.13715e-06
3.13722e-06
3.1373e-06
3.13737e-06
3.13745e-06
3.13752e-06
3.1376e-06
3.13767e-06
3.13775e-06
3.13782e-06
3.1379e-06
3.13797e-06
3.13804e-06
3.13812e-06
3.13819e-06
3.13827e-06
3.13834e-06
3.13842e-06
3.13849e-06
3.13856e-06
3.13095e-06
3.13107e-06
3.13119e-06
3.13132e-06
3.13145e-06
3.13159e-06
3.13173e-06
3.13187e-06
3.132e-06
3.13214e-06
3.13227e-06
3.1324e-06
3.13252e-06
3.13264e-06
3.13276e-06
3.13288e-06
3.13299e-06
3.1331e-06
3.13321e-06
3.13332e-06
3.13343e-06
3.13353e-06
3.13363e-06
3.13374e-06
3.13383e-06
3.13393e-06
3.13403e-06
3.13412e-06
3.13421e-06
3.13431e-06
3.1344e-06
3.13449e-06
3.13457e-06
3.13466e-06
3.13475e-06
3.13484e-06
3.13492e-06
3.13501e-06
3.13509e-06
3.13518e-06
3.13526e-06
3.13534e-06
3.13543e-06
3.13551e-06
3.13559e-06
3.13567e-06
3.13576e-06
3.13584e-06
3.13592e-06
3.13601e-06
3.13609e-06
3.13617e-06
3.13626e-06
3.13634e-06
3.13643e-06
3.13651e-06
3.13659e-06
3.13668e-06
3.13677e-06
3.13685e-06
3.13694e-06
3.13703e-06
3.13711e-06
3.1372e-06
3.13729e-06
3.13737e-06
3.13746e-06
3.13755e-06
3.13763e-06
3.13772e-06
3.13781e-06
3.1379e-06
3.13799e-06
3.13808e-06
3.13816e-06
3.13825e-06
3.13834e-06
3.13034e-06
3.13046e-06
3.13059e-06
3.13072e-06
3.13085e-06
3.13099e-06
3.13112e-06
3.13126e-06
3.13138e-06
3.13151e-06
3.13163e-06
3.13175e-06
3.13187e-06
3.13198e-06
3.13209e-06
3.1322e-06
3.1323e-06
3.13241e-06
3.13251e-06
3.13261e-06
3.13271e-06
3.13281e-06
3.1329e-06
3.133e-06
3.13309e-06
3.13318e-06
3.13328e-06
3.13337e-06
3.13346e-06
3.13354e-06
3.13363e-06
3.13372e-06
3.13381e-06
3.13389e-06
3.13398e-06
3.13407e-06
3.13415e-06
3.13424e-06
3.13432e-06
3.13441e-06
3.13449e-06
3.13458e-06
3.13467e-06
3.13475e-06
3.13484e-06
3.13493e-06
3.13502e-06
3.13511e-06
3.13519e-06
3.13528e-06
3.13537e-06
3.13546e-06
3.13556e-06
3.13565e-06
3.13574e-06
3.13584e-06
3.13593e-06
3.13603e-06
3.13612e-06
3.13622e-06
3.13632e-06
3.13642e-06
3.13652e-06
3.13662e-06
3.13672e-06
3.13682e-06
3.13692e-06
3.13702e-06
3.13712e-06
3.13723e-06
3.13733e-06
3.13743e-06
3.13754e-06
3.13764e-06
3.13775e-06
3.13785e-06
3.13796e-06
3.12965e-06
3.12977e-06
3.1299e-06
3.13003e-06
3.13016e-06
3.13029e-06
3.13042e-06
3.13054e-06
3.13066e-06
3.13077e-06
3.13088e-06
3.13099e-06
3.13109e-06
3.1312e-06
3.13129e-06
3.13139e-06
3.13148e-06
3.13158e-06
3.13167e-06
3.13176e-06
3.13185e-06
3.13193e-06
3.13202e-06
3.13211e-06
3.13219e-06
3.13228e-06
3.13236e-06
3.13244e-06
3.13252e-06
3.13261e-06
3.13269e-06
3.13277e-06
3.13285e-06
3.13294e-06
3.13302e-06
3.1331e-06
3.13319e-06
3.13327e-06
3.13335e-06
3.13344e-06
3.13353e-06
3.13361e-06
3.1337e-06
3.13379e-06
3.13388e-06
3.13397e-06
3.13406e-06
3.13415e-06
3.13425e-06
3.13434e-06
3.13444e-06
3.13453e-06
3.13463e-06
3.13473e-06
3.13483e-06
3.13494e-06
3.13504e-06
3.13514e-06
3.13525e-06
3.13536e-06
3.13547e-06
3.13558e-06
3.1357e-06
3.13581e-06
3.13592e-06
3.13604e-06
3.13616e-06
3.13627e-06
3.13639e-06
3.13651e-06
3.13663e-06
3.13675e-06
3.13687e-06
3.137e-06
3.13712e-06
3.13725e-06
3.13737e-06
3.12885e-06
3.12898e-06
3.12911e-06
3.12924e-06
3.12936e-06
3.12949e-06
3.1296e-06
3.12971e-06
3.12982e-06
3.12992e-06
3.13002e-06
3.13011e-06
3.13019e-06
3.13028e-06
3.13036e-06
3.13044e-06
3.13052e-06
3.1306e-06
3.13068e-06
3.13075e-06
3.13083e-06
3.1309e-06
3.13097e-06
3.13104e-06
3.13112e-06
3.13119e-06
3.13126e-06
3.13133e-06
3.1314e-06
3.13148e-06
3.13155e-06
3.13162e-06
3.1317e-06
3.13177e-06
3.13185e-06
3.13193e-06
3.132e-06
3.13208e-06
3.13216e-06
3.13224e-06
3.13233e-06
3.13241e-06
3.1325e-06
3.13258e-06
3.13267e-06
3.13276e-06
3.13285e-06
3.13295e-06
3.13304e-06
3.13314e-06
3.13324e-06
3.13334e-06
3.13345e-06
3.13355e-06
3.13366e-06
3.13377e-06
3.13388e-06
3.134e-06
3.13412e-06
3.13423e-06
3.13436e-06
3.13448e-06
3.13461e-06
3.13474e-06
3.13486e-06
3.135e-06
3.13513e-06
3.13526e-06
3.1354e-06
3.13553e-06
3.13567e-06
3.13581e-06
3.13595e-06
3.13609e-06
3.13624e-06
3.13638e-06
3.13653e-06
3.12795e-06
3.12808e-06
3.12821e-06
3.12833e-06
3.12845e-06
3.12856e-06
3.12866e-06
3.12876e-06
3.12885e-06
3.12893e-06
3.12901e-06
3.12908e-06
3.12915e-06
3.12922e-06
3.12928e-06
3.12934e-06
3.1294e-06
3.12946e-06
3.12952e-06
3.12957e-06
3.12963e-06
3.12969e-06
3.12974e-06
3.1298e-06
3.12985e-06
3.12991e-06
3.12996e-06
3.13002e-06
3.13008e-06
3.13014e-06
3.1302e-06
3.13026e-06
3.13032e-06
3.13038e-06
3.13045e-06
3.13051e-06
3.13058e-06
3.13065e-06
3.13072e-06
3.1308e-06
3.13087e-06
3.13095e-06
3.13103e-06
3.13111e-06
3.13119e-06
3.13128e-06
3.13137e-06
3.13146e-06
3.13156e-06
3.13165e-06
3.13175e-06
3.13186e-06
3.13196e-06
3.13207e-06
3.13218e-06
3.1323e-06
3.13241e-06
3.13253e-06
3.13266e-06
3.13278e-06
3.13292e-06
3.13305e-06
3.13319e-06
3.13333e-06
3.13347e-06
3.13361e-06
3.13376e-06
3.13391e-06
3.13406e-06
3.13422e-06
3.13437e-06
3.13453e-06
3.13469e-06
3.13485e-06
3.13502e-06
3.13519e-06
3.13536e-06
3.12693e-06
3.12705e-06
3.12717e-06
3.12729e-06
3.1274e-06
3.12749e-06
3.12758e-06
3.12766e-06
3.12773e-06
3.12779e-06
3.12785e-06
3.1279e-06
3.12795e-06
3.128e-06
3.12804e-06
3.12808e-06
3.12811e-06
3.12815e-06
3.12818e-06
3.12822e-06
3.12825e-06
3.12829e-06
3.12832e-06
3.12835e-06
3.12839e-06
3.12842e-06
3.12846e-06
3.1285e-06
3.12854e-06
3.12858e-06
3.12862e-06
3.12866e-06
3.12871e-06
3.12875e-06
3.1288e-06
3.12885e-06
3.1289e-06
3.12896e-06
3.12902e-06
3.12908e-06
3.12914e-06
3.12921e-06
3.12927e-06
3.12935e-06
3.12942e-06
3.1295e-06
3.12958e-06
3.12966e-06
3.12975e-06
3.12984e-06
3.12994e-06
3.13004e-06
3.13014e-06
3.13024e-06
3.13036e-06
3.13047e-06
3.13059e-06
3.13071e-06
3.13084e-06
3.13098e-06
3.13111e-06
3.13126e-06
3.1314e-06
3.13156e-06
3.13171e-06
3.13187e-06
3.13203e-06
3.13219e-06
3.13236e-06
3.13253e-06
3.1327e-06
3.13288e-06
3.13306e-06
3.13324e-06
3.13343e-06
3.13362e-06
3.13381e-06
3.12588e-06
3.12599e-06
3.1261e-06
3.12619e-06
3.12627e-06
3.12634e-06
3.1264e-06
3.12645e-06
3.12649e-06
3.12653e-06
3.12656e-06
3.12658e-06
3.1266e-06
3.12662e-06
3.12663e-06
3.12664e-06
3.12665e-06
3.12666e-06
3.12667e-06
3.12668e-06
3.12669e-06
3.1267e-06
3.12671e-06
3.12672e-06
3.12673e-06
3.12675e-06
3.12676e-06
3.12677e-06
3.12679e-06
3.12681e-06
3.12683e-06
3.12685e-06
3.12688e-06
3.1269e-06
3.12693e-06
3.12696e-06
3.127e-06
3.12704e-06
3.12707e-06
3.12712e-06
3.12716e-06
3.12721e-06
3.12727e-06
3.12732e-06
3.12738e-06
3.12745e-06
3.12752e-06
3.12759e-06
3.12767e-06
3.12775e-06
3.12783e-06
3.12793e-06
3.12802e-06
3.12812e-06
3.12823e-06
3.12834e-06
3.12846e-06
3.12858e-06
3.12871e-06
3.12885e-06
3.12899e-06
3.12914e-06
3.12929e-06
3.12945e-06
3.12961e-06
3.12978e-06
3.12995e-06
3.13013e-06
3.13031e-06
3.1305e-06
3.13069e-06
3.13089e-06
3.13109e-06
3.1313e-06
3.13151e-06
3.13173e-06
3.12455e-06
3.12465e-06
3.12474e-06
3.12481e-06
3.12487e-06
3.12492e-06
3.12496e-06
3.12499e-06
3.12501e-06
3.12502e-06
3.12503e-06
3.12503e-06
3.12502e-06
3.12501e-06
3.125e-06
3.12499e-06
3.12497e-06
3.12496e-06
3.12494e-06
3.12492e-06
3.12491e-06
3.12489e-06
3.12487e-06
3.12486e-06
3.12484e-06
3.12483e-06
3.12481e-06
3.1248e-06
3.12479e-06
3.12478e-06
3.12477e-06
3.12477e-06
3.12476e-06
3.12476e-06
3.12476e-06
3.12476e-06
3.12477e-06
3.12478e-06
3.12479e-06
3.1248e-06
3.12482e-06
3.12484e-06
3.12486e-06
3.12489e-06
3.12492e-06
3.12496e-06
3.125e-06
3.12505e-06
3.1251e-06
3.12515e-06
3.12521e-06
3.12528e-06
3.12536e-06
3.12544e-06
3.12552e-06
3.12562e-06
3.12572e-06
3.12583e-06
3.12594e-06
3.12607e-06
3.1262e-06
3.12634e-06
3.1265e-06
3.12666e-06
3.12682e-06
3.12699e-06
3.12717e-06
3.12735e-06
3.12754e-06
3.12774e-06
3.12794e-06
3.12814e-06
3.12836e-06
3.12858e-06
3.1288e-06
3.12904e-06
3.12302e-06
3.12311e-06
3.12318e-06
3.12324e-06
3.12328e-06
3.12331e-06
3.12333e-06
3.12333e-06
3.12333e-06
3.12332e-06
3.1233e-06
3.12328e-06
3.12325e-06
3.12322e-06
3.12319e-06
3.12315e-06
3.12311e-06
3.12307e-06
3.12303e-06
3.12298e-06
3.12294e-06
3.1229e-06
3.12286e-06
3.12281e-06
3.12277e-06
3.12273e-06
3.12269e-06
3.12264e-06
3.1226e-06
3.12256e-06
3.12252e-06
3.12248e-06
3.12244e-06
3.1224e-06
3.12236e-06
3.12233e-06
3.12229e-06
3.12226e-06
3.12223e-06
3.1222e-06
3.12218e-06
3.12215e-06
3.12213e-06
3.12211e-06
3.1221e-06
3.12209e-06
3.12208e-06
3.12208e-06
3.12209e-06
3.1221e-06
3.12212e-06
3.12214e-06
3.12217e-06
3.1222e-06
3.12224e-06
3.12229e-06
3.12234e-06
3.12241e-06
3.12247e-06
3.12255e-06
3.12263e-06
3.12273e-06
3.12283e-06
3.12294e-06
3.12306e-06
3.12319e-06
3.12333e-06
3.12349e-06
3.12365e-06
3.12382e-06
3.12401e-06
3.1242e-06
3.12441e-06
3.12463e-06
3.12486e-06
3.1251e-06
3.12129e-06
3.12135e-06
3.12141e-06
3.12144e-06
3.12146e-06
3.12147e-06
3.12147e-06
3.12146e-06
3.12144e-06
3.12142e-06
3.12138e-06
3.12134e-06
3.1213e-06
3.12125e-06
3.12119e-06
3.12114e-06
3.12108e-06
3.12102e-06
3.12096e-06
3.1209e-06
3.12083e-06
3.12077e-06
3.1207e-06
3.12064e-06
3.12057e-06
3.1205e-06
3.12043e-06
3.12035e-06
3.12028e-06
3.1202e-06
3.12013e-06
3.12005e-06
3.11997e-06
3.11988e-06
3.1198e-06
3.11972e-06
3.11964e-06
3.11956e-06
3.11948e-06
3.1194e-06
3.11933e-06
3.11925e-06
3.11918e-06
3.11912e-06
3.11906e-06
3.11901e-06
3.11897e-06
3.11894e-06
3.11892e-06
3.1189e-06
3.11889e-06
3.11889e-06
3.11889e-06
3.1189e-06
3.11891e-06
3.11893e-06
3.11895e-06
3.11898e-06
3.11901e-06
3.11904e-06
3.11908e-06
3.11912e-06
3.11916e-06
3.11921e-06
3.11927e-06
3.11933e-06
3.11941e-06
3.11951e-06
3.11963e-06
3.11977e-06
3.11992e-06
3.12008e-06
3.12025e-06
3.12044e-06
3.12062e-06
3.12081e-06
3.11931e-06
3.11935e-06
3.11938e-06
3.1194e-06
3.11941e-06
3.1194e-06
3.11939e-06
3.11937e-06
3.11934e-06
3.1193e-06
3.11926e-06
3.11921e-06
3.11916e-06
3.1191e-06
3.11905e-06
3.11898e-06
3.11892e-06
3.11885e-06
3.11879e-06
3.11872e-06
3.11864e-06
3.11857e-06
3.11849e-06
3.11841e-06
3.11832e-06
3.11823e-06
3.11814e-06
3.11804e-06
3.11794e-06
3.11784e-06
3.11773e-06
3.11761e-06
3.11749e-06
3.11737e-06
3.11726e-06
3.11715e-06
3.11705e-06
3.11695e-06
3.11686e-06
3.11676e-06
3.11667e-06
3.11661e-06
3.11657e-06
3.11657e-06
3.11658e-06
3.11663e-06
3.11669e-06
3.11677e-06
3.11687e-06
3.11699e-06
3.11712e-06
3.11727e-06
3.11743e-06
3.1176e-06
3.11777e-06
3.11796e-06
3.11816e-06
3.11834e-06
3.11851e-06
3.11865e-06
3.11875e-06
3.11882e-06
3.11886e-06
3.11888e-06
3.11891e-06
3.11895e-06
3.11898e-06
3.11902e-06
3.11904e-06
3.11907e-06
3.11908e-06
3.11912e-06
3.11917e-06
3.11926e-06
3.11936e-06
3.1195e-06
3.11705e-06
3.11707e-06
3.11708e-06
3.11709e-06
3.11709e-06
3.11708e-06
3.11706e-06
3.11704e-06
3.11702e-06
3.11699e-06
3.11695e-06
3.11692e-06
3.11688e-06
3.11683e-06
3.11679e-06
3.11674e-06
3.11669e-06
3.11664e-06
3.11659e-06
3.11653e-06
3.11647e-06
3.11641e-06
3.11634e-06
3.11627e-06
3.11619e-06
3.11611e-06
3.11603e-06
3.11594e-06
3.11584e-06
3.11574e-06
3.11562e-06
3.11548e-06
3.11538e-06
3.11531e-06
3.1153e-06
3.11533e-06
3.11538e-06
3.11542e-06
3.11548e-06
3.11553e-06
3.11558e-06
3.11567e-06
3.11578e-06
3.11592e-06
3.11608e-06
3.11626e-06
3.11645e-06
3.11665e-06
3.11687e-06
3.11709e-06
3.11733e-06
3.11758e-06
3.11783e-06
3.1181e-06
3.11838e-06
3.11868e-06
3.11898e-06
3.11931e-06
3.11964e-06
3.12e-06
3.12037e-06
3.12078e-06
3.12115e-06
3.1218e-06
3.12247e-06
3.12317e-06
3.12386e-06
3.12454e-06
3.1252e-06
3.1258e-06
3.12636e-06
3.12686e-06
3.12731e-06
3.1277e-06
3.12805e-06
3.12835e-06
)
;

boundaryField
{
    walls
    {
        type            fixedValue;
        value           uniform 0;
    }
    frontAndBack
    {
        type            empty;
    }
    farfield
    {
        type            calculated;
        value           nonuniform List<scalar> 
76
(
3.11449e-06
3.11449e-06
3.11449e-06
3.11449e-06
3.11449e-06
3.11449e-06
3.11449e-06
3.11449e-06
3.11449e-06
3.11449e-06
3.11449e-06
3.11449e-06
3.11449e-06
3.11449e-06
3.11449e-06
3.11449e-06
3.11449e-06
3.11449e-06
3.11449e-06
3.11449e-06
3.11449e-06
3.11449e-06
3.11449e-06
3.11449e-06
3.11449e-06
3.11449e-06
3.11449e-06
3.11449e-06
3.11449e-06
3.11449e-06
3.11449e-06
3.11449e-06
3.11449e-06
3.11449e-06
3.11449e-06
3.11449e-06
3.11449e-06
3.11449e-06
3.11449e-06
3.11449e-06
3.11449e-06
3.11449e-06
3.11449e-06
3.11449e-06
3.11449e-06
3.11449e-06
3.11449e-06
3.11449e-06
3.11449e-06
3.11449e-06
3.11449e-06
3.11449e-06
3.11449e-06
3.11449e-06
3.11449e-06
3.11449e-06
3.11449e-06
3.11449e-06
3.11449e-06
3.11449e-06
3.11449e-06
3.11449e-06
3.11449e-06
3.11449e-06
3.12247e-06
3.12317e-06
3.12386e-06
3.12454e-06
3.1252e-06
3.1258e-06
3.12636e-06
3.12686e-06
3.12731e-06
3.1277e-06
3.12805e-06
3.12835e-06
)
;
    }
    procBoundary0to1
    {
        type            processor;
        value           nonuniform List<scalar> 
101
(
3.8423e-12
3.68717e-10
3.60529e-09
1.77514e-08
6.24488e-08
1.79714e-07
4.51856e-07
1.02897e-06
2.16622e-06
4.26192e-06
7.86374e-06
1.35885e-05
2.19575e-05
3.41656e-05
3.41656e-05
4.87498e-05
6.60673e-05
8.57531e-05
0.000107462
0.000130984
0.000156303
0.000183605
0.00021328
0.000245918
0.000282312
0.000323488
0.000370749
0.000436268
0.000436268
0.000502531
0.000581045
0.000674702
0.000786605
0.00092014
0.00107882
0.00126604
0.00148465
0.00173624
0.00202027
0.00233372
0.00267156
0.00302778
0.00339606
0.00376962
0.00414038
0.00449789
0.0048284
0.00511371
0.00533006
0.00544663
0.00542401
0.0052127
0.0047531
0.00398083
0.00285601
0.00154251
0.000587177
0.000165514
2.32884e-05
5.60128e-06
3.63808e-06
3.30332e-06
3.22859e-06
3.20235e-06
3.18761e-06
3.17753e-06
3.17012e-06
3.16429e-06
3.15938e-06
3.15509e-06
3.15133e-06
3.14807e-06
3.14527e-06
3.14288e-06
3.14088e-06
3.13922e-06
3.13788e-06
3.13682e-06
3.13603e-06
3.13567e-06
3.13604e-06
3.13669e-06
3.13733e-06
3.13785e-06
3.13825e-06
3.13852e-06
3.13867e-06
3.13871e-06
3.13864e-06
3.13843e-06
3.13807e-06
3.1375e-06
3.13668e-06
3.13553e-06
3.13401e-06
3.13195e-06
3.12928e-06
3.12536e-06
3.12101e-06
3.11965e-06
3.12861e-06
)
;
    }
    procBoundary0to2
    {
        type            processor;
        value           nonuniform List<scalar> 
113
(
3.21179e-10
2.54344e-08
1.85614e-07
6.32679e-07
1.44503e-06
2.54658e-06
3.70976e-06
4.63473e-06
5.0574e-06
1.29e-05
1.29e-05
2.45296e-05
2.45296e-05
5.59674e-05
5.59674e-05
5.38243e-05
4.73621e-05
3.70488e-05
2.47693e-05
1.35665e-05
6.02688e-06
2.99251e-06
1.98389e-06
1.782e-06
1.88838e-06
2.09714e-06
2.33473e-06
2.62647e-06
2.86629e-06
2.9226e-06
2.9013e-06
2.95443e-06
3.05471e-06
3.05471e-06
3.13116e-06
3.16739e-06
3.19572e-06
3.21451e-06
3.22436e-06
3.22748e-06
3.22518e-06
3.21912e-06
3.21195e-06
3.20638e-06
3.20467e-06
3.20118e-06
3.16096e-06
3.15694e-06
3.15881e-06
3.16392e-06
3.17183e-06
3.18372e-06
3.18372e-06
3.1707e-06
3.16512e-06
3.15987e-06
3.15499e-06
3.15061e-06
3.14701e-06
3.14517e-06
3.14517e-06
3.1514e-06
3.1475e-06
3.14548e-06
3.14548e-06
3.16134e-06
3.15769e-06
3.15501e-06
3.15272e-06
3.15069e-06
3.14877e-06
3.14695e-06
3.1452e-06
3.14352e-06
3.14192e-06
3.1404e-06
3.13901e-06
3.13777e-06
3.1367e-06
3.13581e-06
3.13512e-06
3.13466e-06
3.13466e-06
3.13437e-06
3.13421e-06
3.13411e-06
3.13405e-06
3.13402e-06
3.13405e-06
3.13403e-06
3.13396e-06
3.13386e-06
3.13371e-06
3.13352e-06
3.1333e-06
3.13302e-06
3.1327e-06
3.13233e-06
3.1319e-06
3.13142e-06
3.13086e-06
3.13024e-06
3.12953e-06
3.12873e-06
3.12783e-06
3.1268e-06
3.12577e-06
3.12577e-06
3.12444e-06
3.12293e-06
3.12121e-06
3.11925e-06
3.11702e-06
)
;
    }
}


// ************************************************************************* //
