/*--------------------------------*- C++ -*----------------------------------*\
| =========                 |                                                 |
| \\      /  F ield         | OpenFOAM: The Open Source CFD Toolbox           |
|  \\    /   O peration     | Version:  2412                                  |
|   \\  /    A nd           | Website:  www.openfoam.com                      |
|    \\/     M anipulation  |                                                 |
\*---------------------------------------------------------------------------*/
FoamFile
{
    version     2.0;
    format      ascii;
    arch        "LSB;label=32;scalar=64";
    note        "nPoints:15194  nCells:7421  nFaces:29859  nInternalFaces:14667";
    class       labelList;
    location    "constant/polyMesh";
    object      neighbour;
}
// * * * * * * * * * * * * * * * * * * * * * * * * * * * * * * * * * * * * * //


14667
(
1
74
2
75
3
76
4
77
5
78
6
79
7
80
8
81
9
82
10
83
11
84
12
85
13
86
14
87
15
88
16
89
17
90
18
91
19
92
20
93
21
94
22
95
23
96
24
97
25
98
26
99
27
100
28
101
29
102
30
103
31
104
32
105
33
106
34
107
35
108
36
109
37
110
38
111
39
112
40
113
41
114
42
115
43
116
44
117
45
118
46
119
47
120
48
121
49
122
50
123
51
124
52
125
53
126
54
127
55
128
56
129
57
130
58
131
59
132
60
133
61
134
62
135
63
136
64
137
65
138
66
139
67
140
68
141
69
142
70
143
71
144
72
145
73
146
147
75
148
76
149
77
150
78
151
79
152
80
153
81
154
82
155
83
156
84
157
85
158
86
159
87
160
88
161
89
162
90
163
91
164
92
165
93
166
94
167
95
168
96
169
97
170
98
171
99
172
100
173
101
174
102
175
103
176
104
177
105
178
106
179
107
180
108
181
109
182
110
183
111
184
112
185
113
186
114
187
115
188
116
189
117
190
118
191
119
192
120
193
121
194
122
195
123
196
124
197
125
198
126
199
127
200
128
201
129
202
130
203
131
204
132
205
133
206
134
207
135
208
136
209
137
210
138
211
139
212
140
213
141
214
142
215
143
216
144
217
145
218
146
219
147
220
221
149
222
150
223
151
224
152
225
153
226
154
227
155
228
156
229
157
230
158
231
159
232
160
233
161
234
162
235
163
236
164
237
165
238
166
239
167
240
168
241
169
242
170
243
171
244
172
245
173
246
174
247
175
248
176
249
177
250
178
251
179
252
180
253
181
254
182
255
183
256
184
257
185
258
186
259
187
260
188
261
189
262
190
263
191
264
192
265
193
266
194
267
195
268
196
269
197
270
198
271
199
272
200
273
201
274
202
275
203
276
204
277
205
278
206
279
207
280
208
281
209
282
210
283
211
284
212
285
213
286
214
287
215
288
216
289
217
290
218
291
219
292
220
293
221
294
295
223
296
224
297
225
298
226
299
227
300
228
301
229
302
230
303
231
304
232
305
233
306
234
307
235
308
236
309
237
310
238
311
239
312
240
313
241
314
242
315
243
316
244
317
245
318
246
319
247
320
248
321
249
322
250
323
251
324
252
325
253
326
254
327
255
328
256
329
257
330
258
331
259
332
260
333
261
334
262
335
263
336
264
337
265
338
266
339
267
340
268
341
269
342
270
343
271
344
272
345
273
346
274
347
275
348
276
349
277
350
278
351
279
352
280
353
281
354
282
355
283
356
284
357
285
358
286
359
287
360
288
361
289
362
290
363
291
364
292
365
293
366
294
367
295
368
369
297
370
298
371
299
372
300
373
301
374
302
375
303
376
304
377
305
378
306
379
307
380
308
381
309
382
310
383
311
384
312
385
313
386
314
387
315
388
316
389
317
390
318
391
319
392
320
393
321
394
322
395
323
396
324
397
325
398
326
399
327
400
328
401
329
402
330
403
331
404
332
405
333
406
334
407
335
408
336
409
337
410
338
411
339
412
340
413
341
414
342
415
343
416
344
417
345
418
346
419
347
420
348
421
349
422
350
423
351
424
352
425
353
426
354
427
355
428
356
429
357
430
358
431
359
432
360
433
361
434
362
435
363
436
364
437
365
438
366
439
367
440
368
441
369
442
443
371
445
372
446
373
447
374
448
375
449
376
450
377
451
378
452
379
453
380
454
381
455
382
456
383
457
384
458
385
459
386
460
387
461
388
462
389
463
390
464
391
465
392
466
393
467
394
468
395
469
396
470
397
471
398
472
399
473
400
474
401
475
402
476
403
477
404
478
405
479
406
480
407
481
408
482
409
483
410
484
411
485
412
486
413
487
414
488
415
489
416
490
417
491
418
492
419
493
420
494
421
495
422
496
423
497
424
498
425
499
426
500
427
501
428
502
429
503
430
504
431
505
432
506
433
507
434
508
435
509
436
510
437
511
438
512
439
513
440
514
441
515
442
516
443
517
518
445
519
446
520
447
521
448
522
449
523
450
524
451
525
452
526
453
527
454
528
455
529
456
530
457
531
458
532
459
533
460
534
461
535
462
536
463
537
464
538
465
539
466
540
467
541
468
542
469
543
470
544
471
545
472
546
473
547
474
548
475
549
476
550
477
551
478
552
479
553
480
554
481
555
482
556
483
557
484
558
485
559
486
560
487
561
488
562
489
563
490
564
491
565
492
566
493
567
494
568
495
569
496
570
497
571
498
572
499
573
500
574
501
575
502
576
503
577
504
578
505
579
506
580
507
581
508
582
509
583
510
584
511
585
512
586
513
587
514
588
515
589
516
590
517
591
518
592
593
520
594
521
595
522
596
523
597
524
598
525
599
526
600
527
601
528
602
529
603
530
604
531
605
532
606
533
607
534
608
535
609
536
610
537
611
538
612
539
613
540
614
541
615
542
616
543
617
544
618
545
619
546
620
547
621
548
622
549
623
550
624
551
625
552
626
553
627
554
628
555
629
556
630
557
631
558
632
559
633
560
634
561
635
562
636
563
637
564
638
565
639
566
640
567
641
568
642
569
643
570
644
571
645
572
646
573
647
574
648
575
649
576
650
577
651
578
652
579
653
580
654
581
655
582
656
583
657
584
658
585
659
586
660
587
661
588
662
589
663
590
664
591
665
592
666
593
667
668
595
669
596
670
597
671
598
672
599
673
600
674
601
675
602
676
603
677
604
678
605
679
606
680
607
681
608
682
609
683
610
684
611
685
612
686
613
687
614
688
615
689
616
690
617
691
618
692
619
693
620
694
621
695
622
696
623
697
624
698
625
699
626
700
627
701
628
702
629
703
630
704
631
705
632
706
633
707
634
708
635
709
636
710
637
711
638
712
639
713
640
714
641
715
642
716
643
717
644
718
645
719
646
720
647
721
648
722
649
723
650
724
651
725
652
726
653
727
654
728
655
729
656
730
657
731
658
732
659
733
660
734
661
735
662
736
663
737
664
738
665
739
666
740
667
741
668
742
743
670
744
671
745
672
746
673
747
674
748
675
749
676
750
677
751
678
752
679
753
680
754
681
755
682
756
683
757
684
758
685
759
686
760
687
761
688
762
689
763
690
764
691
765
692
766
693
767
694
768
695
769
696
770
697
771
698
772
699
773
700
774
701
775
702
776
703
777
704
778
705
779
706
780
707
781
708
782
709
783
710
784
711
785
712
786
713
787
714
788
715
789
716
790
717
791
718
792
719
793
720
794
721
795
722
796
723
797
724
798
725
799
726
800
727
801
728
802
729
803
730
804
731
805
732
806
733
807
734
808
735
809
736
810
737
811
738
812
739
813
740
814
741
815
742
816
743
817
818
745
819
746
820
747
821
748
822
749
823
750
824
751
825
752
826
753
827
754
828
755
829
756
830
757
831
758
832
759
833
760
834
761
835
762
836
763
837
764
838
765
839
766
840
767
841
768
842
769
843
770
844
771
845
772
846
773
847
774
848
775
849
776
850
777
851
778
852
779
853
780
854
781
855
782
856
783
857
784
858
785
859
786
860
787
861
788
862
789
863
790
864
791
865
792
866
793
867
794
868
795
869
796
870
797
871
798
872
799
873
800
874
801
875
802
876
803
877
804
878
805
879
806
880
807
881
808
882
809
883
810
884
811
885
812
886
813
887
814
888
815
889
816
890
817
891
818
892
893
820
894
821
895
822
896
823
897
824
898
825
899
826
900
827
901
828
902
829
903
830
904
831
905
832
906
833
907
834
908
835
909
836
910
837
911
838
912
839
913
840
914
841
915
842
916
843
917
844
918
845
919
846
920
847
921
848
922
849
923
850
924
851
925
852
926
853
927
854
928
855
929
856
930
857
931
858
932
859
933
860
934
861
935
862
936
863
937
864
938
865
939
866
940
867
941
868
942
869
943
870
944
871
945
872
946
873
947
874
948
875
949
876
950
877
951
878
952
879
953
880
954
881
955
882
956
883
957
884
958
885
959
886
960
887
961
888
962
889
963
890
964
891
965
892
966
893
967
968
895
969
896
970
897
971
898
972
899
973
900
974
901
975
902
976
903
977
904
978
905
979
906
980
907
981
908
982
909
983
910
984
911
985
912
986
913
987
914
988
915
989
916
990
917
991
918
992
919
993
920
994
921
995
922
996
923
997
924
998
925
999
926
1000
927
1001
928
1002
929
1003
930
1004
931
1005
932
1006
933
1007
934
1008
935
1009
936
1010
937
1011
938
1012
939
1013
940
1014
941
1015
942
1016
943
1017
944
1018
945
1019
946
1020
947
1021
948
1022
949
1023
950
1024
951
1025
952
1026
953
1027
954
1028
955
1029
956
1030
957
1031
958
1032
959
1033
960
1034
961
1035
962
1036
963
1037
964
1038
965
1039
966
1040
967
1041
968
1042
1043
970
1044
971
1045
972
1046
973
1047
974
1048
975
1049
976
1050
977
1051
978
1052
979
1053
980
1054
981
1055
982
1056
983
1057
984
1058
985
1059
986
1060
987
1061
988
1062
989
1063
990
1064
991
1065
992
1066
993
1067
994
1068
995
1069
996
1070
997
1071
998
1072
999
1073
1000
1074
1001
1075
1002
1076
1003
1077
1004
1078
1005
1079
1006
1080
1007
1081
1008
1082
1009
1083
1010
1084
1011
1085
1012
1086
1013
1087
1014
1088
1015
1089
1016
1090
1017
1091
1018
1092
1019
1093
1020
1094
1021
1095
1022
1096
1023
1097
1024
1098
1025
1099
1026
1100
1027
1101
1028
1102
1029
1103
1030
1104
1031
1105
1032
1106
1033
1107
1034
1108
1035
1109
1036
1110
1037
1111
1038
1112
1039
1113
1040
1114
1041
1115
1042
1116
1043
1117
1118
1045
1119
1046
1120
1047
1121
1048
1122
1049
1123
1050
1124
1051
1125
1052
1126
1053
1127
1054
1128
1055
1129
1056
1130
1057
1131
1058
1132
1059
1133
1060
1134
1061
1135
1062
1136
1063
1137
1064
1138
1065
1139
1066
1140
1067
1141
1068
1142
1069
1143
1070
1144
1071
1145
1072
1146
1073
1147
1074
1148
1075
1149
1076
1150
1077
1151
1078
1152
1079
1153
1080
1154
1081
1155
1082
1156
1083
1157
1084
1158
1085
1159
1086
1160
1087
1161
1088
1162
1089
1163
1090
1164
1091
1165
1092
1166
1093
1167
1094
1168
1095
1169
1096
1170
1097
1171
1098
1172
1099
1173
1100
1174
1101
1175
1102
1176
1103
1177
1104
1178
1105
1179
1106
1180
1107
1181
1108
1182
1109
1183
1110
1184
1111
1185
1112
1186
1113
1187
1114
1188
1115
1189
1116
1190
1117
1191
1118
1192
1193
1120
1194
1121
1195
1122
1196
1123
1197
1124
1198
1125
1199
1126
1200
1127
1201
1128
1202
1129
1203
1130
1204
1131
1205
1132
1206
1133
1207
1134
1208
1135
1209
1136
1210
1137
1211
1138
1212
1139
1213
1140
1214
1141
1215
1142
1216
1143
1217
1144
1218
1145
1219
1146
1220
1147
1221
1148
1222
1149
1223
1150
1224
1151
1225
1152
1226
1153
1227
1154
1228
1155
1229
1156
1230
1157
1231
1158
1232
1159
1233
1160
1234
1161
1235
1162
1236
1163
1237
1164
1238
1165
1239
1166
1240
1167
1241
1168
1242
1169
1243
1170
1244
1171
1245
1172
1246
1173
1247
1174
1248
1175
1249
1176
1250
1177
1251
1178
1252
1179
1253
1180
1254
1181
1255
1182
1256
1183
1257
1184
1258
1185
1259
1186
1260
1187
1261
1188
1262
1189
1263
1190
1264
1191
1265
1192
1266
1193
1267
1268
1195
1269
1196
1270
1197
1271
1198
1272
1199
1273
1200
1274
1201
1275
1202
1276
1203
1277
1204
1278
1205
1279
1206
1280
1207
1281
1208
1282
1209
1283
1210
1284
1211
1285
1212
1286
1213
1287
1214
1288
1215
1289
1216
1290
1217
1291
1218
1292
1219
1293
1220
1294
1221
1295
1222
1296
1223
1297
1224
1298
1225
1299
1226
1300
1227
1301
1228
1302
1229
1303
1230
1304
1231
1305
1232
1306
1233
1307
1234
1308
1235
1309
1236
1310
1237
1311
1238
1312
1239
1313
1240
1314
1241
1315
1242
1316
1243
1317
1244
1318
1245
1319
1246
1320
1247
1321
1248
1322
1249
1323
1250
1324
1251
1325
1252
1326
1253
1327
1254
1328
1255
1329
1256
1330
1257
1331
1258
1332
1259
1333
1260
1334
1261
1335
1262
1336
1263
1337
1264
1338
1265
1339
1266
1340
1267
1341
1268
1342
1343
1270
1344
1271
1345
1272
1346
1273
1347
1274
1348
1275
1349
1276
1350
1277
1351
1278
1352
1279
1353
1280
1354
1281
1355
1282
1356
1283
1357
1284
1358
1285
1359
1286
1360
1287
1361
1288
1362
1289
1363
1290
1364
1291
1365
1292
1366
1293
1367
1294
1368
1295
1369
1296
1370
1297
1371
1298
1372
1299
1373
1300
1374
1301
1375
1302
1376
1303
1377
1304
1378
1305
1379
1306
1380
1307
1381
1308
1382
1309
1383
1310
1384
1311
1385
1312
1386
1313
1387
1314
1388
1315
1389
1316
1390
1317
1391
1318
1392
1319
1393
1320
1394
1321
1395
1322
1396
1323
1397
1324
1398
1325
1399
1326
1400
1327
1401
1328
1402
1329
1403
1330
1404
1331
1405
1332
1406
1333
1407
1334
1408
1335
1409
1336
1410
1337
1411
1338
1412
1339
1413
1340
1414
1341
1415
1342
1416
1343
1417
1418
1345
1419
1346
1420
1347
1421
1348
1422
1349
1423
1350
1424
1351
1425
1352
1426
1353
1427
1354
1428
1355
1429
1356
1430
1357
1431
1358
1432
1359
1433
1360
1434
1361
1435
1362
1436
1363
1437
1364
1438
1365
1439
1366
1440
1367
1441
1368
1442
1369
1443
1370
1444
1371
1445
1372
1446
1373
1447
1374
1448
1375
1449
1376
1450
1377
1451
1378
1452
1379
1453
1380
1454
1381
1455
1382
1456
1383
1457
1384
1458
1385
1459
1386
1460
1387
1461
1388
1462
1389
1463
1390
1464
1391
1465
1392
1466
1393
1467
1394
1468
1395
1469
1396
1470
1397
1471
1398
1472
1399
1473
1400
1474
1401
1475
1402
1476
1403
1477
1404
1478
1405
1479
1406
1480
1407
1481
1408
1482
1409
1483
1410
1484
1411
1485
1412
1486
1413
1487
1414
1488
1415
1489
1416
1490
1417
1491
1418
1492
1493
1420
1494
1421
1495
1422
1496
1423
1497
1424
1498
1425
1499
1426
1500
1427
1501
1428
1502
1429
1503
1430
1504
1431
1505
1432
1506
1433
1507
1434
1508
1435
1509
1436
1510
1437
1511
1438
1512
1439
1513
1440
1514
1441
1515
1442
1516
1443
1517
1444
1518
1445
1519
1446
1520
1447
1521
1448
1522
1449
1523
1450
1524
1451
1525
1452
1526
1453
1527
1454
1528
1455
1529
1456
1530
1457
1531
1458
1532
1459
1533
1460
1534
1461
1535
1462
1536
1463
1537
1464
1538
1465
1539
1466
1540
1467
1541
1468
1542
1469
1543
1470
1544
1471
1545
1472
1546
1473
1547
1474
1548
1475
1549
1476
1550
1477
1551
1478
1552
1479
1553
1480
1554
1481
1555
1482
1556
1483
1557
1484
1558
1485
1559
1486
1560
1487
1561
1488
1562
1489
1563
1490
1564
1491
1565
1492
1566
1493
1567
1568
1495
1569
1496
1570
1497
1571
1498
1572
1499
1573
1500
1574
1501
1575
1502
1576
1503
1577
1504
1578
1505
1579
1506
1580
1507
1581
1508
1582
1509
1583
1510
1584
1511
1585
1512
1586
1513
1587
1514
1588
1515
1589
1516
1590
1517
1591
1518
1592
1519
1593
1520
1594
1521
1595
1522
1596
1523
1597
1524
1598
1525
1599
1526
1600
1527
1601
1528
1602
1529
1603
1530
1604
1531
1605
1532
1606
1533
1607
1534
1608
1535
1609
1536
1610
1537
1611
1538
1612
1539
1613
1540
1614
1541
1615
1542
1616
1543
1617
1544
1618
1545
1619
1546
1620
1547
1621
1548
1622
1549
1623
1550
1624
1551
1625
1552
1626
1553
1627
1554
1628
1555
1629
1556
1630
1557
1631
1558
1632
1559
1633
1560
1634
1561
1635
1562
1636
1563
1637
1564
1638
1565
1639
1566
1640
1567
1641
1568
1642
1643
1570
1644
1571
1645
1572
1646
1573
1647
1574
1648
1575
1649
1576
1650
1577
1651
1578
1652
1579
1653
1580
1654
1581
1655
1582
1656
1583
1657
1584
1658
1585
1659
1586
1660
1587
1661
1588
1662
1589
1663
1590
1664
1591
1665
1592
1666
1593
1667
1594
1668
1595
1669
1596
1670
1597
1671
1598
1672
1599
1673
1600
1674
1601
1675
1602
1676
1603
1677
1604
1678
1605
1679
1606
1680
1607
1681
1608
1682
1609
1683
1610
1684
1611
1685
1612
1686
1613
1687
1614
1688
1615
1689
1616
1690
1617
1691
1618
1692
1619
1693
1620
1694
1621
1695
1622
1696
1623
1697
1624
1698
1625
1699
1626
1700
1627
1701
1628
1702
1629
1703
1630
1704
1631
1705
1632
1706
1633
1707
1634
1708
1635
1709
1636
1710
1637
1711
1638
1712
1639
1713
1640
1714
1641
1715
1642
1716
1643
1717
1718
1645
1719
1646
1720
1647
1721
1648
1722
1649
1723
1650
1724
1651
1725
1652
1726
1653
1727
1654
1728
1655
1729
1656
1730
1657
1731
1658
1732
1659
1733
1660
1734
1661
1735
1662
1736
1663
1737
1664
1738
1665
1739
1666
1740
1667
1741
1668
1742
1669
1743
1670
1744
1671
1745
1672
1746
1673
1747
1674
1748
1675
1749
1676
1750
1677
1751
1678
1752
1679
1753
1680
1754
1681
1755
1682
1756
1683
1757
1684
1758
1685
1759
1686
1760
1687
1761
1688
1762
1689
1763
1690
1764
1691
1765
1692
1766
1693
1767
1694
1768
1695
1769
1696
1770
1697
1771
1698
1772
1699
1773
1700
1774
1701
1775
1702
1776
1703
1777
1704
1778
1705
1779
1706
1780
1707
1781
1708
1782
1709
1783
1710
1784
1711
1785
1712
1786
1713
1787
1714
1788
1715
1789
1716
1790
1717
1791
1718
1792
1793
1720
1794
1721
1795
1722
1796
1723
1797
1724
1798
1725
1799
1726
1800
1727
1801
1728
1802
1729
1803
1730
1804
1731
1805
1732
1806
1733
1807
1734
1808
1735
1809
1736
1810
1737
1811
1738
1812
1739
1813
1740
1814
1741
1815
1742
1816
1743
1817
1744
1818
1745
1819
1746
1820
1747
1821
1748
1822
1749
1823
1750
1824
1751
1825
1752
1826
1753
1827
1754
1828
1755
1829
1756
1830
1757
1831
1758
1832
1759
1833
1760
1834
1761
1835
1762
1836
1763
1837
1764
1838
1765
1839
1766
1840
1767
1841
1768
1842
1769
1843
1770
1844
1771
1845
1772
1846
1773
1847
1774
1848
1775
1849
1776
1850
1777
1851
1778
1852
1779
1853
1780
1854
1781
1855
1782
1856
1783
1857
1784
1858
1785
1859
1786
1860
1787
1861
1788
1862
1789
1863
1790
1864
1791
1865
1792
1866
1793
1867
1868
1795
1869
1796
1870
1797
1871
1798
1872
1799
1873
1800
1874
1801
1875
1802
1876
1803
1877
1804
1878
1805
1879
1806
1880
1807
1881
1808
1882
1809
1883
1810
1884
1811
1885
1812
1886
1813
1887
1814
1888
1815
1889
1816
1890
1817
1891
1818
1892
1819
1893
1820
1894
1821
1895
1822
1896
1823
1897
1824
1898
1825
1899
1826
1900
1827
1901
1828
1902
1829
1903
1830
1904
1831
1905
1832
1906
1833
1907
1834
1908
1835
1909
1836
1910
1837
1911
1838
1912
1839
1913
1840
1914
1841
1915
1842
1916
1843
1917
1844
1918
1845
1919
1846
1920
1847
1921
1848
1922
1849
1923
1850
1924
1851
1925
1852
1926
1853
1927
1854
1928
1855
1929
1856
1930
1857
1931
1858
1932
1859
1933
1860
1934
1861
1935
1862
1936
1863
1937
1864
1938
1865
1939
1866
1940
1867
1941
1868
1942
1943
1870
1944
1871
1945
1872
1946
1873
1947
1874
1948
1875
1949
1876
1950
1877
1951
1878
1952
1879
1953
1880
1954
1881
1955
1882
1956
1883
1957
1884
1958
1885
1959
1886
1960
1887
1961
1888
1962
1889
1963
1890
1964
1891
1965
1892
1966
1893
1967
1894
1968
1895
1969
1896
1970
1897
1971
1898
1972
1899
1973
1900
1974
1901
1975
1902
1976
1903
1977
1904
1978
1905
1979
1906
1980
1907
1981
1908
1982
1909
1983
1910
1984
1911
1985
1912
1986
1913
1987
1914
1988
1915
1989
1916
1990
1917
1991
1918
1992
1919
1993
1920
1994
1921
1995
1922
1996
1923
1997
1924
1998
1925
1999
1926
2000
1927
2001
1928
2002
1929
2003
1930
2004
1931
2005
1932
2006
1933
2007
1934
2008
1935
2009
1936
2010
1937
2011
1938
2012
1939
2013
1940
2014
1941
2015
1942
2016
1943
2017
2018
1945
2019
1946
2020
1947
2021
1948
2022
1949
2023
1950
2024
1951
2025
1952
2026
1953
2027
1954
2028
1955
2029
1956
2030
1957
2031
1958
2032
1959
2033
1960
2034
1961
2035
1962
2036
1963
2037
1964
2038
1965
2039
1966
2040
1967
2041
1968
2042
1969
2043
1970
2044
1971
2045
1972
2046
1973
2047
1974
2048
1975
2049
1976
2050
1977
2051
1978
2052
1979
2053
1980
2054
1981
2055
1982
2056
1983
2057
1984
2058
1985
2059
1986
2060
1987
2061
1988
2062
1989
2063
1990
2064
1991
2065
1992
2066
1993
2067
1994
2068
1995
2069
1996
2070
1997
2071
1998
2072
1999
2073
2000
2074
2001
2075
2002
2076
2003
2077
2004
2078
2005
2079
2006
2080
2007
2081
2008
2082
2009
2083
2010
2084
2011
2085
2012
2086
2013
2087
2014
2088
2015
2089
2016
2090
2017
2091
2018
2092
2093
2020
2094
2021
2095
2022
2096
2023
2097
2024
2098
2025
2099
2026
2100
2027
2101
2028
2102
2029
2103
2030
2104
2031
2105
2032
2106
2033
2107
2034
2108
2035
2109
2036
2110
2037
2111
2038
2112
2039
2113
2040
2114
2041
2115
2042
2116
2043
2117
2044
2118
2045
2119
2046
2120
2047
2121
2048
2122
2049
2123
2050
2124
2051
2125
2052
2126
2053
2127
2054
2128
2055
2129
2056
2130
2057
2131
2058
2132
2059
2133
2060
2134
2061
2135
2062
2136
2063
2137
2064
2138
2065
2139
2066
2140
2067
2141
2068
2142
2069
2143
2070
2144
2071
2145
2072
2146
2073
2147
2074
2148
2075
2149
2076
2150
2077
2151
2078
2152
2079
2153
2080
2154
2081
2155
2082
2156
2083
2157
2084
2158
2085
2159
2086
2160
2087
2161
2088
2162
2089
2163
2090
2164
2091
2165
2092
2166
2093
2167
2168
2095
2169
2096
2170
2097
2171
2098
2172
2099
2173
2100
2174
2101
2175
2102
2176
2103
2177
2104
2178
2105
2179
2106
2180
2107
2181
2108
2182
2109
2183
2110
2184
2111
2185
2112
2186
2113
2187
2114
2188
2115
2189
2116
2190
2117
2191
2118
2192
2119
2193
2120
2194
2121
2195
2122
2196
2123
2197
2124
2198
2125
2199
2126
2200
2127
2201
2128
2202
2129
2203
2130
2204
2131
2205
2132
2206
2133
2207
2134
2208
2135
2209
2136
2210
2137
2211
2138
2212
2139
2213
2140
2214
2141
2215
2142
2216
2143
2217
2144
2218
2145
2219
2146
2220
2147
2221
2148
2222
2149
2223
2150
2224
2151
2225
2152
2226
2153
2227
2154
2228
2155
2229
2156
2230
2157
2231
2158
2232
2159
2233
2160
2234
2161
2235
2162
2236
2163
2237
2164
2238
2165
2239
2166
2240
2167
2241
2168
2242
2243
2170
2244
2171
2245
2172
2246
2173
2247
2174
2248
2175
2249
2176
2250
2177
2251
2178
2252
2179
2253
2180
2254
2181
2255
2182
2256
2183
2257
2184
2258
2185
2259
2186
2260
2187
2261
2188
2262
2189
2263
2190
2264
2191
2265
2192
2266
2193
2267
2194
2268
2195
2269
2196
2270
2197
2271
2198
2272
2199
2273
2200
2274
2201
2275
2202
2276
2203
2277
2204
2278
2205
2279
2206
2280
2207
2281
2208
2282
2209
2283
2210
2284
2211
2285
2212
2286
2213
2287
2214
2288
2215
2289
2216
2290
2217
2291
2218
2292
2219
2293
2220
2294
2221
2295
2222
2296
2223
2297
2224
2298
2225
2299
2226
2300
2227
2301
2228
2302
2229
2303
2230
2304
2231
2305
2232
2306
2233
2307
2234
2308
2235
2309
2236
2310
2237
2311
2238
2312
2239
2313
2240
2314
2241
2315
2242
2316
2243
2317
2318
2245
2319
2246
2320
2247
2321
2248
2322
2249
2323
2250
2324
2251
2325
2252
2326
2253
2327
2254
2328
2255
2329
2256
2330
2257
2331
2258
2332
2259
2333
2260
2334
2261
2335
2262
2336
2263
2337
2264
2338
2265
2339
2266
2340
2267
2341
2268
2342
2269
2343
2270
2344
2271
2345
2272
2346
2273
2347
2274
2348
2275
2349
2276
2350
2277
2351
2278
2352
2279
2353
2280
2354
2281
2355
2282
2356
2283
2357
2284
2358
2285
2359
2286
2360
2287
2361
2288
2362
2289
2363
2290
2364
2291
2365
2292
2366
2293
2367
2294
2368
2295
2369
2296
2370
2297
2371
2298
2372
2299
2373
2300
2374
2301
2375
2302
2376
2303
2377
2304
2378
2305
2379
2306
2380
2307
2381
2308
2382
2309
2383
2310
2384
2311
2385
2312
2386
2313
2387
2314
2388
2315
2389
2316
2390
2317
2391
2318
2392
2393
2320
2394
2321
2395
2322
2396
2323
2397
2324
2398
2325
2399
2326
2400
2327
2401
2328
2402
2329
2403
2330
2404
2331
2405
2332
2406
2333
2407
2334
2408
2335
2409
2336
2410
2337
2411
2338
2412
2339
2413
2340
2414
2341
2415
2342
2416
2343
2417
2344
2418
2345
2419
2346
2420
2347
2421
2348
2422
2349
2423
2350
2424
2351
2425
2352
2426
2353
2427
2354
2428
2355
2429
2356
2430
2357
2431
2358
2432
2359
2433
2360
2434
2361
2435
2362
2436
2363
2437
2364
2438
2365
2439
2366
2440
2367
2441
2368
2442
2369
2443
2370
2444
2371
2445
2372
2446
2373
2447
2374
2448
2375
2449
2376
2450
2377
2451
2378
2452
2379
2453
2380
2454
2381
2455
2382
2456
2383
2457
2384
2458
2385
2459
2386
2460
2387
2461
2388
2462
2389
2463
2390
2464
2391
2465
2392
2466
2393
2467
2468
2395
2469
2396
2470
2397
2471
2398
2472
2399
2473
2400
2474
2401
2475
2402
2476
2403
2477
2404
2478
2405
2479
2406
2480
2407
2481
2408
2482
2409
2483
2410
2484
2411
2485
2412
2486
2413
2487
2414
2488
2415
2489
2416
2490
2417
2491
2418
2492
2419
2493
2420
2494
2421
2495
2422
2496
2423
2497
2424
2498
2425
2499
2426
2500
2427
2501
2428
2502
2429
2503
2430
2504
2431
2505
2432
2506
2433
2507
2434
2508
2435
2509
2436
2510
2437
2511
2438
2512
2439
2513
2440
2514
2441
2515
2442
2516
2443
2517
2444
2518
2445
2519
2446
2520
2447
2521
2448
2522
2449
2523
2450
2524
2451
2525
2452
2526
2453
2527
2454
2528
2455
2529
2456
2530
2457
2531
2458
2532
2459
2533
2460
2534
2461
2535
2462
2536
2463
2537
2464
2538
2465
2539
2466
2540
2467
2541
2468
2542
2543
2470
2544
2471
2545
2472
2546
2473
2547
2474
2548
2475
2549
2476
2550
2477
2551
2478
2552
2479
2553
2480
2554
2481
2555
2482
2556
2483
2557
2484
2558
2485
2559
2486
2560
2487
2561
2488
2562
2489
2563
2490
2564
2491
2565
2492
2566
2493
2567
2494
2568
2495
2569
2496
2570
2497
2571
2498
2572
2499
2573
2500
2574
2501
2575
2502
2576
2503
2577
2504
2578
2505
2579
2506
2580
2507
2581
2508
2582
2509
2583
2510
2584
2511
2585
2512
2586
2513
2587
2514
2588
2515
2589
2516
2590
2517
2591
2518
2592
2519
2593
2520
2594
2521
2595
2522
2596
2523
2597
2524
2598
2525
2599
2526
2600
2527
2601
2528
2602
2529
2603
2530
2604
2531
2605
2532
2606
2533
2607
2534
2608
2535
2609
2536
2610
2537
2611
2538
2612
2539
2613
2540
2614
2541
2615
2542
2616
2543
2617
2618
2545
2619
2546
2620
2547
2621
2548
2622
2549
2623
2550
2624
2551
2625
2552
2626
2553
2627
2554
2628
2555
2629
2556
2630
2557
2631
2558
2632
2559
2633
2560
2634
2561
2635
2562
2636
2563
2637
2564
2638
2565
2639
2566
2640
2567
2641
2568
2642
2569
2643
2570
2644
2571
2645
2572
2646
2573
2647
2574
2648
2575
2649
2576
2650
2577
2651
2578
2652
2579
2653
2580
2654
2581
2655
2582
2656
2583
2657
2584
2658
2585
2659
2586
2660
2587
2661
2588
2662
2589
2663
2590
2664
2591
2665
2592
2666
2593
2667
2594
2668
2595
2669
2596
2670
2597
2671
2598
2672
2599
2673
2600
2674
2601
2675
2602
2676
2603
2677
2604
2678
2605
2679
2606
2680
2607
2681
2608
2682
2609
2683
2610
2684
2611
2685
2612
2686
2613
2687
2614
2688
2615
2689
2616
2690
2617
2691
2618
2692
2693
2620
2694
2621
2695
2622
2696
2623
2697
2624
2698
2625
2699
2626
2700
2627
2701
2628
2702
2629
2703
2630
2704
2631
2705
2632
2706
2633
2707
2634
2708
2635
2709
2636
2710
2637
2711
2638
2712
2639
2713
2640
2714
2641
2715
2642
2716
2643
2717
2644
2718
2645
2719
2646
2720
2647
2721
2648
2722
2649
2723
2650
2724
2651
2725
2652
2726
2653
2727
2654
2728
2655
2729
2656
2730
2657
2731
2658
2732
2659
2733
2660
2734
2661
2735
2662
2736
2663
2737
2664
2738
2665
2739
2666
2740
2667
2741
2668
2742
2669
2743
2670
2744
2671
2745
2672
2746
2673
2747
2674
2748
2675
2749
2676
2750
2677
2751
2678
2752
2679
2753
2680
2754
2681
2755
2682
2756
2683
2757
2684
2758
2685
2759
2686
2760
2687
2761
2688
2762
2689
2763
2690
2764
2691
2765
2692
2766
2693
2767
2768
2695
2769
2696
2770
2697
2771
2698
2772
2699
2773
2700
2774
2701
2775
2702
2776
2703
2777
2704
2778
2705
2779
2706
2780
2707
2781
2708
2782
2709
2783
2710
2784
2711
2785
2712
2786
2713
2787
2714
2788
2715
2789
2716
2790
2717
2791
2718
2792
2719
2793
2720
2794
2721
2795
2722
2796
2723
2797
2724
2798
2725
2799
2726
2800
2727
2801
2728
2802
2729
2803
2730
2804
2731
2805
2732
2806
2733
2807
2734
2808
2735
2809
2736
2810
2737
2811
2738
2812
2739
2813
2740
2814
2741
2815
2742
2816
2743
2817
2744
2818
2745
2819
2746
2820
2747
2821
2748
2822
2749
2823
2750
2824
2751
2825
2752
2826
2753
2827
2754
2828
2755
2829
2756
2830
2757
2831
2758
2832
2759
2833
2760
2834
2761
2835
2762
2836
2763
2837
2764
2838
2765
2839
2766
2840
2767
2841
2768
2842
2843
2770
2844
2771
2845
2772
2846
2773
2847
2774
2848
2775
2849
2776
2850
2777
2851
2778
2852
2779
2853
2780
2854
2781
2855
2782
2856
2783
2857
2784
2858
2785
2859
2786
2860
2787
2861
2788
2862
2789
2863
2790
2864
2791
2865
2792
2866
2793
2867
2794
2868
2795
2869
2796
2870
2797
2871
2798
2872
2799
2873
2800
2874
2801
2875
2802
2876
2803
2877
2804
2878
2805
2879
2806
2880
2807
2881
2808
2882
2809
2883
2810
2884
2811
2885
2812
2886
2813
2887
2814
2888
2815
2889
2816
2890
2817
2891
2818
2892
2819
2893
2820
2894
2821
2895
2822
2896
2823
2897
2824
2898
2825
2899
2826
2900
2827
2901
2828
2902
2829
2903
2830
2904
2831
2905
2832
2906
2833
2907
2834
2908
2835
2909
2836
2910
2837
2911
2838
2912
2839
2913
2840
2914
2841
2915
2842
2916
2843
2917
2918
2845
2919
2846
2920
2847
2921
2848
2922
2849
2923
2850
2924
2851
2925
2852
2926
2853
2927
2854
2928
2855
2929
2856
2930
2857
2931
2858
2932
2859
2933
2860
2934
2861
2935
2862
2936
2863
2937
2864
2938
2865
2939
2866
2940
2867
2941
2868
2942
2869
2943
2870
2944
2871
2945
2872
2946
2873
2947
2874
2948
2875
2949
2876
2950
2877
2951
2878
2952
2879
2953
2880
2954
2881
2955
2882
2956
2883
2957
2884
2958
2885
2959
2886
2960
2887
2961
2888
2962
2889
2963
2890
2964
2891
2965
2892
2966
2893
2967
2894
2968
2895
2969
2896
2970
2897
2971
2898
2972
2899
2973
2900
2974
2901
2975
2902
2976
2903
2977
2904
2978
2905
2979
2906
2980
2907
2981
2908
2982
2909
2983
2910
2984
2911
2985
2912
2986
2913
2987
2914
2988
2915
2989
2916
2990
2917
2991
2918
2992
2993
2920
2994
2921
2995
2922
2996
2923
2997
2924
2998
2925
2999
2926
3000
2927
3001
2928
3002
2929
3003
2930
3004
2931
3005
2932
3006
2933
3007
2934
3008
2935
3009
2936
3010
2937
3011
2938
3012
2939
3013
2940
3014
2941
3015
2942
3016
2943
3017
2944
3018
2945
3019
2946
3020
2947
3021
2948
3022
2949
3023
2950
3024
2951
3025
2952
3026
2953
3027
2954
3028
2955
3029
2956
3030
2957
3031
2958
3032
2959
3033
2960
3034
2961
3035
2962
3036
2963
3037
2964
3038
2965
3039
2966
3040
2967
3041
2968
3042
2969
3043
2970
3044
2971
3045
2972
3046
2973
3047
2974
3048
2975
3049
2976
3050
2977
3051
2978
3052
2979
3053
2980
3054
2981
3055
2982
3056
2983
3057
2984
3058
2985
3059
2986
3060
2987
3061
2988
3062
2989
3063
2990
3064
2991
3065
2992
3066
2993
3067
3068
2995
3069
2996
3070
2997
3071
2998
3072
2999
3073
3000
3074
3001
3075
3002
3076
3003
3077
3004
3078
3005
3079
3006
3080
3007
3081
3008
3082
3009
3083
3010
3084
3011
3085
3012
3086
3013
3087
3014
3088
3015
3089
3016
3090
3017
3091
3018
3092
3019
3093
3020
3094
3021
3095
3022
3096
3023
3097
3024
3098
3025
3099
3026
3100
3027
3101
3028
3102
3029
3103
3030
3104
3031
3105
3032
3106
3033
3107
3034
3108
3035
3109
3036
3110
3037
3111
3038
3112
3039
3113
3040
3114
3041
3115
3042
3116
3043
3117
3044
3118
3045
3119
3046
3120
3047
3121
3048
3122
3049
3123
3050
3124
3051
3125
3052
3126
3053
3127
3054
3128
3055
3129
3056
3130
3057
3131
3058
3132
3059
3133
3060
3134
3061
3135
3062
3136
3063
3137
3064
3138
3065
3139
3066
3140
3067
3141
3068
3142
3143
3070
3144
3071
3145
3072
3146
3073
3147
3074
3148
3075
3149
3076
3150
3077
3151
3078
3152
3079
3153
3080
3154
3081
3155
3082
3156
3083
3157
3084
3158
3085
3159
3086
3160
3087
3161
3088
3162
3089
3163
3090
3164
3091
3165
3092
3166
3093
3167
3094
3168
3095
3169
3096
3170
3097
3171
3098
3172
3099
3173
3100
3174
3101
3175
3102
3176
3103
3177
3104
3178
3105
3179
3106
3180
3107
3181
3108
3182
3109
3183
3110
3184
3111
3185
3112
3186
3113
3187
3114
3188
3115
3189
3116
3190
3117
3191
3118
3192
3119
3193
3120
3194
3121
3195
3122
3196
3123
3197
3124
3198
3125
3199
3126
3200
3127
3201
3128
3202
3129
3203
3130
3204
3131
3205
3132
3206
3133
3207
3134
3208
3135
3209
3136
3210
3137
3211
3138
3212
3139
3213
3140
3214
3141
3215
3142
3216
3143
3217
3218
3145
3219
3146
3220
3147
3221
3148
3222
3149
3223
3150
3224
3151
3225
3152
3226
3153
3227
3154
3228
3155
3229
3156
3230
3157
3231
3158
3232
3159
3233
3160
3234
3161
3235
3162
3236
3163
3237
3164
3238
3165
3239
3166
3240
3167
3241
3168
3242
3169
3243
3170
3244
3171
3245
3172
3246
3173
3247
3174
3248
3175
3249
3176
3250
3177
3251
3178
3252
3179
3253
3180
3254
3181
3255
3182
3256
3183
3257
3184
3258
3185
3259
3186
3260
3187
3261
3188
3262
3189
3263
3190
3264
3191
3265
3192
3266
3193
3267
3194
3268
3195
3269
3196
3270
3197
3271
3198
3272
3199
3273
3200
3274
3201
3275
3202
3276
3203
3277
3204
3278
3205
3279
3206
3280
3207
3281
3208
3282
3209
3283
3210
3284
3211
3285
3212
3286
3213
3287
3214
3288
3215
3289
3216
3290
3217
3291
3218
3292
3293
3220
3294
3221
3295
3222
3296
3223
3297
3224
3298
3225
3299
3226
3300
3227
3301
3228
3302
3229
3303
3230
3304
3231
3305
3232
3306
3233
3307
3234
3308
3235
3309
3236
3310
3237
3311
3238
3312
3239
3313
3240
3314
3241
3315
3242
3316
3243
3317
3244
3318
3245
3319
3246
3320
3247
3321
3248
3322
3249
3323
3250
3324
3251
3325
3252
3326
3253
3327
3254
3328
3255
3329
3256
3330
3257
3331
3258
3332
3259
3333
3260
3334
3261
3335
3262
3336
3263
3337
3264
3338
3265
3339
3266
3340
3267
3341
3268
3342
3269
3343
3270
3344
3271
3345
3272
3346
3273
3347
3274
3348
3275
3349
3276
3350
3277
3351
3278
3352
3279
3353
3280
3354
3281
3355
3282
3356
3283
3357
3284
3358
3285
3359
3286
3360
3287
3361
3288
3362
3289
3363
3290
3364
3291
3365
3292
3366
3293
3367
3368
3295
3369
3296
3370
3297
3371
3298
3372
3299
3373
3300
3374
3301
3375
3302
3376
3303
3377
3304
3378
3305
3379
3306
3380
3307
3381
3308
3382
3309
3383
3310
3384
3311
3385
3312
3386
3313
3387
3314
3388
3315
3389
3316
3390
3317
3391
3318
3392
3319
3393
3320
3394
3321
3395
3322
3396
3323
3397
3324
3398
3325
3399
3326
3400
3327
3401
3328
3402
3329
3403
3330
3404
3331
3405
3332
3406
3333
3407
3334
3408
3335
3409
3336
3410
3337
3411
3338
3412
3339
3413
3340
3414
3341
3415
3342
3416
3343
3417
3344
3418
3345
3419
3346
3420
3347
3421
3348
3422
3349
3423
3350
3424
3351
3425
3352
3426
3353
3427
3354
3428
3355
3429
3356
3430
3357
3431
3358
3432
3359
3433
3360
3434
3361
3435
3362
3436
3363
3437
3364
3438
3365
3439
3366
3440
3367
3441
3368
3442
3443
3370
3444
3371
3445
3372
3446
3373
3447
3374
3448
3375
3449
3376
3450
3377
3451
3378
3452
3379
3453
3380
3454
3381
3455
3382
3456
3383
3457
3384
3458
3385
3459
3386
3460
3387
3461
3388
3462
3389
3463
3390
3464
3391
3465
3392
3466
3393
3467
3394
3468
3395
3469
3396
3470
3397
3471
3398
3472
3399
3473
3400
3474
3401
3475
3402
3476
3403
3477
3404
3478
3405
3479
3406
3480
3407
3481
3408
3482
3409
3483
3410
3484
3411
3485
3412
3486
3413
3487
3414
3488
3415
3489
3416
3490
3417
3491
3418
3492
3419
3493
3420
3494
3421
3495
3422
3496
3423
3497
3424
3498
3425
3499
3426
3500
3427
3501
3428
3502
3429
3503
3430
3504
3431
3505
3432
3506
3433
3507
3434
3508
3435
3509
3436
3510
3437
3511
3438
3512
3439
3513
3440
3514
3441
3515
3442
3516
3443
3517
3518
3445
3519
3446
3520
3447
3521
3448
3522
3449
3523
3450
3524
3451
3525
3452
3526
3453
3527
3454
3528
3455
3529
3456
3530
3457
3531
3458
3532
3459
3533
3460
3534
3461
3535
3462
3536
3463
3537
3464
3538
3465
3539
3466
3540
3467
3541
3468
3542
3469
3543
3470
3544
3471
3545
3472
3546
3473
3547
3474
3548
3475
3549
3476
3550
3477
3551
3478
3552
3479
3553
3480
3554
3481
3555
3482
3556
3483
3557
3484
3558
3485
3559
3486
3560
3487
3561
3488
3562
3489
3563
3490
3564
3491
3565
3492
3566
3493
3567
3494
3568
3495
3569
3496
3570
3497
3571
3498
3572
3499
3573
3500
3574
3501
3575
3502
3576
3503
3577
3504
3578
3505
3579
3506
3580
3507
3581
3508
3582
3509
3583
3510
3584
3511
3585
3512
3586
3513
3587
3514
3588
3515
3589
3516
3590
3517
3591
3518
3592
3593
3520
3594
3521
3595
3522
3596
3523
3597
3524
3598
3525
3599
3526
3600
3527
3601
3528
3602
3529
3603
3530
3604
3531
3605
3532
3606
3533
3607
3534
3608
3535
3609
3536
3610
3537
3611
3538
3612
3539
3613
3540
3614
3541
3615
3542
3616
3543
3617
3544
3618
3545
3619
3546
3620
3547
3621
3548
3622
3549
3623
3550
3624
3551
3625
3552
3626
3553
3627
3554
3628
3555
3629
3556
3630
3557
3631
3558
3632
3559
3633
3560
3634
3561
3635
3562
3636
3563
3637
3564
3638
3565
3639
3566
3640
3567
3641
3568
3642
3569
3643
3570
3644
3571
3645
3572
3646
3573
3647
3574
3648
3575
3649
3576
3650
3577
3651
3578
3652
3579
3653
3580
3654
3581
3655
3582
3656
3583
3657
3584
3658
3585
3659
3586
3660
3587
3661
3588
3662
3589
3663
3590
3664
3591
3665
3592
3666
3593
3667
3668
3595
3669
3596
3670
3597
3671
3598
3672
3599
3673
3600
3674
3601
3675
3602
3676
3603
3677
3604
3678
3605
3679
3606
3680
3607
3681
3608
3682
3609
3683
3610
3684
3611
3685
3612
3686
3613
3687
3614
3688
3615
3689
3616
3690
3617
3691
3618
3692
3619
3693
3620
3694
3621
3695
3622
3696
3623
3697
3624
3698
3625
3699
3626
3700
3627
3701
3628
3702
3629
3703
3630
3704
3631
3705
3632
3706
3633
3707
3634
3708
3635
3709
3636
3710
3637
3711
3638
3712
3639
3713
3640
3714
3641
3715
3642
3716
3643
3717
3644
3718
3645
3719
3646
3720
3647
3721
3648
3722
3649
3723
3650
3724
3651
3725
3652
3726
3653
3727
3654
3728
3655
3729
3656
3730
3657
3731
3658
3732
3659
3733
3660
3734
3661
3735
3662
3736
3663
3737
3664
3738
3665
3739
3666
3740
3667
3741
3668
3742
3743
3670
3744
3671
3745
3672
3746
3673
3747
3674
3748
3675
3749
3676
3750
3677
3751
3678
3752
3679
3753
3680
3754
3681
3755
3682
3756
3683
3757
3684
3758
3685
3759
3686
3760
3687
3761
3688
3762
3689
3763
3690
3764
3691
3765
3692
3766
3693
3767
3694
3768
3695
3769
3696
3770
3697
3771
3698
3772
3699
3773
3700
3774
3701
3775
3702
3776
3703
3777
3704
3778
3705
3779
3706
3780
3707
3781
3708
3782
3709
3783
3710
3784
3711
3785
3712
3786
3713
3787
3714
3788
3715
3789
3716
3790
3717
3791
3718
3792
3719
3793
3720
3794
3721
3795
3722
3796
3723
3797
3724
3798
3725
3799
3726
3800
3727
3801
3728
3802
3729
3803
3730
3804
3731
3805
3732
3806
3733
3807
3734
3808
3735
3809
3736
3810
3737
3811
3738
3812
3739
3813
3740
3814
3741
3815
3742
3816
3743
3817
3818
3745
3819
3746
3820
3747
3821
3748
3822
3749
3823
3750
3824
3751
3825
3752
3826
3753
3827
3754
3828
3755
3829
3756
3830
3757
3831
3758
3832
3759
3833
3760
3834
3761
3835
3762
3836
3763
3837
3764
3838
3765
3839
3766
3840
3767
3841
3768
3842
3769
3843
3770
3844
3771
3845
3772
3846
3773
3847
3774
3848
3775
3849
3776
3850
3777
3851
3778
3852
3779
3853
3780
3854
3781
3855
3782
3856
3783
3857
3784
3858
3785
3859
3786
3860
3787
3861
3788
3862
3789
3863
3790
3864
3791
3865
3792
3866
3793
3867
3794
3868
3795
3869
3796
3870
3797
3871
3798
3872
3799
3873
3800
3874
3801
3875
3802
3876
3803
3877
3804
3878
3805
3879
3806
3880
3807
3881
3808
3882
3809
3883
3810
3884
3811
3885
3812
3886
3813
3887
3814
3888
3815
3889
3816
3890
3817
3891
3818
3892
3893
3820
3894
3821
3895
3822
3896
3823
3897
3824
3898
3825
3899
3826
3900
3827
3901
3828
3902
3829
3903
3830
3904
3831
3905
3832
3906
3833
3907
3834
3908
3835
3909
3836
3910
3837
3911
3838
3912
3839
3913
3840
3914
3841
3915
3842
3916
3843
3917
3844
3918
3845
3919
3846
3920
3847
3921
3848
3922
3849
3923
3850
3924
3851
3925
3852
3926
3853
3927
3854
3928
3855
3929
3856
3930
3857
3931
3858
3932
3859
3933
3860
3934
3861
3935
3862
3936
3863
3937
3864
3938
3865
3939
3866
3940
3867
3941
3868
3942
3869
3943
3870
3944
3871
3945
3872
3946
3873
3947
3874
3948
3875
3949
3876
3950
3877
3951
3878
3952
3879
3953
3880
3954
3881
3955
3882
3956
3883
3957
3884
3958
3885
3959
3886
3960
3887
3961
3888
3962
3889
3963
3890
3964
3891
3965
3892
3966
3893
3967
3968
3895
3969
3896
3970
3897
3971
3898
3972
3899
3973
3900
3974
3901
3975
3902
3976
3903
3977
3904
3978
3905
3979
3906
3980
3907
3981
3908
3982
3909
3983
3910
3984
3911
3985
3912
3986
3913
3987
3914
3988
3915
3989
3916
3990
3917
3991
3918
3992
3919
3993
3920
3994
3921
3995
3922
3996
3923
3997
3924
3998
3925
3999
3926
4000
3927
4001
3928
4002
3929
4003
3930
4004
3931
4005
3932
4006
3933
4007
3934
4008
3935
4009
3936
4010
3937
4011
3938
4012
3939
4013
3940
4014
3941
4015
3942
4016
3943
4017
3944
4018
3945
4019
3946
4020
3947
4021
3948
4022
3949
4023
3950
4024
3951
4025
3952
4026
3953
4027
3954
4028
3955
4029
3956
4030
3957
4031
3958
4032
3959
4033
3960
4034
3961
4035
3962
4036
3963
4037
3964
4038
3965
4039
3966
4040
3967
4041
3968
4042
4043
3970
4044
3971
4045
3972
4046
3973
4047
3974
4048
3975
4049
3976
4050
3977
4051
3978
4052
3979
4053
3980
4054
3981
4055
3982
4056
3983
4057
3984
4058
3985
4059
3986
4060
3987
4061
3988
4062
3989
4063
3990
4064
3991
4065
3992
4066
3993
4067
3994
4068
3995
4069
3996
4070
3997
4071
3998
4072
3999
4073
4000
4074
4001
4075
4002
4076
4003
4077
4004
4078
4005
4079
4006
4080
4007
4081
4008
4082
4009
4083
4010
4084
4011
4085
4012
4086
4013
4087
4014
4088
4015
4089
4016
4090
4017
4091
4018
4092
4019
4093
4020
4094
4021
4095
4022
4096
4023
4097
4024
4098
4025
4099
4026
4100
4027
4101
4028
4102
4029
4103
4030
4104
4031
4105
4032
4106
4033
4107
4034
4108
4035
4109
4036
4110
4037
4111
4038
4112
4039
4113
4040
4114
4041
4115
4042
4116
4043
4117
4118
4045
4119
4046
4120
4047
4121
4048
4122
4049
4123
4050
4124
4051
4125
4052
4126
4053
4127
4054
4128
4055
4129
4056
4130
4057
4131
4058
4132
4059
4133
4060
4134
4061
4135
4062
4136
4063
4137
4064
4138
4065
4139
4066
4140
4067
4141
4068
4142
4069
4143
4070
4144
4071
4145
4072
4146
4073
4147
4074
4148
4075
4149
4076
4150
4077
4151
4078
4152
4079
4153
4080
4154
4081
4155
4082
4156
4083
4157
4084
4158
4085
4159
4086
4160
4087
4161
4088
4162
4089
4163
4090
4164
4091
4165
4092
4166
4093
4167
4094
4168
4095
4169
4096
4170
4097
4171
4098
4172
4099
4173
4100
4174
4101
4175
4102
4176
4103
4177
4104
4178
4105
4179
4106
4180
4107
4181
4108
4182
4109
4183
4110
4184
4111
4185
4112
4186
4113
4187
4114
4188
4115
4189
4116
4190
4117
4191
4118
4192
4193
4120
4194
4121
4195
4122
4196
4123
4197
4124
4198
4125
4199
4126
4200
4127
4201
4128
4202
4129
4203
4130
4204
4131
4205
4132
4206
4133
4207
4134
4208
4135
4209
4136
4210
4137
4211
4138
4212
4139
4213
4140
4214
4141
4215
4142
4216
4143
4217
4144
4218
4145
4219
4146
4220
4147
4221
4148
4222
4149
4223
4150
4224
4151
4225
4152
4226
4153
4227
4154
4228
4155
4229
4156
4230
4157
4231
4158
4232
4159
4233
4160
4234
4161
4235
4162
4236
4163
4237
4164
4238
4165
4239
4166
4240
4167
4241
4168
4242
4169
4243
4170
4244
4171
4245
4172
4246
4173
4247
4174
4248
4175
4249
4176
4250
4177
4251
4178
4252
4179
4253
4180
4254
4181
4255
4182
4256
4183
4257
4184
4258
4185
4259
4186
4260
4187
4261
4188
4262
4189
4263
4190
4264
4191
4265
4192
4266
4193
4267
4268
4195
4269
4196
4270
4197
4271
4198
4272
4199
4273
4200
4274
4201
4275
4202
4276
4203
4277
4204
4278
4205
4279
4206
4280
4207
4281
4208
4282
4209
4283
4210
4284
4211
4285
4212
4286
4213
4287
4214
4288
4215
4289
4216
4290
4217
4291
4218
4292
4219
4293
4220
4294
4221
4295
4222
4296
4223
4297
4224
4298
4225
4299
4226
4300
4227
4301
4228
4302
4229
4303
4230
4304
4231
4305
4232
4306
4233
4307
4234
4308
4235
4309
4236
4310
4237
4311
4238
4312
4239
4313
4240
4314
4241
4315
4242
4316
4243
4317
4244
4318
4245
4319
4246
4320
4247
4321
4248
4322
4249
4323
4250
4324
4251
4325
4252
4326
4253
4327
4254
4328
4255
4329
4256
4330
4257
4331
4258
4332
4259
4333
4260
4334
4261
4335
4262
4336
4263
4337
4264
4338
4265
4339
4266
4340
4267
4341
4268
4342
4343
4270
4344
4271
4345
4272
4346
4273
4347
4274
4348
4275
4349
4276
4350
4277
4351
4278
4352
4279
4353
4280
4354
4281
4355
4282
4356
4283
4357
4284
4358
4285
4359
4286
4360
4287
4361
4288
4362
4289
4363
4290
4364
4291
4365
4292
4366
4293
4367
4294
4368
4295
4369
4296
4370
4297
4371
4298
4372
4299
4373
4300
4374
4301
4375
4302
4376
4303
4377
4304
4378
4305
4379
4306
4380
4307
4381
4308
4382
4309
4383
4310
4384
4311
4385
4312
4386
4313
4387
4314
4388
4315
4389
4316
4390
4317
4391
4318
4392
4319
4393
4320
4394
4321
4395
4322
4396
4323
4397
4324
4398
4325
4399
4326
4400
4327
4401
4328
4402
4329
4403
4330
4404
4331
4405
4332
4406
4333
4407
4334
4408
4335
4409
4336
4410
4337
4411
4338
4412
4339
4413
4340
4414
4341
4415
4342
4416
4343
4417
4418
4345
4419
4346
4420
4347
4421
4348
4422
4349
4423
4350
4424
4351
4425
4352
4426
4353
4427
4354
4428
4355
4429
4356
4430
4357
4431
4358
4432
4359
4433
4360
4434
4361
4435
4362
4436
4363
4437
4364
4438
4365
4439
4366
4440
4367
4441
4368
4442
4369
4443
4370
4444
4371
4445
4372
4446
4373
4447
4374
4448
4375
4449
4376
4450
4377
4451
4378
4452
4379
4453
4380
4454
4381
4455
4382
4456
4383
4457
4384
4458
4385
4459
4386
4460
4387
4461
4388
4462
4389
4463
4390
4464
4391
4465
4392
4466
4393
4467
4394
4468
4395
4469
4396
4470
4397
4471
4398
4472
4399
4473
4400
4474
4401
4475
4402
4476
4403
4477
4404
4478
4405
4479
4406
4480
4407
4481
4408
4482
4409
4483
4410
4484
4411
4485
4412
4486
4413
4487
4414
4488
4415
4489
4416
4490
4417
4491
4418
4492
4493
4420
4494
4421
4495
4422
4496
4423
4497
4424
4498
4425
4499
4426
4500
4427
4501
4428
4502
4429
4503
4430
4504
4431
4505
4432
4506
4433
4507
4434
4508
4435
4509
4436
4510
4437
4511
4438
4512
4439
4513
4440
4514
4441
4515
4442
4516
4443
4517
4444
4518
4445
4519
4446
4520
4447
4521
4448
4522
4449
4523
4450
4524
4451
4525
4452
4526
4453
4527
4454
4528
4455
4529
4456
4530
4457
4531
4458
4532
4459
4533
4460
4534
4461
4535
4462
4536
4463
4537
4464
4538
4465
4539
4466
4540
4467
4541
4468
4542
4469
4543
4470
4544
4471
4545
4472
4546
4473
4547
4474
4548
4475
4549
4476
4550
4477
4551
4478
4552
4479
4553
4480
4554
4481
4555
4482
4556
4483
4557
4484
4558
4485
4559
4486
4560
4487
4561
4488
4562
4489
4563
4490
4564
4491
4565
4492
4566
4493
4567
4568
4495
4569
4496
4570
4497
4571
4498
4572
4499
4573
4500
4574
4501
4575
4502
4576
4503
4577
4504
4578
4505
4579
4506
4580
4507
4581
4508
4582
4509
4583
4510
4584
4511
4585
4512
4586
4513
4587
4514
4588
4515
4589
4516
4590
4517
4591
4518
4592
4519
4593
4520
4594
4521
4595
4522
4596
4523
4597
4524
4598
4525
4599
4526
4600
4527
4601
4528
4602
4529
4603
4530
4604
4531
4605
4532
4606
4533
4607
4534
4608
4535
4609
4536
4610
4537
4611
4538
4612
4539
4613
4540
4614
4541
4615
4542
4616
4543
4617
4544
4618
4545
4619
4546
4620
4547
4621
4548
4622
4549
4623
4550
4624
4551
4625
4552
4626
4553
4627
4554
4628
4555
4629
4556
4630
4557
4631
4558
4632
4559
4633
4560
4634
4561
4635
4562
4636
4563
4637
4564
4638
4565
4639
4566
4640
4567
4641
4568
4642
4643
4570
4644
4571
4645
4572
4646
4573
4647
4574
4648
4575
4649
4576
4650
4577
4651
4578
4652
4579
4653
4580
4654
4581
4655
4582
4656
4583
4657
4584
4658
4585
4659
4586
4660
4587
4661
4588
4662
4589
4663
4590
4664
4591
4665
4592
4666
4593
4667
4594
4668
4595
4669
4596
4670
4597
4671
4598
4672
4599
4673
4600
4674
4601
4675
4602
4676
4603
4677
4604
4678
4605
4679
4606
4680
4607
4681
4608
4682
4609
4683
4610
4684
4611
4685
4612
4686
4613
4687
4614
4688
4615
4689
4616
4690
4617
4691
4618
4692
4619
4693
4620
4694
4621
4695
4622
4696
4623
4697
4624
4698
4625
4699
4626
4700
4627
4701
4628
4702
4629
4703
4630
4704
4631
4705
4632
4706
4633
4707
4634
4708
4635
4709
4636
4710
4637
4711
4638
4712
4639
4713
4640
4714
4641
4715
4642
4716
4643
4717
4718
4645
4719
4646
4720
4647
4721
4648
4722
4649
4723
4650
4724
4651
4725
4652
4726
4653
4727
4654
4728
4655
4729
4656
4730
4657
4731
4658
4732
4659
4733
4660
4734
4661
4735
4662
4736
4663
4737
4664
4738
4665
4739
4666
4740
4667
4741
4668
4742
4669
4743
4670
4744
4671
4745
4672
4746
4673
4747
4674
4748
4675
4749
4676
4750
4677
4751
4678
4752
4679
4753
4680
4754
4681
4755
4682
4756
4683
4757
4684
4758
4685
4759
4686
4760
4687
4761
4688
4762
4689
4763
4690
4764
4691
4765
4692
4766
4693
4767
4694
4768
4695
4769
4696
4770
4697
4771
4698
4772
4699
4773
4700
4774
4701
4775
4702
4776
4703
4777
4704
4778
4705
4779
4706
4780
4707
4781
4708
4782
4709
4783
4710
4784
4711
4785
4712
4786
4713
4787
4714
4788
4715
4789
4716
4790
4717
4791
4718
4792
4793
4720
4794
4721
4795
4722
4796
4723
4797
4724
4798
4725
4799
4726
4800
4727
4801
4728
4802
4729
4803
4730
4804
4731
4805
4732
4806
4733
4807
4734
4808
4735
4809
4736
4810
4737
4811
4738
4812
4739
4813
4740
4814
4741
4815
4742
4816
4743
4817
4744
4818
4745
4819
4746
4820
4747
4821
4748
4822
4749
4823
4750
4824
4751
4825
4752
4826
4753
4827
4754
4828
4755
4829
4756
4830
4757
4831
4758
4832
4759
4833
4760
4834
4761
4835
4762
4836
4763
4837
4764
4838
4765
4839
4766
4840
4767
4841
4768
4842
4769
4843
4770
4844
4771
4845
4772
4846
4773
4847
4774
4848
4775
4849
4776
4850
4777
4851
4778
4852
4779
4853
4780
4854
4781
4855
4782
4856
4783
4857
4784
4858
4785
4859
4786
4860
4787
4861
4788
4862
4789
4863
4790
4864
4791
4865
4792
4866
4793
4867
4868
4795
4869
4796
4870
4797
4871
4798
4872
4799
4873
4800
4874
4801
4875
4802
4876
4803
4877
4804
4878
4805
4879
4806
4880
4807
4881
4808
4882
4809
4883
4810
4884
4811
4885
4812
4886
4813
4887
4814
4888
4815
4889
4816
4890
4817
4891
4818
4892
4819
4893
4820
4894
4821
4895
4822
4896
4823
4897
4824
4898
4825
4899
4826
4900
4827
4901
4828
4902
4829
4903
4830
4904
4831
4905
4832
4906
4833
4907
4834
4908
4835
4909
4836
4910
4837
4911
4838
4912
4839
4913
4840
4914
4841
4915
4842
4916
4843
4917
4844
4918
4845
4919
4846
4920
4847
4921
4848
4922
4849
4923
4850
4924
4851
4925
4852
4926
4853
4927
4854
4928
4855
4929
4856
4930
4857
4931
4858
4932
4859
4933
4860
4934
4861
4935
4862
4936
4863
4937
4864
4938
4865
4939
4866
4940
4867
4941
4868
4942
4943
4870
4944
4871
4945
4872
4946
4873
4947
4874
4948
4875
4949
4876
4950
4877
4951
4878
4952
4879
4953
4880
4954
4881
4955
4882
4956
4883
4957
4884
4958
4885
4959
4886
4960
4887
4961
4888
4962
4889
4963
4890
4964
4891
4965
4892
4966
4893
4967
4894
4968
4895
4969
4896
4970
4897
4971
4898
4972
4899
4973
4900
4974
4901
4975
4902
4976
4903
4977
4904
4978
4905
4979
4906
4980
4907
4981
4908
4982
4909
4983
4910
4984
4911
4985
4912
4986
4913
4987
4914
4988
4915
4989
4916
4990
4917
4991
4918
4992
4919
4993
4920
4994
4921
4995
4922
4996
4923
4997
4924
4998
4925
4999
4926
5000
4927
5001
4928
5002
4929
5003
4930
5004
4931
5005
4932
5006
4933
5007
4934
5008
4935
5009
4936
5010
4937
5011
4938
5012
4939
5013
4940
5014
4941
5015
4942
5016
4943
5017
5018
4945
5019
4946
5020
4947
5021
4948
5022
4949
5023
4950
5024
4951
5025
4952
5026
4953
5027
4954
5028
4955
5029
4956
5030
4957
5031
4958
5032
4959
5033
4960
5034
4961
5035
4962
5036
4963
5037
4964
5038
4965
5039
4966
5040
4967
5041
4968
5042
4969
5043
4970
5044
4971
5045
4972
5046
4973
5047
4974
5048
4975
5049
4976
5050
4977
5051
4978
5052
4979
5053
4980
5054
4981
5055
4982
5056
4983
5057
4984
5058
4985
5059
4986
5060
4987
5061
4988
5062
4989
5063
4990
5064
4991
5065
4992
5066
4993
5067
4994
5068
4995
5069
4996
5070
4997
5071
4998
5072
4999
5073
5000
5074
5001
5075
5002
5076
5003
5077
5004
5078
5005
5079
5006
5080
5007
5081
5008
5082
5009
5083
5010
5084
5011
5085
5012
5086
5013
5087
5014
5088
5015
5089
5016
5090
5017
5091
5018
5092
5093
5020
5094
5021
5095
5022
5096
5023
5097
5024
5098
5025
5099
5026
5100
5027
5101
5028
5102
5029
5103
5030
5104
5031
5105
5032
5106
5033
5107
5034
5108
5035
5109
5036
5110
5037
5111
5038
5112
5039
5113
5040
5114
5041
5115
5042
5116
5043
5117
5044
5118
5045
5119
5046
5120
5047
5121
5048
5122
5049
5123
5050
5124
5051
5125
5052
5126
5053
5127
5054
5128
5055
5129
5056
5130
5057
5131
5058
5132
5059
5133
5060
5134
5061
5135
5062
5136
5063
5137
5064
5138
5065
5139
5066
5140
5067
5141
5068
5142
5069
5143
5070
5144
5071
5145
5072
5146
5073
5147
5074
5148
5075
5149
5076
5150
5077
5151
5078
5152
5079
5153
5080
5154
5081
5155
5082
5156
5083
5157
5084
5158
5085
5159
5086
5160
5087
5161
5088
5162
5089
5163
5090
5164
5091
5165
5092
5166
5093
5167
5168
5095
5169
5096
5170
5097
5171
5098
5172
5099
5173
5100
5174
5101
5175
5102
5176
5103
5177
5104
5178
5105
5179
5106
5180
5107
5181
5108
5182
5109
5183
5110
5184
5111
5185
5112
5186
5113
5187
5114
5188
5115
5189
5116
5190
5117
5191
5118
5192
5119
5193
5120
5194
5121
5195
5122
5196
5123
5197
5124
5198
5125
5199
5126
5200
5127
5201
5128
5202
5129
5203
5130
5204
5131
5205
5132
5206
5133
5207
5134
5208
5135
5209
5136
5210
5137
5211
5138
5212
5139
5213
5140
5214
5141
5215
5142
5216
5143
5217
5144
5218
5145
5219
5146
5220
5147
5221
5148
5222
5149
5223
5150
5224
5151
5225
5152
5226
5153
5227
5154
5228
5155
5229
5156
5230
5157
5231
5158
5232
5159
5233
5160
5234
5161
5235
5162
5236
5163
5237
5164
5238
5165
5239
5166
5240
5167
5241
5168
5242
5243
5170
5244
5171
5245
5172
5246
5173
5247
5174
5248
5175
5249
5176
5250
5177
5251
5178
5252
5179
5253
5180
5254
5181
5255
5182
5256
5183
5257
5184
5258
5185
5259
5186
5260
5187
5261
5188
5262
5189
5263
5190
5264
5191
5265
5192
5266
5193
5267
5194
5268
5195
5269
5196
5270
5197
5271
5198
5272
5199
5273
5200
5274
5201
5275
5202
5276
5203
5277
5204
5278
5205
5279
5206
5280
5207
5281
5208
5282
5209
5283
5210
5284
5211
5285
5212
5286
5213
5287
5214
5288
5215
5289
5216
5290
5217
5291
5218
5292
5219
5293
5220
5294
5221
5295
5222
5296
5223
5297
5224
5298
5225
5299
5226
5300
5227
5301
5228
5302
5229
5303
5230
5304
5231
5305
5232
5306
5233
5307
5234
5308
5235
5309
5236
5310
5237
5311
5238
5312
5239
5313
5240
5314
5241
5315
5242
5316
5243
5317
5318
5245
5319
5246
5320
5247
5321
5248
5322
5249
5323
5250
5324
5251
5325
5252
5326
5253
5327
5254
5328
5255
5329
5256
5330
5257
5331
5258
5332
5259
5333
5260
5334
5261
5335
5262
5336
5263
5337
5264
5338
5265
5339
5266
5340
5267
5341
5268
5342
5269
5343
5270
5344
5271
5345
5272
5346
5273
5347
5274
5348
5275
5349
5276
5350
5277
5351
5278
5352
5279
5353
5280
5354
5281
5355
5282
5356
5283
5357
5284
5358
5285
5359
5286
5360
5287
5361
5288
5362
5289
5363
5290
5364
5291
5365
5292
5366
5293
5367
5294
5368
5295
5369
5296
5370
5297
5371
5298
5372
5299
5373
5300
5374
5301
5375
5302
5376
5303
5377
5304
5378
5305
5379
5306
5380
5307
5381
5308
5382
5309
5383
5310
5384
5311
5385
5312
5386
5313
5387
5314
5388
5315
5389
5316
5390
5317
5391
5318
5392
5393
5320
5394
5321
5395
5322
5396
5323
5397
5324
5398
5325
5399
5326
5400
5327
5401
5328
5402
5329
5403
5330
5404
5331
5405
5332
5406
5333
5407
5334
5408
5335
5409
5336
5410
5337
5411
5338
5412
5339
5413
5340
5414
5341
5415
5342
5416
5343
5417
5344
5418
5345
5419
5346
5420
5347
5421
5348
5422
5349
5423
5350
5424
5351
5425
5352
5426
5353
5427
5354
5428
5355
5429
5356
5430
5357
5431
5358
5432
5359
5433
5360
5434
5361
5435
5362
5436
5363
5437
5364
5438
5365
5439
5366
5440
5367
5441
5368
5442
5369
5443
5370
5444
5371
5445
5372
5446
5373
5447
5374
5448
5375
5449
5376
5450
5377
5451
5378
5452
5379
5453
5380
5454
5381
5455
5382
5456
5383
5457
5384
5458
5385
5459
5386
5460
5387
5461
5388
5462
5389
5463
5390
5464
5391
5465
5392
5466
5393
5467
5468
5395
5469
5396
5470
5397
5471
5398
5472
5399
5473
5400
5474
5401
5475
5402
5476
5403
5477
5404
5478
5405
5479
5406
5480
5407
5481
5408
5482
5409
5483
5410
5484
5411
5485
5412
5486
5413
5487
5414
5488
5415
5489
5416
5490
5417
5491
5418
5492
5419
5493
5420
5494
5421
5495
5422
5496
5423
5497
5424
5498
5425
5499
5426
5500
5427
5501
5428
5502
5429
5503
5430
5504
5431
5505
5432
5506
5433
5507
5434
5508
5435
5509
5436
5510
5437
5511
5438
5512
5439
5513
5440
5514
5441
5515
5442
5516
5443
5517
5444
5518
5445
5519
5446
5520
5447
5521
5448
5522
5449
5523
5450
5524
5451
5525
5452
5526
5453
5527
5454
5528
5455
5529
5456
5530
5457
5531
5458
5532
5459
5533
5460
5534
5461
5535
5462
5536
5463
5537
5464
5538
5465
5539
5466
5540
5467
5541
5468
5542
5543
5470
5544
5471
5545
5472
5546
5473
5547
5474
5548
5475
5549
5476
5550
5477
5551
5478
5552
5479
5553
5480
5554
5481
5555
5482
5556
5483
5557
5484
5558
5485
5559
5486
5560
5487
5561
5488
5562
5489
5563
5490
5564
5491
5565
5492
5566
5493
5567
5494
5568
5495
5569
5496
5570
5497
5571
5498
5572
5499
5573
5500
5574
5501
5575
5502
5576
5503
5577
5504
5578
5505
5579
5506
5580
5507
5581
5508
5582
5509
5583
5510
5584
5511
5585
5512
5586
5513
5587
5514
5588
5515
5589
5516
5590
5517
5591
5518
5592
5519
5593
5520
5594
5521
5595
5522
5596
5523
5597
5524
5598
5525
5599
5526
5600
5527
5601
5528
5602
5529
5603
5530
5604
5531
5605
5532
5606
5533
5607
5534
5608
5535
5609
5536
5610
5537
5611
5538
5612
5539
5613
5540
5614
5541
5615
5542
5616
5543
5617
5618
5545
5619
5546
5620
5547
5621
5548
5622
5549
5623
5550
5624
5551
5625
5552
5626
5553
5627
5554
5628
5555
5629
5556
5630
5557
5631
5558
5632
5559
5633
5560
5634
5561
5635
5562
5636
5563
5637
5564
5638
5565
5639
5566
5640
5567
5641
5568
5642
5569
5643
5570
5644
5571
5645
5572
5646
5573
5647
5574
5648
5575
5649
5576
5650
5577
5651
5578
5652
5579
5653
5580
5654
5581
5655
5582
5656
5583
5657
5584
5658
5585
5659
5586
5660
5587
5661
5588
5662
5589
5663
5590
5664
5591
5665
5592
5666
5593
5667
5594
5668
5595
5669
5596
5670
5597
5671
5598
5672
5599
5673
5600
5674
5601
5675
5602
5676
5603
5677
5604
5678
5605
5679
5606
5680
5607
5681
5608
5682
5609
5683
5610
5684
5611
5685
5612
5686
5613
5687
5614
5688
5615
5689
5616
5690
5617
5691
5618
5692
5693
5620
5694
5621
5695
5622
5696
5623
5697
5624
5698
5625
5699
5626
5700
5627
5701
5628
5702
5629
5703
5630
5704
5631
5705
5632
5706
5633
5707
5634
5708
5635
5709
5636
5710
5637
5711
5638
5712
5639
5713
5640
5714
5641
5715
5642
5716
5643
5717
5644
5718
5645
5719
5646
5720
5647
5721
5648
5722
5649
5723
5650
5724
5651
5725
5652
5726
5653
5727
5654
5728
5655
5729
5656
5730
5657
5731
5658
5732
5659
5733
5660
5734
5661
5735
5662
5736
5663
5737
5664
5738
5665
5739
5666
5740
5667
5741
5668
5742
5669
5743
5670
5744
5671
5745
5672
5746
5673
5747
5674
5748
5675
5749
5676
5750
5677
5751
5678
5752
5679
5753
5680
5754
5681
5755
5682
5756
5683
5757
5684
5758
5685
5759
5686
5760
5687
5761
5688
5762
5689
5763
5690
5764
5691
5765
5692
5766
5693
5767
5768
5695
5769
5696
5770
5697
5771
5698
5772
5699
5773
5700
5774
5701
5775
5702
5776
5703
5777
5704
5778
5705
5779
5706
5780
5707
5781
5708
5782
5709
5783
5710
5784
5711
5785
5712
5786
5713
5787
5714
5788
5715
5789
5716
5790
5717
5791
5718
5792
5719
5793
5720
5794
5721
5795
5722
5796
5723
5797
5724
5798
5725
5799
5726
5800
5727
5801
5728
5802
5729
5803
5730
5804
5731
5805
5732
5806
5733
5807
5734
5808
5735
5809
5736
5810
5737
5811
5738
5812
5739
5813
5740
5814
5741
5815
5742
5816
5743
5817
5744
5818
5745
5819
5746
5820
5747
5821
5748
5822
5749
5823
5750
5824
5751
5825
5752
5826
5753
5827
5754
5828
5755
5829
5756
5830
5757
5831
5758
5832
5759
5833
5760
5834
5761
5835
5762
5836
5763
5837
5764
5838
5765
5839
5766
5840
5767
5841
5768
5842
5843
5770
5844
5771
5845
5772
5846
5773
5847
5774
5848
5775
5849
5776
5850
5777
5851
5778
5852
5779
5853
5780
5854
5781
5855
5782
5856
5783
5857
5784
5858
5785
5859
5786
5860
5787
5861
5788
5862
5789
5863
5790
5864
5791
5865
5792
5866
5793
5867
5794
5868
5795
5869
5796
5870
5797
5871
5798
5872
5799
5873
5800
5874
5801
5875
5802
5876
5803
5877
5804
5878
5805
5879
5806
5880
5807
5881
5808
5882
5809
5883
5810
5884
5811
5885
5812
5886
5813
5887
5814
5888
5815
5889
5816
5890
5817
5891
5818
5892
5819
5893
5820
5894
5821
5895
5822
5896
5823
5897
5824
5898
5825
5899
5826
5900
5827
5901
5828
5902
5829
5903
5830
5904
5831
5905
5832
5906
5833
5907
5834
5908
5835
5909
5836
5910
5837
5911
5838
5912
5839
5913
5840
5914
5841
5915
5842
5916
5843
5917
5918
5845
5919
5846
5920
5847
5921
5848
5922
5849
5923
5850
5924
5851
5925
5852
5926
5853
5927
5854
5928
5855
5929
5856
5930
5857
5931
5858
5932
5859
5933
5860
5934
5861
5935
5862
5936
5863
5937
5864
5938
5865
5939
5866
5940
5867
5941
5868
5942
5869
5943
5870
5944
5871
5945
5872
5946
5873
5947
5874
5948
5875
5949
5876
5950
5877
5951
5878
5952
5879
5953
5880
5954
5881
5955
5882
5956
5883
5957
5884
5958
5885
5959
5886
5960
5887
5961
5888
5962
5889
5963
5890
5964
5891
5965
5892
5966
5893
5967
5894
5968
5895
5969
5896
5970
5897
5971
5898
5972
5899
5973
5900
5974
5901
5975
5902
5976
5903
5977
5904
5978
5905
5979
5906
5980
5907
5981
5908
5982
5909
5983
5910
5984
5911
5985
5912
5986
5913
5987
5914
5988
5915
5989
5916
5990
5917
5991
5918
5992
5993
5920
5994
5921
5995
5922
5996
5923
5997
5924
5998
5925
5999
5926
6000
5927
6001
5928
6002
5929
6003
5930
6004
5931
6005
5932
6006
5933
6007
5934
6008
5935
6009
5936
6010
5937
6011
5938
6012
5939
6013
5940
6014
5941
6015
5942
6016
5943
6017
5944
6018
5945
6019
5946
6020
5947
6021
5948
6022
5949
6023
5950
6024
5951
6025
5952
6026
5953
6027
5954
6028
5955
6029
5956
6030
5957
6031
5958
6032
5959
6033
5960
6034
5961
6035
5962
6036
5963
6037
5964
6038
5965
6039
5966
6040
5967
6041
5968
6042
5969
6043
5970
6044
5971
6045
5972
6046
5973
6047
5974
6048
5975
6049
5976
6050
5977
6051
5978
6052
5979
6053
5980
6054
5981
6055
5982
6056
5983
6057
5984
6058
5985
6059
5986
6060
5987
6061
5988
6062
5989
6063
5990
6064
5991
6065
5992
6066
5993
6067
6068
5995
6069
5996
6070
5997
6071
5998
6072
5999
6073
6000
6074
6001
6075
6002
6076
6003
6077
6004
6078
6005
6079
6006
6080
6007
6081
6008
6082
6009
6083
6010
6084
6011
6085
6012
6086
6013
6087
6014
6088
6015
6089
6016
6090
6017
6091
6018
6092
6019
6093
6020
6094
6021
6095
6022
6096
6023
6097
6024
6098
6025
6099
6026
6100
6027
6101
6028
6102
6029
6103
6030
6104
6031
6105
6032
6106
6033
6107
6034
6108
6035
6109
6036
6110
6037
6111
6038
6112
6039
6113
6040
6114
6041
6115
6042
6116
6043
6117
6044
6118
6045
6119
6046
6120
6047
6121
6048
6122
6049
6123
6050
6124
6051
6125
6052
6126
6053
6127
6054
6128
6055
6129
6056
6130
6057
6131
6058
6132
6059
6133
6060
6134
6061
6135
6062
6136
6063
6137
6064
6138
6065
6139
6066
6140
6067
6141
6068
6142
6143
6070
6144
6071
6145
6072
6146
6073
6147
6074
6148
6075
6149
6076
6150
6077
6151
6078
6152
6079
6153
6080
6154
6081
6155
6082
6156
6083
6157
6084
6158
6085
6159
6086
6160
6087
6161
6088
6162
6089
6163
6090
6164
6091
6165
6092
6166
6093
6167
6094
6168
6095
6169
6096
6170
6097
6171
6098
6172
6099
6173
6100
6174
6101
6175
6102
6176
6103
6177
6104
6178
6105
6179
6106
6180
6107
6181
6108
6182
6109
6183
6110
6184
6111
6185
6112
6186
6113
6187
6114
6188
6115
6189
6116
6190
6117
6191
6118
6192
6119
6193
6120
6194
6121
6195
6122
6196
6123
6197
6124
6198
6125
6199
6126
6200
6127
6201
6128
6202
6129
6203
6130
6204
6131
6205
6132
6206
6133
6207
6134
6208
6135
6209
6136
6210
6137
6211
6138
6212
6139
6213
6140
6214
6141
6215
6142
6216
6143
6217
6218
6145
6219
6146
6220
6147
6221
6148
6222
6149
6223
6150
6224
6151
6225
6152
6226
6153
6227
6154
6228
6155
6229
6156
6230
6157
6231
6158
6232
6159
6233
6160
6234
6161
6235
6162
6236
6163
6237
6164
6238
6165
6239
6166
6240
6167
6241
6168
6242
6169
6243
6170
6244
6171
6245
6172
6246
6173
6247
6174
6248
6175
6249
6176
6250
6177
6251
6178
6252
6179
6253
6180
6254
6181
6255
6182
6256
6183
6257
6184
6258
6185
6259
6186
6260
6187
6261
6188
6262
6189
6263
6190
6264
6191
6265
6192
6266
6193
6267
6194
6268
6195
6269
6196
6270
6197
6271
6198
6272
6199
6273
6200
6274
6201
6275
6202
6276
6203
6277
6204
6278
6205
6279
6206
6280
6207
6281
6208
6282
6209
6283
6210
6284
6211
6285
6212
6286
6213
6287
6214
6288
6215
6289
6216
6290
6217
6291
6218
6292
6293
6220
6294
6221
6295
6222
6296
6223
6297
6224
6298
6225
6299
6226
6300
6227
6301
6228
6302
6229
6303
6230
6304
6231
6305
6232
6306
6233
6307
6234
6308
6235
6309
6236
6310
6237
6311
6238
6312
6239
6313
6240
6314
6241
6315
6242
6316
6243
6317
6244
6318
6245
6319
6246
6320
6247
6321
6248
6322
6249
6323
6250
6324
6251
6325
6252
6326
6253
6327
6254
6328
6255
6329
6256
6330
6257
6331
6258
6332
6259
6333
6260
6334
6261
6335
6262
6336
6263
6337
6264
6338
6265
6339
6266
6340
6267
6341
6268
6342
6269
6343
6270
6344
6271
6345
6272
6346
6273
6347
6274
6348
6275
6349
6276
6350
6277
6351
6278
6352
6279
6353
6280
6354
6281
6355
6282
6356
6283
6357
6284
6358
6285
6359
6286
6360
6287
6361
6288
6362
6289
6363
6290
6364
6291
6365
6292
6366
6293
6367
6368
6295
6369
6296
6370
6297
6371
6298
6372
6299
6373
6300
6374
6301
6375
6302
6376
6303
6377
6304
6378
6305
6379
6306
6380
6307
6381
6308
6382
6309
6383
6310
6384
6311
6385
6312
6386
6313
6387
6314
6388
6315
6389
6316
6390
6317
6391
6318
6392
6319
6393
6320
6394
6321
6395
6322
6396
6323
6397
6324
6398
6325
6399
6326
6400
6327
6401
6328
6402
6329
6403
6330
6404
6331
6405
6332
6406
6333
6407
6334
6408
6335
6409
6336
6410
6337
6411
6338
6412
6339
6413
6340
6414
6341
6415
6342
6416
6343
6417
6344
6418
6345
6419
6346
6420
6347
6421
6348
6422
6349
6423
6350
6424
6351
6425
6352
6426
6353
6427
6354
6428
6355
6429
6356
6430
6357
6431
6358
6432
6359
6433
6360
6434
6361
6435
6362
6436
6363
6437
6364
6438
6365
6439
6366
6440
6367
6441
6368
6442
6443
6370
6444
6371
6445
6372
6446
6373
6447
6374
6448
6375
6449
6376
6450
6377
6451
6378
6452
6379
6453
6380
6454
6381
6455
6382
6456
6383
6457
6384
6458
6385
6459
6386
6460
6387
6461
6388
6462
6389
6463
6390
6464
6391
6465
6392
6466
6393
6467
6394
6468
6395
6469
6396
6470
6397
6471
6398
6472
6399
6473
6400
6474
6401
6475
6402
6476
6403
6477
6404
6478
6405
6479
6406
6480
6407
6481
6408
6482
6409
6483
6410
6484
6411
6485
6412
6486
6413
6487
6414
6488
6415
6489
6416
6490
6417
6491
6418
6492
6419
6493
6420
6494
6421
6495
6422
6496
6423
6497
6424
6498
6425
6499
6426
6500
6427
6501
6428
6502
6429
6503
6430
6504
6431
6505
6432
6506
6433
6507
6434
6508
6435
6509
6436
6510
6437
6511
6438
6512
6439
6513
6440
6514
6441
6515
6442
6516
6443
6517
6518
6445
6519
6446
6520
6447
6521
6448
6522
6449
6523
6450
6524
6451
6525
6452
6526
6453
6527
6454
6528
6455
6529
6456
6530
6457
6531
6458
6532
6459
6533
6460
6534
6461
6535
6462
6536
6463
6537
6464
6538
6465
6539
6466
6540
6467
6541
6468
6542
6469
6543
6470
6544
6471
6545
6472
6546
6473
6547
6474
6548
6475
6549
6476
6550
6477
6551
6478
6552
6479
6553
6480
6554
6481
6555
6482
6556
6483
6557
6484
6558
6485
6559
6486
6560
6487
6561
6488
6562
6489
6563
6490
6564
6491
6565
6492
6566
6493
6567
6494
6568
6495
6569
6496
6570
6497
6571
6498
6572
6499
6573
6500
6574
6501
6575
6502
6576
6503
6577
6504
6578
6505
6579
6506
6580
6507
6581
6508
6582
6509
6583
6510
6584
6511
6585
6512
6586
6513
6587
6514
6588
6515
6589
6516
6590
6517
6591
6518
6592
6593
6520
6594
6521
6595
6522
6596
6523
6597
6524
6598
6525
6599
6526
6600
6527
6601
6528
6602
6529
6603
6530
6604
6531
6605
6532
6606
6533
6607
6534
6608
6535
6609
6536
6610
6537
6611
6538
6612
6539
6613
6540
6614
6541
6615
6542
6616
6543
6617
6544
6618
6545
6619
6546
6620
6547
6621
6548
6622
6549
6623
6550
6624
6551
6625
6552
6626
6553
6627
6554
6628
6555
6629
6556
6630
6557
6631
6558
6632
6559
6633
6560
6634
6561
6635
6562
6636
6563
6637
6564
6638
6565
6639
6566
6640
6567
6641
6568
6642
6569
6643
6570
6644
6571
6645
6572
6646
6573
6647
6574
6648
6575
6649
6576
6650
6577
6651
6578
6652
6579
6653
6580
6654
6581
6655
6582
6656
6583
6657
6584
6658
6585
6659
6586
6660
6587
6661
6588
6662
6589
6663
6590
6664
6591
6665
6592
6666
6593
6667
6668
6595
6669
6596
6670
6597
6671
6598
6672
6599
6673
6600
6674
6601
6675
6602
6676
6603
6677
6604
6678
6605
6679
6606
6680
6607
6681
6608
6682
6609
6683
6610
6684
6611
6685
6612
6686
6613
6687
6614
6688
6615
6689
6616
6690
6617
6691
6618
6692
6619
6693
6620
6694
6621
6695
6622
6696
6623
6697
6624
6698
6625
6699
6626
6700
6627
6701
6628
6702
6629
6703
6630
6704
6631
6705
6632
6706
6633
6707
6634
6708
6635
6709
6636
6710
6637
6711
6638
6712
6639
6713
6640
6714
6641
6715
6642
6716
6643
6717
6644
6718
6645
6719
6646
6720
6647
6721
6648
6722
6649
6723
6650
6724
6651
6725
6652
6726
6653
6727
6654
6728
6655
6729
6656
6730
6657
6731
6658
6732
6659
6733
6660
6734
6661
6735
6662
6736
6663
6737
6664
6738
6665
6739
6666
6740
6667
6741
6668
6742
6743
6670
6744
6671
6745
6672
6746
6673
6747
6674
6748
6675
6749
6676
6750
6677
6751
6678
6752
6679
6753
6680
6754
6681
6755
6682
6756
6683
6757
6684
6758
6685
6759
6686
6760
6687
6761
6688
6762
6689
6763
6690
6764
6691
6765
6692
6766
6693
6767
6694
6768
6695
6769
6696
6770
6697
6771
6698
6772
6699
6773
6700
6774
6701
6775
6702
6776
6703
6777
6704
6778
6705
6779
6706
6780
6707
6781
6708
6782
6709
6783
6710
6784
6711
6785
6712
6786
6713
6787
6714
6788
6715
6789
6716
6790
6717
6791
6718
6792
6719
6793
6720
6794
6721
6795
6722
6796
6723
6797
6724
6798
6725
6799
6726
6800
6727
6801
6728
6802
6729
6803
6730
6804
6731
6805
6732
6806
6733
6807
6734
6808
6735
6809
6736
6810
6737
6811
6738
6812
6739
6813
6740
6814
6741
6815
6742
6816
6743
6817
6818
6745
6819
6746
6820
6747
6821
6748
6822
6749
6823
6750
6824
6751
6825
6752
6826
6753
6827
6754
6828
6755
6829
6756
6830
6757
6831
6758
6832
6759
6833
6760
6834
6761
6835
6762
6836
6763
6837
6764
6838
6765
6839
6766
6840
6767
6841
6768
6842
6769
6843
6770
6844
6771
6845
6772
6846
6773
6847
6774
6848
6775
6849
6776
6850
6777
6851
6778
6852
6779
6853
6780
6854
6781
6855
6782
6856
6783
6857
6784
6858
6785
6859
6786
6860
6787
6861
6788
6862
6789
6863
6790
6864
6791
6865
6792
6866
6793
6867
6794
6868
6795
6869
6796
6870
6797
6871
6798
6872
6799
6873
6800
6874
6801
6875
6802
6876
6803
6877
6804
6878
6805
6879
6806
6880
6807
6881
6808
6882
6809
6883
6810
6884
6811
6885
6812
6886
6813
6887
6814
6888
6815
6889
6816
6890
6817
6891
6818
6892
6893
6820
6894
6821
6895
6822
6896
6823
6897
6824
6898
6825
6899
6826
6900
6827
6901
6828
6902
6829
6903
6830
6904
6831
6905
6832
6906
6833
6907
6834
6908
6835
6909
6836
6910
6837
6911
6838
6912
6839
6913
6840
6914
6841
6915
6842
6916
6843
6917
6844
6918
6845
6919
6846
6920
6847
6921
6848
6922
6849
6923
6850
6924
6851
6925
6852
6926
6853
6927
6854
6928
6855
6929
6856
6930
6857
6931
6858
6932
6859
6933
6860
6934
6861
6935
6862
6936
6863
6937
6864
6938
6865
6939
6866
6940
6867
6941
6868
6942
6869
6943
6870
6944
6871
6945
6872
6946
6873
6947
6874
6948
6875
6949
6876
6950
6877
6951
6878
6952
6879
6953
6880
6954
6881
6955
6882
6956
6883
6957
6884
6958
6885
6959
6886
6960
6887
6961
6888
6962
6889
6963
6890
6964
6891
6965
6892
6966
6893
6967
6968
6895
6969
6896
6970
6897
6971
6898
6972
6899
6973
6900
6974
6901
6975
6902
6976
6903
6977
6904
6978
6905
6979
6906
6980
6907
6981
6908
6982
6909
6983
6910
6984
6911
6985
6912
6986
6913
6987
6914
6988
6915
6989
6916
6990
6917
6991
6918
6992
6919
6993
6920
6994
6921
6995
6922
6996
6923
6997
6924
6998
6925
6999
6926
7000
6927
7001
6928
7002
6929
7003
6930
7004
6931
7005
6932
7006
6933
7007
6934
7008
6935
7009
6936
7010
6937
7011
6938
7012
6939
7013
6940
7014
6941
7015
6942
7016
6943
7017
6944
7018
6945
7019
6946
7020
6947
7021
6948
7022
6949
7023
6950
7024
6951
7025
6952
7026
6953
7027
6954
7028
6955
7029
6956
7030
6957
7031
6958
7032
6959
7033
6960
7034
6961
7035
6962
7036
6963
7037
6964
7038
6965
7039
6966
7040
6967
7041
6968
7042
7043
6970
7044
6971
7045
6972
7046
6973
7047
6974
7048
6975
7049
6976
7050
6977
7051
6978
7052
6979
7053
6980
7054
6981
7055
6982
7056
6983
7057
6984
7058
6985
7059
6986
7060
6987
7061
6988
7062
6989
7063
6990
7064
6991
7065
6992
7066
6993
7067
6994
7068
6995
7069
6996
7070
6997
7071
6998
7072
6999
7073
7000
7074
7001
7075
7002
7076
7003
7077
7004
7078
7005
7079
7006
7080
7007
7081
7008
7082
7009
7083
7010
7084
7011
7085
7012
7086
7013
7087
7014
7088
7015
7089
7016
7090
7017
7091
7018
7092
7019
7093
7020
7094
7021
7095
7022
7096
7023
7097
7024
7098
7025
7099
7026
7100
7027
7101
7028
7102
7029
7103
7030
7104
7031
7105
7032
7106
7033
7107
7034
7108
7035
7109
7036
7110
7037
7111
7038
7112
7039
7113
7040
7114
7041
7115
7042
7116
7043
7117
7118
7045
7119
7046
7120
7047
7121
7048
7122
7049
7123
7050
7124
7051
7125
7052
7126
7053
7127
7054
7128
7055
7129
7056
7130
7057
7131
7058
7132
7059
7133
7060
7134
7061
7135
7062
7136
7063
7137
7064
7138
7065
7139
7066
7140
7067
7141
7068
7142
7069
7143
7070
7144
7071
7145
7072
7146
7073
7147
7074
7148
7075
7149
7076
7150
7077
7151
7078
7152
7079
7153
7080
7154
7081
7155
7082
7156
7083
7157
7084
7158
7085
7159
7086
7160
7087
7161
7088
7162
7089
7163
7090
7164
7091
7165
7092
7166
7093
7167
7094
7168
7095
7169
7096
7170
7097
7171
7098
7172
7099
7173
7100
7174
7101
7175
7102
7176
7103
7177
7104
7178
7105
7179
7106
7180
7107
7181
7108
7182
7109
7183
7110
7184
7111
7185
7112
7186
7113
7187
7114
7188
7115
7189
7116
7190
7117
7191
7118
7192
7193
7120
7194
7121
7195
7122
7196
7123
7197
7124
7198
7125
7199
7126
7200
7127
7201
7128
7202
7129
7203
7130
7204
7131
7205
7132
7206
7133
7207
7134
7208
7135
7209
7136
7210
7137
7211
7138
7212
7139
7213
7140
7214
7141
7215
7142
7216
7143
7217
7144
7218
7145
7219
7146
7220
7147
7221
7148
7222
7149
7223
7150
7224
7151
7225
7152
7226
7153
7227
7154
7228
7155
7229
7156
7230
7157
7231
7158
7232
7159
7233
7160
7234
7161
7235
7162
7236
7163
7237
7164
7238
7165
7239
7166
7240
7167
7241
7168
7242
7169
7243
7170
7244
7171
7245
7172
7246
7173
7247
7174
7248
7175
7249
7176
7250
7177
7251
7178
7252
7179
7253
7180
7254
7181
7255
7182
7256
7183
7257
7184
7258
7185
7259
7186
7260
7187
7261
7188
7262
7189
7263
7190
7264
7191
7265
7192
7266
7193
7267
7268
7195
7269
7196
7270
7197
7271
7198
7272
7199
7273
7200
7274
7201
7275
7202
7276
7203
7277
7204
7278
7205
7279
7206
7280
7207
7281
7208
7282
7209
7283
7210
7284
7211
7285
7212
7286
7213
7287
7214
7288
7215
7289
7216
7290
7217
7291
7218
7292
7219
7293
7220
7294
7221
7295
7222
7296
7223
7297
7224
7298
7225
7299
7226
7300
7227
7301
7228
7302
7229
7303
7230
7304
7231
7305
7232
7306
7233
7307
7234
7308
7235
7309
7236
7310
7237
7311
7238
7312
7239
7313
7240
7314
7241
7315
7242
7316
7243
7317
7244
7318
7245
7319
7246
7320
7247
7321
7248
7322
7249
7323
7250
7324
7251
7325
7252
7326
7253
7327
7254
7328
7255
7329
7256
7330
7257
7331
7258
7332
7259
7333
7260
7334
7261
7335
7262
7336
7263
7337
7264
7338
7265
7339
7266
7340
7267
7341
7268
7342
7343
7270
7345
7271
7346
7272
7347
7273
7348
7274
7349
7275
7350
7276
7351
7277
7352
7278
7353
7279
7354
7280
7355
7281
7356
7282
7357
7283
7358
7284
7359
7285
7360
7286
7361
7287
7362
7288
7363
7289
7364
7290
7365
7291
7366
7292
7367
7293
7368
7294
7369
7295
7370
7296
7371
7297
7372
7298
7373
7299
7374
7300
7375
7301
7376
7302
7377
7303
7378
7304
7379
7305
7380
7306
7381
7307
7382
7308
7383
7309
7384
7310
7385
7311
7386
7312
7387
7313
7388
7314
7389
7315
7390
7316
7391
7317
7392
7318
7393
7319
7394
7320
7395
7321
7396
7322
7397
7323
7398
7324
7399
7325
7400
7326
7401
7327
7402
7328
7403
7329
7404
7330
7405
7331
7406
7332
7407
7333
7408
7334
7409
7335
7410
7336
7411
7337
7412
7338
7413
7339
7414
7340
7415
7341
7416
7342
7417
7343
7418
7344
7419
7420
7346
7347
7348
7349
7350
7351
7352
7353
7354
7355
7356
7357
7358
7359
7360
7361
7362
7363
7364
7365
7366
7367
7368
7369
7370
7371
7372
7373
7374
7375
7376
7377
7378
7379
7380
7381
7382
7383
7384
7385
7386
7387
7388
7389
7390
7391
7392
7393
7394
7395
7396
7397
7398
7399
7400
7401
7402
7403
7404
7405
7406
7407
7408
7409
7410
7411
7412
7413
7414
7415
7416
7417
7418
7419
7420
)


// ************************************************************************* //
