/*--------------------------------*- C++ -*----------------------------------*\
| =========                 |                                                 |
| \\      /  F ield         | OpenFOAM: The Open Source CFD Toolbox           |
|  \\    /   O peration     | Version:  2412                                  |
|   \\  /    A nd           | Website:  www.openfoam.com                      |
|    \\/     M anipulation  |                                                 |
\*---------------------------------------------------------------------------*/
FoamFile
{
    version     2.0;
    format      ascii;
    arch        "LSB;label=32;scalar=64";
    class       volScalarField;
    location    "180";
    object      nut;
}
// * * * * * * * * * * * * * * * * * * * * * * * * * * * * * * * * * * * * * //

dimensions      [0 2 -1 0 0 0 0];

internalField   nonuniform List<scalar> 
7373
(
1.61772e-11
1.61748e-11
1.61704e-11
1.61634e-11
1.6153e-11
1.61397e-11
1.61242e-11
1.6105e-11
1.60828e-11
1.60581e-11
1.60293e-11
1.59964e-11
1.5959e-11
1.59178e-11
1.58718e-11
1.58199e-11
1.57623e-11
1.56988e-11
1.5629e-11
1.55527e-11
1.54683e-11
1.5375e-11
1.52731e-11
1.51625e-11
1.50422e-11
1.4911e-11
1.47676e-11
1.46127e-11
1.44451e-11
1.4263e-11
1.40674e-11
1.38562e-11
1.36278e-11
1.33829e-11
1.31206e-11
1.28391e-11
1.25377e-11
1.22165e-11
1.18743e-11
1.15102e-11
1.11237e-11
1.07145e-11
1.02827e-11
9.82793e-12
9.34996e-12
8.84837e-12
8.32476e-12
7.78134e-12
7.2203e-12
6.64745e-12
6.07125e-12
5.50275e-12
4.95677e-12
4.44149e-12
3.95293e-12
3.47119e-12
2.96239e-12
2.38333e-12
1.69648e-12
9.21347e-13
2.54526e-13
1.14059e-14
3.47352e-14
1.14711e-12
1.00279e-11
4.5283e-11
1.52762e-10
3.49824e-10
1.54927e-09
1.54906e-09
1.54858e-09
1.54783e-09
1.54686e-09
1.5456e-09
1.54404e-09
1.54219e-09
1.54006e-09
1.53764e-09
1.53482e-09
1.53166e-09
1.52809e-09
1.52411e-09
1.51962e-09
1.5146e-09
1.50907e-09
1.50295e-09
1.49621e-09
1.48883e-09
1.4807e-09
1.47174e-09
1.46194e-09
1.45128e-09
1.43969e-09
1.42706e-09
1.41326e-09
1.39835e-09
1.3822e-09
1.36466e-09
1.34582e-09
1.3255e-09
1.30356e-09
1.27998e-09
1.25474e-09
1.22767e-09
1.1987e-09
1.1678e-09
1.13487e-09
1.09983e-09
1.06267e-09
1.02332e-09
9.81785e-10
9.38007e-10
8.9199e-10
8.43722e-10
7.9333e-10
7.41016e-10
6.86991e-10
6.31812e-10
5.76274e-10
5.21432e-10
4.68706e-10
4.18893e-10
3.71614e-10
3.24998e-10
2.75925e-10
2.20488e-10
1.55507e-10
8.344e-11
2.28154e-11
1.0447e-12
3.21567e-12
9.91837e-11
8.30776e-10
3.65626e-09
1.19744e-08
2.76839e-08
1.50866e-08
1.50844e-08
1.5079e-08
1.50714e-08
1.50615e-08
1.50489e-08
1.50335e-08
1.50153e-08
1.49942e-08
1.49698e-08
1.4942e-08
1.49109e-08
1.48757e-08
1.48363e-08
1.47918e-08
1.47427e-08
1.46883e-08
1.46282e-08
1.4562e-08
1.44892e-08
1.44093e-08
1.43214e-08
1.42253e-08
1.41205e-08
1.40067e-08
1.38825e-08
1.37474e-08
1.36011e-08
1.34424e-08
1.32706e-08
1.30858e-08
1.28865e-08
1.26713e-08
1.24403e-08
1.21928e-08
1.19272e-08
1.16432e-08
1.13401e-08
1.10172e-08
1.06737e-08
1.03092e-08
9.92337e-09
9.51568e-09
9.08583e-09
8.63402e-09
8.15982e-09
7.66477e-09
7.15034e-09
6.61899e-09
6.07592e-09
5.52829e-09
4.9869e-09
4.46548e-09
3.97173e-09
3.50238e-09
3.03995e-09
2.5562e-09
2.01728e-09
1.39963e-09
7.36028e-10
1.98445e-10
9.44465e-12
2.94349e-11
8.19114e-10
6.45537e-09
2.73199e-08
8.5647e-08
2.01749e-07
7.37898e-08
7.3777e-08
7.37487e-08
7.37099e-08
7.36587e-08
7.35954e-08
7.35184e-08
7.34277e-08
7.33224e-08
7.32006e-08
7.30628e-08
7.29072e-08
7.27329e-08
7.25372e-08
7.23177e-08
7.20745e-08
7.18059e-08
7.15091e-08
7.11823e-08
7.08226e-08
7.04279e-08
6.99948e-08
6.95208e-08
6.90043e-08
6.84426e-08
6.78302e-08
6.71643e-08
6.64434e-08
6.56618e-08
6.48165e-08
6.39053e-08
6.29226e-08
6.18629e-08
6.07252e-08
5.95044e-08
5.8196e-08
5.67953e-08
5.53014e-08
5.37086e-08
5.20147e-08
5.02165e-08
4.83119e-08
4.62987e-08
4.41756e-08
4.1941e-08
3.9596e-08
3.71451e-08
3.45959e-08
3.19608e-08
2.92625e-08
2.65364e-08
2.3837e-08
2.12301e-08
1.8755e-08
1.63988e-08
1.40822e-08
1.16829e-08
9.06306e-09
6.15298e-09
3.15479e-09
8.37162e-10
4.1868e-11
1.32451e-10
3.26064e-09
2.39836e-08
9.69701e-08
2.88122e-07
6.85873e-07
2.56898e-07
2.56847e-07
2.5674e-07
2.56595e-07
2.56409e-07
2.56182e-07
2.55906e-07
2.55582e-07
2.55207e-07
2.54776e-07
2.54287e-07
2.53736e-07
2.53119e-07
2.52428e-07
2.51657e-07
2.50802e-07
2.49855e-07
2.48813e-07
2.47665e-07
2.46401e-07
2.45016e-07
2.43497e-07
2.41835e-07
2.40025e-07
2.38054e-07
2.35908e-07
2.33576e-07
2.3105e-07
2.28312e-07
2.2535e-07
2.22156e-07
2.18711e-07
2.14997e-07
2.11008e-07
2.06727e-07
2.02135e-07
1.97223e-07
1.91978e-07
1.86386e-07
1.80435e-07
1.74114e-07
1.67416e-07
1.60332e-07
1.52852e-07
1.44974e-07
1.36698e-07
1.28038e-07
1.19019e-07
1.09682e-07
1.001e-07
9.03963e-08
8.07653e-08
7.14379e-08
6.25593e-08
5.41031e-08
4.58294e-08
3.73828e-08
2.83996e-08
1.87959e-08
9.369e-09
2.44559e-09
1.29543e-10
4.1693e-10
8.95742e-09
6.11055e-08
2.34544e-07
6.54659e-07
1.56076e-06
7.27594e-07
7.27419e-07
7.27087e-07
7.26648e-07
7.26093e-07
7.25424e-07
7.24618e-07
7.23674e-07
7.22583e-07
7.21339e-07
7.19927e-07
7.18337e-07
7.1656e-07
7.14578e-07
7.12371e-07
7.09922e-07
7.07215e-07
7.04237e-07
7.00955e-07
6.9735e-07
6.93399e-07
6.8907e-07
6.84338e-07
6.79184e-07
6.7357e-07
6.67461e-07
6.60826e-07
6.53634e-07
6.45839e-07
6.37408e-07
6.28312e-07
6.18497e-07
6.07923e-07
5.96552e-07
5.84345e-07
5.71253e-07
5.57241e-07
5.42268e-07
5.26298e-07
5.09288e-07
4.9121e-07
4.72034e-07
4.51729e-07
4.30264e-07
4.07628e-07
3.83814e-07
3.58858e-07
3.32827e-07
3.05819e-07
2.78031e-07
2.49814e-07
2.21742e-07
1.94479e-07
1.68486e-07
1.43774e-07
1.19802e-07
9.58001e-08
7.10711e-08
4.57474e-08
2.21369e-08
5.68408e-09
3.21045e-10
1.05326e-09
1.95213e-08
1.22662e-07
4.43882e-07
1.15374e-06
2.73854e-06
1.78657e-06
1.78603e-06
1.78512e-06
1.78395e-06
1.7825e-06
1.78077e-06
1.77871e-06
1.7763e-06
1.77354e-06
1.7704e-06
1.76685e-06
1.76288e-06
1.75844e-06
1.7535e-06
1.748e-06
1.74192e-06
1.73521e-06
1.72783e-06
1.71971e-06
1.7108e-06
1.70104e-06
1.69035e-06
1.67869e-06
1.66598e-06
1.65214e-06
1.63708e-06
1.62073e-06
1.60301e-06
1.5838e-06
1.56303e-06
1.5406e-06
1.5164e-06
1.49031e-06
1.46226e-06
1.43212e-06
1.39979e-06
1.36515e-06
1.32812e-06
1.28858e-06
1.24644e-06
1.20159e-06
1.15397e-06
1.10347e-06
1.05e-06
9.93517e-07
9.33996e-07
8.71505e-07
8.06185e-07
7.38253e-07
6.68165e-07
5.96811e-07
5.25665e-07
4.56446e-07
3.90467e-07
3.28053e-07
2.68278e-07
2.09847e-07
1.51741e-07
9.48651e-08
4.45294e-08
1.12501e-08
6.82213e-10
2.28478e-09
3.61125e-08
2.0731e-07
7.01793e-07
1.68367e-06
3.97096e-06
3.92939e-06
3.92789e-06
3.92558e-06
3.92271e-06
3.91923e-06
3.91514e-06
3.91034e-06
3.9048e-06
3.89847e-06
3.89132e-06
3.88329e-06
3.87433e-06
3.86437e-06
3.85329e-06
3.84102e-06
3.82747e-06
3.81257e-06
3.7962e-06
3.77821e-06
3.7585e-06
3.73693e-06
3.71335e-06
3.68763e-06
3.65962e-06
3.62913e-06
3.59597e-06
3.55996e-06
3.52093e-06
3.47866e-06
3.43292e-06
3.38351e-06
3.33018e-06
3.27267e-06
3.21077e-06
3.14424e-06
3.07282e-06
2.99623e-06
2.91427e-06
2.82667e-06
2.73317e-06
2.63354e-06
2.52756e-06
2.41497e-06
2.29554e-06
2.16912e-06
2.03562e-06
1.89516e-06
1.74802e-06
1.59462e-06
1.43594e-06
1.27403e-06
1.11239e-06
9.55069e-07
8.05521e-07
6.6523e-07
5.33059e-07
4.07275e-07
2.86718e-07
1.73939e-07
7.91506e-08
1.96863e-08
1.29209e-09
4.42068e-09
5.88488e-08
3.05683e-07
9.59346e-07
2.12286e-06
4.93811e-06
7.85357e-06
7.84961e-06
7.84413e-06
7.83758e-06
7.82983e-06
7.82087e-06
7.81057e-06
7.7988e-06
7.7855e-06
7.7706e-06
7.75398e-06
7.73556e-06
7.71518e-06
7.69263e-06
7.66774e-06
7.64034e-06
7.61031e-06
7.5774e-06
7.54133e-06
7.50187e-06
7.45878e-06
7.41175e-06
7.36052e-06
7.30473e-06
7.24407e-06
7.17814e-06
7.10656e-06
7.02897e-06
6.94493e-06
6.85395e-06
6.75564e-06
6.64944e-06
6.53486e-06
6.41142e-06
6.2786e-06
6.13583e-06
5.98255e-06
5.81827e-06
5.64239e-06
5.45431e-06
5.25351e-06
5.0394e-06
4.81137e-06
4.5689e-06
4.31154e-06
4.0391e-06
3.75177e-06
3.45001e-06
3.13464e-06
2.80764e-06
2.47347e-06
2.13971e-06
1.81524e-06
1.50826e-06
1.22331e-06
9.59675e-07
7.15588e-07
4.90037e-07
2.88211e-07
1.27045e-07
3.11391e-08
2.23481e-09
7.80872e-09
8.63594e-08
4.01387e-07
1.15497e-06
2.36617e-06
5.36349e-06
1.43125e-05
1.4303e-05
1.4291e-05
1.42772e-05
1.42613e-05
1.42434e-05
1.4223e-05
1.42002e-05
1.41746e-05
1.41462e-05
1.41149e-05
1.40804e-05
1.40425e-05
1.40008e-05
1.3955e-05
1.39048e-05
1.385e-05
1.37902e-05
1.37248e-05
1.36535e-05
1.35758e-05
1.34911e-05
1.3399e-05
1.32989e-05
1.31901e-05
1.30719e-05
1.29437e-05
1.28046e-05
1.2654e-05
1.24908e-05
1.23144e-05
1.21236e-05
1.19176e-05
1.16953e-05
1.14557e-05
1.11978e-05
1.09204e-05
1.06223e-05
1.03025e-05
9.95951e-06
9.59227e-06
9.19943e-06
8.77965e-06
8.33172e-06
7.85462e-06
7.34788e-06
6.81173e-06
6.24695e-06
5.65494e-06
5.03952e-06
4.40956e-06
3.78017e-06
3.16922e-06
2.59418e-06
2.06614e-06
1.58625e-06
1.1536e-06
7.6772e-07
4.37212e-07
1.8651e-07
4.51358e-08
3.58928e-09
1.27859e-08
1.15749e-07
4.75333e-07
1.23566e-06
2.35926e-06
5.11381e-06
1.3475e-05
2.38396e-05
2.38199e-05
2.37964e-05
2.37701e-05
2.37406e-05
2.37078e-05
2.36713e-05
2.36308e-05
2.35861e-05
2.3537e-05
2.34833e-05
2.34246e-05
2.33606e-05
2.32906e-05
2.32141e-05
2.31307e-05
2.30401e-05
2.29416e-05
2.28343e-05
2.27176e-05
2.25907e-05
2.24529e-05
2.23032e-05
2.21407e-05
2.19642e-05
2.17728e-05
2.15651e-05
2.13399e-05
2.10958e-05
2.08314e-05
2.05451e-05
2.02354e-05
1.99003e-05
1.95383e-05
1.91475e-05
1.87257e-05
1.82711e-05
1.77813e-05
1.7254e-05
1.66869e-05
1.60774e-05
1.54228e-05
1.47204e-05
1.39677e-05
1.31625e-05
1.23037e-05
1.13912e-05
1.04262e-05
9.41085e-06
8.35163e-06
7.2646e-06
6.17706e-06
5.1218e-06
4.13252e-06
3.23262e-06
2.42805e-06
1.72072e-06
1.1113e-06
6.11737e-07
2.52264e-07
6.04821e-08
5.42131e-09
1.96148e-08
1.43153e-07
5.12268e-07
1.18267e-06
2.11838e-06
4.26199e-06
1.2249e-05
2.51257e-05
3.6563e-05
3.65269e-05
3.64859e-05
3.64408e-05
3.6391e-05
3.63367e-05
3.6277e-05
3.62117e-05
3.61404e-05
3.60627e-05
3.59783e-05
3.58869e-05
3.57878e-05
3.56802e-05
3.55632e-05
3.54364e-05
3.52992e-05
3.51506e-05
3.49893e-05
3.48144e-05
3.46248e-05
3.44194e-05
3.41967e-05
3.39552e-05
3.36934e-05
3.34096e-05
3.31018e-05
3.27682e-05
3.24066e-05
3.20146e-05
3.15899e-05
3.11299e-05
3.06318e-05
3.00927e-05
2.95095e-05
2.88789e-05
2.81974e-05
2.74612e-05
2.66662e-05
2.5808e-05
2.48821e-05
2.38836e-05
2.28075e-05
2.16488e-05
2.04035e-05
1.90689e-05
1.76443e-05
1.61305e-05
1.45302e-05
1.28534e-05
1.11262e-05
9.39328e-06
7.70976e-06
6.13505e-06
4.71357e-06
3.46132e-06
2.38681e-06
1.49271e-06
7.92343e-07
3.15538e-07
7.53933e-08
7.78551e-09
2.84261e-08
1.64862e-07
5.06782e-07
1.0268e-06
1.72245e-06
3.08026e-06
9.49839e-06
2.15822e-05
5.6313e-05
5.22097e-05
5.21507e-05
5.20858e-05
5.20152e-05
5.19387e-05
5.1856e-05
5.17663e-05
5.1669e-05
5.15637e-05
5.14499e-05
5.13272e-05
5.11952e-05
5.1053e-05
5.08993e-05
5.07332e-05
5.05539e-05
5.03607e-05
5.01522e-05
4.99268e-05
4.96831e-05
4.94197e-05
4.91348e-05
4.88267e-05
4.84932e-05
4.8132e-05
4.77407e-05
4.73167e-05
4.68573e-05
4.63593e-05
4.58193e-05
4.52339e-05
4.45993e-05
4.39113e-05
4.31657e-05
4.23578e-05
4.14824e-05
4.05342e-05
3.95071e-05
3.83946e-05
3.71896e-05
3.58846e-05
3.44715e-05
3.29419e-05
3.12874e-05
2.95006e-05
2.75764e-05
2.5512e-05
2.33073e-05
2.09646e-05
1.84978e-05
1.59452e-05
1.33742e-05
1.08707e-05
8.53142e-06
6.43367e-06
4.61176e-06
3.08665e-06
1.86342e-06
9.50903e-07
3.65592e-07
8.79139e-08
1.07468e-08
3.91997e-08
1.78631e-07
4.65638e-07
8.23227e-07
1.27788e-06
1.92617e-06
6.10045e-06
1.57753e-05
5.38481e-05
7.02459e-05
7.01577e-05
7.0063e-05
6.9961e-05
6.98515e-05
6.97342e-05
6.96081e-05
6.94724e-05
6.93267e-05
6.91702e-05
6.90026e-05
6.88231e-05
6.86307e-05
6.84238e-05
6.82013e-05
6.79621e-05
6.77053e-05
6.74292e-05
6.71316e-05
6.68107e-05
6.64648e-05
6.60916e-05
6.56886e-05
6.52531e-05
6.47821e-05
6.42725e-05
6.37206e-05
6.31228e-05
6.24749e-05
6.17724e-05
6.10105e-05
6.01839e-05
5.92872e-05
5.83142e-05
5.72583e-05
5.61124e-05
5.48686e-05
5.35181e-05
5.20512e-05
5.04575e-05
4.87256e-05
4.6843e-05
4.47969e-05
4.2574e-05
4.01625e-05
3.75529e-05
3.47396e-05
3.17194e-05
2.84934e-05
2.5079e-05
2.15288e-05
1.79381e-05
1.44325e-05
1.11599e-05
8.24559e-06
5.75318e-06
3.72302e-06
2.16024e-06
1.05624e-06
3.92677e-07
9.65489e-08
1.44361e-08
5.18214e-08
1.84619e-07
4.04801e-07
6.2639e-07
8.84166e-07
1.07025e-06
3.27755e-06
9.59486e-06
4.70537e-05
9.00645e-05
8.99413e-05
8.98113e-05
8.96722e-05
8.95241e-05
8.93666e-05
8.91984e-05
8.90186e-05
8.88266e-05
8.86215e-05
8.84027e-05
8.81697e-05
8.7921e-05
8.76547e-05
8.73693e-05
8.70637e-05
8.67366e-05
8.6386e-05
8.60092e-05
8.56041e-05
8.51683e-05
8.46992e-05
8.41937e-05
8.3648e-05
8.30588e-05
8.24219e-05
8.17328e-05
8.09868e-05
8.01785e-05
7.93022e-05
7.83518e-05
7.73204e-05
7.62008e-05
7.49849e-05
7.36642e-05
7.22288e-05
7.06682e-05
6.89704e-05
6.71221e-05
6.51086e-05
6.29139e-05
6.05203e-05
5.79093e-05
5.50616e-05
5.19593e-05
4.85873e-05
4.49348e-05
4.09943e-05
3.67639e-05
3.22641e-05
2.75638e-05
2.27915e-05
1.81234e-05
1.37754e-05
9.93882e-06
6.71909e-06
4.18079e-06
2.31906e-06
1.0834e-06
3.91616e-07
1.00879e-07
1.91842e-08
6.62456e-08
1.85465e-07
3.42845e-07
4.72195e-07
6.00206e-07
6.77811e-07
1.66148e-06
4.82062e-06
3.64677e-05
0.000111134
0.000110971
0.0001108
0.000110618
0.000110426
0.000110223
0.000110007
0.000109777
0.000109533
0.000109273
0.000108997
0.000108704
0.000108393
0.00010806
0.000107705
0.000107326
0.000106922
0.00010649
0.000106026
0.000105529
0.000104996
0.000104423
0.000103806
0.000103142
0.000102425
0.000101651
0.000100815
9.99105e-05
9.89309e-05
9.78693e-05
9.67181e-05
9.54689e-05
9.41125e-05
9.26389e-05
9.10372e-05
8.92949e-05
8.73983e-05
8.53318e-05
8.30781e-05
8.06179e-05
7.79297e-05
7.49899e-05
7.17731e-05
6.82531e-05
6.44044e-05
6.02045e-05
5.56355e-05
5.06839e-05
4.53431e-05
3.96365e-05
3.36518e-05
2.75579e-05
2.1596e-05
1.60712e-05
1.12625e-05
7.32812e-06
4.35239e-06
2.29455e-06
1.02375e-06
3.64382e-07
1.01865e-07
2.62873e-08
8.27943e-08
1.85613e-07
2.95185e-07
3.76783e-07
4.65486e-07
5.30092e-07
1.01841e-06
2.44598e-06
2.40689e-05
0.000133073
0.000132863
0.000132646
0.000132416
0.000132173
0.000131918
0.000131647
0.000131361
0.000131057
0.000130736
0.000130395
0.000130035
0.000129653
0.000129247
0.000128814
0.000128353
0.000127863
0.000127339
0.00012678
0.000126181
0.00012554
0.000124852
0.000124113
0.000123318
0.000122462
0.000121539
0.000120542
0.000119465
0.0001183
0.000117037
0.000115669
0.000114185
0.000112574
0.000110823
0.00010892
0.000106849
0.000104593
0.000102132
9.94456e-05
9.65082e-05
9.32928e-05
8.97692e-05
8.59044e-05
8.1664e-05
7.70136e-05
7.19219e-05
6.63621e-05
6.03125e-05
5.37608e-05
4.67338e-05
3.93423e-05
3.18071e-05
2.44552e-05
1.77094e-05
1.19611e-05
7.4227e-06
4.17166e-06
2.08057e-06
8.91125e-07
3.19958e-07
1.01691e-07
3.94889e-08
1.02799e-07
1.90917e-07
2.78828e-07
3.68034e-07
4.53733e-07
5.23198e-07
8.58366e-07
1.45217e-06
1.29746e-05
0.000155651
0.000155387
0.000155116
0.00015483
0.00015453
0.000154214
0.000153881
0.00015353
0.000153159
0.000152767
0.000152352
0.000151915
0.000151452
0.000150962
0.00015044
0.000149887
0.000149298
0.000148672
0.000148003
0.000147289
0.000146526
0.000145709
0.000144832
0.000143891
0.000142878
0.000141788
0.000140612
0.000139342
0.00013797
0.000136485
0.000134877
0.000133134
0.000131242
0.000129188
0.000126954
0.000124524
0.000121876
0.000118987
0.00011583
0.000112375
0.000108589
0.000104434
9.98689e-05
9.48504e-05
8.9334e-05
8.32777e-05
7.66443e-05
6.94025e-05
6.15337e-05
5.30704e-05
4.4155e-05
3.50788e-05
2.62872e-05
1.83601e-05
1.1824e-05
6.9194e-06
3.64802e-06
1.72089e-06
7.18904e-07
2.71123e-07
1.03479e-07
6.28048e-08
1.32633e-07
2.19868e-07
3.1599e-07
4.26945e-07
5.27032e-07
6.14136e-07
9.17394e-07
1.14013e-06
5.7022e-06
0.000178753
0.000178427
0.000178094
0.000177743
0.000177375
0.00017699
0.000176584
0.000176158
0.000175708
0.000175233
0.000174734
0.000174207
0.000173651
0.000173062
0.000172438
0.000171776
0.000171075
0.000170329
0.000169535
0.000168688
0.000167784
0.000166817
0.000165783
0.000164673
0.000163481
0.000162199
0.000160818
0.00015933
0.000157722
0.000155985
0.000154105
0.000152069
0.000149861
0.000147465
0.000144862
0.000142031
0.000138946
0.000135581
0.000131903
0.000127876
0.000123461
0.000118612
0.000113278
0.000107407
0.000100943
9.38318e-05
8.60242e-05
7.74783e-05
6.81704e-05
5.81443e-05
4.75898e-05
3.69015e-05
2.66953e-05
1.77591e-05
1.07547e-05
5.86234e-06
2.88365e-06
1.29926e-06
5.47426e-07
2.30211e-07
1.18066e-07
1.01724e-07
1.85642e-07
2.8563e-07
4.03797e-07
5.46722e-07
6.70599e-07
7.86196e-07
1.10473e-06
1.18737e-06
2.82437e-06
0.000202337
0.000201938
0.000201532
0.000201105
0.000200658
0.000200191
0.0001997
0.000199185
0.000198642
0.000198072
0.000197471
0.00019684
0.000196174
0.00019547
0.000194726
0.000193937
0.000193102
0.000192217
0.000191275
0.000190272
0.000189204
0.000188063
0.000186843
0.000185537
0.000184136
0.000182631
0.000181012
0.000179269
0.00017739
0.000175361
0.000173168
0.000170795
0.000168226
0.000165439
0.000162415
0.000159126
0.000155546
0.000151642
0.000147376
0.000142706
0.000137585
0.000131959
0.000125768
0.000118948
0.000111431
0.00010315
9.40417e-05
8.4054e-05
7.31618e-05
6.14323e-05
4.91328e-05
3.68198e-05
2.536e-05
1.5796e-05
8.85251e-06
4.45218e-06
2.05077e-06
9.07375e-07
4.08982e-07
2.09989e-07
1.54265e-07
1.63619e-07
2.7022e-07
3.93882e-07
5.43697e-07
7.23535e-07
8.73866e-07
1.02771e-06
1.38067e-06
1.45783e-06
1.90742e-06
0.000229054
0.000228742
0.000228405
0.000228063
0.000227719
0.000227377
0.00022704
0.000226706
0.000226389
0.000225904
0.000225412
0.000224895
0.000224356
0.000223791
0.0002232
0.00022258
0.000221929
0.000221244
0.000220525
0.000219769
0.000218973
0.000218133
0.000217246
0.000216308
0.000215315
0.000214264
0.000213148
0.000211961
0.000210698
0.000209351
0.000207913
0.000206375
0.000204727
0.00020296
0.000201063
0.000199021
0.000196823
0.000194453
0.000191896
0.000189132
0.000186142
0.000182903
0.000179391
0.000175577
0.000171427
0.000166904
0.000161965
0.000156562
0.000150638
0.00014413
0.000136969
0.000129078
0.000120375
0.000110778
0.00010021
8.86116e-05
7.59638e-05
6.23833e-05
4.82728e-05
3.44536e-05
2.21508e-05
1.26414e-05
6.46703e-06
3.00418e-06
1.32391e-06
6.08974e-07
3.28053e-07
2.30444e-07
2.1845e-07
2.56824e-07
3.9425e-07
5.49337e-07
7.34962e-07
9.49425e-07
1.12207e-06
1.32396e-06
1.71053e-06
1.80945e-06
1.76328e-06
0.000254157
0.000253777
0.000253369
0.000252955
0.000252538
0.000252123
0.000251711
0.000251303
0.000250894
0.000250309
0.000249715
0.000249092
0.000248442
0.000247764
0.000247053
0.000246309
0.000245528
0.000244708
0.000243847
0.000242944
0.000241994
0.000240992
0.000239935
0.000238819
0.00023764
0.000236392
0.000235068
0.000233662
0.000232168
0.000230576
0.000228879
0.000227067
0.000225128
0.000223051
0.000220823
0.00021843
0.000215857
0.000213087
0.0002101
0.000206878
0.000203396
0.00019963
0.00019555
0.000191124
0.000186314
0.000181075
0.00017536
0.000169111
0.000162263
0.000154745
0.000146474
0.000137359
0.000127305
0.000116212
0.000103989
9.05751e-05
7.59816e-05
6.04266e-05
4.45611e-05
2.96374e-05
1.73182e-05
8.85342e-06
4.13197e-06
1.81822e-06
8.0828e-07
4.55305e-07
3.22181e-07
2.90637e-07
3.18314e-07
3.89192e-07
5.63007e-07
7.52106e-07
9.70744e-07
1.21006e-06
1.39575e-06
1.65796e-06
2.05354e-06
2.17709e-06
1.9177e-06
0.000279797
0.000279337
0.000278846
0.000278347
0.000277844
0.000277341
0.000276838
0.000276335
0.000275813
0.00027511
0.000274396
0.000273648
0.000272868
0.000272053
0.000271202
0.00027031
0.000269375
0.000268395
0.000267366
0.000266287
0.000265153
0.00026396
0.000262701
0.000261373
0.00025997
0.000258488
0.000256917
0.000255251
0.000253482
0.000251599
0.000249595
0.000247456
0.000245171
0.000242727
0.000240108
0.0002373
0.000234284
0.000231041
0.00022755
0.000223789
0.00021973
0.000215345
0.000210602
0.000205461
0.00019988
0.000193809
0.000187192
0.000179962
0.000172047
0.000163361
0.000153809
0.000143286
0.000131677
0.000118866
0.000104752
8.92907e-05
7.2573e-05
5.50336e-05
3.77815e-05
2.26989e-05
1.16965e-05
5.28879e-06
2.33039e-06
1.05153e-06
5.80833e-07
4.20386e-07
3.75256e-07
3.9465e-07
4.60821e-07
5.65758e-07
7.76346e-07
9.95361e-07
1.23745e-06
1.48667e-06
1.67392e-06
2.01526e-06
2.36484e-06
2.50121e-06
2.17038e-06
0.000305924
0.00030537
0.000304781
0.000304183
0.000303577
0.000302968
0.000302355
0.000301732
0.000301067
0.000300226
0.00029937
0.000298474
0.000297539
0.000296563
0.000295544
0.000294478
0.00029336
0.000292189
0.000290961
0.000289673
0.000288321
0.000286898
0.000285399
0.000283819
0.000282151
0.000280389
0.000278525
0.000276549
0.000274452
0.000272224
0.000269854
0.000267328
0.000264632
0.000261752
0.000258671
0.00025537
0.000251831
0.00024803
0.000243945
0.000239549
0.000234813
0.000229702
0.000224181
0.000218204
0.000211723
0.000204681
0.000197012
0.000188642
0.000179485
0.000169443
0.000158405
0.000146248
0.000132839
0.000118044
0.000101766
8.40274e-05
6.51168e-05
4.59278e-05
2.83418e-05
1.48153e-05
6.60794e-06
2.68419e-06
1.29172e-06
7.23665e-07
5.20537e-07
4.67965e-07
4.83725e-07
5.46735e-07
6.49231e-07
7.8617e-07
1.02696e-06
1.26546e-06
1.5171e-06
1.76026e-06
1.93847e-06
2.31492e-06
2.59417e-06
2.73622e-06
2.42195e-06
0.000332427
0.000331761
0.000331057
0.000330342
0.000329615
0.000328879
0.000328131
0.00032736
0.000326521
0.000325519
0.000324495
0.000323423
0.000322306
0.00032114
0.000319922
0.000318648
0.000317314
0.000315916
0.000314452
0.000312916
0.000311304
0.000309609
0.000307824
0.000305943
0.00030396
0.000301866
0.000299652
0.000297308
0.000294822
0.000292183
0.000289378
0.000286392
0.000283209
0.000279813
0.000276184
0.000272302
0.000268144
0.000263686
0.000258901
0.000253758
0.000248225
0.000242263
0.000235829
0.000228873
0.000221339
0.000213162
0.000204266
0.000194565
0.00018396
0.000172336
0.000159566
0.000145504
0.000129998
0.000112911
9.41933e-05
7.4058e-05
5.32744e-05
3.36196e-05
1.78469e-05
7.9298e-06
3.15232e-06
1.45559e-06
8.6427e-07
6.32334e-07
5.67622e-07
5.83975e-07
6.46896e-07
7.47125e-07
8.80517e-07
1.04304e-06
1.30081e-06
1.54457e-06
1.79132e-06
2.01591e-06
2.17724e-06
2.52595e-06
2.72609e-06
2.87424e-06
2.62603e-06
0.000359131
0.000358335
0.000357496
0.000356642
0.000355771
0.000354882
0.00035397
0.000353017
0.000351976
0.000350784
0.000349562
0.000348284
0.00034695
0.000345559
0.000344106
0.000342586
0.000340995
0.000339329
0.000337583
0.000335753
0.000333832
0.000331814
0.000329689
0.000327452
0.000325093
0.000322605
0.000319976
0.000317193
0.000314245
0.000311118
0.000307798
0.000304267
0.000300507
0.0002965
0.000292223
0.000287654
0.000282767
0.000277534
0.000271925
0.000265905
0.000259435
0.000252474
0.00024497
0.000236868
0.000228103
0.000218598
0.000208267
0.00019701
0.000184711
0.000171236
0.000156435
0.000140142
0.000122199
0.000102507
8.11964e-05
5.90016e-05
3.77247e-05
2.02699e-05
9.02287e-06
3.57806e-06
1.6386e-06
9.75399e-07
7.48647e-07
6.79859e-07
6.95723e-07
7.61032e-07
8.60441e-07
9.89197e-07
1.14434e-06
1.32212e-06
1.58005e-06
1.8149e-06
2.04532e-06
2.24539e-06
2.38455e-06
2.67078e-06
2.78299e-06
2.95015e-06
2.79374e-06
0.00038579
0.00038484
0.000383844
0.000382825
0.000381781
0.000380708
0.000379599
0.000378428
0.000377151
0.000375736
0.000374281
0.000372758
0.000371169
0.000369512
0.00036778
0.00036597
0.000364075
0.00036209
0.000360011
0.000357832
0.000355545
0.000353142
0.000350614
0.000347953
0.00034515
0.000342193
0.00033907
0.000335768
0.000332272
0.000328567
0.000324636
0.00032046
0.000316018
0.000311288
0.000306248
0.000300868
0.000295122
0.000288978
0.000282399
0.000275348
0.000267781
0.000259648
0.000250892
0.000241448
0.00023124
0.000220181
0.00020817
0.000195089
0.000180802
0.00016515
0.00014796
0.000129061
0.00010834
8.5894e-05
6.24185e-05
3.98586e-05
2.14152e-05
9.57806e-06
3.84997e-06
1.79338e-06
1.09289e-06
8.60105e-07
8.02651e-07
8.22172e-07
8.89456e-07
9.8894e-07
1.1132e-06
1.2592e-06
1.42448e-06
1.6053e-06
1.84729e-06
2.0625e-06
2.27012e-06
2.4427e-06
2.55951e-06
2.76824e-06
2.81034e-06
2.99474e-06
3.02704e-06
0.000412069
0.000410938
0.000409755
0.000408541
0.00040729
0.000405998
0.00040465
0.000403221
0.000401672
0.000399996
0.000398264
0.000396454
0.000394564
0.000392591
0.000390531
0.000388376
0.000386121
0.000383759
0.000381285
0.000378692
0.000375971
0.000373112
0.000370106
0.000366943
0.000363612
0.0003601
0.000356393
0.000352475
0.000348329
0.00034394
0.000339287
0.000334348
0.000329101
0.00032352
0.000317578
0.000311246
0.000304489
0.000297273
0.000289558
0.000281298
0.000272444
0.000262939
0.000252717
0.000241701
0.000229804
0.000216923
0.000202939
0.000187711
0.000171077
0.000152856
0.000132869
0.000111008
8.74147e-05
6.28893e-05
3.95118e-05
2.07718e-05
9.2108e-06
3.87539e-06
1.88745e-06
1.20514e-06
9.81348e-07
9.33169e-07
9.62589e-07
1.03311e-06
1.13187e-06
1.25145e-06
1.38786e-06
1.5388e-06
1.7023e-06
1.87507e-06
2.08944e-06
2.27927e-06
2.46242e-06
2.60741e-06
2.70283e-06
2.83972e-06
2.86742e-06
2.99027e-06
3.03936e-06
0.000437529
0.000436185
0.000434782
0.000433335
0.000431837
0.000430281
0.000428649
0.000426917
0.000425055
0.000423069
0.000421012
0.000418862
0.000416617
0.000414272
0.000411823
0.000409261
0.00040658
0.000403772
0.00040083
0.000397746
0.000394511
0.000391112
0.00038754
0.000383782
0.000379826
0.000375656
0.000371257
0.000366611
0.000361698
0.000356501
0.000350995
0.000345157
0.000338961
0.000332378
0.000325377
0.000317923
0.000309981
0.000301508
0.00029246
0.000282784
0.000272424
0.000261312
0.000249372
0.000236514
0.000222635
0.00020761
0.000191296
0.000173528
0.00015412
0.000132896
0.000109775
8.5012e-05
5.9707e-05
3.63931e-05
1.84661e-05
7.90173e-06
3.59224e-06
1.90813e-06
1.30553e-06
1.11077e-06
1.07708e-06
1.11533e-06
1.19042e-06
1.2879e-06
1.4017e-06
1.52807e-06
1.66457e-06
1.80944e-06
1.96144e-06
2.11842e-06
2.29945e-06
2.46275e-06
2.62305e-06
2.74243e-06
2.81772e-06
2.89932e-06
2.88343e-06
2.94274e-06
2.97582e-06
0.00046161
0.000460014
0.000458349
0.000456624
0.000454832
0.000452961
0.000450994
0.000448906
0.000446681
0.000444332
0.000441891
0.000439339
0.000436675
0.000433891
0.000430982
0.000427939
0.000424753
0.000421417
0.000417921
0.000414257
0.000410413
0.000406376
0.000402133
0.000397672
0.000392977
0.00038803
0.000382814
0.000377308
0.00037149
0.000365338
0.000358829
0.000351933
0.00034462
0.000336859
0.000328615
0.000319847
0.000310515
0.000300571
0.000289962
0.00027863
0.000266505
0.000253511
0.000239556
0.000224533
0.000208314
0.000190752
0.000171675
0.000150903
0.000128283
0.000103825
7.80263e-05
5.24822e-05
3.03158e-05
1.48806e-05
6.44001e-06
3.09016e-06
1.86002e-06
1.39572e-06
1.24739e-06
1.23356e-06
1.28075e-06
1.35858e-06
1.45388e-06
1.56078e-06
1.6763e-06
1.79842e-06
1.92557e-06
2.05654e-06
2.19104e-06
2.32852e-06
2.47574e-06
2.61445e-06
2.75538e-06
2.8517e-06
2.9086e-06
2.94907e-06
2.94369e-06
2.985e-06
3.01274e-06
3.02806e-06
0.000483606
0.000481711
0.000479734
0.000477679
0.000475536
0.000473291
0.000470928
0.000468427
0.00046578
0.000463
0.000460106
0.000457082
0.000453922
0.00045062
0.000447167
0.000443555
0.000439773
0.000435813
0.000431663
0.000427312
0.000422748
0.000417956
0.000412922
0.00040763
0.000402062
0.000396198
0.000390018
0.000383498
0.000376615
0.000369342
0.000361652
0.000353513
0.000344891
0.00033575
0.000326049
0.000315743
0.000304785
0.00029312
0.000280686
0.000267413
0.00025322
0.000238014
0.000221683
0.000204096
0.000185099
0.000164519
0.000142195
0.000118055
9.23346e-05
6.60462e-05
4.15656e-05
2.22659e-05
1.0234e-05
4.89629e-06
2.62832e-06
1.7866e-06
1.48253e-06
1.39212e-06
1.40061e-06
1.45596e-06
1.53452e-06
1.62563e-06
1.72441e-06
1.82844e-06
1.93622e-06
2.04662e-06
2.15866e-06
2.27176e-06
2.38647e-06
2.50407e-06
2.62035e-06
2.73801e-06
2.86365e-06
2.93917e-06
2.9795e-06
2.99783e-06
3.00387e-06
3.05446e-06
3.09025e-06
3.1235e-06
0.000502641
0.000500391
0.000498042
0.000495593
0.000493032
0.000490346
0.000487519
0.000484538
0.000481397
0.000478109
0.00047468
0.000471096
0.000467352
0.000463437
0.000459343
0.000455059
0.000450574
0.000445875
0.000440952
0.000435791
0.000430378
0.000424695
0.000418727
0.000412455
0.000405859
0.000398916
0.000391603
0.000383891
0.000375756
0.000367167
0.000358094
0.000348499
0.000338344
0.000327588
0.000316185
0.000304082
0.000291223
0.000277544
0.00026297
0.000247418
0.000230787
0.000212961
0.000193803
0.000173158
0.000150872
0.000126854
0.000101247
7.48251e-05
4.95248e-05
2.84556e-05
1.42362e-05
6.67653e-06
3.50885e-06
2.26076e-06
1.75487e-06
1.58014e-06
1.54595e-06
1.57553e-06
1.6367e-06
1.71356e-06
1.79851e-06
1.88793e-06
1.98002e-06
2.07379e-06
2.16847e-06
2.26345e-06
2.35822e-06
2.45266e-06
2.54806e-06
2.64748e-06
2.73717e-06
2.83776e-06
2.95219e-06
3.0085e-06
3.03401e-06
3.04437e-06
3.05944e-06
3.10475e-06
3.13539e-06
3.16317e-06
0.000520021
0.000517636
0.000514964
0.000512172
0.000509255
0.0005062
0.000502994
0.000499625
0.000496081
0.000492362
0.000488473
0.000484414
0.00048017
0.000475736
0.000471098
0.000466248
0.000461171
0.000455855
0.000450286
0.000444451
0.000438335
0.00043192
0.000425189
0.000418122
0.000410699
0.000402895
0.000394685
0.000386041
0.000376934
0.000367332
0.000357204
0.000346513
0.000335218
0.000323273
0.000310632
0.00029724
0.000283036
0.00026795
0.000251904
0.000234807
0.00021655
0.000197009
0.000176047
0.000153532
0.000129394
0.000103796
7.74832e-05
5.22421e-05
3.09736e-05
1.6182e-05
7.90489e-06
4.23915e-06
2.65992e-06
2.02374e-06
1.77863e-06
1.70278e-06
1.70941e-06
1.75444e-06
1.8179e-06
1.89053e-06
1.9676e-06
2.0468e-06
2.12692e-06
2.2073e-06
2.28752e-06
2.36721e-06
2.44607e-06
2.52391e-06
2.60098e-06
2.67905e-06
2.76291e-06
2.83065e-06
2.91795e-06
3.02496e-06
3.06274e-06
3.07522e-06
3.08097e-06
3.11129e-06
3.14233e-06
3.16522e-06
3.18851e-06
0.00053022
0.000527279
0.000524104
0.000520786
0.000517314
0.000513676
0.000509861
0.000505856
0.000501656
0.000497257
0.000492658
0.000487854
0.000482833
0.000477584
0.000472095
0.000466352
0.000460342
0.000454049
0.000447456
0.000440548
0.000433309
0.000425718
0.000417755
0.0004094
0.000400627
0.000391408
0.000381716
0.000371517
0.000360779
0.000349466
0.000337542
0.000324965
0.000311685
0.000297652
0.000282807
0.000267084
0.000250407
0.000232687
0.000213822
0.0001937
0.000172197
0.000149207
0.000124723
9.90362e-05
7.30763e-05
4.87993e-05
2.89641e-05
1.54196e-05
7.88651e-06
4.43569e-06
2.88526e-06
2.22612e-06
1.95067e-06
1.85713e-06
1.84842e-06
1.88035e-06
1.93253e-06
1.99427e-06
2.06044e-06
2.12851e-06
2.19715e-06
2.26567e-06
2.33366e-06
2.40085e-06
2.46708e-06
2.53218e-06
2.59602e-06
2.65865e-06
2.72055e-06
2.78383e-06
2.85493e-06
2.90499e-06
2.98228e-06
3.08526e-06
3.10421e-06
3.10571e-06
3.10934e-06
3.1376e-06
3.16344e-06
3.1842e-06
3.20723e-06
0.000533534
0.000529982
0.000526212
0.00052227
0.000518143
0.00051382
0.000509289
0.000504543
0.000499572
0.000494372
0.000488937
0.000483257
0.00047732
0.000471112
0.00046462
0.000457829
0.000450722
0.000443281
0.000435487
0.000427321
0.000418765
0.000409797
0.000400395
0.000390534
0.000380185
0.000369317
0.000357896
0.000345886
0.000333249
0.000319944
0.000305925
0.000291144
0.000275543
0.000259054
0.000241603
0.000223106
0.000203465
0.00018257
0.000160322
0.000136682
0.000111799
8.62421e-05
6.13551e-05
3.9399e-05
2.27246e-05
1.21296e-05
6.73315e-06
4.09311e-06
2.86765e-06
2.32007e-06
2.08105e-06
1.99477e-06
1.98273e-06
2.00818e-06
2.05188e-06
2.10436e-06
2.16094e-06
2.21917e-06
2.2778e-06
2.33616e-06
2.39385e-06
2.45066e-06
2.5064e-06
2.56099e-06
2.61435e-06
2.6664e-06
2.71715e-06
2.76675e-06
2.81588e-06
2.86689e-06
2.92783e-06
2.96387e-06
3.03398e-06
3.13586e-06
3.13461e-06
3.12767e-06
3.13158e-06
3.15439e-06
3.17649e-06
3.19598e-06
3.21907e-06
0.000528097
0.000523847
0.000519374
0.000514695
0.000509798
0.000504671
0.000499304
0.000493688
0.000487815
0.000481674
0.000475255
0.000468545
0.000461532
0.0004542
0.000446532
0.000438511
0.000430119
0.000421336
0.00041214
0.000402504
0.000392413
0.000381841
0.000370763
0.000359149
0.000346967
0.000334179
0.000320746
0.000306626
0.000291773
0.000276133
0.000259648
0.000242255
0.000223884
0.000204437
0.000183827
0.000161975
0.000138861
0.000114623
8.97641e-05
6.54495e-05
4.36354e-05
2.64656e-05
1.49382e-05
8.34669e-06
5.07512e-06
3.4641e-06
2.6994e-06
2.33246e-06
2.16958e-06
2.11225e-06
2.10859e-06
2.13286e-06
2.17112e-06
2.21627e-06
2.26456e-06
2.31407e-06
2.36382e-06
2.41327e-06
2.46207e-06
2.51004e-06
2.55701e-06
2.60291e-06
2.64763e-06
2.69112e-06
2.73335e-06
2.77429e-06
2.81399e-06
2.8527e-06
2.89127e-06
2.93229e-06
2.98545e-06
3.01039e-06
3.07565e-06
3.17879e-06
3.1551e-06
3.143e-06
3.14964e-06
3.16545e-06
3.1835e-06
3.2012e-06
3.22376e-06
0.000511684
0.000506627
0.000501325
0.000495782
0.000489982
0.000483916
0.000477572
0.000470939
0.000464008
0.000456765
0.000449193
0.000441279
0.000433008
0.000424361
0.00041532
0.000405865
0.000395976
0.00038563
0.000374798
0.000363457
0.00035158
0.000339143
0.000326114
0.000312457
0.000298136
0.000283103
0.000267305
0.000250682
0.000233182
0.000214727
0.00019524
0.000174641
0.000152914
0.000130077
0.000106381
8.24761e-05
5.96538e-05
3.97668e-05
2.44722e-05
1.42936e-05
8.37936e-06
5.31133e-06
3.72162e-06
2.91504e-06
2.51575e-06
2.32259e-06
2.24052e-06
2.21725e-06
2.22616e-06
2.2522e-06
2.28703e-06
2.32623e-06
2.3674e-06
2.40928e-06
2.4512e-06
2.49279e-06
2.53382e-06
2.57413e-06
2.61362e-06
2.65218e-06
2.68974e-06
2.72622e-06
2.76158e-06
2.79576e-06
2.82871e-06
2.86042e-06
2.89097e-06
2.92068e-06
2.95055e-06
2.98356e-06
3.03072e-06
3.04707e-06
3.10938e-06
3.19246e-06
3.16627e-06
3.15332e-06
3.1606e-06
3.17078e-06
3.18544e-06
3.20108e-06
3.22261e-06
0.000481688
0.000475695
0.000469424
0.000462869
0.000456017
0.000448855
0.000441372
0.000433554
0.000425389
0.00041686
0.000407947
0.00039863
0.000388894
0.000378718
0.000368079
0.000356956
0.000345324
0.000333152
0.000320415
0.000307079
0.000293114
0.000278481
0.000263134
0.000247033
0.000230124
0.000212355
0.000193656
0.000173929
0.00015317
0.000131414
0.000108879
8.61923e-05
6.42837e-05
4.47221e-05
2.89948e-05
1.78227e-05
1.07816e-05
6.87281e-06
4.7068e-06
3.5365e-06
2.91152e-06
2.58465e-06
2.41774e-06
2.34143e-06
2.31625e-06
2.31936e-06
2.33821e-06
2.36554e-06
2.39735e-06
2.43136e-06
2.46631e-06
2.50151e-06
2.53659e-06
2.57132e-06
2.60557e-06
2.63924e-06
2.67226e-06
2.70455e-06
2.73604e-06
2.76669e-06
2.79641e-06
2.82515e-06
2.85285e-06
2.87943e-06
2.90484e-06
2.92903e-06
2.95207e-06
2.97431e-06
2.99697e-06
3.02344e-06
3.06622e-06
3.07598e-06
3.13692e-06
3.17705e-06
3.1729e-06
3.16052e-06
3.16477e-06
3.17177e-06
3.18393e-06
3.19753e-06
3.21756e-06
0.000435107
0.000428027
0.000420628
0.000412899
0.000404822
0.000396386
0.000387576
0.000378379
0.000368776
0.000358749
0.000348271
0.000337319
0.000325875
0.00031391
0.000301393
0.000288293
0.000274573
0.000260206
0.000245154
0.000229384
0.000212851
0.000195473
0.000177193
0.000157973
0.00013783
0.000116893
9.56395e-05
7.52061e-05
5.56888e-05
3.88414e-05
2.56554e-05
1.63687e-05
1.0401e-05
6.9413e-06
4.92801e-06
3.77922e-06
3.12901e-06
2.76722e-06
2.56671e-06
2.46207e-06
2.4144e-06
2.40034e-06
2.40575e-06
2.42246e-06
2.44552e-06
2.47203e-06
2.50032e-06
2.52942e-06
2.5588e-06
2.58815e-06
2.61728e-06
2.64609e-06
2.67449e-06
2.70244e-06
2.72989e-06
2.75679e-06
2.78309e-06
2.80876e-06
2.83374e-06
2.85798e-06
2.88141e-06
2.90398e-06
2.92559e-06
2.94616e-06
2.96559e-06
2.98376e-06
3.00067e-06
3.01667e-06
3.03315e-06
3.05428e-06
3.09402e-06
3.09877e-06
3.15939e-06
3.18794e-06
3.18135e-06
3.16563e-06
3.16611e-06
3.17062e-06
3.18091e-06
3.19291e-06
3.21121e-06
0.000368496
0.000360154
0.000351441
0.000342339
0.000332829
0.000322896
0.000312521
0.000301682
0.000290357
0.00027852
0.000266139
0.00025319
0.00023965
0.000225469
0.000210585
0.000194918
0.000178433
0.000161104
0.000142959
0.000124099
0.000104925
8.60373e-05
6.79511e-05
5.09837e-05
3.6467e-05
2.50429e-05
1.67888e-05
1.12631e-05
7.74747e-06
5.61327e-06
4.31597e-06
3.53332e-06
3.06398e-06
2.78751e-06
2.62591e-06
2.53629e-06
2.49166e-06
2.47498e-06
2.4753e-06
2.48604e-06
2.50303e-06
2.52364e-06
2.5463e-06
2.57004e-06
2.59428e-06
2.6187e-06
2.64309e-06
2.66731e-06
2.69131e-06
2.71503e-06
2.73844e-06
2.7615e-06
2.78418e-06
2.80647e-06
2.82831e-06
2.8497e-06
2.8706e-06
2.89099e-06
2.91081e-06
2.93002e-06
2.94856e-06
2.96635e-06
2.98329e-06
2.99928e-06
3.01414e-06
3.02764e-06
3.03964e-06
3.05031e-06
3.06129e-06
3.07777e-06
3.11579e-06
3.11677e-06
3.1784e-06
3.19119e-06
3.1833e-06
3.16806e-06
3.16538e-06
3.16829e-06
3.1774e-06
3.18881e-06
3.20605e-06
0.000277587
0.000267702
0.000257367
0.00024656
0.00023525
0.000223404
0.000210979
0.000197928
0.000184215
0.000169796
0.000154665
0.000138858
0.00012257
0.000106044
8.9586e-05
7.36396e-05
5.85201e-05
4.47785e-05
3.3052e-05
2.37312e-05
1.67802e-05
1.1874e-05
8.56528e-06
6.39054e-06
4.97349e-06
4.05875e-06
3.47028e-06
3.09391e-06
2.85555e-06
2.70747e-06
2.61829e-06
2.56811e-06
2.54363e-06
2.53592e-06
2.53894e-06
2.54884e-06
2.56308e-06
2.57997e-06
2.59846e-06
2.61785e-06
2.63773e-06
2.65783e-06
2.67798e-06
2.69807e-06
2.71805e-06
2.73786e-06
2.75747e-06
2.77686e-06
2.79601e-06
2.81491e-06
2.83354e-06
2.85189e-06
2.86992e-06
2.88763e-06
2.905e-06
2.92202e-06
2.93868e-06
2.95494e-06
2.97076e-06
2.98612e-06
3.00094e-06
3.01515e-06
3.02867e-06
3.04135e-06
3.05292e-06
3.06304e-06
3.07127e-06
3.07743e-06
3.08324e-06
3.09534e-06
3.1328e-06
3.13097e-06
3.18592e-06
3.19306e-06
3.1826e-06
3.16912e-06
3.1635e-06
3.16565e-06
3.17378e-06
3.18539e-06
3.2046e-06
0.000154299
0.000142119
0.000129544
0.000116661
0.000103581
9.0469e-05
7.75539e-05
6.51345e-05
5.34787e-05
4.27799e-05
3.33662e-05
2.54565e-05
1.9157e-05
1.4344e-05
1.07971e-05
8.30505e-06
6.52908e-06
5.27774e-06
4.40577e-06
3.80211e-06
3.38573e-06
3.10064e-06
2.90703e-06
2.77737e-06
2.69261e-06
2.63952e-06
2.60865e-06
2.59329e-06
2.58864e-06
2.59131e-06
2.59894e-06
2.60988e-06
2.62301e-06
2.63754e-06
2.65296e-06
2.66891e-06
2.68517e-06
2.70158e-06
2.71804e-06
2.73449e-06
2.75088e-06
2.76718e-06
2.78336e-06
2.79942e-06
2.81532e-06
2.83105e-06
2.84661e-06
2.86199e-06
2.87718e-06
2.89217e-06
2.90695e-06
2.92151e-06
2.93582e-06
2.9499e-06
2.96375e-06
2.97735e-06
2.99068e-06
3.00375e-06
3.01651e-06
3.02892e-06
3.04097e-06
3.05262e-06
3.06376e-06
3.07421e-06
3.08368e-06
3.09169e-06
3.09743e-06
3.09985e-06
3.10055e-06
3.10814e-06
3.14611e-06
3.14223e-06
3.19038e-06
3.19251e-06
3.17998e-06
3.16625e-06
3.16117e-06
3.1631e-06
3.16973e-06
3.18029e-06
3.20146e-06
2.77914e-05
2.27575e-05
1.84545e-05
1.48643e-05
1.1964e-05
9.67894e-06
7.9336e-06
6.58811e-06
5.55965e-06
4.77921e-06
4.19148e-06
3.75244e-06
3.42773e-06
3.18976e-06
3.0156e-06
2.88916e-06
2.79788e-06
2.73347e-06
2.6895e-06
2.66094e-06
2.64391e-06
2.63547e-06
2.63332e-06
2.63576e-06
2.64153e-06
2.6497e-06
2.65956e-06
2.67061e-06
2.68247e-06
2.69489e-06
2.70767e-06
2.7207e-06
2.73387e-06
2.74712e-06
2.76041e-06
2.7737e-06
2.78696e-06
2.80017e-06
2.81332e-06
2.8264e-06
2.83939e-06
2.85229e-06
2.86509e-06
2.87776e-06
2.89031e-06
2.90273e-06
2.91502e-06
2.92717e-06
2.93918e-06
2.95104e-06
2.96274e-06
2.97427e-06
2.98564e-06
2.99686e-06
3.00792e-06
3.01882e-06
3.02956e-06
3.04014e-06
3.0505e-06
3.06068e-06
3.0707e-06
3.0805e-06
3.09002e-06
3.09911e-06
3.10749e-06
3.11465e-06
3.11945e-06
3.11912e-06
3.11454e-06
3.11707e-06
3.15104e-06
3.1512e-06
3.19287e-06
3.1906e-06
3.17616e-06
3.1624e-06
3.15851e-06
3.15997e-06
3.16456e-06
3.17203e-06
3.18395e-06
3.83672e-06
3.57775e-06
3.36765e-06
3.19882e-06
3.06456e-06
2.95899e-06
2.87696e-06
2.81385e-06
2.76624e-06
2.73121e-06
2.7063e-06
2.68951e-06
2.67893e-06
2.67314e-06
2.67113e-06
2.67206e-06
2.67529e-06
2.68032e-06
2.68674e-06
2.69424e-06
2.70255e-06
2.71147e-06
2.72086e-06
2.73059e-06
2.74058e-06
2.75076e-06
2.76108e-06
2.7715e-06
2.78199e-06
2.79252e-06
2.80308e-06
2.81364e-06
2.82421e-06
2.83477e-06
2.8453e-06
2.8558e-06
2.86626e-06
2.87666e-06
2.88701e-06
2.8973e-06
2.90751e-06
2.91765e-06
2.92771e-06
2.93767e-06
2.94753e-06
2.9573e-06
2.96698e-06
2.97655e-06
2.98602e-06
2.99537e-06
3.00461e-06
3.01373e-06
3.02276e-06
3.0317e-06
3.04055e-06
3.0493e-06
3.05797e-06
3.06653e-06
3.07501e-06
3.08348e-06
3.09191e-06
3.10032e-06
3.10868e-06
3.11694e-06
3.12468e-06
3.1293e-06
3.13104e-06
3.13031e-06
3.12639e-06
3.12348e-06
3.15224e-06
3.15832e-06
3.1939e-06
3.18757e-06
3.17144e-06
2.72767e-06
2.71779e-06
2.7111e-06
2.7071e-06
2.70536e-06
2.70549e-06
2.70716e-06
2.7101e-06
2.71407e-06
2.71884e-06
2.72425e-06
2.73017e-06
2.73651e-06
2.74319e-06
2.75016e-06
2.75736e-06
2.76476e-06
2.77232e-06
2.78003e-06
2.78785e-06
2.79578e-06
2.80378e-06
2.81185e-06
2.81999e-06
2.82817e-06
2.83639e-06
2.84465e-06
2.85293e-06
2.86122e-06
2.86953e-06
2.87783e-06
2.88614e-06
2.89443e-06
2.90271e-06
2.91096e-06
2.91918e-06
2.92736e-06
2.93551e-06
2.94361e-06
2.95166e-06
2.95966e-06
2.96759e-06
2.97545e-06
2.98325e-06
2.99098e-06
2.99863e-06
3.00622e-06
3.01374e-06
3.02117e-06
3.02852e-06
3.03579e-06
3.04301e-06
3.05016e-06
3.05727e-06
3.06433e-06
3.07134e-06
3.07829e-06
3.08523e-06
3.09221e-06
3.09924e-06
3.10636e-06
3.1136e-06
3.12094e-06
3.12767e-06
3.13184e-06
3.13415e-06
3.13514e-06
3.13477e-06
3.13246e-06
3.12819e-06
3.15227e-06
3.16396e-06
3.19373e-06
3.18364e-06
3.16645e-06
2.76128e-06
2.76545e-06
2.76989e-06
2.77456e-06
2.77942e-06
2.78446e-06
2.78964e-06
2.79495e-06
2.80036e-06
2.80585e-06
2.81145e-06
2.81714e-06
2.82291e-06
2.82876e-06
2.83469e-06
2.84068e-06
2.84674e-06
2.85286e-06
2.85903e-06
2.86526e-06
2.87153e-06
2.87785e-06
2.8842e-06
2.89059e-06
2.897e-06
2.90344e-06
2.9099e-06
2.91637e-06
2.92285e-06
2.92933e-06
2.93581e-06
2.94229e-06
2.94876e-06
2.95521e-06
2.96164e-06
2.96805e-06
2.97443e-06
2.98077e-06
2.98709e-06
2.99336e-06
2.99958e-06
3.00576e-06
3.01189e-06
3.01796e-06
3.02399e-06
3.02996e-06
3.03589e-06
3.04176e-06
3.04756e-06
3.05331e-06
3.05902e-06
3.06469e-06
3.07034e-06
3.07596e-06
3.08156e-06
3.08712e-06
3.09268e-06
3.0983e-06
3.104e-06
3.10981e-06
3.11578e-06
3.12192e-06
3.1277e-06
3.13161e-06
3.1341e-06
3.1357e-06
3.13658e-06
3.13657e-06
3.13516e-06
3.13163e-06
3.15179e-06
3.16839e-06
3.19252e-06
3.17908e-06
3.16152e-06
2.84214e-06
2.84604e-06
2.85001e-06
2.85405e-06
2.85815e-06
2.86231e-06
2.86653e-06
2.87079e-06
2.87511e-06
2.87948e-06
2.88391e-06
2.8884e-06
2.89294e-06
2.89753e-06
2.90217e-06
2.90686e-06
2.9116e-06
2.91638e-06
2.92119e-06
2.92605e-06
2.93093e-06
2.93585e-06
2.9408e-06
2.94577e-06
2.95076e-06
2.95576e-06
2.96078e-06
2.96581e-06
2.97084e-06
2.97588e-06
2.98091e-06
2.98594e-06
2.99096e-06
2.99596e-06
3.00095e-06
3.00591e-06
3.01086e-06
3.01578e-06
3.02067e-06
3.02553e-06
3.03035e-06
3.03513e-06
3.03987e-06
3.04458e-06
3.04925e-06
3.05389e-06
3.05848e-06
3.06303e-06
3.06753e-06
3.072e-06
3.07645e-06
3.08087e-06
3.08529e-06
3.0897e-06
3.09408e-06
3.09846e-06
3.10288e-06
3.10739e-06
3.11199e-06
3.11674e-06
3.12165e-06
3.12651e-06
3.13019e-06
3.13271e-06
3.13453e-06
3.13589e-06
3.13682e-06
3.13719e-06
3.13656e-06
3.13414e-06
3.15109e-06
3.17179e-06
3.19038e-06
3.17405e-06
3.15676e-06
2.90878e-06
2.91183e-06
2.91493e-06
2.91808e-06
2.92127e-06
2.92451e-06
2.92778e-06
2.93109e-06
2.93444e-06
2.93784e-06
2.94128e-06
2.94477e-06
2.94829e-06
2.95185e-06
2.95545e-06
2.95909e-06
2.96276e-06
2.96646e-06
2.97019e-06
2.97395e-06
2.97773e-06
2.98154e-06
2.98536e-06
2.9892e-06
2.99306e-06
2.99693e-06
3.0008e-06
3.00468e-06
3.00857e-06
3.01245e-06
3.01633e-06
3.02021e-06
3.02407e-06
3.02793e-06
3.03176e-06
3.03559e-06
3.03939e-06
3.04317e-06
3.04693e-06
3.05066e-06
3.05436e-06
3.05803e-06
3.06167e-06
3.06529e-06
3.06887e-06
3.07243e-06
3.07595e-06
3.07943e-06
3.08288e-06
3.08632e-06
3.08974e-06
3.09316e-06
3.09656e-06
3.09996e-06
3.10334e-06
3.10675e-06
3.11022e-06
3.11378e-06
3.11745e-06
3.12125e-06
3.12511e-06
3.12841e-06
3.13084e-06
3.13268e-06
3.13416e-06
3.13542e-06
3.13645e-06
3.13716e-06
3.13723e-06
3.13593e-06
3.15021e-06
3.17166e-06
3.18741e-06
3.16878e-06
3.15233e-06
2.96227e-06
2.96462e-06
2.967e-06
2.96942e-06
2.97188e-06
2.97437e-06
2.97688e-06
2.97942e-06
2.982e-06
2.98461e-06
2.98726e-06
2.98993e-06
2.99264e-06
2.99538e-06
2.99814e-06
3.00093e-06
3.00375e-06
3.00659e-06
3.00945e-06
3.01233e-06
3.01522e-06
3.01814e-06
3.02106e-06
3.024e-06
3.02695e-06
3.0299e-06
3.03286e-06
3.03583e-06
3.03879e-06
3.04175e-06
3.0447e-06
3.04765e-06
3.05059e-06
3.05352e-06
3.05644e-06
3.05934e-06
3.06222e-06
3.06509e-06
3.06793e-06
3.07075e-06
3.07355e-06
3.07633e-06
3.07908e-06
3.0818e-06
3.0845e-06
3.08717e-06
3.08982e-06
3.09243e-06
3.09504e-06
3.09763e-06
3.1002e-06
3.10277e-06
3.10533e-06
3.10787e-06
3.11042e-06
3.11302e-06
3.11568e-06
3.11843e-06
3.12126e-06
3.12417e-06
3.12688e-06
3.12905e-06
3.13076e-06
3.13219e-06
3.13347e-06
3.13465e-06
3.13577e-06
3.13677e-06
3.13744e-06
3.13716e-06
3.14921e-06
3.17073e-06
3.18393e-06
3.16339e-06
3.14853e-06
3.00725e-06
3.00892e-06
3.01063e-06
3.01239e-06
3.01419e-06
3.01602e-06
3.01788e-06
3.01976e-06
3.02168e-06
3.02362e-06
3.02559e-06
3.02759e-06
3.02961e-06
3.03165e-06
3.03371e-06
3.03579e-06
3.03789e-06
3.04001e-06
3.04214e-06
3.04429e-06
3.04644e-06
3.04861e-06
3.05079e-06
3.05298e-06
3.05517e-06
3.05736e-06
3.05956e-06
3.06175e-06
3.06395e-06
3.06614e-06
3.06832e-06
3.0705e-06
3.07267e-06
3.07483e-06
3.07698e-06
3.07911e-06
3.08123e-06
3.08333e-06
3.08542e-06
3.08748e-06
3.08953e-06
3.09155e-06
3.09356e-06
3.09554e-06
3.0975e-06
3.09943e-06
3.10135e-06
3.10324e-06
3.10512e-06
3.10699e-06
3.10884e-06
3.11068e-06
3.1125e-06
3.11433e-06
3.11618e-06
3.11807e-06
3.12002e-06
3.12202e-06
3.12407e-06
3.12605e-06
3.12776e-06
3.12919e-06
3.13044e-06
3.13158e-06
3.13269e-06
3.13381e-06
3.13498e-06
3.13619e-06
3.13735e-06
3.13799e-06
3.14811e-06
3.1693e-06
3.18e-06
3.15797e-06
3.14656e-06
3.05602e-06
3.05632e-06
3.05668e-06
3.05711e-06
3.05763e-06
3.05821e-06
3.05888e-06
3.05963e-06
3.06047e-06
3.06139e-06
3.06239e-06
3.06346e-06
3.06459e-06
3.06579e-06
3.06704e-06
3.06832e-06
3.06965e-06
3.071e-06
3.07237e-06
3.07376e-06
3.07517e-06
3.07659e-06
3.07802e-06
3.07945e-06
3.0809e-06
3.08235e-06
3.0838e-06
3.08526e-06
3.08671e-06
3.08817e-06
3.08962e-06
3.09107e-06
3.09251e-06
3.09395e-06
3.09538e-06
3.09681e-06
3.09822e-06
3.09962e-06
3.10101e-06
3.10239e-06
3.10376e-06
3.10511e-06
3.10644e-06
3.10776e-06
3.10906e-06
3.11034e-06
3.11161e-06
3.11286e-06
3.1141e-06
3.11532e-06
3.11652e-06
3.11772e-06
3.11891e-06
3.1201e-06
3.12131e-06
3.12255e-06
3.12381e-06
3.12507e-06
3.12627e-06
3.12737e-06
3.12835e-06
3.12926e-06
3.13015e-06
3.13104e-06
3.13198e-06
3.13302e-06
3.1342e-06
3.13555e-06
3.13707e-06
3.13851e-06
3.14695e-06
3.16746e-06
3.17563e-06
3.15281e-06
3.1081e-06
3.10811e-06
3.10812e-06
3.10812e-06
3.10812e-06
3.10813e-06
3.10814e-06
3.10817e-06
3.10821e-06
3.10825e-06
3.10831e-06
3.10838e-06
3.10846e-06
3.10855e-06
3.10866e-06
3.10878e-06
3.10891e-06
3.10906e-06
3.10922e-06
3.1094e-06
3.10959e-06
3.10981e-06
3.11004e-06
3.11029e-06
3.11056e-06
3.11085e-06
3.11117e-06
3.1115e-06
3.11186e-06
3.11225e-06
3.11265e-06
3.11308e-06
3.11354e-06
3.11402e-06
3.11452e-06
3.11504e-06
3.11559e-06
3.11615e-06
3.11673e-06
3.11732e-06
3.11792e-06
3.11854e-06
3.11916e-06
3.11978e-06
3.12041e-06
3.12103e-06
3.12165e-06
3.12227e-06
3.12288e-06
3.12349e-06
3.12408e-06
3.12466e-06
3.12523e-06
3.12578e-06
3.12632e-06
3.12683e-06
3.12732e-06
3.12777e-06
3.1282e-06
3.12861e-06
3.12905e-06
3.12953e-06
3.13006e-06
3.1307e-06
3.13148e-06
3.1324e-06
3.13355e-06
3.13496e-06
3.13672e-06
3.13883e-06
3.14574e-06
3.16526e-06
3.17087e-06
3.14874e-06
3.13148e-06
3.13141e-06
3.13134e-06
3.13127e-06
3.13119e-06
3.13112e-06
3.13105e-06
3.13099e-06
3.13092e-06
3.13086e-06
3.1308e-06
3.13075e-06
3.1307e-06
3.13065e-06
3.13061e-06
3.13057e-06
3.13054e-06
3.1305e-06
3.13048e-06
3.13045e-06
3.13043e-06
3.13041e-06
3.1304e-06
3.13038e-06
3.13038e-06
3.13037e-06
3.13037e-06
3.13037e-06
3.13037e-06
3.13037e-06
3.13038e-06
3.13039e-06
3.1304e-06
3.13041e-06
3.13042e-06
3.13043e-06
3.13044e-06
3.13045e-06
3.13046e-06
3.13047e-06
3.13048e-06
3.13049e-06
3.13049e-06
3.1305e-06
3.1305e-06
3.13049e-06
3.13049e-06
3.13048e-06
3.13047e-06
3.13045e-06
3.13042e-06
3.13039e-06
3.13036e-06
3.13032e-06
3.13028e-06
3.13023e-06
3.13017e-06
3.13012e-06
3.13006e-06
3.13005e-06
3.13007e-06
3.13016e-06
3.13037e-06
3.13075e-06
3.13137e-06
3.1322e-06
3.13336e-06
3.13476e-06
3.13651e-06
3.13904e-06
3.14453e-06
3.16271e-06
3.16595e-06
3.14666e-06
3.1416e-06
3.14145e-06
3.1413e-06
3.14114e-06
3.14098e-06
3.14082e-06
3.14066e-06
3.1405e-06
3.14034e-06
3.14018e-06
3.14003e-06
3.13987e-06
3.13971e-06
3.13955e-06
3.13939e-06
3.13923e-06
3.13908e-06
3.13892e-06
3.13876e-06
3.13861e-06
3.13845e-06
3.1383e-06
3.13815e-06
3.13799e-06
3.13784e-06
3.13769e-06
3.13754e-06
3.13739e-06
3.13724e-06
3.13709e-06
3.13694e-06
3.13679e-06
3.13664e-06
3.13648e-06
3.13633e-06
3.13618e-06
3.13603e-06
3.13588e-06
3.13572e-06
3.13557e-06
3.13541e-06
3.13525e-06
3.13509e-06
3.13493e-06
3.13476e-06
3.13459e-06
3.13442e-06
3.13424e-06
3.13406e-06
3.13387e-06
3.13368e-06
3.13348e-06
3.13328e-06
3.13306e-06
3.13284e-06
3.13261e-06
3.13237e-06
3.13212e-06
3.13187e-06
3.13162e-06
3.13139e-06
3.13122e-06
3.13117e-06
3.13144e-06
3.13218e-06
3.13309e-06
3.13414e-06
3.13539e-06
3.13697e-06
3.13919e-06
3.14348e-06
3.1598e-06
3.16125e-06
3.14695e-06
3.14674e-06
3.14653e-06
3.14632e-06
3.14611e-06
3.14589e-06
3.14568e-06
3.14546e-06
3.14524e-06
3.14502e-06
3.1448e-06
3.14457e-06
3.14435e-06
3.14413e-06
3.1439e-06
3.14368e-06
3.14345e-06
3.14323e-06
3.143e-06
3.14277e-06
3.14255e-06
3.14232e-06
3.14209e-06
3.14187e-06
3.14164e-06
3.14141e-06
3.14118e-06
3.14096e-06
3.14073e-06
3.14051e-06
3.14028e-06
3.14005e-06
3.13983e-06
3.1396e-06
3.13938e-06
3.13915e-06
3.13892e-06
3.1387e-06
3.13847e-06
3.13824e-06
3.13802e-06
3.13779e-06
3.13756e-06
3.13733e-06
3.1371e-06
3.13686e-06
3.13663e-06
3.13639e-06
3.13615e-06
3.1359e-06
3.13565e-06
3.1354e-06
3.13514e-06
3.13487e-06
3.1346e-06
3.13432e-06
3.13403e-06
3.13373e-06
3.13342e-06
3.1331e-06
3.13278e-06
3.13248e-06
3.13226e-06
3.13238e-06
3.13299e-06
3.13376e-06
3.13469e-06
3.13584e-06
3.13729e-06
3.13933e-06
3.14319e-06
3.15668e-06
3.15765e-06
3.14977e-06
3.14954e-06
3.1493e-06
3.14906e-06
3.14882e-06
3.14857e-06
3.14833e-06
3.14808e-06
3.14783e-06
3.14758e-06
3.14732e-06
3.14707e-06
3.14681e-06
3.14655e-06
3.1463e-06
3.14604e-06
3.14578e-06
3.14551e-06
3.14525e-06
3.14499e-06
3.14473e-06
3.14447e-06
3.1442e-06
3.14394e-06
3.14368e-06
3.14341e-06
3.14315e-06
3.14289e-06
3.14263e-06
3.14236e-06
3.1421e-06
3.14184e-06
3.14158e-06
3.14132e-06
3.14106e-06
3.1408e-06
3.14054e-06
3.14028e-06
3.14003e-06
3.13977e-06
3.13951e-06
3.13925e-06
3.139e-06
3.13874e-06
3.13848e-06
3.13822e-06
3.13796e-06
3.1377e-06
3.13744e-06
3.13718e-06
3.13691e-06
3.13664e-06
3.13637e-06
3.13609e-06
3.13581e-06
3.13553e-06
3.13523e-06
3.13493e-06
3.13462e-06
3.1343e-06
3.13397e-06
3.13363e-06
3.13332e-06
3.13318e-06
3.13359e-06
3.13423e-06
3.13505e-06
3.13611e-06
3.13747e-06
3.13931e-06
3.14277e-06
3.15366e-06
3.15496e-06
3.15094e-06
3.1507e-06
3.15045e-06
3.1502e-06
3.14994e-06
3.14969e-06
3.14943e-06
3.14917e-06
3.14891e-06
3.14865e-06
3.14838e-06
3.14812e-06
3.14785e-06
3.14758e-06
3.14731e-06
3.14704e-06
3.14677e-06
3.1465e-06
3.14623e-06
3.14595e-06
3.14568e-06
3.1454e-06
3.14513e-06
3.14486e-06
3.14458e-06
3.14431e-06
3.14403e-06
3.14376e-06
3.14349e-06
3.14322e-06
3.14294e-06
3.14267e-06
3.1424e-06
3.14213e-06
3.14187e-06
3.1416e-06
3.14133e-06
3.14107e-06
3.1408e-06
3.14054e-06
3.14028e-06
3.14001e-06
3.13975e-06
3.13949e-06
3.13923e-06
3.13897e-06
3.13871e-06
3.13845e-06
3.13819e-06
3.13793e-06
3.13767e-06
3.13741e-06
3.13714e-06
3.13687e-06
3.1366e-06
3.13633e-06
3.13605e-06
3.13577e-06
3.13548e-06
3.13518e-06
3.13487e-06
3.13455e-06
3.13423e-06
3.13394e-06
3.13405e-06
3.13453e-06
3.13525e-06
3.13624e-06
3.13753e-06
3.13915e-06
3.14177e-06
3.15073e-06
3.15264e-06
3.15095e-06
3.15071e-06
3.15046e-06
3.15022e-06
3.14997e-06
3.14972e-06
3.14946e-06
3.14921e-06
3.14895e-06
3.14869e-06
3.14843e-06
3.14817e-06
3.14791e-06
3.14764e-06
3.14738e-06
3.14711e-06
3.14685e-06
3.14658e-06
3.14631e-06
3.14604e-06
3.14578e-06
3.14551e-06
3.14524e-06
3.14497e-06
3.1447e-06
3.14443e-06
3.14417e-06
3.1439e-06
3.14363e-06
3.14337e-06
3.1431e-06
3.14284e-06
3.14258e-06
3.14232e-06
3.14206e-06
3.1418e-06
3.14154e-06
3.14128e-06
3.14103e-06
3.14077e-06
3.14052e-06
3.14027e-06
3.14002e-06
3.13977e-06
3.13952e-06
3.13928e-06
3.13903e-06
3.13878e-06
3.13854e-06
3.1383e-06
3.13805e-06
3.13781e-06
3.13756e-06
3.13731e-06
3.13706e-06
3.13681e-06
3.13656e-06
3.1363e-06
3.13604e-06
3.13577e-06
3.1355e-06
3.13522e-06
3.13494e-06
3.13467e-06
3.13446e-06
3.13471e-06
3.13531e-06
3.1362e-06
3.13748e-06
3.13859e-06
3.14064e-06
3.148e-06
3.15065e-06
3.15019e-06
3.14996e-06
3.14973e-06
3.14949e-06
3.14926e-06
3.14902e-06
3.14878e-06
3.14854e-06
3.1483e-06
3.14805e-06
3.14781e-06
3.14756e-06
3.14731e-06
3.14706e-06
3.14681e-06
3.14656e-06
3.14631e-06
3.14606e-06
3.14581e-06
3.14556e-06
3.14531e-06
3.14505e-06
3.1448e-06
3.14455e-06
3.1443e-06
3.14405e-06
3.1438e-06
3.14355e-06
3.1433e-06
3.14305e-06
3.1428e-06
3.14255e-06
3.14231e-06
3.14207e-06
3.14182e-06
3.14158e-06
3.14134e-06
3.14111e-06
3.14087e-06
3.14064e-06
3.1404e-06
3.14017e-06
3.13994e-06
3.13971e-06
3.13949e-06
3.13926e-06
3.13904e-06
3.13881e-06
3.13859e-06
3.13837e-06
3.13815e-06
3.13793e-06
3.13771e-06
3.13749e-06
3.13727e-06
3.13704e-06
3.13682e-06
3.13659e-06
3.13636e-06
3.13612e-06
3.13588e-06
3.13564e-06
3.13539e-06
3.13515e-06
3.13493e-06
3.13485e-06
3.13526e-06
3.136e-06
3.13713e-06
3.13798e-06
3.13952e-06
3.14555e-06
3.14884e-06
3.14898e-06
3.14877e-06
3.14856e-06
3.14834e-06
3.14813e-06
3.14791e-06
3.14769e-06
3.14747e-06
3.14724e-06
3.14702e-06
3.1468e-06
3.14657e-06
3.14634e-06
3.14611e-06
3.14588e-06
3.14566e-06
3.14543e-06
3.14519e-06
3.14496e-06
3.14473e-06
3.1445e-06
3.14427e-06
3.14404e-06
3.14381e-06
3.14358e-06
3.14335e-06
3.14312e-06
3.14289e-06
3.14267e-06
3.14244e-06
3.14222e-06
3.14199e-06
3.14177e-06
3.14155e-06
3.14133e-06
3.14111e-06
3.1409e-06
3.14068e-06
3.14047e-06
3.14026e-06
3.14005e-06
3.13984e-06
3.13963e-06
3.13943e-06
3.13923e-06
3.13903e-06
3.13883e-06
3.13863e-06
3.13844e-06
3.13824e-06
3.13805e-06
3.13786e-06
3.13766e-06
3.13747e-06
3.13728e-06
3.13709e-06
3.13689e-06
3.1367e-06
3.1365e-06
3.13629e-06
3.13609e-06
3.13587e-06
3.13565e-06
3.13543e-06
3.13521e-06
3.13501e-06
3.13521e-06
3.13576e-06
3.13672e-06
3.13741e-06
3.13849e-06
3.1434e-06
3.14711e-06
3.14759e-06
3.14741e-06
3.14721e-06
3.14702e-06
3.14682e-06
3.14663e-06
3.14643e-06
3.14623e-06
3.14603e-06
3.14583e-06
3.14562e-06
3.14542e-06
3.14521e-06
3.14501e-06
3.1448e-06
3.14459e-06
3.14439e-06
3.14418e-06
3.14397e-06
3.14376e-06
3.14355e-06
3.14335e-06
3.14314e-06
3.14293e-06
3.14272e-06
3.14252e-06
3.14231e-06
3.14211e-06
3.1419e-06
3.1417e-06
3.1415e-06
3.1413e-06
3.1411e-06
3.1409e-06
3.1407e-06
3.14051e-06
3.14032e-06
3.14013e-06
3.13994e-06
3.13975e-06
3.13956e-06
3.13938e-06
3.1392e-06
3.13902e-06
3.13884e-06
3.13866e-06
3.13849e-06
3.13832e-06
3.13815e-06
3.13798e-06
3.13781e-06
3.13765e-06
3.13749e-06
3.13732e-06
3.13716e-06
3.137e-06
3.13683e-06
3.13667e-06
3.1365e-06
3.13633e-06
3.13615e-06
3.13597e-06
3.13579e-06
3.13561e-06
3.13543e-06
3.13528e-06
3.13519e-06
3.13553e-06
3.13631e-06
3.1369e-06
3.13759e-06
3.14154e-06
3.14546e-06
3.1462e-06
3.14603e-06
3.14586e-06
3.14569e-06
3.14551e-06
3.14534e-06
3.14516e-06
3.14498e-06
3.1448e-06
3.14462e-06
3.14444e-06
3.14426e-06
3.14407e-06
3.14389e-06
3.1437e-06
3.14352e-06
3.14333e-06
3.14315e-06
3.14296e-06
3.14278e-06
3.14259e-06
3.1424e-06
3.14222e-06
3.14203e-06
3.14185e-06
3.14166e-06
3.14148e-06
3.1413e-06
3.14111e-06
3.14093e-06
3.14075e-06
3.14057e-06
3.1404e-06
3.14022e-06
3.14005e-06
3.13987e-06
3.1397e-06
3.13953e-06
3.13936e-06
3.1392e-06
3.13903e-06
3.13887e-06
3.13871e-06
3.13855e-06
3.1384e-06
3.13824e-06
3.13809e-06
3.13794e-06
3.1378e-06
3.13765e-06
3.13751e-06
3.13737e-06
3.13723e-06
3.13709e-06
3.13695e-06
3.13681e-06
3.13667e-06
3.13653e-06
3.13639e-06
3.13625e-06
3.13611e-06
3.13596e-06
3.1358e-06
3.13565e-06
3.13549e-06
3.13535e-06
3.13526e-06
3.13533e-06
3.13593e-06
3.13646e-06
3.13686e-06
3.13995e-06
3.14387e-06
3.14487e-06
3.14472e-06
3.14457e-06
3.14442e-06
3.14427e-06
3.14411e-06
3.14395e-06
3.1438e-06
3.14364e-06
3.14348e-06
3.14332e-06
3.14315e-06
3.14299e-06
3.14283e-06
3.14266e-06
3.1425e-06
3.14233e-06
3.14217e-06
3.142e-06
3.14184e-06
3.14167e-06
3.1415e-06
3.14134e-06
3.14117e-06
3.14101e-06
3.14085e-06
3.14068e-06
3.14052e-06
3.14036e-06
3.1402e-06
3.14004e-06
3.13988e-06
3.13972e-06
3.13956e-06
3.13941e-06
3.13926e-06
3.1391e-06
3.13895e-06
3.1388e-06
3.13866e-06
3.13851e-06
3.13837e-06
3.13823e-06
3.13809e-06
3.13795e-06
3.13782e-06
3.13769e-06
3.13756e-06
3.13743e-06
3.1373e-06
3.13718e-06
3.13705e-06
3.13693e-06
3.13681e-06
3.1367e-06
3.13658e-06
3.13646e-06
3.13635e-06
3.13623e-06
3.13611e-06
3.13599e-06
3.13587e-06
3.13574e-06
3.13561e-06
3.13548e-06
3.13535e-06
3.13524e-06
3.1352e-06
3.13559e-06
3.13611e-06
3.13646e-06
3.13861e-06
3.14235e-06
3.14363e-06
3.1435e-06
3.14337e-06
3.14324e-06
3.1431e-06
3.14297e-06
3.14283e-06
3.14269e-06
3.14255e-06
3.14241e-06
3.14227e-06
3.14213e-06
3.14198e-06
3.14184e-06
3.14169e-06
3.14155e-06
3.1414e-06
3.14125e-06
3.14111e-06
3.14096e-06
3.14082e-06
3.14067e-06
3.14052e-06
3.14038e-06
3.14023e-06
3.14009e-06
3.13994e-06
3.1398e-06
3.13965e-06
3.13951e-06
3.13937e-06
3.13923e-06
3.13909e-06
3.13895e-06
3.13882e-06
3.13868e-06
3.13855e-06
3.13841e-06
3.13828e-06
3.13815e-06
3.13803e-06
3.1379e-06
3.13778e-06
3.13765e-06
3.13753e-06
3.13742e-06
3.1373e-06
3.13718e-06
3.13707e-06
3.13696e-06
3.13685e-06
3.13675e-06
3.13664e-06
3.13654e-06
3.13644e-06
3.13633e-06
3.13623e-06
3.13614e-06
3.13604e-06
3.13594e-06
3.13584e-06
3.13574e-06
3.13564e-06
3.13553e-06
3.13543e-06
3.13532e-06
3.13522e-06
3.13516e-06
3.13527e-06
3.13578e-06
3.13619e-06
3.13754e-06
3.14092e-06
3.14247e-06
3.14236e-06
3.14225e-06
3.14213e-06
3.14202e-06
3.1419e-06
3.14178e-06
3.14166e-06
3.14154e-06
3.14141e-06
3.14129e-06
3.14117e-06
3.14104e-06
3.14091e-06
3.14079e-06
3.14066e-06
3.14053e-06
3.1404e-06
3.14028e-06
3.14015e-06
3.14002e-06
3.13989e-06
3.13976e-06
3.13963e-06
3.13951e-06
3.13938e-06
3.13925e-06
3.13913e-06
3.139e-06
3.13888e-06
3.13875e-06
3.13863e-06
3.13851e-06
3.13839e-06
3.13827e-06
3.13815e-06
3.13803e-06
3.13791e-06
3.1378e-06
3.13769e-06
3.13758e-06
3.13747e-06
3.13736e-06
3.13725e-06
3.13714e-06
3.13704e-06
3.13694e-06
3.13684e-06
3.13674e-06
3.13664e-06
3.13655e-06
3.13646e-06
3.13636e-06
3.13627e-06
3.13618e-06
3.1361e-06
3.13601e-06
3.13592e-06
3.13584e-06
3.13575e-06
3.13567e-06
3.13559e-06
3.1355e-06
3.13542e-06
3.13534e-06
3.13525e-06
3.13517e-06
3.13509e-06
3.13506e-06
3.13547e-06
3.13586e-06
3.13673e-06
3.13958e-06
3.14138e-06
3.14128e-06
3.14119e-06
3.14109e-06
3.14099e-06
3.14089e-06
3.14079e-06
3.14069e-06
3.14058e-06
3.14048e-06
3.14037e-06
3.14026e-06
3.14016e-06
3.14005e-06
3.13994e-06
3.13983e-06
3.13972e-06
3.13961e-06
3.1395e-06
3.13938e-06
3.13927e-06
3.13916e-06
3.13905e-06
3.13894e-06
3.13883e-06
3.13872e-06
3.13861e-06
3.1385e-06
3.13839e-06
3.13828e-06
3.13818e-06
3.13807e-06
3.13796e-06
3.13786e-06
3.13776e-06
3.13765e-06
3.13755e-06
3.13745e-06
3.13735e-06
3.13725e-06
3.13716e-06
3.13706e-06
3.13697e-06
3.13688e-06
3.13679e-06
3.1367e-06
3.13661e-06
3.13652e-06
3.13644e-06
3.13635e-06
3.13627e-06
3.13619e-06
3.13611e-06
3.13603e-06
3.13595e-06
3.13587e-06
3.1358e-06
3.13572e-06
3.13565e-06
3.13558e-06
3.1355e-06
3.13544e-06
3.13537e-06
3.13531e-06
3.13524e-06
3.13518e-06
3.13512e-06
3.13506e-06
3.135e-06
3.13522e-06
3.13559e-06
3.13617e-06
3.13839e-06
3.14035e-06
3.14027e-06
3.14019e-06
3.14011e-06
3.14003e-06
3.13994e-06
3.13986e-06
3.13977e-06
3.13969e-06
3.1396e-06
3.13951e-06
3.13942e-06
3.13933e-06
3.13923e-06
3.13914e-06
3.13905e-06
3.13896e-06
3.13886e-06
3.13877e-06
3.13867e-06
3.13858e-06
3.13848e-06
3.13839e-06
3.13829e-06
3.1382e-06
3.13811e-06
3.13801e-06
3.13792e-06
3.13783e-06
3.13773e-06
3.13764e-06
3.13755e-06
3.13746e-06
3.13737e-06
3.13728e-06
3.13719e-06
3.13711e-06
3.13702e-06
3.13694e-06
3.13685e-06
3.13677e-06
3.13669e-06
3.13661e-06
3.13653e-06
3.13645e-06
3.13638e-06
3.1363e-06
3.13623e-06
3.13615e-06
3.13608e-06
3.13601e-06
3.13594e-06
3.13587e-06
3.1358e-06
3.13573e-06
3.13567e-06
3.1356e-06
3.13554e-06
3.13547e-06
3.13541e-06
3.13535e-06
3.1353e-06
3.13524e-06
3.13519e-06
3.13514e-06
3.1351e-06
3.13506e-06
3.13503e-06
3.135e-06
3.13503e-06
3.13538e-06
3.13585e-06
3.13737e-06
3.13939e-06
3.13933e-06
3.13926e-06
3.1392e-06
3.13913e-06
3.13906e-06
3.139e-06
3.13893e-06
3.13885e-06
3.13878e-06
3.13871e-06
3.13863e-06
3.13856e-06
3.13848e-06
3.1384e-06
3.13833e-06
3.13825e-06
3.13817e-06
3.13809e-06
3.13801e-06
3.13793e-06
3.13785e-06
3.13777e-06
3.13769e-06
3.13762e-06
3.13754e-06
3.13746e-06
3.13738e-06
3.1373e-06
3.13722e-06
3.13715e-06
3.13707e-06
3.13699e-06
3.13692e-06
3.13684e-06
3.13677e-06
3.1367e-06
3.13662e-06
3.13655e-06
3.13648e-06
3.13641e-06
3.13634e-06
3.13628e-06
3.13621e-06
3.13614e-06
3.13608e-06
3.13602e-06
3.13595e-06
3.13589e-06
3.13583e-06
3.13577e-06
3.13571e-06
3.13565e-06
3.13559e-06
3.13554e-06
3.13548e-06
3.13543e-06
3.13537e-06
3.13532e-06
3.13527e-06
3.13522e-06
3.13517e-06
3.13513e-06
3.13509e-06
3.13505e-06
3.13502e-06
3.135e-06
3.13499e-06
3.13498e-06
3.13498e-06
3.1352e-06
3.13561e-06
3.13653e-06
3.13851e-06
3.13846e-06
3.13841e-06
3.13836e-06
3.13831e-06
3.13826e-06
3.1382e-06
3.13815e-06
3.13809e-06
3.13803e-06
3.13797e-06
3.13791e-06
3.13785e-06
3.13779e-06
3.13773e-06
3.13767e-06
3.1376e-06
3.13754e-06
3.13747e-06
3.13741e-06
3.13734e-06
3.13728e-06
3.13721e-06
3.13715e-06
3.13708e-06
3.13702e-06
3.13695e-06
3.13689e-06
3.13682e-06
3.13676e-06
3.1367e-06
3.13663e-06
3.13657e-06
3.13651e-06
3.13644e-06
3.13638e-06
3.13632e-06
3.13626e-06
3.1362e-06
3.13615e-06
3.13609e-06
3.13603e-06
3.13598e-06
3.13592e-06
3.13587e-06
3.13581e-06
3.13576e-06
3.13571e-06
3.13565e-06
3.1356e-06
3.13555e-06
3.1355e-06
3.13546e-06
3.13541e-06
3.13536e-06
3.13532e-06
3.13527e-06
3.13523e-06
3.13519e-06
3.13515e-06
3.13511e-06
3.13507e-06
3.13504e-06
3.135e-06
3.13498e-06
3.13496e-06
3.13494e-06
3.13494e-06
3.13496e-06
3.13499e-06
3.13507e-06
3.13538e-06
3.13588e-06
3.13771e-06
3.13768e-06
3.13764e-06
3.1376e-06
3.13757e-06
3.13753e-06
3.13749e-06
3.13744e-06
3.1374e-06
3.13736e-06
3.13731e-06
3.13726e-06
3.13722e-06
3.13717e-06
3.13712e-06
3.13707e-06
3.13702e-06
3.13697e-06
3.13692e-06
3.13687e-06
3.13681e-06
3.13676e-06
3.13671e-06
3.13666e-06
3.13661e-06
3.13655e-06
3.1365e-06
3.13645e-06
3.1364e-06
3.13634e-06
3.13629e-06
3.13624e-06
3.13619e-06
3.13614e-06
3.13609e-06
3.13604e-06
3.13599e-06
3.13594e-06
3.13589e-06
3.13585e-06
3.1358e-06
3.13575e-06
3.13571e-06
3.13566e-06
3.13562e-06
3.13557e-06
3.13553e-06
3.13549e-06
3.13545e-06
3.13541e-06
3.13536e-06
3.13532e-06
3.13529e-06
3.13525e-06
3.13521e-06
3.13517e-06
3.13514e-06
3.13511e-06
3.13507e-06
3.13504e-06
3.13501e-06
3.13499e-06
3.13496e-06
3.13494e-06
3.13493e-06
3.13491e-06
3.1349e-06
3.13491e-06
3.13493e-06
3.13497e-06
3.13506e-06
3.13519e-06
3.13544e-06
3.13546e-06
3.13701e-06
3.13699e-06
3.13696e-06
3.13694e-06
3.13691e-06
3.13688e-06
3.13685e-06
3.13682e-06
3.13679e-06
3.13676e-06
3.13673e-06
3.13669e-06
3.13666e-06
3.13662e-06
3.13658e-06
3.13655e-06
3.13651e-06
3.13647e-06
3.13643e-06
3.13639e-06
3.13635e-06
3.13631e-06
3.13627e-06
3.13623e-06
3.13619e-06
3.13615e-06
3.1361e-06
3.13606e-06
3.13602e-06
3.13598e-06
3.13594e-06
3.1359e-06
3.13586e-06
3.13582e-06
3.13578e-06
3.13574e-06
3.1357e-06
3.13566e-06
3.13562e-06
3.13559e-06
3.13555e-06
3.13551e-06
3.13548e-06
3.13544e-06
3.1354e-06
3.13537e-06
3.13534e-06
3.1353e-06
3.13527e-06
3.13524e-06
3.13521e-06
3.13517e-06
3.13514e-06
3.13512e-06
3.13509e-06
3.13506e-06
3.13504e-06
3.13501e-06
3.13499e-06
3.13497e-06
3.13494e-06
3.13493e-06
3.13491e-06
3.1349e-06
3.13489e-06
3.13489e-06
3.13489e-06
3.13489e-06
3.13494e-06
3.135e-06
3.13508e-06
3.13508e-06
3.13519e-06
3.13519e-06
3.13641e-06
3.13639e-06
3.13637e-06
3.13636e-06
3.13634e-06
3.13632e-06
3.1363e-06
3.13628e-06
3.13626e-06
3.13624e-06
3.13622e-06
3.13619e-06
3.13617e-06
3.13614e-06
3.13612e-06
3.13609e-06
3.13606e-06
3.13604e-06
3.13601e-06
3.13598e-06
3.13595e-06
3.13592e-06
3.13589e-06
3.13586e-06
3.13583e-06
3.1358e-06
3.13577e-06
3.13573e-06
3.1357e-06
3.13567e-06
3.13564e-06
3.13561e-06
3.13558e-06
3.13555e-06
3.13552e-06
3.13549e-06
3.13546e-06
3.13543e-06
3.1354e-06
3.13537e-06
3.13534e-06
3.13531e-06
3.13528e-06
3.13526e-06
3.13523e-06
3.1352e-06
3.13518e-06
3.13515e-06
3.13513e-06
3.13511e-06
3.13508e-06
3.13506e-06
3.13504e-06
3.13502e-06
3.135e-06
3.13498e-06
3.13496e-06
3.13495e-06
3.13493e-06
3.13491e-06
3.1349e-06
3.13489e-06
3.13489e-06
3.13488e-06
3.13488e-06
3.13488e-06
3.1349e-06
3.13493e-06
3.13498e-06
3.13502e-06
3.13505e-06
3.13503e-06
3.13507e-06
3.13506e-06
3.13588e-06
3.13587e-06
3.13586e-06
3.13586e-06
3.13585e-06
3.13584e-06
3.13583e-06
3.13581e-06
3.1358e-06
3.13579e-06
3.13578e-06
3.13576e-06
3.13575e-06
3.13573e-06
3.13572e-06
3.1357e-06
3.13568e-06
3.13567e-06
3.13565e-06
3.13563e-06
3.13561e-06
3.13559e-06
3.13557e-06
3.13555e-06
3.13552e-06
3.1355e-06
3.13548e-06
3.13546e-06
3.13544e-06
3.13541e-06
3.13539e-06
3.13537e-06
3.13535e-06
3.13533e-06
3.1353e-06
3.13528e-06
3.13526e-06
3.13524e-06
3.13522e-06
3.1352e-06
3.13518e-06
3.13515e-06
3.13514e-06
3.13512e-06
3.1351e-06
3.13508e-06
3.13506e-06
3.13504e-06
3.13503e-06
3.13501e-06
3.135e-06
3.13498e-06
3.13497e-06
3.13496e-06
3.13495e-06
3.13494e-06
3.13493e-06
3.13492e-06
3.13491e-06
3.1349e-06
3.13489e-06
3.13488e-06
3.13489e-06
3.1349e-06
3.13491e-06
3.13493e-06
3.13494e-06
3.13495e-06
3.13497e-06
3.13499e-06
3.13503e-06
3.13502e-06
3.13502e-06
3.13499e-06
3.13542e-06
3.13542e-06
3.13542e-06
3.13542e-06
3.13542e-06
3.13541e-06
3.13541e-06
3.13541e-06
3.1354e-06
3.1354e-06
3.1354e-06
3.13539e-06
3.13538e-06
3.13538e-06
3.13537e-06
3.13536e-06
3.13536e-06
3.13535e-06
3.13534e-06
3.13533e-06
3.13532e-06
3.13531e-06
3.1353e-06
3.13528e-06
3.13527e-06
3.13526e-06
3.13525e-06
3.13523e-06
3.13522e-06
3.13521e-06
3.13519e-06
3.13518e-06
3.13516e-06
3.13515e-06
3.13514e-06
3.13512e-06
3.13511e-06
3.13509e-06
3.13508e-06
3.13507e-06
3.13506e-06
3.13504e-06
3.13503e-06
3.13502e-06
3.13501e-06
3.135e-06
3.13499e-06
3.13498e-06
3.13497e-06
3.13496e-06
3.13495e-06
3.13495e-06
3.13494e-06
3.13494e-06
3.13493e-06
3.13493e-06
3.13492e-06
3.13493e-06
3.13494e-06
3.13495e-06
3.13495e-06
3.13495e-06
3.13495e-06
3.13495e-06
3.13494e-06
3.13493e-06
3.13493e-06
3.13493e-06
3.13493e-06
3.13495e-06
3.13498e-06
3.13499e-06
3.13504e-06
3.13496e-06
3.13504e-06
3.13504e-06
3.13504e-06
3.13505e-06
3.13505e-06
3.13506e-06
3.13506e-06
3.13507e-06
3.13507e-06
3.13507e-06
3.13508e-06
3.13508e-06
3.13508e-06
3.13508e-06
3.13509e-06
3.13509e-06
3.13509e-06
3.13509e-06
3.13509e-06
3.13509e-06
3.13508e-06
3.13508e-06
3.13508e-06
3.13508e-06
3.13507e-06
3.13507e-06
3.13506e-06
3.13506e-06
3.13505e-06
3.13505e-06
3.13504e-06
3.13504e-06
3.13503e-06
3.13502e-06
3.13502e-06
3.13501e-06
3.13501e-06
3.135e-06
3.13499e-06
3.13499e-06
3.13498e-06
3.13498e-06
3.13498e-06
3.13497e-06
3.13497e-06
3.13496e-06
3.13496e-06
3.13496e-06
3.13495e-06
3.13495e-06
3.13495e-06
3.13495e-06
3.13496e-06
3.13497e-06
3.13498e-06
3.13499e-06
3.13499e-06
3.13499e-06
3.13498e-06
3.13498e-06
3.13497e-06
3.13496e-06
3.13495e-06
3.13494e-06
3.13492e-06
3.13491e-06
3.13489e-06
3.13488e-06
3.13488e-06
3.13488e-06
3.13491e-06
3.13494e-06
3.13503e-06
3.13498e-06
3.13486e-06
3.13487e-06
3.13488e-06
3.13488e-06
3.13489e-06
3.13489e-06
3.13489e-06
3.13489e-06
3.1349e-06
3.1349e-06
3.1349e-06
3.1349e-06
3.1349e-06
3.13491e-06
3.13491e-06
3.13491e-06
3.13492e-06
3.13492e-06
3.13493e-06
3.13494e-06
3.13494e-06
3.13495e-06
3.13496e-06
3.13496e-06
3.13497e-06
3.13497e-06
3.13497e-06
3.13497e-06
3.13497e-06
3.13497e-06
3.13497e-06
3.13497e-06
3.13497e-06
3.13497e-06
3.13497e-06
3.13497e-06
3.13496e-06
3.13496e-06
3.13496e-06
3.13496e-06
3.13496e-06
3.13496e-06
3.13497e-06
3.13497e-06
3.13498e-06
3.13499e-06
3.135e-06
3.13501e-06
3.13501e-06
3.13501e-06
3.13501e-06
3.13501e-06
3.13501e-06
3.13501e-06
3.135e-06
3.135e-06
3.13499e-06
3.13498e-06
3.13497e-06
3.13496e-06
3.13495e-06
3.13493e-06
3.13492e-06
3.1349e-06
3.13488e-06
3.13486e-06
3.13484e-06
3.13482e-06
3.1348e-06
3.1348e-06
3.13482e-06
3.13486e-06
3.13497e-06
3.13496e-06
3.13515e-06
3.13515e-06
3.13516e-06
3.13516e-06
3.13516e-06
3.13516e-06
3.13516e-06
3.13515e-06
3.13515e-06
3.13515e-06
3.13515e-06
3.13514e-06
3.13514e-06
3.13514e-06
3.13513e-06
3.13513e-06
3.13513e-06
3.13512e-06
3.13512e-06
3.13512e-06
3.13511e-06
3.13511e-06
3.13511e-06
3.1351e-06
3.1351e-06
3.1351e-06
3.13509e-06
3.13509e-06
3.13509e-06
3.13509e-06
3.13508e-06
3.13508e-06
3.13508e-06
3.13508e-06
3.13508e-06
3.13507e-06
3.13507e-06
3.13507e-06
3.13507e-06
3.13506e-06
3.13506e-06
3.13506e-06
3.13506e-06
3.13505e-06
3.13505e-06
3.13504e-06
3.13504e-06
3.13503e-06
3.13503e-06
3.13502e-06
3.13501e-06
3.135e-06
3.135e-06
3.13499e-06
3.13498e-06
3.13496e-06
3.13495e-06
3.13494e-06
3.13492e-06
3.1349e-06
3.13489e-06
3.13487e-06
3.13485e-06
3.13483e-06
3.1348e-06
3.13478e-06
3.13475e-06
3.13473e-06
3.1347e-06
3.13469e-06
3.13471e-06
3.13475e-06
3.13488e-06
3.13491e-06
3.13544e-06
3.13544e-06
3.13543e-06
3.13543e-06
3.13543e-06
3.13542e-06
3.13542e-06
3.13541e-06
3.13541e-06
3.1354e-06
3.13539e-06
3.13539e-06
3.13538e-06
3.13537e-06
3.13536e-06
3.13535e-06
3.13534e-06
3.13534e-06
3.13533e-06
3.13532e-06
3.13531e-06
3.1353e-06
3.13529e-06
3.13528e-06
3.13527e-06
3.13526e-06
3.13525e-06
3.13523e-06
3.13522e-06
3.13521e-06
3.1352e-06
3.13519e-06
3.13518e-06
3.13517e-06
3.13516e-06
3.13515e-06
3.13514e-06
3.13513e-06
3.13512e-06
3.13511e-06
3.1351e-06
3.13508e-06
3.13507e-06
3.13506e-06
3.13505e-06
3.13503e-06
3.13502e-06
3.13501e-06
3.13499e-06
3.13498e-06
3.13496e-06
3.13495e-06
3.13493e-06
3.13492e-06
3.1349e-06
3.13488e-06
3.13486e-06
3.13484e-06
3.13482e-06
3.1348e-06
3.13478e-06
3.13476e-06
3.13474e-06
3.13471e-06
3.13469e-06
3.13466e-06
3.13464e-06
3.13461e-06
3.13458e-06
3.13457e-06
3.13457e-06
3.13461e-06
3.13475e-06
3.13482e-06
3.13558e-06
3.13558e-06
3.13557e-06
3.13557e-06
3.13556e-06
3.13555e-06
3.13555e-06
3.13554e-06
3.13553e-06
3.13552e-06
3.13551e-06
3.1355e-06
3.13549e-06
3.13548e-06
3.13547e-06
3.13546e-06
3.13545e-06
3.13543e-06
3.13542e-06
3.13541e-06
3.13539e-06
3.13538e-06
3.13536e-06
3.13535e-06
3.13533e-06
3.13532e-06
3.1353e-06
3.13529e-06
3.13527e-06
3.13526e-06
3.13524e-06
3.13522e-06
3.13521e-06
3.13519e-06
3.13517e-06
3.13515e-06
3.13514e-06
3.13512e-06
3.1351e-06
3.13508e-06
3.13506e-06
3.13504e-06
3.13502e-06
3.13501e-06
3.13499e-06
3.13497e-06
3.13494e-06
3.13492e-06
3.1349e-06
3.13488e-06
3.13486e-06
3.13484e-06
3.13482e-06
3.13479e-06
3.13477e-06
3.13475e-06
3.13473e-06
3.1347e-06
3.13468e-06
3.13466e-06
3.13463e-06
3.13461e-06
3.13458e-06
3.13456e-06
3.13454e-06
3.13451e-06
3.13449e-06
3.13446e-06
3.13443e-06
3.13441e-06
3.13441e-06
3.13444e-06
3.13459e-06
3.1347e-06
3.13557e-06
3.13557e-06
3.13556e-06
3.13555e-06
3.13555e-06
3.13554e-06
3.13553e-06
3.13552e-06
3.13551e-06
3.1355e-06
3.13549e-06
3.13548e-06
3.13547e-06
3.13545e-06
3.13544e-06
3.13543e-06
3.13542e-06
3.1354e-06
3.13539e-06
3.13537e-06
3.13536e-06
3.13534e-06
3.13532e-06
3.13531e-06
3.13529e-06
3.13527e-06
3.13525e-06
3.13523e-06
3.13521e-06
3.13519e-06
3.13517e-06
3.13515e-06
3.13513e-06
3.13511e-06
3.13509e-06
3.13507e-06
3.13504e-06
3.13502e-06
3.135e-06
3.13498e-06
3.13495e-06
3.13493e-06
3.1349e-06
3.13488e-06
3.13485e-06
3.13483e-06
3.1348e-06
3.13478e-06
3.13475e-06
3.13472e-06
3.1347e-06
3.13467e-06
3.13464e-06
3.13462e-06
3.13459e-06
3.13456e-06
3.13454e-06
3.13451e-06
3.13448e-06
3.13446e-06
3.13443e-06
3.13441e-06
3.13438e-06
3.13436e-06
3.13434e-06
3.13432e-06
3.1343e-06
3.13427e-06
3.13425e-06
3.13423e-06
3.13422e-06
3.13424e-06
3.13439e-06
3.13453e-06
3.13543e-06
3.13542e-06
3.13541e-06
3.1354e-06
3.13539e-06
3.13538e-06
3.13537e-06
3.13536e-06
3.13535e-06
3.13534e-06
3.13533e-06
3.13532e-06
3.1353e-06
3.13529e-06
3.13528e-06
3.13526e-06
3.13525e-06
3.13524e-06
3.13522e-06
3.1352e-06
3.13519e-06
3.13517e-06
3.13515e-06
3.13514e-06
3.13512e-06
3.1351e-06
3.13508e-06
3.13506e-06
3.13504e-06
3.13502e-06
3.135e-06
3.13497e-06
3.13495e-06
3.13493e-06
3.1349e-06
3.13488e-06
3.13486e-06
3.13483e-06
3.13481e-06
3.13478e-06
3.13475e-06
3.13473e-06
3.1347e-06
3.13467e-06
3.13464e-06
3.13461e-06
3.13458e-06
3.13456e-06
3.13453e-06
3.1345e-06
3.13447e-06
3.13444e-06
3.13441e-06
3.13438e-06
3.13435e-06
3.13432e-06
3.13429e-06
3.13426e-06
3.13423e-06
3.13421e-06
3.13418e-06
3.13416e-06
3.13413e-06
3.13411e-06
3.13409e-06
3.13408e-06
3.13406e-06
3.13405e-06
3.13403e-06
3.13401e-06
3.134e-06
3.13401e-06
3.13416e-06
3.13433e-06
3.13516e-06
3.13515e-06
3.13514e-06
3.13513e-06
3.13511e-06
3.1351e-06
3.13509e-06
3.13508e-06
3.13507e-06
3.13506e-06
3.13504e-06
3.13503e-06
3.13502e-06
3.135e-06
3.13499e-06
3.13498e-06
3.13496e-06
3.13495e-06
3.13493e-06
3.13491e-06
3.1349e-06
3.13488e-06
3.13486e-06
3.13485e-06
3.13483e-06
3.13481e-06
3.13479e-06
3.13477e-06
3.13475e-06
3.13473e-06
3.13471e-06
3.13468e-06
3.13466e-06
3.13464e-06
3.13461e-06
3.13459e-06
3.13456e-06
3.13454e-06
3.13451e-06
3.13449e-06
3.13446e-06
3.13443e-06
3.1344e-06
3.13437e-06
3.13435e-06
3.13432e-06
3.13429e-06
3.13426e-06
3.13423e-06
3.13419e-06
3.13416e-06
3.13413e-06
3.1341e-06
3.13407e-06
3.13404e-06
3.13401e-06
3.13398e-06
3.13395e-06
3.13393e-06
3.1339e-06
3.13388e-06
3.13385e-06
3.13383e-06
3.13381e-06
3.1338e-06
3.13379e-06
3.13378e-06
3.13377e-06
3.13376e-06
3.13375e-06
3.13375e-06
3.13376e-06
3.13389e-06
3.13408e-06
3.13479e-06
3.13478e-06
3.13476e-06
3.13475e-06
3.13474e-06
3.13472e-06
3.13471e-06
3.1347e-06
3.13468e-06
3.13467e-06
3.13465e-06
3.13464e-06
3.13462e-06
3.13461e-06
3.13459e-06
3.13458e-06
3.13456e-06
3.13455e-06
3.13453e-06
3.13451e-06
3.1345e-06
3.13448e-06
3.13446e-06
3.13444e-06
3.13443e-06
3.13441e-06
3.13439e-06
3.13437e-06
3.13435e-06
3.13433e-06
3.13431e-06
3.13429e-06
3.13426e-06
3.13424e-06
3.13422e-06
3.13419e-06
3.13417e-06
3.13415e-06
3.13412e-06
3.1341e-06
3.13407e-06
3.13404e-06
3.13402e-06
3.13399e-06
3.13396e-06
3.13393e-06
3.1339e-06
3.13387e-06
3.13384e-06
3.13381e-06
3.13378e-06
3.13375e-06
3.13373e-06
3.1337e-06
3.13367e-06
3.13364e-06
3.13361e-06
3.13358e-06
3.13356e-06
3.13354e-06
3.13351e-06
3.13349e-06
3.13348e-06
3.13346e-06
3.13345e-06
3.13345e-06
3.13344e-06
3.13345e-06
3.13345e-06
3.13345e-06
3.13345e-06
3.13346e-06
3.13358e-06
3.13379e-06
3.13435e-06
3.13433e-06
3.13431e-06
3.13429e-06
3.13428e-06
3.13426e-06
3.13424e-06
3.13422e-06
3.13421e-06
3.13419e-06
3.13417e-06
3.13416e-06
3.13414e-06
3.13412e-06
3.1341e-06
3.13409e-06
3.13407e-06
3.13405e-06
3.13403e-06
3.13402e-06
3.134e-06
3.13398e-06
3.13396e-06
3.13394e-06
3.13392e-06
3.13391e-06
3.13389e-06
3.13387e-06
3.13385e-06
3.13383e-06
3.13381e-06
3.13379e-06
3.13377e-06
3.13374e-06
3.13372e-06
3.1337e-06
3.13368e-06
3.13366e-06
3.13363e-06
3.13361e-06
3.13358e-06
3.13356e-06
3.13354e-06
3.13351e-06
3.13348e-06
3.13346e-06
3.13343e-06
3.13341e-06
3.13338e-06
3.13335e-06
3.13333e-06
3.1333e-06
3.13327e-06
3.13325e-06
3.13322e-06
3.13319e-06
3.13317e-06
3.13315e-06
3.13313e-06
3.13311e-06
3.13309e-06
3.13308e-06
3.13306e-06
3.13306e-06
3.13305e-06
3.13305e-06
3.13306e-06
3.13307e-06
3.13308e-06
3.1331e-06
3.13311e-06
3.13312e-06
3.13324e-06
3.13345e-06
3.13383e-06
3.13381e-06
3.13379e-06
3.13376e-06
3.13374e-06
3.13372e-06
3.1337e-06
3.13368e-06
3.13365e-06
3.13363e-06
3.13361e-06
3.13359e-06
3.13357e-06
3.13355e-06
3.13353e-06
3.13351e-06
3.13349e-06
3.13347e-06
3.13345e-06
3.13343e-06
3.13341e-06
3.13339e-06
3.13337e-06
3.13335e-06
3.13333e-06
3.13331e-06
3.13329e-06
3.13327e-06
3.13325e-06
3.13323e-06
3.13321e-06
3.13319e-06
3.13317e-06
3.13315e-06
3.13313e-06
3.13311e-06
3.13309e-06
3.13307e-06
3.13305e-06
3.13303e-06
3.13301e-06
3.13299e-06
3.13296e-06
3.13294e-06
3.13292e-06
3.1329e-06
3.13288e-06
3.13285e-06
3.13283e-06
3.13281e-06
3.13279e-06
3.13276e-06
3.13274e-06
3.13272e-06
3.1327e-06
3.13268e-06
3.13266e-06
3.13264e-06
3.13263e-06
3.13261e-06
3.1326e-06
3.1326e-06
3.13259e-06
3.13259e-06
3.13259e-06
3.1326e-06
3.13261e-06
3.13264e-06
3.13266e-06
3.13269e-06
3.13272e-06
3.13274e-06
3.13285e-06
3.13306e-06
3.13325e-06
3.13322e-06
3.13319e-06
3.13316e-06
3.13314e-06
3.13311e-06
3.13308e-06
3.13305e-06
3.13303e-06
3.133e-06
3.13297e-06
3.13295e-06
3.13292e-06
3.1329e-06
3.13287e-06
3.13285e-06
3.13283e-06
3.1328e-06
3.13278e-06
3.13276e-06
3.13274e-06
3.13271e-06
3.13269e-06
3.13267e-06
3.13265e-06
3.13263e-06
3.13261e-06
3.13259e-06
3.13257e-06
3.13255e-06
3.13253e-06
3.13251e-06
3.13249e-06
3.13247e-06
3.13245e-06
3.13243e-06
3.13241e-06
3.13239e-06
3.13238e-06
3.13236e-06
3.13234e-06
3.13232e-06
3.1323e-06
3.13228e-06
3.13227e-06
3.13225e-06
3.13223e-06
3.13221e-06
3.1322e-06
3.13218e-06
3.13216e-06
3.13215e-06
3.13213e-06
3.13212e-06
3.1321e-06
3.13209e-06
3.13208e-06
3.13207e-06
3.13206e-06
3.13205e-06
3.13205e-06
3.13205e-06
3.13205e-06
3.13206e-06
3.13207e-06
3.13209e-06
3.13211e-06
3.13214e-06
3.13218e-06
3.13222e-06
3.13226e-06
3.1323e-06
3.13241e-06
3.13261e-06
3.1326e-06
3.13256e-06
3.13252e-06
3.13248e-06
3.13245e-06
3.13241e-06
3.13238e-06
3.13235e-06
3.13231e-06
3.13228e-06
3.13225e-06
3.13222e-06
3.13219e-06
3.13216e-06
3.13213e-06
3.1321e-06
3.13207e-06
3.13205e-06
3.13202e-06
3.132e-06
3.13197e-06
3.13195e-06
3.13192e-06
3.1319e-06
3.13188e-06
3.13185e-06
3.13183e-06
3.13181e-06
3.13179e-06
3.13177e-06
3.13175e-06
3.13173e-06
3.13171e-06
3.1317e-06
3.13168e-06
3.13166e-06
3.13164e-06
3.13163e-06
3.13161e-06
3.13159e-06
3.13158e-06
3.13156e-06
3.13155e-06
3.13154e-06
3.13152e-06
3.13151e-06
3.1315e-06
3.13149e-06
3.13147e-06
3.13146e-06
3.13145e-06
3.13144e-06
3.13144e-06
3.13143e-06
3.13142e-06
3.13142e-06
3.13141e-06
3.13141e-06
3.13141e-06
3.13142e-06
3.13142e-06
3.13143e-06
3.13144e-06
3.13146e-06
3.13148e-06
3.13151e-06
3.13154e-06
3.13159e-06
3.13163e-06
3.13169e-06
3.13175e-06
3.1318e-06
3.13191e-06
3.1321e-06
3.13185e-06
3.1318e-06
3.13175e-06
3.13171e-06
3.13167e-06
3.13162e-06
3.13158e-06
3.13154e-06
3.1315e-06
3.13146e-06
3.13143e-06
3.13139e-06
3.13136e-06
3.13132e-06
3.13129e-06
3.13126e-06
3.13122e-06
3.13119e-06
3.13116e-06
3.13114e-06
3.13111e-06
3.13108e-06
3.13106e-06
3.13103e-06
3.13101e-06
3.13098e-06
3.13096e-06
3.13094e-06
3.13092e-06
3.1309e-06
3.13088e-06
3.13086e-06
3.13084e-06
3.13083e-06
3.13081e-06
3.13079e-06
3.13078e-06
3.13077e-06
3.13075e-06
3.13074e-06
3.13073e-06
3.13072e-06
3.13071e-06
3.1307e-06
3.13069e-06
3.13068e-06
3.13067e-06
3.13067e-06
3.13066e-06
3.13066e-06
3.13066e-06
3.13066e-06
3.13066e-06
3.13066e-06
3.13066e-06
3.13066e-06
3.13067e-06
3.13068e-06
3.13069e-06
3.1307e-06
3.13072e-06
3.13074e-06
3.13076e-06
3.13079e-06
3.13082e-06
3.13086e-06
3.13091e-06
3.13096e-06
3.13102e-06
3.13109e-06
3.13116e-06
3.13122e-06
3.13135e-06
3.13152e-06
3.13098e-06
3.13093e-06
3.13087e-06
3.13082e-06
3.13077e-06
3.13072e-06
3.13067e-06
3.13062e-06
3.13058e-06
3.13053e-06
3.13049e-06
3.13045e-06
3.13041e-06
3.13037e-06
3.13033e-06
3.1303e-06
3.13026e-06
3.13023e-06
3.1302e-06
3.13017e-06
3.13014e-06
3.13011e-06
3.13008e-06
3.13005e-06
3.13003e-06
3.13001e-06
3.12998e-06
3.12996e-06
3.12994e-06
3.12992e-06
3.1299e-06
3.12989e-06
3.12987e-06
3.12985e-06
3.12984e-06
3.12983e-06
3.12982e-06
3.12981e-06
3.1298e-06
3.12979e-06
3.12978e-06
3.12977e-06
3.12977e-06
3.12976e-06
3.12976e-06
3.12976e-06
3.12976e-06
3.12976e-06
3.12976e-06
3.12977e-06
3.12977e-06
3.12978e-06
3.12979e-06
3.1298e-06
3.12981e-06
3.12982e-06
3.12984e-06
3.12986e-06
3.12988e-06
3.1299e-06
3.12993e-06
3.12996e-06
3.13e-06
3.13004e-06
3.13008e-06
3.13013e-06
3.13019e-06
3.13026e-06
3.13033e-06
3.13041e-06
3.13049e-06
3.13057e-06
3.13071e-06
3.13086e-06
3.12998e-06
3.12991e-06
3.12985e-06
3.12979e-06
3.12973e-06
3.12968e-06
3.12962e-06
3.12957e-06
3.12952e-06
3.12947e-06
3.12942e-06
3.12938e-06
3.12933e-06
3.12929e-06
3.12925e-06
3.12921e-06
3.12917e-06
3.12914e-06
3.1291e-06
3.12907e-06
3.12904e-06
3.12901e-06
3.12898e-06
3.12896e-06
3.12893e-06
3.12891e-06
3.12889e-06
3.12887e-06
3.12885e-06
3.12883e-06
3.12881e-06
3.1288e-06
3.12879e-06
3.12878e-06
3.12876e-06
3.12876e-06
3.12875e-06
3.12874e-06
3.12874e-06
3.12873e-06
3.12873e-06
3.12873e-06
3.12873e-06
3.12873e-06
3.12874e-06
3.12874e-06
3.12875e-06
3.12876e-06
3.12877e-06
3.12878e-06
3.12879e-06
3.12881e-06
3.12883e-06
3.12885e-06
3.12887e-06
3.12889e-06
3.12892e-06
3.12895e-06
3.12898e-06
3.12902e-06
3.12906e-06
3.1291e-06
3.12915e-06
3.1292e-06
3.12926e-06
3.12932e-06
3.12939e-06
3.12947e-06
3.12955e-06
3.12964e-06
3.12974e-06
3.12984e-06
3.12998e-06
3.13013e-06
3.12881e-06
3.12874e-06
3.12867e-06
3.1286e-06
3.12854e-06
3.12848e-06
3.12842e-06
3.12836e-06
3.1283e-06
3.12825e-06
3.1282e-06
3.12815e-06
3.1281e-06
3.12806e-06
3.12802e-06
3.12798e-06
3.12794e-06
3.1279e-06
3.12787e-06
3.12784e-06
3.12781e-06
3.12778e-06
3.12775e-06
3.12773e-06
3.1277e-06
3.12768e-06
3.12766e-06
3.12765e-06
3.12763e-06
3.12762e-06
3.12761e-06
3.1276e-06
3.12759e-06
3.12758e-06
3.12757e-06
3.12757e-06
3.12757e-06
3.12757e-06
3.12757e-06
3.12757e-06
3.12758e-06
3.12758e-06
3.12759e-06
3.1276e-06
3.12761e-06
3.12762e-06
3.12764e-06
3.12766e-06
3.12768e-06
3.1277e-06
3.12772e-06
3.12774e-06
3.12777e-06
3.1278e-06
3.12783e-06
3.12787e-06
3.12791e-06
3.12795e-06
3.12799e-06
3.12804e-06
3.12809e-06
3.12815e-06
3.12821e-06
3.12827e-06
3.12834e-06
3.12842e-06
3.1285e-06
3.12859e-06
3.12868e-06
3.12879e-06
3.12889e-06
3.129e-06
3.12915e-06
3.12929e-06
3.12745e-06
3.12737e-06
3.12729e-06
3.12722e-06
3.12715e-06
3.12709e-06
3.12702e-06
3.12696e-06
3.1269e-06
3.12685e-06
3.1268e-06
3.12675e-06
3.1267e-06
3.12666e-06
3.12662e-06
3.12658e-06
3.12654e-06
3.12651e-06
3.12648e-06
3.12645e-06
3.12642e-06
3.12639e-06
3.12637e-06
3.12635e-06
3.12633e-06
3.12632e-06
3.1263e-06
3.12629e-06
3.12628e-06
3.12628e-06
3.12627e-06
3.12627e-06
3.12626e-06
3.12626e-06
3.12626e-06
3.12627e-06
3.12627e-06
3.12628e-06
3.12629e-06
3.1263e-06
3.12631e-06
3.12633e-06
3.12634e-06
3.12636e-06
3.12638e-06
3.1264e-06
3.12643e-06
3.12645e-06
3.12648e-06
3.12651e-06
3.12655e-06
3.12658e-06
3.12662e-06
3.12666e-06
3.1267e-06
3.12675e-06
3.1268e-06
3.12685e-06
3.12691e-06
3.12697e-06
3.12703e-06
3.1271e-06
3.12717e-06
3.12725e-06
3.12733e-06
3.12742e-06
3.12751e-06
3.12761e-06
3.12771e-06
3.12783e-06
3.12794e-06
3.12806e-06
3.12821e-06
3.12835e-06
3.12586e-06
3.12577e-06
3.12569e-06
3.12562e-06
3.12555e-06
3.12548e-06
3.12541e-06
3.12535e-06
3.1253e-06
3.12524e-06
3.12519e-06
3.12515e-06
3.1251e-06
3.12506e-06
3.12503e-06
3.12499e-06
3.12496e-06
3.12493e-06
3.12491e-06
3.12489e-06
3.12487e-06
3.12485e-06
3.12483e-06
3.12482e-06
3.12481e-06
3.1248e-06
3.1248e-06
3.1248e-06
3.12479e-06
3.1248e-06
3.1248e-06
3.1248e-06
3.12481e-06
3.12482e-06
3.12483e-06
3.12485e-06
3.12486e-06
3.12488e-06
3.1249e-06
3.12492e-06
3.12494e-06
3.12496e-06
3.12499e-06
3.12502e-06
3.12505e-06
3.12508e-06
3.12512e-06
3.12515e-06
3.12519e-06
3.12523e-06
3.12527e-06
3.12532e-06
3.12537e-06
3.12542e-06
3.12547e-06
3.12553e-06
3.12559e-06
3.12565e-06
3.12572e-06
3.12579e-06
3.12587e-06
3.12594e-06
3.12603e-06
3.12612e-06
3.12621e-06
3.12631e-06
3.12641e-06
3.12652e-06
3.12663e-06
3.12675e-06
3.12687e-06
3.127e-06
3.12715e-06
3.12728e-06
3.12395e-06
3.12387e-06
3.12379e-06
3.12372e-06
3.12365e-06
3.12359e-06
3.12353e-06
3.12348e-06
3.12343e-06
3.12339e-06
3.12335e-06
3.12331e-06
3.12328e-06
3.12325e-06
3.12322e-06
3.1232e-06
3.12318e-06
3.12316e-06
3.12315e-06
3.12314e-06
3.12313e-06
3.12313e-06
3.12312e-06
3.12312e-06
3.12313e-06
3.12313e-06
3.12314e-06
3.12315e-06
3.12316e-06
3.12318e-06
3.12319e-06
3.12321e-06
3.12323e-06
3.12326e-06
3.12328e-06
3.1233e-06
3.12333e-06
3.12336e-06
3.12339e-06
3.12342e-06
3.12346e-06
3.12349e-06
3.12353e-06
3.12357e-06
3.12361e-06
3.12366e-06
3.1237e-06
3.12375e-06
3.1238e-06
3.12385e-06
3.1239e-06
3.12396e-06
3.12402e-06
3.12408e-06
3.12414e-06
3.12421e-06
3.12428e-06
3.12435e-06
3.12443e-06
3.12451e-06
3.12459e-06
3.12468e-06
3.12477e-06
3.12487e-06
3.12497e-06
3.12508e-06
3.12519e-06
3.1253e-06
3.12542e-06
3.12554e-06
3.12567e-06
3.1258e-06
3.12594e-06
3.12607e-06
3.1262e-06
3.1217e-06
3.12163e-06
3.12156e-06
3.1215e-06
3.12145e-06
3.1214e-06
3.12135e-06
3.12131e-06
3.12128e-06
3.12125e-06
3.12123e-06
3.12121e-06
3.12119e-06
3.12118e-06
3.12118e-06
3.12117e-06
3.12117e-06
3.12117e-06
3.12118e-06
3.12119e-06
3.1212e-06
3.12122e-06
3.12124e-06
3.12126e-06
3.12128e-06
3.12131e-06
3.12133e-06
3.12136e-06
3.12139e-06
3.12142e-06
3.12146e-06
3.1215e-06
3.12153e-06
3.12157e-06
3.12161e-06
3.12165e-06
3.1217e-06
3.12174e-06
3.12179e-06
3.12183e-06
3.12188e-06
3.12193e-06
3.12198e-06
3.12203e-06
3.12209e-06
3.12214e-06
3.1222e-06
3.12225e-06
3.12231e-06
3.12238e-06
3.12244e-06
3.1225e-06
3.12257e-06
3.12264e-06
3.12271e-06
3.12279e-06
3.12286e-06
3.12294e-06
3.12303e-06
3.12311e-06
3.1232e-06
3.1233e-06
3.1234e-06
3.1235e-06
3.1236e-06
3.12371e-06
3.12383e-06
3.12395e-06
3.12407e-06
3.12419e-06
3.12431e-06
3.12444e-06
3.12457e-06
3.1247e-06
3.12482e-06
3.11903e-06
3.119e-06
3.11898e-06
3.11895e-06
3.11893e-06
3.11892e-06
3.1189e-06
3.11889e-06
3.11889e-06
3.11888e-06
3.11889e-06
3.11889e-06
3.1189e-06
3.11891e-06
3.11893e-06
3.11895e-06
3.11897e-06
3.119e-06
3.11903e-06
3.11907e-06
3.1191e-06
3.11915e-06
3.11919e-06
3.11924e-06
3.11929e-06
3.11934e-06
3.11939e-06
3.11944e-06
3.1195e-06
3.11956e-06
3.11961e-06
3.11967e-06
3.11973e-06
3.11979e-06
3.11985e-06
3.11992e-06
3.11998e-06
3.12004e-06
3.1201e-06
3.12017e-06
3.12023e-06
3.12029e-06
3.12036e-06
3.12042e-06
3.12048e-06
3.12055e-06
3.12062e-06
3.12068e-06
3.12075e-06
3.12082e-06
3.12089e-06
3.12096e-06
3.12104e-06
3.12111e-06
3.12119e-06
3.12127e-06
3.12135e-06
3.12143e-06
3.12152e-06
3.12161e-06
3.1217e-06
3.12179e-06
3.12189e-06
3.12199e-06
3.1221e-06
3.12221e-06
3.12232e-06
3.12244e-06
3.12255e-06
3.12267e-06
3.12279e-06
3.1229e-06
3.12303e-06
3.12315e-06
3.12325e-06
3.11745e-06
3.11743e-06
3.11739e-06
3.11736e-06
3.11732e-06
3.11727e-06
3.11723e-06
3.11718e-06
3.11713e-06
3.11709e-06
3.11705e-06
3.11702e-06
3.117e-06
3.11698e-06
3.11698e-06
3.11698e-06
3.11699e-06
3.11701e-06
3.11703e-06
3.11706e-06
3.11709e-06
3.11713e-06
3.11717e-06
3.11722e-06
3.11728e-06
3.11735e-06
3.11741e-06
3.11749e-06
3.11757e-06
3.11765e-06
3.11773e-06
3.11781e-06
3.11789e-06
3.11797e-06
3.11806e-06
3.11814e-06
3.11822e-06
3.1183e-06
3.11838e-06
3.11846e-06
3.11854e-06
3.11862e-06
3.11869e-06
3.11877e-06
3.11884e-06
3.11891e-06
3.11899e-06
3.11906e-06
3.11913e-06
3.11921e-06
3.11928e-06
3.11935e-06
3.11943e-06
3.1195e-06
3.11958e-06
3.11966e-06
3.11974e-06
3.11982e-06
3.1199e-06
3.11999e-06
3.12007e-06
3.12016e-06
3.12026e-06
3.12035e-06
3.12045e-06
3.12055e-06
3.12065e-06
3.12076e-06
3.12087e-06
3.12097e-06
3.12107e-06
3.12116e-06
3.12128e-06
3.12138e-06
3.12147e-06
3.11922e-06
3.11916e-06
3.11907e-06
3.11894e-06
3.11879e-06
3.1186e-06
3.1184e-06
3.11819e-06
3.11797e-06
3.11776e-06
3.11756e-06
3.11736e-06
3.11718e-06
3.117e-06
3.11683e-06
3.11668e-06
3.11653e-06
3.1164e-06
3.11627e-06
3.11616e-06
3.11606e-06
3.11598e-06
3.11591e-06
3.11586e-06
3.11582e-06
3.11581e-06
3.11581e-06
3.11583e-06
3.11587e-06
3.11593e-06
3.11601e-06
3.11608e-06
3.11616e-06
3.11624e-06
3.11633e-06
3.11643e-06
3.11653e-06
3.11662e-06
3.11672e-06
3.1168e-06
3.11689e-06
3.11697e-06
3.11705e-06
3.11713e-06
3.11721e-06
3.11728e-06
3.11736e-06
3.11743e-06
3.1175e-06
3.11757e-06
3.11763e-06
3.1177e-06
3.11777e-06
3.11784e-06
3.11791e-06
3.11797e-06
3.11804e-06
3.11811e-06
3.11818e-06
3.11826e-06
3.11833e-06
3.1184e-06
3.11848e-06
3.11856e-06
3.11864e-06
3.11872e-06
3.11881e-06
3.11889e-06
3.11898e-06
3.11906e-06
3.11913e-06
3.1192e-06
3.11929e-06
3.11937e-06
3.11944e-06
3.12104e-06
3.12069e-06
3.1203e-06
3.11995e-06
3.11962e-06
3.11931e-06
3.11901e-06
3.11872e-06
3.11845e-06
3.1182e-06
3.11795e-06
3.11772e-06
3.11749e-06
3.11728e-06
3.11707e-06
3.11688e-06
3.11669e-06
3.11651e-06
3.11633e-06
3.11617e-06
3.11601e-06
3.11586e-06
3.11572e-06
3.1156e-06
3.11549e-06
3.1154e-06
3.11532e-06
3.11527e-06
3.11523e-06
3.11517e-06
3.11512e-06
3.11508e-06
3.11503e-06
3.115e-06
3.11499e-06
3.11503e-06
3.1151e-06
3.1152e-06
3.11529e-06
3.11537e-06
3.11544e-06
3.1155e-06
3.11557e-06
3.11563e-06
3.11569e-06
3.11575e-06
3.11581e-06
3.11586e-06
3.11591e-06
3.11596e-06
3.11601e-06
3.11606e-06
3.1161e-06
3.11615e-06
3.11619e-06
3.11624e-06
3.11628e-06
3.11633e-06
3.11638e-06
3.11642e-06
3.11647e-06
3.11651e-06
3.11656e-06
3.11661e-06
3.11666e-06
3.11671e-06
3.11676e-06
3.11682e-06
3.11687e-06
3.11692e-06
3.11695e-06
3.11698e-06
3.11704e-06
3.11708e-06
3.11712e-06
)
;

boundaryField
{
    walls
    {
        type            fixedValue;
        value           uniform 0;
    }
    frontAndBack
    {
        type            empty;
    }
    farfield
    {
        type            calculated;
        value           uniform 3.11449e-06;
    }
    procBoundary2to0
    {
        type            processor;
        value           nonuniform List<scalar> 
113
(
9.47215e-10
8.60412e-08
5.96337e-07
1.79919e-06
3.6953e-06
6.19287e-06
8.9642e-06
1.14744e-05
1.31388e-05
1.31388e-05
2.5747e-05
2.5747e-05
5.47914e-05
5.47914e-05
9.44895e-05
9.97394e-05
0.000100515
9.59236e-05
8.49975e-05
6.76796e-05
4.60537e-05
2.57103e-05
1.16008e-05
6.02371e-06
3.63431e-06
2.6902e-06
2.40497e-06
2.48971e-06
2.77614e-06
3.03048e-06
3.04668e-06
2.9282e-06
2.9282e-06
3.03859e-06
3.13179e-06
3.18141e-06
3.20248e-06
3.21799e-06
3.23071e-06
3.23689e-06
3.23608e-06
3.23044e-06
3.22312e-06
3.21646e-06
3.21584e-06
3.22151e-06
3.15821e-06
3.15443e-06
3.15531e-06
3.15847e-06
3.16237e-06
3.19608e-06
3.16283e-06
3.15821e-06
3.15372e-06
3.14944e-06
3.14598e-06
3.14441e-06
3.14348e-06
3.1432e-06
3.1452e-06
3.1452e-06
3.14371e-06
3.14343e-06
3.14434e-06
3.14434e-06
3.14251e-06
3.14147e-06
3.14066e-06
3.14003e-06
3.13926e-06
3.13857e-06
3.13799e-06
3.13751e-06
3.13713e-06
3.13682e-06
3.13658e-06
3.13636e-06
3.13615e-06
3.13593e-06
3.13571e-06
3.13571e-06
3.13507e-06
3.13499e-06
3.13496e-06
3.135e-06
3.13501e-06
3.13499e-06
3.13495e-06
3.13488e-06
3.13478e-06
3.13465e-06
3.13449e-06
3.13429e-06
3.13406e-06
3.13379e-06
3.13346e-06
3.13309e-06
3.13266e-06
3.13217e-06
3.13161e-06
3.13097e-06
3.13024e-06
3.12942e-06
3.12848e-06
3.12741e-06
3.12741e-06
3.12632e-06
3.12493e-06
3.12335e-06
3.12155e-06
3.11949e-06
3.11715e-06
)
;
    }
    procBoundary2to3
    {
        type            processor;
        value           nonuniform List<scalar> 
108
(
1.61817e-11
1.54974e-09
1.50917e-08
7.3817e-08
2.57002e-07
7.27922e-07
1.78749e-06
3.93177e-06
7.85926e-06
1.43248e-05
2.38634e-05
3.66037e-05
5.22723e-05
7.03346e-05
9.01818e-05
0.000111282
0.000133252
0.000155861
0.000178994
0.000204533
0.000204279
0.000204003
0.000203723
0.000203441
0.000203161
0.000202886
0.00020261
0.00020261
0.000229478
0.000254651
0.000280369
0.000306576
0.000333169
0.000359978
0.000386763
0.000413193
0.000438833
0.000463127
0.000485372
0.000504695
0.000504695
0.00052255
0.000533126
0.000536957
0.000532161
0.000516514
0.000487417
0.00044188
0.000376485
0.000287056
0.000166029
3.36027e-05
4.15399e-06
2.74129e-06
2.7574e-06
2.8383e-06
2.90576e-06
2.95996e-06
3.00563e-06
3.05579e-06
3.10809e-06
3.13154e-06
3.14175e-06
3.14715e-06
3.15001e-06
3.15119e-06
3.15119e-06
3.15042e-06
3.14919e-06
3.14778e-06
3.14636e-06
3.14502e-06
3.14376e-06
3.14258e-06
3.14147e-06
3.14042e-06
3.13945e-06
3.13855e-06
3.13775e-06
3.13704e-06
3.13642e-06
3.13589e-06
3.13543e-06
3.13503e-06
3.13486e-06
3.13515e-06
3.13544e-06
3.13559e-06
3.13558e-06
3.13543e-06
3.13517e-06
3.1348e-06
3.13436e-06
3.13386e-06
3.13328e-06
3.13263e-06
3.13189e-06
3.13104e-06
3.13004e-06
3.12889e-06
3.12753e-06
3.12595e-06
3.12403e-06
3.12178e-06
3.11906e-06
3.11747e-06
3.11922e-06
3.12166e-06
)
;
    }
}


// ************************************************************************* //
