/*--------------------------------*- C++ -*----------------------------------*\
| =========                 |                                                 |
| \\      /  F ield         | OpenFOAM: The Open Source CFD Toolbox           |
|  \\    /   O peration     | Version:  2412                                  |
|   \\  /    A nd           | Website:  www.openfoam.com                      |
|    \\/     M anipulation  |                                                 |
\*---------------------------------------------------------------------------*/
FoamFile
{
    version     2.0;
    format      ascii;
    arch        "LSB;label=32;scalar=64";
    class       volScalarField;
    location    "180";
    object      nuTilda;
}
// * * * * * * * * * * * * * * * * * * * * * * * * * * * * * * * * * * * * * //

dimensions      [0 2 -1 0 0 0 0];

internalField   nonuniform List<scalar> 
7373
(
2.08145e-06
2.08138e-06
2.08123e-06
2.08101e-06
2.08068e-06
2.08025e-06
2.07975e-06
2.07913e-06
2.07841e-06
2.07761e-06
2.07668e-06
2.07561e-06
2.0744e-06
2.07306e-06
2.07156e-06
2.06986e-06
2.06798e-06
2.06589e-06
2.06359e-06
2.06107e-06
2.05827e-06
2.05516e-06
2.05174e-06
2.04802e-06
2.04394e-06
2.03947e-06
2.03455e-06
2.02919e-06
2.02335e-06
2.01694e-06
2.00999e-06
2.0024e-06
1.9941e-06
1.98508e-06
1.97528e-06
1.9646e-06
1.95297e-06
1.94034e-06
1.92661e-06
1.91166e-06
1.89541e-06
1.87773e-06
1.85852e-06
1.83762e-06
1.81486e-06
1.79001e-06
1.76292e-06
1.73342e-06
1.70129e-06
1.6665e-06
1.62915e-06
1.58959e-06
1.5486e-06
1.50669e-06
1.46342e-06
1.41664e-06
1.3616e-06
1.28954e-06
1.18448e-06
1.01682e-06
7.37179e-07
3.39174e-07
4.48056e-07
1.07409e-06
1.8469e-06
2.69231e-06
3.64879e-06
4.4886e-06
6.51174e-06
6.51153e-06
6.51102e-06
6.51024e-06
6.50921e-06
6.50788e-06
6.50624e-06
6.50429e-06
6.50205e-06
6.49949e-06
6.4965e-06
6.49316e-06
6.48938e-06
6.48515e-06
6.48036e-06
6.475e-06
6.46908e-06
6.46252e-06
6.45526e-06
6.44727e-06
6.43846e-06
6.4287e-06
6.41796e-06
6.40623e-06
6.3934e-06
6.37933e-06
6.36384e-06
6.34699e-06
6.32859e-06
6.3084e-06
6.28651e-06
6.26265e-06
6.23656e-06
6.20817e-06
6.17733e-06
6.14373e-06
6.10716e-06
6.06741e-06
6.02417e-06
5.97712e-06
5.92596e-06
5.87033e-06
5.80982e-06
5.74393e-06
5.67214e-06
5.59379e-06
5.50832e-06
5.41517e-06
5.31364e-06
5.20355e-06
5.08522e-06
4.95965e-06
4.82921e-06
4.69543e-06
4.55693e-06
4.40675e-06
4.23004e-06
3.99938e-06
3.66507e-06
3.1368e-06
2.26829e-06
1.04927e-06
1.38982e-06
3.27532e-06
5.57221e-06
8.07139e-06
1.08598e-05
1.33943e-05
1.15062e-05
1.15057e-05
1.15047e-05
1.15033e-05
1.15014e-05
1.1499e-05
1.1496e-05
1.14925e-05
1.14885e-05
1.14838e-05
1.14785e-05
1.14725e-05
1.14657e-05
1.14581e-05
1.14495e-05
1.14399e-05
1.14294e-05
1.14177e-05
1.14047e-05
1.13904e-05
1.13747e-05
1.13573e-05
1.13381e-05
1.13172e-05
1.12943e-05
1.12692e-05
1.12416e-05
1.12115e-05
1.11787e-05
1.11427e-05
1.11037e-05
1.10611e-05
1.10146e-05
1.09641e-05
1.09091e-05
1.08491e-05
1.07839e-05
1.0713e-05
1.06358e-05
1.05518e-05
1.04605e-05
1.03612e-05
1.0253e-05
1.01351e-05
1.00066e-05
9.8662e-06
9.71294e-06
9.5456e-06
9.36299e-06
9.16463e-06
8.95066e-06
8.72288e-06
8.48524e-06
8.24019e-06
7.98507e-06
7.70725e-06
7.38034e-06
6.95606e-06
6.34844e-06
5.40603e-06
3.89543e-06
1.81944e-06
2.41745e-06
5.55255e-06
9.30456e-06
1.335e-05
1.77763e-05
2.20466e-05
1.71241e-05
1.71234e-05
1.71217e-05
1.71195e-05
1.71165e-05
1.71128e-05
1.71083e-05
1.7103e-05
1.70968e-05
1.70897e-05
1.70816e-05
1.70725e-05
1.70623e-05
1.70507e-05
1.70378e-05
1.70234e-05
1.70075e-05
1.69898e-05
1.69703e-05
1.69488e-05
1.6925e-05
1.68988e-05
1.68701e-05
1.68386e-05
1.68041e-05
1.67662e-05
1.67248e-05
1.66796e-05
1.66302e-05
1.65763e-05
1.65175e-05
1.64535e-05
1.63836e-05
1.63075e-05
1.62247e-05
1.61345e-05
1.60363e-05
1.59295e-05
1.58132e-05
1.56867e-05
1.5549e-05
1.53991e-05
1.52357e-05
1.50576e-05
1.4863e-05
1.46503e-05
1.44177e-05
1.41632e-05
1.3885e-05
1.35816e-05
1.32531e-05
1.29019e-05
1.25332e-05
1.21503e-05
1.17488e-05
1.13095e-05
1.07931e-05
1.01288e-05
9.19357e-06
7.77906e-06
5.58289e-06
2.64005e-06
3.52093e-06
7.84352e-06
1.29217e-05
1.8339e-05
2.41179e-05
3.00406e-05
2.34303e-05
2.34291e-05
2.34266e-05
2.34233e-05
2.3419e-05
2.34138e-05
2.34074e-05
2.34e-05
2.33913e-05
2.33813e-05
2.337e-05
2.33572e-05
2.33429e-05
2.33268e-05
2.33089e-05
2.32889e-05
2.32667e-05
2.32422e-05
2.32151e-05
2.31852e-05
2.31523e-05
2.3116e-05
2.30762e-05
2.30325e-05
2.29847e-05
2.29323e-05
2.2875e-05
2.28124e-05
2.2744e-05
2.26694e-05
2.2588e-05
2.24993e-05
2.24024e-05
2.2297e-05
2.21823e-05
2.20572e-05
2.1921e-05
2.17728e-05
2.16114e-05
2.14357e-05
2.12443e-05
2.10357e-05
2.08082e-05
2.05598e-05
2.02881e-05
1.99906e-05
1.96645e-05
1.93071e-05
1.89149e-05
1.84858e-05
1.80187e-05
1.75165e-05
1.69856e-05
1.64296e-05
1.58423e-05
1.51969e-05
1.44407e-05
1.34802e-05
1.21569e-05
1.02132e-05
7.29915e-06
3.50144e-06
4.68992e-06
1.00991e-05
1.6333e-05
2.28989e-05
2.96869e-05
3.70803e-05
3.04954e-05
3.04935e-05
3.049e-05
3.04853e-05
3.04794e-05
3.04722e-05
3.04636e-05
3.04535e-05
3.04418e-05
3.04284e-05
3.04133e-05
3.03962e-05
3.0377e-05
3.03556e-05
3.03317e-05
3.03051e-05
3.02757e-05
3.02432e-05
3.02073e-05
3.01677e-05
3.01241e-05
3.00762e-05
3.00235e-05
2.99658e-05
2.99026e-05
2.98334e-05
2.97577e-05
2.96751e-05
2.95847e-05
2.94861e-05
2.93786e-05
2.92613e-05
2.91334e-05
2.89941e-05
2.88423e-05
2.86769e-05
2.84967e-05
2.83005e-05
2.80868e-05
2.78538e-05
2.75998e-05
2.73228e-05
2.70203e-05
2.66894e-05
2.63269e-05
2.59292e-05
2.54924e-05
2.5012e-05
2.44834e-05
2.3902e-05
2.32657e-05
2.25774e-05
2.18438e-05
2.10694e-05
2.02458e-05
1.93389e-05
1.82832e-05
1.69636e-05
1.519e-05
1.26651e-05
9.01309e-06
4.39328e-06
5.91281e-06
1.22727e-05
1.94538e-05
2.69007e-05
3.43069e-05
4.29218e-05
3.83988e-05
3.83958e-05
3.83907e-05
3.83842e-05
3.83761e-05
3.83665e-05
3.8355e-05
3.83415e-05
3.83261e-05
3.83085e-05
3.82886e-05
3.82663e-05
3.82413e-05
3.82135e-05
3.81824e-05
3.8148e-05
3.81099e-05
3.80679e-05
3.80215e-05
3.79704e-05
3.79143e-05
3.78525e-05
3.77848e-05
3.77106e-05
3.76293e-05
3.75404e-05
3.74431e-05
3.73369e-05
3.72209e-05
3.70942e-05
3.69561e-05
3.68054e-05
3.6641e-05
3.64619e-05
3.62668e-05
3.60541e-05
3.58223e-05
3.55697e-05
3.52944e-05
3.49941e-05
3.46665e-05
3.43086e-05
3.39173e-05
3.34885e-05
3.3018e-05
3.25007e-05
3.1931e-05
3.13027e-05
3.06085e-05
2.98414e-05
2.89973e-05
2.80782e-05
2.70915e-05
2.60421e-05
2.4921e-05
2.36877e-05
2.22661e-05
2.05221e-05
1.82382e-05
1.50877e-05
1.06916e-05
5.30437e-06
7.17606e-06
1.43162e-05
2.2198e-05
3.02165e-05
3.78137e-05
4.73557e-05
4.7223e-05
4.72182e-05
4.72108e-05
4.72016e-05
4.71904e-05
4.71773e-05
4.71619e-05
4.7144e-05
4.71237e-05
4.71006e-05
4.70747e-05
4.70457e-05
4.70135e-05
4.69775e-05
4.69376e-05
4.68935e-05
4.68448e-05
4.67912e-05
4.67321e-05
4.6667e-05
4.65956e-05
4.65173e-05
4.64314e-05
4.63374e-05
4.62345e-05
4.61219e-05
4.59989e-05
4.58645e-05
4.57178e-05
4.55577e-05
4.53831e-05
4.51926e-05
4.49849e-05
4.47584e-05
4.45116e-05
4.42425e-05
4.39491e-05
4.36293e-05
4.32805e-05
4.28997e-05
4.24838e-05
4.2029e-05
4.1531e-05
4.09845e-05
4.03836e-05
3.97215e-05
3.89907e-05
3.81825e-05
3.72864e-05
3.62917e-05
3.51916e-05
3.39873e-05
3.26865e-05
3.12961e-05
2.9808e-05
2.81778e-05
2.63212e-05
2.40882e-05
2.12389e-05
1.7428e-05
1.22986e-05
6.2228e-06
8.46387e-06
1.61797e-05
2.44806e-05
3.27239e-05
4.01576e-05
5.02078e-05
5.70161e-05
5.70081e-05
5.6997e-05
5.69837e-05
5.6968e-05
5.69498e-05
5.69289e-05
5.6905e-05
5.6878e-05
5.68476e-05
5.68137e-05
5.67761e-05
5.67344e-05
5.66882e-05
5.66371e-05
5.65807e-05
5.65188e-05
5.64507e-05
5.63759e-05
5.62938e-05
5.62038e-05
5.61052e-05
5.59974e-05
5.58794e-05
5.57504e-05
5.56095e-05
5.54555e-05
5.52874e-05
5.5104e-05
5.49039e-05
5.46856e-05
5.44475e-05
5.41879e-05
5.39048e-05
5.35962e-05
5.32596e-05
5.28925e-05
5.24921e-05
5.2055e-05
5.15775e-05
5.10554e-05
5.04839e-05
4.98569e-05
4.91679e-05
4.8409e-05
4.75713e-05
4.66448e-05
4.56177e-05
4.44757e-05
4.32037e-05
4.17918e-05
4.02403e-05
3.85575e-05
3.67543e-05
3.48262e-05
3.27267e-05
3.03665e-05
2.75831e-05
2.41198e-05
1.96261e-05
1.37947e-05
7.13648e-06
9.75825e-06
1.78133e-05
2.62244e-05
3.43163e-05
4.131e-05
5.1343e-05
6.7739e-05
6.77258e-05
6.77089e-05
6.76895e-05
6.76671e-05
6.76418e-05
6.76131e-05
6.75808e-05
6.75447e-05
6.75045e-05
6.74601e-05
6.74113e-05
6.73574e-05
6.7298e-05
6.72328e-05
6.71611e-05
6.70827e-05
6.69969e-05
6.69029e-05
6.68e-05
6.66875e-05
6.65647e-05
6.64304e-05
6.62838e-05
6.61239e-05
6.59493e-05
6.57587e-05
6.55509e-05
6.53242e-05
6.50769e-05
6.48073e-05
6.45133e-05
6.41926e-05
6.38429e-05
6.34615e-05
6.30455e-05
6.25916e-05
6.20961e-05
6.15548e-05
6.0963e-05
6.03151e-05
5.96048e-05
5.88246e-05
5.79658e-05
5.70182e-05
5.59707e-05
5.48104e-05
5.3522e-05
5.20865e-05
5.04842e-05
4.87016e-05
4.67385e-05
4.46047e-05
4.23164e-05
3.98755e-05
3.72357e-05
3.43058e-05
3.09151e-05
2.67978e-05
2.16151e-05
1.51389e-05
8.03416e-06
1.10395e-05
1.91724e-05
2.73711e-05
3.49162e-05
4.12785e-05
5.06843e-05
6.65411e-05
7.93023e-05
7.92811e-05
7.92559e-05
7.92277e-05
7.91959e-05
7.91606e-05
7.91213e-05
7.90777e-05
7.90295e-05
7.89765e-05
7.89183e-05
7.88549e-05
7.87855e-05
7.87095e-05
7.86264e-05
7.85356e-05
7.84368e-05
7.83292e-05
7.82117e-05
7.80836e-05
7.7944e-05
7.77918e-05
7.76261e-05
7.74455e-05
7.72487e-05
7.70342e-05
7.68005e-05
7.65459e-05
7.62684e-05
7.59659e-05
7.56362e-05
7.52767e-05
7.48848e-05
7.44574e-05
7.39914e-05
7.34829e-05
7.29278e-05
7.23217e-05
7.1659e-05
7.09338e-05
7.01393e-05
6.92672e-05
6.8308e-05
6.72509e-05
6.60832e-05
6.47909e-05
6.33581e-05
6.17655e-05
5.99894e-05
5.80046e-05
5.57941e-05
5.33573e-05
5.07057e-05
4.78628e-05
4.48387e-05
4.15897e-05
3.80272e-05
3.39788e-05
2.91798e-05
2.3323e-05
1.62911e-05
8.90702e-06
1.22874e-05
2.02237e-05
2.7895e-05
3.45256e-05
4.01355e-05
4.82594e-05
6.47068e-05
8.0666e-05
9.1657e-05
9.16248e-05
9.15881e-05
9.15477e-05
9.15031e-05
9.14544e-05
9.1401e-05
9.13424e-05
9.12783e-05
9.12085e-05
9.11326e-05
9.10504e-05
9.09611e-05
9.0864e-05
9.07584e-05
9.06437e-05
9.05195e-05
9.03847e-05
9.02382e-05
9.0079e-05
8.99062e-05
8.97185e-05
8.95145e-05
8.92927e-05
8.90515e-05
8.87892e-05
8.85038e-05
8.81933e-05
8.78552e-05
8.7487e-05
8.70861e-05
8.66492e-05
8.61732e-05
8.56542e-05
8.50884e-05
8.44712e-05
8.37975e-05
8.30616e-05
8.2257e-05
8.13761e-05
8.04103e-05
7.93496e-05
7.81823e-05
7.68949e-05
7.54722e-05
7.38971e-05
7.21506e-05
7.02092e-05
6.80438e-05
6.56239e-05
6.2929e-05
5.99576e-05
5.67233e-05
5.32577e-05
4.95819e-05
4.56573e-05
4.14039e-05
3.66562e-05
3.11648e-05
2.46774e-05
1.72167e-05
9.75099e-06
1.34834e-05
2.09545e-05
2.7819e-05
3.32976e-05
3.80372e-05
4.42707e-05
6.0147e-05
7.68199e-05
0.000108074
0.000104816
0.000104768
0.000104716
0.00010466
0.000104598
0.000104532
0.00010446
0.000104382
0.000104297
0.000104206
0.000104107
0.000104001
0.000103886
0.000103762
0.000103628
0.000103484
0.000103328
0.000103159
0.000102976
0.000102779
0.000102565
0.000102333
0.000102082
0.00010181
0.000101515
0.000101194
0.000100846
0.000100468
0.000100057
9.96097e-05
9.9123e-05
9.85933e-05
9.80165e-05
9.73882e-05
9.67035e-05
9.5957e-05
9.51424e-05
9.42529e-05
9.32804e-05
9.22156e-05
9.10483e-05
8.97662e-05
8.83551e-05
8.67991e-05
8.50798e-05
8.31773e-05
8.10691e-05
7.87277e-05
7.61185e-05
7.32055e-05
6.99648e-05
6.63942e-05
6.25096e-05
5.83522e-05
5.39561e-05
4.92915e-05
4.4295e-05
3.88203e-05
3.265e-05
2.56124e-05
1.78932e-05
1.05699e-05
1.46134e-05
2.13816e-05
2.72286e-05
3.14701e-05
3.52189e-05
3.91553e-05
5.31754e-05
6.97394e-05
0.000106123
0.000118825
0.000118758
0.000118686
0.000118609
0.000118526
0.000118436
0.000118341
0.000118237
0.000118127
0.000118007
0.00011788
0.000117743
0.000117597
0.000117439
0.000117269
0.000117087
0.000116891
0.00011668
0.000116453
0.000116208
0.000115943
0.000115658
0.000115349
0.000115015
0.000114654
0.000114262
0.000113837
0.000113377
0.000112877
0.000112334
0.000111744
0.000111102
0.000110404
0.000109645
0.000108817
0.000107916
0.000106933
0.000105861
0.000104689
0.000103406
0.000102
0.000100456
9.87585e-05
9.68872e-05
9.48214e-05
9.2538e-05
9.00109e-05
8.72086e-05
8.4091e-05
8.0617e-05
7.67596e-05
7.25168e-05
6.79074e-05
6.29839e-05
5.77973e-05
5.23313e-05
4.65494e-05
4.03405e-05
3.35394e-05
2.60793e-05
1.8319e-05
1.13799e-05
1.56721e-05
2.15597e-05
2.62806e-05
2.93557e-05
3.20487e-05
3.36527e-05
4.50026e-05
6.03197e-05
0.00010063
0.000133745
0.000133652
0.000133555
0.00013345
0.000133339
0.000133221
0.000133095
0.00013296
0.000132816
0.000132662
0.000132498
0.000132324
0.000132137
0.000131937
0.000131723
0.000131494
0.000131249
0.000130986
0.000130703
0.000130399
0.000130072
0.00012972
0.000129341
0.000128931
0.000128489
0.000128011
0.000127493
0.000126933
0.000126326
0.000125667
0.000124952
0.000124175
0.000123331
0.000122414
0.000121416
0.00012033
0.000119146
0.000117855
0.000116446
0.000114904
0.000113216
0.000111364
0.000109328
0.000107086
0.000104615
0.000101887
9.88736e-05
9.55385e-05
9.18365e-05
8.77216e-05
8.31647e-05
7.81648e-05
7.2746e-05
6.69756e-05
6.09269e-05
5.4604e-05
4.80116e-05
4.10937e-05
3.37581e-05
2.60615e-05
1.85218e-05
1.22193e-05
1.66672e-05
2.15845e-05
2.52001e-05
2.73252e-05
2.90391e-05
2.99504e-05
3.76842e-05
4.98827e-05
9.15718e-05
0.000149627
0.000149503
0.000149373
0.000149235
0.000149089
0.000148935
0.000148771
0.000148596
0.000148411
0.000148214
0.000148005
0.000147783
0.000147546
0.000147295
0.000147026
0.000146739
0.000146433
0.000146106
0.000145755
0.000145379
0.000144976
0.000144543
0.000144077
0.000143576
0.000143035
0.000142452
0.000141822
0.000141141
0.000140403
0.000139605
0.000138739
0.000137801
0.000136782
0.000135676
0.000134474
0.000133167
0.000131745
0.000130195
0.000128504
0.000126656
0.000124634
0.000122418
0.000119984
0.000117309
0.000114363
0.000111118
0.00010754
0.000103589
9.92139e-05
9.43654e-05
8.90131e-05
8.31588e-05
7.68354e-05
7.01312e-05
6.31505e-05
5.59289e-05
4.85315e-05
4.09799e-05
3.32722e-05
2.55909e-05
1.85671e-05
1.32219e-05
1.76259e-05
2.15888e-05
2.42657e-05
2.58083e-05
2.72263e-05
2.8138e-05
3.32277e-05
4.16698e-05
7.95479e-05
0.000166515
0.000166351
0.000166182
0.000166002
0.000165813
0.000165613
0.000165403
0.000165179
0.000164943
0.000164693
0.000164428
0.000164148
0.000163851
0.000163535
0.000163199
0.000162841
0.000162461
0.000162056
0.000161622
0.000161159
0.000160663
0.000160131
0.000159561
0.000158948
0.000158289
0.000157579
0.000156813
0.000155986
0.000155093
0.000154127
0.000153081
0.000151949
0.000150722
0.000149391
0.000147946
0.000146377
0.000144672
0.000142815
0.000140791
0.000138582
0.000136167
0.000133523
0.000130624
0.000127442
0.000123944
0.000120097
0.000115865
0.000111202
0.000106054
0.000100366
9.41095e-05
8.72914e-05
7.99593e-05
7.22319e-05
6.42605e-05
5.61282e-05
4.79835e-05
3.99478e-05
3.2113e-05
2.47642e-05
1.85591e-05
1.46404e-05
1.86097e-05
2.17425e-05
2.39192e-05
2.56555e-05
2.70506e-05
2.80447e-05
3.18074e-05
3.63969e-05
6.58048e-05
0.000184436
0.000184224
0.000184005
0.000183775
0.000183532
0.000183278
0.00018301
0.000182727
0.000182429
0.000182113
0.000181781
0.00018143
0.000181058
0.000180665
0.000180247
0.000179804
0.000179333
0.000178833
0.000178299
0.00017773
0.000177122
0.000176471
0.000175775
0.000175028
0.000174225
0.000173362
0.000172433
0.000171432
0.000170352
0.000169186
0.000167925
0.000166562
0.000165087
0.000163489
0.000161757
0.000159878
0.000157838
0.000155619
0.000153204
0.00015057
0.000147695
0.000144551
0.000141109
0.000137336
0.000133197
0.000128653
0.000123666
0.000118184
0.000112149
0.000105504
9.82212e-05
9.03195e-05
8.18695e-05
7.30371e-05
6.40458e-05
5.5048e-05
4.62983e-05
3.80282e-05
3.04023e-05
2.37508e-05
1.86405e-05
1.64458e-05
1.98395e-05
2.25292e-05
2.46864e-05
2.66371e-05
2.80967e-05
2.92088e-05
3.23521e-05
3.42026e-05
5.22046e-05
0.0002034
0.000203128
0.00020285
0.000202558
0.000202251
0.00020193
0.000201593
0.000201238
0.000200864
0.00020047
0.000200055
0.000199618
0.000199157
0.00019867
0.000198153
0.000197606
0.000197027
0.000196411
0.000195757
0.00019506
0.000194316
0.000193523
0.000192675
0.000191766
0.000190792
0.000189747
0.000188623
0.000187413
0.000186111
0.000184706
0.00018319
0.000181553
0.000179784
0.00017787
0.000175799
0.000173554
0.00017112
0.000168476
0.000165602
0.000162471
0.000159058
0.000155332
0.000151258
0.0001468
0.000141918
0.000136571
0.000130714
0.000124294
0.000117246
0.000109512
0.000101071
9.19592e-05
8.22867e-05
7.22939e-05
6.23172e-05
5.26002e-05
4.35082e-05
3.53694e-05
2.83685e-05
2.27915e-05
1.92681e-05
1.85606e-05
2.15897e-05
2.40651e-05
2.62641e-05
2.83593e-05
2.9869e-05
3.1103e-05
3.39272e-05
3.45607e-05
4.32712e-05
0.000223395
0.000223052
0.000222702
0.000222335
0.000221952
0.00022155
0.000221129
0.000220687
0.000220222
0.000219734
0.00021922
0.000218679
0.00021811
0.00021751
0.000216875
0.000216203
0.000215492
0.000214739
0.00021394
0.000213089
0.000212184
0.000211219
0.000210189
0.000209088
0.000207908
0.000206645
0.000205288
0.000203831
0.000202263
0.000200576
0.000198757
0.000196796
0.00019468
0.000192394
0.000189922
0.000187249
0.000184352
0.00018121
0.000177799
0.000174089
0.000170049
0.000165646
0.00016084
0.00015559
0.000149853
0.000143582
0.000136729
0.000129236
0.000121036
0.000112071
0.000102332
9.18864e-05
8.09108e-05
6.97669e-05
5.89617e-05
4.88274e-05
3.97982e-05
3.22615e-05
2.6349e-05
2.22699e-05
2.06074e-05
2.09147e-05
2.37308e-05
2.60995e-05
2.83194e-05
3.0452e-05
3.1953e-05
3.33051e-05
3.59267e-05
3.64334e-05
3.9056e-05
0.000246745
0.000246468
0.00024617
0.000245867
0.000245562
0.00024526
0.000244961
0.000244665
0.000244385
0.000243957
0.000243522
0.000243066
0.00024259
0.000242092
0.000241571
0.000241024
0.000240451
0.000239849
0.000239216
0.000238552
0.000237854
0.000237117
0.00023634
0.000235519
0.000234651
0.000233733
0.00023276
0.000231726
0.000230627
0.000229457
0.00022821
0.000226879
0.000225455
0.000223932
0.000222299
0.000220547
0.000218666
0.000216643
0.000214466
0.000212123
0.000209597
0.000206873
0.000203932
0.000200755
0.000197317
0.000193594
0.000189556
0.000185172
0.000180405
0.000175217
0.000169565
0.000163404
0.000156684
0.000149357
0.000141367
0.000132655
0.000123152
0.000112806
0.00010163
8.97497e-05
7.74568e-05
6.53052e-05
5.40328e-05
4.39798e-05
3.55407e-05
2.91462e-05
2.4921e-05
2.27974e-05
2.24925e-05
2.34286e-05
2.61057e-05
2.83936e-05
3.05737e-05
3.2637e-05
3.40629e-05
3.55411e-05
3.79688e-05
3.85256e-05
3.82685e-05
0.000269263
0.000268918
0.000268548
0.000268173
0.000267796
0.000267419
0.000267047
0.000266677
0.000266307
0.000265778
0.000265242
0.000264679
0.000264093
0.00026348
0.00026284
0.000262169
0.000261465
0.000260728
0.000259954
0.000259142
0.000258289
0.00025739
0.000256443
0.000255444
0.000254389
0.000253274
0.000252093
0.00025084
0.00024951
0.000248096
0.00024659
0.000244985
0.000243271
0.000241439
0.000239479
0.000237378
0.000235125
0.000232706
0.000230108
0.000227314
0.000224307
0.000221069
0.000217578
0.000213811
0.000209742
0.000205341
0.000200575
0.000195408
0.000189799
0.000183706
0.00017708
0.000169872
0.000162029
0.000153496
0.000144216
0.000134128
0.000123166
0.000111291
9.85613e-05
8.52129e-05
7.17402e-05
5.89634e-05
4.78611e-05
3.85739e-05
3.13234e-05
2.70743e-05
2.48076e-05
2.41708e-05
2.47321e-05
2.60206e-05
2.85713e-05
3.07537e-05
3.28228e-05
3.4729e-05
3.60273e-05
3.76636e-05
3.98122e-05
4.04222e-05
3.91106e-05
0.000292738
0.000292314
0.000291859
0.000291399
0.000290935
0.000290471
0.000290008
0.000289544
0.000289062
0.000288415
0.000287758
0.000287069
0.000286352
0.000285603
0.00028482
0.000284002
0.000283144
0.000282245
0.000281302
0.000280314
0.000279277
0.000278186
0.000277036
0.000275824
0.000274546
0.000273196
0.000271768
0.000270255
0.00026865
0.000266946
0.000265133
0.000263203
0.000261144
0.000258947
0.000256598
0.000254085
0.000251393
0.000248508
0.000245413
0.000242089
0.000238518
0.000234677
0.000230543
0.000226089
0.000221284
0.000216094
0.000210483
0.00020441
0.00019783
0.000190694
0.000182952
0.000174548
0.000165426
0.000155527
0.000144792
0.000133164
0.00012059
0.000107064
9.27401e-05
7.8063e-05
6.38448e-05
5.11481e-05
4.1146e-05
3.3501e-05
2.87982e-05
2.6533e-05
2.57818e-05
2.61124e-05
2.7157e-05
2.86066e-05
3.10033e-05
3.30337e-05
3.49292e-05
3.6618e-05
3.7757e-05
3.96179e-05
4.1304e-05
4.19139e-05
4.03897e-05
0.000317061
0.000316541
0.000315989
0.000315428
0.000314861
0.000314291
0.000313717
0.000313135
0.000312512
0.000311726
0.000310926
0.000310088
0.000309216
0.000308305
0.000307355
0.00030636
0.000305319
0.000304229
0.000303086
0.000301889
0.000300633
0.000299312
0.000297922
0.000296458
0.000294914
0.000293285
0.000291563
0.000289741
0.000287809
0.00028576
0.000283583
0.000281267
0.0002788
0.00027617
0.000273363
0.000270363
0.000267155
0.000263721
0.000260042
0.000256097
0.000251865
0.00024732
0.000242435
0.000237179
0.000231519
0.000225415
0.000218827
0.000211709
0.000204011
0.000195681
0.000186664
0.000176901
0.000166332
0.000154897
0.000142538
0.000129216
0.00011491
9.96997e-05
8.39408e-05
6.84391e-05
5.43538e-05
4.26966e-05
3.53165e-05
3.04534e-05
2.80085e-05
2.7263e-05
2.74927e-05
2.83595e-05
2.96241e-05
3.11027e-05
3.32989e-05
3.51306e-05
3.68098e-05
3.82516e-05
3.92201e-05
4.10745e-05
4.23164e-05
4.29122e-05
4.15624e-05
0.000342063
0.000341432
0.000340764
0.000340086
0.000339397
0.0003387
0.000337991
0.000337261
0.000336467
0.000335519
0.00033455
0.000333537
0.000332481
0.000331379
0.00033023
0.000329028
0.00032777
0.000326452
0.000325073
0.000323627
0.000322111
0.000320518
0.000318842
0.000317078
0.00031522
0.00031326
0.00031119
0.000309
0.000306681
0.000304223
0.000301614
0.000298843
0.000295893
0.000292753
0.000289404
0.000285831
0.000282015
0.000277936
0.000273572
0.000268901
0.000263896
0.00025853
0.000252771
0.000246585
0.000239932
0.000232772
0.000225057
0.000216738
0.000207761
0.000198069
0.000187605
0.000176308
0.000164119
0.000150978
0.000136843
0.000121714
0.000105667
8.89834e-05
7.24034e-05
5.71699e-05
4.45417e-05
3.6419e-05
3.18631e-05
2.94263e-05
2.86305e-05
2.88376e-05
2.9597e-05
3.07018e-05
3.20149e-05
3.34315e-05
3.53802e-05
3.69806e-05
3.84252e-05
3.96212e-05
4.04229e-05
4.2022e-05
4.28705e-05
4.34708e-05
4.2452e-05
0.000367525
0.000366762
0.00036596
0.000365142
0.000364308
0.000363458
0.000362586
0.000361675
0.00036068
0.000359541
0.000358374
0.000357154
0.000355881
0.000354554
0.000353169
0.000351722
0.000350207
0.000348621
0.000346961
0.000345222
0.000343398
0.000341482
0.000339467
0.000337348
0.000335116
0.000332764
0.00033028
0.000327655
0.000324878
0.000321936
0.000318818
0.000315507
0.000311988
0.000308246
0.000304261
0.000300014
0.000295484
0.000290649
0.000285485
0.000279964
0.000274059
0.000267737
0.000260963
0.000253699
0.000245902
0.000237524
0.000228517
0.000218825
0.000208393
0.00019716
0.000185069
0.000172063
0.000158087
0.000143097
0.000127091
0.000110181
9.269e-05
7.53169e-05
5.92794e-05
4.60608e-05
3.75494e-05
3.2863e-05
3.07177e-05
2.99734e-05
3.01498e-05
3.08463e-05
3.1827e-05
3.29812e-05
3.4235e-05
3.55284e-05
3.7198e-05
3.85557e-05
3.97706e-05
4.0749e-05
4.13936e-05
4.26405e-05
4.31037e-05
4.37701e-05
4.31474e-05
0.000393156
0.000392239
0.000391278
0.000390296
0.000389289
0.000388256
0.000387186
0.000386059
0.000384829
0.000383468
0.000382067
0.000380603
0.000379075
0.000377482
0.00037582
0.000374082
0.000372263
0.00037036
0.000368368
0.000366281
0.000364092
0.000361794
0.000359379
0.000356838
0.000354165
0.000351347
0.000348375
0.000345236
0.000341917
0.000338404
0.000334683
0.000330737
0.000326548
0.000322097
0.000317364
0.000312326
0.000306961
0.000301243
0.000295144
0.000288635
0.000281683
0.000274253
0.000266306
0.000257799
0.000248685
0.000238915
0.000228433
0.000217185
0.000205112
0.000192156
0.000178265
0.000163391
0.000147506
0.000130617
0.000112834
9.45582e-05
7.66312e-05
6.02897e-05
4.69668e-05
3.84367e-05
3.38336e-05
3.18239e-05
3.12676e-05
3.14598e-05
3.20976e-05
3.29791e-05
3.39937e-05
3.50859e-05
3.62169e-05
3.73507e-05
3.87328e-05
3.98573e-05
4.08656e-05
4.16551e-05
4.21675e-05
4.30436e-05
4.32146e-05
4.39434e-05
4.40678e-05
0.000418588
0.00041749
0.000416343
0.000415165
0.000413953
0.000412699
0.000411393
0.000410008
0.000408509
0.000406886
0.000405209
0.000403458
0.00040163
0.000399723
0.000397733
0.000395652
0.000393475
0.000391197
0.000388812
0.000386313
0.000383693
0.000380943
0.000378054
0.000375016
0.000371819
0.000368453
0.000364903
0.000361157
0.000357197
0.000353011
0.000348581
0.000343887
0.00033891
0.000333628
0.000328019
0.000322057
0.000315716
0.000308968
0.000301782
0.000294125
0.000285962
0.000277254
0.000267957
0.000258026
0.00024741
0.000236057
0.000223913
0.000210921
0.000197028
0.000182185
0.000166356
0.000149531
0.000131757
0.000113197
9.4257e-05
7.58974e-05
5.96256e-05
4.70492e-05
3.89495e-05
3.46927e-05
3.29141e-05
3.24933e-05
3.27521e-05
3.33498e-05
3.41389e-05
3.50303e-05
3.59748e-05
3.69449e-05
3.79215e-05
3.88831e-05
3.99921e-05
4.09085e-05
4.17428e-05
4.23729e-05
4.27742e-05
4.33329e-05
4.34437e-05
4.39261e-05
4.4115e-05
0.000443354
0.000442044
0.000440677
0.000439267
0.000437808
0.000436292
0.000434704
0.000433017
0.000431206
0.000429275
0.000427275
0.000425185
0.000423004
0.000420727
0.000418349
0.000415864
0.000413263
0.000410542
0.000407693
0.000404708
0.000401579
0.000398294
0.000394845
0.000391219
0.000387405
0.000383391
0.00037916
0.000374697
0.000369985
0.000365006
0.000359743
0.000354172
0.000348271
0.000342017
0.000335384
0.000328344
0.000320868
0.000312925
0.000304481
0.0002955
0.000285944
0.000275769
0.000264932
0.000253383
0.000241072
0.000227947
0.000213958
0.000199056
0.000183203
0.000166377
0.000148594
0.000129955
0.000110731
9.15049e-05
7.31669e-05
5.71134e-05
4.61092e-05
3.90598e-05
3.54132e-05
3.39746e-05
3.37076e-05
3.40103e-05
3.45834e-05
3.52896e-05
3.60668e-05
3.68783e-05
3.77023e-05
3.85256e-05
3.93402e-05
4.01357e-05
4.10027e-05
4.17443e-05
4.24393e-05
4.29378e-05
4.32444e-05
4.35703e-05
4.35073e-05
4.37411e-05
4.38701e-05
0.000466873
0.000465312
0.000463683
0.000461997
0.000460245
0.000458417
0.000456494
0.000454456
0.000452283
0.00044999
0.000447608
0.000445119
0.000442522
0.000439809
0.000436975
0.000434012
0.000430912
0.000427668
0.000424271
0.000420712
0.000416981
0.000413066
0.000408955
0.000404637
0.000400096
0.000395318
0.000390285
0.00038498
0.000379383
0.000373476
0.000367235
0.000360638
0.000353659
0.000346273
0.000338449
0.000330159
0.00032137
0.000312049
0.000302158
0.00029166
0.000280514
0.000268677
0.000256103
0.000242746
0.000228558
0.000213495
0.000197522
0.000180618
0.000162787
0.000144092
0.000124707
0.000105034
8.58695e-05
6.8529e-05
5.39707e-05
4.43082e-05
3.88019e-05
3.60271e-05
3.5001e-05
3.49009e-05
3.52392e-05
3.57779e-05
3.6408e-05
3.70804e-05
3.77708e-05
3.84646e-05
3.91521e-05
3.98273e-05
4.04895e-05
4.11374e-05
4.18018e-05
4.24028e-05
4.2991e-05
4.33809e-05
4.36069e-05
4.37659e-05
4.37448e-05
4.39057e-05
4.40128e-05
4.40717e-05
0.000488422
0.000486563
0.000484624
0.00048261
0.000480509
0.000478309
0.000475994
0.000473546
0.000470954
0.000468233
0.000465402
0.000462444
0.000459356
0.000456129
0.000452757
0.000449232
0.000445543
0.000441681
0.000437638
0.000433402
0.000428962
0.000424305
0.000419416
0.000414281
0.000408886
0.000403211
0.000397238
0.000390945
0.000384313
0.00037732
0.00036994
0.000362149
0.000353918
0.000345218
0.00033602
0.000326289
0.000315993
0.000305096
0.000293559
0.000281345
0.000268413
0.000254723
0.000240235
0.000224911
0.000208719
0.00019164
0.000173684
0.000154906
0.000135448
0.000115623
9.60282e-05
7.75846e-05
6.14376e-05
5.00927e-05
4.24617e-05
3.8399e-05
3.65916e-05
3.60032e-05
3.60596e-05
3.64214e-05
3.69184e-05
3.74724e-05
3.80484e-05
3.863e-05
3.92082e-05
3.97772e-05
4.03328e-05
4.08733e-05
4.14023e-05
4.19264e-05
4.24279e-05
4.29196e-05
4.34286e-05
4.37271e-05
4.38843e-05
4.39553e-05
4.39786e-05
4.41727e-05
4.43086e-05
4.44339e-05
0.000507113
0.000504902
0.000502593
0.000500188
0.000497673
0.000495036
0.000492261
0.000489336
0.000486255
0.000483031
0.00047967
0.00047616
0.000472493
0.000468661
0.000464656
0.000460467
0.000456084
0.000451496
0.000446692
0.00044166
0.000436387
0.000430856
0.000425053
0.000418963
0.000412565
0.000405841
0.000398768
0.000391324
0.000383486
0.000375231
0.000366532
0.000357359
0.000347684
0.000337477
0.000326705
0.000315334
0.00030333
0.000290658
0.000277282
0.000263168
0.000248283
0.000232597
0.000216089
0.000198749
0.000180593
0.000161679
0.000142147
0.000122293
0.00010265
8.40536e-05
6.76316e-05
5.45085e-05
4.58227e-05
4.08215e-05
3.82212e-05
3.71986e-05
3.69891e-05
3.71705e-05
3.75381e-05
3.79863e-05
3.84652e-05
3.89521e-05
3.94367e-05
3.99139e-05
4.03805e-05
4.08342e-05
4.12737e-05
4.16995e-05
4.2118e-05
4.25426e-05
4.29162e-05
4.33251e-05
4.37781e-05
4.39965e-05
4.40945e-05
4.41341e-05
4.41916e-05
4.43633e-05
4.44784e-05
4.45821e-05
0.00052421
0.000521862
0.000519232
0.000516485
0.000513616
0.000510612
0.00050746
0.000504149
0.000500668
0.000497015
0.000493197
0.000489214
0.000485052
0.000480705
0.000476161
0.000471411
0.000466443
0.000461245
0.000455803
0.000450106
0.00044414
0.000437889
0.000431336
0.000424466
0.000417258
0.000409693
0.000401747
0.000393398
0.00038462
0.000375389
0.00036568
0.000355465
0.000344713
0.000333395
0.00032148
0.000308937
0.000295733
0.000281837
0.000267221
0.000251859
0.000235731
0.000218824
0.000201146
0.000182729
0.000163649
0.00014407
0.000124298
0.000104842
8.65001e-05
7.02768e-05
5.71198e-05
4.819e-05
4.25949e-05
3.96612e-05
3.83545e-05
3.79243e-05
3.79624e-05
3.82188e-05
3.85722e-05
3.8966e-05
3.93723e-05
3.97781e-05
4.01775e-05
4.05676e-05
4.09471e-05
4.13148e-05
4.16702e-05
4.20131e-05
4.23455e-05
4.26751e-05
4.30218e-05
4.32965e-05
4.36438e-05
4.40598e-05
4.42042e-05
4.42516e-05
4.42734e-05
4.4388e-05
4.45044e-05
4.45898e-05
4.46762e-05
0.000534255
0.000531357
0.00052823
0.000524963
0.000521545
0.000517965
0.000514211
0.000510274
0.000506145
0.000501822
0.000497306
0.00049259
0.000487664
0.000482517
0.000477138
0.000471514
0.000465633
0.000459479
0.000453039
0.000446298
0.000439241
0.000431851
0.000424109
0.000415998
0.000407496
0.00039858
0.000389226
0.000379409
0.000369103
0.000358283
0.000346922
0.000334994
0.00032247
0.000309321
0.000295521
0.000281044
0.000265867
0.000249971
0.000233348
0.000216001
0.000197954
0.00017926
0.000160032
0.000140483
0.000120971
0.00010206
8.45549e-05
6.92629e-05
5.70827e-05
4.87789e-05
4.35146e-05
4.06575e-05
3.9284e-05
3.87862e-05
3.8739e-05
3.89114e-05
3.91888e-05
3.95102e-05
3.98469e-05
4.01854e-05
4.0519e-05
4.08447e-05
4.1161e-05
4.14674e-05
4.17635e-05
4.20491e-05
4.23243e-05
4.25896e-05
4.28476e-05
4.31071e-05
4.33938e-05
4.35927e-05
4.38951e-05
4.42897e-05
4.43613e-05
4.43669e-05
4.43806e-05
4.44867e-05
4.45832e-05
4.46603e-05
4.47453e-05
0.00053752
0.000534019
0.000530306
0.000526424
0.000522361
0.000518106
0.00051365
0.000508982
0.000504097
0.000498989
0.000493653
0.000488079
0.000482258
0.000476175
0.000469819
0.000463175
0.000456229
0.000448964
0.000441364
0.000433411
0.00042509
0.000416384
0.000407272
0.000397736
0.000387752
0.000377295
0.000366342
0.000354866
0.000342844
0.00033025
0.000317061
0.000303256
0.000288814
0.000273712
0.000257938
0.000241488
0.000224367
0.000206594
0.000188219
0.00016934
0.000150132
0.000130878
0.000112011
9.41588e-05
7.80913e-05
6.45226e-05
5.46354e-05
4.77404e-05
4.34446e-05
4.10984e-05
3.99502e-05
3.95128e-05
3.94507e-05
3.95816e-05
3.98038e-05
4.00661e-05
4.03439e-05
4.06244e-05
4.09016e-05
4.11726e-05
4.14358e-05
4.16906e-05
4.19367e-05
4.21739e-05
4.24024e-05
4.26222e-05
4.28335e-05
4.30375e-05
4.3237e-05
4.34416e-05
4.36827e-05
4.38236e-05
4.40944e-05
4.44802e-05
4.44756e-05
4.44495e-05
4.44642e-05
4.45495e-05
4.46317e-05
4.47038e-05
4.47889e-05
0.000532163
0.000527976
0.000523572
0.000518968
0.00051415
0.000509108
0.000503834
0.000498318
0.000492551
0.000486527
0.000480234
0.000473661
0.000466797
0.000459627
0.000452137
0.000444312
0.000436135
0.000427589
0.000418656
0.000409315
0.000399551
0.000389347
0.000378685
0.000367542
0.000355897
0.000343727
0.000331008
0.000317719
0.000303842
0.000289357
0.000274252
0.000258523
0.000242173
0.000225205
0.000207649
0.000189564
0.000171053
0.000152283
0.000133519
0.000115166
9.77844e-05
8.20522e-05
6.86081e-05
5.7995e-05
5.05803e-05
4.5667e-05
4.27599e-05
4.11555e-05
4.03859e-05
4.01052e-05
4.00871e-05
4.02067e-05
4.03933e-05
4.06106e-05
4.08394e-05
4.10706e-05
4.12993e-05
4.15233e-05
4.17413e-05
4.19526e-05
4.21567e-05
4.23537e-05
4.25432e-05
4.27255e-05
4.29005e-05
4.30683e-05
4.32293e-05
4.33849e-05
4.35385e-05
4.37002e-05
4.39074e-05
4.40038e-05
4.42533e-05
4.46402e-05
4.45521e-05
4.45069e-05
4.45317e-05
4.45907e-05
4.46577e-05
4.47231e-05
4.48062e-05
0.000516005
0.000511031
0.00050582
0.000500373
0.000494678
0.000488725
0.000482504
0.000476006
0.000469219
0.000462134
0.000454736
0.000447011
0.000438948
0.000430531
0.000421744
0.000412571
0.000402996
0.000393001
0.000382565
0.00037167
0.000360301
0.000348445
0.000336081
0.000323196
0.000309773
0.000295795
0.000281246
0.000266115
0.000250412
0.000234138
0.000217314
0.000199978
0.000182232
0.000164181
0.000146023
0.000128052
0.00011069
9.44785e-05
7.99773e-05
6.77125e-05
5.80585e-05
5.12071e-05
4.65448e-05
4.36324e-05
4.19775e-05
4.111e-05
4.07259e-05
4.06152e-05
4.06577e-05
4.07812e-05
4.09448e-05
4.11268e-05
4.13156e-05
4.15054e-05
4.1693e-05
4.18769e-05
4.20563e-05
4.22305e-05
4.23993e-05
4.25624e-05
4.27197e-05
4.2871e-05
4.30164e-05
4.31556e-05
4.32887e-05
4.34158e-05
4.35372e-05
4.36546e-05
4.37717e-05
4.39001e-05
4.40819e-05
4.41445e-05
4.43808e-05
4.46908e-05
4.45937e-05
4.45454e-05
4.45726e-05
4.46105e-05
4.46648e-05
4.47227e-05
4.48019e-05
0.000486541
0.000480665
0.000474522
0.000468105
0.000461403
0.000454406
0.000447101
0.00043948
0.000431531
0.00042324
0.000414589
0.000405564
0.000396152
0.000386338
0.000376106
0.000365442
0.00035433
0.000342752
0.000330695
0.000318144
0.00030509
0.000291523
0.000277431
0.000262822
0.000247694
0.000232069
0.000215963
0.000199388
0.000182438
0.000165221
0.000147915
0.00013084
0.000114271
9.8696e-05
8.45851e-05
7.23733e-05
6.23619e-05
5.49455e-05
4.95627e-05
4.59182e-05
4.36185e-05
4.22756e-05
4.15434e-05
4.11968e-05
4.10807e-05
4.10951e-05
4.1182e-05
4.13072e-05
4.14516e-05
4.16045e-05
4.17601e-05
4.19152e-05
4.20683e-05
4.22184e-05
4.2365e-05
4.25079e-05
4.26467e-05
4.27813e-05
4.29115e-05
4.30372e-05
4.31582e-05
4.32744e-05
4.33855e-05
4.34915e-05
4.35921e-05
4.36874e-05
4.37776e-05
4.38642e-05
4.3952e-05
4.4054e-05
4.42174e-05
4.42545e-05
4.44842e-05
4.46337e-05
4.46183e-05
4.45723e-05
4.45881e-05
4.46141e-05
4.46592e-05
4.47095e-05
4.47834e-05
0.000440993
0.000434098
0.000426901
0.000419393
0.00041156
0.000403392
0.000394879
0.000386011
0.000376776
0.000367159
0.000357141
0.00034671
0.000335855
0.000324563
0.000312817
0.000300607
0.00028792
0.000274761
0.000261129
0.000247038
0.000232501
0.000217512
0.000202099
0.000186314
0.000170242
0.000154016
0.000137929
0.000122581
0.000107582
9.36721e-05
8.1218e-05
7.05211e-05
6.17227e-05
5.50961e-05
5.01801e-05
4.67354e-05
4.44545e-05
4.30394e-05
4.21986e-05
4.17413e-05
4.15284e-05
4.14651e-05
4.14895e-05
4.15646e-05
4.16677e-05
4.17854e-05
4.191e-05
4.20371e-05
4.21645e-05
4.22906e-05
4.24148e-05
4.25367e-05
4.2656e-05
4.27726e-05
4.28862e-05
4.29967e-05
4.31041e-05
4.32082e-05
4.33089e-05
4.3406e-05
4.34993e-05
4.35887e-05
4.36739e-05
4.37545e-05
4.38303e-05
4.39009e-05
4.39663e-05
4.40279e-05
4.40912e-05
4.4172e-05
4.43228e-05
4.43408e-05
4.45681e-05
4.46741e-05
4.46497e-05
4.45913e-05
4.45931e-05
4.46098e-05
4.46481e-05
4.46925e-05
4.476e-05
0.000376507
0.000368504
0.000360169
0.000351486
0.000342446
0.000333038
0.000323256
0.000313087
0.000302524
0.000291559
0.000280178
0.000268386
0.000256187
0.000243573
0.000230529
0.000217039
0.000203133
0.000188855
0.000174289
0.00015955
0.000144923
0.000130724
0.000117079
0.00010383
9.15712e-05
8.05792e-05
7.10651e-05
6.31514e-05
5.68004e-05
5.19818e-05
4.84223e-05
4.59073e-05
4.42089e-05
4.31221e-05
4.24515e-05
4.2067e-05
4.1872e-05
4.17984e-05
4.17998e-05
4.18472e-05
4.19219e-05
4.2012e-05
4.21104e-05
4.22129e-05
4.23169e-05
4.24209e-05
4.25241e-05
4.2626e-05
4.27263e-05
4.28248e-05
4.29214e-05
4.3016e-05
4.31086e-05
4.31989e-05
4.32871e-05
4.33729e-05
4.34564e-05
4.35373e-05
4.36157e-05
4.36913e-05
4.37639e-05
4.38333e-05
4.38991e-05
4.39609e-05
4.40182e-05
4.40701e-05
4.4116e-05
4.41568e-05
4.41987e-05
4.42613e-05
4.44049e-05
4.44086e-05
4.46387e-05
4.46861e-05
4.46569e-05
4.46003e-05
4.45904e-05
4.46012e-05
4.4635e-05
4.46773e-05
4.4741e-05
0.000290698
0.00028161
0.000272177
0.000262395
0.000252254
0.00024175
0.000230871
0.000219611
0.000207975
0.000195972
0.000183641
0.000171051
0.000158372
0.000145769
0.000133386
0.000121397
0.000109805
9.87431e-05
8.84576e-05
7.91858e-05
7.1054e-05
6.41244e-05
5.84171e-05
5.38565e-05
5.03047e-05
4.7633e-05
4.56886e-05
4.43224e-05
4.33963e-05
4.27934e-05
4.24192e-05
4.22046e-05
4.20988e-05
4.20654e-05
4.20785e-05
4.21214e-05
4.21829e-05
4.22556e-05
4.23347e-05
4.24173e-05
4.25015e-05
4.25862e-05
4.26706e-05
4.27544e-05
4.28373e-05
4.2919e-05
4.29995e-05
4.30787e-05
4.31566e-05
4.32331e-05
4.33081e-05
4.33816e-05
4.34536e-05
4.3524e-05
4.35928e-05
4.36598e-05
4.37252e-05
4.37888e-05
4.38504e-05
4.391e-05
4.39673e-05
4.40221e-05
4.4074e-05
4.41226e-05
4.41668e-05
4.42054e-05
4.42367e-05
4.426e-05
4.42821e-05
4.43278e-05
4.44688e-05
4.44619e-05
4.46666e-05
4.4693e-05
4.46543e-05
4.46043e-05
4.45834e-05
4.45914e-05
4.46216e-05
4.46647e-05
4.47356e-05
0.000183347
0.000173624
0.000163766
0.000153839
0.000143908
0.000134048
0.000124351
0.000114924
0.000105829
9.70618e-05
8.87491e-05
8.10113e-05
7.40028e-05
6.77834e-05
6.23877e-05
5.79137e-05
5.41747e-05
5.11191e-05
4.86904e-05
4.68105e-05
4.5391e-05
4.43478e-05
4.36008e-05
4.30808e-05
4.27317e-05
4.25091e-05
4.23782e-05
4.23126e-05
4.22927e-05
4.23042e-05
4.23368e-05
4.23834e-05
4.24392e-05
4.25007e-05
4.25657e-05
4.26327e-05
4.27006e-05
4.2769e-05
4.28372e-05
4.29051e-05
4.29725e-05
4.30392e-05
4.31052e-05
4.31704e-05
4.32347e-05
4.32981e-05
4.33605e-05
4.3422e-05
4.34825e-05
4.3542e-05
4.36004e-05
4.36578e-05
4.3714e-05
4.37691e-05
4.38231e-05
4.3876e-05
4.39277e-05
4.39781e-05
4.40273e-05
4.4075e-05
4.41211e-05
4.41656e-05
4.42081e-05
4.42478e-05
4.42837e-05
4.4314e-05
4.43357e-05
4.43448e-05
4.43475e-05
4.43761e-05
4.45185e-05
4.45041e-05
4.46831e-05
4.4691e-05
4.46446e-05
4.45936e-05
4.45747e-05
4.45819e-05
4.46065e-05
4.46458e-05
4.47241e-05
8.33928e-05
7.81274e-05
7.31527e-05
6.85067e-05
6.4265e-05
6.04694e-05
5.71776e-05
5.43089e-05
5.18463e-05
4.97669e-05
4.80444e-05
4.6647e-05
4.55395e-05
4.46808e-05
4.40238e-05
4.35301e-05
4.31642e-05
4.29009e-05
4.27187e-05
4.25992e-05
4.25276e-05
4.24919e-05
4.24828e-05
4.24932e-05
4.25175e-05
4.2552e-05
4.25935e-05
4.26398e-05
4.26894e-05
4.27412e-05
4.27943e-05
4.28482e-05
4.29026e-05
4.29571e-05
4.30116e-05
4.30658e-05
4.31198e-05
4.31735e-05
4.32267e-05
4.32794e-05
4.33316e-05
4.33833e-05
4.34344e-05
4.34848e-05
4.35347e-05
4.35838e-05
4.36323e-05
4.36801e-05
4.37272e-05
4.37736e-05
4.38192e-05
4.38641e-05
4.39082e-05
4.39516e-05
4.39942e-05
4.40362e-05
4.40775e-05
4.41179e-05
4.41576e-05
4.41964e-05
4.42345e-05
4.42717e-05
4.43077e-05
4.4342e-05
4.43737e-05
4.44006e-05
4.44187e-05
4.44174e-05
4.44002e-05
4.44097e-05
4.45369e-05
4.45375e-05
4.46923e-05
4.46839e-05
4.46304e-05
4.45793e-05
4.45648e-05
4.45703e-05
4.45873e-05
4.46151e-05
4.46593e-05
4.69236e-05
4.60598e-05
4.53267e-05
4.47143e-05
4.42111e-05
4.38046e-05
4.34816e-05
4.32288e-05
4.30354e-05
4.28916e-05
4.27886e-05
4.27188e-05
4.26746e-05
4.26504e-05
4.2642e-05
4.26459e-05
4.26594e-05
4.26804e-05
4.27072e-05
4.27385e-05
4.2773e-05
4.281e-05
4.28489e-05
4.28891e-05
4.29302e-05
4.2972e-05
4.30143e-05
4.30569e-05
4.30996e-05
4.31424e-05
4.31852e-05
4.3228e-05
4.32706e-05
4.3313e-05
4.33553e-05
4.33973e-05
4.3439e-05
4.34805e-05
4.35216e-05
4.35623e-05
4.36027e-05
4.36426e-05
4.36822e-05
4.37212e-05
4.37599e-05
4.3798e-05
4.38357e-05
4.38729e-05
4.39096e-05
4.39458e-05
4.39815e-05
4.40166e-05
4.40514e-05
4.40857e-05
4.41195e-05
4.4153e-05
4.41861e-05
4.42186e-05
4.42508e-05
4.42829e-05
4.43149e-05
4.43466e-05
4.43781e-05
4.44092e-05
4.44383e-05
4.44556e-05
4.44622e-05
4.44594e-05
4.44447e-05
4.44338e-05
4.45414e-05
4.45641e-05
4.46962e-05
4.46727e-05
4.46129e-05
4.2877e-05
4.28362e-05
4.28085e-05
4.27919e-05
4.27847e-05
4.27852e-05
4.27922e-05
4.28043e-05
4.28208e-05
4.28405e-05
4.28629e-05
4.28873e-05
4.29134e-05
4.29409e-05
4.29695e-05
4.29991e-05
4.30293e-05
4.30602e-05
4.30917e-05
4.31235e-05
4.31556e-05
4.31881e-05
4.32207e-05
4.32535e-05
4.32865e-05
4.33196e-05
4.33527e-05
4.33858e-05
4.3419e-05
4.34521e-05
4.34851e-05
4.35181e-05
4.3551e-05
4.35837e-05
4.36163e-05
4.36486e-05
4.36808e-05
4.37128e-05
4.37445e-05
4.3776e-05
4.38072e-05
4.38381e-05
4.38686e-05
4.38989e-05
4.39288e-05
4.39584e-05
4.39877e-05
4.40166e-05
4.40452e-05
4.40735e-05
4.41013e-05
4.41289e-05
4.41563e-05
4.41834e-05
4.42102e-05
4.42369e-05
4.42633e-05
4.42896e-05
4.4316e-05
4.43426e-05
4.43694e-05
4.43967e-05
4.44243e-05
4.44495e-05
4.44652e-05
4.44738e-05
4.44775e-05
4.44761e-05
4.44675e-05
4.44515e-05
4.45415e-05
4.45851e-05
4.46955e-05
4.46582e-05
4.45943e-05
4.30151e-05
4.30322e-05
4.30503e-05
4.30694e-05
4.30892e-05
4.31097e-05
4.31307e-05
4.31523e-05
4.31742e-05
4.31965e-05
4.32191e-05
4.32421e-05
4.32653e-05
4.32889e-05
4.33127e-05
4.33368e-05
4.33611e-05
4.33855e-05
4.34102e-05
4.34351e-05
4.34601e-05
4.34852e-05
4.35104e-05
4.35357e-05
4.35611e-05
4.35866e-05
4.36121e-05
4.36376e-05
4.36631e-05
4.36885e-05
4.3714e-05
4.37394e-05
4.37646e-05
4.37898e-05
4.38149e-05
4.38399e-05
4.38647e-05
4.38893e-05
4.39137e-05
4.3938e-05
4.39621e-05
4.39859e-05
4.40095e-05
4.40329e-05
4.40561e-05
4.4079e-05
4.41017e-05
4.41242e-05
4.41463e-05
4.41683e-05
4.419e-05
4.42116e-05
4.42331e-05
4.42544e-05
4.42757e-05
4.42967e-05
4.43178e-05
4.4339e-05
4.43605e-05
4.43824e-05
4.44049e-05
4.44279e-05
4.44497e-05
4.44643e-05
4.44736e-05
4.44796e-05
4.44829e-05
4.44829e-05
4.44776e-05
4.44644e-05
4.45398e-05
4.46016e-05
4.4691e-05
4.46412e-05
4.4576e-05
4.33426e-05
4.33583e-05
4.33742e-05
4.33903e-05
4.34067e-05
4.34233e-05
4.34401e-05
4.34571e-05
4.34743e-05
4.34917e-05
4.35092e-05
4.3527e-05
4.3545e-05
4.35632e-05
4.35816e-05
4.36001e-05
4.36188e-05
4.36376e-05
4.36566e-05
4.36756e-05
4.36948e-05
4.37141e-05
4.37335e-05
4.37529e-05
4.37725e-05
4.3792e-05
4.38116e-05
4.38311e-05
4.38507e-05
4.38703e-05
4.38898e-05
4.39093e-05
4.39287e-05
4.39481e-05
4.39673e-05
4.39865e-05
4.40056e-05
4.40245e-05
4.40433e-05
4.4062e-05
4.40805e-05
4.40988e-05
4.41169e-05
4.41349e-05
4.41528e-05
4.41705e-05
4.4188e-05
4.42053e-05
4.42224e-05
4.42394e-05
4.42563e-05
4.42731e-05
4.42898e-05
4.43065e-05
4.43231e-05
4.43396e-05
4.43563e-05
4.43733e-05
4.43906e-05
4.44085e-05
4.44269e-05
4.44452e-05
4.4459e-05
4.44684e-05
4.44752e-05
4.44803e-05
4.44838e-05
4.44852e-05
4.44829e-05
4.44738e-05
4.45371e-05
4.46142e-05
4.46831e-05
4.46226e-05
4.45583e-05
4.36076e-05
4.36197e-05
4.36319e-05
4.36443e-05
4.36569e-05
4.36696e-05
4.36825e-05
4.36955e-05
4.37086e-05
4.37219e-05
4.37354e-05
4.3749e-05
4.37628e-05
4.37767e-05
4.37908e-05
4.3805e-05
4.38193e-05
4.38337e-05
4.38482e-05
4.38628e-05
4.38775e-05
4.38922e-05
4.39071e-05
4.39219e-05
4.39369e-05
4.39518e-05
4.39668e-05
4.39818e-05
4.39967e-05
4.40117e-05
4.40266e-05
4.40415e-05
4.40564e-05
4.40712e-05
4.40859e-05
4.41005e-05
4.41151e-05
4.41296e-05
4.41439e-05
4.41582e-05
4.41723e-05
4.41863e-05
4.42001e-05
4.42139e-05
4.42275e-05
4.4241e-05
4.42544e-05
4.42676e-05
4.42807e-05
4.42937e-05
4.43067e-05
4.43196e-05
4.43324e-05
4.43453e-05
4.4358e-05
4.43709e-05
4.43839e-05
4.43973e-05
4.44111e-05
4.44254e-05
4.44399e-05
4.44523e-05
4.44614e-05
4.44683e-05
4.44739e-05
4.44786e-05
4.44824e-05
4.44851e-05
4.44854e-05
4.44805e-05
4.45339e-05
4.46137e-05
4.46721e-05
4.4603e-05
4.45418e-05
4.38174e-05
4.38265e-05
4.38358e-05
4.38452e-05
4.38547e-05
4.38644e-05
4.38742e-05
4.3884e-05
4.3894e-05
4.39042e-05
4.39144e-05
4.39248e-05
4.39353e-05
4.39458e-05
4.39565e-05
4.39673e-05
4.39782e-05
4.39891e-05
4.40001e-05
4.40112e-05
4.40224e-05
4.40336e-05
4.40448e-05
4.40561e-05
4.40674e-05
4.40788e-05
4.40901e-05
4.41014e-05
4.41128e-05
4.41241e-05
4.41354e-05
4.41467e-05
4.41579e-05
4.41691e-05
4.41802e-05
4.41913e-05
4.42022e-05
4.42131e-05
4.4224e-05
4.42347e-05
4.42453e-05
4.42558e-05
4.42663e-05
4.42766e-05
4.42868e-05
4.42969e-05
4.43069e-05
4.43168e-05
4.43267e-05
4.43365e-05
4.43462e-05
4.43559e-05
4.43655e-05
4.43751e-05
4.43847e-05
4.43945e-05
4.44045e-05
4.44148e-05
4.44255e-05
4.44364e-05
4.44466e-05
4.44547e-05
4.44611e-05
4.44665e-05
4.44712e-05
4.44757e-05
4.44799e-05
4.44836e-05
4.44861e-05
4.44851e-05
4.45301e-05
4.46103e-05
4.46593e-05
4.4583e-05
4.45276e-05
4.39917e-05
4.39981e-05
4.40047e-05
4.40115e-05
4.40184e-05
4.40254e-05
4.40326e-05
4.40398e-05
4.40472e-05
4.40547e-05
4.40622e-05
4.40699e-05
4.40776e-05
4.40854e-05
4.40933e-05
4.41013e-05
4.41094e-05
4.41175e-05
4.41256e-05
4.41338e-05
4.41421e-05
4.41503e-05
4.41587e-05
4.4167e-05
4.41753e-05
4.41837e-05
4.41921e-05
4.42004e-05
4.42088e-05
4.42171e-05
4.42254e-05
4.42337e-05
4.4242e-05
4.42502e-05
4.42583e-05
4.42664e-05
4.42744e-05
4.42824e-05
4.42903e-05
4.42981e-05
4.43058e-05
4.43135e-05
4.43211e-05
4.43286e-05
4.4336e-05
4.43433e-05
4.43505e-05
4.43576e-05
4.43647e-05
4.43718e-05
4.43787e-05
4.43857e-05
4.43925e-05
4.43994e-05
4.44064e-05
4.44135e-05
4.44208e-05
4.44283e-05
4.4436e-05
4.44434e-05
4.44499e-05
4.44552e-05
4.44599e-05
4.44642e-05
4.44683e-05
4.44725e-05
4.44769e-05
4.44815e-05
4.44858e-05
4.44882e-05
4.4526e-05
4.46049e-05
4.46447e-05
4.45628e-05
4.45202e-05
4.41786e-05
4.41797e-05
4.41811e-05
4.41828e-05
4.41847e-05
4.4187e-05
4.41895e-05
4.41924e-05
4.41955e-05
4.41991e-05
4.42029e-05
4.42069e-05
4.42113e-05
4.42158e-05
4.42205e-05
4.42254e-05
4.42305e-05
4.42356e-05
4.42408e-05
4.42461e-05
4.42514e-05
4.42568e-05
4.42622e-05
4.42677e-05
4.42732e-05
4.42787e-05
4.42842e-05
4.42897e-05
4.42952e-05
4.43007e-05
4.43062e-05
4.43117e-05
4.43171e-05
4.43226e-05
4.4328e-05
4.43334e-05
4.43387e-05
4.4344e-05
4.43492e-05
4.43544e-05
4.43596e-05
4.43647e-05
4.43697e-05
4.43747e-05
4.43796e-05
4.43844e-05
4.43892e-05
4.43939e-05
4.43985e-05
4.44031e-05
4.44077e-05
4.44122e-05
4.44166e-05
4.44211e-05
4.44257e-05
4.44303e-05
4.4435e-05
4.44398e-05
4.44443e-05
4.44484e-05
4.44521e-05
4.44555e-05
4.44588e-05
4.44621e-05
4.44657e-05
4.44696e-05
4.4474e-05
4.44791e-05
4.44848e-05
4.44901e-05
4.45217e-05
4.45981e-05
4.46285e-05
4.45436e-05
4.4376e-05
4.4376e-05
4.4376e-05
4.4376e-05
4.4376e-05
4.43761e-05
4.43761e-05
4.43762e-05
4.43764e-05
4.43765e-05
4.43767e-05
4.4377e-05
4.43773e-05
4.43777e-05
4.43781e-05
4.43785e-05
4.4379e-05
4.43796e-05
4.43802e-05
4.43808e-05
4.43816e-05
4.43824e-05
4.43833e-05
4.43842e-05
4.43852e-05
4.43863e-05
4.43875e-05
4.43888e-05
4.43901e-05
4.43916e-05
4.43931e-05
4.43947e-05
4.43964e-05
4.43982e-05
4.44001e-05
4.44021e-05
4.44041e-05
4.44063e-05
4.44084e-05
4.44107e-05
4.44129e-05
4.44152e-05
4.44176e-05
4.44199e-05
4.44223e-05
4.44246e-05
4.44269e-05
4.44293e-05
4.44316e-05
4.44338e-05
4.44361e-05
4.44382e-05
4.44404e-05
4.44424e-05
4.44445e-05
4.44464e-05
4.44482e-05
4.44499e-05
4.44515e-05
4.44531e-05
4.44547e-05
4.44565e-05
4.44585e-05
4.44609e-05
4.44638e-05
4.44673e-05
4.44716e-05
4.44769e-05
4.44835e-05
4.44913e-05
4.45172e-05
4.45899e-05
4.46108e-05
4.45284e-05
4.44638e-05
4.44635e-05
4.44633e-05
4.4463e-05
4.44627e-05
4.44625e-05
4.44622e-05
4.4462e-05
4.44617e-05
4.44615e-05
4.44613e-05
4.44611e-05
4.44609e-05
4.44607e-05
4.44606e-05
4.44604e-05
4.44603e-05
4.44602e-05
4.446e-05
4.446e-05
4.44599e-05
4.44598e-05
4.44597e-05
4.44597e-05
4.44597e-05
4.44596e-05
4.44596e-05
4.44596e-05
4.44596e-05
4.44597e-05
4.44597e-05
4.44597e-05
4.44597e-05
4.44598e-05
4.44598e-05
4.44599e-05
4.44599e-05
4.44599e-05
4.446e-05
4.446e-05
4.44601e-05
4.44601e-05
4.44601e-05
4.44601e-05
4.44601e-05
4.44601e-05
4.44601e-05
4.44601e-05
4.446e-05
4.44599e-05
4.44598e-05
4.44597e-05
4.44596e-05
4.44595e-05
4.44593e-05
4.44591e-05
4.44589e-05
4.44587e-05
4.44585e-05
4.44584e-05
4.44585e-05
4.44589e-05
4.44596e-05
4.44611e-05
4.44634e-05
4.44665e-05
4.44708e-05
4.44761e-05
4.44826e-05
4.44921e-05
4.45127e-05
4.45804e-05
4.45925e-05
4.45206e-05
4.45017e-05
4.45011e-05
4.45006e-05
4.45e-05
4.44994e-05
4.44988e-05
4.44982e-05
4.44976e-05
4.4497e-05
4.44964e-05
4.44958e-05
4.44952e-05
4.44946e-05
4.4494e-05
4.44934e-05
4.44928e-05
4.44923e-05
4.44917e-05
4.44911e-05
4.44905e-05
4.44899e-05
4.44893e-05
4.44888e-05
4.44882e-05
4.44876e-05
4.44871e-05
4.44865e-05
4.44859e-05
4.44854e-05
4.44848e-05
4.44842e-05
4.44837e-05
4.44831e-05
4.44826e-05
4.4482e-05
4.44814e-05
4.44809e-05
4.44803e-05
4.44797e-05
4.44791e-05
4.44785e-05
4.44779e-05
4.44773e-05
4.44767e-05
4.44761e-05
4.44755e-05
4.44748e-05
4.44742e-05
4.44735e-05
4.44728e-05
4.44721e-05
4.44713e-05
4.44705e-05
4.44697e-05
4.44689e-05
4.4468e-05
4.44671e-05
4.44662e-05
4.44653e-05
4.44643e-05
4.44635e-05
4.44628e-05
4.44627e-05
4.44637e-05
4.44664e-05
4.44698e-05
4.44738e-05
4.44785e-05
4.44844e-05
4.44927e-05
4.45087e-05
4.45696e-05
4.4575e-05
4.45217e-05
4.45209e-05
4.45201e-05
4.45193e-05
4.45185e-05
4.45177e-05
4.45169e-05
4.45161e-05
4.45153e-05
4.45145e-05
4.45136e-05
4.45128e-05
4.4512e-05
4.45111e-05
4.45103e-05
4.45095e-05
4.45086e-05
4.45078e-05
4.45069e-05
4.45061e-05
4.45052e-05
4.45044e-05
4.45035e-05
4.45027e-05
4.45018e-05
4.4501e-05
4.45001e-05
4.44993e-05
4.44984e-05
4.44976e-05
4.44968e-05
4.44959e-05
4.44951e-05
4.44942e-05
4.44934e-05
4.44925e-05
4.44917e-05
4.44908e-05
4.449e-05
4.44891e-05
4.44883e-05
4.44874e-05
4.44866e-05
4.44857e-05
4.44848e-05
4.4484e-05
4.44831e-05
4.44822e-05
4.44813e-05
4.44804e-05
4.44794e-05
4.44785e-05
4.44775e-05
4.44765e-05
4.44755e-05
4.44745e-05
4.44734e-05
4.44722e-05
4.44711e-05
4.44699e-05
4.44687e-05
4.44675e-05
4.44667e-05
4.44672e-05
4.44695e-05
4.44724e-05
4.44758e-05
4.44801e-05
4.44856e-05
4.44932e-05
4.45076e-05
4.4558e-05
4.45616e-05
4.45322e-05
4.45314e-05
4.45305e-05
4.45296e-05
4.45287e-05
4.45277e-05
4.45268e-05
4.45259e-05
4.4525e-05
4.4524e-05
4.45231e-05
4.45221e-05
4.45212e-05
4.45202e-05
4.45192e-05
4.45183e-05
4.45173e-05
4.45163e-05
4.45153e-05
4.45144e-05
4.45134e-05
4.45124e-05
4.45114e-05
4.45104e-05
4.45095e-05
4.45085e-05
4.45075e-05
4.45065e-05
4.45055e-05
4.45045e-05
4.45036e-05
4.45026e-05
4.45016e-05
4.45006e-05
4.44997e-05
4.44987e-05
4.44977e-05
4.44968e-05
4.44958e-05
4.44948e-05
4.44939e-05
4.44929e-05
4.44919e-05
4.4491e-05
4.449e-05
4.44891e-05
4.44881e-05
4.44871e-05
4.44861e-05
4.44851e-05
4.44842e-05
4.44831e-05
4.44821e-05
4.44811e-05
4.448e-05
4.4479e-05
4.44779e-05
4.44767e-05
4.44756e-05
4.44744e-05
4.44731e-05
4.44719e-05
4.44707e-05
4.44702e-05
4.44717e-05
4.44741e-05
4.44772e-05
4.44812e-05
4.44862e-05
4.44931e-05
4.45061e-05
4.45467e-05
4.45516e-05
4.45366e-05
4.45357e-05
4.45347e-05
4.45338e-05
4.45329e-05
4.45319e-05
4.45309e-05
4.453e-05
4.4529e-05
4.4528e-05
4.4527e-05
4.4526e-05
4.4525e-05
4.4524e-05
4.4523e-05
4.4522e-05
4.4521e-05
4.452e-05
4.4519e-05
4.4518e-05
4.45169e-05
4.45159e-05
4.45149e-05
4.45139e-05
4.45128e-05
4.45118e-05
4.45108e-05
4.45098e-05
4.45088e-05
4.45077e-05
4.45067e-05
4.45057e-05
4.45047e-05
4.45037e-05
4.45027e-05
4.45017e-05
4.45007e-05
4.44997e-05
4.44987e-05
4.44977e-05
4.44967e-05
4.44958e-05
4.44948e-05
4.44938e-05
4.44928e-05
4.44919e-05
4.44909e-05
4.44899e-05
4.44889e-05
4.4488e-05
4.4487e-05
4.4486e-05
4.4485e-05
4.4484e-05
4.4483e-05
4.4482e-05
4.44809e-05
4.44799e-05
4.44788e-05
4.44777e-05
4.44765e-05
4.44753e-05
4.44741e-05
4.4473e-05
4.44734e-05
4.44752e-05
4.44779e-05
4.44816e-05
4.44865e-05
4.44925e-05
4.45023e-05
4.45358e-05
4.45429e-05
4.45366e-05
4.45357e-05
4.45348e-05
4.45339e-05
4.4533e-05
4.4532e-05
4.45311e-05
4.45301e-05
4.45292e-05
4.45282e-05
4.45272e-05
4.45262e-05
4.45253e-05
4.45243e-05
4.45233e-05
4.45223e-05
4.45213e-05
4.45203e-05
4.45193e-05
4.45183e-05
4.45173e-05
4.45163e-05
4.45153e-05
4.45143e-05
4.45133e-05
4.45123e-05
4.45113e-05
4.45103e-05
4.45093e-05
4.45083e-05
4.45073e-05
4.45063e-05
4.45054e-05
4.45044e-05
4.45034e-05
4.45024e-05
4.45015e-05
4.45005e-05
4.44996e-05
4.44986e-05
4.44977e-05
4.44967e-05
4.44958e-05
4.44949e-05
4.44939e-05
4.4493e-05
4.44921e-05
4.44912e-05
4.44902e-05
4.44893e-05
4.44884e-05
4.44875e-05
4.44866e-05
4.44857e-05
4.44847e-05
4.44838e-05
4.44828e-05
4.44819e-05
4.44809e-05
4.44799e-05
4.44789e-05
4.44778e-05
4.44768e-05
4.44758e-05
4.4475e-05
4.44759e-05
4.44781e-05
4.44815e-05
4.44863e-05
4.44904e-05
4.44981e-05
4.45256e-05
4.45355e-05
4.45338e-05
4.45329e-05
4.45321e-05
4.45312e-05
4.45303e-05
4.45294e-05
4.45285e-05
4.45276e-05
4.45267e-05
4.45258e-05
4.45249e-05
4.4524e-05
4.4523e-05
4.45221e-05
4.45212e-05
4.45202e-05
4.45193e-05
4.45184e-05
4.45174e-05
4.45165e-05
4.45155e-05
4.45146e-05
4.45137e-05
4.45127e-05
4.45118e-05
4.45108e-05
4.45099e-05
4.4509e-05
4.4508e-05
4.45071e-05
4.45062e-05
4.45053e-05
4.45043e-05
4.45034e-05
4.45025e-05
4.45016e-05
4.45007e-05
4.44998e-05
4.4499e-05
4.44981e-05
4.44972e-05
4.44964e-05
4.44955e-05
4.44946e-05
4.44938e-05
4.44929e-05
4.44921e-05
4.44913e-05
4.44904e-05
4.44896e-05
4.44888e-05
4.4488e-05
4.44871e-05
4.44863e-05
4.44855e-05
4.44846e-05
4.44838e-05
4.4483e-05
4.44821e-05
4.44812e-05
4.44803e-05
4.44794e-05
4.44785e-05
4.44776e-05
4.44767e-05
4.44764e-05
4.4478e-05
4.44807e-05
4.4485e-05
4.44882e-05
4.44939e-05
4.45164e-05
4.45287e-05
4.45293e-05
4.45285e-05
4.45277e-05
4.45269e-05
4.45261e-05
4.45253e-05
4.45244e-05
4.45236e-05
4.45228e-05
4.45219e-05
4.45211e-05
4.45203e-05
4.45194e-05
4.45186e-05
4.45177e-05
4.45168e-05
4.4516e-05
4.45151e-05
4.45143e-05
4.45134e-05
4.45125e-05
4.45117e-05
4.45108e-05
4.451e-05
4.45091e-05
4.45082e-05
4.45074e-05
4.45065e-05
4.45057e-05
4.45048e-05
4.4504e-05
4.45032e-05
4.45023e-05
4.45015e-05
4.45007e-05
4.44999e-05
4.44991e-05
4.44983e-05
4.44975e-05
4.44967e-05
4.44959e-05
4.44951e-05
4.44943e-05
4.44936e-05
4.44928e-05
4.44921e-05
4.44913e-05
4.44906e-05
4.44899e-05
4.44891e-05
4.44884e-05
4.44877e-05
4.4487e-05
4.44863e-05
4.44855e-05
4.44848e-05
4.44841e-05
4.44833e-05
4.44826e-05
4.44818e-05
4.44811e-05
4.44803e-05
4.44794e-05
4.44786e-05
4.44778e-05
4.4477e-05
4.44778e-05
4.44798e-05
4.44834e-05
4.4486e-05
4.44901e-05
4.45084e-05
4.45223e-05
4.45241e-05
4.45234e-05
4.45227e-05
4.45219e-05
4.45212e-05
4.45205e-05
4.45197e-05
4.4519e-05
4.45182e-05
4.45175e-05
4.45167e-05
4.4516e-05
4.45152e-05
4.45144e-05
4.45137e-05
4.45129e-05
4.45121e-05
4.45113e-05
4.45106e-05
4.45098e-05
4.4509e-05
4.45082e-05
4.45074e-05
4.45067e-05
4.45059e-05
4.45051e-05
4.45044e-05
4.45036e-05
4.45028e-05
4.45021e-05
4.45013e-05
4.45006e-05
4.44998e-05
4.44991e-05
4.44983e-05
4.44976e-05
4.44969e-05
4.44962e-05
4.44955e-05
4.44948e-05
4.44941e-05
4.44934e-05
4.44927e-05
4.4492e-05
4.44914e-05
4.44907e-05
4.44901e-05
4.44894e-05
4.44888e-05
4.44882e-05
4.44875e-05
4.44869e-05
4.44863e-05
4.44857e-05
4.44851e-05
4.44845e-05
4.44838e-05
4.44832e-05
4.44826e-05
4.4482e-05
4.44813e-05
4.44806e-05
4.448e-05
4.44793e-05
4.44786e-05
4.4478e-05
4.44777e-05
4.4479e-05
4.44819e-05
4.44841e-05
4.44867e-05
4.45015e-05
4.45161e-05
4.45189e-05
4.45182e-05
4.45176e-05
4.4517e-05
4.45163e-05
4.45157e-05
4.4515e-05
4.45143e-05
4.45137e-05
4.4513e-05
4.45123e-05
4.45116e-05
4.45109e-05
4.45103e-05
4.45096e-05
4.45089e-05
4.45082e-05
4.45075e-05
4.45068e-05
4.45061e-05
4.45054e-05
4.45047e-05
4.4504e-05
4.45033e-05
4.45026e-05
4.45019e-05
4.45012e-05
4.45006e-05
4.44999e-05
4.44992e-05
4.44985e-05
4.44979e-05
4.44972e-05
4.44965e-05
4.44959e-05
4.44952e-05
4.44946e-05
4.4494e-05
4.44933e-05
4.44927e-05
4.44921e-05
4.44915e-05
4.44909e-05
4.44903e-05
4.44897e-05
4.44891e-05
4.44886e-05
4.4488e-05
4.44875e-05
4.44869e-05
4.44864e-05
4.44859e-05
4.44853e-05
4.44848e-05
4.44843e-05
4.44838e-05
4.44833e-05
4.44827e-05
4.44822e-05
4.44817e-05
4.44811e-05
4.44806e-05
4.448e-05
4.44794e-05
4.44788e-05
4.44783e-05
4.4478e-05
4.44782e-05
4.44805e-05
4.44825e-05
4.4484e-05
4.44955e-05
4.45102e-05
4.45139e-05
4.45134e-05
4.45128e-05
4.45122e-05
4.45117e-05
4.45111e-05
4.45105e-05
4.45099e-05
4.45093e-05
4.45087e-05
4.45081e-05
4.45075e-05
4.45069e-05
4.45063e-05
4.45057e-05
4.4505e-05
4.45044e-05
4.45038e-05
4.45032e-05
4.45026e-05
4.4502e-05
4.45013e-05
4.45007e-05
4.45001e-05
4.44995e-05
4.44989e-05
4.44983e-05
4.44977e-05
4.4497e-05
4.44964e-05
4.44958e-05
4.44953e-05
4.44947e-05
4.44941e-05
4.44935e-05
4.44929e-05
4.44924e-05
4.44918e-05
4.44912e-05
4.44907e-05
4.44901e-05
4.44896e-05
4.44891e-05
4.44886e-05
4.44881e-05
4.44875e-05
4.44871e-05
4.44866e-05
4.44861e-05
4.44856e-05
4.44851e-05
4.44847e-05
4.44842e-05
4.44838e-05
4.44833e-05
4.44829e-05
4.44825e-05
4.4482e-05
4.44816e-05
4.44812e-05
4.44807e-05
4.44802e-05
4.44798e-05
4.44793e-05
4.44788e-05
4.44783e-05
4.44779e-05
4.44777e-05
4.44792e-05
4.44812e-05
4.44825e-05
4.44905e-05
4.45045e-05
4.45093e-05
4.45088e-05
4.45083e-05
4.45078e-05
4.45073e-05
4.45068e-05
4.45063e-05
4.45058e-05
4.45053e-05
4.45047e-05
4.45042e-05
4.45037e-05
4.45031e-05
4.45026e-05
4.4502e-05
4.45015e-05
4.45009e-05
4.45004e-05
4.44999e-05
4.44993e-05
4.44988e-05
4.44982e-05
4.44977e-05
4.44971e-05
4.44966e-05
4.4496e-05
4.44955e-05
4.4495e-05
4.44944e-05
4.44939e-05
4.44934e-05
4.44928e-05
4.44923e-05
4.44918e-05
4.44913e-05
4.44908e-05
4.44903e-05
4.44898e-05
4.44893e-05
4.44888e-05
4.44883e-05
4.44879e-05
4.44874e-05
4.44869e-05
4.44865e-05
4.4486e-05
4.44856e-05
4.44852e-05
4.44848e-05
4.44843e-05
4.44839e-05
4.44835e-05
4.44831e-05
4.44828e-05
4.44824e-05
4.4482e-05
4.44816e-05
4.44812e-05
4.44809e-05
4.44805e-05
4.44801e-05
4.44798e-05
4.44794e-05
4.4479e-05
4.44786e-05
4.44782e-05
4.44778e-05
4.44776e-05
4.4478e-05
4.44799e-05
4.44814e-05
4.44865e-05
4.44991e-05
4.45049e-05
4.45045e-05
4.45041e-05
4.45037e-05
4.45032e-05
4.45028e-05
4.45024e-05
4.45019e-05
4.45015e-05
4.4501e-05
4.45005e-05
4.45001e-05
4.44996e-05
4.44991e-05
4.44987e-05
4.44982e-05
4.44977e-05
4.44972e-05
4.44967e-05
4.44963e-05
4.44958e-05
4.44953e-05
4.44948e-05
4.44943e-05
4.44939e-05
4.44934e-05
4.44929e-05
4.44924e-05
4.4492e-05
4.44915e-05
4.4491e-05
4.44906e-05
4.44901e-05
4.44897e-05
4.44892e-05
4.44888e-05
4.44883e-05
4.44879e-05
4.44875e-05
4.44871e-05
4.44866e-05
4.44862e-05
4.44858e-05
4.44854e-05
4.4485e-05
4.44846e-05
4.44843e-05
4.44839e-05
4.44835e-05
4.44832e-05
4.44828e-05
4.44824e-05
4.44821e-05
4.44818e-05
4.44814e-05
4.44811e-05
4.44808e-05
4.44804e-05
4.44801e-05
4.44798e-05
4.44795e-05
4.44792e-05
4.44789e-05
4.44786e-05
4.44783e-05
4.44779e-05
4.44776e-05
4.44773e-05
4.44772e-05
4.44788e-05
4.44802e-05
4.44835e-05
4.44941e-05
4.45009e-05
4.45005e-05
4.45002e-05
4.44998e-05
4.44994e-05
4.4499e-05
4.44987e-05
4.44983e-05
4.44979e-05
4.44975e-05
4.44971e-05
4.44967e-05
4.44963e-05
4.44959e-05
4.44955e-05
4.44951e-05
4.44947e-05
4.44942e-05
4.44938e-05
4.44934e-05
4.4493e-05
4.44926e-05
4.44922e-05
4.44917e-05
4.44913e-05
4.44909e-05
4.44905e-05
4.44901e-05
4.44897e-05
4.44893e-05
4.44889e-05
4.44885e-05
4.44881e-05
4.44877e-05
4.44873e-05
4.44869e-05
4.44865e-05
4.44862e-05
4.44858e-05
4.44854e-05
4.44851e-05
4.44847e-05
4.44844e-05
4.4484e-05
4.44837e-05
4.44833e-05
4.4483e-05
4.44827e-05
4.44824e-05
4.44821e-05
4.44817e-05
4.44814e-05
4.44811e-05
4.44808e-05
4.44805e-05
4.44803e-05
4.448e-05
4.44797e-05
4.44794e-05
4.44792e-05
4.44789e-05
4.44786e-05
4.44784e-05
4.44781e-05
4.44779e-05
4.44777e-05
4.44774e-05
4.44772e-05
4.4477e-05
4.44778e-05
4.44792e-05
4.44814e-05
4.44897e-05
4.4497e-05
4.44967e-05
4.44964e-05
4.44961e-05
4.44958e-05
4.44955e-05
4.44952e-05
4.44949e-05
4.44945e-05
4.44942e-05
4.44939e-05
4.44935e-05
4.44932e-05
4.44928e-05
4.44925e-05
4.44922e-05
4.44918e-05
4.44914e-05
4.44911e-05
4.44907e-05
4.44904e-05
4.449e-05
4.44897e-05
4.44893e-05
4.4489e-05
4.44886e-05
4.44883e-05
4.44879e-05
4.44876e-05
4.44872e-05
4.44869e-05
4.44865e-05
4.44862e-05
4.44859e-05
4.44855e-05
4.44852e-05
4.44849e-05
4.44846e-05
4.44842e-05
4.44839e-05
4.44836e-05
4.44833e-05
4.4483e-05
4.44827e-05
4.44824e-05
4.44821e-05
4.44819e-05
4.44816e-05
4.44813e-05
4.4481e-05
4.44808e-05
4.44805e-05
4.44802e-05
4.448e-05
4.44797e-05
4.44795e-05
4.44792e-05
4.4479e-05
4.44788e-05
4.44785e-05
4.44783e-05
4.44781e-05
4.44779e-05
4.44777e-05
4.44775e-05
4.44774e-05
4.44772e-05
4.44771e-05
4.4477e-05
4.44771e-05
4.44784e-05
4.44802e-05
4.44859e-05
4.44934e-05
4.44932e-05
4.4493e-05
4.44927e-05
4.44925e-05
4.44922e-05
4.4492e-05
4.44917e-05
4.44914e-05
4.44911e-05
4.44909e-05
4.44906e-05
4.44903e-05
4.449e-05
4.44897e-05
4.44894e-05
4.44892e-05
4.44889e-05
4.44886e-05
4.44883e-05
4.4488e-05
4.44877e-05
4.44874e-05
4.44871e-05
4.44868e-05
4.44865e-05
4.44862e-05
4.44859e-05
4.44856e-05
4.44853e-05
4.4485e-05
4.44847e-05
4.44845e-05
4.44842e-05
4.44839e-05
4.44836e-05
4.44833e-05
4.44831e-05
4.44828e-05
4.44825e-05
4.44823e-05
4.4482e-05
4.44818e-05
4.44815e-05
4.44813e-05
4.4481e-05
4.44808e-05
4.44806e-05
4.44803e-05
4.44801e-05
4.44799e-05
4.44797e-05
4.44794e-05
4.44792e-05
4.4479e-05
4.44788e-05
4.44786e-05
4.44784e-05
4.44782e-05
4.4478e-05
4.44778e-05
4.44776e-05
4.44775e-05
4.44773e-05
4.44772e-05
4.44771e-05
4.4477e-05
4.44769e-05
4.44769e-05
4.44769e-05
4.44777e-05
4.44793e-05
4.44827e-05
4.44901e-05
4.449e-05
4.44898e-05
4.44896e-05
4.44894e-05
4.44892e-05
4.4489e-05
4.44888e-05
4.44886e-05
4.44883e-05
4.44881e-05
4.44879e-05
4.44877e-05
4.44874e-05
4.44872e-05
4.4487e-05
4.44867e-05
4.44865e-05
4.44863e-05
4.4486e-05
4.44858e-05
4.44855e-05
4.44853e-05
4.4485e-05
4.44848e-05
4.44845e-05
4.44843e-05
4.44841e-05
4.44838e-05
4.44836e-05
4.44833e-05
4.44831e-05
4.44829e-05
4.44826e-05
4.44824e-05
4.44822e-05
4.44819e-05
4.44817e-05
4.44815e-05
4.44813e-05
4.44811e-05
4.44809e-05
4.44806e-05
4.44804e-05
4.44802e-05
4.448e-05
4.44798e-05
4.44796e-05
4.44794e-05
4.44793e-05
4.44791e-05
4.44789e-05
4.44787e-05
4.44785e-05
4.44783e-05
4.44782e-05
4.4478e-05
4.44779e-05
4.44777e-05
4.44775e-05
4.44774e-05
4.44773e-05
4.44771e-05
4.4477e-05
4.44769e-05
4.44768e-05
4.44768e-05
4.44768e-05
4.44768e-05
4.4477e-05
4.44772e-05
4.44784e-05
4.44803e-05
4.44872e-05
4.4487e-05
4.44869e-05
4.44867e-05
4.44866e-05
4.44865e-05
4.44863e-05
4.44861e-05
4.4486e-05
4.44858e-05
4.44856e-05
4.44855e-05
4.44853e-05
4.44851e-05
4.44849e-05
4.44847e-05
4.44846e-05
4.44844e-05
4.44842e-05
4.4484e-05
4.44838e-05
4.44836e-05
4.44834e-05
4.44832e-05
4.4483e-05
4.44828e-05
4.44826e-05
4.44824e-05
4.44822e-05
4.4482e-05
4.44818e-05
4.44816e-05
4.44814e-05
4.44813e-05
4.44811e-05
4.44809e-05
4.44807e-05
4.44805e-05
4.44803e-05
4.44802e-05
4.448e-05
4.44798e-05
4.44796e-05
4.44795e-05
4.44793e-05
4.44791e-05
4.4479e-05
4.44788e-05
4.44787e-05
4.44785e-05
4.44784e-05
4.44782e-05
4.44781e-05
4.44779e-05
4.44778e-05
4.44776e-05
4.44775e-05
4.44774e-05
4.44773e-05
4.44772e-05
4.4477e-05
4.44769e-05
4.44769e-05
4.44768e-05
4.44767e-05
4.44767e-05
4.44766e-05
4.44766e-05
4.44767e-05
4.44769e-05
4.44772e-05
4.44777e-05
4.44786e-05
4.44787e-05
4.44845e-05
4.44844e-05
4.44843e-05
4.44842e-05
4.44841e-05
4.4484e-05
4.44839e-05
4.44838e-05
4.44837e-05
4.44836e-05
4.44835e-05
4.44833e-05
4.44832e-05
4.44831e-05
4.44829e-05
4.44828e-05
4.44826e-05
4.44825e-05
4.44823e-05
4.44822e-05
4.44821e-05
4.44819e-05
4.44817e-05
4.44816e-05
4.44814e-05
4.44813e-05
4.44811e-05
4.4481e-05
4.44808e-05
4.44807e-05
4.44805e-05
4.44804e-05
4.44802e-05
4.44801e-05
4.44799e-05
4.44798e-05
4.44796e-05
4.44795e-05
4.44793e-05
4.44792e-05
4.4479e-05
4.44789e-05
4.44788e-05
4.44786e-05
4.44785e-05
4.44784e-05
4.44783e-05
4.44781e-05
4.4478e-05
4.44779e-05
4.44778e-05
4.44777e-05
4.44775e-05
4.44774e-05
4.44773e-05
4.44772e-05
4.44771e-05
4.4477e-05
4.44769e-05
4.44769e-05
4.44768e-05
4.44767e-05
4.44767e-05
4.44766e-05
4.44766e-05
4.44766e-05
4.44766e-05
4.44766e-05
4.44768e-05
4.4477e-05
4.44773e-05
4.44773e-05
4.44777e-05
4.44777e-05
4.44823e-05
4.44822e-05
4.44821e-05
4.44821e-05
4.4482e-05
4.44819e-05
4.44819e-05
4.44818e-05
4.44817e-05
4.44816e-05
4.44816e-05
4.44815e-05
4.44814e-05
4.44813e-05
4.44812e-05
4.44811e-05
4.4481e-05
4.44809e-05
4.44808e-05
4.44807e-05
4.44805e-05
4.44804e-05
4.44803e-05
4.44802e-05
4.44801e-05
4.448e-05
4.44799e-05
4.44797e-05
4.44796e-05
4.44795e-05
4.44794e-05
4.44793e-05
4.44792e-05
4.4479e-05
4.44789e-05
4.44788e-05
4.44787e-05
4.44786e-05
4.44785e-05
4.44784e-05
4.44783e-05
4.44782e-05
4.44781e-05
4.4478e-05
4.44779e-05
4.44778e-05
4.44777e-05
4.44776e-05
4.44775e-05
4.44774e-05
4.44773e-05
4.44772e-05
4.44771e-05
4.44771e-05
4.4477e-05
4.44769e-05
4.44769e-05
4.44768e-05
4.44767e-05
4.44767e-05
4.44766e-05
4.44766e-05
4.44766e-05
4.44766e-05
4.44765e-05
4.44766e-05
4.44766e-05
4.44767e-05
4.44769e-05
4.44771e-05
4.44772e-05
4.44771e-05
4.44772e-05
4.44772e-05
4.44803e-05
4.44803e-05
4.44802e-05
4.44802e-05
4.44802e-05
4.44801e-05
4.44801e-05
4.448e-05
4.448e-05
4.448e-05
4.44799e-05
4.44799e-05
4.44798e-05
4.44797e-05
4.44797e-05
4.44796e-05
4.44796e-05
4.44795e-05
4.44794e-05
4.44793e-05
4.44793e-05
4.44792e-05
4.44791e-05
4.4479e-05
4.4479e-05
4.44789e-05
4.44788e-05
4.44787e-05
4.44786e-05
4.44785e-05
4.44785e-05
4.44784e-05
4.44783e-05
4.44782e-05
4.44781e-05
4.4478e-05
4.4478e-05
4.44779e-05
4.44778e-05
4.44777e-05
4.44777e-05
4.44776e-05
4.44775e-05
4.44774e-05
4.44774e-05
4.44773e-05
4.44772e-05
4.44772e-05
4.44771e-05
4.4477e-05
4.4477e-05
4.44769e-05
4.44769e-05
4.44768e-05
4.44768e-05
4.44768e-05
4.44767e-05
4.44767e-05
4.44767e-05
4.44766e-05
4.44766e-05
4.44766e-05
4.44766e-05
4.44766e-05
4.44767e-05
4.44767e-05
4.44768e-05
4.44768e-05
4.44769e-05
4.4477e-05
4.44771e-05
4.44771e-05
4.44771e-05
4.4477e-05
4.44786e-05
4.44786e-05
4.44786e-05
4.44786e-05
4.44786e-05
4.44785e-05
4.44785e-05
4.44785e-05
4.44785e-05
4.44785e-05
4.44785e-05
4.44785e-05
4.44784e-05
4.44784e-05
4.44784e-05
4.44784e-05
4.44783e-05
4.44783e-05
4.44783e-05
4.44782e-05
4.44782e-05
4.44781e-05
4.44781e-05
4.44781e-05
4.4478e-05
4.4478e-05
4.44779e-05
4.44779e-05
4.44778e-05
4.44778e-05
4.44777e-05
4.44777e-05
4.44776e-05
4.44776e-05
4.44775e-05
4.44775e-05
4.44774e-05
4.44773e-05
4.44773e-05
4.44772e-05
4.44772e-05
4.44772e-05
4.44771e-05
4.44771e-05
4.4477e-05
4.4477e-05
4.44769e-05
4.44769e-05
4.44769e-05
4.44769e-05
4.44768e-05
4.44768e-05
4.44768e-05
4.44768e-05
4.44768e-05
4.44767e-05
4.44767e-05
4.44767e-05
4.44768e-05
4.44768e-05
4.44768e-05
4.44768e-05
4.44768e-05
4.44768e-05
4.44768e-05
4.44767e-05
4.44767e-05
4.44767e-05
4.44767e-05
4.44768e-05
4.44769e-05
4.4477e-05
4.44772e-05
4.44768e-05
4.44771e-05
4.44771e-05
4.44772e-05
4.44772e-05
4.44772e-05
4.44772e-05
4.44772e-05
4.44772e-05
4.44773e-05
4.44773e-05
4.44773e-05
4.44773e-05
4.44773e-05
4.44773e-05
4.44773e-05
4.44773e-05
4.44773e-05
4.44773e-05
4.44773e-05
4.44773e-05
4.44773e-05
4.44773e-05
4.44773e-05
4.44773e-05
4.44773e-05
4.44773e-05
4.44772e-05
4.44772e-05
4.44772e-05
4.44772e-05
4.44772e-05
4.44771e-05
4.44771e-05
4.44771e-05
4.44771e-05
4.4477e-05
4.4477e-05
4.4477e-05
4.4477e-05
4.44769e-05
4.44769e-05
4.44769e-05
4.44769e-05
4.44769e-05
4.44769e-05
4.44769e-05
4.44768e-05
4.44768e-05
4.44768e-05
4.44768e-05
4.44768e-05
4.44768e-05
4.44768e-05
4.44769e-05
4.44769e-05
4.44769e-05
4.44769e-05
4.44769e-05
4.44769e-05
4.44769e-05
4.44769e-05
4.44768e-05
4.44768e-05
4.44768e-05
4.44767e-05
4.44766e-05
4.44766e-05
4.44765e-05
4.44765e-05
4.44766e-05
4.44767e-05
4.44768e-05
4.44771e-05
4.44769e-05
4.44765e-05
4.44765e-05
4.44765e-05
4.44766e-05
4.44766e-05
4.44766e-05
4.44766e-05
4.44766e-05
4.44766e-05
4.44766e-05
4.44766e-05
4.44766e-05
4.44766e-05
4.44766e-05
4.44767e-05
4.44767e-05
4.44767e-05
4.44767e-05
4.44767e-05
4.44768e-05
4.44768e-05
4.44768e-05
4.44768e-05
4.44769e-05
4.44769e-05
4.44769e-05
4.44769e-05
4.44769e-05
4.44769e-05
4.44769e-05
4.44769e-05
4.44769e-05
4.44769e-05
4.44769e-05
4.44769e-05
4.44769e-05
4.44769e-05
4.44769e-05
4.44769e-05
4.44769e-05
4.44769e-05
4.44769e-05
4.44769e-05
4.44769e-05
4.44769e-05
4.4477e-05
4.4477e-05
4.4477e-05
4.4477e-05
4.4477e-05
4.4477e-05
4.4477e-05
4.4477e-05
4.4477e-05
4.4477e-05
4.4477e-05
4.4477e-05
4.44769e-05
4.44769e-05
4.44769e-05
4.44768e-05
4.44767e-05
4.44767e-05
4.44766e-05
4.44765e-05
4.44765e-05
4.44764e-05
4.44763e-05
4.44762e-05
4.44762e-05
4.44763e-05
4.44765e-05
4.44769e-05
4.44769e-05
4.44776e-05
4.44776e-05
4.44776e-05
4.44776e-05
4.44776e-05
4.44776e-05
4.44776e-05
4.44776e-05
4.44776e-05
4.44775e-05
4.44775e-05
4.44775e-05
4.44775e-05
4.44775e-05
4.44775e-05
4.44775e-05
4.44775e-05
4.44775e-05
4.44774e-05
4.44774e-05
4.44774e-05
4.44774e-05
4.44774e-05
4.44774e-05
4.44774e-05
4.44774e-05
4.44773e-05
4.44773e-05
4.44773e-05
4.44773e-05
4.44773e-05
4.44773e-05
4.44773e-05
4.44773e-05
4.44773e-05
4.44773e-05
4.44773e-05
4.44773e-05
4.44772e-05
4.44772e-05
4.44772e-05
4.44772e-05
4.44772e-05
4.44772e-05
4.44772e-05
4.44772e-05
4.44771e-05
4.44771e-05
4.44771e-05
4.44771e-05
4.4477e-05
4.4477e-05
4.4477e-05
4.44769e-05
4.44769e-05
4.44769e-05
4.44768e-05
4.44768e-05
4.44767e-05
4.44766e-05
4.44766e-05
4.44765e-05
4.44764e-05
4.44763e-05
4.44763e-05
4.44762e-05
4.44761e-05
4.4476e-05
4.44759e-05
4.44759e-05
4.44759e-05
4.4476e-05
4.44766e-05
4.44767e-05
4.44786e-05
4.44786e-05
4.44786e-05
4.44786e-05
4.44786e-05
4.44786e-05
4.44786e-05
4.44785e-05
4.44785e-05
4.44785e-05
4.44785e-05
4.44784e-05
4.44784e-05
4.44784e-05
4.44784e-05
4.44783e-05
4.44783e-05
4.44783e-05
4.44782e-05
4.44782e-05
4.44781e-05
4.44781e-05
4.44781e-05
4.4478e-05
4.4478e-05
4.4478e-05
4.44779e-05
4.44779e-05
4.44778e-05
4.44778e-05
4.44778e-05
4.44777e-05
4.44777e-05
4.44776e-05
4.44776e-05
4.44776e-05
4.44775e-05
4.44775e-05
4.44774e-05
4.44774e-05
4.44774e-05
4.44773e-05
4.44773e-05
4.44772e-05
4.44772e-05
4.44771e-05
4.44771e-05
4.4477e-05
4.4477e-05
4.44769e-05
4.44769e-05
4.44768e-05
4.44767e-05
4.44767e-05
4.44766e-05
4.44766e-05
4.44765e-05
4.44764e-05
4.44763e-05
4.44763e-05
4.44762e-05
4.44761e-05
4.4476e-05
4.44759e-05
4.44758e-05
4.44757e-05
4.44756e-05
4.44755e-05
4.44754e-05
4.44754e-05
4.44754e-05
4.44755e-05
4.44761e-05
4.44763e-05
4.44792e-05
4.44792e-05
4.44791e-05
4.44791e-05
4.44791e-05
4.44791e-05
4.4479e-05
4.4479e-05
4.4479e-05
4.44789e-05
4.44789e-05
4.44789e-05
4.44788e-05
4.44788e-05
4.44788e-05
4.44787e-05
4.44787e-05
4.44786e-05
4.44786e-05
4.44785e-05
4.44785e-05
4.44784e-05
4.44784e-05
4.44783e-05
4.44782e-05
4.44782e-05
4.44781e-05
4.44781e-05
4.4478e-05
4.4478e-05
4.44779e-05
4.44778e-05
4.44778e-05
4.44777e-05
4.44776e-05
4.44776e-05
4.44775e-05
4.44774e-05
4.44774e-05
4.44773e-05
4.44772e-05
4.44772e-05
4.44771e-05
4.4477e-05
4.44769e-05
4.44769e-05
4.44768e-05
4.44767e-05
4.44766e-05
4.44766e-05
4.44765e-05
4.44764e-05
4.44763e-05
4.44762e-05
4.44761e-05
4.44761e-05
4.4476e-05
4.44759e-05
4.44758e-05
4.44757e-05
4.44756e-05
4.44755e-05
4.44754e-05
4.44753e-05
4.44753e-05
4.44752e-05
4.44751e-05
4.4475e-05
4.44749e-05
4.44748e-05
4.44748e-05
4.44749e-05
4.44755e-05
4.44759e-05
4.44791e-05
4.44791e-05
4.44791e-05
4.44791e-05
4.4479e-05
4.4479e-05
4.4479e-05
4.44789e-05
4.44789e-05
4.44789e-05
4.44788e-05
4.44788e-05
4.44787e-05
4.44787e-05
4.44787e-05
4.44786e-05
4.44785e-05
4.44785e-05
4.44784e-05
4.44784e-05
4.44783e-05
4.44783e-05
4.44782e-05
4.44781e-05
4.44781e-05
4.4478e-05
4.44779e-05
4.44779e-05
4.44778e-05
4.44777e-05
4.44776e-05
4.44776e-05
4.44775e-05
4.44774e-05
4.44773e-05
4.44772e-05
4.44772e-05
4.44771e-05
4.4477e-05
4.44769e-05
4.44768e-05
4.44767e-05
4.44766e-05
4.44765e-05
4.44764e-05
4.44763e-05
4.44763e-05
4.44762e-05
4.44761e-05
4.4476e-05
4.44759e-05
4.44758e-05
4.44757e-05
4.44756e-05
4.44755e-05
4.44754e-05
4.44753e-05
4.44752e-05
4.44751e-05
4.4475e-05
4.44749e-05
4.44748e-05
4.44747e-05
4.44746e-05
4.44745e-05
4.44744e-05
4.44744e-05
4.44743e-05
4.44742e-05
4.44741e-05
4.44741e-05
4.44742e-05
4.44747e-05
4.44752e-05
4.44786e-05
4.44786e-05
4.44785e-05
4.44785e-05
4.44785e-05
4.44784e-05
4.44784e-05
4.44783e-05
4.44783e-05
4.44783e-05
4.44782e-05
4.44782e-05
4.44781e-05
4.44781e-05
4.4478e-05
4.4478e-05
4.44779e-05
4.44779e-05
4.44778e-05
4.44778e-05
4.44777e-05
4.44776e-05
4.44776e-05
4.44775e-05
4.44774e-05
4.44774e-05
4.44773e-05
4.44772e-05
4.44771e-05
4.44771e-05
4.4477e-05
4.44769e-05
4.44768e-05
4.44767e-05
4.44766e-05
4.44765e-05
4.44765e-05
4.44764e-05
4.44763e-05
4.44762e-05
4.44761e-05
4.4476e-05
4.44759e-05
4.44758e-05
4.44757e-05
4.44755e-05
4.44754e-05
4.44753e-05
4.44752e-05
4.44751e-05
4.4475e-05
4.44749e-05
4.44748e-05
4.44747e-05
4.44745e-05
4.44744e-05
4.44743e-05
4.44742e-05
4.44741e-05
4.4474e-05
4.44739e-05
4.44738e-05
4.44738e-05
4.44737e-05
4.44736e-05
4.44735e-05
4.44735e-05
4.44734e-05
4.44734e-05
4.44733e-05
4.44732e-05
4.44733e-05
4.44739e-05
4.44745e-05
4.44776e-05
4.44775e-05
4.44775e-05
4.44775e-05
4.44774e-05
4.44774e-05
4.44773e-05
4.44773e-05
4.44773e-05
4.44772e-05
4.44772e-05
4.44771e-05
4.44771e-05
4.4477e-05
4.4477e-05
4.44769e-05
4.44768e-05
4.44768e-05
4.44767e-05
4.44767e-05
4.44766e-05
4.44765e-05
4.44765e-05
4.44764e-05
4.44763e-05
4.44763e-05
4.44762e-05
4.44761e-05
4.44761e-05
4.4476e-05
4.44759e-05
4.44758e-05
4.44757e-05
4.44756e-05
4.44755e-05
4.44755e-05
4.44754e-05
4.44753e-05
4.44752e-05
4.44751e-05
4.4475e-05
4.44749e-05
4.44748e-05
4.44747e-05
4.44745e-05
4.44744e-05
4.44743e-05
4.44742e-05
4.44741e-05
4.4474e-05
4.44739e-05
4.44737e-05
4.44736e-05
4.44735e-05
4.44734e-05
4.44733e-05
4.44732e-05
4.44731e-05
4.4473e-05
4.44729e-05
4.44728e-05
4.44727e-05
4.44726e-05
4.44726e-05
4.44725e-05
4.44725e-05
4.44724e-05
4.44724e-05
4.44724e-05
4.44723e-05
4.44723e-05
4.44723e-05
4.44728e-05
4.44736e-05
4.44762e-05
4.44762e-05
4.44761e-05
4.44761e-05
4.4476e-05
4.4476e-05
4.44759e-05
4.44759e-05
4.44758e-05
4.44757e-05
4.44757e-05
4.44756e-05
4.44756e-05
4.44755e-05
4.44755e-05
4.44754e-05
4.44754e-05
4.44753e-05
4.44752e-05
4.44752e-05
4.44751e-05
4.4475e-05
4.4475e-05
4.44749e-05
4.44748e-05
4.44748e-05
4.44747e-05
4.44746e-05
4.44746e-05
4.44745e-05
4.44744e-05
4.44743e-05
4.44742e-05
4.44742e-05
4.44741e-05
4.4474e-05
4.44739e-05
4.44738e-05
4.44737e-05
4.44736e-05
4.44735e-05
4.44734e-05
4.44733e-05
4.44732e-05
4.44731e-05
4.4473e-05
4.44729e-05
4.44728e-05
4.44727e-05
4.44726e-05
4.44724e-05
4.44723e-05
4.44722e-05
4.44721e-05
4.4472e-05
4.44719e-05
4.44718e-05
4.44717e-05
4.44716e-05
4.44715e-05
4.44714e-05
4.44714e-05
4.44713e-05
4.44712e-05
4.44712e-05
4.44712e-05
4.44712e-05
4.44712e-05
4.44712e-05
4.44712e-05
4.44712e-05
4.44712e-05
4.44717e-05
4.44725e-05
4.44745e-05
4.44745e-05
4.44744e-05
4.44743e-05
4.44743e-05
4.44742e-05
4.44742e-05
4.44741e-05
4.4474e-05
4.4474e-05
4.44739e-05
4.44738e-05
4.44738e-05
4.44737e-05
4.44736e-05
4.44736e-05
4.44735e-05
4.44734e-05
4.44734e-05
4.44733e-05
4.44732e-05
4.44732e-05
4.44731e-05
4.4473e-05
4.4473e-05
4.44729e-05
4.44728e-05
4.44727e-05
4.44727e-05
4.44726e-05
4.44725e-05
4.44724e-05
4.44724e-05
4.44723e-05
4.44722e-05
4.44721e-05
4.4472e-05
4.4472e-05
4.44719e-05
4.44718e-05
4.44717e-05
4.44716e-05
4.44715e-05
4.44714e-05
4.44713e-05
4.44712e-05
4.44711e-05
4.4471e-05
4.44709e-05
4.44708e-05
4.44707e-05
4.44706e-05
4.44705e-05
4.44704e-05
4.44703e-05
4.44702e-05
4.44701e-05
4.44701e-05
4.447e-05
4.44699e-05
4.44698e-05
4.44698e-05
4.44697e-05
4.44697e-05
4.44697e-05
4.44697e-05
4.44697e-05
4.44698e-05
4.44698e-05
4.44699e-05
4.44699e-05
4.447e-05
4.44704e-05
4.44712e-05
4.44726e-05
4.44725e-05
4.44725e-05
4.44724e-05
4.44723e-05
4.44722e-05
4.44721e-05
4.4472e-05
4.4472e-05
4.44719e-05
4.44718e-05
4.44717e-05
4.44716e-05
4.44716e-05
4.44715e-05
4.44714e-05
4.44713e-05
4.44713e-05
4.44712e-05
4.44711e-05
4.4471e-05
4.4471e-05
4.44709e-05
4.44708e-05
4.44707e-05
4.44707e-05
4.44706e-05
4.44705e-05
4.44704e-05
4.44704e-05
4.44703e-05
4.44702e-05
4.44701e-05
4.44701e-05
4.447e-05
4.44699e-05
4.44698e-05
4.44698e-05
4.44697e-05
4.44696e-05
4.44695e-05
4.44694e-05
4.44694e-05
4.44693e-05
4.44692e-05
4.44691e-05
4.4469e-05
4.4469e-05
4.44689e-05
4.44688e-05
4.44687e-05
4.44686e-05
4.44685e-05
4.44685e-05
4.44684e-05
4.44683e-05
4.44682e-05
4.44682e-05
4.44681e-05
4.44681e-05
4.4468e-05
4.4468e-05
4.4468e-05
4.4468e-05
4.4468e-05
4.4468e-05
4.44681e-05
4.44681e-05
4.44682e-05
4.44683e-05
4.44684e-05
4.44685e-05
4.44689e-05
4.44697e-05
4.44705e-05
4.44703e-05
4.44702e-05
4.44701e-05
4.447e-05
4.44699e-05
4.44698e-05
4.44697e-05
4.44696e-05
4.44695e-05
4.44694e-05
4.44693e-05
4.44692e-05
4.44691e-05
4.4469e-05
4.44689e-05
4.44689e-05
4.44688e-05
4.44687e-05
4.44686e-05
4.44685e-05
4.44684e-05
4.44683e-05
4.44683e-05
4.44682e-05
4.44681e-05
4.4468e-05
4.4468e-05
4.44679e-05
4.44678e-05
4.44677e-05
4.44677e-05
4.44676e-05
4.44675e-05
4.44674e-05
4.44674e-05
4.44673e-05
4.44672e-05
4.44672e-05
4.44671e-05
4.4467e-05
4.4467e-05
4.44669e-05
4.44668e-05
4.44668e-05
4.44667e-05
4.44666e-05
4.44666e-05
4.44665e-05
4.44664e-05
4.44664e-05
4.44663e-05
4.44662e-05
4.44662e-05
4.44661e-05
4.44661e-05
4.4466e-05
4.4466e-05
4.4466e-05
4.4466e-05
4.44659e-05
4.44659e-05
4.44659e-05
4.4466e-05
4.4466e-05
4.44661e-05
4.44662e-05
4.44663e-05
4.44664e-05
4.44666e-05
4.44667e-05
4.44669e-05
4.44673e-05
4.4468e-05
4.4468e-05
4.44678e-05
4.44677e-05
4.44676e-05
4.44674e-05
4.44673e-05
4.44672e-05
4.44671e-05
4.44669e-05
4.44668e-05
4.44667e-05
4.44666e-05
4.44665e-05
4.44664e-05
4.44662e-05
4.44661e-05
4.4466e-05
4.44659e-05
4.44658e-05
4.44657e-05
4.44656e-05
4.44656e-05
4.44655e-05
4.44654e-05
4.44653e-05
4.44652e-05
4.44651e-05
4.44651e-05
4.4465e-05
4.44649e-05
4.44648e-05
4.44648e-05
4.44647e-05
4.44646e-05
4.44645e-05
4.44645e-05
4.44644e-05
4.44644e-05
4.44643e-05
4.44642e-05
4.44642e-05
4.44641e-05
4.44641e-05
4.4464e-05
4.4464e-05
4.44639e-05
4.44639e-05
4.44638e-05
4.44638e-05
4.44637e-05
4.44637e-05
4.44637e-05
4.44636e-05
4.44636e-05
4.44636e-05
4.44636e-05
4.44636e-05
4.44636e-05
4.44636e-05
4.44636e-05
4.44636e-05
4.44636e-05
4.44637e-05
4.44637e-05
4.44638e-05
4.44639e-05
4.4464e-05
4.44642e-05
4.44644e-05
4.44646e-05
4.44648e-05
4.4465e-05
4.44654e-05
4.44661e-05
4.44652e-05
4.4465e-05
4.44648e-05
4.44647e-05
4.44645e-05
4.44643e-05
4.44642e-05
4.4464e-05
4.44639e-05
4.44637e-05
4.44636e-05
4.44635e-05
4.44633e-05
4.44632e-05
4.44631e-05
4.4463e-05
4.44629e-05
4.44627e-05
4.44626e-05
4.44625e-05
4.44624e-05
4.44623e-05
4.44622e-05
4.44621e-05
4.4462e-05
4.44619e-05
4.44619e-05
4.44618e-05
4.44617e-05
4.44616e-05
4.44616e-05
4.44615e-05
4.44614e-05
4.44614e-05
4.44613e-05
4.44612e-05
4.44612e-05
4.44611e-05
4.44611e-05
4.4461e-05
4.4461e-05
4.44609e-05
4.44609e-05
4.44609e-05
4.44608e-05
4.44608e-05
4.44608e-05
4.44608e-05
4.44607e-05
4.44607e-05
4.44607e-05
4.44607e-05
4.44607e-05
4.44607e-05
4.44607e-05
4.44607e-05
4.44608e-05
4.44608e-05
4.44608e-05
4.44609e-05
4.44609e-05
4.4461e-05
4.44611e-05
4.44612e-05
4.44613e-05
4.44615e-05
4.44617e-05
4.44619e-05
4.44621e-05
4.44623e-05
4.44626e-05
4.44629e-05
4.44633e-05
4.44639e-05
4.44619e-05
4.44617e-05
4.44615e-05
4.44613e-05
4.44611e-05
4.4461e-05
4.44608e-05
4.44606e-05
4.44604e-05
4.44603e-05
4.44601e-05
4.44599e-05
4.44598e-05
4.44597e-05
4.44595e-05
4.44594e-05
4.44592e-05
4.44591e-05
4.4459e-05
4.44589e-05
4.44588e-05
4.44587e-05
4.44586e-05
4.44585e-05
4.44584e-05
4.44583e-05
4.44582e-05
4.44581e-05
4.4458e-05
4.4458e-05
4.44579e-05
4.44578e-05
4.44578e-05
4.44577e-05
4.44577e-05
4.44576e-05
4.44576e-05
4.44575e-05
4.44575e-05
4.44575e-05
4.44574e-05
4.44574e-05
4.44574e-05
4.44574e-05
4.44574e-05
4.44574e-05
4.44574e-05
4.44574e-05
4.44574e-05
4.44574e-05
4.44574e-05
4.44574e-05
4.44575e-05
4.44575e-05
4.44575e-05
4.44576e-05
4.44577e-05
4.44577e-05
4.44578e-05
4.44579e-05
4.4458e-05
4.44581e-05
4.44583e-05
4.44584e-05
4.44586e-05
4.44588e-05
4.4459e-05
4.44592e-05
4.44595e-05
4.44598e-05
4.44601e-05
4.44604e-05
4.44609e-05
4.44615e-05
4.44582e-05
4.44579e-05
4.44577e-05
4.44575e-05
4.44573e-05
4.4457e-05
4.44568e-05
4.44566e-05
4.44565e-05
4.44563e-05
4.44561e-05
4.44559e-05
4.44558e-05
4.44556e-05
4.44554e-05
4.44553e-05
4.44552e-05
4.4455e-05
4.44549e-05
4.44548e-05
4.44547e-05
4.44546e-05
4.44544e-05
4.44544e-05
4.44543e-05
4.44542e-05
4.44541e-05
4.4454e-05
4.44539e-05
4.44539e-05
4.44538e-05
4.44538e-05
4.44537e-05
4.44537e-05
4.44536e-05
4.44536e-05
4.44536e-05
4.44535e-05
4.44535e-05
4.44535e-05
4.44535e-05
4.44535e-05
4.44535e-05
4.44535e-05
4.44535e-05
4.44535e-05
4.44536e-05
4.44536e-05
4.44536e-05
4.44537e-05
4.44537e-05
4.44538e-05
4.44539e-05
4.44539e-05
4.4454e-05
4.44541e-05
4.44542e-05
4.44543e-05
4.44544e-05
4.44546e-05
4.44547e-05
4.44549e-05
4.44551e-05
4.44553e-05
4.44555e-05
4.44557e-05
4.4456e-05
4.44563e-05
4.44566e-05
4.44569e-05
4.44573e-05
4.44577e-05
4.44582e-05
4.44587e-05
4.44538e-05
4.44535e-05
4.44533e-05
4.4453e-05
4.44528e-05
4.44525e-05
4.44523e-05
4.44521e-05
4.44519e-05
4.44517e-05
4.44515e-05
4.44513e-05
4.44512e-05
4.4451e-05
4.44508e-05
4.44507e-05
4.44505e-05
4.44504e-05
4.44503e-05
4.44501e-05
4.445e-05
4.44499e-05
4.44498e-05
4.44497e-05
4.44497e-05
4.44496e-05
4.44495e-05
4.44494e-05
4.44494e-05
4.44493e-05
4.44493e-05
4.44492e-05
4.44492e-05
4.44492e-05
4.44492e-05
4.44492e-05
4.44491e-05
4.44491e-05
4.44491e-05
4.44492e-05
4.44492e-05
4.44492e-05
4.44492e-05
4.44493e-05
4.44493e-05
4.44494e-05
4.44494e-05
4.44495e-05
4.44495e-05
4.44496e-05
4.44497e-05
4.44498e-05
4.44499e-05
4.445e-05
4.44501e-05
4.44503e-05
4.44504e-05
4.44506e-05
4.44507e-05
4.44509e-05
4.44511e-05
4.44513e-05
4.44515e-05
4.44518e-05
4.44521e-05
4.44523e-05
4.44526e-05
4.4453e-05
4.44533e-05
4.44537e-05
4.44541e-05
4.44545e-05
4.44551e-05
4.44556e-05
4.44487e-05
4.44484e-05
4.44481e-05
4.44478e-05
4.44476e-05
4.44473e-05
4.44471e-05
4.44469e-05
4.44466e-05
4.44464e-05
4.44462e-05
4.44461e-05
4.44459e-05
4.44457e-05
4.44456e-05
4.44454e-05
4.44453e-05
4.44452e-05
4.4445e-05
4.44449e-05
4.44448e-05
4.44447e-05
4.44447e-05
4.44446e-05
4.44445e-05
4.44445e-05
4.44444e-05
4.44444e-05
4.44443e-05
4.44443e-05
4.44443e-05
4.44443e-05
4.44442e-05
4.44442e-05
4.44443e-05
4.44443e-05
4.44443e-05
4.44443e-05
4.44443e-05
4.44444e-05
4.44444e-05
4.44445e-05
4.44445e-05
4.44446e-05
4.44447e-05
4.44448e-05
4.44449e-05
4.4445e-05
4.44451e-05
4.44452e-05
4.44453e-05
4.44454e-05
4.44456e-05
4.44457e-05
4.44459e-05
4.44461e-05
4.44463e-05
4.44465e-05
4.44467e-05
4.44469e-05
4.44471e-05
4.44474e-05
4.44477e-05
4.44479e-05
4.44483e-05
4.44486e-05
4.44489e-05
4.44493e-05
4.44497e-05
4.44501e-05
4.44505e-05
4.4451e-05
4.44516e-05
4.44521e-05
4.44427e-05
4.44424e-05
4.44421e-05
4.44418e-05
4.44416e-05
4.44413e-05
4.44411e-05
4.44408e-05
4.44406e-05
4.44404e-05
4.44402e-05
4.44401e-05
4.44399e-05
4.44397e-05
4.44396e-05
4.44395e-05
4.44394e-05
4.44393e-05
4.44392e-05
4.44391e-05
4.4439e-05
4.44389e-05
4.44389e-05
4.44388e-05
4.44388e-05
4.44388e-05
4.44388e-05
4.44387e-05
4.44387e-05
4.44387e-05
4.44388e-05
4.44388e-05
4.44388e-05
4.44388e-05
4.44389e-05
4.44389e-05
4.4439e-05
4.4439e-05
4.44391e-05
4.44392e-05
4.44393e-05
4.44394e-05
4.44395e-05
4.44396e-05
4.44397e-05
4.44398e-05
4.44399e-05
4.44401e-05
4.44402e-05
4.44404e-05
4.44405e-05
4.44407e-05
4.44409e-05
4.44411e-05
4.44413e-05
4.44415e-05
4.44417e-05
4.4442e-05
4.44422e-05
4.44425e-05
4.44428e-05
4.4443e-05
4.44434e-05
4.44437e-05
4.4444e-05
4.44444e-05
4.44448e-05
4.44452e-05
4.44456e-05
4.44461e-05
4.44465e-05
4.4447e-05
4.44476e-05
4.44481e-05
4.44356e-05
4.44352e-05
4.4435e-05
4.44347e-05
4.44344e-05
4.44342e-05
4.4434e-05
4.44338e-05
4.44336e-05
4.44334e-05
4.44333e-05
4.44332e-05
4.4433e-05
4.44329e-05
4.44328e-05
4.44327e-05
4.44327e-05
4.44326e-05
4.44326e-05
4.44325e-05
4.44325e-05
4.44325e-05
4.44325e-05
4.44325e-05
4.44325e-05
4.44325e-05
4.44325e-05
4.44326e-05
4.44326e-05
4.44327e-05
4.44327e-05
4.44328e-05
4.44329e-05
4.4433e-05
4.4433e-05
4.44331e-05
4.44332e-05
4.44334e-05
4.44335e-05
4.44336e-05
4.44337e-05
4.44339e-05
4.4434e-05
4.44341e-05
4.44343e-05
4.44345e-05
4.44346e-05
4.44348e-05
4.4435e-05
4.44352e-05
4.44354e-05
4.44356e-05
4.44358e-05
4.4436e-05
4.44363e-05
4.44365e-05
4.44368e-05
4.44371e-05
4.44374e-05
4.44377e-05
4.4438e-05
4.44383e-05
4.44386e-05
4.4439e-05
4.44394e-05
4.44398e-05
4.44402e-05
4.44406e-05
4.44411e-05
4.44415e-05
4.4442e-05
4.44425e-05
4.4443e-05
4.44435e-05
4.4444e-05
4.44271e-05
4.44268e-05
4.44266e-05
4.44264e-05
4.44262e-05
4.4426e-05
4.44258e-05
4.44257e-05
4.44255e-05
4.44254e-05
4.44253e-05
4.44253e-05
4.44252e-05
4.44252e-05
4.44251e-05
4.44251e-05
4.44251e-05
4.44251e-05
4.44252e-05
4.44252e-05
4.44253e-05
4.44253e-05
4.44254e-05
4.44255e-05
4.44255e-05
4.44256e-05
4.44257e-05
4.44258e-05
4.4426e-05
4.44261e-05
4.44262e-05
4.44263e-05
4.44265e-05
4.44266e-05
4.44268e-05
4.44269e-05
4.44271e-05
4.44273e-05
4.44274e-05
4.44276e-05
4.44278e-05
4.4428e-05
4.44282e-05
4.44284e-05
4.44286e-05
4.44288e-05
4.4429e-05
4.44292e-05
4.44294e-05
4.44297e-05
4.44299e-05
4.44301e-05
4.44304e-05
4.44306e-05
4.44309e-05
4.44312e-05
4.44315e-05
4.44318e-05
4.44321e-05
4.44324e-05
4.44328e-05
4.44331e-05
4.44335e-05
4.44339e-05
4.44343e-05
4.44347e-05
4.44351e-05
4.44356e-05
4.4436e-05
4.44365e-05
4.44369e-05
4.44374e-05
4.44379e-05
4.44384e-05
4.44388e-05
4.44171e-05
4.4417e-05
4.44169e-05
4.44168e-05
4.44167e-05
4.44167e-05
4.44166e-05
4.44166e-05
4.44165e-05
4.44165e-05
4.44165e-05
4.44166e-05
4.44166e-05
4.44166e-05
4.44167e-05
4.44168e-05
4.44169e-05
4.4417e-05
4.44171e-05
4.44172e-05
4.44174e-05
4.44175e-05
4.44177e-05
4.44179e-05
4.4418e-05
4.44182e-05
4.44184e-05
4.44186e-05
4.44189e-05
4.44191e-05
4.44193e-05
4.44195e-05
4.44197e-05
4.442e-05
4.44202e-05
4.44204e-05
4.44206e-05
4.44209e-05
4.44211e-05
4.44214e-05
4.44216e-05
4.44218e-05
4.44221e-05
4.44223e-05
4.44226e-05
4.44228e-05
4.4423e-05
4.44233e-05
4.44236e-05
4.44238e-05
4.44241e-05
4.44243e-05
4.44246e-05
4.44249e-05
4.44252e-05
4.44255e-05
4.44258e-05
4.44261e-05
4.44264e-05
4.44268e-05
4.44271e-05
4.44275e-05
4.44278e-05
4.44282e-05
4.44286e-05
4.4429e-05
4.44295e-05
4.44299e-05
4.44303e-05
4.44308e-05
4.44312e-05
4.44316e-05
4.44321e-05
4.44325e-05
4.44329e-05
4.44111e-05
4.44111e-05
4.44109e-05
4.44108e-05
4.44106e-05
4.44105e-05
4.44103e-05
4.44101e-05
4.441e-05
4.44098e-05
4.44097e-05
4.44095e-05
4.44094e-05
4.44094e-05
4.44094e-05
4.44094e-05
4.44094e-05
4.44095e-05
4.44096e-05
4.44097e-05
4.44098e-05
4.44099e-05
4.44101e-05
4.44103e-05
4.44105e-05
4.44108e-05
4.4411e-05
4.44113e-05
4.44116e-05
4.44119e-05
4.44122e-05
4.44125e-05
4.44128e-05
4.44131e-05
4.44134e-05
4.44137e-05
4.4414e-05
4.44144e-05
4.44146e-05
4.44149e-05
4.44152e-05
4.44155e-05
4.44158e-05
4.44161e-05
4.44164e-05
4.44166e-05
4.44169e-05
4.44172e-05
4.44175e-05
4.44177e-05
4.4418e-05
4.44183e-05
4.44186e-05
4.44189e-05
4.44191e-05
4.44194e-05
4.44197e-05
4.442e-05
4.44204e-05
4.44207e-05
4.4421e-05
4.44213e-05
4.44217e-05
4.4422e-05
4.44224e-05
4.44228e-05
4.44232e-05
4.44236e-05
4.4424e-05
4.44244e-05
4.44247e-05
4.44251e-05
4.44255e-05
4.44259e-05
4.44262e-05
4.44178e-05
4.44176e-05
4.44172e-05
4.44168e-05
4.44162e-05
4.44155e-05
4.44147e-05
4.44139e-05
4.44131e-05
4.44123e-05
4.44115e-05
4.44108e-05
4.44101e-05
4.44095e-05
4.44088e-05
4.44082e-05
4.44077e-05
4.44072e-05
4.44067e-05
4.44063e-05
4.44059e-05
4.44056e-05
4.44054e-05
4.44052e-05
4.4405e-05
4.4405e-05
4.4405e-05
4.4405e-05
4.44052e-05
4.44054e-05
4.44057e-05
4.4406e-05
4.44063e-05
4.44066e-05
4.44069e-05
4.44073e-05
4.44077e-05
4.4408e-05
4.44084e-05
4.44087e-05
4.4409e-05
4.44094e-05
4.44097e-05
4.441e-05
4.44102e-05
4.44105e-05
4.44108e-05
4.44111e-05
4.44113e-05
4.44116e-05
4.44118e-05
4.44121e-05
4.44123e-05
4.44126e-05
4.44129e-05
4.44131e-05
4.44134e-05
4.44136e-05
4.44139e-05
4.44142e-05
4.44144e-05
4.44147e-05
4.4415e-05
4.44153e-05
4.44156e-05
4.44159e-05
4.44162e-05
4.44166e-05
4.44169e-05
4.44172e-05
4.44175e-05
4.44177e-05
4.44181e-05
4.44184e-05
4.44186e-05
4.44246e-05
4.44233e-05
4.44219e-05
4.44206e-05
4.44193e-05
4.44181e-05
4.4417e-05
4.44159e-05
4.44149e-05
4.4414e-05
4.4413e-05
4.44121e-05
4.44113e-05
4.44105e-05
4.44097e-05
4.4409e-05
4.44083e-05
4.44076e-05
4.44069e-05
4.44063e-05
4.44057e-05
4.44052e-05
4.44047e-05
4.44042e-05
4.44038e-05
4.44034e-05
4.44031e-05
4.44029e-05
4.44028e-05
4.44026e-05
4.44024e-05
4.44022e-05
4.4402e-05
4.44019e-05
4.44019e-05
4.4402e-05
4.44023e-05
4.44027e-05
4.4403e-05
4.44033e-05
4.44036e-05
4.44038e-05
4.44041e-05
4.44043e-05
4.44045e-05
4.44048e-05
4.4405e-05
4.44052e-05
4.44054e-05
4.44055e-05
4.44057e-05
4.44059e-05
4.44061e-05
4.44063e-05
4.44064e-05
4.44066e-05
4.44068e-05
4.44069e-05
4.44071e-05
4.44073e-05
4.44075e-05
4.44076e-05
4.44078e-05
4.4408e-05
4.44082e-05
4.44084e-05
4.44086e-05
4.44088e-05
4.4409e-05
4.44091e-05
4.44093e-05
4.44094e-05
4.44096e-05
4.44098e-05
4.44099e-05
)
;

boundaryField
{
    walls
    {
        type            fixedValue;
        value           uniform 0;
    }
    frontAndBack
    {
        type            empty;
    }
    farfield
    {
        type            inletOutlet;
        inletValue      uniform 4.44e-05;
        value           uniform 4.44e-05;
    }
    procBoundary2to0
    {
        type            processor;
        value           nonuniform List<scalar> 
113
(
5.75798e-06
1.77968e-05
2.89914e-05
3.84689e-05
4.6457e-05
5.33947e-05
5.91704e-05
6.34914e-05
6.60482e-05
6.60482e-05
8.13129e-05
8.13129e-05
0.000106872
0.000106872
0.000137065
0.000141012
0.000141596
0.000138142
0.000129944
0.000116871
9.9804e-05
8.12749e-05
6.36931e-05
5.29917e-05
4.6252e-05
4.27216e-05
4.1486e-05
4.18634e-05
4.30758e-05
4.4081e-05
4.4143e-05
4.36841e-05
4.36841e-05
4.41121e-05
4.4465e-05
4.46499e-05
4.47278e-05
4.4785e-05
4.48317e-05
4.48543e-05
4.48513e-05
4.48307e-05
4.48038e-05
4.47793e-05
4.47771e-05
4.47979e-05
4.45637e-05
4.45496e-05
4.45529e-05
4.45647e-05
4.45792e-05
4.47042e-05
4.45809e-05
4.45637e-05
4.4547e-05
4.4531e-05
4.45181e-05
4.45122e-05
4.45087e-05
4.45077e-05
4.45152e-05
4.45152e-05
4.45096e-05
4.45086e-05
4.45119e-05
4.45119e-05
4.45051e-05
4.45012e-05
4.44982e-05
4.44958e-05
4.44929e-05
4.44904e-05
4.44882e-05
4.44864e-05
4.4485e-05
4.44838e-05
4.44829e-05
4.44821e-05
4.44813e-05
4.44805e-05
4.44796e-05
4.44796e-05
4.44773e-05
4.4477e-05
4.44768e-05
4.4477e-05
4.4477e-05
4.4477e-05
4.44768e-05
4.44765e-05
4.44762e-05
4.44757e-05
4.44751e-05
4.44744e-05
4.44735e-05
4.44724e-05
4.44712e-05
4.44698e-05
4.44682e-05
4.44664e-05
4.44643e-05
4.44619e-05
4.44592e-05
4.44561e-05
4.44526e-05
4.44486e-05
4.44486e-05
4.44445e-05
4.44393e-05
4.44333e-05
4.44265e-05
4.44188e-05
4.441e-05
)
;
    }
    procBoundary2to3
    {
        type            processor;
        value           nonuniform List<scalar> 
108
(
2.0816e-06
6.51225e-06
1.15071e-05
1.71257e-05
2.34327e-05
3.04989e-05
3.84039e-05
4.72306e-05
5.70276e-05
6.77564e-05
7.93279e-05
9.16934e-05
0.000104866
0.000118893
0.000133833
0.000149739
0.000166655
0.000184606
0.000203601
0.000225287
0.000225068
0.000224831
0.000224589
0.000224346
0.000224104
0.000223868
0.00022363
0.00022363
0.000247121
0.000269711
0.000293266
0.000317672
0.000342768
0.000368336
0.000394095
0.000419679
0.000444626
0.000468357
0.000490155
0.000509132
0.000509132
0.0005267
0.000537117
0.000540894
0.000536167
0.000520758
0.000492161
0.000447598
0.000384188
0.000299458
0.000192877
8.89678e-05
4.79291e-05
4.29331e-05
4.29992e-05
4.33272e-05
4.35958e-05
4.38084e-05
4.39854e-05
4.41777e-05
4.43759e-05
4.4464e-05
4.45023e-05
4.45224e-05
4.45331e-05
4.45375e-05
4.45375e-05
4.45346e-05
4.45301e-05
4.45248e-05
4.45195e-05
4.45145e-05
4.45098e-05
4.45054e-05
4.45012e-05
4.44973e-05
4.44936e-05
4.44903e-05
4.44873e-05
4.44846e-05
4.44823e-05
4.44803e-05
4.44786e-05
4.44771e-05
4.44765e-05
4.44776e-05
4.44787e-05
4.44792e-05
4.44792e-05
4.44786e-05
4.44776e-05
4.44763e-05
4.44746e-05
4.44727e-05
4.44706e-05
4.44681e-05
4.44654e-05
4.44622e-05
4.44584e-05
4.44541e-05
4.4449e-05
4.44431e-05
4.44359e-05
4.44274e-05
4.44172e-05
4.44112e-05
4.44178e-05
4.4427e-05
)
;
    }
}


// ************************************************************************* //
