/*--------------------------------*- C++ -*----------------------------------*\
| =========                 |                                                 |
| \\      /  F ield         | OpenFOAM: The Open Source CFD Toolbox           |
|  \\    /   O peration     | Version:  2412                                  |
|   \\  /    A nd           | Website:  www.openfoam.com                      |
|    \\/     M anipulation  |                                                 |
\*---------------------------------------------------------------------------*/
FoamFile
{
    version     2.0;
    format      ascii;
    arch        "LSB;label=32;scalar=64";
    class       volScalarField;
    location    "180";
    object      p;
}
// * * * * * * * * * * * * * * * * * * * * * * * * * * * * * * * * * * * * * //

dimensions      [0 2 -2 0 0 0 0];

internalField   nonuniform List<scalar> 
7373
(
62.1858
62.7794
63.4479
64.1986
65.031
65.9411
66.9332
68.0228
69.2183
70.5248
71.9502
73.4901
75.1508
76.9534
78.9115
81.0359
83.3326
85.8029
88.4763
91.371
94.4977
97.8721
101.51
105.441
109.68
114.252
119.18
124.489
130.207
136.362
142.985
150.109
157.766
165.99
174.823
184.301
194.47
205.371
217.054
229.57
242.972
257.315
272.663
289.081
306.635
325.402
345.457
366.885
389.775
414.204
440.283
468.091
497.703
529.226
562.662
597.973
634.968
673.233
711.892
749.209
781.934
804.161
802.027
758.556
627.775
326.578
-230.102
-1249.86
62.1858
62.7794
63.4479
64.1986
65.031
65.9411
66.9332
68.0228
69.2183
70.5248
71.9502
73.4901
75.1508
76.9534
78.9115
81.0359
83.3326
85.8029
88.4763
91.371
94.4977
97.8721
101.51
105.441
109.68
114.252
119.18
124.489
130.207
136.362
142.985
150.109
157.766
165.99
174.823
184.301
194.47
205.371
217.054
229.57
242.972
257.315
272.663
289.081
306.635
325.402
345.457
366.885
389.775
414.204
440.283
468.091
497.703
529.226
562.662
597.972
634.967
673.233
711.892
749.209
781.933
804.161
802.026
758.553
627.769
326.577
-230.091
-1249.79
62.1858
62.7794
63.4479
64.1986
65.031
65.9411
66.9332
68.0228
69.2183
70.5248
71.9502
73.4901
75.1508
76.9534
78.9115
81.0359
83.3326
85.8029
88.4763
91.371
94.4977
97.8721
101.51
105.441
109.68
114.252
119.18
124.489
130.207
136.362
142.985
150.109
157.766
165.99
174.823
184.301
194.47
205.371
217.054
229.57
242.972
257.315
272.663
289.081
306.635
325.402
345.457
366.885
389.775
414.203
440.283
468.091
497.703
529.226
562.662
597.972
634.967
673.233
711.892
749.209
781.933
804.159
802.023
758.548
627.759
326.561
-230.109
-1249.73
62.1858
62.7794
63.4479
64.1986
65.0311
65.9412
66.9332
68.0228
69.2184
70.5248
71.9503
73.4901
75.1508
76.9534
78.9116
81.0359
83.3326
85.803
88.4763
91.371
94.4977
97.8722
101.51
105.441
109.68
114.252
119.18
124.489
130.207
136.362
142.985
150.109
157.766
165.99
174.823
184.301
194.47
205.371
217.054
229.57
242.972
257.315
272.663
289.081
306.635
325.402
345.457
366.885
389.775
414.203
440.283
468.091
497.703
529.226
562.662
597.973
634.967
673.233
711.892
749.208
781.932
804.158
802.021
758.542
627.746
326.545
-230.111
-1249.58
62.1859
62.7794
63.4479
64.1987
65.0311
65.9412
66.9333
68.0228
69.2184
70.5249
71.9503
73.4901
75.1508
76.9535
78.9116
81.036
83.3327
85.803
88.4764
91.3711
94.4978
97.8722
101.51
105.441
109.68
114.252
119.18
124.489
130.207
136.362
142.985
150.109
157.766
165.99
174.823
184.301
194.47
205.371
217.054
229.57
242.972
257.315
272.663
289.081
306.635
325.402
345.457
366.886
389.775
414.204
440.283
468.091
497.703
529.226
562.662
597.973
634.968
673.233
711.892
749.209
781.932
804.157
802.018
758.535
627.734
326.543
-230.051
-1249.25
62.186
62.7795
63.448
64.1988
65.0312
65.9413
66.9334
68.023
69.2185
70.525
71.9504
73.4903
75.151
76.9536
78.9118
81.0361
83.3328
85.8032
88.4766
91.3712
94.498
97.8724
101.511
105.441
109.68
114.252
119.18
124.49
130.207
136.362
142.986
150.109
157.766
165.99
174.823
184.302
194.47
205.372
217.055
229.571
242.972
257.315
272.664
289.081
306.636
325.402
345.457
366.886
389.775
414.204
440.283
468.092
497.703
529.227
562.662
597.973
634.968
673.234
711.893
749.209
781.932
804.156
802.015
758.528
627.727
326.568
-229.921
-1248.65
62.1861
62.7797
63.4482
64.1989
65.0314
65.9415
66.9336
68.0231
69.2187
70.5252
71.9506
73.4905
75.1512
76.9538
78.912
81.0363
83.3331
85.8034
88.4768
91.3715
94.4982
97.8727
101.511
105.441
109.68
114.253
119.181
124.49
130.208
136.363
142.986
150.11
157.766
165.991
174.824
184.302
194.471
205.372
217.055
229.571
242.973
257.316
272.664
289.082
306.636
325.403
345.458
366.886
389.776
414.205
440.284
468.092
497.704
529.227
562.663
597.974
634.969
673.235
711.894
749.21
781.932
804.154
802.011
758.522
627.726
326.633
-229.716
-1247.69
62.1864
62.78
63.4485
64.1992
65.0317
65.9418
66.9339
68.0235
69.2191
70.5255
71.951
73.4908
75.1516
76.9542
78.9124
81.0367
83.3335
85.8039
88.4773
91.372
94.4987
97.8732
101.511
105.442
109.681
114.253
119.181
124.491
130.208
136.363
142.987
150.11
157.767
165.991
174.824
184.303
194.472
205.373
217.056
229.572
242.974
257.317
272.665
289.083
306.637
325.404
345.459
366.888
389.777
414.206
440.285
468.094
497.705
529.229
562.665
597.976
634.971
673.237
711.896
749.211
781.933
804.153
802.008
758.517
627.736
326.751
-229.364
-1246.23
62.1869
62.7804
63.449
64.1997
65.0322
65.9423
66.9344
68.024
69.2196
70.5261
71.9515
73.4914
75.1522
76.9548
78.913
81.0374
83.3342
85.8046
88.478
91.3728
94.4995
97.874
101.512
105.443
109.682
114.254
119.182
124.492
130.209
136.364
142.988
150.111
157.768
165.993
174.826
184.304
194.473
205.375
217.058
229.574
242.975
257.318
272.667
289.085
306.639
325.406
345.461
366.889
389.779
414.208
440.287
468.096
497.707
529.231
562.667
597.978
634.973
673.239
711.898
749.213
781.934
804.151
802.004
758.514
627.76
326.932
-228.805
-1244.19
62.1875
62.7811
63.4496
64.2004
65.0329
65.943
66.9351
68.0248
69.2204
70.5269
71.9524
73.4923
75.153
76.9557
78.914
81.0384
83.3352
85.8056
88.4791
91.3739
94.5007
97.8752
101.513
105.444
109.683
114.255
119.184
124.493
130.211
136.366
142.99
150.113
157.77
165.994
174.828
184.306
194.475
205.377
217.06
229.576
242.978
257.321
272.67
289.087
306.642
325.409
345.464
366.892
389.782
414.211
440.29
468.099
497.711
529.234
562.671
597.982
634.978
673.244
711.902
749.217
781.936
804.15
802
758.513
627.802
327.188
-228.056
-1241.45
-2291.64
62.1885
62.7821
63.4506
64.2014
65.0339
65.944
66.9362
68.0258
69.2215
70.528
71.9535
73.4935
75.1543
76.957
78.9153
81.0397
83.3366
85.8071
88.4806
91.3754
94.5023
97.8769
101.515
105.446
109.685
114.257
119.186
124.495
130.213
136.368
142.992
150.116
157.773
165.997
174.83
184.309
194.478
205.38
217.063
229.579
242.981
257.325
272.673
289.091
306.646
325.413
345.468
366.897
389.786
414.215
440.295
468.104
497.716
529.24
562.676
597.988
634.984
673.25
711.908
749.222
781.938
804.148
801.995
758.515
627.865
327.545
-227.154
-1237.94
-2286.41
-3179.36
62.1897
62.7833
63.4519
64.2027
65.0352
65.9454
66.9376
68.0272
69.2229
70.5295
71.9551
73.495
75.1559
76.9587
78.917
81.0415
83.3385
85.809
88.4826
91.3775
94.5045
97.8792
101.518
105.448
109.688
114.26
119.188
124.498
130.216
136.371
142.995
150.119
157.776
166.001
174.834
184.313
194.482
205.384
217.067
229.584
242.986
257.329
272.678
289.096
306.651
325.419
345.474
366.903
389.792
414.222
440.302
468.111
497.723
529.247
562.684
597.996
634.992
673.259
711.917
749.229
781.942
804.146
801.99
758.521
627.952
328.033
-226.091
-1233.62
-2280
-3172.02
-3719.8
62.1913
62.7849
63.4535
64.2044
65.0369
65.9471
66.9394
68.0291
69.2248
70.5314
71.9571
73.4971
75.158
76.9609
78.9193
81.0439
83.3409
85.8115
88.4852
91.3802
94.5073
97.8821
101.521
105.452
109.691
114.263
119.192
124.502
130.22
136.375
142.999
150.123
157.781
166.005
174.839
184.318
194.487
205.39
217.073
229.59
242.992
257.336
272.685
289.103
306.659
325.426
345.482
366.911
389.801
414.231
440.311
468.12
497.733
529.258
562.695
598.008
635.004
673.271
711.929
749.239
781.948
804.144
801.985
758.53
628.064
328.661
-224.839
-1228.5
-2272.27
-3163.21
-3712.18
62.1933
62.787
63.4556
64.2065
65.039
65.9493
66.9416
68.0314
69.2271
70.5339
71.9595
73.4997
75.1607
76.9636
78.9221
81.0468
83.3439
85.8147
88.4885
91.3836
94.5108
97.8857
101.524
105.456
109.695
114.268
119.197
124.506
130.225
136.38
143.005
150.129
157.786
166.011
174.845
184.325
194.494
205.397
217.08
229.597
243
257.344
272.694
289.112
306.668
325.436
345.492
366.922
389.812
414.243
440.324
468.134
497.747
529.272
562.71
598.024
635.021
673.288
711.945
749.252
781.955
804.142
801.979
758.543
628.201
329.421
-223.395
-1222.57
-2263.13
-3152.9
-3702.77
62.1957
62.7894
63.4581
64.209
65.0417
65.952
66.9443
68.0342
69.23
70.5368
71.9626
73.5028
75.1639
76.967
78.9256
81.0504
83.3477
85.8185
88.4925
91.3878
94.5152
97.8903
101.529
105.46
109.7
114.273
119.202
124.512
130.231
136.387
143.011
150.136
157.794
166.019
174.853
184.333
194.503
205.405
217.09
229.607
243.01
257.355
272.705
289.124
306.68
325.449
345.505
366.936
389.827
414.258
440.34
468.151
497.765
529.292
562.731
598.045
635.043
673.31
711.965
749.269
781.964
804.139
801.972
758.558
628.362
330.3
-221.753
-1215.78
-2252.55
-3141
-3691.51
62.1987
62.7925
63.4612
64.2122
65.0449
65.9553
66.9477
68.0376
69.2336
70.5405
71.9664
73.5067
75.1679
76.9711
78.9299
81.0548
83.3522
85.8233
88.4974
91.3929
94.5205
97.8958
101.535
105.466
109.706
114.28
119.209
124.519
130.238
136.394
143.019
150.144
157.802
166.028
174.863
184.343
194.513
205.416
217.101
229.619
243.022
257.368
272.718
289.138
306.695
325.465
345.522
366.954
389.846
414.278
440.361
468.173
497.789
529.317
562.757
598.073
635.071
673.338
711.991
749.289
781.974
804.135
801.963
758.575
628.545
331.285
-219.888
-1208.11
-2240.5
-3127.41
-3678.41
62.2023
62.7961
63.4649
64.216
65.0487
65.9592
66.9517
68.0418
69.2378
70.5449
71.9709
73.5113
75.1727
76.9761
78.935
81.0602
83.3577
85.829
88.5034
91.3991
94.5269
97.9025
101.542
105.474
109.714
114.287
119.217
124.528
130.247
136.404
143.029
150.154
157.813
166.039
174.874
184.355
194.526
205.43
217.115
229.634
243.038
257.384
272.735
289.156
306.714
325.484
345.543
366.976
389.869
414.303
440.387
468.201
497.818
529.348
562.791
598.108
635.107
673.373
712.023
749.314
781.986
804.13
801.951
758.593
628.75
332.366
-217.768
-1199.49
-2226.95
-3111.98
-3663.38
62.2066
62.8005
63.4694
64.2205
65.0534
65.964
66.9566
68.0467
69.2429
70.5501
71.9763
73.5169
75.1785
76.982
78.9412
81.0666
83.3644
85.8359
88.5106
91.4066
94.5347
97.9106
101.55
105.482
109.723
114.297
119.227
124.538
130.258
136.415
143.041
150.167
157.826
166.053
174.888
184.37
194.541
205.446
217.132
229.651
243.056
257.403
272.756
289.178
306.737
325.508
345.568
367.003
389.898
414.334
440.42
468.236
497.856
529.388
562.833
598.152
635.152
673.416
712.061
749.342
782
804.123
801.936
758.611
628.975
333.55
-215.366
-1189.86
-2211.82
-3094.58
-3646.25
62.2117
62.8057
63.4747
64.2259
65.0589
65.9696
66.9624
68.0527
69.249
70.5564
71.9828
73.5236
75.1854
76.9892
78.9486
81.0742
83.3723
85.8442
88.5191
91.4155
94.544
97.9202
101.56
105.493
109.734
114.308
119.239
124.551
130.271
136.429
143.055
150.181
157.841
166.069
174.905
184.387
194.56
205.465
217.152
229.673
243.079
257.427
272.781
289.204
306.765
325.538
345.6
367.036
389.933
414.371
440.46
468.279
497.902
529.437
562.885
598.205
635.205
673.467
712.105
749.375
782.014
804.114
801.917
758.627
629.221
334.851
-212.658
-1179.12
-2194.93
-3075.09
-3626.86
62.2178
62.8119
63.481
64.2323
65.0654
65.9763
66.9693
68.0597
69.2563
70.5639
71.9904
73.5315
75.1936
76.9976
78.9574
81.0833
83.3818
85.854
88.5293
91.4261
94.555
97.9317
101.572
105.505
109.747
114.322
119.253
124.565
130.286
136.445
143.072
150.199
157.86
166.088
174.925
184.409
194.582
205.489
217.177
229.698
243.106
257.456
272.811
289.236
306.798
325.574
345.638
367.076
389.976
414.417
440.51
468.332
497.959
529.498
562.948
598.269
635.269
673.526
712.156
749.411
782.029
804.101
801.893
758.64
629.489
336.279
-209.604
-1167.14
-2176.11
-3053.35
-3605.06
60.0031
60.0525
60.1685
60.3516
60.6008
60.9121
61.2845
61.7155
62.225
62.8193
63.4884
64.2399
65.0732
65.9843
66.9774
68.0681
69.2649
70.5727
71.9996
73.5409
75.2033
77.0077
78.9678
81.0941
83.393
85.8656
88.5414
91.4387
94.5681
97.9454
101.587
105.52
109.763
114.338
119.27
124.583
130.305
136.464
143.092
150.22
157.882
166.111
174.95
184.434
194.609
205.516
217.206
229.729
243.138
257.49
272.847
289.274
306.839
325.616
345.683
367.125
390.028
414.473
440.57
468.397
498.027
529.57
563.022
598.345
635.342
673.593
712.213
749.451
782.044
804.085
801.861
758.648
629.779
337.844
-206.161
-1153.82
-2155.16
-3029.09
-3580.7
60.011
60.0604
60.1765
60.3596
60.6089
60.9202
61.2928
61.7239
62.2335
62.8279
63.4972
64.2489
65.0824
65.9937
66.987
68.078
69.275
70.5832
72.0103
73.552
75.2148
77.0196
78.9801
81.1069
83.4062
85.8794
88.5558
91.4536
94.5837
97.9616
101.603
105.538
109.781
114.357
119.29
124.604
130.327
136.487
143.116
150.245
157.908
166.139
174.978
184.464
194.64
205.55
217.241
229.766
243.177
257.531
272.89
289.32
306.887
325.668
345.738
367.183
390.091
414.54
440.642
468.474
498.109
529.655
563.11
598.431
635.425
673.669
712.276
749.494
782.059
804.062
801.821
758.649
630.093
339.555
-202.273
-1139.03
-2131.88
-3002.05
-3553.55
60.0203
60.0698
60.1859
60.3691
60.6185
60.9299
61.3025
61.7338
62.2436
62.8381
63.5076
64.2595
65.0932
66.0047
66.9984
68.0896
69.287
70.5955
72.0231
73.5652
75.2283
77.0336
78.9947
81.122
83.4219
85.8957
88.5727
91.4712
94.602
97.9807
101.623
105.559
109.803
114.38
119.314
124.629
130.353
136.514
143.144
150.275
157.939
166.171
175.013
184.5
194.678
205.589
217.283
229.81
243.223
257.579
272.942
289.374
306.945
325.729
345.804
367.254
390.166
414.621
440.728
468.566
498.205
529.754
563.21
598.529
635.518
673.754
712.346
749.541
782.072
804.033
801.769
758.64
630.429
341.426
-197.877
-1122.65
-2106.06
-2971.94
-3523.3
60.0312
60.0807
60.1969
60.3802
60.6296
60.9412
61.3139
61.7454
62.2554
62.8501
63.5198
64.2719
65.1059
66.0178
67.0117
68.1033
69.3011
70.61
72.038
73.5806
75.2443
77.0502
79.0118
81.1398
83.4404
85.9149
88.5926
91.492
94.6237
98.0032
101.647
105.583
109.828
114.407
119.342
124.658
130.383
136.546
143.178
150.31
157.976
166.21
175.053
184.543
194.722
205.636
217.332
229.862
243.278
257.637
273.003
289.439
307.014
325.803
345.882
367.337
390.256
414.717
440.831
468.673
498.316
529.867
563.323
598.64
635.623
673.848
712.423
749.591
782.084
803.994
801.703
758.619
630.788
343.47
-192.898
-1104.54
-2077.49
-2938.5
-3489.68
60.0439
60.0936
60.2099
60.3932
60.6428
60.9544
61.3274
61.7591
62.2693
62.8642
63.5342
64.2866
65.1209
66.0331
67.0274
68.1194
69.3176
70.6271
72.0556
73.5988
75.2631
77.0696
79.0319
81.1607
83.4621
85.9375
88.6161
91.5164
94.6491
98.0298
101.675
105.612
109.859
114.438
119.375
124.693
130.419
136.584
143.217
150.351
158.019
166.255
175.101
184.593
194.775
205.692
217.39
229.923
243.343
257.706
273.076
289.516
307.096
325.89
345.975
367.437
390.362
414.83
440.949
468.792
498.446
529.994
563.449
598.763
635.739
673.952
712.507
749.644
782.092
803.944
801.618
758.581
631.168
345.662
-187.258
-1084.58
-2045.94
-2901.45
-3452.41
60.0588
60.1087
60.2251
60.4085
60.6582
60.97
61.3431
61.7751
62.2856
62.8807
63.551
64.3037
65.1384
66.051
67.0458
68.1383
69.337
70.6471
72.0763
73.6201
75.2851
77.0924
79.0556
81.1852
83.4875
85.964
88.6437
91.5451
94.6791
98.061
101.707
105.646
109.894
114.476
119.414
124.733
130.462
136.628
143.264
150.4
158.071
166.309
175.157
184.652
194.838
205.757
217.46
229.996
243.42
257.787
273.162
289.608
307.193
325.993
346.085
367.554
390.487
414.961
441.084
468.928
498.591
530.136
563.59
598.9
635.869
674.067
712.598
749.698
782.095
803.878
801.512
758.52
631.568
348.004
-180.886
-1062.69
-2011.25
-2860.54
-3411.24
60.0763
60.1263
60.2428
60.4264
60.6762
60.9882
61.3616
61.7939
62.3047
62.9
63.5707
64.3238
65.1589
66.072
67.0674
68.1604
69.3598
70.6705
72.1004
73.6451
75.3109
77.1192
79.0834
81.214
83.5174
85.9951
88.6761
91.5788
94.7142
98.0977
101.745
105.686
109.936
114.519
119.459
124.781
130.512
136.681
143.319
150.458
158.131
166.373
175.224
184.722
194.911
205.835
217.541
230.082
243.511
257.883
273.264
289.715
307.308
326.115
346.215
367.692
390.631
415.112
441.236
469.085
498.749
530.295
563.748
599.053
636.012
674.193
712.697
749.754
782.09
803.794
801.376
758.43
631.982
350.552
-173.726
-1038.78
-1973.46
-2815.29
-3365.69
60.0967
60.1469
60.2635
60.4472
60.6972
61.0095
61.3831
61.8159
62.327
62.9226
63.5937
64.3473
65.1829
66.0966
67.0926
68.1863
69.3864
70.698
72.1288
73.6743
75.3412
77.1505
79.1158
81.2478
83.5525
86.0315
88.714
91.6184
94.7554
98.1406
101.79
105.733
109.985
114.57
119.513
124.837
130.571
136.742
143.383
150.526
158.202
166.447
175.302
184.804
194.998
205.926
217.637
230.184
243.618
257.997
273.384
289.843
307.443
326.259
346.366
367.85
390.794
415.281
441.406
469.26
498.926
530.473
563.924
599.223
636.17
674.331
712.802
749.809
782.074
803.684
801.205
758.302
632.406
353.331
-165.712
-1012.78
-1932.53
-2765.09
-3315.24
60.1205
60.171
60.2878
60.4716
60.7218
61.0344
61.4083
61.8415
62.3531
62.949
63.6206
64.3747
65.211
66.1253
67.1221
68.2166
69.4175
70.7301
72.1619
73.7085
75.3766
77.1872
79.1539
81.2872
83.5935
86.0742
88.7584
91.6646
94.8037
98.191
101.843
105.788
110.042
114.63
119.576
124.903
130.64
136.815
143.459
150.605
158.285
166.535
175.394
184.901
195.099
206.033
217.75
230.303
243.744
258.13
273.525
289.992
307.601
326.424
346.539
368.028
390.977
415.469
441.598
469.456
499.125
530.672
564.12
599.411
636.344
674.48
712.913
749.861
782.043
803.543
800.988
758.125
632.832
356.348
-156.769
-984.567
-1888.09
-2709.65
-3259.76
60.1482
60.199
60.316
60.5001
60.7505
61.0634
61.4377
61.8714
62.3835
62.9798
63.652
64.4068
65.2437
66.1589
67.1565
68.2519
69.4539
70.7675
72.2006
73.7485
75.4179
77.23
79.1983
81.3334
83.6414
86.1241
88.8104
91.7187
94.8601
98.2499
101.904
105.852
110.11
114.701
119.649
124.98
130.72
136.899
143.548
150.698
158.383
166.637
175.502
185.015
195.219
206.159
217.883
230.443
243.892
258.286
273.689
290.165
307.782
326.612
346.733
368.228
391.182
415.679
441.814
469.675
499.346
530.893
564.337
599.619
636.534
674.642
713.028
749.907
781.991
803.361
800.715
757.885
633.247
359.61
-146.81
-954.039
-1839.86
-2649.05
-3198.78
-3374.69
60.1805
60.2316
60.3489
60.5332
60.7839
61.0972
61.4719
61.9064
62.419
63.0158
63.6886
64.4441
65.2819
66.198
67.1966
68.2932
69.4963
70.8113
72.2457
73.7951
75.4662
77.28
79.2502
81.3873
83.6974
86.1824
88.871
91.782
94.9261
98.3188
101.976
105.927
110.188
114.783
119.735
125.07
130.815
136.998
143.652
150.807
158.498
166.758
175.628
185.147
195.359
206.306
218.038
230.606
244.064
258.467
273.879
290.363
307.986
326.823
346.95
368.452
391.412
415.915
442.054
469.92
499.593
531.139
564.578
599.848
636.741
674.814
713.146
749.942
781.911
803.128
800.37
757.565
633.636
363.118
-135.749
-921.159
-1787.73
-2583.14
-3131.51
-3319.54
60.2181
60.2696
60.3872
60.5718
60.8228
61.1366
61.5119
61.947
62.4603
63.0577
63.7312
64.4877
65.3265
66.2436
67.2434
68.3413
69.5458
70.8623
72.2984
73.8496
75.5225
77.3383
79.3108
81.4502
83.7627
86.2504
88.9419
91.8558
95.0032
98.3992
102.06
106.015
110.28
114.879
119.836
125.176
130.925
137.114
143.773
150.935
158.631
166.898
175.776
185.303
195.522
206.478
218.219
230.796
244.263
258.674
274.094
290.585
308.216
327.06
347.194
368.702
391.67
416.179
442.324
470.193
499.867
531.411
564.843
600.098
636.966
674.996
713.263
749.961
781.794
802.829
799.936
757.143
633.986
366.87
-123.499
-885.929
-1731.61
-2511.62
-3058.16
-3258.9
60.2658
60.2619
60.3139
60.4317
60.6167
60.8682
61.1825
61.5583
61.9943
62.5084
63.1064
63.7809
64.5384
65.3784
66.2968
67.298
68.3973
69.6034
70.9218
72.3598
73.913
75.5881
77.4064
79.3814
81.5235
83.8389
86.3298
89.0245
91.942
95.0931
98.493
102.158
106.118
110.387
114.991
119.953
125.299
131.054
137.249
143.915
151.083
158.787
167.062
175.948
185.484
195.712
206.677
218.427
231.013
244.488
258.907
274.335
290.834
308.473
327.325
347.467
368.984
391.958
416.474
442.624
470.496
500.172
531.712
565.134
600.37
637.206
675.186
713.374
749.956
781.627
802.449
799.39
756.593
634.286
370.861
-109.97
-848.389
-1671.38
-2434.5
-2978.58
-3192.31
60.3165
60.3128
60.3653
60.4835
60.6689
60.9208
61.2358
61.6124
62.0494
62.5644
63.1631
63.8387
64.5974
65.4387
66.3587
67.3615
68.4625
69.6705
70.991
72.4312
73.9869
75.6645
77.4856
79.4636
81.6089
83.9277
86.4223
89.1208
92.0424
95.1979
98.6024
102.273
106.237
110.512
115.122
120.09
125.442
131.204
137.407
144.08
151.256
158.969
167.253
176.148
185.692
195.93
206.904
218.662
231.257
244.74
259.169
274.605
291.113
308.761
327.623
347.774
369.298
392.281
416.803
442.958
470.834
500.509
532.044
565.453
600.665
637.462
675.379
713.474
749.916
781.395
801.964
798.704
755.884
634.482
375.075
-95.0521
-808.643
-1607.06
-2351.83
-2892.7
-3119.56
60.3754
60.372
60.4249
60.5437
60.7296
60.9821
61.2978
61.6752
62.1134
62.6294
63.2291
63.9059
64.666
65.5089
66.4306
67.4353
68.5383
69.7486
71.0715
72.5144
74.0728
75.7535
77.5777
79.5593
81.7083
84.0311
86.5299
89.2328
92.1591
95.3198
98.7296
102.406
106.376
110.657
115.274
120.249
125.608
131.379
137.589
144.271
151.457
159.178
167.471
176.376
185.929
196.176
207.159
218.926
231.53
245.023
259.462
274.908
291.426
309.084
327.956
348.116
369.65
392.64
417.17
443.329
471.207
500.88
532.407
565.799
600.981
637.729
675.572
713.553
749.829
781.08
801.348
797.846
754.976
634.42
379.476
-78.6675
-766.905
-1538.8
-2263.74
-2800.5
-3040.43
60.4438
60.4406
60.4942
60.6135
60.8
61.0532
61.3698
61.7482
62.1877
62.7049
63.3057
63.984
64.7458
65.5905
66.5142
67.521
68.6265
69.8393
71.1651
72.611
74.1727
75.8568
77.6848
79.6704
81.8238
84.1511
86.6548
89.3629
92.2947
95.4613
98.8773
102.56
106.537
110.826
115.45
120.434
125.801
131.58
137.8
144.491
151.686
159.416
167.719
176.632
186.195
196.452
207.445
219.223
231.838
245.341
259.791
275.248
291.778
309.447
328.329
348.499
370.042
393.041
417.577
443.741
471.619
501.288
532.803
566.173
601.317
638.005
675.756
713.6
749.677
780.657
800.568
796.773
753.812
634.075
383.986
-60.9732
-723.409
-1466.84
-2170.46
-2702.06
-2954.78
60.523
60.5203
60.5746
60.6945
60.8816
61.1356
61.4533
61.8329
62.2739
62.7925
63.3946
64.0746
64.8382
65.6851
66.6112
67.6206
68.7287
69.9445
71.2736
72.7231
74.2886
75.9767
77.809
79.7992
81.9576
84.2903
86.7996
89.5136
92.4517
95.6253
99.0484
102.738
106.724
111.021
115.653
120.645
126.022
131.81
138.039
144.739
151.943
159.684
167.996
176.92
186.494
196.762
207.766
219.556
232.183
245.698
260.16
275.63
292.171
309.852
328.745
348.927
370.479
393.486
418.028
444.195
472.072
501.733
533.232
566.572
601.668
638.282
675.922
713.601
749.439
780.095
799.584
795.435
752.333
633.967
388.496
-42.3076
-678.085
-1391.47
-2072.34
-2597.6
-2862.57
60.6148
60.6125
60.6676
60.7883
60.9762
61.2312
61.55
61.931
62.3738
62.894
63.4975
64.1795
64.9454
65.7948
66.7237
67.7359
68.8471
70.0662
71.3992
72.8529
74.4228
76.1153
77.9525
79.9483
82.1126
84.4514
86.967
89.6877
92.6334
95.8146
99.2448
102.943
106.937
111.242
115.884
120.885
126.271
132.069
138.308
145.019
152.233
159.985
168.309
177.244
186.83
197.11
208.127
219.93
232.57
246.099
260.574
276.057
292.611
310.304
329.21
349.403
370.965
393.979
418.526
444.695
472.568
502.218
533.694
566.996
602.031
638.553
676.056
713.535
749.087
779.357
798.346
793.771
750.498
633.642
393.023
-22.7561
-630.836
-1313.06
-1969.89
-2487.51
-2763.9
60.721
60.7192
60.7752
60.8967
61.0856
61.3417
61.662
62.0445
62.4893
63.0113
63.6164
64.3007
65.0692
65.9217
66.8536
67.869
68.9836
70.2068
71.5444
73.0032
74.5779
76.2754
78.1184
80.1206
82.2917
84.6363
87.1584
89.887
92.8405
96.0298
99.4675
103.175
107.178
111.493
116.144
121.155
126.551
132.36
138.61
145.332
152.559
160.323
168.66
177.609
187.208
197.501
208.533
220.35
233.004
246.547
261.037
276.534
293.102
310.809
329.727
349.931
371.503
394.524
419.074
445.242
473.107
502.74
534.186
567.438
602.397
638.805
676.142
713.378
748.587
778.397
796.794
791.71
748.207
632.455
397.636
-2.53199
-582.077
-1232.14
-1863.71
-2372.34
-2659.06
60.8436
60.8423
60.8992
61.0217
61.2117
61.4691
61.7911
62.1754
62.6224
63.1464
63.7535
64.4407
65.2124
66.0683
67.0036
68.0225
69.1412
70.3693
71.7123
73.1759
74.7548
76.4579
78.3077
80.3169
82.4948
84.8456
87.3753
90.1127
93.0744
96.2723
99.7191
103.436
107.449
111.774
116.436
121.459
126.867
132.688
138.95
145.686
152.926
160.704
169.054
178.018
187.632
197.941
208.987
220.82
233.49
247.049
261.554
277.067
293.65
311.371
330.301
350.516
372.097
395.123
419.675
445.838
473.691
503.299
534.704
567.892
602.755
639.023
676.154
713.098
747.896
777.158
794.858
789.166
745.361
630.883
402.124
17.5772
-532.774
-1149.55
-1754.43
-2252.61
-2548.51
60.9845
60.9839
61.0419
61.1656
61.357
61.6161
61.9401
62.3263
62.7756
63.3019
63.9116
64.602
65.3771
66.236
67.1742
68.1969
69.3207
70.5542
71.9027
73.3711
74.9549
76.6648
78.5221
80.5385
82.7237
85.0819
87.6204
90.3669
93.3378
96.5452
100.002
103.731
107.754
112.091
116.766
121.801
127.222
133.056
139.333
146.083
153.338
161.131
169.498
178.477
188.108
198.433
209.497
221.347
234.033
247.61
262.131
277.66
294.259
311.994
330.937
351.163
372.751
395.781
420.331
446.484
474.317
503.891
535.242
568.348
603.09
639.183
676.065
712.654
746.96
775.571
792.451
786.038
741.857
628.674
406.375
37.5089
-483.513
-1066.21
-1642.91
-2128.69
-2432.29
61.1463
61.1461
61.2054
61.3305
61.5234
61.784
62.1095
62.4974
62.9492
63.4785
64.0912
64.785
65.5632
66.4252
67.3669
68.3947
69.5241
70.763
72.1172
73.5911
75.1814
76.8988
78.7638
80.7881
82.9813
85.3482
87.8967
90.6534
93.6346
96.8528
100.321
104.062
108.098
112.448
117.136
122.185
127.621
133.471
139.763
146.529
153.801
161.611
169.995
178.992
188.641
198.985
210.067
221.935
234.64
248.234
262.774
278.32
294.934
312.684
331.639
351.874
373.468
396.497
421.041
447.178
474.981
504.509
535.789
568.791
603.381
639.258
675.835
711.996
745.714
773.554
789.475
782.214
737.569
625.757
410.256
60.2157
-431.911
-982.188
-1531.26
-2003.11
-2311.45
61.3293
61.3298
61.3906
61.5173
61.7117
61.9737
62.3007
62.6907
63.1456
63.6783
64.2941
64.9913
65.7731
66.6388
67.5851
68.6185
69.7537
70.9985
72.3589
73.8391
75.4368
77.1628
79.0365
81.0697
83.2719
85.6484
88.2081
90.9762
93.969
97.1992
100.681
104.435
108.485
112.85
117.553
122.618
128.07
133.937
140.246
147.03
154.32
162.149
170.552
179.569
189.238
199.601
210.703
222.591
235.316
248.93
263.488
279.051
295.681
313.445
332.411
352.654
374.249
397.274
421.804
447.917
475.679
505.144
536.332
569.201
603.601
639.212
675.417
711.062
744.081
771.01
785.814
777.563
732.365
621.96
413.427
87.0126
-376.221
-897.177
-1421.41
-1880.08
-2191.82
61.5355
61.5372
61.5997
61.728
61.924
62.1876
62.5167
62.9092
63.3678
63.904
64.523
65.2239
66.0097
66.8795
67.8311
68.8709
70.0127
71.2643
72.6316
74.1187
75.7247
77.4603
79.3438
81.387
83.5993
85.9867
88.559
91.3398
94.3455
97.5893
101.085
104.855
108.921
113.302
118.022
123.104
128.574
134.459
140.789
147.592
154.902
162.751
171.176
180.214
189.904
200.289
211.412
223.322
236.068
249.702
264.279
279.859
296.505
314.281
333.257
353.503
375.096
398.11
422.618
448.694
476.4
505.782
536.851
569.55
603.715
638.997
674.75
709.776
741.965
767.825
781.338
771.943
726.099
617.162
415.567
61.7681
61.7712
61.8356
61.9655
62.1632
62.4287
62.76
63.1555
63.6182
64.1585
64.7813
65.4865
66.2766
67.151
68.1086
69.1556
70.3047
71.5639
72.939
74.4341
76.0494
77.7956
79.69
81.7444
83.9681
86.3678
88.9539
91.7489
94.7692
98.028
101.54
105.327
109.41
113.809
118.548
123.649
129.14
135.046
141.396
148.221
155.553
163.425
171.873
180.934
190.647
201.055
212.202
224.134
236.901
250.556
265.152
280.75
297.41
315.196
334.178
354.424
376.008
399.002
423.477
449.5
477.13
506.403
537.318
569.805
603.675
638.556
673.761
708.046
739.255
763.868
775.9
765.2
718.612
611.236
417.097
62.03
62.0348
62.1012
62.2332
62.4329
62.7006
63.0344
63.4332
63.9004
64.4453
65.0725
65.7824
66.5775
67.4573
68.4215
69.4765
70.6338
71.9015
73.2853
74.7894
76.4152
78.1733
80.0798
82.1467
84.3832
86.7967
89.3982
92.2091
95.2455
98.5212
102.051
105.857
109.959
114.378
119.138
124.261
129.773
135.702
142.076
148.925
156.281
164.178
172.65
181.736
191.474
201.907
213.077
225.033
237.823
251.498
266.113
281.726
298.398
316.192
335.174
355.413
376.979
399.942
424.368
450.321
477.849
506.98
537.7
569.919
603.426
637.816
672.36
705.764
735.824
758.99
769.345
757.168
709.744
604.03
417.645
62.3247
62.3314
62.4002
62.5345
62.7366
63.0068
63.3435
63.7462
64.2184
64.7684
65.4005
66.1158
66.9165
67.8025
68.7742
69.838
71.0045
72.2817
73.6753
75.1896
76.8272
78.5984
80.5185
82.5993
84.8502
87.279
89.8977
92.7261
95.7805
99.075
102.625
106.451
110.575
115.017
119.799
124.946
130.483
136.436
142.835
149.71
157.093
165.016
173.515
182.627
192.392
202.851
214.047
226.026
238.838
252.533
267.166
282.792
299.473
317.269
336.245
356.468
378.004
400.92
425.278
451.134
478.528
507.477
537.949
569.835
602.895
636.688
670.44
702.803
731.523
753.029
761.512
747.68
699.368
595.426
416.27
62.6562
62.665
62.7365
62.8734
63.0783
63.3514
63.6916
64.0987
64.5764
65.1321
65.7698
66.4912
67.2983
68.1913
69.1715
70.245
71.4218
72.7095
74.1142
75.64
77.2907
79.0764
81.0116
83.1079
85.3749
87.8209
90.4585
93.3064
96.3808
99.6962
103.268
107.117
111.265
115.731
120.538
125.711
131.275
137.255
143.682
150.585
157.996
165.948
174.475
183.616
193.408
203.894
215.115
227.119
239.952
253.666
268.313
283.949
300.633
318.424
337.385
357.579
379.07
401.92
426.184
451.911
479.131
507.846
538.007
569.48
601.993
635.065
667.874
699.017
726.189
745.81
752.229
736.574
687.389
585.387
413.137
63.0285
63.0398
63.1144
63.2544
63.4625
63.739
64.0832
64.4953
64.9792
65.5412
66.1853
66.9136
67.7279
68.6289
69.6185
70.7029
71.8911
73.1907
74.6076
76.1464
77.8117
79.6135
81.5655
83.6791
85.9639
88.4291
91.0876
93.9571
97.0536
100.392
103.988
107.863
112.036
116.529
121.364
126.565
132.158
138.168
144.625
151.558
158.999
166.981
175.539
184.708
194.529
205.042
216.289
228.315
241.168
254.898
269.555
285.196
301.875
319.651
338.583
358.733
380.159
402.916
427.054
452.613
479.609
508.029
537.801
568.765
600.614
632.823
664.517
694.242
719.645
737.151
741.331
723.708
673.637
573.784
412.19
63.4462
63.4605
63.5385
63.6821
63.894
64.1745
64.5233
64.9412
65.4319
66.001
66.6524
67.3884
68.2109
69.121
70.1212
71.2175
72.4184
73.7312
75.1618
76.7152
78.3968
80.2164
82.1869
84.3197
86.6244
89.1109
91.7923
94.6855
97.8065
101.17
104.793
108.696
112.897
117.42
122.285
127.517
133.14
139.182
145.671
152.637
160.11
168.123
176.712
185.912
195.762
206.301
217.572
229.619
242.489
256.229
270.891
286.527
303.191
320.939
339.827
359.91
381.244
403.877
427.849
453.189
479.9
507.949
537.241
567.583
598.632
629.815
660.207
688.3
711.702
726.87
728.672
708.973
657.822
560.034
414.9
63.9141
63.932
64.0141
64.1619
64.3781
64.6633
65.0176
65.442
65.9402
66.5173
67.1769
67.9216
68.7533
69.6738
70.6858
71.7953
73.0103
74.3378
75.7837
77.3535
79.053
80.8923
82.8833
85.0372
87.364
89.874
92.5805
95.4999
98.6477
102.039
105.692
109.624
113.857
118.411
123.308
128.573
134.23
140.306
146.829
153.829
161.335
169.382
178.002
187.232
197.109
207.674
218.967
231.031
243.912
257.657
272.314
287.935
304.569
322.271
341.092
361.082
382.291
404.758
428.514
453.574
479.926
507.514
536.217
565.808
595.902
625.878
654.763
681.003
702.172
714.802
714.143
692.269
639.926
544.404
64.4376
64.4596
64.5465
64.6991
64.9205
65.2112
65.5718
66.0037
66.5104
67.0964
67.7652
68.5197
69.3619
70.294
71.3192
72.4434
73.6739
75.0176
76.4806
78.0686
79.7881
81.6488
83.6624
85.8396
88.1908
90.7267
93.4607
96.4085
99.5857
103.008
106.692
110.657
114.923
119.511
124.444
129.744
135.437
141.548
148.107
155.141
162.682
170.762
179.413
188.672
198.576
209.163
220.473
232.549
245.434
259.173
273.814
289.403
305.99
323.622
342.347
362.21
383.251
405.502
428.981
453.688
479.592
506.613
534.6
563.292
592.258
620.833
647.997
672.158
690.873
700.813
697.649
673.426
620.309
530.78
65.022
65.0491
65.1415
65.3
65.5274
65.8246
66.1924
66.6328
67.1489
67.7449
68.4242
69.1897
70.0438
70.9889
72.0288
73.1691
74.4168
75.7785
77.2604
78.8686
80.6101
82.4944
84.5326
86.7354
89.1133
91.6776
94.4415
97.4203
100.629
104.084
107.803
111.803
116.105
120.729
125.699
131.036
136.766
142.915
149.51
156.581
164.156
172.268
180.949
190.235
200.161
210.765
222.086
234.165
247.043
260.764
275.371
290.91
307.424
324.957
343.551
363.243
384.065
406.037
429.165
453.43
478.781
505.113
532.242
559.869
587.522
614.49
639.718
661.583
677.652
684.806
679.091
652.336
599.488
520.434
65.6731
65.7063
65.8054
65.9706
66.2051
66.5099
66.8863
67.3362
67.8628
68.47
69.1611
69.939
70.8065
71.7663
72.8224
73.9805
75.247
76.6286
78.1314
79.7619
81.5275
83.4375
85.5026
87.7334
90.1405
92.7356
95.5318
98.544
101.787
105.278
109.033
113.07
117.41
122.073
127.082
132.458
138.227
144.413
151.045
158.151
165.759
173.901
182.609
191.918
201.861
212.475
223.797
235.867
248.724
262.408
276.961
292.422
308.832
326.228
344.646
364.114
384.653
406.272
428.961
452.683
477.361
502.864
528.977
555.361
581.504
606.658
629.741
649.113
662.394
666.721
658.422
629.335
577.671
66.3967
66.4374
66.5443
66.7175
66.9604
67.2742
67.6604
68.1212
68.6597
69.2794
69.9837
70.7756
71.658
72.6342
73.7083
74.8859
76.1731
77.5765
79.1023
80.7573
82.5491
84.487
86.5813
88.8424
91.2813
93.9095
96.7404
99.7884
103.069
106.597
110.39
114.467
118.847
123.55
128.598
134.014
139.822
146.046
152.714
159.853
167.492
175.661
184.391
193.714
203.666
214.279
225.59
237.635
250.451
264.075
278.545
293.896
310.162
327.375
345.561
364.741
384.922
406.099
428.246
451.306
475.177
499.699
524.624
549.578
574.014
597.156
617.904
634.622
645.03
646.543
635.693
604.681
553.933
67.1985
67.2482
67.3646
67.5473
67.8002
68.1245
68.522
68.9952
69.547
70.1808
70.8999
71.7075
72.6067
73.6011
74.695
75.8939
77.2037
78.6309
80.1819
81.8637
83.6839
85.6519
87.7776
90.0714
92.5443
95.2081
98.0758
101.162
104.481
108.049
111.883
116
120.421
125.165
130.254
135.709
141.555
147.815
154.517
161.686
169.35
177.539
186.283
195.613
205.56
216.158
227.439
239.438
252.188
265.723
280.074
295.272
311.346
328.319
346.207
365.021
384.755
405.389
426.878
449.143
472.058
495.436
518.997
542.335
564.874
585.824
604.08
618.035
625.551
624.321
611.043
578.505
528.896
68.084
68.1448
68.2726
68.4667
68.7313
69.0679
69.4785
69.9658
70.5326
71.1822
71.9179
72.743
73.661
74.6755
75.7911
77.0132
78.3476
79.8007
81.379
83.0897
84.9405
86.9407
89.1
91.4287
93.9377
96.639
99.5455
102.671
106.031
109.64
113.515
117.675
122.137
126.922
132.05
137.543
143.424
149.718
156.448
163.641
171.324
179.524
188.271
197.592
207.519
218.082
229.311
241.236
253.887
267.294
281.483
296.478
312.3
328.963
346.476
364.834
384.019
403.995
424.696
446.023
467.827
489.892
511.913
533.456
553.93
572.541
588.192
599.338
604.015
600.172
584.672
551.071
502.753
69.0582
69.1326
69.274
69.4817
69.7602
70.1112
70.5371
71.0403
71.624
72.2913
73.0456
73.8902
74.8289
75.8656
77.0049
78.2521
79.6132
81.0942
82.7019
84.4436
86.3271
88.3614
90.5561
92.9216
95.4686
98.2091
101.156
104.322
107.723
111.374
115.291
119.492
123.995
128.818
133.984
139.512
145.424
151.744
158.496
165.705
173.395
181.594
190.327
199.623
209.508
220.01
231.156
242.972
255.485
268.717
282.689
297.419
312.919
329.193
346.239
364.039
382.562
401.753
421.529
441.769
462.302
482.89
503.205
522.798
541.069
557.235
570.228
578.588
580.543
574.278
556.831
522.622
475.84
70.1251
70.2161
70.3741
70.5979
70.893
71.2608
71.7041
72.2256
72.8283
73.5154
74.2904
75.1567
76.1183
77.1792
78.3441
79.6185
81.008
82.519
84.1581
85.9326
87.8504
89.9205
92.1523
94.5559
97.1422
99.9228
102.91
106.118
109.561
113.253
117.21
121.45
125.991
130.85
136.048
141.605
147.542
153.881
160.644
167.855
175.538
183.717
192.417
201.662
211.476
221.885
232.91
244.575
256.899
269.9
283.593
297.985
313.081
328.875
345.353
362.483
380.22
398.493
417.201
436.205
455.314
474.273
492.74
510.256
526.231
539.901
550.246
555.913
555.328
546.888
527.829
493.444
448.404
71.2878
71.399
71.5768
71.8199
72.1344
72.522
72.9854
73.5276
74.1517
74.861
75.6589
76.5491
77.5357
78.6228
79.8154
81.1188
82.5386
84.0812
85.7533
87.5621
89.5157
91.6227
93.8924
96.3349
98.9609
101.782
104.81
108.058
111.54
115.272
119.267
123.543
128.117
133.006
138.229
143.806
149.757
156.101
162.861
170.058
177.714
185.85
194.489
203.652
213.361
223.636
234.495
245.956
258.033
270.737
284.074
298.046
312.647
327.86
343.658
360
376.823
394.044
411.544
429.171
446.719
463.922
480.429
495.788
509.423
520.606
528.38
531.512
528.62
518.296
497.996
463.833
420.712
72.5475
72.683
72.8847
73.1507
73.4881
73.8985
74.3851
74.9508
75.5989
76.3328
77.156
78.0724
79.0861
80.2016
81.4236
82.7576
84.2092
85.7848
87.4911
89.3352
91.3252
93.4695
95.7773
98.2584
100.923
103.783
106.85
110.136
113.655
117.421
121.45
125.755
130.355
135.265
140.503
146.088
152.037
158.371
165.108
172.268
179.87
187.934
196.478
205.522
215.082
225.174
235.811
247.007
258.768
271.098
283.998
297.458
311.463
325.987
340.992
356.423
372.207
388.246
404.411
420.538
436.414
451.765
466.246
479.415
490.725
499.492
504.834
505.642
500.719
488.83
467.668
434.079
393.009
73.9034
74.0681
74.2981
74.5913
74.9554
75.3922
75.9052
76.4975
77.1724
77.9335
78.7845
79.7293
80.7721
81.9176
83.1706
84.5365
86.0211
87.6305
89.3714
91.251
93.2771
95.4581
97.8029
100.321
103.023
105.919
109.02
112.34
115.89
119.685
123.738
128.064
132.678
137.596
142.835
148.41
154.339
160.64
167.328
174.422
181.939
189.893
198.302
207.18
216.539
226.39
236.743
247.603
258.971
270.844
283.214
296.064
309.37
323.095
337.192
351.596
366.224
380.967
395.691
410.223
424.349
437.797
450.232
461.234
470.29
476.768
479.87
478.609
471.956
458.835
437.175
404.462
365.529
75.3524
75.5516
75.8151
76.1399
76.535
77.0022
77.5451
78.1671
78.8718
79.6627
80.5438
81.519
82.5928
83.7697
85.0548
86.4533
87.9711
89.6142
91.3894
93.3036
95.3644
97.5801
99.9591
102.511
105.245
108.172
111.303
114.649
118.222
122.035
126.102
130.435
135.049
139.958
145.177
150.721
156.605
162.844
169.452
176.444
183.835
191.636
199.86
208.517
217.615
227.161
237.157
247.604
258.496
269.823
281.569
293.709
306.212
319.033
332.116
345.389
358.761
372.119
385.323
398.201
410.541
422.081
432.502
441.411
448.337
452.702
453.796
450.747
442.681
428.658
406.839
375.258
338.513
76.8889
77.1285
77.4306
77.792
78.2225
78.724
79.3005
79.9555
80.6927
81.5159
82.4291
83.4364
84.5424
85.7516
87.0691
88.5002
90.0506
91.7263
93.534
95.4803
97.5728
99.8193
102.228
104.808
107.568
110.518
113.669
117.031
120.615
124.433
128.498
132.82
137.414
142.292
147.466
152.951
158.758
164.9
171.39
178.239
185.456
193.052
201.035
209.41
218.181
227.349
236.912
246.864
257.193
267.883
278.911
290.247
301.852
313.674
325.653
337.71
349.752
361.664
373.307
384.512
395.076
404.751
413.238
420.177
425.14
427.609
426.95
422.406
413.238
398.625
376.951
346.727
312.208
78.5053
78.7906
79.1366
79.5394
80.0096
80.5494
81.163
81.8539
82.6261
83.4835
84.4303
85.4708
86.6094
87.8508
89.2
90.6624
92.2434
93.9492
95.7858
97.7601
99.879
102.15
104.581
107.181
109.957
112.92
116.078
119.441
123.02
126.826
130.868
135.157
139.706
144.524
149.624
155.014
160.707
166.712
173.038
179.693
186.684
194.017
201.696
209.722
218.095
226.81
235.861
245.235
254.917
264.885
275.11
285.556
296.181
306.929
317.735
328.521
339.191
349.634
359.713
369.269
378.11
386.005
392.681
397.812
401.009
401.818
399.672
393.925
383.948
369.019
347.742
319.052
286.748
80.1922
80.528
80.9224
81.3707
81.8846
82.4659
83.1193
83.8484
84.6574
85.5502
86.5312
87.6045
88.7749
90.0471
91.426
92.9167
94.5247
96.2556
98.1157
100.111
102.249
104.536
106.979
109.586
112.366
115.326
118.475
121.821
125.375
129.144
133.138
137.367
141.84
146.565
151.552
156.809
162.344
168.163
174.274
180.681
187.387
194.395
201.704
209.313
217.215
225.403
233.865
242.586
251.543
260.713
270.062
279.552
289.136
298.758
308.354
317.843
327.136
336.122
344.676
352.647
359.857
366.096
371.117
374.627
376.279
375.67
372.304
365.631
355.111
340.099
319.416
292.348
262.052
81.9392
82.3289
82.7747
83.2714
83.8313
84.4564
85.1512
85.9196
86.7657
87.6937
88.7078
89.8125
91.0123
92.3118
93.7159
95.2296
96.8583
98.6075
100.483
102.49
104.635
106.926
109.367
111.967
114.732
117.671
120.789
124.095
127.597
131.303
135.219
139.353
143.714
148.307
153.139
158.217
163.545
169.128
174.969
181.069
187.43
194.049
200.923
208.046
215.41
223.002
230.807
238.807
246.977
255.289
263.71
272.199
280.709
289.185
297.562
305.765
313.708
321.29
328.391
334.874
340.578
345.313
348.857
350.945
351.28
349.496
345.169
337.832
327.017
312.144
292.255
266.882
238.245
83.7355
84.1798
84.6779
85.2238
85.8304
86.4992
87.2351
88.0419
88.9236
89.8846
90.9289
92.0609
93.2851
94.6061
96.0287
97.5576
99.1978
100.954
102.833
104.839
106.977
109.255
111.677
114.25
116.98
119.872
122.935
126.173
129.593
133.201
137.004
141.006
145.213
149.631
154.263
159.112
164.182
169.475
174.99
180.726
186.681
192.851
199.229
205.806
212.57
219.508
226.602
233.831
241.169
248.588
256.052
263.522
270.953
278.291
285.474
292.434
299.089
305.347
311.098
316.218
320.563
323.962
326.216
327.094
326.33
323.603
318.554
310.79
299.9
285.377
266.522
243.107
216.335
85.5674
86.0647
86.6131
87.2064
87.8574
88.5675
89.3416
90.1831
91.0962
92.0851
93.1537
94.3064
95.5474
96.8811
98.312
99.8447
101.484
103.234
105.1
107.087
109.201
111.445
113.825
116.346
119.014
121.834
124.81
127.947
131.251
134.726
138.375
142.204
146.215
150.411
154.795
159.367
164.127
169.077
174.212
179.53
185.026
190.693
196.522
202.503
208.623
214.865
221.211
227.639
234.124
240.636
247.143
253.605
259.98
266.218
272.262
278.049
283.504
288.542
293.067
296.966
300.11
302.348
303.499
303.368
301.712
298.257
292.695
284.696
273.89
259.843
242.14
220.835
196.599
87.4145
87.9604
88.5545
89.1906
89.881
90.6271
91.4333
92.303
93.2403
94.2488
95.3327
96.4959
97.7425
99.0766
100.502
102.024
103.646
105.372
107.206
109.154
111.218
113.405
115.717
118.159
120.735
123.449
126.305
129.307
132.456
135.758
139.214
142.826
146.596
150.526
154.614
158.861
163.265
167.823
172.532
177.385
182.378
187.501
192.744
198.096
203.542
209.066
214.649
220.269
225.903
231.522
237.094
242.585
247.954
253.155
258.138
262.843
267.204
271.145
274.579
277.407
279.513
280.756
280.994
280.038
277.681
273.686
267.791
259.708
249.104
235.618
219.017
199.168
175.068
145.33
89.2414
89.8297
90.4627
91.1347
91.8571
92.6311
93.4607
94.3492
95.3003
96.3174
97.4043
98.5646
99.8022
101.121
102.524
104.016
105.6
107.281
109.061
110.944
112.934
115.035
117.25
119.582
122.033
124.608
127.308
130.136
133.093
136.182
139.403
142.757
146.245
149.865
153.616
157.497
161.503
165.632
169.878
174.234
178.693
183.246
187.882
192.588
197.352
202.157
206.984
211.813
216.621
221.382
226.068
230.645
235.078
239.324
243.339
247.068
250.453
253.426
255.91
257.816
259.036
259.46
258.947
257.337
254.449
250.079
244.002
235.965
225.68
212.87
197.365
178.827
156.307
131.1
90.9868
91.6106
92.2746
92.9744
93.7196
94.5117
95.3542
96.2501
97.2025
98.2147
99.29
100.432
101.643
102.928
104.289
105.73
107.254
108.865
110.565
112.357
114.244
116.23
118.316
120.504
122.798
125.198
127.707
130.325
133.053
135.892
138.842
141.902
145.071
148.347
151.727
155.21
158.79
162.463
166.223
170.062
173.974
177.948
181.974
186.04
190.133
194.237
198.335
202.408
206.436
210.395
214.258
217.996
221.577
224.963
228.112
230.979
233.51
235.645
237.316
238.439
238.929
238.68
237.57
235.458
232.189
227.585
221.451
213.569
203.696
191.61
177.152
159.957
139.411
117.103
92.554
93.2064
93.8936
94.6128
95.3717
96.1717
97.0158
97.9067
98.8472
99.8402
100.889
101.995
103.163
104.395
105.694
107.062
108.503
110.02
111.614
113.288
115.044
116.885
118.812
120.827
122.931
125.125
127.41
129.786
132.254
134.812
137.46
140.196
143.019
145.926
148.913
151.978
155.116
158.321
161.587
164.908
168.274
171.678
175.11
178.557
182.007
185.447
188.861
192.231
195.538
198.762
201.879
204.862
207.683
210.308
212.7
214.817
216.614
218.037
219.022
219.501
219.395
218.609
217.036
214.557
211.033
206.313
200.228
192.591
183.198
171.866
158.452
142.645
124.044
104.048
93.8054
94.4809
95.1841
95.9147
96.6784
97.4765
98.3115
99.1859
100.102
101.062
102.069
103.125
104.232
105.394
106.612
107.888
109.226
110.626
112.092
113.625
115.226
116.897
118.64
120.456
122.345
124.307
126.344
128.454
130.637
132.892
135.218
137.613
140.074
142.599
145.185
147.826
150.52
153.26
156.04
158.854
161.694
164.552
167.419
170.283
173.134
175.959
178.744
181.473
184.13
186.695
189.148
191.465
193.62
195.583
197.322
198.801
199.979
200.804
201.224
201.18
200.597
199.395
197.48
194.746
191.076
186.337
180.385
173.06
164.192
153.627
141.244
126.791
109.972
91.9554
94.5745
95.2649
95.9776
96.7124
97.4722
98.2592
99.0757
99.9234
100.804
101.721
102.674
103.667
104.701
105.778
106.901
108.07
109.289
110.558
111.879
113.254
114.683
116.169
117.711
119.311
120.969
122.684
124.458
126.289
128.176
130.119
132.115
134.164
136.261
138.405
140.593
142.819
145.081
147.372
149.688
152.021
154.366
156.714
159.057
161.386
163.69
165.958
168.178
170.335
172.414
174.4
176.272
178.01
179.591
180.989
182.176
183.119
183.78
184.114
184.08
183.618
182.665
181.151
178.995
176.104
172.375
167.696
161.943
154.98
146.664
136.866
125.488
112.325
97.1406
80.9206
94.6899
95.3837
96.0948
96.8237
97.5712
98.339
99.1279
99.94
100.777
101.64
102.532
103.453
104.405
105.389
106.408
107.462
108.553
109.683
110.852
112.061
113.313
114.606
115.942
117.322
118.745
120.212
121.722
123.274
124.868
126.503
128.177
129.888
131.633
133.411
135.219
137.051
138.906
140.777
142.661
144.55
146.441
148.324
150.193
152.04
153.855
155.628
157.348
159.003
160.58
162.063
163.436
164.68
165.774
166.697
167.423
167.923
168.159
168.102
167.705
166.919
165.689
163.953
161.64
158.672
154.957
150.4
144.895
138.327
130.575
121.533
111.12
99.1697
85.4881
70.9087
94.0034
94.687
95.3827
96.093
96.8173
97.5553
98.3078
99.0765
99.8623
100.666
101.489
102.333
103.199
104.087
104.999
105.936
106.9
107.89
108.908
109.954
111.03
112.136
113.273
114.44
115.637
116.865
118.124
119.412
120.729
122.074
123.445
124.841
126.26
127.699
129.156
130.628
132.111
133.601
135.094
136.585
138.069
139.538
140.988
142.41
143.796
145.138
146.425
147.647
148.792
149.847
150.797
151.625
152.314
152.843
153.191
153.328
153.229
152.861
152.183
151.154
149.726
147.843
145.446
142.464
138.821
134.433
129.211
123.059
115.873
107.566
98.0723
87.2557
74.9569
61.8804
92.4181
93.0782
93.746
94.424
95.1106
95.8072
96.5142
97.2316
97.9587
98.6972
99.4484
100.212
100.99
101.782
102.59
103.413
104.254
105.111
105.986
106.88
107.793
108.725
109.676
110.648
111.639
112.649
113.679
114.727
115.794
116.878
117.977
119.092
120.219
121.357
122.503
123.655
124.811
125.966
127.116
128.258
129.387
130.498
131.584
132.64
133.658
134.631
135.55
136.406
137.187
137.883
138.481
138.965
139.32
139.529
139.572
139.423
139.061
138.452
137.566
136.363
134.802
132.837
130.412
127.47
123.943
119.761
114.847
109.119
102.492
94.8927
86.2684
76.5081
65.4804
53.7786
89.9093
90.5338
91.1625
91.7972
92.4367
93.0817
93.7321
94.3886
95.0518
95.722
96.3977
97.0802
97.7707
98.4692
99.1762
99.8922
100.617
101.353
102.098
102.853
103.619
104.395
105.183
105.981
106.79
107.61
108.44
109.28
110.129
110.987
111.852
112.723
113.599
114.478
115.358
116.237
117.113
117.982
118.841
119.687
120.516
121.323
122.103
122.851
123.561
124.226
124.838
125.389
125.871
126.272
126.582
126.788
126.875
126.829
126.631
126.261
125.698
124.913
123.878
122.56
120.923
118.926
116.522
113.661
110.285
106.334
101.742
96.4412
90.3602
83.4369
75.6297
66.8503
56.9891
46.543
86.5305
87.1101
87.6908
88.2741
88.8589
89.4458
90.0348
90.6261
91.2199
91.8162
92.4157
93.0185
93.6238
94.2319
94.8439
95.4595
96.0791
96.7028
97.3308
97.9631
98.5997
99.2407
99.8861
100.536
101.189
101.846
102.507
103.171
103.837
104.505
105.173
105.841
106.508
107.171
107.83
108.483
109.126
109.759
110.378
110.98
111.561
112.119
112.648
113.144
113.601
114.015
114.378
114.684
114.923
115.089
115.17
115.156
115.033
114.789
114.409
113.875
113.165
112.256
111.125
109.741
108.075
106.089
103.744
100.996
97.7961
94.0929
89.8311
84.9531
79.3994
73.118
66.0761
58.2048
49.4116
40.1103
82.402
82.9302
83.4574
83.9842
84.5102
85.0356
85.5605
86.085
86.6091
87.1329
87.6566
88.1801
88.7037
89.2273
89.7506
90.2739
90.7974
91.321
91.8448
92.3687
92.8927
93.4165
93.94
94.4631
94.9853
95.5065
96.0261
96.5437
97.0586
97.5702
98.0776
98.5799
99.0759
99.5645
100.044
100.513
100.97
101.412
101.837
102.243
102.626
102.984
103.312
103.608
103.865
104.08
104.247
104.359
104.41
104.392
104.296
104.114
103.834
103.443
102.929
102.279
101.469
100.483
99.2987
97.8907
96.2319
94.2915
92.0352
89.425
86.4198
82.9751
79.0445
74.5799
69.5314
63.856
57.5273
50.4941
42.6769
34.417
77.6874
78.1612
78.6323
79.1008
79.5667
80.0301
80.4911
80.9497
81.4059
81.8598
82.3114
82.7606
83.2074
83.652
84.0942
84.5338
84.9709
85.4055
85.8374
86.2667
86.6929
87.1161
87.5358
87.9519
88.364
88.7716
89.1744
89.5718
89.9632
90.3478
90.725
91.0937
91.453
91.8017
92.1385
92.462
92.7705
93.0623
93.3353
93.5873
93.8157
94.0177
94.1903
94.33
94.4329
94.4948
94.511
94.476
94.3841
94.2285
94.0021
93.6967
93.3026
92.8086
92.2039
91.4782
90.6099
89.5842
88.3824
86.9833
85.363
83.495
81.3498
78.8952
76.0959
72.9144
69.3114
65.2466
60.6788
55.572
49.9052
43.6414
36.7137
29.401
72.5666
72.9856
73.4008
73.8116
74.2187
74.622
75.0216
75.4175
75.8095
76.1978
76.5823
76.963
77.3399
77.7128
78.0817
78.4464
78.8069
79.1632
79.515
79.8621
80.2044
80.5416
80.8734
81.1994
81.5194
81.8328
82.1393
82.4382
82.7289
83.0109
83.2832
83.5451
83.7956
84.0337
84.2581
84.4676
84.6607
84.8358
84.9912
85.1247
85.2344
85.3177
85.3719
85.3941
85.381
85.3288
85.2335
85.0906
84.8949
84.6406
84.3217
83.9311
83.4604
82.8998
82.24
81.4723
80.578
79.5437
78.3537
76.9899
75.4317
73.6563
71.6387
69.3512
66.7639
63.8451
60.5617
56.8801
52.7662
48.1901
43.1352
37.5752
31.4557
25.0024
67.2153
67.5813
67.9429
68.2989
68.6505
68.9974
69.3397
69.6774
70.0104
70.3388
70.6625
70.9812
71.2951
71.6041
71.908
72.2068
72.5003
72.7884
73.0708
73.3475
73.618
73.8823
74.1399
74.3906
74.6339
74.8694
75.0967
75.3152
75.5244
75.7235
75.912
76.0888
76.2533
76.4043
76.5409
76.6619
76.7659
76.8515
76.9172
76.9611
76.9814
76.976
76.9424
76.8782
76.7804
76.6459
76.471
76.252
75.9844
75.6632
75.2831
74.8382
74.3212
73.7238
73.0374
72.255
71.3607
70.3422
69.1866
67.8782
66.3996
64.7312
62.8516
60.7375
58.3634
55.7026
52.7273
49.4095
45.7212
41.6377
37.1457
32.2272
26.8378
21.161
61.7849
62.1017
62.4137
62.7193
63.0201
63.3156
63.606
63.8912
64.1712
64.446
64.7154
64.9795
65.2381
65.4912
65.7386
65.9803
66.2159
66.4455
66.6688
66.8856
67.0957
67.2987
67.4944
67.6825
67.8626
68.0342
68.1969
68.3503
68.4937
68.6265
68.7481
68.8578
68.9546
69.0378
69.1064
69.1592
69.1952
69.213
69.2113
69.1884
69.1427
69.0724
68.9754
68.8493
68.6918
68.5
68.271
68.0012
67.687
67.324
66.9076
66.4327
65.8932
65.282
64.5914
63.8154
62.941
61.9567
60.8519
59.6135
58.2264
56.6739
54.9381
52.9989
50.835
48.4239
45.7423
42.767
39.475
35.8459
31.8692
27.533
22.8017
17.8226
56.4063
56.6785
56.9455
57.206
57.4613
57.7111
57.9555
58.1944
58.4278
58.6557
58.8779
59.0945
59.3053
59.5102
59.7091
59.9019
60.0884
60.2685
60.442
60.6086
60.7682
60.9204
61.065
61.2016
61.33
61.4497
61.5602
61.6612
61.7521
61.8323
61.9012
61.9582
62.0025
62.0334
62.0498
62.0509
62.0357
62.0029
61.9513
61.8797
61.7864
61.6699
61.5283
61.3597
61.1619
60.9324
60.6687
60.3679
60.0265
59.641
59.2074
58.7211
58.1773
57.5697
56.8917
56.1375
55.2975
54.3604
53.3179
52.1588
50.8702
49.4382
47.8473
46.0808
44.1207
41.948
39.5435
36.8877
33.9619
30.7495
27.2419
23.4319
19.2918
14.9375
51.1703
51.4033
51.631
51.8521
52.068
52.2783
52.483
52.6822
52.8758
53.0637
53.2459
53.4223
53.5927
53.7572
53.9155
54.0677
54.2134
54.3525
54.4849
54.6104
54.7287
54.8397
54.9429
55.0381
55.1251
55.2033
55.2725
55.3322
55.382
55.4212
55.4494
55.466
55.4702
55.4614
55.4388
55.4015
55.3486
55.2791
55.1919
55.0857
54.9593
54.8113
54.64
54.4438
54.2207
53.9686
53.6853
53.3683
53.0146
52.6212
52.1846
51.7009
51.1659
50.5747
49.9211
49.1996
48.4038
47.5226
46.5494
45.4748
44.2879
42.9769
41.5288
39.9295
38.1638
36.216
34.07
31.7097
29.1199
26.2871
23.2044
19.8675
16.2561
12.4592
46.1518
46.3512
46.5454
46.7331
46.9155
47.0924
47.2638
47.4296
47.5898
47.7444
47.8933
48.0363
48.1735
48.3048
48.4299
48.5488
48.6613
48.7673
48.8667
48.9591
49.0445
49.1226
49.193
49.2557
49.3102
49.3562
49.3933
49.4212
49.4395
49.4476
49.4451
49.4315
49.406
49.3682
49.3172
49.2524
49.1729
49.0778
48.9661
48.8369
48.6889
48.5209
48.3315
48.1192
47.8824
47.6193
47.3278
47.0058
46.6509
46.2604
45.8312
45.3602
44.8436
44.2772
43.656
42.9752
42.229
41.4087
40.5083
39.52
38.4345
37.2421
35.9316
34.4914
32.9088
31.1706
29.2634
27.174
24.89
22.4006
19.7002
16.786
13.6449
10.3435
41.3809
41.5527
41.7195
41.88
42.0354
42.1854
42.33
42.4693
42.603
42.7312
42.8539
42.9708
43.082
43.1873
43.2866
43.3798
43.4668
43.5475
43.6215
43.6889
43.7493
43.8026
43.8485
43.8868
43.9172
43.9394
43.953
43.9578
43.9533
43.9391
43.9148
43.8798
43.8338
43.7759
43.7058
43.6226
43.5258
43.4144
43.2876
43.1446
42.9842
42.8055
42.6072
42.388
42.1466
41.8812
41.5903
41.2719
40.924
40.5442
40.13
39.6786
39.1869
38.6512
38.0676
37.4316
36.7383
35.9808
35.1538
34.2507
33.2639
32.185
31.005
29.7139
28.3013
26.7561
25.0672
23.2238
21.2158
19.0347
16.6757
14.1374
11.4123
8.54954
36.9006
37.0505
37.1955
37.3345
37.4686
37.5974
37.7212
37.8396
37.9528
38.0607
38.1631
38.2601
38.3515
38.4372
38.5171
38.5911
38.6591
38.721
38.7765
38.8255
38.8678
38.9033
38.9317
38.9527
38.9662
38.9718
38.9693
38.9583
38.9385
38.9095
38.8708
38.8222
38.7631
38.6929
38.6112
38.5174
38.4108
38.2907
38.1564
38.0071
37.8419
37.6599
37.46
37.2411
37.0019
36.7412
36.4574
36.1489
35.8139
35.4506
35.0566
34.6296
34.1669
33.6656
33.1221
32.5329
31.8935
31.1985
30.4434
29.6226
28.7298
27.758
26.6995
25.5463
24.2894
22.9199
21.4285
19.8062
18.0449
16.1376
14.0807
11.8734
9.51307
7.0348
32.6798
32.814
32.9438
33.068
33.1877
33.3024
33.4124
33.5173
33.6173
33.7122
33.8019
33.8864
33.9655
34.0392
34.1073
34.1697
34.2263
34.277
34.3216
34.3599
34.3917
34.4169
34.4353
34.4467
34.4507
34.4472
34.4359
34.4166
34.3888
34.3522
34.3066
34.2514
34.1864
34.111
34.0247
33.9271
33.8176
33.6956
33.5604
33.4113
33.2476
33.0684
32.8729
32.66
32.4288
32.178
31.9063
31.6125
31.2949
30.9519
30.5817
30.1821
29.751
29.2858
28.7836
28.2413
27.6552
27.021
26.3347
25.5917
24.7868
23.9142
22.9676
21.9401
20.8245
19.6132
18.2987
16.8736
15.331
13.6655
11.874
9.95546
7.91032
5.76171
28.7739
28.8978
29.0174
29.132
29.2421
29.3477
29.4486
29.5449
29.6365
29.7233
29.8052
29.8821
29.9539
30.0206
30.082
30.138
30.1885
30.2334
30.2724
30.3055
30.3324
30.353
30.3671
30.3744
30.3749
30.3681
30.3539
30.3321
30.3022
30.264
30.2172
30.1615
30.0964
30.0215
29.9364
29.8407
29.7339
29.6153
29.4846
29.3409
29.1838
29.0123
28.8259
28.6236
28.4045
28.1676
27.9118
27.636
27.3388
27.0188
26.6744
26.3039
25.9053
25.4766
25.0154
24.5189
23.9841
23.4074
22.7856
22.1149
21.3908
20.6086
19.7631
18.8486
17.8592
16.7888
15.6311
14.38
13.0303
11.5777
10.0196
8.35488
6.58448
4.72133
25.0516
25.1729
25.2906
25.404
25.5137
25.6194
25.7211
25.8186
25.9117
26.0005
26.0847
26.1642
26.2389
26.3087
26.3734
26.4329
26.487
26.5356
26.5785
26.6155
26.6465
26.6713
26.6897
26.7015
26.7065
26.7044
26.6951
26.6782
26.6536
26.6209
26.5798
26.5301
26.4713
26.4032
26.3253
26.2373
26.1387
26.029
25.9078
25.7744
25.6284
25.4691
25.2958
25.1078
24.9043
24.6844
24.4472
24.1917
23.9168
23.6212
23.3036
22.9626
22.5964
22.2034
21.7815
21.3284
20.8417
20.3183
19.7556
19.1504
18.4991
17.7977
17.042
16.2273
15.3488
14.4013
13.3799
12.2798
11.0965
9.82725
8.4703
7.02638
5.50135
3.9088
21.6837
21.808
21.9287
22.0454
22.1583
22.2674
22.3726
22.4738
22.5709
22.6638
22.7524
22.8366
22.9162
22.9912
23.0614
23.1266
23.1868
23.2417
23.2913
23.3353
23.3736
23.4059
23.4322
23.4521
23.4655
23.4721
23.4718
23.4642
23.449
23.4262
23.3952
23.3559
23.3079
23.2508
23.1844
23.1082
23.0218
22.9248
22.8168
22.6973
22.5657
22.4215
22.2641
22.0928
21.9071
21.7061
21.489
21.2549
21.003
20.7321
20.4411
20.1288
19.7938
19.4347
19.0496
18.6366
18.1938
17.7187
17.2091
16.6623
16.0753
15.4448
14.7674
14.0392
13.2563
12.4144
11.5094
10.5372
9.49441
8.37819
7.18678
5.92025
4.58168
3.17427
1.69648
18.271
18.4086
18.5447
18.6786
18.8104
18.9397
19.0663
19.19
19.3103
19.4272
19.5402
19.6491
19.7538
19.8538
19.9491
20.0393
20.1242
20.2036
20.2773
20.345
20.4065
20.4617
20.5102
20.5519
20.5865
20.6139
20.6338
20.646
20.6502
20.6463
20.6338
20.6126
20.5825
20.543
20.494
20.4351
20.3659
20.2861
20.1954
20.0933
19.9794
19.8532
19.7142
19.5619
19.3956
19.2148
19.0188
18.8068
18.578
18.3315
18.0663
17.7814
17.4756
17.1477
16.7962
16.4194
16.0157
15.5832
15.1199
14.6236
14.0917
13.5217
12.9106
12.2552
11.5524
10.7986
9.99047
9.1247
8.19845
7.20955
6.15666
5.04041
3.86343
2.62928
1.34772
15.4071
15.5733
15.7366
15.8963
16.0524
16.2049
16.3534
16.498
16.6384
16.7744
16.906
17.033
17.1551
17.2722
17.3843
17.491
17.5923
17.688
17.7779
17.8619
17.9398
18.0113
18.0764
18.1349
18.1865
18.2311
18.2683
18.2981
18.32
18.334
18.3396
18.3367
18.3249
18.3041
18.2737
18.2336
18.1833
18.1225
18.0508
17.9678
17.8731
17.7663
17.6469
17.5143
17.368
17.2076
17.0322
16.8414
16.6343
16.4103
16.1684
15.9078
15.6274
15.3263
15.0031
14.6565
14.2851
13.8873
13.4615
13.0058
12.518
11.9962
11.4377
10.8401
10.2007
9.51678
8.78549
8.00423
7.1708
6.28352
5.34149
4.3457
3.29858
2.20436
1.07067
11.8465
12.042
12.2411
12.4428
12.6463
12.851
13.0557
13.2593
13.4608
13.6597
13.8555
14.0476
14.2354
14.4186
14.5964
14.7687
14.9347
15.0943
15.2469
15.3921
15.5296
15.6592
15.7804
15.8928
15.9962
16.0904
16.1753
16.2508
16.3165
16.3721
16.4174
16.4518
16.475
16.4868
16.4871
16.4758
16.4524
16.4168
16.3689
16.3083
16.235
16.1487
16.0489
15.9355
15.8078
15.6656
15.5083
15.3354
15.1463
14.9405
14.7171
14.4756
14.2149
13.9343
13.6327
13.309
12.9619
12.5903
12.1926
11.7674
11.3129
10.8273
10.3086
9.75483
9.16369
8.53299
7.86051
7.14422
6.38238
5.57373
4.7178
3.81578
2.8699
1.88396
0.864072
9.56704
9.90536
10.2323
10.5485
10.8539
11.1487
11.4336
11.7088
11.9738
12.228
12.4718
12.705
12.9279
13.1405
13.3427
13.5348
13.7167
13.8884
14.0499
14.2014
14.3428
14.4739
14.5938
14.7031
14.8039
14.8971
14.9831
15.061
15.1285
15.1843
15.2284
15.2602
15.2804
15.2912
15.2936
15.2871
15.2709
15.2436
15.2055
15.1541
15.0903
15.0149
14.9269
14.8261
14.7117
14.5832
14.4401
14.2818
14.1076
13.9169
13.709
13.4833
13.2389
12.9751
12.6908
12.3853
12.0573
11.7058
11.3295
10.9272
10.4972
10.0382
9.54833
9.0259
8.46905
7.8759
7.2446
6.57345
5.86102
5.1063
4.3091
3.47021
2.59134
1.67657
0.73164
5.15515
5.57073
5.9839
6.3975
6.80876
7.21646
7.61945
8.01704
8.40841
8.7924
9.16807
9.53456
9.89109
10.237
10.5716
10.8945
11.2052
11.5031
11.788
12.0602
12.3184
12.5592
12.783
13.0004
13.2088
13.3995
13.5762
13.7407
13.8892
14.0209
14.1387
14.2428
14.3335
14.4112
14.474
14.5152
14.5419
14.5583
14.5603
14.5465
14.5159
14.4701
14.4082
14.3302
14.2359
14.1251
13.9976
13.8532
13.6914
13.5119
13.3143
13.098
12.8625
12.6072
12.3313
12.034
11.7143
11.3714
11.004
10.611
10.1911
9.74271
9.26443
8.75455
8.21138
7.63313
7.01805
6.36451
5.67112
4.93691
4.16183
3.34658
2.4926
1.60383
0.686082
)
;

boundaryField
{
    walls
    {
        type            zeroGradient;
    }
    frontAndBack
    {
        type            empty;
    }
    farfield
    {
        type            outletInlet;
        outletValue     uniform 0;
        value           nonuniform List<scalar> 
75
(
5.15515
5.57073
5.9839
6.3975
6.80876
7.21646
7.61945
8.01704
8.40841
8.7924
9.16807
9.53456
9.89109
10.237
10.5716
10.8945
11.2052
11.5031
11.788
12.0602
12.3184
12.5592
12.783
13.0004
13.2088
13.3995
13.5762
13.7407
13.8892
14.0209
14.1387
14.2428
14.3335
14.4112
14.474
14.5152
14.5419
14.5583
14.5603
14.5465
14.5159
14.4701
14.4082
14.3302
14.2359
14.1251
13.9976
13.8532
13.6914
13.5119
13.3143
13.098
12.8625
12.6072
12.3313
12.034
11.7143
11.3714
11.004
10.611
10.1911
9.74271
9.26443
8.75455
8.21138
7.63313
7.01805
6.36451
5.67112
4.93691
4.16183
3.34658
2.4926
1.60383
0.686082
)
;
    }
    procBoundary2to0
    {
        type            processor;
        value           nonuniform List<scalar> 
113
(
-2305.29
-2305.25
-2305.13
-2304.81
-2304.17
-2303.08
-2301.4
-2299.02
-2295.81
-2295.81
-3185.43
-3185.43
-3726.03
-3726.03
-3759.96
-3755.33
-3749.63
-3742.59
-3734.04
-3724.12
-3713.27
-3701.19
-3686.82
-3669.6
-3649.76
-3627.43
-3602.37
-3574.37
-3543.18
-3508.18
-3468.75
-3424.65
-3424.65
-3301.44
-3268.19
-3230.77
-3188.74
-3141.66
-3088.98
-3030.18
-2964.7
-2892
-2811.59
-2723.18
-2626.17
-2518.99
97.9131
-331.293
-813.196
-1302.86
-1743.65
-2405.55
-2062.22
97.9131
117.715
135.677
152.251
166.669
179.971
192.492
397.289
397.289
390.097
381.831
490.359
490.359
469.304
447.054
424.551
401.347
377.795
354.051
330.333
306.827
283.74
261.291
239.51
218.152
197.366
178.944
164.578
164.578
114.675
101.892
90.3093
79.8257
70.2269
61.4993
53.5972
46.4862
40.121
34.4544
29.4359
25.0147
21.1405
17.7645
14.8384
12.3152
10.1522
8.31201
6.7585
5.4574
4.3709
3.46449
2.74008
2.23045
2.23045
0.201973
0.0285596
-0.0965672
-0.183755
-0.236731
-0.253534
)
;
    }
    procBoundary2to3
    {
        type            processor;
        value           nonuniform List<scalar> 
108
(
61.677
61.677
61.677
61.677
61.677
61.6771
61.6773
61.6776
61.678
61.6787
61.6796
61.6808
61.6823
61.6843
61.6867
61.6896
61.6932
61.6974
61.7024
59.9964
60.0457
60.1617
60.3447
60.594
60.9052
61.2775
61.7084
61.7084
60.0077
60.0156
60.0249
60.0357
60.0485
60.0634
60.0808
60.1011
60.1248
60.1525
60.1847
60.2222
60.2222
60.316
60.3668
60.4256
60.4939
60.573
60.6646
60.7705
60.8926
61.033
61.1942
61.3767
61.5821
61.8135
62.0737
62.3664
62.6951
63.0641
63.4775
63.9403
64.4575
65.0341
65.6758
66.3879
67.1758
68.0444
68.998
70.0402
71.173
72.3969
73.7104
75.11
76.59
78.1438
79.7638
81.443
83.1745
84.9493
86.7511
88.5472
90.2771
91.8427
93.1002
93.8849
94.0207
93.3585
91.8001
89.3207
85.9745
81.8821
77.2075
72.1297
66.8226
61.4363
56.1005
50.9039
45.9208
41.1802
36.7251
32.5234
28.631
24.9153
21.5467
18.1252
15.2331
11.6521
9.21861
4.75649
)
;
    }
}


// ************************************************************************* //
