/*--------------------------------*- C++ -*----------------------------------*\
| =========                 |                                                 |
| \\      /  F ield         | OpenFOAM: The Open Source CFD Toolbox           |
|  \\    /   O peration     | Version:  2412                                  |
|   \\  /    A nd           | Website:  www.openfoam.com                      |
|    \\/     M anipulation  |                                                 |
\*---------------------------------------------------------------------------*/
FoamFile
{
    version     2.0;
    format      ascii;
    arch        "LSB;label=32;scalar=64";
    class       volScalarField;
    location    "200";
    object      p;
}
// * * * * * * * * * * * * * * * * * * * * * * * * * * * * * * * * * * * * * //

dimensions      [0 2 -2 0 0 0 0];

internalField   nonuniform List<scalar> 
7423
(
-2352.59
-3252.96
-3798.76
-3825.39
-3594.34
-3170.33
-2875.61
-2665.24
-2466.55
-2290.61
-2143.41
-2016.68
-1904.63
-1804.55
-1714.49
-1632.63
-1557.76
-1488.89
-1425.27
-1366.28
-1311.35
-1260.04
-1211.92
-1166.64
-1123.9
-1083.44
-1045.03
-1008.47
-973.59
-940.242
-908.298
-877.645
-848.184
-819.831
-792.505
-766.144
-740.681
-716.07
-692.259
-669.204
-646.868
-625.215
-604.213
-583.836
-564.047
-544.842
-526.149
-508.035
-490.382
-473.23
-456.516
-440.299
-424.482
-409.085
-394.072
-379.469
-365.23
-351.334
-337.777
-324.559
-311.659
-299.064
-286.745
-274.71
-262.951
-251.451
-240.2
-229.192
-218.399
-207.825
-197.472
-187.328
-177.383
-167.639
-158.068
-148.651
-2352.55
-3252.96
-3798.72
-3825.37
-3594.33
-3170.33
-2875.61
-2665.23
-2466.55
-2290.61
-2143.41
-2016.68
-1904.63
-1804.55
-1714.49
-1632.63
-1557.76
-1488.89
-1425.27
-1366.28
-1311.35
-1260.04
-1211.92
-1166.64
-1123.9
-1083.44
-1045.03
-1008.47
-973.59
-940.242
-908.298
-877.645
-848.184
-819.831
-792.505
-766.144
-740.681
-716.07
-692.259
-669.204
-646.868
-625.215
-604.213
-583.836
-564.047
-544.841
-526.149
-508.035
-490.382
-473.23
-456.516
-440.299
-424.482
-409.085
-394.072
-379.469
-365.229
-351.334
-337.777
-324.559
-311.659
-299.063
-286.745
-274.71
-262.951
-251.451
-240.2
-229.192
-218.399
-207.825
-197.472
-187.328
-177.383
-167.639
-158.068
-148.651
-2352.42
-3252.8
-3798.57
-3825.29
-3594.28
-3170.32
-2875.6
-2665.22
-2466.55
-2290.6
-2143.41
-2016.68
-1904.63
-1804.55
-1714.49
-1632.63
-1557.76
-1488.89
-1425.27
-1366.28
-1311.35
-1260.04
-1211.92
-1166.64
-1123.9
-1083.44
-1045.03
-1008.47
-973.59
-940.242
-908.298
-877.645
-848.184
-819.831
-792.505
-766.144
-740.681
-716.07
-692.258
-669.204
-646.868
-625.215
-604.213
-583.836
-564.047
-544.841
-526.149
-508.034
-490.382
-473.23
-456.516
-440.299
-424.482
-409.085
-394.072
-379.469
-365.229
-351.334
-337.777
-324.559
-311.659
-299.063
-286.745
-274.71
-262.951
-251.451
-240.2
-229.192
-218.399
-207.825
-197.472
-187.328
-177.383
-167.639
-158.068
-148.651
-2352.09
-3252.39
-3798.22
-3825.08
-3594.18
-3170.28
-2875.58
-2665.21
-2466.54
-2290.6
-2143.4
-2016.67
-1904.63
-1804.55
-1714.49
-1632.63
-1557.76
-1488.89
-1425.27
-1366.28
-1311.35
-1260.04
-1211.92
-1166.64
-1123.9
-1083.44
-1045.03
-1008.47
-973.589
-940.242
-908.298
-877.644
-848.184
-819.831
-792.505
-766.144
-740.681
-716.07
-692.258
-669.204
-646.867
-625.215
-604.213
-583.836
-564.047
-544.841
-526.149
-508.034
-490.382
-473.23
-456.516
-440.299
-424.482
-409.085
-394.072
-379.469
-365.229
-351.334
-337.777
-324.559
-311.659
-299.063
-286.745
-274.71
-262.951
-251.451
-240.2
-229.192
-218.399
-207.825
-197.472
-187.328
-177.383
-167.639
-158.067
-148.651
-2351.44
-3251.61
-3797.55
-3824.67
-3593.97
-3170.18
-2875.53
-2665.17
-2466.52
-2290.58
-2143.4
-2016.67
-1904.63
-1804.55
-1714.48
-1632.63
-1557.76
-1488.89
-1425.27
-1366.28
-1311.35
-1260.04
-1211.92
-1166.64
-1123.9
-1083.44
-1045.03
-1008.47
-973.589
-940.241
-908.298
-877.644
-848.183
-819.831
-792.505
-766.144
-740.681
-716.07
-692.258
-669.204
-646.867
-625.215
-604.213
-583.836
-564.047
-544.841
-526.149
-508.034
-490.382
-473.23
-456.516
-440.299
-424.482
-409.085
-394.072
-379.468
-365.229
-351.333
-337.777
-324.559
-311.659
-299.063
-286.745
-274.71
-262.951
-251.45
-240.199
-229.191
-218.399
-207.825
-197.472
-187.328
-177.383
-167.639
-158.067
-148.651
-2350.32
-3250.29
-3796.42
-3823.98
-3593.59
-3169.99
-2875.42
-2665.11
-2466.48
-2290.56
-2143.38
-2016.66
-1904.62
-1804.54
-1714.48
-1632.63
-1557.76
-1488.89
-1425.27
-1366.27
-1311.35
-1260.04
-1211.92
-1166.64
-1123.9
-1083.44
-1045.03
-1008.47
-973.589
-940.241
-908.298
-877.644
-848.183
-819.83
-792.505
-766.144
-740.681
-716.069
-692.258
-669.204
-646.867
-625.214
-604.213
-583.836
-564.047
-544.841
-526.149
-508.034
-490.381
-473.229
-456.516
-440.299
-424.482
-409.084
-394.072
-379.468
-365.229
-351.333
-337.777
-324.559
-311.659
-299.063
-286.745
-274.71
-262.951
-251.45
-240.199
-229.191
-218.399
-207.824
-197.472
-187.328
-177.383
-167.639
-158.067
-148.651
-2348.61
-3248.3
-3794.73
-3822.92
-3593.01
-3169.7
-2875.25
-2665
-2466.41
-2290.52
-2143.36
-2016.64
-1904.61
-1804.53
-1714.47
-1632.62
-1557.75
-1488.89
-1425.26
-1366.27
-1311.35
-1260.04
-1211.92
-1166.64
-1123.9
-1083.44
-1045.03
-1008.47
-973.588
-940.24
-908.297
-877.643
-848.183
-819.83
-792.504
-766.143
-740.68
-716.069
-692.258
-669.203
-646.867
-625.214
-604.212
-583.835
-564.046
-544.841
-526.149
-508.034
-490.381
-473.229
-456.516
-440.299
-424.481
-409.084
-394.072
-379.468
-365.229
-351.333
-337.776
-324.559
-311.658
-299.063
-286.745
-274.71
-262.951
-251.45
-240.199
-229.191
-218.398
-207.824
-197.472
-187.327
-177.382
-167.639
-158.067
-148.651
-2346.18
-3245.51
-3792.38
-3821.47
-3592.2
-3169.27
-2875
-2664.84
-2466.31
-2290.46
-2143.32
-2016.62
-1904.59
-1804.52
-1714.46
-1632.62
-1557.75
-1488.88
-1425.26
-1366.27
-1311.34
-1260.04
-1211.91
-1166.63
-1123.9
-1083.44
-1045.03
-1008.47
-973.587
-940.239
-908.296
-877.642
-848.182
-819.829
-792.503
-766.143
-740.68
-716.068
-692.257
-669.203
-646.866
-625.214
-604.212
-583.835
-564.046
-544.84
-526.148
-508.034
-490.381
-473.229
-456.516
-440.299
-424.481
-409.084
-394.072
-379.468
-365.229
-351.333
-337.776
-324.558
-311.658
-299.063
-286.745
-274.709
-262.95
-251.45
-240.199
-229.191
-218.398
-207.824
-197.471
-187.327
-177.382
-167.638
-158.067
-148.65
-2342.91
-3241.8
-3789.28
-3819.55
-3591.14
-3168.7
-2874.67
-2664.62
-2466.16
-2290.36
-2143.25
-2016.58
-1904.56
-1804.5
-1714.45
-1632.6
-1557.74
-1488.87
-1425.25
-1366.26
-1311.34
-1260.03
-1211.91
-1166.63
-1123.9
-1083.44
-1045.03
-1008.47
-973.585
-940.237
-908.294
-877.641
-848.18
-819.828
-792.502
-766.141
-740.679
-716.067
-692.256
-669.202
-646.865
-625.213
-604.211
-583.834
-564.045
-544.84
-526.148
-508.033
-490.38
-473.228
-456.515
-440.298
-424.481
-409.084
-394.071
-379.468
-365.228
-351.333
-337.776
-324.558
-311.658
-299.062
-286.744
-274.709
-262.95
-251.45
-240.199
-229.191
-218.398
-207.824
-197.471
-187.327
-177.382
-167.638
-158.067
-148.65
-3237.02
-3785.32
-3817.1
-3589.79
-3167.99
-2874.24
-2664.33
-2465.98
-2290.24
-2143.17
-2016.52
-1904.52
-1804.47
-1714.43
-1632.59
-1557.73
-1488.86
-1425.24
-1366.26
-1311.33
-1260.03
-1211.9
-1166.63
-1123.89
-1083.43
-1045.02
-1008.47
-973.582
-940.235
-908.292
-877.638
-848.178
-819.826
-792.5
-766.14
-740.677
-716.066
-692.255
-669.201
-646.864
-625.212
-604.21
-583.833
-564.044
-544.839
-526.147
-508.032
-490.38
-473.228
-456.514
-440.297
-424.48
-409.083
-394.071
-379.467
-365.228
-351.332
-337.775
-324.558
-311.657
-299.062
-286.744
-274.709
-262.95
-251.449
-240.198
-229.19
-218.398
-207.824
-197.471
-187.327
-177.382
-167.638
-158.066
-148.65
-3780.35
-3814.03
-3588.12
-3167.09
-2873.71
-2663.99
-2465.74
-2290.08
-2143.06
-2016.44
-1904.47
-1804.43
-1714.39
-1632.56
-1557.71
-1488.85
-1425.23
-1366.24
-1311.32
-1260.02
-1211.9
-1166.62
-1123.89
-1083.43
-1045.02
-1008.46
-973.578
-940.231
-908.288
-877.635
-848.175
-819.823
-792.497
-766.137
-740.674
-716.064
-692.253
-669.199
-646.862
-625.21
-604.208
-583.832
-564.043
-544.838
-526.146
-508.031
-490.378
-473.227
-456.513
-440.297
-424.479
-409.082
-394.07
-379.466
-365.227
-351.331
-337.775
-324.557
-311.657
-299.061
-286.743
-274.708
-262.949
-251.449
-240.198
-229.19
-218.397
-207.823
-197.47
-187.326
-177.381
-167.637
-158.066
-148.649
-3810.23
-3586.05
-3165.99
-2873.06
-2663.56
-2465.46
-2289.88
-2142.92
-2016.34
-1904.4
-1804.38
-1714.36
-1632.53
-1557.68
-1488.83
-1425.21
-1366.23
-1311.31
-1260.01
-1211.89
-1166.61
-1123.88
-1083.42
-1045.01
-1008.45
-973.572
-940.225
-908.283
-877.63
-848.171
-819.819
-792.494
-766.134
-740.671
-716.061
-692.25
-669.196
-646.86
-625.208
-604.206
-583.829
-564.041
-544.836
-526.144
-508.029
-490.377
-473.225
-456.512
-440.295
-424.478
-409.081
-394.069
-379.465
-365.226
-351.33
-337.774
-324.556
-311.656
-299.061
-286.743
-274.707
-262.948
-251.448
-240.197
-229.189
-218.396
-207.822
-197.47
-187.326
-177.381
-167.637
-158.065
-148.649
-3805.53
-3583.5
-3164.64
-2872.27
-2663.05
-2465.11
-2289.65
-2142.76
-2016.23
-1904.31
-1804.31
-1714.31
-1632.49
-1557.65
-1488.8
-1425.19
-1366.21
-1311.29
-1259.99
-1211.87
-1166.6
-1123.87
-1083.41
-1045
-1008.45
-973.564
-940.218
-908.277
-877.625
-848.165
-819.814
-792.489
-766.129
-740.667
-716.057
-692.246
-669.192
-646.857
-625.205
-604.203
-583.827
-564.038
-544.833
-526.142
-508.027
-490.375
-473.223
-456.51
-440.293
-424.476
-409.079
-394.067
-379.464
-365.225
-351.329
-337.772
-324.555
-311.655
-299.059
-286.741
-274.706
-262.947
-251.447
-240.196
-229.188
-218.396
-207.821
-197.469
-187.325
-177.38
-167.636
-158.064
-148.648
-3799.74
-3580.38
-3162.99
-2871.31
-2662.44
-2464.7
-2289.37
-2142.57
-2016.09
-1904.21
-1804.24
-1714.25
-1632.45
-1557.62
-1488.77
-1425.17
-1366.19
-1311.27
-1259.97
-1211.86
-1166.59
-1123.86
-1083.4
-1044.99
-1008.44
-973.555
-940.21
-908.269
-877.617
-848.158
-819.807
-792.483
-766.124
-740.662
-716.052
-692.242
-669.188
-646.852
-625.201
-604.2
-583.823
-564.035
-544.83
-526.139
-508.024
-490.372
-473.221
-456.508
-440.291
-424.474
-409.077
-394.065
-379.462
-365.223
-351.327
-337.771
-324.553
-311.653
-299.058
-286.74
-274.705
-262.946
-251.446
-240.195
-229.187
-218.394
-207.82
-197.468
-187.324
-177.379
-167.635
-158.063
-3792.59
-3576.56
-3160.97
-2870.15
-2661.69
-2464.21
-2289.04
-2142.34
-2015.92
-1904.09
-1804.14
-1714.18
-1632.39
-1557.57
-1488.73
-1425.13
-1366.16
-1311.25
-1259.95
-1211.84
-1166.57
-1123.84
-1083.38
-1044.98
-1008.42
-973.544
-940.2
-908.259
-877.608
-848.15
-819.799
-792.476
-766.117
-740.655
-716.046
-692.236
-669.183
-646.847
-625.196
-604.195
-583.819
-564.031
-544.826
-526.135
-508.021
-490.369
-473.218
-456.505
-440.288
-424.471
-409.075
-394.063
-379.459
-365.221
-351.325
-337.769
-324.551
-311.651
-299.056
-286.738
-274.703
-262.944
-251.444
-240.193
-229.185
-218.393
-207.819
-197.466
-187.322
-177.377
-167.633
-158.062
-3783.92
-3571.84
-3158.5
-2868.72
-2660.8
-2463.62
-2288.64
-2142.06
-2015.72
-1903.94
-1804.03
-1714.09
-1632.33
-1557.52
-1488.69
-1425.1
-1366.13
-1311.22
-1259.93
-1211.82
-1166.55
-1123.82
-1083.37
-1044.96
-1008.41
-973.531
-940.187
-908.248
-877.598
-848.14
-819.79
-792.467
-766.109
-740.648
-716.038
-692.229
-669.176
-646.841
-625.19
-604.19
-583.814
-564.026
-544.822
-526.131
-508.017
-490.365
-473.214
-456.501
-440.285
-424.468
-409.071
-394.06
-379.456
-365.218
-351.322
-337.766
-324.549
-311.649
-299.054
-286.736
-274.701
-262.942
-251.442
-240.191
-229.183
-218.391
-207.817
-197.464
-187.32
-177.375
-167.632
-158.06
-3773.9
-3565.83
-3155.49
-2866.99
-2659.71
-2462.91
-2288.16
-2141.72
-2015.48
-1903.77
-1803.9
-1713.99
-1632.25
-1557.45
-1488.63
-1425.05
-1366.09
-1311.19
-1259.9
-1211.79
-1166.52
-1123.8
-1083.35
-1044.94
-1008.39
-973.515
-940.172
-908.234
-877.585
-848.128
-819.779
-792.457
-766.099
-740.638
-716.03
-692.221
-669.169
-646.834
-625.183
-604.183
-583.808
-564.02
-544.816
-526.125
-508.012
-490.36
-473.209
-456.497
-440.281
-424.464
-409.068
-394.056
-379.453
-365.214
-351.319
-337.763
-324.546
-311.646
-299.051
-286.733
-274.698
-262.94
-251.439
-240.189
-229.181
-218.388
-207.815
-197.462
-187.318
-177.373
-167.629
-158.058
-3762.94
-3558.09
-3151.8
-2864.86
-2658.39
-2462.05
-2287.58
-2141.32
-2015.19
-1903.55
-1803.74
-1713.87
-1632.15
-1557.37
-1488.57
-1424.99
-1366.04
-1311.14
-1259.86
-1211.76
-1166.49
-1123.77
-1083.32
-1044.92
-1008.37
-973.496
-940.155
-908.218
-877.569
-848.114
-819.766
-792.444
-766.087
-740.627
-716.019
-692.211
-669.159
-646.825
-625.175
-604.175
-583.8
-564.014
-544.81
-526.119
-508.006
-490.355
-473.204
-456.492
-440.276
-424.459
-409.063
-394.052
-379.449
-365.211
-351.315
-337.759
-324.542
-311.642
-299.048
-286.73
-274.695
-262.937
-251.436
-240.186
-229.178
-218.386
-207.812
-197.459
-187.315
-177.371
-167.627
-158.056
-3750.7
-3548.56
-3147.26
-2862.25
-2656.79
-2461.01
-2286.88
-2140.83
-2014.85
-1903.3
-1803.55
-1713.72
-1632.03
-1557.28
-1488.49
-1424.93
-1365.98
-1311.09
-1259.81
-1211.72
-1166.46
-1123.74
-1083.29
-1044.89
-1008.35
-973.473
-940.134
-908.198
-877.551
-848.097
-819.75
-792.429
-766.073
-740.614
-716.007
-692.2
-669.149
-646.815
-625.166
-604.166
-583.792
-564.005
-544.802
-526.112
-507.999
-490.348
-473.198
-456.486
-440.27
-424.454
-409.058
-394.047
-379.444
-365.206
-351.311
-337.755
-324.538
-311.639
-299.044
-286.726
-274.692
-262.933
-251.433
-240.183
-229.175
-218.382
-207.809
-197.456
-187.312
-177.368
-167.624
-158.053
-3736.09
-3537.81
-3141.71
-2859.04
-2654.82
-2459.75
-2286.03
-2140.25
-2014.42
-1902.99
-1803.31
-1713.53
-1631.88
-1557.16
-1488.39
-1424.85
-1365.91
-1311.03
-1259.76
-1211.67
-1166.41
-1123.7
-1083.26
-1044.86
-1008.32
-973.446
-940.108
-908.175
-877.529
-848.077
-819.731
-792.412
-766.057
-740.599
-715.993
-692.186
-669.136
-646.803
-625.154
-604.156
-583.782
-563.996
-544.793
-526.103
-507.991
-490.34
-473.19
-456.479
-440.264
-424.448
-409.052
-394.041
-379.439
-365.201
-351.306
-337.75
-324.533
-311.634
-299.039
-286.722
-274.687
-262.929
-251.429
-240.179
-229.171
-218.379
-207.805
-197.453
-187.309
-177.364
-167.621
-158.05
-3718.61
-3526.09
-3134.95
-2855.11
-2652.41
-2458.2
-2284.99
-2139.53
-2013.91
-1902.61
-1803.03
-1713.31
-1631.71
-1557.02
-1488.28
-1424.75
-1365.83
-1310.96
-1259.7
-1211.61
-1166.36
-1123.65
-1083.21
-1044.82
-1008.28
-973.413
-940.078
-908.147
-877.504
-848.053
-819.708
-792.391
-766.037
-740.581
-715.976
-692.17
-669.121
-646.789
-625.141
-604.143
-583.77
-563.985
-544.782
-526.093
-507.981
-490.331
-473.182
-456.471
-440.256
-424.44
-409.045
-394.034
-379.432
-365.194
-351.3
-337.744
-324.528
-311.629
-299.034
-286.717
-274.683
-262.924
-251.425
-240.174
-229.167
-218.375
-207.801
-197.449
-187.305
-177.36
-167.617
-158.046
-3698.53
-3513.57
-3126.5
-2850.31
-2649.46
-2456.31
-2283.73
-2138.65
-2013.29
-1902.15
-1802.68
-1713.04
-1631.5
-1556.85
-1488.13
-1424.63
-1365.73
-1310.87
-1259.62
-1211.54
-1166.3
-1123.6
-1083.16
-1044.78
-1008.24
-973.374
-940.043
-908.114
-877.473
-848.024
-819.682
-792.366
-766.014
-740.559
-715.955
-692.151
-669.103
-646.772
-625.125
-604.128
-583.756
-563.971
-544.77
-526.081
-507.97
-490.321
-473.172
-456.461
-440.247
-424.432
-409.037
-394.026
-379.425
-365.187
-351.293
-337.738
-324.521
-311.622
-299.028
-286.711
-274.677
-262.919
-251.419
-240.169
-229.162
-218.37
-207.796
-197.444
-187.3
-177.356
-167.612
-158.041
-3675.93
-3500.21
-3116.01
-2844.47
-2645.83
-2453.99
-2282.17
-2137.58
-2012.52
-1901.59
-1802.25
-1712.71
-1631.24
-1556.64
-1487.96
-1424.48
-1365.6
-1310.76
-1259.53
-1211.46
-1166.23
-1123.53
-1083.1
-1044.72
-1008.19
-973.328
-940
-908.074
-877.436
-847.99
-819.65
-792.336
-765.986
-740.533
-715.931
-692.128
-669.082
-646.752
-625.106
-604.111
-583.739
-563.956
-544.755
-526.067
-507.957
-490.308
-473.16
-456.45
-440.236
-424.421
-409.027
-394.017
-379.416
-365.179
-351.285
-337.73
-324.514
-311.615
-299.021
-286.705
-274.67
-262.913
-251.413
-240.163
-229.156
-218.364
-207.791
-197.439
-187.295
-177.351
-167.607
-158.036
-3650.55
-3485.24
-3103.89
-2837.44
-2641.39
-2451.13
-2280.25
-2136.26
-2011.58
-1900.9
-1801.73
-1712.31
-1630.92
-1556.38
-1487.75
-1424.31
-1365.45
-1310.63
-1259.41
-1211.36
-1166.14
-1123.45
-1083.03
-1044.66
-1008.13
-973.273
-939.949
-908.027
-877.393
-847.95
-819.613
-792.302
-765.954
-740.503
-715.903
-692.102
-669.057
-646.729
-625.084
-604.09
-583.72
-563.937
-544.738
-526.051
-507.941
-490.293
-473.146
-456.437
-440.223
-424.409
-409.016
-394.006
-379.405
-365.169
-351.275
-337.721
-324.505
-311.607
-299.013
-286.697
-274.663
-262.905
-251.406
-240.156
-229.149
-218.357
-207.784
-197.432
-187.289
-177.345
-167.601
-158.031
-3622.19
-3467.65
-3090.9
-2829.08
-2636.01
-2447.6
-2277.89
-2134.62
-2010.43
-1900.05
-1801.09
-1711.82
-1630.53
-1556.07
-1487.49
-1424.09
-1365.27
-1310.48
-1259.27
-1211.24
-1166.03
-1123.35
-1082.94
-1044.58
-1008.06
-973.207
-939.888
-907.971
-877.341
-847.902
-819.568
-792.26
-765.915
-740.467
-715.869
-692.07
-669.027
-646.701
-625.058
-604.065
-583.697
-563.915
-544.717
-526.032
-507.923
-490.276
-473.129
-456.421
-440.209
-424.395
-409.002
-393.993
-379.393
-365.157
-351.264
-337.71
-324.495
-311.597
-299.004
-286.687
-274.654
-262.897
-251.398
-240.148
-229.141
-218.35
-207.777
-197.425
-187.282
-177.338
-167.595
-158.024
-3590.56
-3447.43
-3076.92
-2819.28
-2629.69
-2443.28
-2274.96
-2132.6
-2008.99
-1899
-1800.31
-1711.21
-1630.05
-1555.68
-1487.18
-1423.83
-1365.05
-1310.28
-1259.11
-1211.09
-1165.9
-1123.24
-1082.84
-1044.48
-1007.97
-973.128
-939.816
-907.905
-877.28
-847.845
-819.515
-792.211
-765.869
-740.424
-715.829
-692.033
-668.992
-646.668
-625.027
-604.036
-583.669
-563.89
-544.693
-526.009
-507.901
-490.256
-473.11
-456.403
-440.191
-424.379
-408.986
-393.978
-379.379
-365.143
-351.251
-337.698
-324.483
-311.585
-298.992
-286.677
-274.644
-262.887
-251.388
-240.139
-229.132
-218.341
-207.768
-197.416
-187.273
-177.329
-167.586
-158.016
-3555.16
-3425.09
-3061.31
-2808.02
-2622.27
-2438.1
-2271.35
-2130.09
-2007.21
-1897.7
-1799.33
-1710.46
-1629.46
-1555.21
-1486.79
-1423.51
-1364.78
-1310.05
-1258.91
-1210.91
-1165.74
-1123.1
-1082.71
-1044.37
-1007.87
-973.033
-939.729
-907.825
-877.206
-847.777
-819.452
-792.152
-765.815
-740.373
-715.782
-691.988
-668.951
-646.629
-624.991
-604.002
-583.637
-563.859
-544.664
-525.982
-507.876
-490.231
-473.087
-456.381
-440.171
-424.359
-408.968
-393.961
-379.362
-365.127
-351.236
-337.683
-324.469
-311.572
-298.979
-286.664
-274.631
-262.875
-251.377
-240.128
-229.121
-218.33
-207.758
-197.406
-187.264
-177.32
-167.577
-3515.3
-3400.28
-3043.76
-2795.38
-2613.6
-2431.99
-2266.95
-2126.99
-2005
-1896.08
-1798.12
-1709.53
-1628.73
-1554.62
-1486.31
-1423.11
-1364.44
-1309.77
-1258.66
-1210.7
-1165.55
-1122.93
-1082.56
-1044.23
-1007.74
-972.92
-939.626
-907.73
-877.119
-847.696
-819.377
-792.083
-765.75
-740.313
-715.726
-691.936
-668.901
-646.583
-624.948
-603.962
-583.599
-563.824
-544.631
-525.95
-507.846
-490.203
-473.06
-456.356
-440.147
-424.337
-408.946
-393.94
-379.342
-365.109
-351.218
-337.666
-324.452
-311.556
-298.964
-286.649
-274.617
-262.861
-251.363
-240.115
-229.109
-218.318
-207.746
-197.395
-187.252
-177.309
-167.566
-3470.64
-3372.92
-3023.96
-2781.16
-2603.66
-2424.87
-2261.68
-2123.16
-2002.25
-1894.07
-1796.6
-1708.37
-1627.82
-1553.9
-1485.72
-1422.63
-1364.03
-1309.42
-1258.36
-1210.44
-1165.32
-1122.72
-1082.38
-1044.07
-1007.59
-972.784
-939.501
-907.616
-877.014
-847.599
-819.288
-792
-765.674
-740.242
-715.659
-691.874
-668.843
-646.529
-624.897
-603.914
-583.554
-563.781
-544.591
-525.913
-507.811
-490.17
-473.029
-456.326
-440.118
-424.31
-408.921
-393.916
-379.319
-365.086
-351.197
-337.645
-324.433
-311.537
-298.946
-286.632
-274.6
-262.845
-251.348
-240.099
-229.094
-218.304
-207.732
-197.381
-187.239
-177.296
-167.553
-3342.94
-3001.69
-2765.14
-2592.41
-2416.66
-2255.47
-2118.51
-1998.84
-1891.55
-1794.72
-1706.92
-1626.69
-1553
-1485
-1422.02
-1363.53
-1308.99
-1257.99
-1210.12
-1165.04
-1122.47
-1082.16
-1043.87
-1007.41
-972.621
-939.353
-907.48
-876.889
-847.484
-819.182
-791.902
-765.582
-740.157
-715.58
-691.8
-668.775
-646.465
-624.836
-603.857
-583.501
-563.732
-544.544
-525.868
-507.769
-490.13
-472.992
-456.29
-440.085
-424.278
-408.89
-393.887
-379.292
-365.06
-351.172
-337.621
-324.41
-311.515
-298.925
-286.612
-274.581
-262.826
-251.329
-240.081
-229.077
-218.287
-207.715
-197.365
-187.223
-177.28
-167.538
-3309.31
-2976.64
-2747.31
-2579.7
-2407.3
-2248.3
-2112.99
-1994.66
-1888.42
-1792.36
-1705.11
-1625.28
-1551.88
-1484.09
-1421.28
-1362.91
-1308.46
-1257.54
-1209.72
-1164.7
-1122.17
-1081.89
-1043.63
-1007.2
-972.424
-939.174
-907.316
-876.739
-847.347
-819.055
-791.785
-765.474
-740.056
-715.486
-691.713
-668.693
-646.388
-624.765
-603.79
-583.438
-563.673
-544.488
-525.816
-507.72
-490.084
-472.948
-456.249
-440.045
-424.241
-408.855
-393.853
-379.26
-365.03
-351.142
-337.593
-324.383
-311.489
-298.9
-286.588
-274.558
-262.803
-251.307
-240.061
-229.056
-218.267
-207.696
-197.346
-187.205
-177.262
-167.52
-3271.46
-2948.51
-2727.55
-2565.33
-2396.71
-2240.11
-2106.56
-1989.65
-1884.57
-1789.42
-1702.85
-1623.52
-1550.48
-1482.96
-1420.35
-1362.14
-1307.81
-1256.98
-1209.24
-1164.28
-1121.8
-1081.56
-1043.33
-1006.93
-972.186
-938.958
-907.12
-876.559
-847.182
-818.903
-791.644
-765.344
-739.936
-715.374
-691.609
-668.596
-646.298
-624.681
-603.711
-583.364
-563.603
-544.423
-525.754
-507.662
-490.029
-472.896
-456.2
-439.999
-424.197
-408.813
-393.813
-379.222
-364.994
-351.108
-337.56
-324.351
-311.459
-298.871
-286.559
-274.53
-262.777
-251.282
-240.036
-229.032
-218.243
-207.673
-197.324
-187.183
-177.241
-167.5
-3228.94
-2917.08
-2705.53
-2549.1
-2384.74
-2230.83
-2099.18
-1983.78
-1879.93
-1785.78
-1700.02
-1621.31
-1548.72
-1481.55
-1419.2
-1361.18
-1307.01
-1256.3
-1208.65
-1163.76
-1121.35
-1081.16
-1042.98
-1006.61
-971.899
-938.698
-906.883
-876.343
-846.984
-818.721
-791.477
-765.189
-739.793
-715.241
-691.485
-668.481
-646.191
-624.58
-603.617
-583.276
-563.52
-544.345
-525.682
-507.593
-489.964
-472.835
-456.142
-439.944
-424.145
-408.764
-393.767
-379.177
-364.951
-351.067
-337.521
-324.314
-311.423
-298.837
-286.526
-274.499
-262.746
-251.252
-240.007
-229.004
-218.216
-207.646
-197.298
-187.158
-177.216
-167.475
-3181.3
-2882.23
-2680.89
-2530.86
-2371.19
-2220.33
-2090.8
-1977.03
-1874.46
-1781.38
-1696.52
-1618.54
-1546.53
-1479.78
-1417.75
-1359.98
-1306
-1255.44
-1207.92
-1163.13
-1120.8
-1080.67
-1042.54
-1006.22
-971.549
-938.382
-906.597
-876.082
-846.745
-818.503
-791.276
-765.004
-739.621
-715.083
-691.338
-668.344
-646.063
-624.461
-603.506
-583.172
-563.423
-544.254
-525.596
-507.512
-489.888
-472.763
-456.074
-439.88
-424.084
-408.706
-393.712
-379.125
-364.901
-351.02
-337.476
-324.271
-311.382
-298.796
-286.488
-274.461
-262.71
-251.217
-239.973
-228.971
-218.184
-207.615
-197.267
-187.128
-177.187
-167.447
-3128.01
-2843.72
-2653.3
-2510.35
-2355.87
-2208.47
-2081.31
-1969.34
-1868.15
-1776.19
-1692.28
-1615.12
-1543.78
-1477.56
-1415.95
-1358.49
-1304.75
-1254.38
-1207.01
-1162.34
-1120.11
-1080.07
-1042.01
-1005.75
-971.123
-937.998
-906.249
-875.767
-846.457
-818.239
-791.034
-764.781
-739.416
-714.893
-691.162
-668.181
-645.911
-624.32
-603.374
-583.049
-563.307
-544.145
-525.494
-507.417
-489.798
-472.678
-455.994
-439.804
-424.012
-408.638
-393.647
-379.064
-364.843
-350.964
-337.422
-324.219
-311.333
-298.749
-286.442
-274.417
-262.668
-251.177
-239.934
-228.933
-218.147
-207.579
-197.232
-187.093
-177.153
-167.413
-3068.52
-2801.25
-2622.51
-2487.26
-2338.58
-2195.08
-2070.59
-1960.63
-1860.97
-1770.2
-1687.29
-1610.99
-1540.39
-1474.8
-1413.68
-1356.62
-1303.19
-1253.06
-1205.89
-1161.37
-1119.27
-1079.33
-1041.35
-1005.17
-970.603
-937.53
-905.827
-875.384
-846.109
-817.921
-790.742
-764.513
-739.169
-714.665
-690.951
-667.985
-645.73
-624.151
-603.217
-582.902
-563.17
-544.017
-525.373
-507.303
-489.692
-472.577
-455.899
-439.715
-423.928
-408.558
-393.571
-378.991
-364.774
-350.898
-337.36
-324.159
-311.275
-298.694
-286.389
-274.366
-262.619
-251.129
-239.887
-228.888
-218.103
-207.536
-197.19
-187.053
-177.114
-167.374
-3002.26
-2754.54
-2588.26
-2461.31
-2319.08
-2179.98
-2058.47
-1950.76
-1852.82
-1763.38
-1681.53
-1606.12
-1536.31
-1471.4
-1410.87
-1354.28
-1301.24
-1251.41
-1204.48
-1160.16
-1118.22
-1078.41
-1040.54
-1004.45
-969.963
-936.957
-905.31
-874.917
-845.685
-817.534
-790.389
-764.189
-738.872
-714.391
-690.698
-667.751
-645.512
-623.949
-603.029
-582.726
-563.006
-543.864
-525.23
-507.169
-489.565
-472.458
-455.787
-439.61
-423.828
-408.463
-393.481
-378.906
-364.693
-350.821
-337.286
-324.089
-311.208
-298.63
-286.327
-274.306
-262.561
-251.073
-239.834
-228.836
-218.052
-207.487
-197.142
-187.006
-177.068
-167.329
-2928.71
-2703.29
-2550.26
-2432.23
-2297.12
-2162.94
-2044.78
-1939.6
-1843.59
-1755.63
-1674.96
-1600.53
-1531.53
-1467.33
-1407.43
-1351.38
-1298.8
-1249.36
-1202.73
-1158.66
-1116.91
-1077.27
-1039.54
-1003.56
-969.175
-936.253
-904.678
-874.346
-845.167
-817.064
-789.96
-763.797
-738.511
-714.06
-690.392
-667.469
-645.251
-623.707
-602.804
-582.517
-562.811
-543.681
-525.059
-507.009
-489.415
-472.317
-455.654
-439.485
-423.71
-408.351
-393.375
-378.806
-364.598
-350.73
-337.2
-324.007
-311.129
-298.554
-286.254
-274.237
-262.494
-251.008
-239.771
-228.775
-217.993
-207.429
-197.086
-186.951
-177.015
-167.277
-2847.34
-2647.22
-2508.18
-2399.72
-2272.46
-2143.78
-2029.34
-1926.98
-1833.14
-1746.85
-1667.5
-1594.15
-1526.04
-1462.6
-1403.34
-1347.88
-1295.8
-1246.8
-1200.54
-1156.78
-1115.29
-1075.85
-1038.3
-1002.47
-968.202
-935.384
-903.899
-873.645
-844.534
-816.489
-789.437
-763.319
-738.074
-713.658
-690.023
-667.128
-644.936
-623.415
-602.533
-582.265
-562.577
-543.463
-524.855
-506.819
-489.237
-472.15
-455.496
-439.336
-423.571
-408.219
-393.25
-378.688
-364.486
-350.624
-337.098
-323.91
-311.037
-298.466
-286.169
-274.155
-262.415
-250.933
-239.698
-228.705
-217.925
-207.362
-197.021
-186.888
-176.953
-167.217
-2757.88
-2586.2
-2461.73
-2363.3
-2244.71
-2122.2
-2011.93
-1912.72
-1821.32
-1736.91
-1659.05
-1586.9
-1519.78
-1457.17
-1398.62
-1343.76
-1292.21
-1243.68
-1197.84
-1154.44
-1113.26
-1074.09
-1036.76
-1001.11
-966.996
-934.31
-902.938
-872.781
-843.755
-815.784
-788.796
-762.735
-737.541
-713.169
-689.574
-666.715
-644.555
-623.063
-602.207
-581.963
-562.296
-543.201
-524.61
-506.591
-489.023
-471.949
-455.308
-439.16
-423.405
-408.062
-393.102
-378.548
-364.354
-350.498
-336.978
-323.795
-310.928
-298.362
-286.07
-274.059
-262.324
-250.844
-239.613
-228.623
-217.845
-207.285
-196.946
-186.815
-176.882
-167.147
-2659.7
-2520.43
-2411.13
-2322.93
-2213.66
-2097.96
-1992.32
-1896.62
-1807.95
-1725.66
-1649.47
-1578.68
-1512.68
-1450.99
-1393.21
-1339.01
-1288.03
-1239.99
-1194.6
-1151.59
-1110.76
-1071.9
-1034.84
-999.417
-965.5
-932.979
-901.749
-871.715
-842.794
-814.916
-788.009
-762.019
-736.888
-712.572
-689.027
-666.212
-644.092
-622.635
-601.812
-581.597
-561.956
-542.885
-524.316
-506.317
-488.767
-471.71
-455.083
-438.949
-423.207
-407.876
-392.925
-378.382
-364.197
-350.349
-336.836
-323.661
-310.8
-298.24
-285.953
-273.947
-262.216
-250.741
-239.514
-228.527
-217.752
-207.195
-196.859
-186.73
-176.8
-167.068
-2551.23
-2448.45
-2355.38
-2278
-2178.99
-2070.84
-1970.31
-1878.5
-1792.87
-1712.95
-1638.63
-1569.37
-1504.62
-1443.97
-1387.06
-1333.59
-1283.23
-1235.73
-1190.81
-1148.22
-1107.76
-1069.23
-1032.47
-997.321
-963.645
-931.33
-900.277
-870.396
-841.608
-813.845
-787.04
-761.139
-736.087
-711.841
-688.357
-665.597
-643.527
-622.115
-601.331
-581.152
-561.545
-542.503
-523.96
-505.987
-488.459
-471.421
-454.813
-438.697
-422.97
-407.652
-392.715
-378.184
-364.01
-350.171
-336.668
-323.501
-310.649
-298.096
-285.815
-273.815
-262.09
-250.62
-239.398
-228.416
-217.645
-207.091
-196.758
-186.633
-176.706
-166.976
-2436.38
-2372.02
-2294.59
-2228.05
-2140.14
-2040.39
-1945.58
-1858.09
-1775.87
-1698.6
-1626.39
-1558.84
-1495.5
-1436.01
-1380.08
-1327.42
-1277.77
-1230.85
-1186.44
-1144.31
-1104.25
-1066.08
-1029.64
-994.776
-961.363
-929.29
-898.454
-868.763
-840.141
-812.523
-785.844
-760.054
-735.1
-710.941
-687.535
-664.844
-642.836
-621.479
-600.746
-580.611
-561.044
-542.039
-523.529
-505.587
-488.087
-471.073
-454.487
-438.393
-422.685
-407.385
-392.462
-377.947
-363.787
-349.96
-336.468
-323.311
-310.47
-297.925
-285.652
-273.659
-261.941
-250.478
-239.262
-228.286
-217.519
-206.969
-196.641
-186.52
-176.597
-166.87
84.6006
-349.406
-835.188
-1328.09
-1771.47
-2091.27
-2315.24
-2291.55
-2229.57
-2173.45
-2097
-2006.36
-1917.83
-1835.09
-1756.67
-1682.39
-1612.55
-1546.93
-1485.17
-1427
-1372.16
-1320.43
-1271.55
-1225.31
-1181.47
-1139.83
-1100.21
-1062.42
-1026.33
-991.779
-958.648
-926.829
-896.226
-866.751
-838.328
-810.887
-784.367
-758.716
-733.884
-709.833
-686.523
-663.919
-641.987
-620.7
-600.028
-579.95
-560.433
-541.474
-523.004
-505.102
-487.635
-470.652
-454.093
-438.027
-422.342
-407.063
-392.159
-377.663
-363.52
-349.708
-336.228
-323.086
-310.256
-297.723
-285.459
-273.475
-261.766
-250.311
-239.102
-228.134
-217.372
-206.827
-196.504
-186.389
-176.471
-166.749
105.228
-299.794
-753.205
-1217.32
-1643.57
-1963.09
-2185.99
-2201.66
-2158.35
-2113.53
-2049.17
-1968.41
-1886.78
-1809.26
-1735.02
-1664.07
-1596.87
-1533.42
-1473.45
-1416.76
-1363.17
-1312.48
-1264.49
-1219
-1175.81
-1134.73
-1095.59
-1058.23
-1022.51
-988.305
-955.481
-923.942
-893.592
-864.347
-836.132
-808.886
-782.547
-757.063
-732.383
-708.468
-685.278
-662.781
-640.945
-619.743
-599.148
-579.139
-559.686
-540.783
-522.363
-504.51
-487.084
-470.14
-453.614
-437.583
-421.927
-406.673
-391.793
-377.321
-363.199
-349.405
-335.942
-322.815
-310.002
-297.483
-285.229
-273.257
-261.559
-250.113
-238.915
-227.955
-217.2
-206.661
-196.346
-186.236
-176.325
-166.609
124.007
-253.034
-674.4
-1108.86
-1514.96
-1830.22
-2053.53
-2104.72
-2082.35
-2049.12
-1996.82
-1926.51
-1852.35
-1780.47
-1710.8
-1643.5
-1579.24
-1518.18
-1460.2
-1405.17
-1352.97
-1303.46
-1256.47
-1211.83
-1169.36
-1128.92
-1090.33
-1053.45
-1018.16
-984.321
-951.834
-920.598
-890.524
-861.533
-833.551
-806.516
-780.369
-755.062
-730.548
-706.788
-683.743
-661.378
-639.661
-618.567
-598.068
-578.145
-558.77
-539.936
-521.578
-503.788
-486.412
-469.515
-453.031
-437.043
-421.423
-406.202
-391.35
-376.908
-362.812
-349.04
-335.598
-322.491
-309.697
-297.195
-284.956
-272.997
-261.313
-249.879
-238.693
-227.745
-216.998
-206.467
-196.16
-186.059
-176.157
-166.449
141.39
-208.123
-598.908
-1004.48
-1389.52
-1698.65
-1922.28
-2002.09
-2001.21
-1979.89
-1939.56
-1880.21
-1814.18
-1748.44
-1683.74
-1620.47
-1559.45
-1501.05
-1445.28
-1392.1
-1341.45
-1293.25
-1247.38
-1203.69
-1162.05
-1122.32
-1084.35
-1048.01
-1013.19
-979.78
-947.668
-916.768
-886.998
-858.282
-830.552
-803.75
-777.819
-752.71
-728.377
-704.783
-681.891
-659.668
-638.086
-617.118
-596.737
-576.922
-557.645
-538.899
-520.615
-502.907
-485.592
-468.753
-452.318
-436.387
-420.81
-405.628
-390.811
-376.408
-362.344
-348.599
-335.182
-322.101
-309.331
-296.851
-284.628
-272.687
-261.02
-249.602
-238.431
-227.498
-216.761
-206.24
-195.944
-185.853
-175.962
-166.264
156.596
-166.163
-527.569
-904.735
-1267.76
-1568.32
-1790.94
-1893.13
-1913.86
-1905.43
-1877.13
-1829.17
-1771.9
-1712.81
-1653.53
-1594.69
-1537.26
-1481.81
-1428.5
-1377.38
-1328.47
-1281.74
-1237.12
-1194.5
-1153.79
-1114.85
-1077.57
-1041.85
-1007.56
-974.626
-942.936
-912.413
-882.982
-854.571
-827.119
-800.57
-774.871
-749.978
-725.845
-702.437
-679.718
-657.655
-636.219
-615.385
-595.128
-575.43
-556.264
-537.625
-519.424
-501.816
-484.588
-467.823
-451.447
-435.589
-420.065
-404.931
-390.156
-375.801
-361.777
-348.065
-334.679
-321.63
-308.891
-296.438
-284.236
-272.317
-260.671
-249.271
-238.12
-227.207
-216.481
-205.973
-195.691
-185.613
-175.736
-166.052
170.679
-127.322
-460.744
-810.331
-1150.9
-1440.81
-1661.16
-1780.48
-1821.6
-1826.62
-1810.04
-1773.48
-1725.41
-1673.41
-1619.94
-1565.91
-1512.41
-1460.21
-1409.62
-1360.79
-1313.82
-1268.74
-1225.52
-1184.11
-1144.43
-1106.4
-1069.91
-1034.87
-1001.19
-968.789
-937.575
-907.478
-878.427
-850.36
-823.219
-796.952
-771.51
-746.852
-722.937
-699.729
-677.197
-655.309
-634.037
-613.356
-593.242
-573.675
-554.63
-536.099
-518.042
-500.473
-483.348
-466.681
-450.367
-434.594
-419.151
-404.083
-389.358
-375.067
-361.093
-347.422
-334.072
-321.063
-308.361
-295.941
-283.764
-271.872
-260.253
-248.878
-237.752
-226.862
-216.151
-205.659
-195.395
-185.334
-175.474
-165.809
183.977
-92.1548
-398.976
-721.845
-1039.78
-1317.22
-1533.78
-1665.46
-1724.64
-1743.32
-1738.21
-1712.96
-1674.47
-1630
-1582.71
-1533.86
-1484.66
-1436.02
-1388.43
-1342.13
-1297.31
-1254.06
-1212.42
-1172.36
-1133.85
-1096.83
-1061.22
-1026.96
-993.972
-962.175
-931.501
-901.885
-873.266
-845.588
-818.798
-792.849
-767.698
-743.304
-719.63
-696.645
-674.318
-652.619
-631.523
-611.008
-591.049
-571.627
-552.721
-534.314
-516.424
-498.898
-481.888
-465.322
-449.151
-433.397
-418.024
-403.043
-388.371
-374.15
-360.246
-346.632
-333.331
-320.375
-307.725
-295.347
-283.199
-271.343
-259.757
-248.41
-237.316
-226.457
-215.762
-205.29
-195.049
-185.009
-175.172
-165.532
391.531
194.303
-60.6556
-342.38
-639.646
-935.118
-1198.62
-1409.81
-1549.7
-1624
-1656.03
-1662.08
-1647.8
-1619.06
-1582.47
-1541.7
-1498.36
-1453.78
-1409.02
-1364.7
-1321.19
-1278.75
-1237.53
-1197.63
-1159.09
-1121.89
-1086
-1051.39
-1018.01
-985.789
-954.676
-924.612
-895.541
-867.412
-840.174
-813.783
-788.195
-763.372
-739.278
-715.879
-693.145
-671.048
-649.562
-628.663
-608.329
-588.539
-569.275
-550.516
-532.25
-514.468
-497.077
-480.196
-463.735
-447.73
-431.995
-416.704
-401.818
-387.27
-373.087
-359.233
-345.685
-332.432
-319.527
-306.938
-294.616
-282.503
-270.693
-259.151
-247.844
-236.796
-225.981
-215.305
-204.86
-194.649
-184.635
-174.829
-165.221
384.873
200.885
-32.7553
-290.921
-563.972
-837.401
-1085.9
-1290.18
-1434.67
-1520.89
-1565.27
-1582.06
-1578.27
-1559.2
-1530.73
-1496.74
-1459.21
-1419.57
-1378.98
-1338.22
-1297.75
-1257.91
-1218.94
-1180.98
-1144.12
-1108.37
-1073.76
-1040.27
-1007.87
-976.519
-946.178
-916.802
-888.347
-860.771
-834.032
-808.091
-782.913
-758.462
-734.707
-711.619
-689.17
-667.335
-646.091
-625.414
-605.286
-585.686
-566.598
-548.004
-529.889
-512.242
-495.005
-478.241
-461.898
-445.967
-430.346
-415.176
-400.388
-385.983
-371.836
-358.038
-344.576
-331.425
-318.558
-306.037
-293.77
-281.704
-269.947
-258.447
-247.173
-236.173
-225.407
-214.747
-204.335
-194.161
-184.182
-174.42
-164.865
377.124
204.382
-8.68897
-244.686
-494.894
-746.933
-979.734
-1175.71
-1321.69
-1416.69
-1471.82
-1498.72
-1504.78
-1495.09
-1474.8
-1447.79
-1416.29
-1381.85
-1345.72
-1308.77
-1271.6
-1234.61
-1198.1
-1162.28
-1127.26
-1093.14
-1059.95
-1027.71
-996.407
-966.032
-936.558
-907.956
-880.194
-853.242
-827.066
-801.635
-776.919
-752.889
-729.519
-706.783
-684.657
-663.119
-642.147
-621.723
-601.828
-582.445
-563.556
-545.148
-527.204
-509.716
-492.639
-476.007
-459.79
-443.973
-428.496
-413.431
-398.739
-384.395
-370.331
-356.632
-343.267
-330.233
-317.427
-304.953
-292.742
-280.774
-269.083
-257.633
-246.401
-235.491
-224.769
-214.133
-203.772
-193.643
-183.692
-173.964
-164.464
487.466
368.154
205.937
11.5755
-203.605
-432.329
-663.837
-880.626
-1067.12
-1211.96
-1312.79
-1376.68
-1412.76
-1427.89
-1427.07
-1414.84
-1394.86
-1369.54
-1340.5
-1309.06
-1276.18
-1242.54
-1208.63
-1174.8
-1141.31
-1108.34
-1076.01
-1044.39
-1013.54
-983.464
-954.18
-925.678
-897.945
-870.964
-844.714
-819.173
-794.316
-770.123
-746.569
-723.633
-701.295
-679.534
-658.332
-637.67
-617.532
-597.901
-578.762
-560.101
-541.903
-524.154
-506.846
-489.945
-473.468
-457.397
-441.716
-426.381
-411.429
-396.843
-382.599
-368.659
-355.061
-341.784
-328.808
-316.083
-303.659
-291.523
-279.65
-268.019
-256.634
-245.487
-234.629
-223.934
-213.414
-203.14
-193.07
-183.157
-173.489
-164.048
466.72
356.405
205.695
28.374
-167.508
-376.114
-588.078
-788.861
-964.966
-1106.53
-1210.5
-1281
-1324.95
-1348.26
-1355.65
-1351.14
-1338.12
-1319
-1295.48
-1268.91
-1240.3
-1210.41
-1179.79
-1148.84
-1117.89
-1087.15
-1056.78
-1026.9
-997.584
-968.876
-940.807
-913.39
-886.631
-860.525
-835.064
-810.235
-786.026
-762.421
-739.404
-716.96
-695.071
-673.723
-652.901
-632.589
-612.774
-593.442
-574.581
-556.176
-538.217
-520.691
-503.587
-486.883
-470.584
-454.679
-439.152
-423.971
-409.154
-394.694
-380.571
-366.755
-353.258
-340.075
-327.189
-314.571
-302.24
-290.191
-278.395
-266.831
-255.518
-244.441
-233.607
-222.975
-212.558
-202.342
-192.327
-182.499
-172.899
-163.473
444.751
342.771
203.651
41.8978
-136.159
-325.988
-519.483
-704.537
-869.637
-1006.22
-1110.96
-1185.97
-1236.27
-1266.7
-1281.45
-1284.15
-1277.84
-1264.83
-1246.85
-1225.24
-1201.05
-1175.08
-1147.93
-1120.06
-1091.83
-1063.51
-1035.28
-1007.3
-979.67
-952.468
-925.746
-899.536
-873.862
-848.733
-824.155
-800.127
-776.645
-753.701
-731.289
-709.397
-688.016
-667.134
-646.741
-626.825
-607.376
-588.383
-569.835
-551.721
-534.033
-516.758
-499.887
-483.405
-467.31
-451.594
-436.242
-421.233
-406.574
-392.259
-378.271
-364.587
-351.212
-338.143
-325.366
-312.858
-300.624
-288.662
-276.95
-265.478
-254.25
-243.259
-232.505
-221.962
-211.617
-201.467
-191.523
-181.775
-172.221
-162.852
422.513
327.934
199.788
52.4095
-109.226
-281.619
-457.775
-627.589
-781.354
-911.656
-1015.18
-1092.74
-1147.75
-1184.08
-1205.25
-1214.46
-1214.43
-1207.31
-1194.77
-1178.12
-1158.41
-1136.48
-1112.95
-1088.32
-1062.98
-1037.24
-1011.32
-985.401
-959.615
-934.066
-908.826
-883.95
-859.478
-835.436
-811.842
-788.708
-766.04
-743.839
-722.105
-700.835
-680.024
-659.667
-639.758
-620.289
-601.253
-582.643
-564.45
-546.666
-529.283
-512.294
-495.688
-479.456
-463.593
-448.092
-432.941
-418.126
-403.645
-389.495
-375.662
-362.129
-348.896
-335.958
-323.304
-310.917
-298.795
-286.938
-275.33
-263.961
-252.829
-241.929
-231.257
-220.794
-210.53
-200.467
-190.609
-180.943
-171.471
-162.187
399.552
311.995
194.296
60.1967
-86.3579
-242.626
-402.592
-557.816
-700.172
-823.281
-923.995
-1002.31
-1060.43
-1101.32
-1127.88
-1142.79
-1148.47
-1146.86
-1139.53
-1127.73
-1112.49
-1094.64
-1074.81
-1053.54
-1031.23
-1008.22
-984.754
-961.046
-937.253
-913.498
-889.877
-866.465
-843.317
-820.477
-797.974
-775.834
-754.072
-732.7
-711.725
-691.151
-670.981
-651.215
-631.85
-612.884
-594.314
-576.135
-558.343
-540.932
-523.896
-507.228
-490.924
-474.974
-459.374
-444.118
-429.197
-414.6
-400.323
-386.362
-372.707
-359.346
-346.273
-333.485
-320.973
-308.724
-296.734
-284.999
-273.51
-262.256
-251.234
-240.439
-229.866
-219.503
-209.341
-199.38
-189.618
-180.048
-170.67
-161.475
376.22
295.279
187.389
65.538
-67.1814
-208.589
-353.518
-494.911
-626.002
-741.333
-838.008
-915.558
-975.297
-1019.42
-1050.23
-1069.95
-1080.63
-1084.03
-1081.56
-1074.39
-1063.49
-1049.67
-1033.57
-1015.71
-996.524
-976.349
-955.467
-934.103
-912.435
-890.61
-868.74
-846.919
-825.218
-803.695
-782.395
-761.353
-740.595
-720.144
-700.014
-680.218
-660.764
-641.658
-622.904
-604.503
-586.457
-568.764
-551.423
-534.432
-517.787
-501.485
-485.521
-469.891
-454.589
-439.611
-424.951
-410.601
-396.556
-382.812
-369.361
-356.194
-343.305
-330.69
-318.341
-306.25
-294.41
-282.818
-271.465
-260.343
-249.449
-238.777
-228.322
-218.076
-208.032
-198.185
-188.535
-179.077
-169.809
-160.725
352.675
277.983
179.295
68.7292
-51.3154
-179.069
-310.096
-438.49
-558.634
-665.881
-757.631
-833.168
-893.206
-939.283
-973.212
-996.776
-1011.69
-1019.47
-1021.39
-1018.52
-1011.75
-1001.82
-989.379
-974.925
-958.887
-941.615
-923.401
-904.483
-885.054
-865.275
-845.277
-825.167
-805.031
-784.941
-764.953
-745.114
-725.462
-706.026
-686.832
-667.899
-649.242
-630.872
-612.8
-595.031
-577.572
-560.424
-543.591
-527.073
-510.869
-494.979
-479.4
-464.129
-449.165
-434.503
-420.14
-406.07
-392.288
-378.791
-365.573
-352.627
-339.948
-327.532
-315.372
-303.461
-291.794
-280.366
-269.171
-258.203
-247.457
-236.928
-226.612
-216.502
-206.593
-196.88
-187.363
-178.037
-168.901
-159.95
329.135
260.34
170.25
70.0618
-38.3843
-153.626
-271.852
-388.115
-497.763
-596.85
-683.082
-755.644
-814.849
-861.744
-897.696
-924.136
-942.448
-953.924
-959.683
-960.671
-957.693
-951.442
-942.502
-931.364
-918.441
-904.079
-888.571
-872.16
-855.05
-837.411
-819.385
-801.091
-782.627
-764.076
-745.506
-726.975
-708.528
-690.206
-672.04
-654.058
-636.281
-618.728
-601.413
-584.349
-567.544
-551.006
-534.741
-518.753
-503.044
-487.617
-472.472
-457.608
-443.025
-428.721
-414.694
-400.941
-387.458
-374.242
-361.291
-348.597
-336.158
-323.969
-312.025
-300.322
-288.853
-277.616
-266.604
-255.813
-245.239
-234.877
-224.724
-214.773
-205.022
-195.467
-186.106
-176.936
-167.955
-159.161
305.791
242.553
160.485
69.8249
-28.0213
-131.823
-238.305
-343.317
-443.01
-534.045
-614.417
-683.304
-740.764
-787.482
-824.468
-852.847
-873.726
-888.17
-897.147
-901.483
-901.891
-898.992
-893.32
-885.33
-875.414
-863.903
-851.081
-837.19
-822.436
-806.994
-791.011
-774.615
-757.913
-740.995
-723.939
-706.811
-689.665
-672.549
-655.504
-638.561
-621.75
-605.096
-588.617
-572.331
-556.253
-540.393
-524.761
-509.365
-494.211
-479.303
-464.644
-450.237
-436.084
-422.184
-408.537
-395.143
-381.999
-369.104
-356.455
-344.049
-331.884
-319.955
-308.26
-296.794
-285.555
-274.537
-263.737
-253.152
-242.777
-232.61
-222.646
-212.883
-203.317
-193.946
-184.768
-175.781
-166.985
-158.377
282.851
224.841
150.232
68.2953
-19.8774
-113.242
-208.984
-303.617
-393.947
-477.174
-551.549
-616.294
-671.312
-717.033
-754.189
-783.644
-806.283
-822.977
-834.525
-841.649
-844.97
-845.034
-842.317
-837.233
-830.141
-821.352
-811.134
-799.719
-787.309
-774.076
-760.172
-745.724
-730.846
-715.634
-700.17
-684.528
-668.768
-652.945
-637.105
-621.287
-605.527
-589.852
-574.289
-558.859
-543.58
-528.47
-513.539
-498.801
-484.263
-469.934
-455.82
-441.925
-428.254
-414.808
-401.59
-388.601
-375.84
-363.308
-351.004
-338.926
-327.073
-315.442
-304.032
-292.84
-281.863
-271.098
-260.544
-250.197
-240.054
-230.113
-220.372
-210.828
-201.479
-192.324
-183.361
-174.589
-166.011
-157.623
260.532
207.409
139.697
65.72
-13.6319
-97.4874
-183.436
-268.536
-350.131
-425.89
-494.291
-554.619
-606.696
-650.774
-687.376
-717.158
-740.821
-759.063
-772.546
-781.881
-787.606
-790.193
-790.06
-787.574
-783.059
-776.797
-769.036
-759.994
-749.86
-738.801
-726.964
-714.477
-701.451
-687.987
-674.17
-660.075
-645.77
-631.313
-616.754
-602.139
-587.506
-572.889
-558.318
-543.819
-529.414
-515.124
-500.965
-486.952
-473.097
-459.41
-445.901
-432.577
-419.444
-406.508
-393.771
-381.238
-368.91
-356.788
-344.874
-333.169
-321.671
-310.38
-299.296
-288.417
-277.742
-267.27
-256.999
-246.927
-237.054
-227.376
-217.894
-208.607
-199.512
-190.609
-181.9
-173.383
-165.062
-156.933
238.862
190.341
129.034
62.3148
-8.99128
-84.1909
-161.23
-237.609
-311.112
-379.807
-442.374
-498.168
-546.977
-588.932
-624.401
-653.879
-677.918
-697.072
-711.889
-722.871
-730.481
-735.127
-737.169
-736.927
-734.687
-730.702
-725.194
-718.362
-710.381
-701.407
-691.578
-681.018
-669.834
-658.125
-645.976
-633.465
-620.66
-607.621
-594.403
-581.053
-567.614
-554.124
-540.615
-527.118
-513.658
-500.259
-486.94
-473.719
-460.613
-447.633
-434.793
-422.101
-409.567
-397.197
-384.998
-372.976
-361.133
-349.474
-338.001
-326.717
-315.622
-304.719
-294.007
-283.487
-273.159
-263.023
-253.078
-243.325
-233.764
-224.393
-215.213
-206.224
-197.427
-188.822
-180.41
-172.193
-164.171
-156.346
217.595
173.59
118.406
58.3157
-5.66743
-73.0046
-141.96
-210.39
-276.44
-338.514
-395.473
-446.741
-492.099
-531.599
-565.496
-594.164
-618.033
-637.546
-653.148
-665.25
-674.247
-680.487
-684.28
-685.902
-685.601
-683.599
-680.093
-675.26
-669.259
-662.23
-654.301
-645.587
-636.19
-626.202
-615.708
-604.782
-593.492
-581.899
-570.058
-558.018
-545.824
-533.515
-521.128
-508.694
-496.242
-483.797
-471.384
-459.021
-446.728
-434.519
-422.411
-410.414
-398.539
-386.797
-375.196
-363.742
-352.442
-341.301
-330.324
-319.515
-308.876
-298.412
-288.123
-278.012
-268.081
-258.331
-248.763
-239.378
-230.176
-221.161
-212.333
-203.693
-195.244
-186.986
-178.921
-171.051
-163.379
-155.906
196.889
157.403
108.122
54.0004
-3.38564
-63.6125
-125.254
-186.461
-245.68
-301.597
-353.231
-400.075
-441.914
-478.753
-510.768
-538.237
-561.495
-580.901
-596.807
-609.565
-619.49
-626.884
-632.012
-635.113
-636.4
-636.063
-634.276
-631.194
-626.957
-621.69
-615.509
-608.517
-600.807
-592.467
-583.574
-574.198
-564.405
-554.254
-543.799
-533.088
-522.167
-511.076
-499.852
-488.528
-477.135
-465.7
-454.249
-442.803
-431.383
-420.006
-408.691
-397.449
-386.296
-375.242
-364.298
-353.473
-342.775
-332.212
-321.789
-311.512
-301.387
-291.418
-281.609
-271.964
-262.485
-253.175
-244.038
-235.076
-226.291
-217.688
-209.268
-201.033
-192.986
-185.129
-177.466
-169.997
-162.727
-155.658
178.557
142.672
98.4671
49.5278
-1.95232
-55.7524
-110.781
-165.44
-218.421
-268.647
-315.277
-357.863
-396.208
-430.285
-460.214
-486.203
-508.515
-527.437
-543.256
-556.257
-566.705
-574.854
-580.932
-585.142
-587.668
-588.674
-588.309
-586.707
-583.992
-580.273
-575.651
-570.219
-564.061
-557.254
-549.869
-541.972
-533.623
-524.876
-515.784
-506.394
-496.748
-486.886
-476.846
-466.661
-456.362
-445.977
-435.532
-425.051
-414.555
-404.065
-393.597
-383.17
-372.796
-362.489
-352.263
-342.127
-332.091
-322.165
-312.357
-302.674
-293.123
-283.709
-274.44
-265.32
-256.354
-247.547
-238.902
-230.426
-222.12
-213.989
-206.036
-198.265
-190.679
-183.282
-176.076
-169.065
-162.25
-155.634
164.297
129.276
89.1335
44.8531
-1.24314
-49.2018
-98.2435
-146.974
-194.278
-239.274
-281.239
-319.78
-354.72
-386.016
-413.747
-438.071
-459.192
-477.34
-492.753
-505.662
-516.295
-524.849
-531.531
-536.513
-539.951
-541.987
-542.749
-542.353
-540.905
-538.5
-535.228
-531.167
-526.393
-520.974
-514.973
-508.448
-501.455
-494.043
-486.26
-478.149
-469.752
-461.105
-452.246
-443.205
-434.013
-424.699
-415.289
-405.807
-396.274
-386.712
-377.14
-367.575
-358.032
-348.527
-339.074
-329.684
-320.37
-311.142
-302.009
-292.981
-284.067
-275.273
-266.609
-258.08
-249.693
-241.454
-233.368
-225.44
-217.676
-210.079
-202.656
-195.41
-188.344
-181.464
-174.77
-168.267
-161.955
-155.836
114.144
79.7256
40.1277
-1.05888
-43.7402
-87.3708
-130.742
-172.896
-213.101
-250.75
-285.489
-317.164
-345.723
-371.218
-393.767
-413.533
-430.701
-445.464
-458.017
-468.542
-477.224
-484.212
-489.667
-493.725
-496.504
-498.117
-498.661
-498.229
-496.903
-494.759
-491.867
-488.291
-484.092
-479.324
-474.039
-468.286
-462.109
-455.551
-448.652
-441.448
-433.975
-426.265
-418.349
-410.257
-402.014
-393.647
-385.179
-376.632
-368.026
-359.383
-350.718
-342.05
-333.393
-324.763
-316.172
-307.635
-299.162
-290.765
-282.454
-274.239
-266.13
-258.135
-250.262
-242.518
-234.91
-227.446
-220.131
-212.971
-205.972
-199.138
-192.474
-185.983
-179.669
-173.533
-167.579
-161.804
-156.211
101.437
70.9041
35.5826
-1.19784
-39.1654
-77.9234
-116.458
-153.951
-189.788
-223.463
-254.661
-283.242
-309.155
-332.431
-353.162
-371.476
-387.523
-401.463
-413.457
-423.662
-432.224
-439.284
-444.963
-449.386
-452.658
-454.872
-456.113
-456.46
-455.986
-454.754
-452.826
-450.258
-447.1
-443.401
-439.206
-434.557
-429.494
-424.054
-418.272
-412.182
-405.814
-399.199
-392.365
-385.339
-378.145
-370.808
-363.35
-355.792
-348.156
-340.459
-332.721
-324.956
-317.183
-309.416
-301.669
-293.955
-286.288
-278.68
-271.141
-263.683
-256.316
-249.049
-241.892
-234.852
-227.937
-221.154
-214.511
-208.011
-201.662
-195.467
-189.43
-183.553
-177.84
-172.291
-166.908
-161.687
-156.63
89.9201
62.6061
31.1834
-1.57096
-35.3071
-69.6882
-103.868
-137.152
-169.023
-199.058
-226.977
-252.656
-276.045
-297.164
-316.082
-332.903
-347.748
-360.749
-372.043
-381.76
-390.026
-396.96
-402.669
-407.248
-410.798
-413.399
-415.123
-416.039
-416.209
-415.688
-414.53
-412.782
-410.489
-407.692
-404.43
-400.74
-396.656
-392.211
-387.436
-382.359
-377.01
-371.413
-365.596
-359.581
-353.392
-347.05
-340.578
-333.994
-327.318
-320.569
-313.763
-306.917
-300.047
-293.168
-286.295
-279.441
-272.619
-265.841
-259.12
-252.467
-245.891
-239.403
-233.011
-226.725
-220.55
-214.495
-208.565
-202.765
-197.1
-191.573
-186.188
-180.945
-175.846
-170.891
-166.079
-161.409
-156.879
79.4941
54.9856
27.0303
-2.08494
-32.0227
-62.4795
-92.7455
-122.238
-150.518
-177.233
-202.137
-225.115
-246.127
-265.18
-282.329
-297.658
-311.265
-323.263
-333.764
-342.88
-350.719
-357.38
-362.959
-367.536
-371.191
-374.001
-376.03
-377.334
-377.967
-377.979
-377.414
-376.315
-374.719
-372.664
-370.182
-367.305
-364.063
-360.484
-356.596
-352.423
-347.991
-343.323
-338.44
-333.366
-328.12
-322.722
-317.191
-311.546
-305.805
-299.984
-294.1
-288.168
-282.204
-276.222
-270.237
-264.26
-258.305
-252.384
-246.508
-240.687
-234.933
-229.252
-223.655
-218.148
-212.739
-207.432
-202.233
-197.146
-192.174
-187.32
-182.584
-177.969
-173.473
-169.096
-164.836
-160.692
-156.66
69.9445
48.0008
23.1583
-2.67515
-29.1995
-56.1393
-82.895
-108.977
-134.016
-157.716
-179.859
-200.345
-219.137
-236.237
-251.689
-265.56
-277.933
-288.901
-298.56
-307.005
-314.327
-320.614
-325.943
-330.394
-334.026
-336.904
-339.09
-340.635
-341.581
-341.973
-341.85
-341.249
-340.203
-338.744
-336.899
-334.698
-332.166
-329.328
-326.207
-322.826
-319.205
-315.366
-311.329
-307.112
-302.734
-298.213
-293.565
-288.807
-283.956
-279.027
-274.035
-268.993
-263.917
-258.818
-253.71
-248.606
-243.515
-238.449
-233.419
-228.433
-223.5
-218.628
-213.823
-209.093
-204.441
-199.873
-195.392
-191.001
-186.703
-182.497
-178.385
-174.366
-170.44
-166.605
-162.858
-159.201
-155.626
61.2591
41.6506
19.6036
-3.28175
-26.7432
-50.5338
-74.1458
-97.1679
-119.288
-140.258
-159.887
-178.087
-194.823
-210.097
-223.943
-236.415
-247.585
-257.529
-266.329
-274.066
-280.82
-286.665
-291.67
-295.897
-299.412
-302.256
-304.487
-306.154
-307.294
-307.944
-308.138
-307.909
-307.286
-306.296
-304.965
-303.317
-301.375
-299.161
-296.695
-293.996
-291.083
-287.976
-284.69
-281.243
-277.65
-273.929
-270.093
-266.157
-262.136
-258.044
-253.892
-249.694
-245.462
-241.208
-236.941
-232.673
-228.414
-224.171
-219.954
-215.769
-211.625
-207.526
-203.478
-199.486
-195.553
-191.682
-187.876
-184.137
-180.464
-176.86
-173.322
-169.851
-166.445
-163.102
-159.819
-156.6
-153.435
53.3931
35.9097
16.3774
-3.86184
-24.5779
-45.5511
-66.3513
-86.6323
-106.131
-124.637
-141.986
-158.099
-172.947
-186.529
-198.872
-210.023
-220.039
-228.988
-236.939
-243.962
-250.125
-255.491
-260.122
-264.073
-267.393
-270.137
-272.333
-274.033
-275.274
-276.087
-276.499
-276.541
-276.237
-275.613
-274.691
-273.493
-272.037
-270.343
-268.43
-266.314
-264.012
-261.541
-258.914
-256.147
-253.254
-250.248
-247.143
-243.951
-240.684
-237.355
-233.973
-230.549
-227.093
-223.616
-220.124
-216.627
-213.133
-209.647
-206.177
-202.728
-199.306
-195.913
-192.555
-189.233
-185.952
-182.711
-179.513
-176.359
-173.248
-170.18
-167.154
-164.17
-161.226
-158.321
-155.451
-152.622
-149.823
46.3126
30.7567
13.4841
-4.38331
-22.642
-41.0976
-59.3862
-77.2161
-94.3649
-110.655
-125.944
-140.162
-153.286
-165.312
-176.263
-186.179
-195.11
-203.111
-210.242
-216.564
-222.135
-227.011
-231.245
-234.885
-237.975
-240.557
-242.67
-244.345
-245.619
-246.523
-247.08
-247.314
-247.25
-246.909
-246.311
-245.474
-244.417
-243.156
-241.706
-240.084
-238.303
-236.377
-234.32
-232.143
-229.859
-227.48
-225.017
-222.479
-219.877
-217.22
-214.518
-211.778
-209.008
-206.216
-203.409
-200.592
-197.771
-194.951
-192.137
-189.333
-186.542
-183.766
-181.009
-178.272
-175.557
-172.864
-170.194
-167.546
-164.922
-162.321
-159.741
-157.182
-154.644
-152.124
-149.621
-147.142
-144.672
39.9733
26.1625
10.9181
-4.82546
-20.8871
-37.0958
-53.144
-68.7858
-83.8332
-98.1343
-111.569
-124.075
-135.633
-146.239
-155.913
-164.688
-172.607
-179.718
-186.073
-191.723
-196.72
-201.112
-204.945
-208.262
-211.102
-213.498
-215.489
-217.098
-218.363
-219.307
-219.954
-220.323
-220.437
-220.314
-219.971
-219.426
-218.693
-217.788
-216.724
-215.514
-214.17
-212.705
-211.129
-209.453
-207.688
-205.841
-203.924
-201.943
-199.906
-197.822
-195.698
-193.539
-191.351
-189.14
-186.911
-184.668
-182.416
-180.158
-177.896
-175.634
-173.374
-171.117
-168.864
-166.618
-164.379
-162.147
-159.922
-157.705
-155.496
-153.294
-151.099
-148.91
-146.728
-144.551
-142.372
-140.205
-138.043
34.3283
22.0948
8.66803
-5.17609
-19.2761
-33.4822
-47.5349
-61.2267
-74.3986
-86.9204
-98.6905
-109.657
-119.8
-129.119
-137.629
-145.36
-152.347
-158.634
-164.264
-169.284
-173.736
-177.663
-181.107
-184.102
-186.685
-188.886
-190.734
-192.256
-193.482
-194.434
-195.131
-195.592
-195.836
-195.879
-195.737
-195.423
-194.951
-194.335
-193.585
-192.713
-191.73
-190.644
-189.465
-188.203
-186.864
-185.457
-183.989
-182.467
-180.896
-179.282
-177.631
-175.947
-174.235
-172.499
-170.742
-168.967
-167.178
-165.376
-163.563
-161.743
-159.915
-158.081
-156.242
-154.399
-152.552
-150.703
-148.85
-146.995
-145.137
-143.277
-141.414
-139.548
-137.674
-135.799
-133.921
-132.047
-130.169
29.328
18.5175
6.71746
-5.43025
-17.7814
-30.2053
-42.4834
-54.4406
-65.9427
-76.8767
-87.1584
-96.7442
-105.617
-113.774
-121.232
-128.014
-134.153
-139.685
-144.649
-149.084
-153.028
-156.52
-159.593
-162.281
-164.613
-166.617
-168.316
-169.739
-170.909
-171.845
-172.564
-173.084
-173.421
-173.588
-173.599
-173.465
-173.2
-172.812
-172.313
-171.711
-171.015
-170.234
-169.374
-168.442
-167.445
-166.39
-165.281
-164.124
-162.924
-161.684
-160.41
-159.104
-157.769
-156.409
-155.026
-153.623
-152.201
-150.763
-149.309
-147.841
-146.36
-144.868
-143.364
-141.85
-140.326
-138.792
-137.25
-135.699
-134.139
-132.57
-130.99
-129.403
-127.809
-126.207
-124.597
-122.983
-121.36
24.9219
15.393
5.04644
-5.58853
-16.383
-27.2235
-37.9262
-48.3435
-58.3624
-67.8837
-76.8387
-85.1922
-92.9277
-100.045
-106.556
-112.484
-117.855
-122.703
-127.061
-130.962
-134.441
-137.53
-140.26
-142.658
-144.752
-146.566
-148.116
-149.435
-150.539
-151.443
-152.164
-152.717
-153.115
-153.371
-153.495
-153.498
-153.389
-153.178
-152.873
-152.48
-152.008
-151.463
-150.851
-150.177
-149.447
-148.665
-147.836
-146.963
-146.051
-145.103
-144.121
-143.109
-142.069
-141.003
-139.912
-138.8
-137.668
-136.516
-135.346
-134.16
-132.957
-131.74
-130.508
-129.263
-128.004
-126.732
-125.449
-124.152
-122.843
-121.523
-120.191
-118.848
-117.494
-116.13
-114.754
-113.371
-111.976
21.0601
12.6828
3.6326
-5.65578
-15.0672
-24.5036
-33.8105
-42.864
-51.5668
-59.8351
-67.6133
-74.8713
-81.5947
-87.7838
-93.45
-98.6128
-103.297
-107.529
-111.341
-114.76
-117.817
-120.54
-122.954
-125.086
-126.958
-128.59
-129.998
-131.212
-132.243
-133.105
-133.812
-134.377
-134.812
-135.126
-135.329
-135.43
-135.437
-135.357
-135.197
-134.962
-134.659
-134.294
-133.87
-133.392
-132.865
-132.292
-131.676
-131.022
-130.331
-129.606
-128.85
-128.065
-127.252
-126.415
-125.553
-124.669
-123.764
-122.84
-121.896
-120.935
-119.956
-118.961
-117.951
-116.925
-115.885
-114.83
-113.761
-112.679
-111.583
-110.474
-109.353
-108.219
-107.072
-105.913
-104.742
-103.561
-102.367
17.6941
10.349
2.45233
-5.63991
-13.8253
-22.0193
-30.0928
-37.9417
-45.48
-52.6401
-59.3778
-65.6658
-71.4923
-76.8583
-81.774
-86.2567
-90.328
-94.0123
-97.3353
-100.323
-103.001
-105.393
-107.522
-109.411
-111.079
-112.542
-113.816
-114.926
-115.881
-116.692
-117.373
-117.934
-118.384
-118.733
-118.988
-119.156
-119.243
-119.256
-119.201
-119.082
-118.904
-118.672
-118.388
-118.057
-117.683
-117.267
-116.814
-116.325
-115.802
-115.249
-114.667
-114.057
-113.422
-112.762
-112.08
-111.376
-110.651
-109.907
-109.144
-108.364
-107.566
-106.752
-105.922
-105.076
-104.216
-103.341
-102.452
-101.548
-100.631
-99.701
-98.7575
-97.8012
-96.8321
-95.8504
-94.8561
-93.8501
-92.8318
14.7763
8.35423
1.48169
-5.55078
-12.6521
-19.7497
-26.7359
-33.5207
-40.0329
-46.2184
-52.0392
-57.4719
-62.5072
-67.1465
-71.3992
-75.2806
-78.8098
-82.008
-84.8976
-87.5011
-89.8406
-91.9371
-93.8105
-95.4793
-96.9607
-98.2679
-99.4159
-100.425
-101.303
-102.059
-102.705
-103.249
-103.7
-104.064
-104.348
-104.558
-104.699
-104.776
-104.795
-104.758
-104.67
-104.535
-104.355
-104.133
-103.872
-103.576
-103.245
-102.882
-102.488
-102.067
-101.619
-101.145
-100.648
-100.128
-99.5872
-99.0256
-98.4446
-97.8449
-97.2275
-96.5929
-95.9417
-95.2747
-94.5922
-93.8947
-93.1827
-92.4565
-91.7165
-90.9628
-90.1959
-89.416
-88.6231
-87.8173
-86.9991
-86.1685
-85.3258
-84.4709
-83.604
12.2596
6.662
0.696667
-5.39936
-11.5449
-17.6777
-23.7062
-29.5556
-35.1681
-40.4985
-45.5141
-50.1958
-54.5361
-58.5368
-62.2066
-65.559
-68.6108
-71.3805
-73.8876
-76.1515
-78.1911
-80.0246
-81.669
-83.1401
-84.4526
-85.617
-86.6479
-87.5611
-88.3625
-89.061
-89.6658
-90.1844
-90.6233
-90.9883
-91.2849
-91.518
-91.6922
-91.8115
-91.8797
-91.9001
-91.8761
-91.8103
-91.7056
-91.5642
-91.3885
-91.1804
-90.942
-90.6749
-90.3807
-90.0609
-89.7169
-89.3499
-88.961
-88.5514
-88.1219
-87.6736
-87.2073
-86.7236
-86.2232
-85.7067
-85.1747
-84.6277
-84.0661
-83.4904
-82.9009
-82.2979
-81.6818
-81.0528
-80.4111
-79.757
-79.0906
-78.4122
-77.7219
-77.0197
-76.306
-75.5802
-74.8431
10.1018
5.23602
0.0729302
-5.19719
-10.5018
-15.7865
-20.9758
-26.0075
-30.8337
-35.416
-39.7275
-43.7522
-47.4844
-50.9263
-54.0858
-56.975
-59.6084
-62.0023
-64.1733
-66.1381
-67.913
-69.5136
-70.9541
-72.2483
-73.4083
-74.4426
-75.3654
-76.1874
-76.9145
-77.5545
-78.1151
-78.6022
-79.0212
-79.3771
-79.6744
-79.9172
-80.1092
-80.2539
-80.3543
-80.4133
-80.4335
-80.4173
-80.3669
-80.2843
-80.1715
-80.03
-79.8615
-79.6674
-79.4491
-79.2079
-78.9449
-78.6611
-78.3575
-78.035
-77.6944
-77.3365
-76.9619
-76.5714
-76.1656
-75.745
-75.31
-74.861
-74.3986
-73.923
-73.4345
-72.9335
-72.4203
-71.895
-71.358
-70.8093
-70.2491
-69.6777
-69.0952
-68.5015
-67.8971
-67.2812
-66.6548
8.26578
4.04644
-0.411059
-4.95545
-9.52274
-14.0661
-18.523
-22.8419
-26.9826
-30.913
-34.6108
-38.063
-41.2654
-44.2204
-46.9352
-49.4203
-51.6885
-53.7538
-55.6305
-57.333
-58.8751
-60.2699
-61.5297
-62.6658
-63.6886
-64.6047
-65.428
-66.1646
-66.8206
-67.4029
-67.9176
-68.3697
-68.7635
-69.1032
-69.3926
-69.6352
-69.834
-69.9918
-70.1113
-70.1949
-70.2446
-70.2626
-70.2506
-70.2103
-70.1434
-70.0512
-69.9351
-69.7963
-69.6359
-69.455
-69.2546
-69.0355
-68.7987
-68.5448
-68.2745
-67.9886
-67.6875
-67.3719
-67.0422
-66.699
-66.3426
-65.9736
-65.5921
-65.1985
-64.7931
-64.3763
-63.9481
-63.5089
-63.0587
-62.5979
-62.1266
-61.6448
-61.1527
-60.6505
-60.1383
-59.6154
-59.0829
6.71558
3.06513
-0.774646
-4.68457
-8.60867
-12.5066
-16.3269
-20.0265
-23.5719
-26.9364
-30.1016
-33.057
-35.7997
-38.332
-40.6605
-42.7945
-44.745
-46.5241
-48.1441
-49.6171
-50.9548
-52.1684
-53.2682
-54.2636
-55.1632
-55.9732
-56.7041
-57.3615
-57.9505
-58.4769
-58.9456
-59.3608
-59.7261
-60.0451
-60.3209
-60.5563
-60.7539
-60.9162
-61.0451
-61.1429
-61.2112
-61.2518
-61.2661
-61.2557
-61.2218
-61.1656
-61.0883
-60.9909
-60.8744
-60.7396
-60.5874
-60.4185
-60.2337
-60.0335
-59.8187
-59.5897
-59.347
-59.0912
-58.8226
-58.5417
-58.2488
-57.9444
-57.6286
-57.3019
-56.9644
-56.6164
-56.2582
-55.8898
-55.5114
-55.1233
-54.7256
-54.3184
-53.9018
-53.4758
-53.0409
-52.596
-52.1424
5.41712
2.26479
-1.03716
-4.39552
-7.76124
-11.0997
-14.3686
-17.5324
-20.5629
-23.4382
-26.143
-28.6691
-31.0144
-33.1812
-35.1755
-37.0055
-38.6806
-40.2111
-41.6076
-42.8802
-44.039
-45.0933
-46.0515
-46.9218
-47.7111
-48.425
-49.0715
-49.6555
-50.1815
-50.6542
-51.0775
-51.455
-51.7898
-52.0848
-52.3426
-52.5655
-52.7558
-52.9155
-53.0462
-53.1498
-53.2278
-53.2815
-53.3122
-53.3212
-53.3096
-53.2783
-53.2284
-53.1607
-53.0761
-52.9752
-52.8589
-52.7277
-52.5822
-52.4231
-52.2508
-52.0658
-51.8685
-51.6595
-51.439
-51.2074
-50.965
-50.7121
-50.449
-50.1761
-49.8934
-49.6012
-49.2998
-48.9892
-48.6696
-48.3413
-48.0042
-47.6585
-47.3044
-46.9419
-46.5712
-46.1916
-45.8041
4.33266
1.61496
-1.21949
-4.09979
-6.98253
-9.83772
-12.631
-15.3331
-17.9204
-20.3746
-22.6834
-24.8401
-26.8433
-28.6955
-30.4018
-31.9694
-33.4065
-34.7218
-35.9243
-37.0225
-38.0249
-38.9392
-39.7726
-40.5317
-41.2223
-41.8493
-42.4189
-42.9352
-43.4022
-43.8237
-44.203
-44.5429
-44.8462
-45.1152
-45.3521
-45.5589
-45.7375
-45.8895
-46.0164
-46.1196
-46.2005
-46.2602
-46.2998
-46.3203
-46.3227
-46.3078
-46.2765
-46.2295
-46.1675
-46.0911
-46.0009
-45.8975
-45.7815
-45.6532
-45.5131
-45.3617
-45.1994
-45.0264
-44.8431
-44.6499
-44.4469
-44.2345
-44.0129
-43.7824
-43.5432
-43.2955
-43.0394
-42.7751
-42.5028
-42.2225
-41.9345
-41.6387
-41.3354
-41.0246
-40.7065
-40.3804
-40.0473
3.42769
1.08876
-1.33721
-3.80306
-6.27014
-8.71083
-11.0968
-13.4037
-15.6119
-17.706
-19.676
-21.5167
-23.2271
-24.8096
-26.2689
-27.6111
-28.8433
-29.9729
-31.0075
-31.9542
-32.8201
-33.6116
-34.3348
-34.995
-35.5973
-36.1456
-36.6448
-37.0986
-37.5102
-37.8827
-38.219
-38.5213
-38.792
-39.0331
-39.2463
-39.4334
-39.5959
-39.7352
-39.8526
-39.9493
-40.0264
-40.0848
-40.1256
-40.1496
-40.1576
-40.1503
-40.1284
-40.0926
-40.0435
-39.9817
-39.9076
-39.8218
-39.7247
-39.6167
-39.4984
-39.3699
-39.2317
-39.0841
-38.9274
-38.762
-38.5879
-38.4056
-38.2152
-38.0169
-37.8109
-37.5974
-37.3766
-37.1486
-36.9135
-36.6715
-36.4227
-36.1671
-35.905
-35.6363
-35.3612
-35.0793
-34.7912
2.70462
0.688065
-1.38999
-3.50368
-5.61908
-7.7094
-9.75053
-11.7225
-13.6091
-15.3976
-17.0799
-18.652
-20.1134
-21.4663
-22.715
-23.8647
-24.9213
-25.8914
-26.7811
-27.5967
-28.3438
-29.0279
-29.6539
-30.2265
-30.7496
-31.2268
-31.6619
-32.0579
-32.4177
-32.7438
-33.0385
-33.3039
-33.5418
-33.7539
-33.9419
-34.107
-34.2507
-34.374
-34.4782
-34.5643
-34.633
-34.6855
-34.7224
-34.7444
-34.7524
-34.7469
-34.7286
-34.6979
-34.6555
-34.6018
-34.5372
-34.4623
-34.3773
-34.2827
-34.1789
-34.066
-33.9445
-33.8146
-33.6766
-33.5307
-33.3771
-33.216
-33.0477
-32.8724
-32.6904
-32.5017
-32.3065
-32.1051
-31.8975
-31.6838
-31.4642
-31.2389
-31.0078
-30.7711
-30.5289
-30.2809
-30.0277
2.197
0.420658
-1.39079
-3.21758
-5.03835
-6.8335
-8.58394
-10.2735
-11.8889
-13.4198
-14.8596
-16.2052
-17.4565
-18.6156
-19.686
-20.6724
-21.5799
-22.4138
-23.1795
-23.882
-24.5262
-25.1165
-25.6572
-26.1519
-26.6042
-27.0168
-27.3931
-27.7353
-28.0459
-28.3272
-28.581
-28.809
-29.0128
-29.1939
-29.3536
-29.493
-29.6133
-29.7155
-29.8006
-29.8694
-29.9227
-29.9613
-29.9859
-29.9971
-29.9956
-29.9819
-29.9567
-29.9203
-29.8733
-29.8161
-29.7492
-29.6731
-29.588
-29.4944
-29.3926
-29.2829
-29.1658
-29.0415
-28.9102
-28.7724
-28.6282
-28.4779
-28.3218
-28.16
-27.9927
-27.82
-27.6421
-27.4591
-27.2712
-27.0785
-26.8811
-26.6791
-26.4726
-26.2617
-26.0465
-25.8266
-25.6027
0.152218
-1.39845
-2.97081
-4.53858
-6.08364
-7.58978
-9.04315
-10.4322
-11.7483
-12.9859
-14.1427
-15.2187
-16.2157
-17.1369
-17.9862
-18.7681
-19.4869
-20.1473
-20.7533
-21.3092
-21.8185
-22.2847
-22.7111
-23.1004
-23.4551
-23.7779
-24.0707
-24.3357
-24.5746
-24.7891
-24.9807
-25.1507
-25.3005
-25.4311
-25.5436
-25.6389
-25.7181
-25.782
-25.8312
-25.8667
-25.889
-25.8988
-25.8967
-25.8832
-25.8589
-25.8243
-25.7799
-25.726
-25.6631
-25.5915
-25.5117
-25.4239
-25.3285
-25.2258
-25.1161
-24.9995
-24.8765
-24.7471
-24.6117
-24.4703
-24.3233
-24.1708
-24.0131
-23.8504
-23.6831
-23.5115
-23.3357
-23.1558
-22.9722
-22.7849
-22.594
-22.3998
-22.2023
-22.0017
-21.7978
-21.5909
-0.0185055
-1.37229
-2.74116
-4.1061
-5.44979
-6.75808
-8.01952
-9.22446
-10.3656
-11.4384
-12.441
-13.3735
-14.2376
-15.0361
-15.7723
-16.4499
-17.0728
-17.6448
-18.1693
-18.6498
-19.0894
-19.491
-19.8572
-20.1905
-20.4929
-20.7667
-21.0134
-21.2348
-21.4324
-21.6077
-21.7619
-21.896
-22.0111
-22.1082
-22.1882
-22.2519
-22.3001
-22.3335
-22.3527
-22.3584
-22.3512
-22.3318
-22.3007
-22.2584
-22.2055
-22.1425
-22.0698
-21.9879
-21.8974
-21.7987
-21.6922
-21.5785
-21.458
-21.3312
-21.1984
-21.0603
-20.9171
-20.7693
-20.6175
-20.4619
-20.3031
-20.1414
-19.9771
-19.8104
-19.6415
-19.4705
-19.2976
-19.1229
-18.9465
-18.7685
-18.589
-18.408
-18.2256
-18.0418
-17.8565
-17.6699
-0.14144
-1.33902
-2.54622
-3.74839
-4.93117
-6.08211
-7.19133
-8.25056
-9.25354
-10.1964
-11.0776
-11.8971
-12.6566
-13.3583
-14.005
-14.5999
-15.1462
-15.647
-16.1053
-16.524
-16.9057
-17.253
-17.5679
-17.8526
-18.109
-18.3389
-18.5437
-18.7251
-18.8844
-19.0229
-19.1416
-19.2417
-19.3242
-19.3899
-19.4398
-19.4746
-19.4952
-19.5022
-19.4962
-19.4778
-19.4477
-19.4064
-19.3544
-19.2921
-19.2201
-19.1388
-19.0484
-18.9495
-18.8423
-18.7272
-18.6045
-18.4745
-18.3375
-18.1938
-18.0438
-17.8876
-17.7257
-17.5583
-17.3856
-17.208
-17.0256
-16.8389
-16.6482
-16.4542
-16.2581
-16.0605
-15.8622
-15.6642
-15.4671
-15.2711
-15.0763
-14.8826
-14.6901
-14.4988
-14.3085
-14.1193
-0.226918
-1.30207
-2.38397
-3.46035
-4.51894
-5.54874
-6.54105
-7.48866
-8.38611
-9.23002
-10.019
-10.7531
-11.4336
-12.0623
-12.6417
-13.1744
-13.663
-14.1102
-14.5184
-14.8901
-15.2273
-15.5322
-15.8065
-16.052
-16.2702
-16.4625
-16.6302
-16.7743
-16.8959
-16.9962
-17.0755
-17.1347
-17.1744
-17.1952
-17.1979
-17.1831
-17.1512
-17.103
-17.0393
-16.9611
-16.8692
-16.7641
-16.6465
-16.5167
-16.3753
-16.2229
-16.0602
-15.8879
-15.7068
-15.5175
-15.3208
-15.1175
-14.9083
-14.6941
-14.4755
-14.2535
-14.0288
-13.8022
-13.5753
-13.3495
-13.1258
-12.9051
-12.6882
-12.4756
-12.2684
-12.0659
-11.8684
-11.6759
-11.4876
-11.3034
-11.1233
-10.9473
-10.775
-10.6063
-10.4406
-10.2782
-0.278752
-1.27182
-2.26918
-3.26015
-4.23391
-5.18057
-6.09225
-6.96251
-7.78646
-8.56114
-9.28527
-9.95894
-10.5832
-11.1596
-11.6902
-12.1773
-12.6232
-13.0302
-13.4005
-13.7362
-14.0393
-14.3117
-14.5551
-14.7713
-14.9619
-15.1283
-15.272
-15.3942
-15.4968
-15.5795
-15.6417
-15.6869
-15.7152
-15.7291
-15.7295
-15.7168
-15.6887
-15.6427
-15.5789
-15.4983
-15.4024
-15.2944
-15.1762
-15.048
-14.9085
-14.7554
-14.5876
-14.4057
-14.2105
-14.0022
-13.7808
-13.5464
-13.2991
-13.0392
-12.7665
-12.4813
-12.1836
-11.8743
-11.5541
-11.2222
-10.8784
-10.523
-10.1555
-9.77937
-9.38497
-8.99615
-8.65258
-8.34881
-8.06887
-7.80838
-7.56845
-7.34785
-7.14373
-6.95387
-6.77658
-6.6109
-0.295075
-1.25866
-2.22543
-3.18487
-4.12667
-5.04141
-5.92162
-6.76135
-7.55613
-8.30321
-9.00137
-9.65066
-10.252
-10.8069
-11.3171
-11.7847
-12.2117
-12.5999
-12.9514
-13.2677
-13.5504
-13.801
-14.0207
-14.2105
-14.3716
-14.5046
-14.6104
-14.6896
-14.7435
-14.7708
-14.7729
-14.7521
-14.7137
-14.6535
-14.5625
-14.4498
-14.3182
-14.1674
-13.997
-13.805
-13.5897
-13.3559
-13.1065
-12.8358
-12.552
-12.2618
-11.9538
-11.6245
-11.278
-10.9174
-10.5433
-10.1564
-9.75775
-9.34862
-8.93023
-8.50394
-8.07114
-7.63351
-7.19185
-6.74751
-6.30191
-5.85858
-5.414
-4.99056
-4.49095
-4.09015
-3.8302
-3.61381
-3.38939
-3.17793
-2.99679
-2.83827
-2.69381
-2.56299
-2.44663
-2.34331
)
;

boundaryField
{
    walls
    {
        type            zeroGradient;
    }
    frontAndBack
    {
        type            empty;
    }
    farfield
    {
        type            outletInlet;
        outletValue     uniform 0;
        value           nonuniform List<scalar> 
76
(
-0.295075
-1.25866
-2.22543
-3.18487
-4.12667
-5.04141
-5.92162
-6.76135
-7.55613
-8.30321
-9.00137
-9.65066
-10.252
-10.8069
-11.3171
-11.7847
-12.2117
-12.5999
-12.9514
-13.2677
-13.5504
-13.801
-14.0207
-14.2105
-14.3716
-14.5046
-14.6104
-14.6896
-14.7435
-14.7708
-14.7729
-14.7521
-14.7137
-14.6535
-14.5625
-14.4498
-14.3182
-14.1674
-13.997
-13.805
-13.5897
-13.3559
-13.1065
-12.8358
-12.552
-12.2618
-11.9538
-11.6245
-11.278
-10.9174
-10.5433
-10.1564
-9.75775
-9.34862
-8.93023
-8.50394
-8.07114
-7.63351
-7.19185
-6.74751
-6.30191
-5.85858
-5.414
-4.99056
0
0
0
0
0
0
0
0
0
0
0
0
)
;
    }
    procBoundary0to1
    {
        type            processor;
        value           nonuniform List<scalar> 
101
(
-139.431
-139.431
-139.431
-139.431
-139.43
-139.43
-139.43
-139.43
-139.43
-139.429
-139.429
-139.428
-139.428
-148.647
-148.647
-148.645
-148.644
-148.642
-148.639
-148.636
-148.633
-148.629
-148.625
-148.62
-148.614
-148.608
-148.6
-158.006
-158.006
-157.995
-157.983
-157.968
-157.95
-157.93
-157.906
-157.878
-157.845
-157.807
-157.763
-157.712
-157.653
-157.586
-157.508
-157.419
-157.318
-157.201
-157.068
-156.915
-156.74
-156.54
-156.313
-156.056
-155.769
-155.448
-155.086
-154.687
-154.174
-153.669
-153.092
-152.479
-151.847
-151.211
-150.584
-149.99
-149.459
-149.028
-148.74
-148.645
-148.787
-149.197
-149.871
-150.748
-151.689
-152.465
-152.76
-152.208
-150.45
-147.216
-142.385
-136.046
-128.42
-119.828
-110.636
-101.197
-91.8151
-82.7237
-74.0838
-66.0023
-58.5234
-51.663
-45.393
-39.6935
-34.4855
-29.7598
-25.3673
-21.3755
-17.4779
-13.9282
-10.1165
-6.45321
-2.25238
)
;
    }
    procBoundary0to2
    {
        type            processor;
        value           nonuniform List<scalar> 
113
(
-1287.67
-1287.59
-1287.53
-1287.37
-1287.03
-1286.42
-1285.43
-1283.94
-1281.84
-2338.67
-2338.67
-3230.86
-3230.86
-3774.03
-3774.03
-3766.29
-3756.76
-3745.35
-3732.07
-3716.85
-3699.5
-3679.86
-3657.79
-3633.14
-3605.64
-3575
-3540.92
-3503.1
-3461.3
-3415.16
-3364.11
-3307.87
-3420.11
-3420.11
-3364.34
-3302.98
-3235.59
-3161.94
-3081.83
-2995.11
-2901.75
-2801.84
-2695.68
-2583.73
-2466.04
-2343.66
73.0117
-395.513
-920.69
-1448.36
-1909.69
-2222.46
-2222.46
406.324
408.335
409.382
408.51
405.875
405.449
408.744
408.744
540.686
527.348
517.361
517.361
576.165
552.57
527.675
501.667
474.884
447.574
420.002
392.411
365.033
338.108
311.884
286.501
261.87
238.115
216.257
196.572
145.055
145.055
130.877
116.924
103.906
91.8443
80.8349
70.8439
61.8324
53.7439
46.5187
40.0938
34.4062
29.394
24.9977
21.1574
17.8191
14.9334
12.4539
10.3366
8.54096
7.02435
5.7493
4.70721
3.89361
1.66301
1.66301
1.31517
1.03874
0.832583
0.700417
0.655028
)
;
    }
}


// ************************************************************************* //
