/*--------------------------------*- C++ -*----------------------------------*\
| =========                 |                                                 |
| \\      /  F ield         | OpenFOAM: The Open Source CFD Toolbox           |
|  \\    /   O peration     | Version:  2412                                  |
|   \\  /    A nd           | Website:  www.openfoam.com                      |
|    \\/     M anipulation  |                                                 |
\*---------------------------------------------------------------------------*/
FoamFile
{
    version     2.0;
    format      ascii;
    arch        "LSB;label=32;scalar=64";
    class       volScalarField;
    location    "60";
    object      nuTilda;
}
// * * * * * * * * * * * * * * * * * * * * * * * * * * * * * * * * * * * * * //

dimensions      [0 2 -1 0 0 0 0];

internalField   nonuniform List<scalar> 
7373
(
2.35437e-06
2.35825e-06
2.36206e-06
2.36572e-06
2.36923e-06
2.37257e-06
2.37579e-06
2.37883e-06
2.38172e-06
2.38447e-06
2.38703e-06
2.38938e-06
2.39152e-06
2.39348e-06
2.39522e-06
2.39669e-06
2.39792e-06
2.39887e-06
2.39954e-06
2.39992e-06
2.39995e-06
2.39959e-06
2.39886e-06
2.39774e-06
2.39619e-06
2.39417e-06
2.39161e-06
2.38853e-06
2.3849e-06
2.38066e-06
2.37587e-06
2.37044e-06
2.36434e-06
2.35761e-06
2.35021e-06
2.34214e-06
2.33336e-06
2.32387e-06
2.31362e-06
2.30249e-06
2.29047e-06
2.27757e-06
2.26361e-06
2.24864e-06
2.23264e-06
2.21546e-06
2.19722e-06
2.17785e-06
2.15731e-06
2.13556e-06
2.1126e-06
2.0882e-06
2.06216e-06
2.03396e-06
2.00287e-06
1.96763e-06
1.92593e-06
1.87452e-06
1.80686e-06
1.7117e-06
1.56986e-06
1.34976e-06
1.01616e-06
6.20356e-07
8.98868e-07
1.75958e-06
2.7406e-06
3.61588e-06
7.37234e-06
7.38417e-06
7.39566e-06
7.4066e-06
7.41717e-06
7.42718e-06
7.43669e-06
7.4457e-06
7.45423e-06
7.46224e-06
7.46963e-06
7.47645e-06
7.48263e-06
7.48817e-06
7.49296e-06
7.49698e-06
7.50025e-06
7.50265e-06
7.50416e-06
7.50474e-06
7.50424e-06
7.50255e-06
7.49966e-06
7.49551e-06
7.49e-06
7.48297e-06
7.47424e-06
7.46386e-06
7.45168e-06
7.43756e-06
7.42163e-06
7.40367e-06
7.38361e-06
7.36142e-06
7.33706e-06
7.31053e-06
7.2817e-06
7.25045e-06
7.21672e-06
7.18006e-06
7.14051e-06
7.09801e-06
7.052e-06
7.00259e-06
6.94974e-06
6.89306e-06
6.83282e-06
6.76882e-06
6.70094e-06
6.62908e-06
6.55317e-06
6.47246e-06
6.38628e-06
6.29293e-06
6.19002e-06
6.07328e-06
5.93534e-06
5.76572e-06
5.54319e-06
5.23269e-06
4.7759e-06
4.08182e-06
3.05938e-06
1.88627e-06
2.81498e-06
5.38027e-06
8.23961e-06
1.08439e-05
1.30452e-05
1.30651e-05
1.30841e-05
1.31021e-05
1.31194e-05
1.31357e-05
1.3151e-05
1.31654e-05
1.31789e-05
1.31914e-05
1.32028e-05
1.32132e-05
1.32224e-05
1.32305e-05
1.32372e-05
1.32427e-05
1.32468e-05
1.32494e-05
1.32504e-05
1.32497e-05
1.32471e-05
1.32423e-05
1.32355e-05
1.32263e-05
1.32146e-05
1.32001e-05
1.31827e-05
1.31622e-05
1.31382e-05
1.31109e-05
1.30801e-05
1.30456e-05
1.30071e-05
1.29647e-05
1.29182e-05
1.28675e-05
1.28125e-05
1.27528e-05
1.26883e-05
1.26183e-05
1.25427e-05
1.24613e-05
1.23731e-05
1.22783e-05
1.21769e-05
1.2068e-05
1.19522e-05
1.1829e-05
1.16983e-05
1.15601e-05
1.14137e-05
1.12581e-05
1.10919e-05
1.09118e-05
1.07133e-05
1.04882e-05
1.0223e-05
9.89867e-06
9.47655e-06
8.89683e-06
8.06375e-06
6.83951e-06
5.10568e-06
3.19704e-06
4.95896e-06
9.15074e-06
1.36915e-05
1.79894e-05
1.94481e-05
1.94753e-05
1.9501e-05
1.95251e-05
1.95478e-05
1.9569e-05
1.95887e-05
1.9607e-05
1.96237e-05
1.96389e-05
1.96525e-05
1.96645e-05
1.96749e-05
1.96834e-05
1.96901e-05
1.96949e-05
1.96976e-05
1.96981e-05
1.96962e-05
1.96917e-05
1.96843e-05
1.96738e-05
1.966e-05
1.96426e-05
1.96213e-05
1.95958e-05
1.95657e-05
1.95307e-05
1.94904e-05
1.94449e-05
1.93938e-05
1.93367e-05
1.92735e-05
1.9204e-05
1.91278e-05
1.9045e-05
1.89549e-05
1.88573e-05
1.87516e-05
1.86369e-05
1.85128e-05
1.83791e-05
1.82343e-05
1.80786e-05
1.79115e-05
1.77324e-05
1.75415e-05
1.73384e-05
1.71229e-05
1.68947e-05
1.66532e-05
1.63965e-05
1.61225e-05
1.58255e-05
1.54991e-05
1.51294e-05
1.46964e-05
1.41714e-05
1.34962e-05
1.25878e-05
1.13186e-05
9.52108e-06
7.07913e-06
4.51823e-06
7.33543e-06
1.29904e-05
1.89263e-05
2.47868e-05
2.66577e-05
2.66905e-05
2.67207e-05
2.67486e-05
2.67743e-05
2.67979e-05
2.68193e-05
2.68386e-05
2.68557e-05
2.68706e-05
2.68834e-05
2.68938e-05
2.69021e-05
2.69079e-05
2.69112e-05
2.69119e-05
2.69097e-05
2.69046e-05
2.68961e-05
2.6884e-05
2.68679e-05
2.68474e-05
2.68221e-05
2.67919e-05
2.67559e-05
2.67139e-05
2.66655e-05
2.66099e-05
2.65468e-05
2.64759e-05
2.63969e-05
2.63091e-05
2.62124e-05
2.61064e-05
2.59903e-05
2.58641e-05
2.57272e-05
2.55786e-05
2.54176e-05
2.52429e-05
2.50538e-05
2.48496e-05
2.46289e-05
2.43912e-05
2.4136e-05
2.38626e-05
2.35709e-05
2.32606e-05
2.29315e-05
2.25832e-05
2.22149e-05
2.1824e-05
2.14075e-05
2.09568e-05
2.04632e-05
1.99065e-05
1.92598e-05
1.84839e-05
1.75006e-05
1.62064e-05
1.44496e-05
1.20505e-05
8.92492e-06
5.83294e-06
9.92389e-06
1.68236e-05
2.38109e-05
3.10271e-05
3.47491e-05
3.47841e-05
3.48151e-05
3.48429e-05
3.48676e-05
3.48893e-05
3.4908e-05
3.49238e-05
3.49367e-05
3.49468e-05
3.49538e-05
3.49579e-05
3.49591e-05
3.49572e-05
3.49521e-05
3.49435e-05
3.49312e-05
3.49149e-05
3.48943e-05
3.48688e-05
3.48379e-05
3.4801e-05
3.47578e-05
3.47076e-05
3.46496e-05
3.45834e-05
3.45084e-05
3.44234e-05
3.4328e-05
3.42219e-05
3.41044e-05
3.39746e-05
3.38323e-05
3.36768e-05
3.35071e-05
3.3323e-05
3.31233e-05
3.29065e-05
3.26716e-05
3.2417e-05
3.21415e-05
3.18436e-05
3.15222e-05
3.11761e-05
3.08047e-05
3.04072e-05
2.99832e-05
2.95327e-05
2.90557e-05
2.85516e-05
2.80198e-05
2.74567e-05
2.68584e-05
2.62131e-05
2.55101e-05
2.47212e-05
2.38135e-05
2.2737e-05
2.13926e-05
1.96613e-05
1.73745e-05
1.43602e-05
1.05988e-05
7.14461e-06
1.26728e-05
2.05673e-05
2.82158e-05
3.65242e-05
4.3781e-05
4.38129e-05
4.3839e-05
4.38607e-05
4.38781e-05
4.38915e-05
4.39009e-05
4.39063e-05
4.3908e-05
4.39059e-05
4.39001e-05
4.38904e-05
4.38771e-05
4.38599e-05
4.38385e-05
4.38127e-05
4.37822e-05
4.37466e-05
4.37053e-05
4.36578e-05
4.36029e-05
4.35403e-05
4.34692e-05
4.33889e-05
4.3298e-05
4.31963e-05
4.30828e-05
4.2956e-05
4.28152e-05
4.26601e-05
4.24896e-05
4.23026e-05
4.20987e-05
4.18767e-05
4.16356e-05
4.13746e-05
4.10918e-05
4.07854e-05
4.04536e-05
4.00947e-05
3.97069e-05
3.92878e-05
3.88367e-05
3.83518e-05
3.78321e-05
3.72772e-05
3.66861e-05
3.60595e-05
3.53976e-05
3.46999e-05
3.39663e-05
3.31916e-05
3.23715e-05
3.14902e-05
3.05353e-05
2.94693e-05
2.82549e-05
2.68297e-05
2.50747e-05
2.28607e-05
2.00114e-05
1.63861e-05
1.2066e-05
8.48653e-06
1.55058e-05
2.41266e-05
3.20078e-05
4.11027e-05
5.37333e-05
5.37555e-05
5.37688e-05
5.37764e-05
5.3778e-05
5.37743e-05
5.37652e-05
5.37509e-05
5.37317e-05
5.37077e-05
5.36788e-05
5.36452e-05
5.36069e-05
5.35638e-05
5.35154e-05
5.34615e-05
5.34017e-05
5.33354e-05
5.32619e-05
5.31803e-05
5.30893e-05
5.29882e-05
5.28762e-05
5.27521e-05
5.26143e-05
5.24626e-05
5.22955e-05
5.21111e-05
5.19088e-05
5.16879e-05
5.14469e-05
5.11845e-05
5.09002e-05
5.05922e-05
5.02591e-05
4.98998e-05
4.95117e-05
4.90922e-05
4.86387e-05
4.81498e-05
4.76226e-05
4.70539e-05
4.64438e-05
4.57896e-05
4.50899e-05
4.43449e-05
4.35531e-05
4.2716e-05
4.18341e-05
4.09069e-05
3.9935e-05
3.89113e-05
3.78312e-05
3.66743e-05
3.54267e-05
3.40403e-05
3.24758e-05
3.06561e-05
2.84445e-05
2.57096e-05
2.22773e-05
1.80684e-05
1.3306e-05
9.97166e-06
1.83297e-05
2.73945e-05
3.50542e-05
4.46046e-05
6.44223e-05
6.44284e-05
6.44218e-05
6.44076e-05
6.43851e-05
6.43556e-05
6.43189e-05
6.42755e-05
6.42256e-05
6.41695e-05
6.41072e-05
6.40388e-05
6.39647e-05
6.38845e-05
6.37978e-05
6.37041e-05
6.36029e-05
6.34938e-05
6.33756e-05
6.32472e-05
6.31068e-05
6.29537e-05
6.27869e-05
6.26048e-05
6.24055e-05
6.21888e-05
6.19528e-05
6.16952e-05
6.1415e-05
6.11117e-05
6.07831e-05
6.04279e-05
6.00451e-05
5.96326e-05
5.91888e-05
5.87114e-05
5.81974e-05
5.76436e-05
5.70465e-05
5.64048e-05
5.57143e-05
5.49714e-05
5.4177e-05
5.33272e-05
5.24203e-05
5.14572e-05
5.04359e-05
4.93585e-05
4.82261e-05
4.70379e-05
4.57952e-05
4.44888e-05
4.31135e-05
4.16442e-05
4.0065e-05
3.83168e-05
3.6361e-05
3.41032e-05
3.13941e-05
2.81099e-05
2.40906e-05
1.93578e-05
1.43196e-05
1.20858e-05
2.10392e-05
3.02545e-05
3.72345e-05
4.69008e-05
7.55869e-05
7.5573e-05
7.55419e-05
7.55007e-05
7.54486e-05
7.53874e-05
7.53166e-05
7.52369e-05
7.51489e-05
7.50528e-05
7.49488e-05
7.48371e-05
7.4718e-05
7.45913e-05
7.44564e-05
7.43127e-05
7.41597e-05
7.39968e-05
7.38227e-05
7.36358e-05
7.3434e-05
7.32165e-05
7.2982e-05
7.27288e-05
7.24546e-05
7.21591e-05
7.18402e-05
7.1495e-05
7.11223e-05
7.07216e-05
7.02903e-05
6.98267e-05
6.93296e-05
6.87965e-05
6.82251e-05
6.76127e-05
6.69553e-05
6.62491e-05
6.54896e-05
6.46757e-05
6.38022e-05
6.28646e-05
6.18647e-05
6.07975e-05
5.9661e-05
5.84565e-05
5.71816e-05
5.58387e-05
5.44299e-05
5.29533e-05
5.14109e-05
4.97915e-05
4.80881e-05
4.6272e-05
4.43236e-05
4.21742e-05
3.97885e-05
3.70522e-05
3.38118e-05
2.99645e-05
2.53779e-05
2.02243e-05
1.51399e-05
1.48615e-05
2.35186e-05
3.25879e-05
3.85076e-05
4.79094e-05
5.81533e-05
8.70427e-05
8.70066e-05
8.69482e-05
8.68768e-05
8.67913e-05
8.66939e-05
8.65842e-05
8.64629e-05
8.6331e-05
8.61887e-05
8.60361e-05
8.58738e-05
8.5702e-05
8.55206e-05
8.53285e-05
8.51255e-05
8.49109e-05
8.46839e-05
8.4443e-05
8.41864e-05
8.39114e-05
8.36172e-05
8.33025e-05
8.29652e-05
8.26025e-05
8.22146e-05
8.17988e-05
8.13516e-05
8.08719e-05
8.03589e-05
7.98096e-05
7.92222e-05
7.85952e-05
7.79253e-05
7.72102e-05
7.6446e-05
7.5628e-05
7.47517e-05
7.38119e-05
7.28074e-05
7.17319e-05
7.05803e-05
6.93552e-05
6.80503e-05
6.66635e-05
6.51961e-05
6.36458e-05
6.20145e-05
6.03052e-05
5.85151e-05
5.66458e-05
5.46848e-05
5.26215e-05
5.04255e-05
4.80707e-05
4.54826e-05
4.26313e-05
3.93806e-05
3.55868e-05
3.1185e-05
2.60871e-05
2.06702e-05
1.58513e-05
1.77127e-05
2.56488e-05
3.42858e-05
3.88904e-05
4.76238e-05
5.67545e-05
7.68621e-05
9.86918e-05
9.86316e-05
9.85434e-05
9.84387e-05
9.83164e-05
9.8179e-05
9.80258e-05
9.7858e-05
9.76766e-05
9.7482e-05
9.72742e-05
9.7054e-05
9.68219e-05
9.65772e-05
9.63191e-05
9.60472e-05
9.57606e-05
9.54587e-05
9.51395e-05
9.4801e-05
9.44402e-05
9.40561e-05
9.36475e-05
9.32119e-05
9.27464e-05
9.2251e-05
9.17229e-05
9.11581e-05
9.05555e-05
8.99139e-05
8.92302e-05
8.85022e-05
8.7728e-05
8.6904e-05
8.60272e-05
8.50929e-05
8.40957e-05
8.30301e-05
8.18904e-05
8.06753e-05
7.93773e-05
7.79912e-05
7.65198e-05
7.49558e-05
7.32972e-05
7.15447e-05
6.96964e-05
6.77533e-05
6.57191e-05
6.35901e-05
6.13658e-05
5.90345e-05
5.65785e-05
5.39698e-05
5.11712e-05
4.81095e-05
4.47607e-05
4.0968e-05
3.66177e-05
3.1706e-05
2.62007e-05
2.07482e-05
1.66874e-05
2.03936e-05
2.73207e-05
3.52644e-05
3.84453e-05
4.61478e-05
5.24771e-05
7.55769e-05
0.00010313
0.000110478
0.000110391
0.00011027
0.000110129
0.000109966
0.000109784
0.000109582
0.000109362
0.000109126
0.000108872
0.000108602
0.000108316
0.000108015
0.000107698
0.000107364
0.000107012
0.000106642
0.000106254
0.000105843
0.00010541
0.000104949
0.00010446
0.000103942
0.000103392
0.000102808
0.000102188
0.000101531
0.000100831
0.000100088
9.92998e-05
9.84633e-05
9.7576e-05
9.66358e-05
9.56383e-05
9.45799e-05
9.34552e-05
9.22578e-05
9.09816e-05
8.96202e-05
8.81723e-05
8.66291e-05
8.49856e-05
8.32444e-05
8.13975e-05
7.94434e-05
7.73813e-05
7.521e-05
7.29297e-05
7.05434e-05
6.80481e-05
6.54382e-05
6.27062e-05
5.98222e-05
5.6768e-05
5.34872e-05
4.9922e-05
4.60511e-05
4.17036e-05
3.68281e-05
3.15005e-05
2.57543e-05
2.05855e-05
1.84327e-05
2.27643e-05
2.84552e-05
3.5501e-05
3.73039e-05
4.37118e-05
4.59325e-05
7.16012e-05
0.000104299
0.000122357
0.00012224
0.000122081
0.000121899
0.00012169
0.000121458
0.000121202
0.000120924
0.000120624
0.000120304
0.000119963
0.000119603
0.000119223
0.000118824
0.000118402
0.000117959
0.000117493
0.000117004
0.000116488
0.000115944
0.000115368
0.000114758
0.000114114
0.000113432
0.00011271
0.000111949
0.000111143
0.000110289
0.000109386
0.000108431
0.000107422
0.000106355
0.000105228
0.000104036
0.000102774
0.000101437
0.000100017
9.85064e-05
9.68995e-05
9.51942e-05
9.3381e-05
9.14548e-05
8.94181e-05
8.7262e-05
8.49859e-05
8.2587e-05
8.00648e-05
7.74189e-05
7.465e-05
7.1758e-05
6.87282e-05
6.55625e-05
6.22122e-05
5.86798e-05
5.48799e-05
5.0791e-05
4.63883e-05
4.14992e-05
3.61838e-05
3.05993e-05
2.48644e-05
2.0453e-05
2.08402e-05
2.47122e-05
2.90265e-05
3.50911e-05
3.56791e-05
4.06431e-05
3.98311e-05
6.49725e-05
0.000102546
0.000134281
0.000134128
0.000133927
0.000133697
0.000133436
0.000133147
0.000132829
0.000132484
0.000132114
0.000131718
0.000131296
0.000130851
0.000130382
0.000129887
0.000129366
0.000128818
0.000128241
0.000127636
0.000126999
0.000126327
0.000125617
0.000124868
0.000124078
0.000123246
0.000122367
0.000121443
0.000120468
0.00011944
0.000118355
0.000117213
0.000116009
0.000114741
0.000113405
0.000111996
0.000110508
0.000108934
0.000107266
0.000105497
0.000103619
0.00010163
9.95199e-05
9.72837e-05
9.49238e-05
9.243e-05
8.98029e-05
8.70375e-05
8.4133e-05
8.10902e-05
7.79041e-05
7.45816e-05
7.10938e-05
6.7459e-05
6.36018e-05
5.95628e-05
5.52127e-05
5.06017e-05
4.56834e-05
4.03094e-05
3.47122e-05
2.91265e-05
2.37732e-05
2.13871e-05
2.30106e-05
2.61666e-05
2.9085e-05
3.42276e-05
3.38564e-05
3.73267e-05
3.53865e-05
5.62134e-05
9.74606e-05
0.000146196
0.000145998
0.000145747
0.000145462
0.00014514
0.000144785
0.000144396
0.000143975
0.000143522
0.000143039
0.000142526
0.000141983
0.000141411
0.000140808
0.000140172
0.000139502
0.000138799
0.00013806
0.000137283
0.000136465
0.000135601
0.000134692
0.000133737
0.000132732
0.000131675
0.000130566
0.0001294
0.000128175
0.000126886
0.000125534
0.000124113
0.000122621
0.000121052
0.000119401
0.000117663
0.000115827
0.000113887
0.000111832
0.000109656
0.000107356
0.00010492
0.000102345
9.96327e-05
9.67706e-05
9.37612e-05
9.05968e-05
8.72753e-05
8.38012e-05
8.01595e-05
7.63698e-05
7.23823e-05
6.82423e-05
6.38388e-05
5.9277e-05
5.43612e-05
4.92706e-05
4.38989e-05
3.81592e-05
3.25433e-05
2.73528e-05
2.36158e-05
2.32637e-05
2.47757e-05
2.71218e-05
2.87675e-05
3.31891e-05
3.21697e-05
3.4236e-05
3.25504e-05
4.62315e-05
8.89212e-05
0.000158036
0.000157785
0.000157473
0.000157121
0.000156728
0.000156295
0.000155823
0.000155313
0.000154766
0.000154182
0.000153562
0.000152907
0.000152216
0.000151488
0.000150719
0.000149911
0.000149061
0.000148169
0.000147231
0.000146245
0.000145206
0.000144115
0.00014297
0.00014177
0.000140511
0.000139194
0.000137814
0.000136367
0.000134852
0.000133266
0.000131604
0.000129863
0.000128038
0.000126121
0.000124105
0.000121983
0.000119742
0.000117374
0.000114871
0.000112232
0.000109441
0.000106497
0.0001034
0.000100138
9.67117e-05
9.31136e-05
8.93363e-05
8.5394e-05
8.12545e-05
7.69588e-05
7.24291e-05
6.77532e-05
6.27803e-05
5.76992e-05
5.22336e-05
4.67774e-05
4.10895e-05
3.51883e-05
2.99716e-05
2.60938e-05
2.46957e-05
2.49405e-05
2.60758e-05
2.76531e-05
2.82877e-05
3.22935e-05
3.10678e-05
3.20522e-05
3.11758e-05
3.8907e-05
7.74683e-05
0.000169728
0.000169408
0.000169022
0.00016859
0.00016811
0.000167585
0.000167015
0.0001664
0.000165742
0.000165041
0.000164297
0.000163512
0.000162684
0.000161811
0.000160889
0.00015992
0.000158902
0.000157834
0.000156712
0.000155534
0.000154296
0.000152998
0.00015164
0.000150219
0.000148733
0.000147183
0.000145564
0.000143872
0.000142105
0.000140259
0.000138332
0.000136318
0.000134211
0.000132002
0.000129684
0.000127246
0.000124678
0.000121968
0.00011911
0.0001161
0.000112924
0.000109578
0.000106065
0.000102367
9.84866e-05
9.44175e-05
9.01417e-05
8.56927e-05
8.10108e-05
7.61726e-05
7.10704e-05
6.58401e-05
6.03068e-05
5.47542e-05
4.88078e-05
4.32194e-05
3.74683e-05
3.17272e-05
2.80833e-05
2.62201e-05
2.59721e-05
2.62496e-05
2.69493e-05
2.79121e-05
2.79183e-05
3.18447e-05
3.12501e-05
3.17314e-05
3.11969e-05
3.46147e-05
6.4382e-05
0.000181184
0.000180777
0.0001803
0.000179769
0.000179185
0.000178549
0.000177861
0.000177122
0.000176334
0.000175494
0.000174606
0.000173669
0.000172681
0.000171639
0.000170541
0.000169387
0.000168176
0.000166906
0.000165575
0.000164178
0.000162714
0.000161183
0.000159584
0.000157917
0.000156178
0.000154369
0.000152485
0.000150522
0.000148477
0.000146348
0.00014413
0.000141817
0.000139402
0.000136875
0.000134227
0.000131446
0.000128522
0.000125441
0.000122197
0.000118784
0.000115191
0.00011141
0.000107445
0.000103275
9.88974e-05
9.43178e-05
8.94967e-05
8.45046e-05
7.9245e-05
7.38348e-05
6.81562e-05
6.2387e-05
5.63603e-05
5.04756e-05
4.41929e-05
3.88972e-05
3.35562e-05
2.96876e-05
2.76957e-05
2.71437e-05
2.70412e-05
2.7184e-05
2.75209e-05
2.81052e-05
2.8271e-05
3.21076e-05
3.23438e-05
3.26775e-05
3.22538e-05
3.31324e-05
5.15842e-05
0.0001923
0.000191784
0.000191193
0.000190541
0.000189829
0.000189059
0.00018823
0.000187344
0.0001864
0.000185398
0.00018434
0.000183225
0.000182051
0.000180814
0.000179512
0.000178145
0.000176712
0.000175212
0.000173642
0.000171998
0.000170279
0.000168486
0.00016662
0.000164678
0.00016266
0.000160565
0.00015839
0.00015613
0.000153782
0.000151344
0.000148809
0.000146171
0.000143422
0.00014055
0.000137544
0.000134392
0.000131081
0.0001276
0.000123936
0.000120088
0.000116045
0.000111793
0.000107337
0.000102653
9.77329e-05
9.26041e-05
8.72003e-05
8.16311e-05
7.5779e-05
6.97931e-05
6.3589e-05
5.73746e-05
5.10203e-05
4.51139e-05
3.87278e-05
3.47034e-05
3.12615e-05
2.92201e-05
2.83011e-05
2.79615e-05
2.78414e-05
2.78471e-05
2.79753e-05
2.85338e-05
2.95049e-05
3.31777e-05
3.39738e-05
3.42868e-05
3.39085e-05
3.35919e-05
4.38159e-05
0.00020421
0.000204241
0.000204192
0.000204064
0.000203865
0.000203599
0.00020329
0.000203008
0.000202956
0.000202301
0.000201568
0.000200768
0.0001999
0.000198967
0.000197969
0.000196906
0.000195777
0.000194583
0.000193325
0.000192002
0.000190611
0.000189148
0.00018761
0.000185999
0.000184313
0.000182551
0.000180711
0.000178789
0.000176786
0.000174702
0.000172539
0.000170296
0.000167971
0.000165564
0.000163071
0.000160488
0.000157812
0.000155039
0.000152163
0.000149174
0.000146064
0.000142819
0.000139427
0.000135873
0.000132145
0.000128231
0.000124114
0.000119794
0.000115268
0.000110505
0.000105515
0.000100277
9.47704e-05
8.90596e-05
8.30507e-05
7.68904e-05
7.04775e-05
6.39816e-05
5.74142e-05
5.1e-05
4.46275e-05
3.94124e-05
3.48139e-05
3.22943e-05
3.06513e-05
2.94759e-05
2.88697e-05
2.85964e-05
2.84532e-05
2.84134e-05
2.8587e-05
2.97979e-05
3.12651e-05
3.48157e-05
3.58271e-05
3.61121e-05
3.57744e-05
3.49634e-05
3.96152e-05
0.000215369
0.000215291
0.000215122
0.000214869
0.000214539
0.000214141
0.000213702
0.000213291
0.000213003
0.000212174
0.000211266
0.000210282
0.000209223
0.000208093
0.000206891
0.000205617
0.000204269
0.000202849
0.000201356
0.00019979
0.000198147
0.000196422
0.000194614
0.000192724
0.000190751
0.000188695
0.000186552
0.000184321
0.000182002
0.000179599
0.000177111
0.000174538
0.000171879
0.000169134
0.000166298
0.000163368
0.000160339
0.000157207
0.000153963
0.000150598
0.000147099
0.000143453
0.000139646
0.000135659
0.000131481
0.000127101
0.000122493
0.000117662
0.000112621
0.000107307
0.000101734
9.59106e-05
8.97815e-05
8.34802e-05
7.68801e-05
7.018e-05
6.33479e-05
5.65565e-05
4.99845e-05
4.39387e-05
3.90632e-05
3.55885e-05
3.27087e-05
3.16202e-05
3.05536e-05
2.97703e-05
2.93372e-05
2.91284e-05
2.9039e-05
2.91538e-05
2.99589e-05
3.15707e-05
3.32397e-05
3.67876e-05
3.7667e-05
3.78759e-05
3.75806e-05
3.66767e-05
3.78098e-05
0.000226051
0.000225826
0.000225498
0.00022508
0.000224582
0.000224013
0.000223405
0.000222814
0.000222258
0.000221214
0.000220088
0.000218879
0.000217589
0.000216222
0.000214775
0.00021325
0.000211644
0.000209957
0.000208191
0.000206342
0.000204408
0.000202384
0.000200268
0.000198063
0.000195768
0.000193383
0.000190904
0.000188332
0.000185669
0.000182917
0.000180076
0.000177148
0.000174132
0.000171024
0.000167822
0.000164521
0.000161116
0.0001576
0.000153965
0.000150197
0.00014628
0.000142203
0.000137952
0.000133498
0.000128834
0.000123953
0.000118815
0.000113443
0.000107847
0.000101944
9.57364e-05
8.9329e-05
8.25661e-05
7.57404e-05
6.86615e-05
6.16341e-05
5.47438e-05
4.81837e-05
4.3014e-05
3.8828e-05
3.56e-05
3.38234e-05
3.21377e-05
3.13282e-05
3.05961e-05
3.00694e-05
2.97926e-05
2.97194e-05
2.98871e-05
3.06145e-05
3.17924e-05
3.35417e-05
3.52001e-05
3.88293e-05
3.93238e-05
3.94268e-05
3.91747e-05
3.83645e-05
3.8923e-05
0.000236125
0.000235701
0.000235165
0.000234535
0.000233819
0.000233032
0.000232203
0.000231371
0.000230493
0.000229185
0.000227794
0.000226312
0.000224743
0.000223091
0.000221354
0.000219532
0.000217623
0.000215627
0.000213544
0.000211371
0.000209105
0.000206742
0.00020428
0.000201723
0.000199071
0.000196323
0.000193477
0.000190535
0.0001875
0.000184373
0.000181155
0.000177849
0.000174452
0.000170961
0.000167372
0.000163678
0.000159874
0.000155952
0.000151901
0.000147703
0.000143337
0.000138798
0.000134076
0.00012912
0.000123939
0.000118513
0.000112822
0.000106879
0.000100687
9.41733e-05
8.72971e-05
8.03964e-05
7.30644e-05
6.59796e-05
5.87462e-05
5.19736e-05
4.64804e-05
4.18564e-05
3.83521e-05
3.59759e-05
3.41185e-05
3.29001e-05
3.18345e-05
3.12483e-05
3.07775e-05
3.04729e-05
3.04033e-05
3.07143e-05
3.14258e-05
3.24885e-05
3.37998e-05
3.54858e-05
3.70018e-05
4.05293e-05
4.06885e-05
4.07029e-05
4.04959e-05
3.98693e-05
4.01974e-05
0.000245389
0.000244705
0.0002439
0.000242998
0.000242006
0.000240939
0.000239824
0.000238677
0.00023742
0.000235794
0.000234082
0.000232272
0.000230372
0.000228384
0.000226306
0.000224138
0.000221878
0.000219527
0.000217084
0.000214544
0.000211904
0.000209162
0.000206317
0.000203373
0.000200331
0.000197191
0.000193951
0.000190614
0.000187183
0.00018366
0.000180046
0.000176342
0.000172545
0.000168653
0.00016466
0.000160554
0.000156329
0.000151976
0.000147486
0.00014283
0.000137985
0.000132962
0.00012773
0.000122251
0.000116515
0.000110504
0.000104259
9.77218e-05
9.09279e-05
8.38621e-05
7.63414e-05
6.93003e-05
6.1615e-05
5.50698e-05
4.93003e-05
4.45167e-05
4.07385e-05
3.79741e-05
3.59862e-05
3.44379e-05
3.32345e-05
3.24194e-05
3.17769e-05
3.14185e-05
3.12043e-05
3.11677e-05
3.16097e-05
3.2346e-05
3.33275e-05
3.44947e-05
3.57711e-05
3.72623e-05
3.85693e-05
4.16915e-05
4.17421e-05
4.17059e-05
4.15506e-05
4.11475e-05
4.12807e-05
0.000253568
0.000252547
0.000251402
0.000250156
0.000248816
0.000247397
0.000245919
0.000244376
0.000242681
0.000240676
0.000238581
0.000236385
0.000234096
0.000231718
0.000229246
0.000226682
0.000224025
0.000221273
0.000218425
0.000215478
0.000212426
0.00020927
0.00020601
0.000202649
0.000199191
0.000195634
0.000191978
0.000188226
0.000184383
0.00018045
0.000176425
0.000172308
0.000168096
0.000163789
0.000159381
0.000154846
0.000150179
0.000145378
0.00014042
0.000135283
0.000129943
0.000124406
0.000118629
0.000112619
0.000106299
9.96831e-05
9.29476e-05
8.58557e-05
7.85808e-05
7.12964e-05
6.32384e-05
5.72367e-05
5.12905e-05
4.66077e-05
4.2643e-05
3.97545e-05
3.75884e-05
3.58424e-05
3.45411e-05
3.35632e-05
3.28393e-05
3.23653e-05
3.20539e-05
3.19546e-05
3.21214e-05
3.26024e-05
3.33542e-05
3.42724e-05
3.53158e-05
3.64358e-05
3.75739e-05
3.88008e-05
3.98791e-05
4.24523e-05
4.25432e-05
4.24754e-05
4.23793e-05
4.22352e-05
4.21707e-05
0.000260287
0.000258842
0.000257271
0.000255599
0.000253829
0.000251974
0.000250045
0.000248023
0.000245828
0.000243379
0.000240839
0.000238198
0.000235465
0.000232642
0.000229726
0.000226718
0.000223618
0.000220425
0.000217136
0.000213747
0.000210252
0.000206654
0.000202955
0.000199158
0.000195266
0.000191277
0.000187191
0.000183013
0.000178751
0.000174403
0.00016996
0.000165419
0.000160783
0.000156061
0.00015122
0.000146247
0.000141129
0.000135853
0.000130394
0.000124779
0.000118938
0.000112853
0.000106519
0.000100026
9.31482e-05
8.59752e-05
7.90385e-05
7.16289e-05
6.43564e-05
5.82624e-05
5.23871e-05
4.79553e-05
4.39686e-05
4.1169e-05
3.88551e-05
3.70514e-05
3.56714e-05
3.46175e-05
3.38511e-05
3.33129e-05
3.29623e-05
3.27998e-05
3.28257e-05
3.31792e-05
3.37271e-05
3.44488e-05
3.53004e-05
3.62304e-05
3.72074e-05
3.81927e-05
3.91412e-05
4.00817e-05
4.0942e-05
4.29401e-05
4.31669e-05
4.30581e-05
4.30331e-05
4.32308e-05
4.29377e-05
0.000265043
0.000263075
0.000260987
0.000258797
0.000256506
0.000254124
0.000251654
0.000249074
0.00024632
0.000243363
0.000240319
0.000237179
0.00023395
0.000230636
0.000227231
0.000223739
0.000220159
0.000216493
0.000212739
0.000208887
0.000204929
0.000200874
0.000196728
0.00019249
0.000188159
0.000183732
0.000179213
0.000174612
0.000169939
0.000165174
0.000160313
0.000155351
0.000150305
0.000145154
0.000139865
0.000134464
0.000128891
0.000123109
0.000117123
0.000111084
0.000104772
9.81529e-05
9.13173e-05
8.46016e-05
7.74159e-05
6.98917e-05
6.39064e-05
5.7979e-05
5.2804e-05
4.84428e-05
4.46714e-05
4.20787e-05
3.97476e-05
3.80022e-05
3.6606e-05
3.55602e-05
3.47887e-05
3.4242e-05
3.38858e-05
3.36972e-05
3.36781e-05
3.3915e-05
3.43439e-05
3.49347e-05
3.56257e-05
3.63945e-05
3.72141e-05
3.80569e-05
3.88987e-05
3.97101e-05
4.04538e-05
4.11186e-05
4.17877e-05
4.32442e-05
4.3676e-05
4.34904e-05
4.35625e-05
4.38354e-05
4.37853e-05
0.000267185
0.000264591
0.000261887
0.000259084
0.00025618
0.000253181
0.000250089
0.000246878
0.000243511
0.000239991
0.000236396
0.000232717
0.000228956
0.000225118
0.000221195
0.00021719
0.00021311
0.00020896
0.000204738
0.000200413
0.000195987
0.000191489
0.000186907
0.000182234
0.000177476
0.000172624
0.000167688
0.00016269
0.000157611
0.00015243
0.000147175
0.000141825
0.000136375
0.000130774
0.000125032
0.00011926
0.000113256
0.000106964
0.000100443
9.41916e-05
8.76253e-05
8.06538e-05
7.3574e-05
6.773e-05
6.18872e-05
5.65308e-05
5.2105e-05
4.809e-05
4.48966e-05
4.24359e-05
4.02774e-05
3.86814e-05
3.73688e-05
3.64038e-05
3.56801e-05
3.51726e-05
3.48385e-05
3.4658e-05
3.4629e-05
3.47882e-05
3.51419e-05
3.56274e-05
3.62063e-05
3.68516e-05
3.75363e-05
3.8245e-05
3.89614e-05
3.96684e-05
4.0348e-05
4.09775e-05
4.15236e-05
4.19428e-05
4.24529e-05
4.34254e-05
4.39344e-05
4.37909e-05
4.40068e-05
4.42403e-05
4.42717e-05
0.000265895
0.000262574
0.00025916
0.000255658
0.00025206
0.000248368
0.000244583
0.000240686
0.000236668
0.000232555
0.000228389
0.000224141
0.000219839
0.000215467
0.000211019
0.0002065
0.000201931
0.000197324
0.000192639
0.000187847
0.000182994
0.000178095
0.000173092
0.000168008
0.000162861
0.000157626
0.000152324
0.000146949
0.000141461
0.000135881
0.00013031
0.000124634
0.000118792
0.000112745
0.000106564
0.000100614
9.43736e-05
8.77404e-05
8.06413e-05
7.4989e-05
6.934e-05
6.37948e-05
5.87857e-05
5.44499e-05
5.04688e-05
4.71516e-05
4.46184e-05
4.23549e-05
4.05557e-05
3.91504e-05
3.80293e-05
3.72086e-05
3.65911e-05
3.6164e-05
3.58812e-05
3.57274e-05
3.56966e-05
3.58075e-05
3.60881e-05
3.64943e-05
3.69841e-05
3.75279e-05
3.8105e-05
3.87013e-05
3.93033e-05
3.99011e-05
4.0484e-05
4.10404e-05
4.15559e-05
4.20123e-05
4.23805e-05
4.25943e-05
4.29748e-05
4.3536e-05
4.40942e-05
4.40201e-05
4.42666e-05
4.4486e-05
4.45567e-05
4.45308e-05
0.000260191
0.000256056
0.000251851
0.000247594
0.000243249
0.000238818
0.000234295
0.000229689
0.000225023
0.000220327
0.00021556
0.000210751
0.000205938
0.000201068
0.000196128
0.000191138
0.000186144
0.000181115
0.000175988
0.000170792
0.000165592
0.000160341
0.000154944
0.000149495
0.000144047
0.000138524
0.000132923
0.000127193
0.000121315
0.000115365
0.000109669
0.000103836
9.77544e-05
9.13809e-05
8.4774e-05
7.94212e-05
7.4007e-05
6.86267e-05
6.3582e-05
5.92686e-05
5.51992e-05
5.15386e-05
4.84851e-05
4.60321e-05
4.38453e-05
4.2067e-05
4.06786e-05
3.95501e-05
3.8697e-05
3.80627e-05
3.7601e-05
3.72882e-05
3.70875e-05
3.69836e-05
3.69638e-05
3.7035e-05
3.72204e-05
3.75354e-05
3.79398e-05
3.83932e-05
3.88764e-05
3.93737e-05
3.98755e-05
4.03741e-05
4.08618e-05
4.13317e-05
4.17762e-05
4.21847e-05
4.25459e-05
4.28496e-05
4.30612e-05
4.31061e-05
4.33824e-05
4.36257e-05
4.4224e-05
4.42103e-05
4.44416e-05
4.46453e-05
4.4771e-05
4.48593e-05
0.000248967
0.000243931
0.000238914
0.000233902
0.000228817
0.000223636
0.000218381
0.00021311
0.000207856
0.000202545
0.000197171
0.000191845
0.000186629
0.000181359
0.000176028
0.000170678
0.000165343
0.000159947
0.00015447
0.000148982
0.000143514
0.000138011
0.000132269
0.000126514
0.00012096
0.000115349
0.000109607
0.000103659
9.74914e-05
9.11616e-05
8.59885e-05
8.08443e-05
7.56887e-05
7.06859e-05
6.60603e-05
6.19539e-05
5.80327e-05
5.44468e-05
5.13506e-05
4.88108e-05
4.65819e-05
4.46469e-05
4.30763e-05
4.18226e-05
4.08088e-05
4.00368e-05
3.94652e-05
3.90473e-05
3.8763e-05
3.85823e-05
3.84836e-05
3.84519e-05
3.84744e-05
3.85459e-05
3.86689e-05
3.8857e-05
3.91267e-05
3.94698e-05
3.98519e-05
4.02509e-05
4.06565e-05
4.10598e-05
4.14556e-05
4.18392e-05
4.2205e-05
4.25477e-05
4.28591e-05
4.31303e-05
4.33545e-05
4.35235e-05
4.36082e-05
4.3506e-05
4.36994e-05
4.38657e-05
4.43463e-05
4.43743e-05
4.45679e-05
4.47508e-05
4.4879e-05
4.49928e-05
0.00023714
0.000231026
0.000225085
0.000219286
0.000213634
0.000207893
0.000202047
0.000196161
0.000190349
0.000184503
0.000178528
0.000172538
0.000166734
0.000161339
0.000155897
0.000150396
0.00014484
0.000139292
0.000133658
0.000127953
0.000122334
0.000116736
0.000111326
0.000105374
9.93161e-05
9.42678e-05
8.92817e-05
8.42794e-05
7.93176e-05
7.45431e-05
7.01131e-05
6.61301e-05
6.23101e-05
5.87358e-05
5.55251e-05
5.27407e-05
5.03728e-05
4.82432e-05
4.63879e-05
4.4851e-05
4.36051e-05
4.25875e-05
4.17818e-05
4.11715e-05
4.07222e-05
4.04021e-05
4.01927e-05
4.00706e-05
4.00164e-05
4.00169e-05
4.00598e-05
4.01368e-05
4.0242e-05
4.0371e-05
4.05221e-05
4.06969e-05
4.08997e-05
4.11343e-05
4.13997e-05
4.16867e-05
4.19827e-05
4.22778e-05
4.25664e-05
4.28447e-05
4.31094e-05
4.33554e-05
4.35768e-05
4.37661e-05
4.3915e-05
4.40151e-05
4.40712e-05
4.40394e-05
4.38184e-05
4.39462e-05
4.4065e-05
4.44384e-05
4.45154e-05
4.46532e-05
4.48138e-05
4.49247e-05
4.50498e-05
0.000212414
0.00020543
0.000198585
0.000192013
0.000185988
0.000179892
0.000173677
0.000167368
0.000161167
0.000154705
0.000147942
0.000141088
0.00013456
0.000129415
0.000124394
0.000119294
0.000113931
0.000108774
0.000103697
9.87547e-05
9.39609e-05
8.91695e-05
8.44645e-05
7.98654e-05
7.55062e-05
7.15272e-05
6.77082e-05
6.4076e-05
6.07109e-05
5.76844e-05
5.50368e-05
5.27249e-05
5.0613e-05
4.87429e-05
4.71512e-05
4.58231e-05
4.47231e-05
4.38155e-05
4.30943e-05
4.25405e-05
4.21273e-05
4.18298e-05
4.16303e-05
4.1512e-05
4.14587e-05
4.14566e-05
4.14955e-05
4.15661e-05
4.1661e-05
4.17749e-05
4.19034e-05
4.20436e-05
4.21935e-05
4.23512e-05
4.25153e-05
4.26855e-05
4.28613e-05
4.30416e-05
4.32239e-05
4.34053e-05
4.35828e-05
4.37544e-05
4.39187e-05
4.40742e-05
4.42185e-05
4.43477e-05
4.44562e-05
4.45359e-05
4.45746e-05
4.45613e-05
4.4515e-05
4.43784e-05
4.40635e-05
4.41419e-05
4.42219e-05
4.45054e-05
4.45849e-05
4.46958e-05
4.48407e-05
4.49441e-05
4.50741e-05
0.000179836
0.000172231
0.000164365
0.000156239
0.000150311
0.000144731
0.000139159
0.000132756
0.000126988
0.00012123
0.000115607
0.000110267
0.000105286
0.000100576
9.59604e-05
9.14049e-05
8.69429e-05
8.26679e-05
7.85727e-05
7.46693e-05
7.09393e-05
6.73914e-05
6.40893e-05
6.10511e-05
5.82908e-05
5.58087e-05
5.35613e-05
5.15657e-05
4.98362e-05
4.8365e-05
4.71285e-05
4.60883e-05
4.52178e-05
4.4512e-05
4.39564e-05
4.35278e-05
4.3206e-05
4.29753e-05
4.28232e-05
4.27354e-05
4.26995e-05
4.27053e-05
4.27441e-05
4.28088e-05
4.28932e-05
4.29922e-05
4.3102e-05
4.32192e-05
4.33414e-05
4.34666e-05
4.35932e-05
4.372e-05
4.38461e-05
4.39705e-05
4.40924e-05
4.4211e-05
4.43256e-05
4.44354e-05
4.45394e-05
4.46366e-05
4.47262e-05
4.48075e-05
4.48797e-05
4.49419e-05
4.49931e-05
4.50313e-05
4.50545e-05
4.50593e-05
4.50407e-05
4.4989e-05
4.4879e-05
4.46467e-05
4.42622e-05
4.4295e-05
4.43443e-05
4.45522e-05
4.46202e-05
4.47159e-05
4.4847e-05
4.49555e-05
4.50811e-05
0.000141604
0.000135544
0.000130019
0.000125031
0.000119685
0.000114394
0.00010919
0.00010403
9.90279e-05
9.41702e-05
8.95283e-05
8.51255e-05
8.09305e-05
7.69055e-05
7.30788e-05
6.94692e-05
6.61009e-05
6.29911e-05
6.01536e-05
5.75935e-05
5.53001e-05
5.32704e-05
5.15047e-05
4.99867e-05
4.86954e-05
4.76076e-05
4.66955e-05
4.59466e-05
4.53445e-05
4.48688e-05
4.44995e-05
4.42177e-05
4.40111e-05
4.38697e-05
4.37825e-05
4.37389e-05
4.37307e-05
4.3751e-05
4.37941e-05
4.38544e-05
4.39274e-05
4.40097e-05
4.40981e-05
4.41902e-05
4.4284e-05
4.43779e-05
4.44705e-05
4.45609e-05
4.46481e-05
4.47316e-05
4.48107e-05
4.48852e-05
4.49547e-05
4.50187e-05
4.50772e-05
4.51298e-05
4.51765e-05
4.5217e-05
4.52513e-05
4.52794e-05
4.5301e-05
4.53163e-05
4.53251e-05
4.53272e-05
4.53223e-05
4.53097e-05
4.52886e-05
4.52571e-05
4.52123e-05
4.51479e-05
4.50493e-05
4.48608e-05
4.44152e-05
4.44118e-05
4.44383e-05
4.45829e-05
4.46394e-05
4.47237e-05
4.48402e-05
4.49549e-05
4.50706e-05
0.000110317
0.000105107
0.00010014
9.53236e-05
9.05639e-05
8.59981e-05
8.16444e-05
7.75282e-05
7.36491e-05
7.0032e-05
6.66883e-05
6.36178e-05
6.08152e-05
5.82788e-05
5.60149e-05
5.4018e-05
5.22778e-05
5.07793e-05
4.95094e-05
4.84445e-05
4.75577e-05
4.68299e-05
4.62417e-05
4.57732e-05
4.54061e-05
4.51239e-05
4.49118e-05
4.47597e-05
4.46576e-05
4.45962e-05
4.45673e-05
4.45642e-05
4.4582e-05
4.46162e-05
4.46628e-05
4.47184e-05
4.47802e-05
4.48459e-05
4.49136e-05
4.49816e-05
4.50487e-05
4.51139e-05
4.51762e-05
4.5235e-05
4.52899e-05
4.53405e-05
4.53864e-05
4.54275e-05
4.54637e-05
4.5495e-05
4.55213e-05
4.55427e-05
4.55593e-05
4.55712e-05
4.55785e-05
4.55814e-05
4.55801e-05
4.55748e-05
4.55657e-05
4.55529e-05
4.55366e-05
4.5517e-05
4.54941e-05
4.54679e-05
4.54381e-05
4.54043e-05
4.53657e-05
4.5321e-05
4.52676e-05
4.52009e-05
4.51116e-05
4.49723e-05
4.4534e-05
4.45013e-05
4.45107e-05
4.46016e-05
4.46483e-05
4.47234e-05
4.48243e-05
4.495e-05
4.50595e-05
8.02782e-05
7.61663e-05
7.235e-05
6.88167e-05
6.55714e-05
6.26342e-05
6.00007e-05
5.76589e-05
5.55854e-05
5.37714e-05
5.21974e-05
5.08458e-05
4.96978e-05
4.87334e-05
4.79339e-05
4.72798e-05
4.67521e-05
4.63325e-05
4.60039e-05
4.57512e-05
4.55612e-05
4.54234e-05
4.53288e-05
4.52691e-05
4.52375e-05
4.52281e-05
4.52359e-05
4.52575e-05
4.52893e-05
4.53286e-05
4.53728e-05
4.54201e-05
4.54688e-05
4.55177e-05
4.55656e-05
4.56116e-05
4.56551e-05
4.56953e-05
4.5732e-05
4.57648e-05
4.57935e-05
4.5818e-05
4.58381e-05
4.5854e-05
4.58656e-05
4.5873e-05
4.58764e-05
4.58758e-05
4.58716e-05
4.58637e-05
4.58526e-05
4.58383e-05
4.58211e-05
4.58012e-05
4.57789e-05
4.57544e-05
4.57279e-05
4.56995e-05
4.56695e-05
4.5638e-05
4.56051e-05
4.55709e-05
4.55353e-05
4.54983e-05
4.54596e-05
4.54188e-05
4.53751e-05
4.53274e-05
4.52732e-05
4.52089e-05
4.51266e-05
4.5005e-05
4.46272e-05
4.45699e-05
4.45662e-05
4.4611e-05
4.46501e-05
4.47176e-05
4.48039e-05
4.49548e-05
4.50768e-05
5.81111e-05
5.60489e-05
5.4262e-05
5.27231e-05
5.14086e-05
5.0297e-05
4.9365e-05
4.8589e-05
4.79469e-05
4.74221e-05
4.69978e-05
4.66596e-05
4.63947e-05
4.61911e-05
4.60387e-05
4.59286e-05
4.58528e-05
4.58043e-05
4.57778e-05
4.57687e-05
4.5773e-05
4.57878e-05
4.58103e-05
4.58383e-05
4.587e-05
4.59038e-05
4.59383e-05
4.59726e-05
4.60059e-05
4.60373e-05
4.60663e-05
4.60924e-05
4.61154e-05
4.61349e-05
4.61508e-05
4.61629e-05
4.61713e-05
4.6176e-05
4.61769e-05
4.61743e-05
4.61681e-05
4.61586e-05
4.61459e-05
4.61302e-05
4.61117e-05
4.60906e-05
4.60671e-05
4.60414e-05
4.60137e-05
4.59842e-05
4.59531e-05
4.59206e-05
4.58868e-05
4.58521e-05
4.58165e-05
4.57801e-05
4.57432e-05
4.57058e-05
4.5668e-05
4.56299e-05
4.55915e-05
4.55528e-05
4.55139e-05
4.54744e-05
4.54342e-05
4.53929e-05
4.53499e-05
4.53039e-05
4.52531e-05
4.5194e-05
4.51197e-05
4.50117e-05
4.47002e-05
4.46072e-05
4.45911e-05
4.46125e-05
4.46466e-05
4.47083e-05
4.47852e-05
4.49702e-05
4.50999e-05
4.89005e-05
4.83141e-05
4.78343e-05
4.74444e-05
4.71306e-05
4.68812e-05
4.6686e-05
4.65355e-05
4.64218e-05
4.63387e-05
4.62807e-05
4.62431e-05
4.62217e-05
4.62132e-05
4.62146e-05
4.62233e-05
4.62374e-05
4.62552e-05
4.62755e-05
4.6297e-05
4.63189e-05
4.63404e-05
4.63609e-05
4.63798e-05
4.63967e-05
4.64113e-05
4.64233e-05
4.64324e-05
4.64386e-05
4.64417e-05
4.64416e-05
4.64384e-05
4.64321e-05
4.64227e-05
4.64103e-05
4.6395e-05
4.63769e-05
4.63563e-05
4.63332e-05
4.63078e-05
4.62803e-05
4.62509e-05
4.62198e-05
4.6187e-05
4.61529e-05
4.61176e-05
4.60812e-05
4.60439e-05
4.60059e-05
4.59672e-05
4.59281e-05
4.58887e-05
4.5849e-05
4.58092e-05
4.57695e-05
4.57298e-05
4.56902e-05
4.56509e-05
4.56119e-05
4.55731e-05
4.55347e-05
4.54965e-05
4.54585e-05
4.54206e-05
4.53825e-05
4.5344e-05
4.53044e-05
4.52627e-05
4.52174e-05
4.51653e-05
4.51002e-05
4.50046e-05
4.47217e-05
4.46139e-05
4.4593e-05
4.46073e-05
4.46397e-05
4.46981e-05
4.47719e-05
4.49446e-05
4.50483e-05
4.7002e-05
4.68793e-05
4.67843e-05
4.67121e-05
4.66589e-05
4.66211e-05
4.65959e-05
4.65807e-05
4.65733e-05
4.6572e-05
4.6575e-05
4.65812e-05
4.65894e-05
4.65987e-05
4.66083e-05
4.66176e-05
4.66263e-05
4.66338e-05
4.66399e-05
4.66444e-05
4.66469e-05
4.66474e-05
4.66458e-05
4.66418e-05
4.66355e-05
4.66268e-05
4.66156e-05
4.66021e-05
4.65862e-05
4.65679e-05
4.65473e-05
4.65245e-05
4.64996e-05
4.64727e-05
4.6444e-05
4.64135e-05
4.63814e-05
4.63478e-05
4.63129e-05
4.62768e-05
4.62397e-05
4.62017e-05
4.61629e-05
4.61235e-05
4.60836e-05
4.60433e-05
4.60027e-05
4.5962e-05
4.59212e-05
4.58804e-05
4.58398e-05
4.57993e-05
4.57591e-05
4.57193e-05
4.56799e-05
4.5641e-05
4.56026e-05
4.55648e-05
4.55275e-05
4.54909e-05
4.54549e-05
4.54194e-05
4.53845e-05
4.535e-05
4.53157e-05
4.52815e-05
4.52467e-05
4.52107e-05
4.5172e-05
4.51279e-05
4.50726e-05
4.49896e-05
4.47266e-05
4.46108e-05
4.45882e-05
4.45994e-05
4.46321e-05
4.46884e-05
4.47601e-05
4.48589e-05
4.49599e-05
4.69292e-05
4.68936e-05
4.68665e-05
4.68463e-05
4.68315e-05
4.6821e-05
4.68136e-05
4.68085e-05
4.68049e-05
4.6802e-05
4.67994e-05
4.67965e-05
4.6793e-05
4.67887e-05
4.67834e-05
4.67768e-05
4.67689e-05
4.67595e-05
4.67486e-05
4.6736e-05
4.67218e-05
4.67059e-05
4.66883e-05
4.6669e-05
4.6648e-05
4.66253e-05
4.66009e-05
4.65749e-05
4.65474e-05
4.65183e-05
4.64878e-05
4.6456e-05
4.64229e-05
4.63886e-05
4.63532e-05
4.63169e-05
4.62798e-05
4.62418e-05
4.62033e-05
4.61642e-05
4.61246e-05
4.60847e-05
4.60446e-05
4.60043e-05
4.5964e-05
4.59236e-05
4.58834e-05
4.58433e-05
4.58035e-05
4.57639e-05
4.57248e-05
4.5686e-05
4.56478e-05
4.56101e-05
4.5573e-05
4.55366e-05
4.55008e-05
4.54658e-05
4.54315e-05
4.53979e-05
4.53652e-05
4.53332e-05
4.5302e-05
4.52715e-05
4.52415e-05
4.5212e-05
4.51826e-05
4.51525e-05
4.51207e-05
4.50849e-05
4.50398e-05
4.49695e-05
4.47251e-05
4.46033e-05
4.45798e-05
4.45898e-05
4.46257e-05
4.46796e-05
4.47445e-05
4.48181e-05
4.49206e-05
4.69731e-05
4.69477e-05
4.69263e-05
4.6908e-05
4.68921e-05
4.68778e-05
4.68646e-05
4.68521e-05
4.68398e-05
4.68273e-05
4.68145e-05
4.68011e-05
4.6787e-05
4.67721e-05
4.67562e-05
4.67394e-05
4.67214e-05
4.67024e-05
4.66823e-05
4.6661e-05
4.66386e-05
4.6615e-05
4.65902e-05
4.65643e-05
4.65373e-05
4.65091e-05
4.64799e-05
4.64495e-05
4.64182e-05
4.63859e-05
4.63526e-05
4.63186e-05
4.62837e-05
4.62481e-05
4.62119e-05
4.61751e-05
4.61378e-05
4.61002e-05
4.60622e-05
4.6024e-05
4.59856e-05
4.5947e-05
4.59085e-05
4.587e-05
4.58316e-05
4.57933e-05
4.57552e-05
4.57175e-05
4.568e-05
4.5643e-05
4.56064e-05
4.55702e-05
4.55346e-05
4.54996e-05
4.54653e-05
4.54316e-05
4.53987e-05
4.53665e-05
4.53352e-05
4.53047e-05
4.5275e-05
4.52463e-05
4.52186e-05
4.51917e-05
4.51657e-05
4.51406e-05
4.5116e-05
4.50916e-05
4.50665e-05
4.50387e-05
4.50036e-05
4.49459e-05
4.47201e-05
4.45933e-05
4.45686e-05
4.45798e-05
4.4619e-05
4.4669e-05
4.47244e-05
4.47859e-05
4.48499e-05
4.68869e-05
4.68627e-05
4.68409e-05
4.6821e-05
4.68025e-05
4.67849e-05
4.67678e-05
4.67509e-05
4.67341e-05
4.6717e-05
4.66996e-05
4.66817e-05
4.66632e-05
4.66442e-05
4.66244e-05
4.66039e-05
4.65827e-05
4.65607e-05
4.65379e-05
4.65142e-05
4.64898e-05
4.64645e-05
4.64384e-05
4.64114e-05
4.63836e-05
4.6355e-05
4.63255e-05
4.62953e-05
4.62643e-05
4.62327e-05
4.62003e-05
4.61673e-05
4.61338e-05
4.60997e-05
4.60652e-05
4.60303e-05
4.5995e-05
4.59595e-05
4.59238e-05
4.58879e-05
4.58519e-05
4.58158e-05
4.57798e-05
4.57438e-05
4.5708e-05
4.56723e-05
4.56368e-05
4.56016e-05
4.55667e-05
4.55322e-05
4.54981e-05
4.54645e-05
4.54314e-05
4.53988e-05
4.53669e-05
4.53356e-05
4.53051e-05
4.52753e-05
4.52463e-05
4.52182e-05
4.51911e-05
4.51649e-05
4.51398e-05
4.51157e-05
4.50929e-05
4.50712e-05
4.50506e-05
4.50309e-05
4.50116e-05
4.49911e-05
4.49654e-05
4.492e-05
4.4713e-05
4.45813e-05
4.45558e-05
4.67262e-05
4.67044e-05
4.66843e-05
4.66654e-05
4.66473e-05
4.66298e-05
4.66125e-05
4.65954e-05
4.65781e-05
4.65606e-05
4.65428e-05
4.65246e-05
4.6506e-05
4.64868e-05
4.64671e-05
4.64468e-05
4.64258e-05
4.64043e-05
4.63821e-05
4.63592e-05
4.63356e-05
4.63113e-05
4.62864e-05
4.62607e-05
4.62342e-05
4.62071e-05
4.61793e-05
4.61508e-05
4.61216e-05
4.60919e-05
4.60615e-05
4.60306e-05
4.59992e-05
4.59674e-05
4.59351e-05
4.59025e-05
4.58696e-05
4.58365e-05
4.58031e-05
4.57696e-05
4.5736e-05
4.57024e-05
4.56687e-05
4.56351e-05
4.56016e-05
4.55683e-05
4.55351e-05
4.55021e-05
4.54695e-05
4.54371e-05
4.54052e-05
4.53736e-05
4.53425e-05
4.5312e-05
4.5282e-05
4.52526e-05
4.52239e-05
4.51959e-05
4.51687e-05
4.51423e-05
4.51169e-05
4.50924e-05
4.5069e-05
4.50469e-05
4.5026e-05
4.50067e-05
4.49889e-05
4.49727e-05
4.49579e-05
4.49435e-05
4.49262e-05
4.48925e-05
4.47044e-05
4.45682e-05
4.45437e-05
4.65587e-05
4.65403e-05
4.6523e-05
4.65065e-05
4.64904e-05
4.64746e-05
4.64589e-05
4.64432e-05
4.64272e-05
4.6411e-05
4.63945e-05
4.63775e-05
4.63601e-05
4.63422e-05
4.63238e-05
4.63048e-05
4.62853e-05
4.62651e-05
4.62443e-05
4.62229e-05
4.62008e-05
4.61781e-05
4.61547e-05
4.61305e-05
4.61057e-05
4.60803e-05
4.60541e-05
4.60274e-05
4.6e-05
4.5972e-05
4.59435e-05
4.59144e-05
4.58849e-05
4.5855e-05
4.58247e-05
4.5794e-05
4.57631e-05
4.57319e-05
4.57005e-05
4.5669e-05
4.56374e-05
4.56058e-05
4.55741e-05
4.55425e-05
4.5511e-05
4.54795e-05
4.54483e-05
4.54173e-05
4.53865e-05
4.5356e-05
4.53258e-05
4.52961e-05
4.52668e-05
4.52379e-05
4.52096e-05
4.51818e-05
4.51546e-05
4.51281e-05
4.51023e-05
4.50773e-05
4.50531e-05
4.50299e-05
4.50077e-05
4.49867e-05
4.4967e-05
4.4949e-05
4.49328e-05
4.49188e-05
4.49071e-05
4.48973e-05
4.48871e-05
4.4864e-05
4.46946e-05
4.45548e-05
4.45331e-05
4.64149e-05
4.63995e-05
4.63848e-05
4.63704e-05
4.63563e-05
4.63421e-05
4.6328e-05
4.63136e-05
4.62989e-05
4.62839e-05
4.62685e-05
4.62527e-05
4.62364e-05
4.62196e-05
4.62022e-05
4.61843e-05
4.61658e-05
4.61467e-05
4.61269e-05
4.61066e-05
4.60855e-05
4.60638e-05
4.60415e-05
4.60185e-05
4.59948e-05
4.59704e-05
4.59455e-05
4.59199e-05
4.58938e-05
4.58671e-05
4.58399e-05
4.58122e-05
4.57841e-05
4.57556e-05
4.57268e-05
4.56976e-05
4.56683e-05
4.56387e-05
4.56089e-05
4.55791e-05
4.55492e-05
4.55192e-05
4.54893e-05
4.54594e-05
4.54296e-05
4.53999e-05
4.53705e-05
4.53412e-05
4.53122e-05
4.52835e-05
4.52551e-05
4.52271e-05
4.51995e-05
4.51724e-05
4.51457e-05
4.51196e-05
4.5094e-05
4.5069e-05
4.50447e-05
4.5021e-05
4.49981e-05
4.4976e-05
4.49549e-05
4.49348e-05
4.4916e-05
4.48987e-05
4.48833e-05
4.48704e-05
4.48603e-05
4.48536e-05
4.48488e-05
4.48349e-05
4.46841e-05
4.45415e-05
4.45234e-05
4.62921e-05
4.62787e-05
4.62655e-05
4.62525e-05
4.62395e-05
4.62264e-05
4.6213e-05
4.61994e-05
4.61854e-05
4.6171e-05
4.61562e-05
4.61409e-05
4.61252e-05
4.61089e-05
4.6092e-05
4.60746e-05
4.60566e-05
4.6038e-05
4.60188e-05
4.5999e-05
4.59785e-05
4.59575e-05
4.59357e-05
4.59134e-05
4.58904e-05
4.58668e-05
4.58427e-05
4.5818e-05
4.57928e-05
4.57671e-05
4.57409e-05
4.57144e-05
4.56875e-05
4.56602e-05
4.56327e-05
4.56049e-05
4.5577e-05
4.55489e-05
4.55207e-05
4.54924e-05
4.54641e-05
4.54358e-05
4.54076e-05
4.53795e-05
4.53515e-05
4.53236e-05
4.5296e-05
4.52686e-05
4.52415e-05
4.52146e-05
4.51882e-05
4.51621e-05
4.51364e-05
4.51112e-05
4.50864e-05
4.50621e-05
4.50383e-05
4.50151e-05
4.49925e-05
4.49705e-05
4.49491e-05
4.49285e-05
4.49086e-05
4.48896e-05
4.48717e-05
4.48552e-05
4.48403e-05
4.48278e-05
4.48184e-05
4.48132e-05
4.48119e-05
4.48057e-05
4.46729e-05
4.45285e-05
4.45148e-05
4.61771e-05
4.61647e-05
4.61524e-05
4.61401e-05
4.61276e-05
4.61148e-05
4.61018e-05
4.60885e-05
4.60747e-05
4.60605e-05
4.60459e-05
4.60308e-05
4.60153e-05
4.59992e-05
4.59825e-05
4.59654e-05
4.59477e-05
4.59294e-05
4.59105e-05
4.5891e-05
4.5871e-05
4.58504e-05
4.58292e-05
4.58074e-05
4.57851e-05
4.57622e-05
4.57388e-05
4.5715e-05
4.56907e-05
4.5666e-05
4.5641e-05
4.56156e-05
4.55899e-05
4.5564e-05
4.55379e-05
4.55116e-05
4.54852e-05
4.54586e-05
4.54321e-05
4.54055e-05
4.53789e-05
4.53524e-05
4.5326e-05
4.52998e-05
4.52737e-05
4.52478e-05
4.52221e-05
4.51967e-05
4.51716e-05
4.51468e-05
4.51224e-05
4.50984e-05
4.50748e-05
4.50516e-05
4.50289e-05
4.50067e-05
4.4985e-05
4.49638e-05
4.49431e-05
4.49231e-05
4.49036e-05
4.48847e-05
4.48665e-05
4.48491e-05
4.48325e-05
4.4817e-05
4.48029e-05
4.47907e-05
4.47815e-05
4.47766e-05
4.47771e-05
4.47766e-05
4.46611e-05
4.4516e-05
4.45076e-05
4.60591e-05
4.60474e-05
4.60356e-05
4.60237e-05
4.60115e-05
4.5999e-05
4.59862e-05
4.5973e-05
4.59594e-05
4.59454e-05
4.5931e-05
4.59161e-05
4.59008e-05
4.58849e-05
4.58686e-05
4.58517e-05
4.58344e-05
4.58165e-05
4.5798e-05
4.57791e-05
4.57596e-05
4.57396e-05
4.57191e-05
4.5698e-05
4.56765e-05
4.56546e-05
4.56322e-05
4.56094e-05
4.55863e-05
4.55628e-05
4.55391e-05
4.55151e-05
4.54908e-05
4.54664e-05
4.54419e-05
4.54172e-05
4.53925e-05
4.53677e-05
4.5343e-05
4.53182e-05
4.52936e-05
4.5269e-05
4.52446e-05
4.52203e-05
4.51962e-05
4.51724e-05
4.51488e-05
4.51255e-05
4.51025e-05
4.50799e-05
4.50576e-05
4.50357e-05
4.50143e-05
4.49933e-05
4.49727e-05
4.49526e-05
4.4933e-05
4.4914e-05
4.48954e-05
4.48775e-05
4.486e-05
4.48432e-05
4.4827e-05
4.48114e-05
4.47965e-05
4.47826e-05
4.47696e-05
4.47583e-05
4.47493e-05
4.47442e-05
4.4745e-05
4.4748e-05
4.46486e-05
4.45041e-05
4.45023e-05
4.59358e-05
4.59246e-05
4.59133e-05
4.59018e-05
4.58899e-05
4.58778e-05
4.58652e-05
4.58524e-05
4.58391e-05
4.58254e-05
4.58113e-05
4.57968e-05
4.57818e-05
4.57664e-05
4.57506e-05
4.57343e-05
4.57175e-05
4.57002e-05
4.56824e-05
4.56642e-05
4.56455e-05
4.56264e-05
4.56068e-05
4.55867e-05
4.55663e-05
4.55455e-05
4.55244e-05
4.55029e-05
4.54811e-05
4.54591e-05
4.54369e-05
4.54144e-05
4.53918e-05
4.53691e-05
4.53463e-05
4.53235e-05
4.53006e-05
4.52777e-05
4.52549e-05
4.52322e-05
4.52095e-05
4.5187e-05
4.51646e-05
4.51425e-05
4.51205e-05
4.50988e-05
4.50773e-05
4.50561e-05
4.50353e-05
4.50148e-05
4.49947e-05
4.49749e-05
4.49556e-05
4.49367e-05
4.49183e-05
4.49003e-05
4.48828e-05
4.48659e-05
4.48494e-05
4.48335e-05
4.48181e-05
4.48033e-05
4.47891e-05
4.47755e-05
4.47626e-05
4.47505e-05
4.47392e-05
4.47292e-05
4.47209e-05
4.47156e-05
4.47159e-05
4.472e-05
4.46353e-05
4.4494e-05
4.58072e-05
4.57967e-05
4.5786e-05
4.5775e-05
4.57636e-05
4.5752e-05
4.574e-05
4.57276e-05
4.57148e-05
4.57017e-05
4.56882e-05
4.56744e-05
4.56601e-05
4.56454e-05
4.56302e-05
4.56147e-05
4.55987e-05
4.55824e-05
4.55656e-05
4.55483e-05
4.55307e-05
4.55127e-05
4.54943e-05
4.54755e-05
4.54564e-05
4.5437e-05
4.54173e-05
4.53974e-05
4.53772e-05
4.53568e-05
4.53363e-05
4.53156e-05
4.52948e-05
4.5274e-05
4.52531e-05
4.52322e-05
4.52113e-05
4.51904e-05
4.51696e-05
4.5149e-05
4.51284e-05
4.51079e-05
4.50877e-05
4.50676e-05
4.50478e-05
4.50282e-05
4.50088e-05
4.49898e-05
4.49711e-05
4.49527e-05
4.49346e-05
4.4917e-05
4.48997e-05
4.48829e-05
4.48665e-05
4.48505e-05
4.48351e-05
4.48201e-05
4.48056e-05
4.47916e-05
4.47781e-05
4.47653e-05
4.4753e-05
4.47413e-05
4.47303e-05
4.47201e-05
4.47107e-05
4.47023e-05
4.46952e-05
4.46904e-05
4.46901e-05
4.46929e-05
4.46211e-05
4.44915e-05
4.56756e-05
4.56659e-05
4.5656e-05
4.56457e-05
4.56351e-05
4.56242e-05
4.56129e-05
4.56013e-05
4.55894e-05
4.55771e-05
4.55645e-05
4.55515e-05
4.55381e-05
4.55244e-05
4.55103e-05
4.54958e-05
4.54809e-05
4.54657e-05
4.54501e-05
4.54341e-05
4.54178e-05
4.54011e-05
4.53842e-05
4.53669e-05
4.53493e-05
4.53315e-05
4.53135e-05
4.52952e-05
4.52768e-05
4.52582e-05
4.52396e-05
4.52208e-05
4.52019e-05
4.5183e-05
4.51641e-05
4.51452e-05
4.51263e-05
4.51075e-05
4.50888e-05
4.50702e-05
4.50517e-05
4.50333e-05
4.50151e-05
4.49971e-05
4.49793e-05
4.49618e-05
4.49445e-05
4.49275e-05
4.49108e-05
4.48944e-05
4.48784e-05
4.48627e-05
4.48474e-05
4.48325e-05
4.4818e-05
4.48039e-05
4.47902e-05
4.47771e-05
4.47644e-05
4.47522e-05
4.47405e-05
4.47294e-05
4.47188e-05
4.47089e-05
4.46997e-05
4.46912e-05
4.46836e-05
4.4677e-05
4.46715e-05
4.46678e-05
4.46672e-05
4.46673e-05
4.46065e-05
4.44845e-05
4.55444e-05
4.55357e-05
4.55267e-05
4.55174e-05
4.55078e-05
4.54978e-05
4.54876e-05
4.5477e-05
4.54662e-05
4.5455e-05
4.54435e-05
4.54316e-05
4.54194e-05
4.54069e-05
4.53941e-05
4.53809e-05
4.53674e-05
4.53535e-05
4.53393e-05
4.53248e-05
4.531e-05
4.52949e-05
4.52795e-05
4.52639e-05
4.5248e-05
4.5232e-05
4.52157e-05
4.51993e-05
4.51827e-05
4.5166e-05
4.51492e-05
4.51323e-05
4.51154e-05
4.50985e-05
4.50816e-05
4.50647e-05
4.50478e-05
4.50309e-05
4.50142e-05
4.49976e-05
4.4981e-05
4.49646e-05
4.49484e-05
4.49324e-05
4.49165e-05
4.49009e-05
4.48855e-05
4.48704e-05
4.48555e-05
4.4841e-05
4.48268e-05
4.48129e-05
4.47993e-05
4.47861e-05
4.47733e-05
4.47609e-05
4.47489e-05
4.47374e-05
4.47263e-05
4.47157e-05
4.47056e-05
4.4696e-05
4.4687e-05
4.46786e-05
4.46709e-05
4.4664e-05
4.46579e-05
4.46529e-05
4.46491e-05
4.46468e-05
4.46468e-05
4.4644e-05
4.45921e-05
4.54191e-05
4.54116e-05
4.54037e-05
4.53956e-05
4.53871e-05
4.53784e-05
4.53694e-05
4.53601e-05
4.53504e-05
4.53405e-05
4.53303e-05
4.53198e-05
4.5309e-05
4.52978e-05
4.52864e-05
4.52746e-05
4.52626e-05
4.52502e-05
4.52375e-05
4.52246e-05
4.52114e-05
4.51979e-05
4.51842e-05
4.51702e-05
4.51561e-05
4.51417e-05
4.51272e-05
4.51126e-05
4.50978e-05
4.50829e-05
4.5068e-05
4.5053e-05
4.50379e-05
4.50228e-05
4.50077e-05
4.49927e-05
4.49776e-05
4.49626e-05
4.49477e-05
4.49329e-05
4.49181e-05
4.49035e-05
4.48891e-05
4.48748e-05
4.48606e-05
4.48467e-05
4.4833e-05
4.48195e-05
4.48063e-05
4.47933e-05
4.47807e-05
4.47683e-05
4.47563e-05
4.47446e-05
4.47332e-05
4.47222e-05
4.47116e-05
4.47015e-05
4.46917e-05
4.46824e-05
4.46736e-05
4.46653e-05
4.46576e-05
4.46505e-05
4.46441e-05
4.46385e-05
4.46338e-05
4.46302e-05
4.46277e-05
4.46268e-05
4.46277e-05
4.46238e-05
4.458e-05
4.53059e-05
4.52995e-05
4.52929e-05
4.5286e-05
4.52788e-05
4.52714e-05
4.52636e-05
4.52556e-05
4.52473e-05
4.52387e-05
4.52299e-05
4.52207e-05
4.52112e-05
4.52015e-05
4.51915e-05
4.51811e-05
4.51705e-05
4.51596e-05
4.51484e-05
4.5137e-05
4.51253e-05
4.51133e-05
4.51012e-05
4.50888e-05
4.50762e-05
4.50635e-05
4.50506e-05
4.50376e-05
4.50245e-05
4.50113e-05
4.4998e-05
4.49846e-05
4.49712e-05
4.49577e-05
4.49442e-05
4.49308e-05
4.49173e-05
4.49039e-05
4.48906e-05
4.48773e-05
4.48641e-05
4.4851e-05
4.48381e-05
4.48252e-05
4.48125e-05
4.48e-05
4.47877e-05
4.47756e-05
4.47638e-05
4.47521e-05
4.47407e-05
4.47296e-05
4.47188e-05
4.47083e-05
4.46981e-05
4.46883e-05
4.46788e-05
4.46697e-05
4.4661e-05
4.46528e-05
4.4645e-05
4.46377e-05
4.4631e-05
4.46249e-05
4.46195e-05
4.46149e-05
4.46113e-05
4.46088e-05
4.46075e-05
4.46079e-05
4.46098e-05
4.46066e-05
4.45697e-05
4.52096e-05
4.52044e-05
4.5199e-05
4.51932e-05
4.51872e-05
4.5181e-05
4.51744e-05
4.51676e-05
4.51605e-05
4.51531e-05
4.51455e-05
4.51375e-05
4.51293e-05
4.51208e-05
4.5112e-05
4.51029e-05
4.50935e-05
4.50839e-05
4.5074e-05
4.50639e-05
4.50535e-05
4.50429e-05
4.50321e-05
4.50211e-05
4.50099e-05
4.49985e-05
4.4987e-05
4.49754e-05
4.49636e-05
4.49518e-05
4.49398e-05
4.49278e-05
4.49158e-05
4.49037e-05
4.48915e-05
4.48794e-05
4.48673e-05
4.48552e-05
4.48431e-05
4.48311e-05
4.48192e-05
4.48073e-05
4.47956e-05
4.47839e-05
4.47724e-05
4.47611e-05
4.47499e-05
4.47389e-05
4.47281e-05
4.47175e-05
4.47072e-05
4.4697e-05
4.46872e-05
4.46776e-05
4.46683e-05
4.46594e-05
4.46507e-05
4.46424e-05
4.46345e-05
4.4627e-05
4.46199e-05
4.46134e-05
4.46073e-05
4.46019e-05
4.45972e-05
4.45934e-05
4.45905e-05
4.45888e-05
4.45885e-05
4.45899e-05
4.45929e-05
4.45907e-05
4.45599e-05
4.51319e-05
4.51277e-05
4.51232e-05
4.51184e-05
4.51134e-05
4.51081e-05
4.51025e-05
4.50967e-05
4.50905e-05
4.50841e-05
4.50774e-05
4.50705e-05
4.50632e-05
4.50557e-05
4.50479e-05
4.50398e-05
4.50315e-05
4.50228e-05
4.5014e-05
4.50049e-05
4.49955e-05
4.4986e-05
4.49762e-05
4.49663e-05
4.49561e-05
4.49459e-05
4.49355e-05
4.49249e-05
4.49142e-05
4.49035e-05
4.48926e-05
4.48817e-05
4.48707e-05
4.48597e-05
4.48486e-05
4.48376e-05
4.48265e-05
4.48154e-05
4.48044e-05
4.47934e-05
4.47825e-05
4.47716e-05
4.47608e-05
4.47501e-05
4.47396e-05
4.47291e-05
4.47188e-05
4.47087e-05
4.46988e-05
4.4689e-05
4.46795e-05
4.46701e-05
4.4661e-05
4.46522e-05
4.46436e-05
4.46353e-05
4.46272e-05
4.46195e-05
4.46122e-05
4.46052e-05
4.45986e-05
4.45925e-05
4.45868e-05
4.45818e-05
4.45775e-05
4.4574e-05
4.45716e-05
4.45704e-05
4.45707e-05
4.45729e-05
4.45768e-05
4.45762e-05
4.45506e-05
4.50709e-05
4.50674e-05
4.50636e-05
4.50595e-05
4.50552e-05
4.50505e-05
4.50457e-05
4.50405e-05
4.50351e-05
4.50293e-05
4.50233e-05
4.50171e-05
4.50105e-05
4.50037e-05
4.49966e-05
4.49892e-05
4.49816e-05
4.49737e-05
4.49656e-05
4.49572e-05
4.49487e-05
4.49399e-05
4.49309e-05
4.49218e-05
4.49125e-05
4.4903e-05
4.48935e-05
4.48837e-05
4.48739e-05
4.4864e-05
4.4854e-05
4.48439e-05
4.48338e-05
4.48236e-05
4.48134e-05
4.48032e-05
4.47929e-05
4.47827e-05
4.47725e-05
4.47623e-05
4.47522e-05
4.47422e-05
4.47322e-05
4.47223e-05
4.47125e-05
4.47028e-05
4.46933e-05
4.46839e-05
4.46747e-05
4.46656e-05
4.46567e-05
4.46481e-05
4.46396e-05
4.46313e-05
4.46233e-05
4.46155e-05
4.46079e-05
4.46006e-05
4.45937e-05
4.4587e-05
4.45808e-05
4.45749e-05
4.45695e-05
4.45646e-05
4.45604e-05
4.4557e-05
4.45547e-05
4.45537e-05
4.45542e-05
4.45569e-05
4.45616e-05
4.45625e-05
4.45422e-05
4.50219e-05
4.50188e-05
4.50154e-05
4.50118e-05
4.50079e-05
4.50037e-05
4.49993e-05
4.49946e-05
4.49896e-05
4.49843e-05
4.49788e-05
4.49729e-05
4.49669e-05
4.49605e-05
4.49539e-05
4.4947e-05
4.49399e-05
4.49326e-05
4.4925e-05
4.49172e-05
4.49092e-05
4.4901e-05
4.48927e-05
4.48841e-05
4.48755e-05
4.48667e-05
4.48577e-05
4.48487e-05
4.48396e-05
4.48303e-05
4.4821e-05
4.48116e-05
4.48022e-05
4.47928e-05
4.47833e-05
4.47738e-05
4.47642e-05
4.47547e-05
4.47453e-05
4.47358e-05
4.47264e-05
4.47171e-05
4.47078e-05
4.46986e-05
4.46895e-05
4.46805e-05
4.46717e-05
4.4663e-05
4.46544e-05
4.46459e-05
4.46377e-05
4.46296e-05
4.46216e-05
4.46139e-05
4.46064e-05
4.4599e-05
4.45919e-05
4.45851e-05
4.45784e-05
4.45721e-05
4.4566e-05
4.45603e-05
4.4555e-05
4.45502e-05
4.4546e-05
4.45425e-05
4.454e-05
4.45388e-05
4.45393e-05
4.4542e-05
4.45471e-05
4.45497e-05
4.45344e-05
4.49795e-05
4.49767e-05
4.49736e-05
4.49703e-05
4.49667e-05
4.49628e-05
4.49586e-05
4.49542e-05
4.49495e-05
4.49445e-05
4.49393e-05
4.49338e-05
4.4928e-05
4.4922e-05
4.49158e-05
4.49093e-05
4.49026e-05
4.48956e-05
4.48885e-05
4.48812e-05
4.48737e-05
4.4866e-05
4.48581e-05
4.48502e-05
4.4842e-05
4.48338e-05
4.48255e-05
4.4817e-05
4.48085e-05
4.47998e-05
4.47912e-05
4.47824e-05
4.47736e-05
4.47648e-05
4.4756e-05
4.47472e-05
4.47383e-05
4.47295e-05
4.47207e-05
4.47119e-05
4.47032e-05
4.46945e-05
4.46859e-05
4.46774e-05
4.4669e-05
4.46607e-05
4.46525e-05
4.46444e-05
4.46365e-05
4.46287e-05
4.4621e-05
4.46135e-05
4.46061e-05
4.45989e-05
4.45919e-05
4.45851e-05
4.45784e-05
4.45719e-05
4.45657e-05
4.45596e-05
4.45538e-05
4.45483e-05
4.45431e-05
4.45383e-05
4.4534e-05
4.45303e-05
4.45275e-05
4.45259e-05
4.45259e-05
4.45284e-05
4.45336e-05
4.45375e-05
4.45271e-05
4.494e-05
4.49374e-05
4.49345e-05
4.49314e-05
4.4928e-05
4.49243e-05
4.49203e-05
4.49161e-05
4.49117e-05
4.49069e-05
4.4902e-05
4.48968e-05
4.48913e-05
4.48856e-05
4.48797e-05
4.48735e-05
4.48672e-05
4.48607e-05
4.48539e-05
4.4847e-05
4.484e-05
4.48328e-05
4.48254e-05
4.48179e-05
4.48104e-05
4.48027e-05
4.47949e-05
4.4787e-05
4.4779e-05
4.4771e-05
4.47629e-05
4.47548e-05
4.47466e-05
4.47385e-05
4.47303e-05
4.47221e-05
4.47139e-05
4.47057e-05
4.46976e-05
4.46895e-05
4.46814e-05
4.46734e-05
4.46655e-05
4.46576e-05
4.46499e-05
4.46422e-05
4.46347e-05
4.46273e-05
4.462e-05
4.46128e-05
4.46057e-05
4.45988e-05
4.4592e-05
4.45854e-05
4.45789e-05
4.45726e-05
4.45664e-05
4.45604e-05
4.45546e-05
4.45489e-05
4.45435e-05
4.45382e-05
4.45332e-05
4.45285e-05
4.45241e-05
4.45203e-05
4.45171e-05
4.4515e-05
4.45144e-05
4.45162e-05
4.4521e-05
4.45258e-05
4.452e-05
4.49018e-05
4.48993e-05
4.48966e-05
4.48937e-05
4.48905e-05
4.4887e-05
4.48833e-05
4.48793e-05
4.48751e-05
4.48706e-05
4.48659e-05
4.4861e-05
4.48558e-05
4.48504e-05
4.48448e-05
4.4839e-05
4.48331e-05
4.48269e-05
4.48206e-05
4.48142e-05
4.48076e-05
4.48008e-05
4.4794e-05
4.4787e-05
4.47799e-05
4.47728e-05
4.47655e-05
4.47582e-05
4.47508e-05
4.47434e-05
4.47359e-05
4.47283e-05
4.47208e-05
4.47132e-05
4.47057e-05
4.46981e-05
4.46905e-05
4.4683e-05
4.46755e-05
4.46681e-05
4.46607e-05
4.46533e-05
4.4646e-05
4.46388e-05
4.46317e-05
4.46247e-05
4.46178e-05
4.4611e-05
4.46043e-05
4.45977e-05
4.45913e-05
4.4585e-05
4.45788e-05
4.45727e-05
4.45668e-05
4.4561e-05
4.45554e-05
4.45499e-05
4.45445e-05
4.45393e-05
4.45342e-05
4.45293e-05
4.45246e-05
4.45201e-05
4.45159e-05
4.4512e-05
4.45086e-05
4.4506e-05
4.45047e-05
4.45056e-05
4.45096e-05
4.45148e-05
4.45129e-05
4.4865e-05
4.48627e-05
4.48602e-05
4.48575e-05
4.48545e-05
4.48512e-05
4.48477e-05
4.4844e-05
4.484e-05
4.48358e-05
4.48313e-05
4.48267e-05
4.48218e-05
4.48168e-05
4.48115e-05
4.48061e-05
4.48005e-05
4.47948e-05
4.47889e-05
4.47829e-05
4.47767e-05
4.47704e-05
4.47641e-05
4.47576e-05
4.4751e-05
4.47444e-05
4.47377e-05
4.47309e-05
4.4724e-05
4.47172e-05
4.47102e-05
4.47033e-05
4.46963e-05
4.46893e-05
4.46824e-05
4.46754e-05
4.46685e-05
4.46615e-05
4.46546e-05
4.46478e-05
4.4641e-05
4.46343e-05
4.46276e-05
4.4621e-05
4.46145e-05
4.46081e-05
4.46018e-05
4.45956e-05
4.45895e-05
4.45835e-05
4.45776e-05
4.45719e-05
4.45662e-05
4.45607e-05
4.45553e-05
4.45501e-05
4.45449e-05
4.45399e-05
4.45351e-05
4.45303e-05
4.45257e-05
4.45212e-05
4.45169e-05
4.45127e-05
4.45087e-05
4.4505e-05
4.45016e-05
4.44987e-05
4.44968e-05
4.44967e-05
4.44995e-05
4.45045e-05
4.45059e-05
4.48303e-05
4.48283e-05
4.48259e-05
4.48234e-05
4.48206e-05
4.48175e-05
4.48142e-05
4.48107e-05
4.4807e-05
4.4803e-05
4.47989e-05
4.47945e-05
4.479e-05
4.47852e-05
4.47803e-05
4.47753e-05
4.477e-05
4.47647e-05
4.47592e-05
4.47536e-05
4.47479e-05
4.4742e-05
4.47361e-05
4.47301e-05
4.4724e-05
4.47179e-05
4.47116e-05
4.47054e-05
4.4699e-05
4.46927e-05
4.46863e-05
4.46799e-05
4.46735e-05
4.46671e-05
4.46606e-05
4.46542e-05
4.46478e-05
4.46415e-05
4.46352e-05
4.46289e-05
4.46227e-05
4.46165e-05
4.46104e-05
4.46044e-05
4.45984e-05
4.45926e-05
4.45868e-05
4.45811e-05
4.45756e-05
4.45701e-05
4.45648e-05
4.45595e-05
4.45544e-05
4.45494e-05
4.45445e-05
4.45397e-05
4.45351e-05
4.45305e-05
4.45261e-05
4.45218e-05
4.45177e-05
4.45136e-05
4.45097e-05
4.45059e-05
4.45023e-05
4.44988e-05
4.44956e-05
4.44927e-05
4.44904e-05
4.44894e-05
4.4491e-05
4.44952e-05
4.44989e-05
4.47981e-05
4.47962e-05
4.4794e-05
4.47916e-05
4.4789e-05
4.47861e-05
4.47831e-05
4.47798e-05
4.47763e-05
4.47726e-05
4.47687e-05
4.47646e-05
4.47603e-05
4.47559e-05
4.47513e-05
4.47466e-05
4.47417e-05
4.47367e-05
4.47316e-05
4.47264e-05
4.47211e-05
4.47157e-05
4.47102e-05
4.47046e-05
4.4699e-05
4.46933e-05
4.46875e-05
4.46818e-05
4.46759e-05
4.467e-05
4.46642e-05
4.46583e-05
4.46523e-05
4.46464e-05
4.46405e-05
4.46346e-05
4.46288e-05
4.46229e-05
4.46171e-05
4.46114e-05
4.46057e-05
4.46e-05
4.45944e-05
4.45889e-05
4.45835e-05
4.45782e-05
4.45729e-05
4.45677e-05
4.45626e-05
4.45577e-05
4.45528e-05
4.4548e-05
4.45434e-05
4.45388e-05
4.45343e-05
4.453e-05
4.45258e-05
4.45217e-05
4.45177e-05
4.45138e-05
4.45101e-05
4.45064e-05
4.45029e-05
4.44996e-05
4.44963e-05
4.44932e-05
4.44903e-05
4.44875e-05
4.44851e-05
4.44836e-05
4.44839e-05
4.44869e-05
4.4492e-05
4.47681e-05
4.47663e-05
4.47643e-05
4.4762e-05
4.47596e-05
4.47569e-05
4.4754e-05
4.47509e-05
4.47477e-05
4.47442e-05
4.47406e-05
4.47367e-05
4.47328e-05
4.47286e-05
4.47244e-05
4.472e-05
4.47154e-05
4.47108e-05
4.47061e-05
4.47012e-05
4.46963e-05
4.46913e-05
4.46862e-05
4.4681e-05
4.46758e-05
4.46705e-05
4.46652e-05
4.46599e-05
4.46545e-05
4.46491e-05
4.46437e-05
4.46382e-05
4.46328e-05
4.46273e-05
4.46219e-05
4.46165e-05
4.46111e-05
4.46058e-05
4.46004e-05
4.45952e-05
4.459e-05
4.45848e-05
4.45797e-05
4.45747e-05
4.45697e-05
4.45648e-05
4.456e-05
4.45553e-05
4.45507e-05
4.45461e-05
4.45417e-05
4.45374e-05
4.45331e-05
4.4529e-05
4.45249e-05
4.4521e-05
4.45172e-05
4.45135e-05
4.45098e-05
4.45064e-05
4.4503e-05
4.44997e-05
4.44966e-05
4.44936e-05
4.44907e-05
4.44879e-05
4.44853e-05
4.44829e-05
4.44806e-05
4.44789e-05
4.44783e-05
4.448e-05
4.44852e-05
4.47399e-05
4.47382e-05
4.47364e-05
4.47343e-05
4.4732e-05
4.47295e-05
4.47268e-05
4.47239e-05
4.47209e-05
4.47176e-05
4.47142e-05
4.47107e-05
4.4707e-05
4.47031e-05
4.46992e-05
4.46951e-05
4.46909e-05
4.46866e-05
4.46822e-05
4.46777e-05
4.46731e-05
4.46685e-05
4.46638e-05
4.4659e-05
4.46542e-05
4.46494e-05
4.46445e-05
4.46395e-05
4.46346e-05
4.46296e-05
4.46246e-05
4.46196e-05
4.46146e-05
4.46096e-05
4.46046e-05
4.45997e-05
4.45947e-05
4.45898e-05
4.4585e-05
4.45802e-05
4.45754e-05
4.45707e-05
4.4566e-05
4.45614e-05
4.45569e-05
4.45525e-05
4.45481e-05
4.45438e-05
4.45396e-05
4.45355e-05
4.45314e-05
4.45275e-05
4.45237e-05
4.45199e-05
4.45162e-05
4.45127e-05
4.45092e-05
4.45059e-05
4.45026e-05
4.44995e-05
4.44964e-05
4.44935e-05
4.44907e-05
4.4488e-05
4.44854e-05
4.4483e-05
4.44807e-05
4.44786e-05
4.44766e-05
4.44749e-05
4.44739e-05
4.44745e-05
4.44788e-05
4.47134e-05
4.47118e-05
4.471e-05
4.47081e-05
4.47059e-05
4.47036e-05
4.47011e-05
4.46984e-05
4.46956e-05
4.46926e-05
4.46894e-05
4.46861e-05
4.46827e-05
4.46792e-05
4.46755e-05
4.46717e-05
4.46679e-05
4.46639e-05
4.46598e-05
4.46557e-05
4.46515e-05
4.46472e-05
4.46429e-05
4.46385e-05
4.4634e-05
4.46296e-05
4.46251e-05
4.46205e-05
4.4616e-05
4.46114e-05
4.46068e-05
4.46022e-05
4.45976e-05
4.45931e-05
4.45885e-05
4.4584e-05
4.45795e-05
4.4575e-05
4.45706e-05
4.45662e-05
4.45618e-05
4.45575e-05
4.45533e-05
4.45491e-05
4.4545e-05
4.4541e-05
4.4537e-05
4.45331e-05
4.45293e-05
4.45256e-05
4.45219e-05
4.45184e-05
4.45149e-05
4.45115e-05
4.45082e-05
4.4505e-05
4.45019e-05
4.44989e-05
4.44959e-05
4.44931e-05
4.44904e-05
4.44878e-05
4.44853e-05
4.44829e-05
4.44806e-05
4.44785e-05
4.44765e-05
4.44746e-05
4.44729e-05
4.44714e-05
4.44703e-05
4.44702e-05
4.44731e-05
4.46883e-05
4.46868e-05
4.46851e-05
4.46833e-05
4.46813e-05
4.46791e-05
4.46768e-05
4.46743e-05
4.46717e-05
4.46689e-05
4.4666e-05
4.4663e-05
4.46598e-05
4.46565e-05
4.46532e-05
4.46497e-05
4.46461e-05
4.46425e-05
4.46388e-05
4.4635e-05
4.46311e-05
4.46272e-05
4.46232e-05
4.46192e-05
4.46151e-05
4.4611e-05
4.46069e-05
4.46027e-05
4.45986e-05
4.45944e-05
4.45902e-05
4.4586e-05
4.45818e-05
4.45776e-05
4.45735e-05
4.45693e-05
4.45652e-05
4.45612e-05
4.45571e-05
4.45531e-05
4.45492e-05
4.45453e-05
4.45414e-05
4.45376e-05
4.45339e-05
4.45303e-05
4.45267e-05
4.45232e-05
4.45197e-05
4.45163e-05
4.45131e-05
4.45098e-05
4.45067e-05
4.45037e-05
4.45007e-05
4.44979e-05
4.44951e-05
4.44924e-05
4.44898e-05
4.44873e-05
4.44849e-05
4.44826e-05
4.44804e-05
4.44783e-05
4.44763e-05
4.44744e-05
4.44726e-05
4.4471e-05
4.44695e-05
4.44682e-05
4.44672e-05
4.44669e-05
4.44684e-05
4.44695e-05
4.46646e-05
4.46632e-05
4.46616e-05
4.46599e-05
4.4658e-05
4.4656e-05
4.46538e-05
4.46515e-05
4.46491e-05
4.46465e-05
4.46438e-05
4.46411e-05
4.46382e-05
4.46352e-05
4.46321e-05
4.46289e-05
4.46257e-05
4.46223e-05
4.46189e-05
4.46155e-05
4.46119e-05
4.46084e-05
4.46047e-05
4.46011e-05
4.45973e-05
4.45936e-05
4.45898e-05
4.4586e-05
4.45822e-05
4.45784e-05
4.45746e-05
4.45708e-05
4.4567e-05
4.45632e-05
4.45594e-05
4.45556e-05
4.45519e-05
4.45482e-05
4.45446e-05
4.45409e-05
4.45374e-05
4.45338e-05
4.45303e-05
4.45269e-05
4.45236e-05
4.45203e-05
4.4517e-05
4.45139e-05
4.45108e-05
4.45077e-05
4.45048e-05
4.45019e-05
4.44991e-05
4.44964e-05
4.44938e-05
4.44912e-05
4.44888e-05
4.44864e-05
4.44841e-05
4.44819e-05
4.44798e-05
4.44778e-05
4.44758e-05
4.4474e-05
4.44723e-05
4.44706e-05
4.44691e-05
4.44677e-05
4.44664e-05
4.44653e-05
4.44644e-05
4.44641e-05
4.44648e-05
4.44664e-05
4.46424e-05
4.4641e-05
4.46394e-05
4.46378e-05
4.4636e-05
4.46341e-05
4.46321e-05
4.46299e-05
4.46277e-05
4.46253e-05
4.46229e-05
4.46203e-05
4.46177e-05
4.4615e-05
4.46122e-05
4.46093e-05
4.46063e-05
4.46033e-05
4.46002e-05
4.45971e-05
4.45939e-05
4.45906e-05
4.45873e-05
4.4584e-05
4.45806e-05
4.45772e-05
4.45738e-05
4.45704e-05
4.45669e-05
4.45635e-05
4.456e-05
4.45565e-05
4.45531e-05
4.45496e-05
4.45462e-05
4.45428e-05
4.45395e-05
4.45361e-05
4.45328e-05
4.45295e-05
4.45263e-05
4.45231e-05
4.452e-05
4.45169e-05
4.45139e-05
4.45109e-05
4.4508e-05
4.45052e-05
4.45024e-05
4.44997e-05
4.44971e-05
4.44946e-05
4.44921e-05
4.44897e-05
4.44873e-05
4.44851e-05
4.44829e-05
4.44808e-05
4.44788e-05
4.44769e-05
4.44751e-05
4.44733e-05
4.44717e-05
4.44701e-05
4.44686e-05
4.44673e-05
4.4466e-05
4.44648e-05
4.44637e-05
4.44627e-05
4.44619e-05
4.44617e-05
4.44619e-05
4.44636e-05
4.46216e-05
4.46202e-05
4.46186e-05
4.4617e-05
4.46153e-05
4.46135e-05
4.46116e-05
4.46096e-05
4.46075e-05
4.46054e-05
4.46031e-05
4.46008e-05
4.45984e-05
4.45959e-05
4.45934e-05
4.45907e-05
4.45881e-05
4.45853e-05
4.45825e-05
4.45797e-05
4.45768e-05
4.45739e-05
4.45709e-05
4.45679e-05
4.45649e-05
4.45618e-05
4.45587e-05
4.45556e-05
4.45525e-05
4.45494e-05
4.45463e-05
4.45432e-05
4.454e-05
4.4537e-05
4.45339e-05
4.45308e-05
4.45278e-05
4.45248e-05
4.45218e-05
4.45189e-05
4.4516e-05
4.45131e-05
4.45103e-05
4.45076e-05
4.45049e-05
4.45023e-05
4.44997e-05
4.44972e-05
4.44947e-05
4.44923e-05
4.449e-05
4.44877e-05
4.44855e-05
4.44834e-05
4.44814e-05
4.44794e-05
4.44775e-05
4.44757e-05
4.4474e-05
4.44723e-05
4.44708e-05
4.44693e-05
4.44679e-05
4.44666e-05
4.44653e-05
4.44642e-05
4.44631e-05
4.44621e-05
4.44612e-05
4.44604e-05
4.44598e-05
4.44595e-05
4.44596e-05
4.44613e-05
4.46022e-05
4.46008e-05
4.45993e-05
4.45977e-05
4.4596e-05
4.45942e-05
4.45924e-05
4.45905e-05
4.45886e-05
4.45866e-05
4.45845e-05
4.45824e-05
4.45802e-05
4.45779e-05
4.45756e-05
4.45732e-05
4.45708e-05
4.45683e-05
4.45658e-05
4.45633e-05
4.45607e-05
4.45581e-05
4.45554e-05
4.45527e-05
4.455e-05
4.45472e-05
4.45445e-05
4.45417e-05
4.45389e-05
4.45361e-05
4.45334e-05
4.45306e-05
4.45278e-05
4.4525e-05
4.45223e-05
4.45196e-05
4.45169e-05
4.45142e-05
4.45115e-05
4.45089e-05
4.45064e-05
4.45038e-05
4.45014e-05
4.44989e-05
4.44965e-05
4.44942e-05
4.44919e-05
4.44897e-05
4.44875e-05
4.44854e-05
4.44834e-05
4.44814e-05
4.44795e-05
4.44777e-05
4.44759e-05
4.44742e-05
4.44726e-05
4.4471e-05
4.44695e-05
4.44681e-05
4.44668e-05
4.44656e-05
4.44644e-05
4.44633e-05
4.44623e-05
4.44614e-05
4.44605e-05
4.44598e-05
4.44591e-05
4.44584e-05
4.44579e-05
4.44577e-05
4.44577e-05
4.44592e-05
4.45843e-05
4.45828e-05
4.45812e-05
4.45796e-05
4.4578e-05
4.45763e-05
4.45745e-05
4.45728e-05
4.45709e-05
4.4569e-05
4.45671e-05
4.45651e-05
4.45631e-05
4.4561e-05
4.45589e-05
4.45568e-05
4.45546e-05
4.45523e-05
4.45501e-05
4.45478e-05
4.45455e-05
4.45431e-05
4.45407e-05
4.45383e-05
4.45359e-05
4.45335e-05
4.4531e-05
4.45286e-05
4.45261e-05
4.45236e-05
4.45212e-05
4.45187e-05
4.45163e-05
4.45138e-05
4.45114e-05
4.4509e-05
4.45066e-05
4.45043e-05
4.45019e-05
4.44996e-05
4.44974e-05
4.44951e-05
4.4493e-05
4.44908e-05
4.44887e-05
4.44867e-05
4.44847e-05
4.44828e-05
4.44809e-05
4.44791e-05
4.44773e-05
4.44756e-05
4.4474e-05
4.44724e-05
4.44709e-05
4.44694e-05
4.44681e-05
4.44667e-05
4.44655e-05
4.44643e-05
4.44632e-05
4.44622e-05
4.44613e-05
4.44604e-05
4.44596e-05
4.44589e-05
4.44582e-05
4.44577e-05
4.44571e-05
4.44567e-05
4.44563e-05
4.44561e-05
4.44561e-05
4.44575e-05
4.45676e-05
4.45661e-05
4.45645e-05
4.45629e-05
4.45613e-05
4.45597e-05
4.4558e-05
4.45562e-05
4.45545e-05
4.45527e-05
4.45509e-05
4.4549e-05
4.45471e-05
4.45452e-05
4.45433e-05
4.45413e-05
4.45393e-05
4.45373e-05
4.45353e-05
4.45332e-05
4.45311e-05
4.4529e-05
4.45269e-05
4.45248e-05
4.45226e-05
4.45205e-05
4.45183e-05
4.45162e-05
4.4514e-05
4.45119e-05
4.45097e-05
4.45075e-05
4.45054e-05
4.45033e-05
4.45012e-05
4.44991e-05
4.4497e-05
4.44949e-05
4.44929e-05
4.44909e-05
4.4489e-05
4.4487e-05
4.44852e-05
4.44833e-05
4.44815e-05
4.44798e-05
4.4478e-05
4.44764e-05
4.44748e-05
4.44732e-05
4.44717e-05
4.44703e-05
4.44689e-05
4.44676e-05
4.44663e-05
4.44651e-05
4.44639e-05
4.44629e-05
4.44619e-05
4.44609e-05
4.446e-05
4.44592e-05
4.44585e-05
4.44578e-05
4.44572e-05
4.44567e-05
4.44562e-05
4.44558e-05
4.44554e-05
4.44551e-05
4.44549e-05
4.44548e-05
4.44548e-05
4.4456e-05
4.45525e-05
4.45509e-05
4.45493e-05
4.45477e-05
4.4546e-05
4.45444e-05
4.45427e-05
4.4541e-05
4.45393e-05
4.45376e-05
4.45358e-05
4.45341e-05
4.45323e-05
4.45305e-05
4.45287e-05
4.45269e-05
4.45251e-05
4.45233e-05
4.45214e-05
4.45196e-05
4.45177e-05
4.45158e-05
4.4514e-05
4.45121e-05
4.45102e-05
4.45083e-05
4.45064e-05
4.45045e-05
4.45027e-05
4.45008e-05
4.44989e-05
4.4497e-05
4.44952e-05
4.44934e-05
4.44915e-05
4.44898e-05
4.4488e-05
4.44862e-05
4.44845e-05
4.44828e-05
4.44811e-05
4.44795e-05
4.44779e-05
4.44763e-05
4.44748e-05
4.44733e-05
4.44719e-05
4.44705e-05
4.44692e-05
4.44679e-05
4.44666e-05
4.44654e-05
4.44643e-05
4.44632e-05
4.44622e-05
4.44612e-05
4.44603e-05
4.44594e-05
4.44586e-05
4.44579e-05
4.44572e-05
4.44566e-05
4.4456e-05
4.44555e-05
4.44551e-05
4.44547e-05
4.44544e-05
4.44542e-05
4.4454e-05
4.44538e-05
4.44537e-05
4.44537e-05
4.44538e-05
4.44549e-05
4.45386e-05
4.45369e-05
4.45353e-05
4.45336e-05
4.4532e-05
4.45303e-05
4.45286e-05
4.4527e-05
4.45253e-05
4.45236e-05
4.4522e-05
4.45203e-05
4.45186e-05
4.4517e-05
4.45153e-05
4.45136e-05
4.4512e-05
4.45103e-05
4.45086e-05
4.45069e-05
4.45053e-05
4.45036e-05
4.45019e-05
4.45003e-05
4.44986e-05
4.4497e-05
4.44953e-05
4.44937e-05
4.44921e-05
4.44905e-05
4.44889e-05
4.44873e-05
4.44857e-05
4.44841e-05
4.44826e-05
4.44811e-05
4.44796e-05
4.44781e-05
4.44767e-05
4.44753e-05
4.44739e-05
4.44725e-05
4.44712e-05
4.44699e-05
4.44687e-05
4.44675e-05
4.44663e-05
4.44652e-05
4.44641e-05
4.4463e-05
4.4462e-05
4.44611e-05
4.44602e-05
4.44593e-05
4.44585e-05
4.44577e-05
4.4457e-05
4.44563e-05
4.44557e-05
4.44552e-05
4.44547e-05
4.44542e-05
4.44539e-05
4.44535e-05
4.44533e-05
4.4453e-05
4.44529e-05
4.44528e-05
4.44528e-05
4.44528e-05
4.44528e-05
4.44529e-05
4.44531e-05
4.4454e-05
4.45258e-05
4.45241e-05
4.45224e-05
4.45208e-05
4.45191e-05
4.45174e-05
4.45158e-05
4.45142e-05
4.45125e-05
4.45109e-05
4.45093e-05
4.45077e-05
4.45061e-05
4.45046e-05
4.4503e-05
4.45015e-05
4.44999e-05
4.44984e-05
4.44969e-05
4.44954e-05
4.44939e-05
4.44924e-05
4.44909e-05
4.44895e-05
4.4488e-05
4.44866e-05
4.44852e-05
4.44838e-05
4.44824e-05
4.4481e-05
4.44796e-05
4.44783e-05
4.4477e-05
4.44757e-05
4.44744e-05
4.44732e-05
4.44719e-05
4.44707e-05
4.44696e-05
4.44684e-05
4.44673e-05
4.44662e-05
4.44651e-05
4.44641e-05
4.44631e-05
4.44621e-05
4.44612e-05
4.44603e-05
4.44595e-05
4.44587e-05
4.44579e-05
4.44572e-05
4.44565e-05
4.44558e-05
4.44552e-05
4.44547e-05
4.44541e-05
4.44537e-05
4.44532e-05
4.44529e-05
4.44526e-05
4.44523e-05
4.4452e-05
4.44519e-05
4.44517e-05
4.44517e-05
4.44516e-05
4.44517e-05
4.44518e-05
4.44519e-05
4.4452e-05
4.44523e-05
4.44526e-05
4.44535e-05
4.4514e-05
4.45123e-05
4.45106e-05
4.45089e-05
4.45073e-05
4.45056e-05
4.4504e-05
4.45024e-05
4.45009e-05
4.44993e-05
4.44978e-05
4.44963e-05
4.44948e-05
4.44934e-05
4.44919e-05
4.44905e-05
4.44891e-05
4.44877e-05
4.44863e-05
4.4485e-05
4.44836e-05
4.44823e-05
4.4481e-05
4.44797e-05
4.44785e-05
4.44772e-05
4.4476e-05
4.44748e-05
4.44736e-05
4.44725e-05
4.44714e-05
4.44702e-05
4.44692e-05
4.44681e-05
4.4467e-05
4.4466e-05
4.4465e-05
4.44641e-05
4.44631e-05
4.44622e-05
4.44613e-05
4.44605e-05
4.44597e-05
4.44589e-05
4.44581e-05
4.44574e-05
4.44567e-05
4.4456e-05
4.44554e-05
4.44548e-05
4.44542e-05
4.44537e-05
4.44532e-05
4.44528e-05
4.44524e-05
4.4452e-05
4.44517e-05
4.44514e-05
4.44511e-05
4.44509e-05
4.44508e-05
4.44507e-05
4.44506e-05
4.44505e-05
4.44505e-05
4.44506e-05
4.44507e-05
4.44508e-05
4.4451e-05
4.44512e-05
4.44515e-05
4.44518e-05
4.44523e-05
4.44532e-05
4.4503e-05
4.45013e-05
4.44996e-05
4.4498e-05
4.44964e-05
4.44948e-05
4.44933e-05
4.44918e-05
4.44903e-05
4.44888e-05
4.44874e-05
4.4486e-05
4.44846e-05
4.44832e-05
4.44819e-05
4.44806e-05
4.44793e-05
4.44781e-05
4.44769e-05
4.44757e-05
4.44745e-05
4.44733e-05
4.44722e-05
4.44711e-05
4.447e-05
4.44689e-05
4.44679e-05
4.44669e-05
4.44659e-05
4.4465e-05
4.4464e-05
4.44631e-05
4.44622e-05
4.44614e-05
4.44606e-05
4.44598e-05
4.4459e-05
4.44582e-05
4.44575e-05
4.44568e-05
4.44561e-05
4.44555e-05
4.44549e-05
4.44543e-05
4.44538e-05
4.44532e-05
4.44528e-05
4.44523e-05
4.44519e-05
4.44515e-05
4.44511e-05
4.44508e-05
4.44505e-05
4.44502e-05
4.445e-05
4.44498e-05
4.44496e-05
4.44495e-05
4.44494e-05
4.44494e-05
4.44493e-05
4.44494e-05
4.44494e-05
4.44495e-05
4.44496e-05
4.44498e-05
4.445e-05
4.44503e-05
4.44505e-05
4.44508e-05
4.44512e-05
4.44516e-05
4.44523e-05
4.44531e-05
4.44927e-05
4.44911e-05
4.44895e-05
4.44879e-05
4.44864e-05
4.44849e-05
4.44834e-05
4.4482e-05
4.44806e-05
4.44793e-05
4.4478e-05
4.44767e-05
4.44754e-05
4.44742e-05
4.4473e-05
4.44718e-05
4.44707e-05
4.44696e-05
4.44685e-05
4.44674e-05
4.44664e-05
4.44654e-05
4.44644e-05
4.44635e-05
4.44626e-05
4.44617e-05
4.44608e-05
4.446e-05
4.44592e-05
4.44584e-05
4.44577e-05
4.4457e-05
4.44563e-05
4.44556e-05
4.4455e-05
4.44543e-05
4.44538e-05
4.44532e-05
4.44527e-05
4.44522e-05
4.44517e-05
4.44512e-05
4.44508e-05
4.44504e-05
4.44501e-05
4.44497e-05
4.44494e-05
4.44491e-05
4.44489e-05
4.44487e-05
4.44485e-05
4.44483e-05
4.44482e-05
4.44481e-05
4.4448e-05
4.4448e-05
4.4448e-05
4.4448e-05
4.44481e-05
4.44481e-05
4.44483e-05
4.44484e-05
4.44486e-05
4.44488e-05
4.4449e-05
4.44493e-05
4.44496e-05
4.445e-05
4.44503e-05
4.44507e-05
4.4451e-05
4.44515e-05
4.44524e-05
4.44532e-05
4.44831e-05
4.44816e-05
4.44801e-05
4.44786e-05
4.44772e-05
4.44758e-05
4.44745e-05
4.44732e-05
4.44719e-05
4.44707e-05
4.44695e-05
4.44683e-05
4.44672e-05
4.44661e-05
4.44651e-05
4.4464e-05
4.4463e-05
4.44621e-05
4.44611e-05
4.44602e-05
4.44594e-05
4.44585e-05
4.44577e-05
4.44569e-05
4.44562e-05
4.44555e-05
4.44548e-05
4.44541e-05
4.44535e-05
4.44529e-05
4.44523e-05
4.44517e-05
4.44512e-05
4.44507e-05
4.44502e-05
4.44498e-05
4.44494e-05
4.4449e-05
4.44486e-05
4.44483e-05
4.4448e-05
4.44477e-05
4.44474e-05
4.44472e-05
4.4447e-05
4.44469e-05
4.44467e-05
4.44466e-05
4.44465e-05
4.44464e-05
4.44464e-05
4.44464e-05
4.44464e-05
4.44465e-05
4.44465e-05
4.44466e-05
4.44468e-05
4.44469e-05
4.44471e-05
4.44473e-05
4.44475e-05
4.44478e-05
4.44481e-05
4.44484e-05
4.44487e-05
4.44491e-05
4.44494e-05
4.44499e-05
4.44503e-05
4.44507e-05
4.44511e-05
4.44516e-05
4.44525e-05
4.44533e-05
4.44742e-05
4.44728e-05
4.44714e-05
4.44701e-05
4.44688e-05
4.44675e-05
4.44663e-05
4.44651e-05
4.4464e-05
4.44629e-05
4.44619e-05
4.44609e-05
4.44599e-05
4.44589e-05
4.4458e-05
4.44571e-05
4.44563e-05
4.44555e-05
4.44547e-05
4.4454e-05
4.44532e-05
4.44526e-05
4.44519e-05
4.44513e-05
4.44507e-05
4.44501e-05
4.44496e-05
4.44491e-05
4.44486e-05
4.44481e-05
4.44477e-05
4.44473e-05
4.4447e-05
4.44466e-05
4.44463e-05
4.4446e-05
4.44458e-05
4.44455e-05
4.44453e-05
4.44451e-05
4.4445e-05
4.44448e-05
4.44447e-05
4.44447e-05
4.44446e-05
4.44446e-05
4.44446e-05
4.44446e-05
4.44446e-05
4.44447e-05
4.44448e-05
4.44449e-05
4.44451e-05
4.44452e-05
4.44454e-05
4.44457e-05
4.44459e-05
4.44462e-05
4.44465e-05
4.44468e-05
4.44471e-05
4.44474e-05
4.44478e-05
4.44483e-05
4.44487e-05
4.44491e-05
4.44495e-05
4.44499e-05
4.44504e-05
4.44507e-05
4.44511e-05
4.44515e-05
4.44523e-05
4.44532e-05
4.44659e-05
4.44646e-05
4.44633e-05
4.44622e-05
4.4461e-05
4.44599e-05
4.44588e-05
4.44578e-05
4.44568e-05
4.44559e-05
4.4455e-05
4.44541e-05
4.44533e-05
4.44525e-05
4.44517e-05
4.4451e-05
4.44503e-05
4.44497e-05
4.4449e-05
4.44485e-05
4.44479e-05
4.44474e-05
4.44469e-05
4.44464e-05
4.44459e-05
4.44455e-05
4.44451e-05
4.44448e-05
4.44445e-05
4.44442e-05
4.44439e-05
4.44436e-05
4.44434e-05
4.44432e-05
4.44431e-05
4.44429e-05
4.44428e-05
4.44427e-05
4.44426e-05
4.44426e-05
4.44426e-05
4.44426e-05
4.44426e-05
4.44426e-05
4.44427e-05
4.44428e-05
4.44429e-05
4.44431e-05
4.44433e-05
4.44435e-05
4.44437e-05
4.44439e-05
4.44442e-05
4.44445e-05
4.44448e-05
4.44451e-05
4.44454e-05
4.44458e-05
4.44462e-05
4.44466e-05
4.4447e-05
4.44474e-05
4.44477e-05
4.44481e-05
4.44485e-05
4.44489e-05
4.44493e-05
4.44497e-05
4.44501e-05
4.44505e-05
4.44509e-05
4.44512e-05
4.44519e-05
4.44528e-05
4.44581e-05
4.4457e-05
4.44559e-05
4.44548e-05
4.44538e-05
4.44529e-05
4.4452e-05
4.44511e-05
4.44503e-05
4.44495e-05
4.44488e-05
4.44481e-05
4.44474e-05
4.44467e-05
4.44461e-05
4.44456e-05
4.4445e-05
4.44445e-05
4.44441e-05
4.44436e-05
4.44432e-05
4.44428e-05
4.44425e-05
4.44421e-05
4.44419e-05
4.44416e-05
4.44413e-05
4.44411e-05
4.44409e-05
4.44408e-05
4.44406e-05
4.44405e-05
4.44405e-05
4.44404e-05
4.44404e-05
4.44403e-05
4.44404e-05
4.44404e-05
4.44405e-05
4.44405e-05
4.44406e-05
4.44408e-05
4.44409e-05
4.44411e-05
4.44413e-05
4.44415e-05
4.44418e-05
4.4442e-05
4.44423e-05
4.44426e-05
4.44429e-05
4.44433e-05
4.44437e-05
4.44441e-05
4.44444e-05
4.44448e-05
4.44452e-05
4.44455e-05
4.44459e-05
4.44462e-05
4.44466e-05
4.44469e-05
4.44473e-05
4.44477e-05
4.4448e-05
4.44484e-05
4.44488e-05
4.44491e-05
4.44495e-05
4.44499e-05
4.44503e-05
4.44507e-05
4.44513e-05
4.44521e-05
4.44508e-05
4.44499e-05
4.44489e-05
4.44481e-05
4.44472e-05
4.44465e-05
4.44457e-05
4.4445e-05
4.44443e-05
4.44437e-05
4.44431e-05
4.44426e-05
4.4442e-05
4.44416e-05
4.44411e-05
4.44407e-05
4.44403e-05
4.44399e-05
4.44396e-05
4.44393e-05
4.44391e-05
4.44388e-05
4.44386e-05
4.44384e-05
4.44383e-05
4.44382e-05
4.4438e-05
4.4438e-05
4.44379e-05
4.44379e-05
4.44379e-05
4.44379e-05
4.44379e-05
4.4438e-05
4.44381e-05
4.44382e-05
4.44384e-05
4.44385e-05
4.44387e-05
4.44389e-05
4.44391e-05
4.44394e-05
4.44396e-05
4.44399e-05
4.44402e-05
4.44406e-05
4.44409e-05
4.44413e-05
4.44417e-05
4.44421e-05
4.44425e-05
4.44428e-05
4.44432e-05
4.44435e-05
4.44439e-05
4.44442e-05
4.44445e-05
4.44449e-05
4.44452e-05
4.44455e-05
4.44458e-05
4.44462e-05
4.44465e-05
4.44468e-05
4.44472e-05
4.44475e-05
4.44479e-05
4.44483e-05
4.44487e-05
4.44491e-05
4.44495e-05
4.44498e-05
4.44504e-05
4.44511e-05
4.44441e-05
4.44433e-05
4.44426e-05
4.44418e-05
4.44412e-05
4.44406e-05
4.444e-05
4.44394e-05
4.44389e-05
4.44384e-05
4.4438e-05
4.44376e-05
4.44372e-05
4.44369e-05
4.44366e-05
4.44363e-05
4.44361e-05
4.44359e-05
4.44357e-05
4.44355e-05
4.44354e-05
4.44353e-05
4.44352e-05
4.44352e-05
4.44352e-05
4.44352e-05
4.44352e-05
4.44352e-05
4.44353e-05
4.44354e-05
4.44355e-05
4.44356e-05
4.44358e-05
4.4436e-05
4.44362e-05
4.44364e-05
4.44367e-05
4.44369e-05
4.44372e-05
4.44375e-05
4.44379e-05
4.44382e-05
4.44386e-05
4.4439e-05
4.44394e-05
4.44398e-05
4.44401e-05
4.44405e-05
4.44409e-05
4.44412e-05
4.44415e-05
4.44419e-05
4.44422e-05
4.44425e-05
4.44428e-05
4.44431e-05
4.44435e-05
4.44438e-05
4.44441e-05
4.44444e-05
4.44447e-05
4.4445e-05
4.44453e-05
4.44457e-05
4.4446e-05
4.44464e-05
4.44467e-05
4.44471e-05
4.44475e-05
4.44479e-05
4.44483e-05
4.44487e-05
4.44493e-05
4.44499e-05
4.44379e-05
4.44373e-05
4.44367e-05
4.44361e-05
4.44356e-05
4.44352e-05
4.44347e-05
4.44344e-05
4.4434e-05
4.44337e-05
4.44334e-05
4.44331e-05
4.44329e-05
4.44327e-05
4.44326e-05
4.44324e-05
4.44323e-05
4.44323e-05
4.44322e-05
4.44322e-05
4.44322e-05
4.44322e-05
4.44323e-05
4.44323e-05
4.44324e-05
4.44325e-05
4.44327e-05
4.44328e-05
4.4433e-05
4.44332e-05
4.44335e-05
4.44337e-05
4.4434e-05
4.44343e-05
4.44346e-05
4.44349e-05
4.44353e-05
4.44357e-05
4.4436e-05
4.44364e-05
4.44368e-05
4.44372e-05
4.44375e-05
4.44379e-05
4.44382e-05
4.44386e-05
4.44389e-05
4.44392e-05
4.44395e-05
4.44398e-05
4.44401e-05
4.44405e-05
4.44408e-05
4.44411e-05
4.44414e-05
4.44417e-05
4.4442e-05
4.44423e-05
4.44426e-05
4.44429e-05
4.44432e-05
4.44435e-05
4.44438e-05
4.44441e-05
4.44445e-05
4.44448e-05
4.44452e-05
4.44456e-05
4.4446e-05
4.44464e-05
4.44469e-05
4.44473e-05
4.44478e-05
4.44484e-05
4.44323e-05
4.44318e-05
4.44314e-05
4.4431e-05
4.44307e-05
4.44303e-05
4.44301e-05
4.44298e-05
4.44296e-05
4.44294e-05
4.44293e-05
4.44292e-05
4.44291e-05
4.4429e-05
4.4429e-05
4.4429e-05
4.4429e-05
4.44291e-05
4.44291e-05
4.44292e-05
4.44294e-05
4.44295e-05
4.44297e-05
4.44299e-05
4.44301e-05
4.44303e-05
4.44305e-05
4.44308e-05
4.44311e-05
4.44314e-05
4.44317e-05
4.44321e-05
4.44325e-05
4.44328e-05
4.44332e-05
4.44336e-05
4.44339e-05
4.44343e-05
4.44346e-05
4.44349e-05
4.44353e-05
4.44356e-05
4.44359e-05
4.44362e-05
4.44365e-05
4.44368e-05
4.44371e-05
4.44374e-05
4.44377e-05
4.4438e-05
4.44383e-05
4.44386e-05
4.44389e-05
4.44392e-05
4.44395e-05
4.44398e-05
4.44401e-05
4.44404e-05
4.44407e-05
4.4441e-05
4.44413e-05
4.44416e-05
4.44419e-05
4.44423e-05
4.44426e-05
4.4443e-05
4.44434e-05
4.44438e-05
4.44442e-05
4.44446e-05
4.44451e-05
4.44456e-05
4.44461e-05
4.44466e-05
4.44272e-05
4.44269e-05
4.44266e-05
4.44264e-05
4.44262e-05
4.4426e-05
4.44259e-05
4.44258e-05
4.44257e-05
4.44257e-05
4.44257e-05
4.44257e-05
4.44258e-05
4.44258e-05
4.44259e-05
4.4426e-05
4.44262e-05
4.44263e-05
4.44265e-05
4.44267e-05
4.44269e-05
4.44272e-05
4.44275e-05
4.44278e-05
4.44281e-05
4.44284e-05
4.44288e-05
4.44291e-05
4.44295e-05
4.44298e-05
4.44301e-05
4.44305e-05
4.44308e-05
4.44311e-05
4.44314e-05
4.44317e-05
4.4432e-05
4.44323e-05
4.44326e-05
4.44329e-05
4.44332e-05
4.44335e-05
4.44338e-05
4.44341e-05
4.44343e-05
4.44346e-05
4.44349e-05
4.44352e-05
4.44355e-05
4.44357e-05
4.4436e-05
4.44363e-05
4.44366e-05
4.44369e-05
4.44372e-05
4.44374e-05
4.44377e-05
4.4438e-05
4.44384e-05
4.44387e-05
4.4439e-05
4.44393e-05
4.44397e-05
4.444e-05
4.44404e-05
4.44408e-05
4.44412e-05
4.44416e-05
4.4442e-05
4.44425e-05
4.44429e-05
4.44434e-05
4.44439e-05
4.44444e-05
4.44228e-05
4.44226e-05
4.44225e-05
4.44224e-05
4.44223e-05
4.44223e-05
4.44223e-05
4.44223e-05
4.44224e-05
4.44225e-05
4.44226e-05
4.44227e-05
4.44229e-05
4.44231e-05
4.44233e-05
4.44235e-05
4.44237e-05
4.4424e-05
4.44243e-05
4.44246e-05
4.44249e-05
4.44253e-05
4.44256e-05
4.44259e-05
4.44262e-05
4.44265e-05
4.44268e-05
4.44271e-05
4.44274e-05
4.44276e-05
4.44279e-05
4.44282e-05
4.44285e-05
4.44288e-05
4.4429e-05
4.44293e-05
4.44296e-05
4.44298e-05
4.44301e-05
4.44304e-05
4.44306e-05
4.44309e-05
4.44312e-05
4.44314e-05
4.44317e-05
4.4432e-05
4.44322e-05
4.44325e-05
4.44328e-05
4.4433e-05
4.44333e-05
4.44336e-05
4.44339e-05
4.44342e-05
4.44344e-05
4.44347e-05
4.4435e-05
4.44354e-05
4.44357e-05
4.4436e-05
4.44363e-05
4.44367e-05
4.4437e-05
4.44374e-05
4.44378e-05
4.44382e-05
4.44386e-05
4.4439e-05
4.44395e-05
4.44399e-05
4.44404e-05
4.44409e-05
4.44414e-05
4.44418e-05
4.44188e-05
4.44188e-05
4.44188e-05
4.44189e-05
4.44189e-05
4.4419e-05
4.44192e-05
4.44193e-05
4.44195e-05
4.44197e-05
4.44199e-05
4.44202e-05
4.44204e-05
4.44207e-05
4.4421e-05
4.44213e-05
4.44216e-05
4.44218e-05
4.44221e-05
4.44224e-05
4.44226e-05
4.44229e-05
4.44231e-05
4.44234e-05
4.44236e-05
4.44239e-05
4.44241e-05
4.44244e-05
4.44246e-05
4.44249e-05
4.44251e-05
4.44254e-05
4.44256e-05
4.44259e-05
4.44261e-05
4.44264e-05
4.44266e-05
4.44268e-05
4.44271e-05
4.44273e-05
4.44276e-05
4.44278e-05
4.44281e-05
4.44283e-05
4.44286e-05
4.44289e-05
4.44291e-05
4.44294e-05
4.44297e-05
4.44299e-05
4.44302e-05
4.44305e-05
4.44308e-05
4.44311e-05
4.44313e-05
4.44316e-05
4.4432e-05
4.44323e-05
4.44326e-05
4.44329e-05
4.44333e-05
4.44336e-05
4.4434e-05
4.44344e-05
4.44348e-05
4.44352e-05
4.44356e-05
4.4436e-05
4.44365e-05
4.44369e-05
4.44374e-05
4.44379e-05
4.44384e-05
4.44389e-05
4.44154e-05
4.44155e-05
4.44156e-05
4.44158e-05
4.4416e-05
4.44162e-05
4.44164e-05
4.44166e-05
4.44169e-05
4.44171e-05
4.44173e-05
4.44175e-05
4.44177e-05
4.4418e-05
4.44182e-05
4.44184e-05
4.44186e-05
4.44188e-05
4.44191e-05
4.44193e-05
4.44195e-05
4.44197e-05
4.44199e-05
4.44201e-05
4.44204e-05
4.44206e-05
4.44208e-05
4.4421e-05
4.44213e-05
4.44215e-05
4.44217e-05
4.4422e-05
4.44222e-05
4.44224e-05
4.44227e-05
4.44229e-05
4.44231e-05
4.44234e-05
4.44236e-05
4.44239e-05
4.44241e-05
4.44244e-05
4.44246e-05
4.44249e-05
4.44251e-05
4.44254e-05
4.44256e-05
4.44259e-05
4.44262e-05
4.44264e-05
4.44267e-05
4.4427e-05
4.44273e-05
4.44276e-05
4.44279e-05
4.44282e-05
4.44285e-05
4.44288e-05
4.44291e-05
4.44295e-05
4.44298e-05
4.44302e-05
4.44305e-05
4.44309e-05
4.44313e-05
4.44317e-05
4.44322e-05
4.44326e-05
4.44331e-05
4.44335e-05
4.4434e-05
4.44345e-05
4.44349e-05
4.44354e-05
4.44359e-05
4.44121e-05
4.44123e-05
4.44124e-05
4.44126e-05
4.44127e-05
4.44129e-05
4.44131e-05
4.44132e-05
4.44134e-05
4.44135e-05
4.44137e-05
4.44138e-05
4.4414e-05
4.44142e-05
4.44144e-05
4.44145e-05
4.44147e-05
4.44149e-05
4.44151e-05
4.44153e-05
4.44155e-05
4.44157e-05
4.44159e-05
4.44162e-05
4.44164e-05
4.44166e-05
4.44168e-05
4.44171e-05
4.44173e-05
4.44175e-05
4.44178e-05
4.4418e-05
4.44182e-05
4.44185e-05
4.44187e-05
4.4419e-05
4.44192e-05
4.44195e-05
4.44197e-05
4.442e-05
4.44202e-05
4.44205e-05
4.44207e-05
4.4421e-05
4.44212e-05
4.44215e-05
4.44217e-05
4.4422e-05
4.44223e-05
4.44226e-05
4.44228e-05
4.44231e-05
4.44234e-05
4.44237e-05
4.4424e-05
4.44243e-05
4.44246e-05
4.44249e-05
4.44253e-05
4.44256e-05
4.44259e-05
4.44263e-05
4.44267e-05
4.4427e-05
4.44274e-05
4.44278e-05
4.44283e-05
4.44287e-05
4.44291e-05
4.44296e-05
4.44301e-05
4.44305e-05
4.44309e-05
4.44314e-05
4.44319e-05
4.44087e-05
4.44087e-05
4.44087e-05
4.44087e-05
4.44088e-05
4.44088e-05
4.44089e-05
4.4409e-05
4.44091e-05
4.44092e-05
4.44093e-05
4.44094e-05
4.44095e-05
4.44096e-05
4.44098e-05
4.44099e-05
4.44101e-05
4.44102e-05
4.44104e-05
4.44106e-05
4.44108e-05
4.4411e-05
4.44112e-05
4.44115e-05
4.44117e-05
4.4412e-05
4.44122e-05
4.44125e-05
4.44127e-05
4.4413e-05
4.44132e-05
4.44135e-05
4.44138e-05
4.4414e-05
4.44143e-05
4.44146e-05
4.44149e-05
4.44151e-05
4.44154e-05
4.44157e-05
4.44159e-05
4.44162e-05
4.44165e-05
4.44167e-05
4.4417e-05
4.44173e-05
4.44175e-05
4.44178e-05
4.44181e-05
4.44183e-05
4.44186e-05
4.44189e-05
4.44192e-05
4.44195e-05
4.44197e-05
4.442e-05
4.44203e-05
4.44207e-05
4.4421e-05
4.44213e-05
4.44216e-05
4.4422e-05
4.44223e-05
4.44227e-05
4.44231e-05
4.44235e-05
4.44239e-05
4.44243e-05
4.44247e-05
4.44251e-05
4.44255e-05
4.44259e-05
4.44263e-05
4.44267e-05
4.44272e-05
4.44092e-05
4.44091e-05
4.44089e-05
4.44088e-05
4.44086e-05
4.44084e-05
4.44082e-05
4.44079e-05
4.44077e-05
4.44075e-05
4.44073e-05
4.4407e-05
4.44069e-05
4.44067e-05
4.44065e-05
4.44064e-05
4.44063e-05
4.44062e-05
4.44062e-05
4.44062e-05
4.44063e-05
4.44064e-05
4.44066e-05
4.44067e-05
4.44069e-05
4.44071e-05
4.44073e-05
4.44076e-05
4.44078e-05
4.44081e-05
4.44084e-05
4.44087e-05
4.4409e-05
4.44093e-05
4.44096e-05
4.44099e-05
4.44102e-05
4.44105e-05
4.44108e-05
4.44111e-05
4.44114e-05
4.44117e-05
4.4412e-05
4.44122e-05
4.44125e-05
4.44128e-05
4.44131e-05
4.44133e-05
4.44136e-05
4.44138e-05
4.44141e-05
4.44144e-05
4.44146e-05
4.44149e-05
4.44152e-05
4.44154e-05
4.44157e-05
4.4416e-05
4.44163e-05
4.44166e-05
4.44169e-05
4.44172e-05
4.44175e-05
4.44178e-05
4.44182e-05
4.44185e-05
4.44189e-05
4.44193e-05
4.44196e-05
4.442e-05
4.44203e-05
4.44207e-05
4.4421e-05
4.44214e-05
4.44218e-05
4.44155e-05
4.44154e-05
4.44152e-05
4.44149e-05
4.44145e-05
4.4414e-05
4.44133e-05
4.44127e-05
4.44119e-05
4.44112e-05
4.44105e-05
4.44099e-05
4.44092e-05
4.44086e-05
4.4408e-05
4.44074e-05
4.44069e-05
4.44064e-05
4.44059e-05
4.44055e-05
4.44051e-05
4.44048e-05
4.44045e-05
4.44042e-05
4.4404e-05
4.44038e-05
4.44037e-05
4.44037e-05
4.44037e-05
4.44038e-05
4.44039e-05
4.44042e-05
4.44044e-05
4.44047e-05
4.4405e-05
4.44053e-05
4.44056e-05
4.44059e-05
4.44062e-05
4.44066e-05
4.44068e-05
4.44071e-05
4.44074e-05
4.44077e-05
4.44079e-05
4.44082e-05
4.44084e-05
4.44087e-05
4.44089e-05
4.44092e-05
4.44094e-05
4.44096e-05
4.44098e-05
4.44101e-05
4.44103e-05
4.44105e-05
4.44108e-05
4.4411e-05
4.44112e-05
4.44115e-05
4.44117e-05
4.4412e-05
4.44122e-05
4.44125e-05
4.44127e-05
4.4413e-05
4.44133e-05
4.44136e-05
4.44139e-05
4.44142e-05
4.44144e-05
4.44147e-05
4.44149e-05
4.44153e-05
4.44156e-05
4.44221e-05
4.4421e-05
4.44197e-05
4.44186e-05
4.44175e-05
4.44164e-05
4.44154e-05
4.44145e-05
4.44136e-05
4.44127e-05
4.44119e-05
4.44111e-05
4.44103e-05
4.44096e-05
4.44089e-05
4.44083e-05
4.44076e-05
4.4407e-05
4.44064e-05
4.44058e-05
4.44053e-05
4.44048e-05
4.44043e-05
4.44038e-05
4.44034e-05
4.44031e-05
4.44028e-05
4.44026e-05
4.44024e-05
4.44022e-05
4.44021e-05
4.44019e-05
4.44017e-05
4.44016e-05
4.44015e-05
4.44015e-05
4.44017e-05
4.44019e-05
4.44022e-05
4.44025e-05
4.44027e-05
4.44029e-05
4.44032e-05
4.44034e-05
4.44036e-05
4.44038e-05
4.44039e-05
4.44041e-05
4.44043e-05
4.44044e-05
4.44046e-05
4.44048e-05
4.44049e-05
4.4405e-05
4.44052e-05
4.44053e-05
4.44055e-05
4.44056e-05
4.44058e-05
4.44059e-05
4.44061e-05
4.44062e-05
4.44064e-05
4.44065e-05
4.44067e-05
4.44069e-05
4.4407e-05
4.44072e-05
4.44074e-05
4.44075e-05
4.44077e-05
4.44078e-05
4.44079e-05
4.44082e-05
4.44083e-05
)
;

boundaryField
{
    walls
    {
        type            fixedValue;
        value           uniform 0;
    }
    frontAndBack
    {
        type            empty;
    }
    farfield
    {
        type            inletOutlet;
        inletValue      uniform 4.44e-05;
        value           uniform 4.44e-05;
    }
    procBoundary2to0
    {
        type            processor;
        value           nonuniform List<scalar> 
113
(
4.1783e-06
1.26281e-05
2.11724e-05
2.94824e-05
3.7244e-05
4.41683e-05
4.9984e-05
5.44345e-05
5.72572e-05
5.72572e-05
7.56606e-05
7.56606e-05
9.95158e-05
9.95158e-05
0.000141175
0.0001501
0.000156366
0.000159233
0.000157942
0.000151857
0.000140666
0.00012448
0.00010473
8.35819e-05
6.47435e-05
5.42632e-05
4.76388e-05
4.40907e-05
4.28238e-05
4.33521e-05
4.39792e-05
4.42778e-05
4.42778e-05
4.50119e-05
4.50244e-05
4.50861e-05
4.51305e-05
4.51636e-05
4.51776e-05
4.51652e-05
4.51481e-05
4.51751e-05
4.52114e-05
4.51392e-05
4.50394e-05
4.50237e-05
4.457e-05
4.46087e-05
4.46541e-05
4.47022e-05
4.47499e-05
4.49087e-05
4.47705e-05
4.457e-05
4.4561e-05
4.45531e-05
4.45465e-05
4.45412e-05
4.45372e-05
4.45331e-05
4.44987e-05
4.44987e-05
4.44956e-05
4.4491e-05
4.44779e-05
4.44779e-05
4.44739e-05
4.44725e-05
4.44734e-05
4.44749e-05
4.44761e-05
4.44771e-05
4.4478e-05
4.44788e-05
4.44792e-05
4.44791e-05
4.44786e-05
4.44778e-05
4.44765e-05
4.44747e-05
4.44724e-05
4.44724e-05
4.44643e-05
4.44624e-05
4.44606e-05
4.44589e-05
4.44574e-05
4.44561e-05
4.4455e-05
4.44541e-05
4.44535e-05
4.44531e-05
4.44529e-05
4.44529e-05
4.44531e-05
4.44532e-05
4.4453e-05
4.44527e-05
4.44521e-05
4.44512e-05
4.44501e-05
4.44486e-05
4.44469e-05
4.44448e-05
4.44423e-05
4.44393e-05
4.44393e-05
4.44363e-05
4.44323e-05
4.44276e-05
4.44221e-05
4.44158e-05
4.44084e-05
)
;
    }
    procBoundary2to3
    {
        type            processor;
        value           nonuniform List<scalar> 
108
(
2.34905e-06
7.35607e-06
1.30176e-05
1.94095e-05
2.66098e-05
3.4695e-05
4.37256e-05
5.36824e-05
6.43803e-05
7.5555e-05
8.70201e-05
9.86771e-05
0.00011047
0.000122355
0.000134284
0.000146205
0.000158051
0.000169745
0.0001812
0.000192958
0.000193053
0.000193081
0.000193035
0.000192923
0.000192748
0.000192526
0.000192322
0.000192322
0.000204825
0.000215949
0.000226661
0.000236825
0.000246253
0.000254686
0.000261763
0.000266995
0.000269739
0.000269174
0.000264311
0.000254019
0.000254019
0.000243029
0.000219331
0.000187463
0.000148854
0.000115917
8.4703e-05
6.04777e-05
4.96135e-05
4.71579e-05
4.6975e-05
4.70034e-05
4.69142e-05
4.67502e-05
4.65786e-05
4.64313e-05
4.63061e-05
4.61897e-05
4.60709e-05
4.59468e-05
4.58175e-05
4.56851e-05
4.55528e-05
4.54264e-05
4.53119e-05
4.52145e-05
4.51359e-05
4.50741e-05
4.50247e-05
4.4982e-05
4.49423e-05
4.49039e-05
4.4867e-05
4.48322e-05
4.47998e-05
4.47696e-05
4.47414e-05
4.47148e-05
4.46896e-05
4.46659e-05
4.46437e-05
4.46229e-05
4.46036e-05
4.45857e-05
4.45691e-05
4.4554e-05
4.45402e-05
4.45275e-05
4.45157e-05
4.45047e-05
4.44944e-05
4.44847e-05
4.44757e-05
4.44672e-05
4.44593e-05
4.44518e-05
4.44449e-05
4.44386e-05
4.44328e-05
4.44276e-05
4.44229e-05
4.44189e-05
4.44154e-05
4.4412e-05
4.44087e-05
4.44093e-05
4.44156e-05
4.44242e-05
)
;
    }
}


// ************************************************************************* //
