/*--------------------------------*- C++ -*----------------------------------*\
| =========                 |                                                 |
| \\      /  F ield         | OpenFOAM: The Open Source CFD Toolbox           |
|  \\    /   O peration     | Version:  2412                                  |
|   \\  /    A nd           | Website:  www.openfoam.com                      |
|    \\/     M anipulation  |                                                 |
\*---------------------------------------------------------------------------*/
FoamFile
{
    version     2.0;
    format      ascii;
    arch        "LSB;label=32;scalar=64";
    class       volScalarField;
    location    "60";
    object      p;
}
// * * * * * * * * * * * * * * * * * * * * * * * * * * * * * * * * * * * * * //

dimensions      [0 2 -2 0 0 0 0];

internalField   nonuniform List<scalar> 
7373
(
35.2142
34.9569
34.7523
34.6109
34.5378
34.5355
34.6103
34.7662
35.0051
35.3327
35.7593
36.2924
36.9379
37.7024
38.5976
39.6364
40.8287
42.182
43.7167
45.4441
47.3789
49.5409
51.9445
54.6109
57.5606
60.816
64.3993
68.3347
72.6492
77.3711
82.5309
88.16
94.2908
100.957
108.2
116.057
124.572
133.787
143.752
154.519
166.144
178.682
192.202
206.774
222.474
239.387
257.605
277.233
298.388
321.188
345.782
372.32
400.974
431.923
465.367
501.465
540.399
582.228
626.83
673.749
721.794
767.924
804.804
817.638
771.234
608.354
263.455
-456.599
35.2143
34.9569
34.7523
34.6109
34.5378
34.5355
34.6103
34.7662
35.0051
35.3327
35.7593
36.2924
36.9379
37.7023
38.5976
39.6363
40.8287
42.1819
43.7167
45.444
47.3788
49.5409
51.9444
54.6108
57.5605
60.8159
64.3992
68.3346
72.649
77.371
82.5308
88.1598
94.2907
100.957
108.2
116.057
124.571
133.787
143.752
154.519
166.143
178.682
192.202
206.774
222.473
239.387
257.604
277.233
298.387
321.188
345.781
372.319
400.973
431.922
465.366
501.464
540.398
582.227
626.829
673.748
721.793
767.922
804.802
817.634
771.228
608.348
263.455
-456.552
35.2143
34.9569
34.7523
34.6109
34.5379
34.5355
34.6103
34.7662
35.0051
35.3327
35.7593
36.2924
36.9379
37.7023
38.5976
39.6363
40.8286
42.1819
43.7166
45.444
47.3788
49.5408
51.9444
54.6107
57.5604
60.8158
64.3991
68.3345
72.6489
77.3708
82.5306
88.1596
94.2905
100.956
108.199
116.056
124.571
133.787
143.751
154.519
166.143
178.681
192.201
206.773
222.473
239.386
257.604
277.232
298.387
321.187
345.78
372.318
400.972
431.921
465.365
501.463
540.396
582.226
626.828
673.746
721.791
767.92
804.799
817.628
771.217
608.331
263.426
-456.538
35.2143
34.957
34.7524
34.6109
34.5379
34.5355
34.6104
34.7662
35.0051
35.3327
35.7593
36.2924
36.9379
37.7023
38.5975
39.6363
40.8286
42.1819
43.7166
45.444
47.3787
49.5408
51.9443
54.6107
57.5604
60.8157
64.399
68.3344
72.6488
77.3707
82.5305
88.1595
94.2903
100.956
108.199
116.056
124.571
133.786
143.751
154.518
166.142
178.681
192.201
206.773
222.472
239.386
257.603
277.231
298.386
321.186
345.78
372.317
400.971
431.919
465.364
501.462
540.395
582.224
626.826
673.745
721.79
767.918
804.796
817.622
771.204
608.307
263.389
-456.497
35.2144
34.9571
34.7525
34.611
34.538
34.5356
34.6104
34.7663
35.0052
35.3328
35.7594
36.2925
36.9379
37.7024
38.5976
39.6363
40.8287
42.1819
43.7166
45.444
47.3788
49.5408
51.9443
54.6107
57.5604
60.8157
64.399
68.3344
72.6488
77.3707
82.5304
88.1594
94.2903
100.956
108.199
116.056
124.571
133.786
143.751
154.518
166.142
178.68
192.2
206.773
222.472
239.385
257.603
277.231
298.385
321.185
345.779
372.316
400.97
431.919
465.363
501.461
540.394
582.224
626.826
673.744
721.789
767.917
804.793
817.614
771.188
608.283
263.368
-456.376
35.2146
34.9573
34.7527
34.6112
34.5382
34.5358
34.6106
34.7664
35.0053
35.3329
35.7595
36.2926
36.9381
37.7025
38.5977
39.6365
40.8288
42.1821
43.7168
45.4441
47.3789
49.5409
51.9445
54.6108
57.5605
60.8159
64.3992
68.3345
72.6489
77.3708
82.5306
88.1596
94.2904
100.956
108.199
116.056
124.571
133.786
143.751
154.518
166.142
178.68
192.2
206.772
222.472
239.385
257.602
277.23
298.385
321.185
345.779
372.316
400.97
431.918
465.363
501.461
540.394
582.224
626.826
673.745
721.79
767.917
804.791
817.606
771.17
608.262
263.379
-456.132
35.2149
34.9576
34.753
34.6115
34.5385
34.5361
34.6109
34.7667
35.0056
35.3332
35.7598
36.293
36.9384
37.7028
38.5981
39.6368
40.8291
42.1824
43.7171
45.4445
47.3793
49.5413
51.9449
54.6112
57.5609
60.8163
64.3996
68.335
72.6494
77.3713
82.5311
88.1601
94.2909
100.957
108.2
116.057
124.571
133.787
143.752
154.519
166.143
178.681
192.201
206.773
222.472
239.386
257.603
277.231
298.385
321.186
345.779
372.317
400.971
431.919
465.364
501.462
540.396
582.226
626.828
673.747
721.792
767.919
804.79
817.598
771.151
608.248
263.438
-455.718
35.2154
34.958
34.7534
34.612
34.5389
34.5365
34.6114
34.7672
35.0061
35.3337
35.7604
36.2935
36.9389
37.7034
38.5986
39.6374
40.8298
42.183
43.7178
45.4452
47.38
49.542
51.9456
54.612
57.5617
60.8171
64.4004
68.3359
72.6503
77.3722
82.532
88.1611
94.2919
100.958
108.201
116.058
124.573
133.788
143.753
154.52
166.144
178.682
192.202
206.774
222.474
239.387
257.604
277.233
298.387
321.187
345.781
372.319
400.973
431.922
465.367
501.465
540.4
582.23
626.833
673.753
721.798
767.924
804.792
817.589
771.13
608.244
263.557
-455.081
35.2161
34.9587
34.7542
34.6127
34.5397
34.5373
34.6121
34.768
35.0069
35.3345
35.7612
36.2943
36.9398
37.7043
38.5996
39.6384
40.8307
42.1841
43.7188
45.4463
47.3811
49.5432
51.9468
54.6133
57.563
60.8185
64.4019
68.3373
72.6518
77.3738
82.5337
88.1627
94.2937
100.96
108.203
116.06
124.575
133.79
143.755
154.522
166.146
178.685
192.205
206.777
222.476
239.39
257.607
277.236
298.39
321.191
345.785
372.323
400.977
431.927
465.372
501.471
540.407
582.238
626.842
673.763
721.808
767.933
804.795
817.578
771.109
608.257
263.746
-454.163
35.2171
34.9597
34.7552
34.6137
34.5407
34.5384
34.6132
34.7691
35.0081
35.3357
35.7624
36.2956
36.9411
37.7056
38.6009
39.6397
40.8322
42.1855
43.7204
45.4479
47.3828
49.5449
51.9486
54.6151
57.565
60.8205
64.404
68.3395
72.6541
77.3762
82.5361
88.1653
94.2964
100.963
108.206
116.063
124.578
133.793
143.758
154.526
166.15
178.689
192.209
206.781
222.481
239.395
257.612
277.241
298.396
321.197
345.791
372.33
400.985
431.935
465.381
501.481
540.418
582.251
626.856
673.778
721.824
767.946
804.801
817.567
771.087
608.292
264.019
-452.894
-1282.02
35.2184
34.9611
34.7565
34.6151
34.5421
34.5398
34.6147
34.7706
35.0096
35.3373
35.764
36.2972
36.9428
37.7074
38.6028
39.6417
40.8342
42.1876
43.7225
45.4501
47.3851
49.5473
51.9511
54.6177
57.5677
60.8233
64.4069
68.3426
72.6573
77.3796
82.5397
88.169
94.3002
100.967
108.21
116.067
124.582
133.798
143.763
154.531
166.156
178.695
192.215
206.788
222.488
239.402
257.62
277.249
298.404
321.206
345.801
372.34
400.996
431.947
465.395
501.496
540.434
582.269
626.876
673.799
721.846
767.965
804.809
817.554
771.066
608.354
264.398
-451.203
-1278.94
-2055.6
35.2201
34.9628
34.7583
34.6169
34.5439
34.5417
34.6166
34.7726
35.0116
35.3394
35.7662
36.2994
36.9451
37.7097
38.6052
39.6442
40.8368
42.1903
43.7254
45.453
47.3882
49.5505
51.9545
54.6212
57.5713
60.8272
64.4109
68.3468
72.6617
77.3841
82.5444
88.174
94.3054
100.972
108.216
116.073
124.589
133.805
143.77
154.538
166.163
178.703
192.224
206.797
222.497
239.412
257.631
277.26
298.417
321.219
345.815
372.355
401.012
431.965
465.414
501.518
540.458
582.295
626.904
673.829
721.875
767.99
804.82
817.54
771.046
608.451
264.882
-449.034
-1275.07
-2050.89
-2538.35
35.2222
34.9649
34.7605
34.6191
34.5462
34.544
34.619
34.7751
35.0141
35.342
35.7689
36.3022
36.948
37.7127
38.6083
39.6474
40.8401
42.1938
43.729
45.4568
47.3921
49.5547
51.9588
54.6258
57.5761
60.8321
64.4161
68.3522
72.6673
77.3901
82.5507
88.1805
94.3123
100.979
108.223
116.081
124.597
133.814
143.78
154.548
166.174
178.713
192.235
206.809
222.51
239.425
257.645
277.276
298.433
321.236
345.834
372.376
401.034
431.989
465.44
501.546
540.489
582.329
626.941
673.868
721.913
768.02
804.831
817.523
771.028
608.595
265.449
-446.343
-1270.26
-2045.21
-2533.88
35.2248
34.9676
34.7632
34.6219
34.5491
34.5469
34.622
34.7782
35.0173
35.3453
35.7723
36.3057
36.9516
37.7165
38.6122
39.6515
40.8444
42.1983
43.7336
45.4617
47.3972
49.5599
51.9643
54.6315
57.5821
60.8384
64.4227
68.3591
72.6746
77.3977
82.5587
88.1889
94.3211
100.988
108.233
116.091
124.608
133.825
143.792
154.561
166.187
178.727
192.25
206.825
222.527
239.443
257.664
277.296
298.454
321.26
345.858
372.402
401.063
432.021
465.475
501.584
540.531
582.374
626.989
673.916
721.959
768.056
804.844
817.504
771.013
608.799
266.075
-443.112
-1264.5
-2038.46
-2528.37
35.228
34.9709
34.7665
34.6253
34.5526
34.5505
34.6257
34.782
35.0213
35.3493
35.7765
36.3101
36.9561
37.7212
38.6171
39.6566
40.8497
42.2038
43.7394
45.4677
47.4035
49.5665
51.9712
54.6387
57.5897
60.8463
64.431
68.3678
72.6837
77.4073
82.5687
88.1995
94.3322
101
108.245
116.104
124.621
133.839
143.807
154.577
166.204
178.745
192.269
206.845
222.548
239.466
257.688
277.322
298.482
321.289
345.89
372.437
401.101
432.061
465.519
501.633
540.583
582.43
627.048
673.976
722.013
768.096
804.856
817.481
771
609.071
266.755
-439.351
-1257.89
-2030.45
-2521.52
35.232
34.9749
34.7706
34.6295
34.5569
34.555
34.6303
34.7867
35.0261
35.3544
35.7817
36.3155
36.9617
37.727
38.6232
39.6629
40.8562
42.2106
43.7465
45.4751
47.4113
49.5747
51.9797
54.6477
57.599
60.8561
64.4413
68.3786
72.6951
77.4192
82.5812
88.2126
94.346
101.015
108.26
116.12
124.638
133.857
143.826
154.597
166.225
178.768
192.292
206.87
222.575
239.494
257.718
277.354
298.517
321.327
345.931
372.48
401.148
432.112
465.575
501.693
540.648
582.499
627.119
674.046
722.076
768.141
804.867
817.454
770.988
609.409
267.501
-435.071
-1250.47
-2021.06
-2513.07
35.2368
34.9798
34.7757
34.6347
34.5622
34.5604
34.6359
34.7924
35.0321
35.3605
35.788
36.3221
36.9686
37.7341
38.6306
39.6706
40.8643
42.219
43.7553
45.4843
47.4208
49.5847
51.9902
54.6586
57.6105
60.8682
64.4539
68.3919
72.709
77.4338
82.5966
88.2288
94.363
101.033
108.279
116.14
124.659
133.879
143.849
154.621
166.251
178.795
192.322
206.901
222.608
239.529
257.756
277.394
298.56
321.373
345.98
372.534
401.206
432.175
465.643
501.766
540.726
582.581
627.202
674.126
722.146
768.189
804.877
817.422
770.976
609.809
268.331
-430.259
-1242.14
-2010.27
-2502.92
35.2426
34.9858
34.7818
34.641
34.5686
34.567
34.6427
34.7995
35.0393
35.368
35.7958
36.3301
36.9769
37.7428
38.6396
39.68
40.874
42.2292
43.7659
45.4954
47.4325
49.5969
52.003
54.672
57.6245
60.8829
64.4693
68.4081
72.726
77.4516
82.6153
88.2485
94.3837
101.054
108.302
116.164
124.685
133.906
143.877
154.651
166.283
178.829
192.357
206.939
222.648
239.572
257.802
277.443
298.612
321.429
346.041
372.599
401.277
432.251
465.725
501.852
540.817
582.676
627.297
674.216
722.222
768.24
804.885
817.384
770.961
610.269
269.255
-424.866
-1232.78
-1998.03
-2491.16
35.2497
34.9931
34.7893
34.6486
34.5765
34.575
34.651
34.808
35.0481
35.3771
35.8052
36.3399
36.987
37.7533
38.6505
39.6913
40.8859
42.2416
43.7788
45.5089
47.4466
49.6116
52.0184
54.6882
57.6415
60.9007
64.488
68.4276
72.7465
77.4732
82.6379
88.2723
94.4087
101.081
108.33
116.194
124.716
133.938
143.912
154.687
166.321
178.869
192.4
206.984
222.696
239.624
257.857
277.502
298.675
321.497
346.114
372.678
401.361
432.342
465.821
501.953
540.924
582.783
627.404
674.315
722.306
768.294
804.89
817.338
770.94
610.792
270.274
-418.835
-1222.3
-1984.22
-2477.81
35.2583
35.0019
34.7983
34.6578
34.5859
34.5847
34.6609
34.8182
35.0586
35.388
35.8165
36.3515
36.9991
37.7659
38.6636
39.705
40.9001
42.2564
43.7943
45.5251
47.4635
49.6293
52.0369
54.7076
57.6618
60.922
64.5103
68.4511
72.7711
77.499
82.6651
88.3008
94.4387
101.112
108.363
116.229
124.752
133.977
143.953
154.731
166.367
178.918
192.452
207.039
222.755
239.686
257.923
277.573
298.751
321.578
346.201
372.771
401.46
432.448
465.927
502.074
541.044
582.904
627.522
674.425
722.398
768.352
804.891
817.282
770.909
611.377
271.391
-412.104
-1210.59
-1968.76
-2462.72
39.3419
38.6586
38.0261
37.4415
36.903
36.4115
35.9745
35.5894
35.2686
35.0125
34.809
34.6688
34.5972
34.5963
34.6728
34.8305
35.0713
35.4011
35.83
36.3655
37.0136
37.781
38.6793
39.7213
40.9171
42.2742
43.8128
45.5444
47.4837
49.6504
52.059
54.7308
57.6861
60.9474
64.537
68.479
72.8005
77.5299
82.6975
88.3348
94.4745
101.15
108.403
116.27
124.796
134.024
144.002
154.783
166.421
178.976
192.513
207.104
222.824
239.759
258.001
277.656
298.84
321.673
346.302
372.879
401.575
432.569
466.05
502.208
541.178
583.039
627.653
674.546
722.498
768.413
804.888
817.213
770.866
612.027
272.615
-404.606
-1197.53
-1951.52
-2445.67
39.353
38.6698
38.0373
37.4528
36.9144
36.423
35.9862
35.6013
35.2809
35.025
34.8219
34.6819
34.6106
34.6101
34.687
34.8451
35.0863
35.4166
35.846
36.3822
37.0309
37.7989
38.6979
39.7407
40.9373
42.2952
43.8348
45.5673
47.5077
49.6755
52.0853
54.7582
57.7149
60.9776
64.5686
68.5122
72.8353
77.5664
82.7359
88.3751
94.5168
101.194
108.45
116.32
124.848
134.079
144.059
154.844
166.486
179.044
192.585
207.181
222.905
239.846
258.093
277.754
298.944
321.784
346.42
373.003
401.705
432.706
466.193
502.354
541.327
583.189
627.799
674.68
722.607
768.477
804.879
817.127
770.805
612.735
273.962
-396.267
-1182.99
-1932.35
-2426.49
39.3662
38.6831
38.0507
37.4663
36.928
36.4368
36.0002
35.6155
35.2955
35.0399
34.8371
34.6975
34.6265
34.6264
34.7038
34.8623
35.1041
35.435
35.8651
36.4019
37.0513
37.8201
38.72
39.7636
40.9611
42.3201
43.8608
45.5945
47.536
49.7052
52.1163
54.7907
57.7489
61.0132
64.6059
68.5514
72.8763
77.6095
82.7811
88.4227
94.5668
101.247
108.505
116.378
124.91
134.143
144.127
154.915
166.562
179.124
192.67
207.271
223
239.947
258.201
277.868
299.064
321.911
346.553
373.143
401.851
432.858
466.352
502.517
541.494
583.355
627.96
674.827
722.725
768.545
804.863
817.021
770.722
613.489
275.452
-387.009
-1166.84
-1911.03
-2405.14
39.3819
38.6989
38.0667
37.4824
36.9443
36.4533
36.0169
35.6325
35.3128
35.0575
34.855
34.7158
34.6453
34.6457
34.7236
34.8827
35.1251
35.4567
35.8875
36.4251
37.0753
37.845
38.7459
39.7906
40.9892
42.3494
43.8913
45.6263
47.5694
49.74
52.1527
54.8288
57.7888
61.055
64.6498
68.5973
72.9245
77.6601
82.8342
88.4784
94.6253
101.308
108.57
116.446
124.981
134.218
144.207
154.999
166.65
179.218
192.769
207.375
223.111
240.064
258.324
277.998
299.201
322.054
346.703
373.3
402.015
433.029
466.529
502.699
541.679
583.54
628.138
674.989
722.855
768.615
804.835
816.89
770.611
614.282
277.104
-376.755
-1148.94
-1887.32
-2381.49
39.4004
38.7176
38.0855
37.5014
36.9635
36.4727
36.0365
35.6525
35.3331
35.0782
34.8761
34.7373
34.6673
34.6683
34.7468
34.9066
35.1497
35.4821
35.9138
36.4523
37.1035
37.8743
38.7763
39.8222
41.0221
42.3837
43.9271
45.6637
47.6084
49.7808
52.1954
54.8735
57.8355
61.1039
64.701
68.651
72.9809
77.7191
82.8962
88.5434
94.6936
101.38
108.645
116.525
125.065
134.306
144.299
155.097
166.753
179.326
192.883
207.495
223.238
240.197
258.463
278.144
299.354
322.215
346.871
373.475
402.199
433.22
466.726
502.902
541.885
583.745
628.336
675.167
722.995
768.686
804.793
816.727
770.464
615.108
278.933
-365.426
-1129.15
-1861.02
-2355.26
39.422
38.7394
38.1075
37.5236
36.9859
36.4954
36.0594
35.6758
35.3569
35.1023
34.9008
34.7625
34.6931
34.6947
34.774
34.9346
35.1785
35.5118
35.9445
36.484
37.1364
37.9085
38.8118
39.8592
41.0605
42.4238
43.9689
45.7073
47.6539
49.8283
52.2451
54.9255
57.89
61.1609
64.7607
68.7135
73.0464
77.7879
82.9682
88.619
94.7729
101.464
108.732
116.617
125.161
134.408
144.406
155.209
166.872
179.451
193.014
207.632
223.381
240.347
258.621
278.309
299.527
322.395
347.06
373.672
402.404
433.434
466.948
503.129
542.116
583.974
628.555
675.363
723.146
768.757
804.733
816.524
770.27
615.957
280.959
-352.943
-1107.32
-1831.94
-2326.21
39.4472
38.7648
38.1331
37.5494
37.0119
36.5218
36.0862
35.703
35.3846
35.1304
34.9295
34.7919
34.7231
34.7255
34.8056
34.9671
35.2121
35.5465
35.9803
36.5211
37.1748
37.9483
38.8532
39.9021
41.1052
42.4704
44.0174
45.7579
47.7068
49.8835
52.3028
54.9858
57.9531
61.227
64.8299
68.786
73.1223
77.8674
83.0517
88.7066
94.8647
101.56
108.834
116.723
125.273
134.525
144.529
155.338
167.006
179.592
193.162
207.787
223.543
240.516
258.797
278.494
299.72
322.597
347.271
373.893
402.634
433.673
467.195
503.383
542.372
584.228
628.797
675.578
723.308
768.824
804.648
816.273
770.018
616.814
283.211
-339.229
-1083.31
-1799.9
-2294.08
39.4765
38.7944
38.1629
37.5794
37.0423
36.5525
36.1173
35.7347
35.4168
35.1632
34.9629
34.826
34.758
34.7613
34.8424
35.0049
35.251
35.5867
36.0218
36.564
37.2193
37.9944
38.9011
39.952
41.157
42.5244
44.0737
45.8166
47.768
49.9475
52.3696
55.0557
58.0261
61.3034
64.9098
68.8697
73.21
77.9593
83.1479
88.8074
94.9705
101.671
108.95
116.845
125.4
134.658
144.669
155.484
167.159
179.751
193.328
207.96
223.724
240.706
258.996
278.701
299.937
322.824
347.508
374.141
402.892
433.94
467.471
503.665
542.658
584.509
629.063
675.811
723.478
768.884
804.53
815.96
769.693
617.664
285.735
-324.23
-1057
-1764.68
-2258.59
39.5104
38.8287
38.1974
37.6143
37.0774
36.5881
36.1534
35.7714
35.4541
35.2011
35.0015
34.8655
34.7985
34.8028
34.885
35.0487
35.2961
35.6332
36.0699
36.6137
37.2707
38.0478
38.9566
40.0096
41.2169
42.5867
44.1386
45.8843
47.8387
50.0212
52.4466
55.1361
58.1103
61.3914
65.0018
68.966
73.3108
78.0648
83.2584
88.9231
95.0914
101.797
109.082
116.983
125.545
134.809
144.826
155.648
167.33
179.93
193.515
208.156
223.928
240.919
259.218
278.934
300.18
323.078
347.774
374.418
403.181
434.24
467.78
503.98
542.975
584.821
629.356
676.064
723.656
768.932
804.37
815.571
769.277
618.494
288.588
-307.916
-1028.27
-1726.12
-2219.49
39.5496
38.8683
38.2373
37.6545
37.1181
36.6292
36.1951
35.8138
35.4972
35.2449
35.0462
34.9111
34.8452
34.8507
34.9342
35.0993
35.3482
35.6869
36.1253
36.671
37.3301
38.1094
39.0204
40.0759
41.2859
42.6585
44.2134
45.9622
47.92
50.106
52.5352
55.2286
58.2068
61.4923
65.1073
69.0763
73.426
78.1852
83.3842
89.0545
95.2286
101.941
109.232
117.139
125.707
134.979
145.003
155.833
167.523
180.131
193.725
208.375
224.157
241.158
259.469
279.196
300.454
323.364
348.072
374.729
403.504
434.574
468.124
504.331
543.326
585.164
629.676
676.335
723.839
768.96
804.156
815.087
768.746
619.292
291.825
-290.269
-997.035
-1684.08
-2176.39
-2410.42
39.5948
38.914
38.2834
37.701
37.165
36.6767
36.2431
35.8627
35.547
35.2954
35.0978
34.9638
34.899
34.9058
34.9908
35.1575
35.4081
35.7488
36.1891
36.7369
37.3984
38.1801
39.0939
40.1522
41.3651
42.7409
44.2991
46.0515
48.0131
50.203
52.6364
55.3342
58.3171
61.6073
65.2273
69.2015
73.5567
78.3216
83.5265
89.2029
95.3833
102.102
109.4
117.315
125.89
135.17
145.202
156.041
167.74
180.357
193.961
208.622
224.415
241.427
259.75
279.49
300.761
323.685
348.406
375.077
403.865
434.947
468.507
504.72
543.715
585.541
630.023
676.623
724.021
768.96
803.872
814.485
768.074
619.98
295.495
-271.278
-963.216
-1638.39
-2128.96
-2369.96
39.647
38.9666
38.3364
37.7544
37.2189
36.7314
36.2985
35.919
35.6042
35.3535
35.1571
35.0242
34.9608
34.9691
35.0559
35.2246
35.477
35.8197
36.2623
36.8127
37.4767
38.2612
39.1779
40.2394
41.4556
42.835
44.397
46.1533
48.1191
50.3134
52.7514
55.4541
58.442
61.7375
65.3631
69.343
73.7042
78.4754
83.6868
89.37
95.5576
102.284
109.589
117.512
126.096
135.385
145.427
156.275
167.984
180.612
194.227
208.899
224.705
241.73
260.066
279.82
301.105
324.044
348.78
375.466
404.268
435.363
468.933
505.151
544.143
585.953
630.398
676.926
724.196
768.92
803.498
813.737
767.228
620.455
299.627
-250.967
-926.786
-1588.93
-2077.35
-2325.42
40.4298
39.7069
39.0271
38.3973
37.8158
37.281
36.7941
36.362
35.9836
35.67
35.4204
35.2252
35.0936
35.0317
35.0419
35.1307
35.3013
35.5558
35.9008
36.3458
36.899
37.5659
38.3535
39.2735
40.3385
41.5584
42.9419
44.508
46.2687
48.2392
50.4383
52.8814
55.5895
58.583
61.8844
65.5161
69.5025
73.8705
78.6487
83.8675
89.5584
95.754
102.489
109.803
117.735
126.329
135.627
145.679
156.538
168.259
180.899
194.526
209.212
225.031
242.07
260.421
280.19
301.491
324.446
349.199
375.9
404.717
435.826
469.405
505.626
544.613
586.401
630.799
677.24
724.356
768.823
803.01
812.808
766.164
620.751
304.227
-229.413
-887.761
-1535.69
-2021.36
-2276.54
40.4982
39.7757
39.0965
38.4672
37.8864
37.3521
36.8661
36.4349
36.0578
35.7455
35.4968
35.3026
35.1726
35.1125
35.1247
35.2158
35.3883
35.6451
35.9927
36.4406
36.9969
37.667
38.4581
39.3818
40.4508
41.6747
43.0627
44.6334
46.399
48.3747
50.5792
53.0281
55.7421
58.742
62.05
65.6886
69.6823
74.0579
78.8441
84.0712
89.7707
95.9753
102.719
110.044
117.986
126.59
135.9
145.964
156.835
168.568
181.222
194.863
209.562
225.397
242.452
260.819
280.605
301.923
324.896
349.666
376.384
405.217
436.339
469.927
506.15
545.126
586.886
631.224
677.557
724.488
768.651
802.378
811.658
764.834
620.884
309.288
-206.709
-846.2
-1478.67
-1960.94
-2223.16
40.5766
39.8545
39.176
38.5473
37.9668
37.4329
36.9479
36.5178
36.1422
35.831
35.5833
35.3902
35.2623
35.2042
35.2185
35.3119
35.4868
35.7462
36.0968
36.5479
37.1076
37.7812
38.5762
39.5041
40.5774
41.8059
43.1989
44.7749
46.546
48.5275
50.7381
53.1935
55.9143
58.9213
62.2367
65.8832
69.885
74.2692
79.0644
84.3008
90.0101
96.2248
102.98
110.315
118.269
126.885
136.207
146.284
157.168
168.916
181.584
195.241
209.956
225.807
242.88
261.265
281.069
302.406
325.398
350.187
376.923
405.772
436.906
470.502
506.723
545.684
587.405
631.669
677.869
724.577
768.377
801.565
810.236
763.181
620.785
314.811
-182.965
-802.222
-1417.99
-1896.09
-2165.1
40.6658
39.9441
39.2664
38.638
38.0577
37.5245
37.0407
36.6116
36.2373
35.9274
35.6808
35.4896
35.3637
35.3077
35.3245
35.4203
35.5979
35.8604
36.2143
36.6689
37.2324
37.9101
38.7094
39.642
40.7203
41.954
43.3526
44.9345
46.7118
48.6999
50.9174
53.3801
56.1086
59.1236
62.4474
66.1026
70.1137
74.5076
79.3128
84.5597
90.2799
96.506
103.273
110.62
118.587
127.217
136.553
146.644
157.544
169.307
181.992
195.665
210.399
226.268
243.359
261.764
281.589
302.946
325.958
350.767
377.522
406.387
437.533
471.133
507.348
546.286
587.956
632.125
678.163
724.601
767.97
800.525
808.483
761.138
620.391
320.8
-158.359
-756.025
-1353.81
-1826.89
-2102.24
40.7665
40.0451
39.368
38.74
38.1603
37.6279
37.1453
36.7174
36.3446
36.0362
35.791
35.6017
35.478
35.4244
35.4439
35.5426
35.7233
35.9892
36.3469
36.8056
37.3733
38.0555
38.8599
39.7978
40.8816
42.1211
43.5262
45.1146
46.899
48.8945
51.1198
53.5907
56.3278
59.3518
62.685
66.3501
70.3716
74.7762
79.5928
84.8514
90.5838
96.8227
103.603
110.964
118.945
127.59
136.941
147.049
157.965
169.746
182.449
196.141
210.894
226.784
243.896
262.323
282.169
303.548
326.581
351.411
378.184
407.065
438.221
471.823
508.025
546.93
588.533
632.584
678.422
724.536
767.391
799.202
806.326
758.625
619.621
327.268
-133.075
-707.863
-1286.42
-1753.51
-2034.54
40.8799
40.1588
39.4824
38.855
38.2758
37.7444
37.2631
36.8365
36.4654
36.1587
35.9151
35.7282
35.607
35.5562
35.5787
35.6807
35.8649
36.1346
36.4966
36.9599
37.5324
38.2198
39.0297
39.9736
41.0637
42.3098
43.722
45.318
47.1102
49.1141
51.3481
53.8282
56.575
59.6092
62.953
66.6292
70.6622
75.079
79.9082
85.18
90.9262
97.1792
103.974
111.351
119.348
128.009
137.378
147.504
158.439
170.239
182.962
196.675
211.449
227.361
244.496
262.946
282.815
304.217
327.273
352.124
378.916
407.811
438.974
472.572
508.754
547.613
589.129
633.031
678.624
724.345
766.59
797.532
803.682
755.55
618.385
334.23
-107.308
-658.038
-1216.21
-1676.31
-1962.07
41.0075
40.2868
39.6112
38.9843
38.4059
37.8757
37.3959
36.9708
36.6017
36.2969
36.0552
35.871
35.7528
35.705
35.731
35.8366
36.0248
36.2989
36.6657
37.1342
37.7121
38.4052
39.2214
40.1721
41.2693
42.5228
43.9431
45.5474
47.3485
49.3618
51.6056
54.0961
56.8537
59.8993
63.255
66.9436
70.9897
75.4201
80.2634
85.55
91.3115
97.5805
104.392
111.786
119.801
128.481
137.869
148.014
158.97
170.791
183.536
197.273
212.07
228.006
245.165
263.64
283.534
304.96
328.04
352.912
379.721
408.628
439.794
473.381
509.531
548.327
589.731
633.446
678.739
723.987
765.507
795.434
800.455
751.81
616.591
341.357
-81.4108
-606.935
-1143.63
-1595.7
-1885.01
41.151
40.4311
39.7564
39.1301
38.5528
38.024
37.5458
37.1225
36.7557
36.4531
36.2135
36.0323
35.9173
35.873
35.9029
36.0127
36.2053
36.4843
36.8566
37.3309
37.9149
38.6145
39.4378
40.3961
41.5012
42.7631
44.1924
45.8062
47.6172
49.6411
51.8959
54.3981
57.1679
60.2262
63.5953
67.2978
71.3585
75.8041
80.6633
85.9663
91.7449
98.0316
104.862
112.275
120.31
129.01
138.419
148.587
159.565
171.41
184.179
197.94
212.764
228.725
245.911
264.412
284.332
305.783
328.886
353.778
380.604
409.518
440.681
474.247
510.351
549.062
590.322
633.804
678.73
723.409
764.071
792.818
796.535
747.293
614.139
347.877
-55.9052
-555.113
-1069.14
-1511.53
-1803.67
41.3132
40.5939
39.9201
39.2947
38.7186
38.1913
37.715
37.2938
36.9295
36.6293
36.3922
36.2143
36.103
36.0627
36.097
36.2114
36.4091
36.6937
37.072
37.5529
38.1437
38.8507
39.682
40.6487
41.7628
43.0341
44.4736
46.098
47.9202
49.956
52.2231
54.7383
57.5218
60.5944
63.9784
67.6966
71.7735
76.2361
81.113
86.4345
92.2321
98.5386
105.389
112.824
120.881
129.604
139.036
149.228
160.232
172.102
184.898
198.686
213.537
229.526
246.74
265.268
285.216
306.692
329.818
354.728
381.566
410.483
441.633
475.166
511.203
549.802
590.879
634.071
678.548
722.543
762.194
789.574
791.798
741.88
610.916
353.722
-30.8287
-503.167
-993.289
-1423.7
-1718.28
41.4961
40.7777
40.1049
39.4805
38.9057
38.3801
37.9059
37.487
37.1255
36.8281
36.594
36.4198
36.3126
36.2768
36.316
36.4357
36.639
36.9299
37.3151
37.8033
38.4019
39.1171
39.9574
40.9337
42.0578
43.3396
44.7906
46.4269
48.2616
50.3106
52.5917
55.1215
57.9203
61.0089
64.4096
68.1452
72.2404
76.722
81.6186
86.9605
92.7793
99.1078
105.981
113.439
121.521
130.269
139.727
149.946
160.977
172.875
185.7
199.517
214.397
230.416
247.659
266.216
286.191
307.692
330.839
355.765
382.609
411.52
442.647
476.128
512.075
550.527
591.37
634.203
678.134
721.312
759.776
785.582
786.108
735.428
606.77
361.118
-4.27706
-451.128
-917.882
-1335
-1630.16
41.7026
40.9849
40.3132
39.6901
39.1167
38.5931
38.1213
37.7051
37.3467
37.0525
36.8216
36.6516
36.5491
36.5183
36.5631
36.6887
36.8984
37.1963
37.5893
38.0857
38.693
39.4175
40.2678
41.2549
42.3902
43.684
45.1477
46.7973
48.6462
50.7101
53.0066
55.5528
58.3687
61.4752
64.8946
68.6496
72.7651
77.2679
82.1864
87.5511
93.3935
99.7464
106.645
114.129
122.237
131.013
140.5
150.748
161.808
173.737
186.592
200.441
215.352
231.402
248.675
267.262
287.263
308.788
331.953
356.889
383.733
412.627
443.713
477.121
512.947
551.206
591.756
634.144
677.413
719.619
756.697
780.705
779.322
727.778
601.521
370.813
24.8536
-398.846
-844.469
-1249.12
-1544.02
41.9353
41.2185
40.5481
39.9263
39.3547
38.8332
38.3641
37.9509
37.5961
37.3054
37.0783
36.9131
36.8158
36.7907
36.8417
36.974
37.1909
37.4967
37.8984
38.404
39.0211
39.7561
40.6177
41.6168
42.7647
44.0718
45.5499
47.2145
49.0791
51.1596
53.4735
56.038
58.873
61.9995
65.4397
69.2164
73.3545
77.8808
82.8238
88.2137
94.0822
100.462
107.389
114.901
123.039
131.845
141.363
151.642
162.735
174.696
187.585
201.466
216.41
232.493
249.796
268.412
288.438
309.983
333.161
358.101
384.933
413.795
444.82
478.126
513.789
551.803
591.984
633.826
676.297
717.352
752.824
774.794
771.283
718.802
595.088
42.1975
41.4818
40.8128
40.1926
39.6229
39.1039
38.6379
38.228
37.8772
37.5905
37.3677
37.2078
37.1165
37.0977
37.1558
37.2955
37.5206
37.8354
38.2467
38.7628
39.3908
40.1375
41.0118
42.0243
43.1865
44.5085
46.0026
47.6839
49.5662
51.6653
53.9986
56.5835
59.4398
62.5886
66.0519
69.8528
74.016
78.5683
83.5384
88.9562
94.8535
101.263
108.221
115.765
123.935
132.773
142.325
152.639
163.766
175.762
188.685
202.601
217.579
233.694
251.028
269.67
289.719
311.279
334.464
359.396
386.202
415.013
445.949
479.114
514.566
552.266
591.987
633.163
674.676
714.38
748.007
767.688
761.828
708.384
587.542
42.4929
41.7783
41.1109
40.4925
39.925
39.4088
38.9463
38.5403
38.1939
37.9118
37.6939
37.54
37.4553
37.4437
37.5096
37.6579
37.8921
38.2169
38.6392
39.1668
39.8072
40.5671
41.4555
42.4831
43.6611
44.9999
46.5118
48.2119
50.1138
52.2337
54.5886
57.1962
60.0763
63.2499
66.7389
70.5665
74.7576
79.3388
84.3387
89.7873
95.7163
102.159
109.15
116.728
124.933
133.807
143.395
153.746
164.91
176.942
189.902
203.853
218.865
235.012
252.375
271.041
291.107
312.676
335.856
360.766
387.527
416.26
447.072
480.051
515.228
552.532
591.685
632.052
672.426
710.555
742.083
759.215
750.808
696.408
578.639
42.8253
42.112
41.4464
40.8301
40.2652
39.7522
39.2935
38.8919
38.5505
38.2736
38.0613
37.9141
37.8368
37.8334
37.9082
38.0659
38.3104
38.6465
39.081
39.6217
40.2758
41.0505
41.9547
42.9992
44.1949
45.5524
47.0843
48.8052
50.7291
52.872
55.2511
57.884
60.7904
63.9914
67.5089
71.3662
75.588
80.2011
85.2338
90.7163
96.6801
103.158
110.186
117.801
126.044
134.957
144.584
154.973
166.176
178.246
191.243
205.23
220.275
236.452
253.84
272.525
292.601
314.168
337.33
362.199
388.889
417.509
448.154
480.887
515.714
552.522
590.978
630.371
669.401
705.713
734.877
749.208
738.11
682.782
567.737
43.1992
42.4873
41.8237
41.2099
40.6479
40.1386
39.6842
39.2875
38.9518
38.6807
38.4748
38.3353
38.2663
38.2721
38.3568
38.5252
38.7812
39.1299
39.5781
40.1333
40.8029
41.5941
42.5161
43.5793
44.7948
46.1732
47.7273
49.4714
51.4197
53.5883
55.9941
58.655
61.5906
64.8219
68.371
72.2609
76.5166
81.1646
86.2334
91.7529
97.7546
104.271
111.339
118.994
127.278
136.231
145.899
156.329
167.572
179.681
192.716
206.737
221.814
238.017
255.425
274.121
294.196
315.746
338.87
363.673
390.259
418.724
449.145
481.561
515.944
552.137
589.746
627.977
665.436
699.671
726.208
737.51
723.638
667.428
555.222
43.6191
42.909
42.2478
41.6367
41.0781
40.5729
40.1235
39.7325
39.403
39.1386
38.9401
38.809
38.7494
38.7654
38.8613
39.0416
39.3106
39.6735
40.1369
40.7084
41.3953
42.2049
43.1466
44.2308
45.4683
46.87
48.4487
50.2186
52.1941
54.391
56.8264
59.5183
62.4862
65.751
69.3347
73.2605
77.5533
82.2396
87.3477
92.9074
98.9502
105.509
112.619
120.317
128.644
137.641
147.351
157.823
169.106
181.254
194.325
208.379
223.483
239.706
257.125
275.821
295.881
317.394
340.455
365.159
391.598
419.854
449.982
481.993
515.822
551.261
587.85
624.711
660.349
692.243
715.907
723.989
707.227
650.221
544.195
44.0903
43.3822
42.7237
42.1159
41.5612
41.0608
40.6169
40.2323
39.91
39.6531
39.4629
39.3414
39.2924
39.3199
39.4282
39.622
39.9055
40.2842
40.7646
41.3543
42.0604
42.8906
43.8543
44.9617
46.2236
47.6512
49.2572
51.0557
53.0611
55.2894
57.7576
60.4835
63.4869
66.7884
70.4102
74.3753
78.7086
83.4365
88.5872
94.1904
100.277
106.881
114.036
121.78
130.152
139.193
148.947
159.462
170.785
182.971
196.074
210.156
225.28
241.516
258.934
277.614
297.638
319.088
342.052
366.615
392.855
420.835
450.586
482.088
515.231
549.757
585.133
620.392
653.95
683.24
703.832
708.525
688.658
631.067
535.279
44.6183
43.9126
43.2573
42.6532
42.1031
41.6081
41.1707
40.7932
40.4789
40.2306
40.0499
39.9392
39.902
39.9424
40.0647
40.2735
40.5733
40.9696
41.469
42.0789
42.8064
43.6595
44.6476
45.7807
47.0697
48.5259
50.1621
51.9922
54.0307
56.2935
58.7976
61.561
64.6032
67.945
71.6082
75.6161
79.9932
84.7661
89.9627
95.6126
101.747
108.398
115.6
123.392
131.81
140.897
150.695
161.251
172.613
184.832
197.963
212.066
227.201
243.435
260.837
279.48
299.44
320.795
343.62
367.989
393.964
421.586
450.86
481.728
514.036
547.467
581.418
614.831
646.04
672.496
689.867
690.969
667.983
610.943
45.209
44.5062
43.8547
43.255
42.7101
42.2215
41.7913
41.422
41.1167
40.8782
40.7083
40.6096
40.5857
40.6405
40.7785
41.0041
41.3221
41.738
42.2585
42.8907
43.6421
44.5206
45.5356
46.6972
48.0162
49.504
51.1734
53.0382
55.113
57.4138
59.9573
62.7616
65.8461
69.2316
72.9398
76.9938
81.4183
86.2394
91.485
97.1844
103.368
110.069
117.321
125.161
133.627
142.759
152.6
163.194
174.59
186.837
199.989
214.101
229.234
245.449
262.811
281.389
301.252
322.467
345.1
369.21
394.839
422.007
450.686
480.778
512.08
544.219
576.519
607.832
636.44
659.873
673.885
671.116
645.599
592.137
45.8686
45.1693
44.5223
43.9278
43.3892
42.9077
42.4858
42.1259
41.8308
41.6034
41.4457
41.3606
41.3515
41.4225
41.5779
41.8223
42.1605
42.5983
43.1421
43.7992
44.577
45.4836
46.5283
47.7213
49.0733
50.5958
52.3017
54.2046
56.3191
58.6612
61.2476
64.0963
67.2267
70.6594
74.416
78.5196
82.9946
87.867
93.1644
98.9156
105.151
111.903
119.206
127.094
135.607
144.782
154.662
165.291
176.714
188.98
202.14
216.247
231.358
247.53
264.824
283.301
303.021
324.043
346.419
370.19
395.38
421.978
449.925
479.08
509.191
539.827
570.241
599.207
624.993
645.263
655.758
648.928
622.203
574.836
46.6034
45.9086
45.267
44.6788
44.1474
43.6743
43.2619
42.9125
42.6291
42.4143
42.2704
42.2006
42.2081
42.2972
42.472
42.7373
43.0981
43.56
44.1297
44.8142
45.6211
46.5586
47.6361
48.8636
50.2518
51.8123
53.5579
55.5023
57.6601
60.047
62.6798
65.5765
68.7563
72.2396
76.0479
80.2041
84.7325
89.6587
95.01
100.815
107.103
113.907
121.26
129.196
137.752
146.966
156.88
167.535
178.975
191.247
204.398
218.48
233.544
249.643
266.831
285.161
304.684
325.447
347.486
370.824
395.461
421.359
448.42
476.462
505.183
534.099
562.396
588.79
611.583
628.582
635.451
624.922
598.425
47.4202
46.7309
46.0959
45.5151
44.9923
44.5289
44.1274
43.7902
43.5199
43.3194
43.1912
43.1385
43.1647
43.2738
43.4704
43.7589
44.1446
44.6332
45.2314
45.9462
46.7851
47.7566
48.8699
50.135
51.5627
53.1647
54.9535
56.9429
59.1474
61.5826
64.2653
67.2134
70.4458
73.9827
77.8456
82.0571
86.6411
91.623
97.0295
102.889
109.23
116.085
123.485
131.465
140.059
149.306
159.245
169.914
181.357
193.616
206.737
220.767
235.751
251.736
268.77
286.897
306.156
326.579
348.188
370.984
394.941
419.991
445.999
472.741
499.87
526.85
552.815
576.451
596.134
609.788
613.071
599.479
572.68
48.3252
47.6429
47.0161
46.4442
45.9316
45.4796
45.0906
44.7672
44.512
44.3277
44.2173
44.1837
44.2307
44.3623
44.5829
44.8972
45.3104
45.8286
46.458
47.206
48.08
49.0886
50.2409
51.547
53.0175
54.6642
56.4997
58.5375
60.792
63.2789
66.0148
69.0172
72.3051
75.8984
79.8182
84.0868
88.7278
93.7662
99.228
105.141
111.533
118.435
125.879
133.896
142.522
151.791
161.74
172.408
183.833
196.056
209.118
223.059
237.921
253.744
270.566
288.42
307.335
327.325
348.395
370.523
393.658
417.701
442.48
467.731
493.068
517.914
541.362
562.107
578.623
588.933
588.799
572.693
545.57
49.3245
48.6511
48.0344
47.4734
46.9728
46.5341
46.1598
45.8522
45.6141
45.4484
45.3579
45.3459
45.4161
45.5726
45.8199
46.1626
46.6063
47.1567
47.8204
48.6046
49.5169
50.5657
51.7603
53.1106
54.6273
56.3221
58.2074
60.2968
62.6045
65.146
67.9378
70.9971
74.3427
77.9942
81.9723
86.2989
90.997
96.0911
101.607
107.57
114.009
120.953
128.432
136.478
145.122
154.398
164.34
174.985
186.366
198.521
211.485
225.295
239.983
255.583
272.122
289.623
308.098
327.548
347.957
369.28
391.441
414.308
437.679
461.255
484.617
507.156
527.951
545.734
559.089
566.144
562.884
544.747
517.333
50.4232
49.7613
49.1571
48.6094
48.1233
47.7003
47.3429
47.0536
46.8351
46.6903
46.6224
46.6346
46.7307
46.9148
47.1915
47.5656
48.0425
48.6282
49.3293
50.1528
51.1064
52.1987
53.4387
54.8363
56.4023
58.1482
60.0864
62.2302
64.5938
67.1923
70.042
73.1601
76.5646
80.275
84.3114
88.6952
93.4489
98.596
104.161
110.17
116.649
123.626
131.129
139.188
147.834
157.097
167.008
177.599
188.903
200.949
213.77
227.393
241.845
257.149
273.323
290.375
308.305
327.096
346.71
367.083
388.111
409.636
431.427
453.159
474.39
494.494
512.554
527.373
537.646
541.621
535.596
515.879
488.336
51.625
50.978
50.3895
49.8581
49.3895
48.985
48.6474
48.3792
48.1831
48.0622
48.0197
48.0589
48.1838
48.3985
48.7076
49.116
49.6293
50.2533
50.9947
51.8606
52.8587
53.9973
55.2857
56.7336
58.3517
60.1514
62.1448
64.3452
66.7665
69.4236
72.3323
75.5096
78.973
82.7414
86.8344
91.2727
96.0779
101.273
106.88
112.926
119.433
126.43
133.941
141.995
150.62
159.842
169.69
180.192
191.374
203.263
215.883
229.255
243.396
258.321
274.035
290.533
307.8
325.802
344.482
363.756
383.496
403.522
423.58
443.327
462.31
479.902
495.215
507.134
514.473
515.623
507.236
486.355
458.894
52.9315
52.3037
51.7351
51.2237
50.7762
50.3939
50.0795
49.8357
49.6654
49.5716
49.5576
49.6271
49.7839
50.0323
50.3769
50.8228
51.3754
52.0408
52.8255
53.7367
54.782
55.9698
57.3092
58.8098
60.4821
62.3375
64.3878
66.646
69.1258
71.8417
74.8091
78.0444
81.5648
85.3882
89.5337
94.021
98.8708
104.104
109.744
115.813
122.334
129.331
136.829
144.852
153.426
162.573
172.318
182.684
193.694
205.365
217.717
230.761
244.508
258.959
274.108
289.938
306.418
323.499
341.107
359.137
377.446
395.834
414.035
431.696
448.365
463.428
476.045
485.197
489.815
488.451
478.116
456.467
429.322
54.3413
53.7382
53.1947
52.7083
52.2865
51.9306
51.6436
51.4281
51.2873
51.2243
51.2426
51.3457
51.5379
51.8233
52.2066
52.693
53.288
53.9976
54.8284
55.7875
56.8825
58.1216
59.5139
61.0689
62.7968
64.7088
66.8165
69.1325
71.6701
74.4433
77.4671
80.7572
84.3301
88.2029
92.3937
96.9212
101.805
107.065
112.721
118.795
125.308
132.282
139.738
147.697
156.182
165.211
174.805
184.981
195.755
207.14
219.147
231.779
245.036
258.91
273.384
288.427
303.996
320.026
336.43
353.088
369.844
386.487
402.744
418.265
432.608
445.188
455.227
461.801
463.963
460.43
448.556
426.505
399.906
55.8493
55.2779
54.766
54.3107
53.9202
53.5959
53.3412
53.1587
53.0519
53.0239
53.0783
53.219
53.45
53.7758
54.2011
54.731
55.3712
56.1277
57.0069
58.016
59.1624
60.4544
61.9007
63.5107
65.2944
67.2625
69.4265
71.7984
74.391
77.2179
80.2933
83.6321
87.2499
91.163
95.3882
99.9429
104.845
110.113
115.765
121.821
128.298
135.217
142.595
150.45
158.8
167.66
177.045
186.967
197.435
208.456
220.032
232.158
244.826
258.017
271.704
285.844
300.383
315.245
330.33
345.512
360.623
375.451
389.725
403.105
415.168
425.369
433
437.233
437.239
431.894
418.873
396.753
370.901
57.4458
56.9148
56.4426
56.0256
55.6733
55.3871
55.1704
55.0265
54.9586
54.9703
55.0653
55.2475
55.5212
55.8908
56.3612
56.9375
57.6254
58.4308
59.3602
60.4206
61.6194
62.9645
64.4647
66.1288
67.9668
69.9888
72.2059
74.6295
77.2719
80.1459
83.2649
86.6429
90.2945
94.2345
98.4786
103.043
107.943
113.195
118.816
124.823
131.23
138.055
145.312
153.014
161.175
169.807
178.917
188.512
198.596
209.168
220.223
231.748
243.726
256.13
268.922
282.052
295.457
309.052
322.732
336.363
349.778
362.766
375.066
386.356
396.24
404.216
409.653
411.813
409.98
403.18
389.374
367.484
342.546
59.1162
58.6362
58.2132
57.8434
57.5373
57.2966
57.125
57.0257
57.0024
57.059
57.1993
57.4273
57.7474
58.1642
58.6825
59.3076
60.0451
60.9009
61.8814
62.9933
64.2441
65.6414
67.1935
68.9091
70.7977
72.869
75.1333
77.6016
80.2854
83.1965
86.3473
89.7508
93.4203
97.3692
101.611
106.161
111.033
116.24
121.796
127.716
134.012
140.696
147.78
155.274
163.185
171.521
180.284
189.476
199.094
209.13
219.572
230.402
241.594
253.113
264.917
276.948
289.137
301.395
313.613
325.659
337.368
348.539
358.923
368.222
376.071
382.02
385.505
385.876
382.525
374.604
360.344
338.951
315.064
60.8422
60.4248
60.0619
59.7494
59.4987
59.3118
59.1927
59.1452
59.173
59.2799
59.4703
59.7484
60.1186
60.5856
61.1543
61.8299
62.6181
63.5245
64.5556
65.718
67.0186
68.4651
70.0652
71.8273
73.7602
75.8732
78.1758
80.6783
83.391
86.3251
89.4916
92.9022
96.5686
100.503
104.717
109.223
114.033
119.158
124.609
130.398
136.534
143.025
149.878
157.101
164.696
172.665
181.006
189.715
198.784
208.199
217.943
227.991
238.312
248.868
259.609
270.476
281.395
292.278
303.018
313.485
323.522
332.94
341.51
348.956
354.95
359.092
360.88
359.752
355.186
346.445
332.013
311.346
288.604
62.6038
62.2609
61.9693
61.7246
61.5392
61.415
61.3567
61.368
61.4532
61.6163
61.8618
62.1939
62.6172
63.1368
63.7575
64.4844
65.3229
66.279
67.3587
68.5683
69.9147
71.4049
73.0464
74.8469
76.8147
78.9583
81.2865
83.8084
86.5336
89.4718
92.6328
96.0268
99.6639
103.554
107.708
112.134
116.843
121.844
127.144
132.751
138.672
144.912
151.474
158.36
165.569
173.099
180.944
189.094
197.537
206.254
215.225
224.42
233.805
243.338
252.968
262.634
272.264
281.771
291.052
299.985
308.423
316.192
323.083
328.847
333.189
335.757
336.105
333.756
328.255
318.95
304.577
284.795
263.131
64.3834
64.1255
63.9153
63.7482
63.6371
63.5843
63.5945
63.6717
63.8202
64.0445
64.3491
64.7385
65.2176
65.7909
66.4635
67.2406
68.1278
69.1305
70.2545
71.5059
72.8911
74.4167
76.0897
77.9173
79.9069
82.0661
84.4028
86.9252
89.6415
92.5601
95.6894
99.0379
102.614
106.425
110.48
114.786
119.35
124.179
129.276
134.648
140.297
146.225
152.432
158.915
165.672
172.695
179.974
187.498
195.248
203.206
211.345
219.636
228.042
236.521
245.021
253.483
261.837
270.002
277.881
285.36
292.305
298.557
303.929
308.195
311.102
312.327
311.492
308.188
302.01
292.382
278.292
259.535
238.725
66.171
66.0049
65.8833
65.801
65.7711
65.7961
65.8807
66.0291
66.2456
66.5348
66.9012
67.3495
67.8844
68.5109
69.2339
70.0585
70.9897
72.0331
73.1942
74.4788
75.8928
77.4423
79.1335
80.9728
82.9669
85.1225
87.4463
89.9454
92.6267
95.4971
98.5634
101.832
105.31
109.004
112.918
117.058
121.429
126.034
130.877
135.957
141.277
146.834
152.625
158.646
164.889
171.345
178.002
184.844
191.854
199.008
206.28
213.641
221.052
228.473
235.855
243.141
250.265
257.153
263.714
269.846
275.427
280.316
284.341
287.309
288.989
289.099
287.319
283.302
276.682
266.962
253.428
235.996
216.176
67.9673
67.8948
67.8638
67.8689
67.9229
68.0283
68.1899
68.4114
68.6974
69.0521
69.4803
69.9864
70.5752
71.2515
72.0201
72.8858
73.8538
74.929
76.1168
77.4224
78.8512
80.4086
82.1003
83.9318
85.9088
88.037
90.3221
92.7698
95.3856
98.1749
101.143
104.295
107.635
111.168
114.897
118.824
122.953
127.285
131.819
136.556
141.492
146.624
151.947
157.453
163.134
168.978
174.971
181.097
187.336
193.666
200.06
206.489
212.918
219.306
225.609
231.775
237.742
243.442
248.793
253.704
258.066
261.751
264.606
266.468
267.123
266.329
263.816
259.287
252.403
242.757
229.951
214.047
195.718
69.7827
69.7992
69.8549
69.9442
70.0794
70.2625
70.4983
70.7903
71.1426
71.5593
72.0448
72.6035
73.2401
73.9589
74.7646
75.6618
76.6552
77.7495
78.9495
80.2598
81.6854
83.2311
84.9015
86.7016
88.6359
90.7091
92.9258
95.2903
97.8067
100.479
103.311
106.306
109.467
112.795
116.294
119.963
123.804
127.815
131.994
136.339
140.847
145.511
150.324
155.278
160.363
165.566
170.873
176.268
181.73
187.239
192.769
198.291
203.773
209.179
214.467
219.589
224.491
229.11
233.373
237.2
240.491
243.13
244.997
245.929
245.744
244.236
241.174
236.296
229.289
219.836
207.733
192.769
173.99
150.558
71.6273
71.7234
71.8565
72.0214
72.2292
72.4816
72.7831
73.1371
73.5471
74.0167
74.55
75.1511
75.8242
76.5734
77.403
78.3172
79.3203
80.4164
81.6099
82.9048
84.3053
85.8155
87.4394
89.1808
91.0435
93.031
95.1467
97.3938
99.7752
102.293
104.951
107.749
110.69
113.773
117
120.37
123.881
127.531
131.317
135.236
139.281
143.446
147.724
152.105
156.578
161.132
165.752
170.422
175.123
179.836
184.536
189.197
193.791
198.284
202.637
206.809
210.749
214.404
217.708
220.587
222.952
224.712
225.745
225.913
225.059
223.005
219.55
214.463
207.478
198.358
186.944
172.808
155.142
135.499
73.4953
73.6587
73.8567
74.0845
74.352
74.6608
75.0148
75.4172
75.8709
76.3791
76.9455
77.5736
78.267
79.0296
79.8651
80.7772
81.7696
82.846
84.01
85.2652
86.615
88.0627
89.6116
91.2646
93.0246
94.8941
96.8756
98.971
101.182
103.511
105.957
108.523
111.207
114.01
116.931
119.967
123.117
126.377
129.744
133.212
136.776
140.428
144.162
147.966
151.832
155.747
159.698
163.669
167.644
171.604
175.527
179.391
183.168
186.829
190.34
193.662
196.752
199.562
202.033
204.097
205.684
206.704
207.052
206.607
205.234
202.777
199.063
193.891
187.039
178.318
167.571
154.36
138.213
120.854
75.3475
75.5653
75.8144
76.091
76.4034
76.7532
77.1437
77.5777
78.0578
78.5868
79.1676
79.8035
80.4975
81.2528
82.0727
82.9603
83.9187
84.951
86.0602
87.2493
88.5209
89.8777
91.3222
92.8566
94.483
96.203
98.0183
99.9299
101.939
104.046
106.25
108.553
110.952
113.447
116.036
118.716
121.485
124.339
127.273
130.283
133.362
136.503
139.699
142.941
146.22
149.523
152.838
156.153
159.452
162.717
165.929
169.069
172.111
175.029
177.794
180.37
182.721
184.802
186.56
187.94
188.877
189.288
189.084
188.16
186.396
183.66
179.801
174.647
168.014
159.742
149.688
137.487
122.851
107.253
77.0896
77.3522
77.6403
77.9526
78.296
78.6719
79.083
79.5317
80.0204
80.5513
81.1272
81.7506
82.4242
83.1506
83.9325
84.7724
85.673
86.6367
87.6659
88.7629
89.9299
91.1689
92.4817
93.87
95.3351
96.8781
98.5
100.201
101.982
103.843
105.782
107.8
109.895
112.065
114.308
116.622
119.002
121.446
123.95
126.506
129.112
131.758
134.439
137.146
139.871
142.603
145.33
148.042
150.723
153.36
155.934
158.428
160.82
163.087
165.201
167.134
168.851
170.312
171.473
172.286
172.687
172.608
171.97
170.681
168.638
165.726
161.816
156.761
150.407
142.618
133.273
122.079
108.825
94.734
78.5825
78.8787
79.1969
79.5344
79.8962
80.2846
80.7021
81.1504
81.6317
82.148
82.7014
83.2942
83.9286
84.6067
85.3306
86.1026
86.9245
87.7984
88.7262
89.7096
90.7504
91.8498
93.0095
94.2304
95.5135
96.8595
98.2688
99.7417
101.278
102.877
104.539
106.261
108.044
109.884
111.779
113.728
115.726
117.77
119.855
121.978
124.133
126.313
128.512
130.723
132.937
135.147
137.341
139.509
141.639
143.717
145.728
147.656
149.482
151.185
152.742
154.128
155.309
156.251
156.921
157.267
157.237
156.771
155.8
154.245
152.016
149.014
145.128
140.235
134.203
126.919
118.284
108.061
96.0783
83.3613
79.6634
79.9803
80.314
80.6646
81.0347
81.4247
81.8359
82.2711
82.7321
83.2205
83.7381
84.2865
84.8675
85.4829
86.1343
86.8235
87.552
88.3215
89.1334
89.9891
90.8897
91.8366
92.8305
93.8724
94.9629
96.1024
97.2911
98.529
99.8158
101.151
102.534
103.963
105.437
106.954
108.513
110.109
111.742
113.406
115.099
116.816
118.553
120.303
122.062
123.822
125.577
127.318
129.037
130.724
132.368
133.958
135.48
136.919
138.26
139.483
140.569
141.494
142.227
142.748
143.013
142.984
142.615
141.851
140.635
138.896
136.558
133.535
129.733
125.046
119.365
112.594
104.654
95.3511
84.5408
73.0877
80.1611
80.485
80.8215
81.1715
81.5357
81.9149
82.3103
82.723
83.1537
83.6041
84.0761
84.571
85.0899
85.6341
86.2051
86.8041
87.4324
88.0911
88.7814
89.5044
90.2611
91.0523
91.8787
92.7411
93.6397
94.575
95.5469
96.5555
97.6004
98.6811
99.7967
100.946
102.129
103.342
104.585
105.855
107.149
108.464
109.798
111.146
112.504
113.868
115.233
116.592
117.939
119.268
120.571
121.839
123.063
124.232
125.335
126.358
127.288
128.109
128.801
129.343
129.715
129.889
129.831
129.507
128.876
127.892
126.503
124.649
122.265
119.276
115.602
111.155
105.842
99.583
92.314
83.8764
74.1489
63.8599
79.9414
80.2589
80.5848
80.9204
81.266
81.6224
81.9902
82.3699
82.7618
83.1675
83.5875
84.0225
84.4744
84.9438
85.4318
85.9393
86.4671
87.0162
87.5874
88.1815
88.7993
89.4413
90.1083
90.8005
91.5185
92.2624
93.0323
93.8281
94.6495
95.496
96.367
97.2617
98.1789
99.1173
100.075
101.051
102.042
103.047
104.061
105.083
106.108
107.132
108.152
109.161
110.156
111.129
112.073
112.983
113.848
114.661
115.41
116.085
116.673
117.159
117.528
117.76
117.839
117.736
117.425
116.874
116.049
114.908
113.408
111.496
109.116
106.204
102.693
98.5076
93.5696
87.8129
81.1855
73.5588
64.8299
55.6104
78.9168
79.2164
79.5207
79.8311
80.1474
80.4702
80.8
81.1375
81.4835
81.8382
82.2013
82.5741
82.9574
83.3517
83.7578
84.1765
84.6084
85.0541
85.5141
85.9891
86.4795
86.9858
87.5084
88.0476
88.6037
89.1769
89.7671
90.3743
90.9982
91.6386
92.2948
92.9661
93.6517
94.3504
95.061
95.7818
96.5111
97.2468
97.9865
98.7275
99.4668
100.201
100.927
101.639
102.334
103.006
103.649
104.257
104.823
105.339
105.795
106.183
106.49
106.704
106.812
106.797
106.644
106.326
105.822
105.103
104.14
102.897
101.336
99.4123
97.0764
94.275
90.9503
87.0397
82.4772
77.2075
71.189
64.3188
56.5087
48.2697
77.0717
77.3442
77.6184
77.8953
78.1747
78.4572
78.7431
79.033
79.3271
79.6259
79.93
80.2398
80.5549
80.8761
81.2041
81.5392
81.8821
82.233
82.5924
82.9607
83.3381
83.7249
84.1214
84.5278
84.9441
85.3705
85.8069
86.2533
86.7095
87.175
87.6495
88.1324
88.6229
89.12
89.6229
90.13
90.6401
91.1512
91.6615
92.1687
92.6704
93.1636
93.6452
94.1116
94.5589
94.9827
95.378
95.7393
96.0604
96.3344
96.5537
96.7096
96.7921
96.7899
96.6916
96.4851
96.1523
95.6732
95.0273
94.1912
93.1383
91.8385
90.2579
88.3587
86.0988
83.4325
80.3109
76.6815
72.4891
67.6875
62.2433
56.076
49.1089
41.7659
74.4532
74.6925
74.931
75.1694
75.4077
75.6463
75.8855
76.1258
76.3673
76.6104
76.8553
77.1025
77.3523
77.6049
77.8601
78.1187
78.3809
78.647
78.9173
79.1921
79.4714
79.7554
80.0442
80.338
80.6367
80.9403
81.2488
81.562
81.8796
82.2013
82.5268
82.8555
83.1867
83.5197
83.8535
84.1871
84.5193
84.8486
85.1733
85.4916
85.8013
86.1001
86.3854
86.6541
86.9028
87.1278
87.3249
87.4894
87.616
87.6987
87.7309
87.7055
87.6133
87.4443
87.189
86.8378
86.3728
85.7778
85.0348
84.1235
83.0209
81.7009
80.1346
78.2894
76.1295
73.6159
70.7076
67.3604
63.5284
59.1729
54.2673
48.7504
42.5547
36.0284
71.1633
71.3662
71.5665
71.7644
71.9603
72.1544
72.347
72.5385
72.729
72.9188
73.1081
73.2972
73.4863
73.6757
73.8654
74.0556
74.2465
74.4385
74.6316
74.826
75.0217
75.2189
75.4175
75.6175
75.819
76.0217
76.2257
76.4306
76.6362
76.8423
77.0483
77.2538
77.4582
77.6608
77.8609
78.0574
78.2493
78.4353
78.6142
78.7842
78.9436
79.0904
79.2223
79.3368
79.431
79.5018
79.5455
79.5581
79.5351
79.4713
79.3613
79.1986
78.9757
78.6834
78.3136
77.8587
77.302
76.6301
75.8273
74.8762
73.7569
72.4471
70.9217
69.1532
67.1109
64.762
62.0716
59.0032
55.5186
51.5851
47.182
42.2634
36.7712
30.9887
67.334
67.5001
67.6623
67.8204
67.9751
68.1265
68.2751
68.4209
68.5642
68.7052
68.844
68.981
69.1163
69.25
69.3822
69.5131
69.6428
69.7716
69.8994
70.0263
70.1524
70.2776
70.402
70.5254
70.6479
70.7693
70.8893
71.0079
71.1246
71.2392
71.3513
71.4604
71.566
71.6673
71.7638
71.8545
71.9385
72.0147
72.082
72.1389
72.1839
72.2152
72.2311
72.2292
72.2071
72.1621
72.0912
71.9908
71.8572
71.6858
71.472
71.2104
70.8943
70.5159
70.0679
69.5442
68.93
68.2138
67.3823
66.4205
65.3112
64.0354
62.5717
60.8966
58.9842
56.8067
54.3349
51.5382
48.3851
44.8484
40.9115
36.541
31.6884
26.5814
63.1115
63.2426
63.369
63.4901
63.6069
63.7195
63.8282
63.9332
64.0346
64.1327
64.2277
64.3195
64.4084
64.4945
64.5781
64.6591
64.7377
64.8139
64.8878
64.9594
65.0287
65.0957
65.1604
65.2226
65.2822
65.3392
65.3932
65.4441
65.4916
65.5354
65.5751
65.6102
65.6402
65.6646
65.6826
65.6935
65.6965
65.6906
65.6747
65.6477
65.6081
65.5546
65.4853
65.3985
65.292
65.1635
65.0103
64.8295
64.6178
64.3713
64.086
63.7572
63.3794
62.9457
62.4497
61.886
61.2425
60.5088
59.6736
58.7242
57.6459
56.4226
55.0359
53.466
51.6909
49.6873
47.4307
44.8957
42.0564
38.8901
35.3836
31.5134
27.2382
22.7421
58.6343
58.7341
58.8286
58.9171
59.0008
59.0798
59.1542
59.2243
59.2902
59.3521
59.4101
59.4644
59.5152
59.5624
59.6062
59.6467
59.684
59.7181
59.7489
59.7766
59.8011
59.8224
59.8404
59.8549
59.866
59.8733
59.8768
59.8762
59.8712
59.8615
59.8468
59.8266
59.8004
59.7677
59.7279
59.6803
59.6242
59.5587
59.4828
59.3955
59.2955
59.1817
59.0525
58.9062
58.7411
58.5551
58.3459
58.111
57.8475
57.5521
57.2213
56.8511
56.4369
55.9729
55.453
54.8727
54.2222
53.4919
52.6726
51.7534
50.722
49.5644
48.2653
46.8077
45.1734
43.3425
41.2947
39.009
36.4641
33.6414
30.5301
27.1141
23.3595
19.4125
54.0326
54.1054
54.1729
54.234
54.2901
54.3412
54.3874
54.429
54.4662
54.4989
54.5275
54.552
54.5724
54.589
54.6017
54.6107
54.6159
54.6174
54.6153
54.6095
54.5999
54.5866
54.5694
54.5483
54.5231
54.4937
54.4598
54.4213
54.3779
54.3292
54.275
54.2149
54.1484
54.075
53.9941
53.9052
53.8076
53.7005
53.5831
53.4543
53.3132
53.1587
52.9893
52.8037
52.6004
52.3774
52.1328
51.8645
51.5699
51.2463
50.8905
50.4991
50.0682
49.593
49.0681
48.489
47.8486
47.1377
46.3489
45.473
44.4994
43.4165
42.2112
40.8694
39.3755
37.7131
35.8653
33.8146
31.5437
29.0373
26.2868
23.2814
19.9941
16.5386
49.41
49.4612
49.5072
49.5466
49.5811
49.6105
49.6351
49.6549
49.6701
49.6809
49.6873
49.6895
49.6875
49.6815
49.6714
49.6573
49.6392
49.6173
49.5914
49.5615
49.5276
49.4897
49.4477
49.4014
49.3507
49.2956
49.2357
49.1709
49.101
49.0256
48.9444
48.8571
48.7633
48.6625
48.5543
48.438
48.3131
48.1789
48.0346
47.8794
47.7123
47.5324
47.3385
47.1293
46.9035
46.6595
46.3956
46.1098
45.8001
45.4639
45.0987
44.7015
44.2689
43.7969
43.2809
42.7163
42.0984
41.4183
40.6703
39.8464
38.9379
37.9347
36.826
35.5998
34.2433
32.7427
31.0838
29.2524
27.2345
25.0176
22.5944
19.9582
17.0883
14.0712
44.855
44.8901
44.9202
44.9439
44.9628
44.9767
44.9859
44.9904
44.9904
44.986
44.9773
44.9643
44.9471
44.9259
44.9005
44.8712
44.8378
44.8004
44.7589
44.7135
44.6639
44.6101
44.5521
44.4898
44.423
44.3515
44.2752
44.194
44.1075
44.0155
43.9177
43.8138
43.7034
43.5861
43.4615
43.3291
43.1882
43.0384
42.8789
42.7089
42.5278
42.3345
42.1281
41.9074
41.6714
41.4185
41.1473
40.8562
40.5433
40.2065
39.8434
39.4517
39.0283
38.57
38.0726
37.5325
36.9453
36.3038
35.603
34.8364
33.9964
33.0748
32.0624
30.9492
29.7245
28.3768
26.8946
25.266
23.4796
21.5254
19.3972
17.0912
14.5925
11.9646
40.4232
40.448
40.468
40.4821
40.4917
40.4964
40.4967
40.4925
40.4839
40.4711
40.4541
40.433
40.4077
40.3785
40.3452
40.3079
40.2666
40.2214
40.1721
40.1187
40.0613
39.9996
39.9337
39.8634
39.7886
39.7091
39.6249
39.5356
39.4411
39.3412
39.2355
39.1238
39.0057
38.8809
38.749
38.6095
38.4619
38.3056
38.1402
37.9649
37.779
37.5817
37.3722
37.1494
36.9124
36.6599
36.3906
36.1031
35.7959
35.4671
35.1146
34.7365
34.3301
33.8926
33.4208
32.9112
32.36
31.7616
31.1116
30.4044
29.6339
28.793
27.8742
26.8691
25.7688
24.5639
23.2446
21.8013
20.2248
18.507
16.6429
14.6304
12.4594
10.175
36.171
36.1909
36.2064
36.2164
36.2221
36.2234
36.2204
36.2133
36.202
36.1867
36.1675
36.1442
36.117
36.086
36.051
36.0122
35.9695
35.9228
35.8722
35.8176
35.7589
35.6961
35.629
35.5576
35.4818
35.4013
35.316
35.2258
35.1304
35.0297
34.9233
34.811
34.6925
34.5675
34.4356
34.2963
34.1493
33.994
33.83
33.6566
33.4732
33.2792
33.0737
32.8559
32.625
32.3797
32.1192
31.842
31.5468
31.2321
30.8962
30.5372
30.153
29.7412
29.299
28.8235
28.3114
27.7582
27.16
26.5123
25.8099
25.047
24.2172
23.3137
22.3289
21.2552
20.0843
18.8085
17.4202
15.913
14.2828
12.5285
10.6445
8.66135
32.1016
32.1226
32.1396
32.1517
32.16
32.1642
32.1646
32.1611
32.1538
32.1426
32.1278
32.1091
32.0868
32.0606
32.0307
31.9971
31.9596
31.9183
31.873
31.8238
31.7706
31.7132
31.6516
31.5857
31.5153
31.4403
31.3606
31.2759
31.1861
31.0909
30.9902
30.8837
30.7711
30.652
30.5263
30.3934
30.253
30.1048
29.9481
29.7825
29.6075
29.4224
29.2266
29.0192
28.7996
28.5669
28.32
28.0578
27.7793
27.4831
27.1676
26.8314
26.4727
26.0893
25.679
25.2393
24.7673
24.2594
23.7123
23.1224
22.4852
21.7959
21.0492
20.2394
19.3604
18.4057
17.3686
16.2427
15.0217
13.7007
12.2763
10.7474
9.11147
7.38709
28.2706
28.2976
28.3209
28.3399
28.3553
28.3671
28.3754
28.3801
28.3813
28.379
28.3732
28.3638
28.3509
28.3345
28.3144
28.2907
28.2633
28.2322
28.1973
28.1585
28.1157
28.0688
28.0177
27.9624
27.9025
27.8382
27.769
27.695
27.6158
27.5314
27.4414
27.3457
27.2439
27.1358
27.0212
26.8996
26.7707
26.6341
26.4894
26.3362
26.1739
26.0021
25.82
25.6272
25.4229
25.2062
24.9765
24.7327
24.4738
24.1987
23.9062
23.5949
23.2632
22.9095
22.5318
22.128
21.6956
21.2317
20.7337
20.1983
19.6219
19.0006
18.3299
17.6052
16.8214
15.9732
15.0551
14.0621
12.9892
11.8325
10.5894
9.25854
7.83882
6.33843
24.5981
24.638
24.675
24.7085
24.7391
24.7666
24.7911
24.8124
24.8305
24.8455
24.8571
24.8654
24.8702
24.8716
24.8694
24.8636
24.8541
24.8408
24.8235
24.8023
24.777
24.7474
24.7136
24.6752
24.6323
24.5846
24.532
24.4743
24.4114
24.343
24.269
24.1891
24.1031
24.0108
23.9118
23.8059
23.6927
23.5719
23.4432
23.3061
23.1602
23.0051
22.8401
22.6648
22.4785
22.2806
22.0704
21.847
21.6096
21.3572
21.0888
20.8031
20.4989
20.1748
19.829
19.4598
19.0653
18.6428
18.1903
17.7051
17.1842
16.6242
16.0217
15.3727
14.673
13.9185
13.1048
12.2276
11.2831
10.2683
9.18116
8.02179
6.79362
5.50399
21.2223
21.2799
21.3347
21.3864
21.4353
21.4814
21.5245
21.5647
21.6018
21.6359
21.6669
21.6947
21.7192
21.7403
21.758
21.7721
21.7826
21.7893
21.7922
21.7911
21.7859
21.7765
21.7627
21.7444
21.7214
21.6937
21.6609
21.6229
21.5796
21.5307
21.4761
21.4155
21.3486
21.2753
21.1952
21.1082
21.0138
20.9118
20.8018
20.6835
20.5564
20.4202
20.2744
20.1186
19.9521
19.7744
19.5849
19.3828
19.1676
18.9382
18.6938
18.4334
18.156
17.8602
17.5448
17.2081
16.8486
16.4642
16.0531
15.613
15.1416
14.636
14.0934
13.5105
12.8839
12.2102
11.4857
10.7068
9.87014
8.97298
8.01362
6.99174
5.90806
4.76192
3.55201
17.8387
17.9235
18.0074
18.0896
18.1704
18.2494
18.3264
18.4013
18.4736
18.5433
18.6101
18.6738
18.7342
18.7911
18.8442
18.8935
18.9387
18.9797
19.0162
19.0481
19.0753
19.0975
19.1146
19.1266
19.1331
19.134
19.1292
19.1185
19.1017
19.0787
19.0493
19.0132
18.9704
18.9204
18.8633
18.7986
18.7262
18.6458
18.5572
18.4599
18.3538
18.2383
18.1132
17.9781
17.8323
17.6756
17.5073
17.3269
17.1336
16.9269
16.7059
16.4698
16.2176
15.9484
15.6609
15.3538
15.0258
14.6753
14.3006
13.8999
13.4712
13.0122
12.5205
11.9934
11.4281
10.8217
10.1711
9.47336
8.72592
7.92661
7.07425
6.16885
5.21066
4.20068
3.14711
14.9376
15.0622
15.1845
15.304
15.4207
15.5345
15.6451
15.7526
15.8567
15.9573
16.0543
16.1475
16.2368
16.3221
16.4032
16.4799
16.5523
16.62
16.6831
16.7413
16.7945
16.8426
16.8854
16.9228
16.9547
16.9809
17.0011
17.0154
17.0234
17.025
17.0199
17.0081
16.9892
16.963
16.9293
16.8879
16.8384
16.7807
16.7144
16.6392
16.5548
16.4609
16.3571
16.243
16.1182
15.9822
15.8346
15.6748
15.5024
15.3166
15.1168
14.9024
14.6724
14.426
14.1623
13.88
13.5782
13.2554
12.9103
12.5413
12.1467
11.7247
11.2732
10.7901
10.273
9.71957
9.12733
8.494
7.81747
7.09609
6.32912
5.51691
4.65964
3.75951
2.82311
11.4695
11.6347
11.8033
11.9744
12.1473
12.3214
12.4956
12.6692
12.8408
13.0102
13.1767
13.3398
13.4992
13.6543
13.8048
13.9502
14.0902
14.2244
14.3525
14.4743
14.5893
14.6973
14.798
14.8913
14.9768
15.0544
15.124
15.1854
15.2386
15.2833
15.3193
15.3463
15.3642
15.3726
15.3714
15.3605
15.3396
15.3088
15.2679
15.2166
15.1548
15.0824
14.9991
14.9047
14.7989
14.6813
14.5516
14.4093
14.2541
14.0854
13.9026
13.7052
13.4925
13.2638
13.0182
12.7548
12.4727
12.1707
11.8477
11.5024
11.1334
10.739
10.3177
9.86766
9.38702
8.87387
8.32626
7.74237
7.12055
6.45963
5.75917
5.01941
4.24054
3.42511
2.5785
9.15764
9.46567
9.76289
10.0501
10.327
10.5938
10.851
11.0994
11.3386
11.568
11.7876
11.9975
12.1979
12.3889
12.5705
12.7428
12.9058
13.0597
13.2046
13.3403
13.4668
13.5843
13.6926
13.7916
13.8815
13.9637
14.039
14.1075
14.1687
14.2208
14.263
14.2951
14.3169
14.3289
14.3326
14.3286
14.3166
14.2962
14.2668
14.2277
14.1778
14.1175
14.0471
13.966
13.8739
13.7702
13.6545
13.5264
13.3853
13.2307
13.0621
12.8789
12.6805
12.4662
12.2353
11.9869
11.7202
11.4343
11.1282
10.8006
10.4505
10.0764
9.67697
9.25071
8.79603
8.31131
7.79493
7.24538
6.66142
6.04221
5.38736
4.69658
3.96971
3.20987
2.42128
4.94674
5.3395
5.72933
6.11859
6.50484
6.88692
7.26367
7.63439
7.99865
8.35548
8.70407
9.04365
9.37357
9.69327
10.0022
10.2999
10.5862
10.8606
11.1228
11.3724
11.6093
11.8334
12.0433
12.2386
12.4249
12.6021
12.7647
12.914
13.052
13.1761
13.2855
13.3825
13.4674
13.5401
13.6002
13.6473
13.6791
13.6976
13.7051
13.7001
13.6814
13.6488
13.603
13.5436
13.4704
13.3834
13.2824
13.1673
13.0377
12.8935
12.7342
12.5596
12.3691
12.1622
11.9384
11.6969
11.4372
11.1582
10.8592
10.5391
10.1967
9.831
9.44055
9.02398
8.57981
8.10651
7.60254
7.06643
6.49685
5.8928
5.25389
4.58024
3.87232
3.13293
2.36595
)
;

boundaryField
{
    walls
    {
        type            zeroGradient;
    }
    frontAndBack
    {
        type            empty;
    }
    farfield
    {
        type            outletInlet;
        outletValue     uniform 0;
        value           nonuniform List<scalar> 
75
(
4.94674
5.3395
5.72933
6.11859
6.50484
6.88692
7.26367
7.63439
7.99865
8.35548
8.70407
9.04365
9.37357
9.69327
10.0022
10.2999
10.5862
10.8606
11.1228
11.3724
11.6093
11.8334
12.0433
12.2386
12.4249
12.6021
12.7647
12.914
13.052
13.1761
13.2855
13.3825
13.4674
13.5401
13.6002
13.6473
13.6791
13.6976
13.7051
13.7001
13.6814
13.6488
13.603
13.5436
13.4704
13.3834
13.2824
13.1673
13.0377
12.8935
12.7342
12.5596
12.3691
12.1622
11.9384
11.6969
11.4372
11.1582
10.8592
10.5391
10.1967
9.831
9.44055
9.02398
8.57981
8.10651
7.60254
7.06643
6.49685
5.8928
5.25389
4.58024
3.87232
3.13293
2.36595
)
;
    }
    procBoundary2to0
    {
        type            processor;
        value           nonuniform List<scalar> 
113
(
-1289.49
-1289.47
-1289.42
-1289.26
-1288.95
-1288.39
-1287.51
-1286.21
-1284.41
-1284.41
-2059.48
-2059.48
-2542.13
-2542.13
-2689.96
-2686.93
-2683.18
-2678.57
-2672.99
-2666.32
-2658.32
-2648.83
-2638.18
-2626.95
-2614.42
-2598.98
-2580.48
-2559.57
-2536.12
-2509.85
-2480.56
-2448
-2448
-2450.33
-2424.66
-2395.44
-2362.69
-2326.1
-2285.21
-2239.66
-2189.05
-2133.07
-2071.31
-2003.55
-1929.51
-1848.23
368.208
45.261
-347.71
-763.682
-1150.96
-1763.05
-1447.89
368.208
371.394
372.892
373.102
371.564
368.953
365.532
510.413
510.413
492.567
473.884
542.188
542.188
515.41
487.958
460.562
432.956
405.424
378.11
351.204
324.87
299.275
274.603
250.895
227.969
205.885
185.919
169.57
169.57
125.784
111.632
98.8806
87.3774
76.915
67.4508
58.9239
51.2826
44.4685
38.4221
33.0827
28.3905
24.287
20.7158
17.6229
14.956
12.6679
10.7168
9.06341
7.67001
6.49989
5.51939
4.72271
4.12844
4.12844
2.31961
2.05492
1.85304
1.70439
1.61019
1.57753
)
;
    }
    procBoundary2to3
    {
        type            processor;
        value           nonuniform List<scalar> 
108
(
35.5364
35.5364
35.5364
35.5365
35.5366
35.5368
35.5371
35.5376
35.5383
35.5393
35.5406
35.5423
35.5444
35.5469
35.5501
35.5539
35.5587
35.5645
35.5714
39.3326
38.6494
38.0167
37.4321
36.8935
36.4018
35.9648
35.5796
35.5796
40.0664
40.0777
40.0909
40.1066
40.125
40.1465
40.1716
40.2007
40.2344
40.2734
40.3184
40.3702
40.3702
41.188
41.2562
41.3344
41.4234
41.5239
41.6371
41.7645
41.9077
42.0692
42.2513
42.4567
42.6881
42.9489
43.2425
43.5727
43.944
44.3609
44.8284
45.352
45.9373
46.5904
47.3174
48.1244
49.0175
50.002
51.0821
52.2607
53.5382
54.9118
56.3749
57.9161
59.5201
61.1683
62.842
64.5267
66.2168
67.9189
69.6488
71.4217
73.2351
75.0511
76.7696
78.2555
79.3384
79.8468
79.6429
78.6375
76.8139
74.2191
70.9549
67.1527
62.9573
58.5064
53.9291
49.3277
44.79
40.3708
36.1264
32.0593
28.2256
24.5437
21.1528
17.7462
14.8061
11.3052
8.83987
4.56804
)
;
    }
}


// ************************************************************************* //
