/*--------------------------------*- C++ -*----------------------------------*\
| =========                 |                                                 |
| \\      /  F ield         | OpenFOAM: The Open Source CFD Toolbox           |
|  \\    /   O peration     | Version:  2412                                  |
|   \\  /    A nd           | Website:  www.openfoam.com                      |
|    \\/     M anipulation  |                                                 |
\*---------------------------------------------------------------------------*/
FoamFile
{
    version     2.0;
    format      ascii;
    arch        "LSB;label=32;scalar=64";
    class       volScalarField;
    location    "240";
    object      p;
}
// * * * * * * * * * * * * * * * * * * * * * * * * * * * * * * * * * * * * * //

dimensions      [0 2 -2 0 0 0 0];

internalField   nonuniform List<scalar> 
8659
(
383.052
408.854
431.465
444.905
434.35
373.612
230.307
-90.83
-492.428
-891.743
-1158.84
-1248.37
-1220.87
-1160.68
-1095.03
-1031.67
-973.524
-920.523
-872.814
-830.121
-791.657
-756.829
-725.142
-696.171
-669.536
-644.904
-622.054
-600.719
-580.734
-561.955
-544.211
-527.442
-511.495
-496.319
-481.83
-467.958
-454.663
-441.873
-429.564
-417.684
-406.206
-395.106
-384.345
-373.907
-363.768
-353.91
-344.32
-334.982
-325.883
-317.011
-308.356
-299.906
-291.656
-283.592
-275.716
-268.021
-260.484
-253.147
-245.965
-238.929
-232.078
-225.367
-218.797
-212.389
-206.121
-200
-194.014
-188.174
-182.481
-176.94
-171.546
-166.299
-161.198
-156.24
-151.422
-146.741
-142.193
-137.772
-133.473
-129.295
-125.231
-121.269
-117.415
-113.658
-109.997
-106.428
383.052
408.853
431.464
444.904
434.347
373.606
230.295
-90.8371
-492.426
-891.738
-1158.83
-1248.36
-1220.87
-1160.68
-1095.03
-1031.67
-973.524
-920.523
-872.814
-830.12
-791.657
-756.828
-725.142
-696.171
-669.536
-644.904
-622.054
-600.719
-580.734
-561.955
-544.211
-527.442
-511.495
-496.319
-481.83
-467.958
-454.663
-441.873
-429.564
-417.684
-406.206
-395.106
-384.345
-373.907
-363.768
-353.91
-344.32
-334.982
-325.883
-317.011
-308.356
-299.906
-291.656
-283.592
-275.716
-268.021
-260.484
-253.147
-245.965
-238.929
-232.078
-225.367
-218.797
-212.389
-206.121
-200
-194.014
-188.174
-182.481
-176.94
-171.546
-166.299
-161.198
-156.24
-151.422
-146.741
-142.193
-137.772
-133.473
-129.295
-125.231
-121.269
-117.415
-113.658
-109.997
-106.428
383.052
408.853
431.464
444.902
434.342
373.597
230.274
-90.8483
-492.413
-891.703
-1158.79
-1248.34
-1220.87
-1160.68
-1095.03
-1031.67
-973.524
-920.523
-872.814
-830.12
-791.656
-756.828
-725.142
-696.171
-669.536
-644.904
-622.054
-600.719
-580.734
-561.955
-544.211
-527.442
-511.495
-496.319
-481.83
-467.958
-454.663
-441.873
-429.564
-417.684
-406.206
-395.106
-384.345
-373.907
-363.768
-353.91
-344.32
-334.981
-325.883
-317.011
-308.356
-299.906
-291.656
-283.592
-275.716
-268.021
-260.484
-253.147
-245.965
-238.929
-232.078
-225.367
-218.797
-212.389
-206.121
-200
-194.014
-188.174
-182.481
-176.94
-171.546
-166.299
-161.198
-156.24
-151.422
-146.741
-142.193
-137.772
-133.473
-129.295
-125.231
-121.269
-117.415
-113.658
-109.997
-106.428
383.052
408.854
431.464
444.901
434.337
373.585
230.251
-90.8462
-492.37
-891.631
-1158.73
-1248.31
-1220.86
-1160.68
-1095.03
-1031.67
-973.523
-920.522
-872.813
-830.12
-791.656
-756.828
-725.142
-696.171
-669.536
-644.904
-622.054
-600.719
-580.734
-561.955
-544.211
-527.442
-511.495
-496.319
-481.83
-467.958
-454.663
-441.873
-429.564
-417.684
-406.206
-395.106
-384.345
-373.907
-363.768
-353.91
-344.32
-334.981
-325.883
-317.011
-308.356
-299.906
-291.656
-283.592
-275.716
-268.021
-260.484
-253.147
-245.965
-238.929
-232.078
-225.367
-218.797
-212.389
-206.121
-200
-194.014
-188.174
-182.481
-176.94
-171.546
-166.299
-161.198
-156.24
-151.422
-146.741
-142.193
-137.772
-133.473
-129.295
-125.231
-121.269
-117.415
-113.658
-109.997
-106.428
383.054
408.855
431.464
444.899
434.331
373.572
230.231
-90.8241
-492.278
-891.494
-1158.62
-1248.25
-1220.83
-1160.67
-1095.02
-1031.67
-973.521
-920.521
-872.812
-830.119
-791.656
-756.828
-725.141
-696.171
-669.535
-644.904
-622.054
-600.718
-580.734
-561.954
-544.211
-527.442
-511.494
-496.318
-481.83
-467.958
-454.663
-441.873
-429.564
-417.684
-406.206
-395.106
-384.345
-373.907
-363.768
-353.91
-344.32
-334.981
-325.882
-317.011
-308.355
-299.906
-291.656
-283.592
-275.716
-268.021
-260.484
-253.147
-245.965
-238.929
-232.078
-225.367
-218.797
-212.389
-206.121
-200
-194.014
-188.174
-182.481
-176.94
-171.546
-166.299
-161.198
-156.24
-151.422
-146.741
-142.193
-137.772
-133.473
-129.295
-125.231
-121.269
-117.415
-113.658
-109.997
-106.428
383.056
408.858
431.466
444.898
434.324
373.558
230.215
-90.7681
-492.106
-891.257
-1158.42
-1248.15
-1220.79
-1160.65
-1095.01
-1031.66
-973.517
-920.518
-872.81
-830.118
-791.654
-756.827
-725.14
-696.17
-669.535
-644.903
-622.053
-600.718
-580.734
-561.954
-544.21
-527.441
-511.494
-496.318
-481.829
-467.958
-454.662
-441.873
-429.564
-417.684
-406.206
-395.106
-384.345
-373.907
-363.768
-353.909
-344.32
-334.981
-325.882
-317.011
-308.355
-299.906
-291.656
-283.592
-275.716
-268.021
-260.484
-253.147
-245.965
-238.929
-232.078
-225.367
-218.797
-212.389
-206.121
-200
-194.014
-188.174
-182.481
-176.94
-171.546
-166.299
-161.198
-156.24
-151.422
-146.741
-142.193
-137.772
-133.473
-129.295
-125.231
-121.269
-117.415
-113.658
-109.997
-106.428
383.061
408.862
431.469
444.898
434.315
373.544
230.21
-90.6598
-491.818
-890.871
-1158.09
-1247.97
-1220.71
-1160.61
-1094.99
-1031.65
-973.508
-920.512
-872.806
-830.114
-791.652
-756.824
-725.138
-696.168
-669.533
-644.902
-622.052
-600.717
-580.733
-561.953
-544.21
-527.441
-511.493
-496.317
-481.829
-467.957
-454.662
-441.872
-429.563
-417.683
-406.205
-395.105
-384.345
-373.906
-363.768
-353.909
-344.319
-334.981
-325.882
-317.01
-308.355
-299.906
-291.655
-283.591
-275.716
-268.021
-260.484
-253.147
-245.965
-238.928
-232.078
-225.366
-218.797
-212.388
-206.121
-199.999
-194.014
-188.174
-182.481
-176.94
-171.546
-166.299
-161.198
-156.24
-151.422
-146.741
-142.193
-137.772
-133.473
-129.295
-125.23
-121.269
-117.415
-113.658
-109.997
-106.428
383.068
408.869
431.475
444.898
434.305
373.531
230.223
-90.4767
-491.373
-890.283
-1157.59
-1247.68
-1220.57
-1160.55
-1094.95
-1031.63
-973.493
-920.501
-872.798
-830.108
-791.647
-756.821
-725.135
-696.166
-669.531
-644.9
-622.05
-600.715
-580.731
-561.952
-544.208
-527.439
-511.492
-496.316
-481.828
-467.956
-454.661
-441.871
-429.563
-417.683
-406.204
-395.104
-384.344
-373.906
-363.767
-353.908
-344.319
-334.98
-325.881
-317.01
-308.355
-299.905
-291.655
-283.591
-275.715
-268.02
-260.484
-253.147
-245.965
-238.928
-232.077
-225.366
-218.796
-212.388
-206.121
-199.999
-194.014
-188.173
-182.481
-176.939
-171.546
-166.299
-161.197
-156.239
-151.422
-146.74
-142.193
-137.772
-133.472
-129.295
-125.23
-121.269
-117.415
-113.658
-109.997
-106.428
383.078
408.879
431.483
444.899
434.294
373.519
230.26
-90.1925
-490.729
-889.437
-1156.86
-1247.25
-1220.36
-1160.44
-1094.89
-1031.59
-973.466
-920.482
-872.784
-830.098
-791.639
-756.814
-725.13
-696.161
-669.528
-644.897
-622.047
-600.713
-580.729
-561.95
-544.206
-527.438
-511.491
-496.315
-481.826
-467.955
-454.66
-441.87
-429.562
-417.682
-406.203
-395.103
-384.343
-373.905
-363.766
-353.908
-344.318
-334.98
-325.881
-317.009
-308.354
-299.905
-291.654
-283.59
-275.715
-268.02
-260.483
-253.146
-245.964
-238.928
-232.077
-225.366
-218.796
-212.388
-206.12
-199.999
-194.013
-188.173
-182.48
-176.939
-171.545
-166.298
-161.197
-156.239
-151.421
-146.74
-142.192
-137.771
-133.472
-129.294
-125.23
-121.268
-117.415
-113.658
-109.996
-106.428
383.093
408.894
431.494
444.9
434.281
373.511
230.332
-89.7827
-489.837
-888.27
-1155.85
-1246.65
-1220.06
-1160.28
-1094.8
-1031.53
-973.425
-920.453
-872.763
-830.082
-791.627
-756.805
-725.122
-696.155
-669.522
-644.892
-622.043
-600.709
-580.726
-561.947
-544.204
-527.435
-511.488
-496.313
-481.824
-467.953
-454.658
-441.868
-429.56
-417.68
-406.202
-395.102
-384.342
-373.903
-363.765
-353.906
-344.317
-334.978
-325.88
-317.008
-308.353
-299.904
-291.653
-283.59
-275.714
-268.019
-260.482
-253.145
-245.963
-238.927
-232.076
-225.365
-218.795
-212.387
-206.12
-199.998
-194.013
-188.172
-182.48
-176.939
-171.545
-166.298
-161.197
-156.239
-151.421
-146.74
-142.192
-137.771
-133.472
-129.294
-125.23
-121.268
-117.414
-113.658
-109.996
-106.427
383.113
408.913
431.508
444.901
434.266
373.509
230.443
-89.2226
-488.654
-886.714
-1154.54
-1245.84
-1219.64
-1160.05
-1094.66
-1031.44
-973.366
-920.41
-872.732
-830.058
-791.608
-756.79
-725.11
-696.145
-669.514
-644.885
-622.037
-600.704
-580.721
-561.942
-544.2
-527.431
-511.485
-496.309
-481.821
-467.95
-454.655
-441.866
-429.557
-417.678
-406.2
-395.1
-384.34
-373.902
-363.763
-353.905
-344.315
-334.977
-325.878
-317.007
-308.351
-299.902
-291.652
-283.588
-275.713
-268.018
-260.481
-253.144
-245.962
-238.926
-232.075
-225.364
-218.794
-212.386
-206.119
-199.998
-194.012
-188.172
-182.479
-176.938
-171.544
-166.297
-161.196
-156.238
-151.42
-146.739
-142.191
-137.77
-133.471
-129.293
-125.229
-121.268
-117.414
-113.657
-109.996
-106.427
383.139
408.937
431.524
444.901
434.25
373.516
230.593
-88.4773
-487.12
-884.731
-1152.83
-1244.79
-1219.09
-1159.75
-1094.48
-1031.32
-973.283
-920.351
-872.687
-830.024
-791.582
-756.769
-725.093
-696.131
-669.502
-644.875
-622.028
-600.696
-580.714
-561.936
-544.194
-527.426
-511.48
-496.305
-481.817
-467.946
-454.651
-441.862
-429.554
-417.675
-406.197
-395.097
-384.337
-373.899
-363.76
-353.902
-344.313
-334.975
-325.876
-317.005
-308.35
-299.901
-291.65
-283.587
-275.711
-268.016
-260.48
-253.143
-245.961
-238.925
-232.074
-225.363
-218.793
-212.385
-206.118
-199.996
-194.011
-188.171
-182.478
-176.937
-171.543
-166.296
-161.195
-156.237
-151.419
-146.738
-142.191
-137.77
-133.47
-129.293
-125.228
-121.267
-117.413
-113.656
-109.995
-106.426
383.171
408.965
431.543
444.899
434.232
373.534
230.789
-87.5133
-485.16
-882.298
-1150.65
-1243.43
-1218.37
-1159.36
-1094.25
-1031.17
-973.174
-920.271
-872.627
-829.978
-791.545
-756.74
-725.07
-696.111
-669.485
-644.861
-622.016
-600.685
-580.705
-561.928
-544.187
-527.419
-511.474
-496.299
-481.812
-467.941
-454.647
-441.858
-429.55
-417.67
-406.193
-395.093
-384.333
-373.896
-363.757
-353.899
-344.31
-334.972
-325.873
-317.002
-308.347
-299.898
-291.648
-283.584
-275.709
-268.014
-260.478
-253.141
-245.959
-238.923
-232.072
-225.361
-218.792
-212.384
-206.116
-199.995
-194.01
-188.169
-182.477
-176.936
-171.542
-166.295
-161.194
-156.236
-151.418
-146.737
-142.19
-137.769
-133.469
-129.292
-125.228
-121.266
-117.412
-113.655
-109.994
-106.425
383.209
408.999
431.564
444.895
434.214
373.565
231.032
-86.3126
-482.77
-879.307
-1147.93
-1241.71
-1217.45
-1158.86
-1093.94
-1030.96
-973.031
-920.166
-872.548
-829.917
-791.497
-756.701
-725.038
-696.085
-669.463
-644.842
-622
-600.671
-580.692
-561.917
-544.177
-527.41
-511.466
-496.292
-481.805
-467.935
-454.64
-441.852
-429.544
-417.665
-406.188
-395.089
-384.329
-373.891
-363.753
-353.895
-344.306
-334.968
-325.87
-316.999
-308.344
-299.895
-291.645
-283.581
-275.706
-268.011
-260.475
-253.138
-245.957
-238.921
-232.07
-225.359
-218.79
-212.382
-206.114
-199.993
-194.008
-188.168
-182.475
-176.934
-171.54
-166.293
-161.193
-156.235
-151.417
-146.736
-142.188
-137.767
-133.468
-129.29
-125.226
-121.265
-117.411
-113.654
-109.993
-106.424
383.254
409.036
431.585
444.889
434.195
373.611
231.311
-84.868
-479.983
-875.644
-1144.55
-1239.55
-1216.27
-1158.21
-1093.55
-1030.7
-972.848
-920.032
-872.445
-829.837
-791.434
-756.65
-724.996
-696.05
-669.434
-644.817
-621.978
-600.652
-580.676
-561.902
-544.163
-527.399
-511.455
-496.282
-481.796
-467.926
-454.633
-441.845
-429.537
-417.659
-406.182
-395.083
-384.323
-373.886
-363.748
-353.89
-344.301
-334.963
-325.865
-316.994
-308.34
-299.891
-291.641
-283.578
-275.703
-268.008
-260.472
-253.135
-245.954
-238.918
-232.067
-225.356
-218.787
-212.379
-206.112
-199.991
-194.006
-188.165
-182.473
-176.932
-171.538
-166.291
-161.191
-156.233
-151.415
-146.734
-142.186
-137.766
-133.467
-129.289
-125.225
-121.263
-117.409
-113.653
-109.991
-106.423
383.304
409.076
431.606
444.88
434.175
373.672
231.623
-83.177
-476.775
-871.305
-1140.45
-1236.85
-1214.79
-1157.39
-1093.05
-1030.37
-972.616
-919.861
-872.315
-829.736
-791.353
-756.584
-724.942
-696.005
-669.396
-644.785
-621.95
-600.628
-580.654
-561.883
-544.147
-527.383
-511.441
-496.269
-481.784
-467.916
-454.623
-441.835
-429.529
-417.651
-406.174
-395.075
-384.316
-373.879
-363.741
-353.884
-344.295
-334.958
-325.86
-316.989
-308.335
-299.886
-291.636
-283.573
-275.698
-268.004
-260.468
-253.131
-245.95
-238.914
-232.064
-225.353
-218.784
-212.376
-206.109
-199.988
-194.003
-188.162
-182.47
-176.929
-171.536
-166.289
-161.188
-156.23
-151.413
-146.732
-142.184
-137.764
-133.464
-129.287
-125.223
-121.261
-117.407
-113.651
-109.99
-106.421
383.359
409.119
431.627
444.868
434.153
373.752
231.968
-81.2408
-473.106
-866.311
-1135.55
-1233.47
-1212.93
-1156.35
-1092.42
-1029.96
-972.322
-919.645
-872.152
-829.608
-791.251
-756.502
-724.874
-695.948
-669.348
-644.744
-621.915
-600.597
-580.627
-561.859
-544.125
-527.364
-511.424
-496.254
-481.77
-467.903
-454.611
-441.824
-429.518
-417.641
-406.164
-395.066
-384.308
-373.871
-363.734
-353.877
-344.288
-334.951
-325.853
-316.983
-308.328
-299.88
-291.631
-283.568
-275.693
-267.999
-260.463
-253.127
-245.945
-238.909
-232.059
-225.349
-218.78
-212.372
-206.105
-199.984
-193.999
-188.159
-182.467
-176.926
-171.533
-166.286
-161.185
-156.228
-151.41
-146.729
-142.182
-137.761
-133.462
-129.284
-125.22
-121.259
-117.405
-113.649
-109.987
-106.419
383.419
409.165
431.647
444.852
434.127
373.853
232.35
-79.0577
-468.959
-860.57
-1129.91
-1229.38
-1210.55
-1155.04
-1091.62
-1029.43
-971.954
-919.375
-871.946
-829.448
-791.124
-756.398
-724.789
-695.877
-669.288
-644.692
-621.871
-600.559
-580.593
-561.829
-544.099
-527.34
-511.402
-496.234
-481.752
-467.886
-454.596
-441.81
-429.505
-417.629
-406.153
-395.056
-384.297
-373.861
-363.724
-353.868
-344.28
-334.943
-325.845
-316.975
-308.321
-299.873
-291.624
-283.561
-275.687
-267.993
-260.457
-253.121
-245.94
-238.904
-232.054
-225.344
-218.775
-212.367
-206.101
-199.98
-193.995
-188.155
-182.463
-176.922
-171.529
-166.282
-161.182
-156.224
-151.407
-146.726
-142.178
-137.758
-133.459
-129.281
-125.217
-121.256
-117.402
-113.646
-109.985
-106.416
-102.926
383.483
409.212
431.666
444.833
434.097
373.972
232.773
-76.6118
-464.301
-854.016
-1123.49
-1224.93
-1207.34
-1153.39
-1090.62
-1028.77
-971.493
-919.037
-871.691
-829.249
-790.966
-756.27
-724.683
-695.789
-669.213
-644.629
-621.816
-600.511
-580.551
-561.792
-544.066
-527.311
-511.376
-496.21
-481.73
-467.866
-454.577
-441.793
-429.49
-417.614
-406.14
-395.043
-384.286
-373.85
-363.714
-353.857
-344.27
-334.933
-325.836
-316.966
-308.313
-299.865
-291.616
-283.553
-275.679
-267.985
-260.45
-253.114
-245.933
-238.898
-232.048
-225.338
-218.769
-212.362
-206.095
-199.975
-193.99
-188.15
-182.459
-176.918
-171.525
-166.278
-161.178
-156.22
-151.403
-146.722
-142.175
-137.754
-133.455
-129.278
-125.214
-121.253
-117.399
-113.643
-109.981
-106.413
-102.922
383.552
409.263
431.685
444.808
434.059
374.108
233.236
-73.8787
-459.091
-846.683
-1116.18
-1219.82
-1203.39
-1151.31
-1089.35
-1027.94
-970.917
-918.617
-871.373
-829.002
-790.77
-756.111
-724.553
-695.68
-669.121
-644.551
-621.748
-600.452
-580.5
-561.747
-544.025
-527.275
-511.343
-496.181
-481.704
-467.842
-454.555
-441.773
-429.471
-417.597
-406.124
-395.028
-384.271
-373.837
-363.701
-353.845
-344.258
-334.922
-325.826
-316.956
-308.303
-299.856
-291.607
-283.545
-275.671
-267.977
-260.442
-253.107
-245.926
-238.891
-232.041
-225.331
-218.763
-212.356
-206.089
-199.969
-193.984
-188.145
-182.454
-176.913
-171.52
-166.273
-161.173
-156.215
-151.398
-146.717
-142.17
-137.75
-133.451
-129.274
-125.21
-121.248
-117.395
-113.639
-109.978
-106.409
-102.919
383.627
409.316
431.702
444.776
434.011
374.261
233.738
-70.8322
-453.28
-838.513
-1107.94
-1213.49
-1198.92
-1148.73
-1087.76
-1026.9
-970.197
-918.094
-870.979
-828.697
-790.528
-755.916
-724.392
-695.547
-669.009
-644.455
-621.666
-600.381
-580.437
-561.692
-543.976
-527.231
-511.304
-496.145
-481.672
-467.813
-454.528
-441.749
-429.448
-417.576
-406.104
-395.01
-384.255
-373.821
-363.686
-353.832
-344.245
-334.91
-325.814
-316.945
-308.292
-299.845
-291.596
-283.535
-275.661
-267.968
-260.433
-253.098
-245.917
-238.882
-232.033
-225.323
-218.755
-212.348
-206.082
-199.962
-193.978
-188.138
-182.447
-176.906
-171.514
-166.267
-161.167
-156.21
-151.393
-146.712
-142.165
-137.745
-133.446
-129.269
-125.205
-121.244
-117.39
-113.634
-109.973
-106.405
-102.915
383.708
409.373
431.718
444.735
433.952
374.43
234.279
-67.4446
-446.813
-829.401
-1098.72
-1206.12
-1194
-1145.42
-1085.77
-1025.61
-969.3
-917.445
-870.491
-828.32
-790.23
-755.676
-724.196
-695.384
-668.872
-644.338
-621.566
-600.294
-580.362
-561.625
-543.917
-527.178
-511.257
-496.103
-481.633
-467.778
-454.497
-441.719
-429.422
-417.551
-406.082
-394.989
-384.235
-373.803
-363.669
-353.816
-344.23
-334.895
-325.8
-316.932
-308.279
-299.833
-291.585
-283.523
-275.65
-267.957
-260.423
-253.088
-245.908
-238.873
-232.024
-225.315
-218.747
-212.34
-206.074
-199.954
-193.97
-188.131
-182.44
-176.899
-171.507
-166.261
-161.161
-156.204
-151.387
-146.706
-142.159
-137.739
-133.44
-129.263
-125.2
-121.239
-117.385
-113.629
-109.968
-106.4
-102.91
383.796
409.433
431.731
444.684
433.877
374.615
234.858
-63.6871
-439.632
-819.271
-1088.44
-1197.84
-1188.65
-1141.19
-1083.29
-1023.98
-968.182
-916.638
-869.886
-827.854
-789.863
-755.381
-723.955
-695.184
-668.704
-644.196
-621.444
-600.189
-580.27
-561.545
-543.846
-527.115
-511.2
-496.052
-481.587
-467.736
-454.459
-441.685
-429.39
-417.522
-406.055
-394.964
-384.212
-373.781
-363.649
-353.797
-344.212
-334.879
-325.784
-316.917
-308.265
-299.819
-291.572
-283.511
-275.638
-267.946
-260.412
-253.077
-245.897
-238.863
-232.014
-225.305
-218.737
-212.331
-206.065
-199.946
-193.962
-188.123
-182.432
-176.892
-171.499
-166.254
-161.154
-156.197
-151.38
-146.7
-142.153
-137.733
-133.434
-129.257
-125.194
-121.233
-117.379
-113.623
-109.962
-106.394
-102.904
383.892
409.497
431.74
444.619
433.782
374.814
235.474
-59.5299
-431.678
-808.025
-1077
-1188.56
-1182.32
-1136.35
-1080.27
-1021.97
-966.791
-915.637
-869.139
-827.28
-789.411
-755.019
-723.659
-694.94
-668.5
-644.024
-621.296
-600.062
-580.159
-561.447
-543.761
-527.039
-511.133
-495.991
-481.532
-467.687
-454.414
-441.644
-429.352
-417.488
-406.023
-394.935
-384.185
-373.756
-363.626
-353.775
-344.192
-334.86
-325.766
-316.9
-308.249
-299.804
-291.557
-283.497
-275.625
-267.933
-260.399
-253.065
-245.886
-238.852
-232.003
-225.295
-218.727
-212.321
-206.056
-199.936
-193.953
-188.114
-182.423
-176.883
-171.491
-166.246
-161.146
-156.189
-151.373
-146.692
-142.146
-137.726
-133.427
-129.251
-125.187
-121.226
-117.373
-113.617
-109.956
-106.388
-102.898
-99.4861
-96.1511
-92.8932
383.997
409.564
431.743
444.537
433.664
375.025
236.12
-54.9435
-422.888
-795.582
-1064.26
-1178.22
-1174.83
-1131.35
-1076.45
-1019.47
-965.065
-914.397
-868.214
-826.57
-788.855
-754.573
-723.297
-694.641
-668.25
-643.813
-621.117
-599.907
-580.025
-561.33
-543.658
-526.948
-511.051
-495.919
-481.467
-467.628
-454.36
-441.595
-429.308
-417.447
-405.985
-394.9
-384.153
-373.727
-363.599
-353.749
-344.168
-334.837
-325.745
-316.88
-308.23
-299.786
-291.54
-283.481
-275.609
-267.918
-260.385
-253.051
-245.873
-238.839
-231.991
-225.283
-218.716
-212.31
-206.045
-199.926
-193.943
-188.104
-182.414
-176.874
-171.482
-166.237
-161.137
-156.181
-151.364
-146.684
-142.138
-137.718
-133.42
-129.243
-125.18
-121.219
-117.366
-113.61
-109.949
-106.381
-102.891
-99.4794
-96.1445
-92.8865
384.11
409.633
431.739
444.434
433.515
375.26
236.792
-49.8995
-413.204
-781.846
-1050.12
-1166.68
-1166.5
-1125.68
-1071.95
-1016.46
-962.939
-912.862
-867.072
-825.696
-788.17
-754.026
-722.853
-694.275
-667.945
-643.556
-620.898
-599.719
-579.862
-561.188
-543.533
-526.838
-510.954
-495.832
-481.389
-467.558
-454.296
-441.537
-429.255
-417.399
-405.942
-394.86
-384.116
-373.692
-363.567
-353.72
-344.14
-334.812
-325.721
-316.858
-308.209
-299.766
-291.521
-283.463
-275.592
-267.902
-260.369
-253.036
-245.858
-238.825
-231.978
-225.27
-218.703
-212.298
-206.033
-199.914
-193.931
-188.093
-182.403
-176.864
-171.472
-166.227
-161.128
-156.172
-151.355
-146.676
-142.129
-137.71
-133.412
-129.235
-125.172
-121.211
-117.358
-113.602
-109.942
-106.373
-102.883
-99.4721
-96.1372
-92.8793
384.231
409.703
431.724
444.305
433.329
375.503
237.5
-44.3672
-402.567
-766.729
-1034.47
-1153.82
-1157.2
-1118.94
-1067.14
-1012.83
-960.37
-910.972
-865.664
-824.619
-787.327
-753.354
-722.307
-693.826
-667.571
-643.241
-620.63
-599.49
-579.665
-561.016
-543.383
-526.705
-510.836
-495.727
-481.295
-467.473
-454.221
-441.469
-429.193
-417.342
-405.89
-394.812
-384.072
-373.652
-363.529
-353.685
-344.108
-334.782
-325.693
-316.832
-308.184
-299.743
-291.5
-283.442
-275.573
-267.883
-260.352
-253.019
-245.842
-238.81
-231.963
-225.255
-218.689
-212.284
-206.02
-199.902
-193.919
-188.081
-182.392
-176.853
-171.461
-166.216
-161.118
-156.161
-151.346
-146.666
-142.12
-137.7
-133.403
-129.226
-125.163
-121.203
-117.35
-113.594
-109.933
-106.365
-102.875
-99.464
-96.1293
-92.8713
384.36
409.772
431.694
444.142
433.096
375.713
238.271
-38.3199
-390.924
-750.142
-1017.18
-1139.53
-1146.79
-1111.43
-1061.83
-1008.53
-957.337
-908.685
-863.936
-823.295
-786.291
-752.527
-721.638
-693.276
-667.114
-642.857
-620.304
-599.211
-579.424
-560.807
-543.2
-526.544
-510.694
-495.6
-481.182
-467.372
-454.13
-441.387
-429.118
-417.274
-405.828
-394.756
-384.02
-373.605
-363.486
-353.645
-344.071
-334.747
-325.661
-316.801
-308.156
-299.716
-291.474
-283.418
-275.55
-267.862
-260.331
-253
-245.824
-238.792
-231.946
-225.239
-218.674
-212.269
-206.006
-199.888
-193.906
-188.068
-182.379
-176.841
-171.45
-166.205
-161.106
-156.15
-151.335
-146.656
-142.11
-137.69
-133.393
-129.216
-125.154
-121.193
-117.34
-113.585
-109.924
-106.356
-102.867
-99.4553
-96.1206
-92.8627
384.497
409.837
431.644
443.938
432.806
375.88
239.103
-31.7404
-378.231
-732.009
-998.143
-1123.67
-1135.17
-1103.02
-1055.76
-1003.73
-953.804
-905.979
-861.846
-821.677
-785.021
-751.514
-720.816
-692.6
-666.552
-642.385
-619.904
-598.869
-579.13
-560.552
-542.977
-526.348
-510.522
-495.447
-481.046
-467.25
-454.02
-441.288
-429.029
-417.194
-405.754
-394.689
-383.959
-373.548
-363.434
-353.598
-344.027
-334.706
-325.623
-316.766
-308.123
-299.686
-291.445
-283.391
-275.524
-267.837
-260.308
-252.978
-245.803
-238.772
-231.927
-225.221
-218.657
-212.253
-205.99
-199.873
-193.891
-188.054
-182.365
-176.827
-171.436
-166.192
-161.094
-156.138
-151.323
-146.644
-142.098
-137.679
-133.382
-129.206
-125.143
-121.183
-117.33
-113.575
-109.915
-106.347
-102.857
-99.4458
-96.1112
-92.8532
384.639
409.895
431.567
443.681
432.444
375.988
239.998
-24.6121
-364.448
-712.268
-977.276
-1106.12
-1122.21
-1093.59
-1048.87
-998.442
-949.761
-902.852
-859.379
-819.727
-783.475
-750.275
-719.811
-691.773
-665.864
-641.808
-619.414
-598.451
-578.77
-560.24
-542.706
-526.11
-510.312
-495.261
-480.881
-467.103
-453.887
-441.169
-428.922
-417.096
-405.666
-394.608
-383.886
-373.482
-363.373
-353.541
-343.975
-334.658
-325.579
-316.725
-308.085
-299.65
-291.412
-283.359
-275.494
-267.808
-260.281
-252.953
-245.779
-238.75
-231.906
-225.201
-218.637
-212.234
-205.972
-199.856
-193.875
-188.038
-182.35
-176.812
-171.422
-166.178
-161.08
-156.125
-151.31
-146.632
-142.086
-137.668
-133.37
-129.194
-125.132
-121.172
-117.32
-113.564
-109.904
-106.336
-102.847
-99.4356
-96.1011
-92.8431
384.785
409.941
431.455
443.36
431.994
376.04
240.96
-16.9272
-349.555
-690.874
-954.497
-1086.71
-1107.78
-1083.06
-1041.11
-992.522
-945.194
-899.293
-856.533
-817.436
-781.624
-748.774
-718.585
-690.763
-665.023
-641.101
-618.814
-597.939
-578.329
-559.858
-542.373
-525.818
-510.055
-495.034
-480.679
-466.923
-453.726
-441.024
-428.791
-416.979
-405.56
-394.512
-383.798
-373.401
-363.299
-353.474
-343.913
-334.601
-325.527
-316.676
-308.04
-299.608
-291.373
-283.322
-275.459
-267.776
-260.25
-252.924
-245.752
-238.724
-231.881
-225.178
-218.615
-212.214
-205.952
-199.837
-193.856
-188.021
-182.333
-176.796
-171.406
-166.163
-161.066
-156.111
-151.296
-146.618
-142.073
-137.655
-133.358
-129.182
-125.12
-121.16
-117.308
-113.553
-109.893
-106.325
-102.835
-99.4245
-96.0901
-92.8321
384.93
409.968
431.297
442.957
431.437
375.985
241.989
-8.68653
-333.544
-667.797
-929.727
-1065.33
-1091.75
-1071.31
-1032.37
-985.884
-940.047
-895.279
-853.299
-814.803
-779.463
-746.99
-717.109
-689.536
-663.997
-640.237
-618.08
-597.311
-577.789
-559.39
-541.966
-525.461
-509.741
-494.757
-480.433
-466.703
-453.53
-440.848
-428.633
-416.836
-405.43
-394.394
-383.691
-373.304
-363.211
-353.393
-343.839
-334.533
-325.464
-316.619
-307.986
-299.558
-291.326
-283.279
-275.418
-267.737
-260.215
-252.89
-245.72
-238.694
-231.853
-225.151
-218.59
-212.19
-205.93
-199.815
-193.836
-188.001
-182.314
-176.778
-171.389
-166.146
-161.049
-156.095
-151.281
-146.603
-142.059
-137.641
-133.344
-129.169
-125.107
-121.147
-117.295
-113.54
-109.88
-106.313
-102.823
-99.4125
-96.0783
-92.8202
385.069
409.967
431.08
442.455
430.749
375.709
243.078
0.101756
-316.429
-643.046
-902.913
-1041.84
-1074
-1058.22
-1022.58
-978.448
-934.236
-890.748
-849.648
-811.816
-776.991
-744.925
-715.372
-688.071
-662.758
-639.187
-617.185
-596.544
-577.127
-558.816
-541.466
-525.023
-509.356
-494.416
-480.13
-466.434
-453.29
-440.633
-428.439
-416.661
-405.273
-394.252
-383.562
-373.186
-363.104
-353.295
-343.75
-334.451
-325.388
-316.549
-307.922
-299.499
-291.271
-283.227
-275.37
-267.693
-260.173
-252.851
-245.683
-238.66
-231.821
-225.121
-218.561
-212.162
-205.903
-199.79
-193.812
-187.979
-182.293
-176.758
-171.37
-166.128
-161.031
-156.078
-151.264
-146.587
-142.043
-137.625
-133.329
-129.154
-125.092
-121.133
-117.281
-113.526
-109.867
-106.3
-102.81
-99.3996
-96.0656
-92.8075
385.197
409.927
430.786
441.83
429.898
375.244
244.229
9.39331
-298.248
-616.66
-874.026
-1016.13
-1054.39
-1043.67
-1011.62
-970.114
-927.707
-885.62
-845.519
-808.436
-774.186
-742.568
-713.374
-686.365
-661.296
-637.93
-616.103
-595.612
-576.321
-558.115
-540.854
-524.486
-508.883
-493.998
-479.76
-466.104
-452.995
-440.368
-428.202
-416.447
-405.08
-394.077
-383.403
-373.042
-362.973
-353.176
-343.64
-334.351
-325.297
-316.465
-307.845
-299.427
-291.205
-283.166
-275.313
-267.639
-260.123
-252.805
-245.64
-238.619
-231.783
-225.085
-218.527
-212.13
-205.873
-199.762
-193.785
-187.953
-182.269
-176.734
-171.347
-166.106
-161.011
-156.058
-151.245
-146.569
-142.025
-137.608
-133.312
-129.137
-125.076
-121.117
-117.266
-113.512
-109.852
-106.285
-102.796
-99.3857
-96.0519
-92.7938
385.303
409.834
430.394
441.053
428.851
374.612
245.468
19.0683
-279.071
-588.665
-843.068
-988.135
-1032.8
-1027.51
-999.398
-960.722
-920.391
-879.857
-840.864
-804.616
-771.012
-739.896
-711.099
-684.41
-659.605
-636.462
-614.823
-594.494
-575.345
-557.262
-540.108
-523.83
-508.304
-493.485
-479.304
-465.698
-452.632
-440.043
-427.909
-416.184
-404.842
-393.862
-383.209
-372.866
-362.812
-353.029
-343.507
-334.229
-325.185
-316.363
-307.751
-299.341
-291.125
-283.092
-275.245
-267.576
-260.064
-252.75
-245.589
-238.572
-231.738
-225.043
-218.488
-212.094
-205.839
-199.729
-193.754
-187.924
-182.241
-176.708
-171.322
-166.082
-160.988
-156.036
-151.224
-146.548
-142.005
-137.589
-133.293
-129.119
-125.058
-121.1
-117.249
-113.495
-109.836
-106.269
-102.781
-99.3704
-96.0368
-92.7788
385.376
409.669
429.88
440.09
427.57
373.747
246.793
29.0032
-258.986
-559.123
-810.106
-957.804
-1009.15
-1009.65
-985.776
-950.31
-912.087
-873.342
-835.613
-800.304
-767.425
-736.873
-708.522
-682.192
-657.678
-634.777
-613.342
-593.189
-574.192
-556.241
-539.205
-523.031
-507.597
-492.858
-478.745
-465.2
-452.185
-439.643
-427.55
-415.86
-404.55
-393.597
-382.969
-372.648
-362.614
-352.85
-343.343
-334.08
-325.048
-316.237
-307.636
-299.235
-291.028
-283.002
-275.162
-267.499
-259.993
-252.685
-245.528
-238.515
-231.685
-224.994
-218.442
-212.05
-205.798
-199.691
-193.718
-187.889
-182.208
-176.677
-171.292
-166.054
-160.961
-156.01
-151.199
-146.524
-141.982
-137.567
-133.272
-129.1
-125.038
-121.081
-117.231
-113.477
-109.818
-106.251
-102.763
-99.353
-96.02
-92.7622
385.4
409.41
429.212
438.903
426.006
372.612
248.185
39.1051
-238.113
-528.182
-775.295
-925.028
-983.292
-989.923
-970.597
-938.688
-902.794
-866.001
-829.685
-795.43
-763.367
-733.452
-705.605
-679.678
-655.492
-632.861
-611.651
-591.689
-572.857
-555.049
-538.14
-522.076
-506.744
-492.095
-478.063
-464.59
-451.638
-439.151
-427.106
-415.46
-404.189
-393.27
-382.673
-372.379
-362.37
-352.627
-343.14
-333.895
-324.879
-316.083
-307.494
-299.106
-290.909
-282.893
-275.061
-267.406
-259.907
-252.605
-245.454
-238.446
-231.622
-224.935
-218.387
-211.999
-205.749
-199.645
-193.675
-187.849
-182.17
-176.641
-171.258
-166.021
-160.93
-155.981
-151.171
-146.498
-141.956
-137.542
-133.248
-129.076
-125.016
-121.059
-117.209
-113.456
-109.799
-106.232
-102.744
-99.3344
-96.0019
-92.7436
385.355
409.03
428.352
437.443
424.11
371.146
249.643
49.2517
-216.607
-496.034
-738.57
-889.796
-955.081
-968.122
-953.736
-925.615
-892.366
-857.74
-822.998
-789.918
-758.768
-729.57
-702.291
-676.822
-653.007
-630.684
-609.727
-589.98
-571.329
-553.678
-536.907
-520.963
-505.739
-491.186
-477.242
-463.848
-450.969
-438.549
-426.562
-414.969
-403.744
-392.867
-382.306
-372.046
-362.067
-352.352
-342.889
-333.666
-324.67
-315.892
-307.319
-298.945
-290.762
-282.757
-274.936
-267.291
-259.801
-252.508
-245.365
-238.363
-231.545
-224.864
-218.32
-211.937
-205.692
-199.591
-193.625
-187.802
-182.125
-176.598
-171.218
-165.983
-160.894
-155.946
-151.138
-146.466
-141.926
-137.513
-133.22
-129.05
-124.99
-121.034
-117.185
-113.433
-109.776
-106.21
-102.722
-99.3134
-95.9813
-92.7225
385.216
408.492
427.256
435.658
421.821
369.296
251.169
59.2902
-194.65
-462.895
-699.722
-852.544
-924.649
-944.249
-935.054
-911.127
-880.733
-848.411
-815.439
-783.683
-753.561
-725.168
-698.53
-673.576
-650.182
-628.205
-607.537
-588.033
-569.588
-552.113
-535.494
-519.683
-504.576
-490.128
-476.278
-462.969
-450.167
-437.818
-425.898
-414.366
-403.197
-392.37
-381.855
-371.635
-361.692
-352.01
-342.577
-333.381
-324.41
-315.654
-307.102
-298.746
-290.579
-282.59
-274.782
-267.15
-259.671
-252.388
-245.254
-238.261
-231.451
-224.777
-218.239
-211.862
-205.622
-199.526
-193.564
-187.745
-182.072
-176.548
-171.171
-165.938
-160.851
-155.906
-151.1
-146.429
-141.891
-137.479
-133.188
-129.018
-124.96
-121.005
-117.157
-113.406
-109.75
-106.184
-102.697
-99.2887
-95.9572
-92.6989
384.951
407.756
425.871
433.485
419.074
367.002
252.54
69.0123
-172.456
-429.003
-659.131
-813.623
-892.031
-918.235
-914.542
-894.926
-867.841
-837.996
-806.959
-776.665
-747.683
-720.191
-694.271
-669.896
-646.975
-625.39
-605.046
-585.817
-567.606
-550.329
-533.883
-518.22
-503.245
-488.912
-475.164
-461.948
-449.23
-436.958
-425.108
-413.64
-402.531
-391.761
-381.299
-371.128
-361.23
-351.587
-342.191
-333.028
-324.087
-315.358
-306.831
-298.498
-290.351
-282.381
-274.591
-266.974
-259.509
-252.241
-245.118
-238.135
-231.335
-224.67
-218.14
-211.77
-205.537
-199.447
-193.49
-187.676
-182.007
-176.487
-171.113
-165.885
-160.8
-155.858
-151.054
-146.386
-141.85
-137.44
-133.15
-128.982
-124.925
-120.971
-117.124
-113.374
-109.719
-106.154
-102.668
-99.2605
-95.9294
-92.6714
384.522
406.772
424.137
430.856
415.8
364.198
253.51
78.4365
-150.234
-394.674
-617.418
-772.917
-857.116
-889.965
-892.034
-877.025
-853.51
-826.349
-797.442
-768.77
-741.059
-714.573
-689.457
-665.733
-643.344
-622.199
-602.222
-583.302
-565.354
-548.302
-532.051
-516.555
-501.728
-487.524
-473.89
-460.777
-448.15
-435.962
-424.187
-412.79
-401.746
-391.035
-380.628
-370.509
-360.661
-351.065
-341.713
-332.59
-323.686
-314.99
-306.493
-298.188
-290.067
-282.12
-274.352
-266.755
-259.308
-252.056
-244.948
-237.979
-231.192
-224.537
-218.017
-211.657
-205.432
-199.35
-193.399
-187.591
-181.928
-176.414
-171.044
-165.82
-160.739
-155.8
-150.999
-146.334
-141.8
-137.393
-133.105
-128.939
-124.883
-120.932
-117.086
-113.337
-109.683
-106.119
-102.634
-99.2272
-95.8968
-92.6392
383.882
405.482
421.985
427.695
411.924
360.813
254.041
87.5871
-128.227
-360.25
-574.944
-730.547
-820.043
-859.465
-867.472
-857.304
-837.599
-813.362
-786.788
-759.909
-733.605
-708.239
-684.022
-661.026
-639.235
-618.586
-599.022
-580.452
-562.801
-546.002
-529.972
-514.665
-500.004
-485.946
-472.442
-459.443
-446.918
-434.822
-423.13
-411.809
-400.835
-390.189
-379.842
-369.78
-359.983
-350.436
-341.13
-332.051
-323.189
-314.533
-306.074
-297.803
-289.714
-281.796
-274.054
-266.481
-259.056
-251.826
-244.736
-237.783
-231.013
-224.373
-217.864
-211.517
-205.302
-199.229
-193.287
-187.487
-181.831
-176.323
-170.96
-165.74
-160.665
-155.73
-150.933
-146.271
-141.741
-137.336
-133.051
-128.887
-124.833
-120.884
-117.04
-113.293
-109.64
-106.077
-102.593
-99.1879
-95.8583
-92.6013
382.975
403.817
419.336
423.921
407.37
356.783
254.031
96.2582
-106.699
-326.074
-532.096
-686.867
-780.99
-826.745
-840.774
-835.648
-819.993
-798.916
-774.876
-749.967
-725.219
-701.099
-677.885
-655.706
-634.586
-614.494
-595.396
-577.22
-559.904
-543.393
-527.611
-512.519
-498.047
-484.155
-470.796
-457.927
-445.518
-433.525
-421.927
-410.691
-399.793
-389.217
-378.936
-368.933
-359.193
-349.7
-340.444
-331.411
-322.592
-313.978
-305.558
-297.325
-289.273
-281.388
-273.682
-266.138
-258.742
-251.539
-244.471
-237.538
-230.788
-224.165
-217.673
-211.341
-205.139
-199.079
-193.148
-187.358
-181.712
-176.211
-170.855
-165.643
-160.573
-155.644
-150.852
-146.195
-141.668
-137.267
-132.986
-128.824
-124.774
-120.827
-116.985
-113.24
-109.589
-106.027
-102.545
-99.1407
-95.8123
-92.5559
381.736
401.701
416.108
419.451
402.065
352.042
253.405
104.332
-85.889
-292.5
-489.295
-642.233
-740.173
-791.901
-811.933
-812.005
-800.603
-782.904
-761.598
-738.842
-715.806
-693.063
-670.965
-649.697
-629.327
-609.862
-591.287
-573.556
-556.619
-540.432
-524.932
-510.083
-495.824
-482.119
-468.926
-456.205
-443.926
-432.051
-420.559
-409.418
-398.608
-388.11
-377.901
-367.965
-358.287
-348.851
-339.648
-330.666
-321.895
-313.325
-304.948
-296.755
-288.74
-280.896
-273.219
-265.712
-258.341
-251.175
-244.137
-237.232
-230.508
-223.907
-217.433
-211.121
-204.936
-198.891
-192.974
-187.197
-181.562
-176.072
-170.726
-165.522
-160.46
-155.537
-150.752
-146.101
-141.579
-137.183
-132.906
-128.748
-124.701
-120.757
-116.918
-113.176
-109.527
-105.967
-102.486
-99.0838
-95.7566
-92.5012
380.088
399.049
412.21
414.199
395.937
346.536
252.085
111.66
-66.0379
-259.876
-446.969
-597.066
-697.893
-755.087
-780.974
-786.327
-779.336
-765.216
-746.841
-726.422
-705.26
-684.035
-663.172
-642.917
-623.386
-604.621
-586.635
-569.403
-552.893
-537.072
-521.889
-507.315
-493.299
-479.806
-466.801
-454.246
-442.116
-430.375
-419.003
-407.971
-397.259
-386.851
-376.724
-366.863
-357.254
-347.882
-338.738
-329.811
-321.092
-312.57
-304.238
-296.089
-288.115
-280.314
-272.669
-265.199
-257.88
-250.722
-243.721
-236.839
-230.149
-223.579
-217.131
-210.844
-204.679
-198.656
-192.756
-186.995
-181.375
-175.898
-170.564
-165.371
-160.319
-155.405
-150.628
-145.984
-141.469
-137.079
-132.807
-128.654
-124.611
-120.672
-116.836
-113.097
-109.451
-105.893
-102.415
-99.0142
-95.6885
-92.4343
377.949
395.769
407.55
408.085
388.927
340.217
250.007
118.123
-47.3573
-228.524
-405.546
-551.818
-654.506
-716.522
-747.986
-758.618
-756.144
-745.773
-730.508
-712.606
-693.48
-673.916
-654.415
-635.282
-616.684
-598.701
-581.374
-564.702
-548.671
-533.262
-518.438
-504.175
-490.431
-477.179
-464.386
-452.021
-440.059
-428.47
-417.233
-406.325
-395.725
-385.418
-375.385
-365.609
-356.078
-346.779
-337.702
-328.837
-320.175
-311.707
-303.426
-295.324
-287.395
-279.633
-272.031
-264.598
-257.337
-250.183
-243.222
-236.396
-229.715
-223.172
-216.748
-210.495
-204.356
-198.354
-192.476
-186.738
-181.137
-175.679
-170.36
-165.181
-160.142
-155.24
-150.473
-145.839
-141.332
-136.949
-132.685
-128.537
-124.5
-120.566
-116.734
-112.999
-109.357
-105.801
-102.326
-98.9281
-95.6045
-92.3517
375.224
391.763
402.038
401.037
380.985
333.053
247.118
123.612
-30.034
-198.736
-365.429
-506.955
-610.427
-676.492
-713.12
-728.914
-731.002
-724.504
-712.506
-697.289
-680.359
-662.603
-644.594
-626.699
-609.135
-592.021
-575.429
-559.384
-543.891
-528.945
-514.524
-500.612
-487.177
-474.196
-461.644
-449.492
-437.721
-426.304
-415.222
-404.453
-393.98
-383.789
-373.861
-364.182
-354.74
-345.523
-336.523
-327.728
-319.131
-310.725
-302.5
-294.451
-286.572
-278.858
-271.301
-263.909
-256.673
-249.569
-242.644
-235.876
-229.197
-222.686
-216.315
-210.069
-203.964
-197.994
-192.138
-186.419
-180.84
-175.403
-170.104
-164.942
-159.919
-155.032
-150.278
-145.656
-141.16
-136.787
-132.531
-128.391
-124.361
-120.433
-116.607
-112.877
-109.239
-105.688
-102.216
-98.8209
-95.4997
-92.2487
371.811
386.936
395.588
392.994
372.08
325.029
243.383
128.043
-14.2169
-170.758
-326.989
-462.944
-566.107
-635.338
-676.597
-697.315
-703.934
-701.376
-692.765
-680.382
-665.8
-649.996
-633.611
-617.073
-600.648
-584.497
-568.722
-553.376
-538.485
-524.059
-510.091
-496.573
-483.486
-470.811
-458.53
-446.621
-435.066
-423.843
-412.936
-402.326
-391.997
-381.936
-372.128
-362.559
-353.218
-344.095
-335.18
-326.465
-317.943
-309.605
-301.445
-293.456
-285.634
-277.973
-270.467
-263.121
-255.931
-248.873
-241.984
-235.233
-228.596
-222.129
-215.807
-209.569
-203.494
-197.558
-191.738
-186.043
-180.486
-175.069
-169.791
-164.649
-159.644
-154.774
-150.037
-145.428
-140.946
-136.584
-132.34
-128.21
-124.188
-120.268
-116.449
-112.725
-109.093
-105.546
-102.078
-98.6869
-95.3687
-92.12
367.609
381.194
388.129
383.915
362.202
316.147
238.784
131.358
-0.0162562
-144.786
-290.544
-420.229
-522.02
-593.458
-638.706
-663.985
-675.014
-676.396
-671.244
-661.813
-649.715
-635.997
-621.367
-606.306
-591.129
-576.039
-561.169
-546.6
-532.379
-518.535
-505.074
-491.999
-479.302
-466.973
-454.998
-443.363
-432.052
-421.049
-410.339
-399.909
-389.743
-379.83
-370.158
-360.713
-351.487
-342.47
-333.653
-325.029
-316.591
-308.331
-300.244
-292.324
-284.566
-276.965
-269.517
-262.224
-255.083
-248.073
-241.225
-234.519
-227.931
-221.495
-215.188
-208.998
-202.95
-197.035
-191.258
-185.599
-180.07
-174.676
-169.421
-164.301
-159.317
-154.466
-149.746
-145.154
-140.687
-136.339
-132.107
-127.988
-123.976
-120.066
-116.255
-112.539
-108.912
-105.371
-101.908
-98.5213
-95.2066
-91.9606
346.902
362.545
374.455
379.603
373.782
351.363
306.43
233.326
133.525
12.5
-120.959
-256.352
-379.213
-478.644
-551.293
-599.793
-629.154
-644.366
-649.614
-647.938
-641.539
-632.033
-620.524
-607.77
-594.303
-580.484
-566.555
-552.681
-538.971
-525.495
-512.297
-499.402
-486.824
-474.565
-462.624
-450.994
-439.667
-428.632
-417.877
-407.391
-397.164
-387.182
-377.438
-367.919
-358.616
-349.52
-340.622
-331.916
-323.395
-315.052
-306.882
-298.878
-291.036
-283.35
-275.818
-268.434
-261.201
-254.116
-247.163
-240.364
-233.704
-227.16
-220.764
-214.503
-208.353
-202.341
-196.46
-190.715
-185.085
-179.586
-174.222
-168.993
-163.898
-158.937
-154.107
-149.407
-144.833
-140.381
-136.049
-131.831
-127.724
-123.724
-119.824
-116.022
-112.314
-108.694
-105.159
-101.702
-98.3196
-95.0088
-91.7657
342.343
356.496
366.651
369.98
362.601
339.599
295.922
227.032
134.541
23.3051
-99.3608
-224.605
-340.242
-436.432
-509.307
-560.249
-593.121
-612.179
-621.14
-622.887
-619.548
-612.711
-603.507
-592.739
-580.976
-568.621
-555.953
-543.168
-530.402
-517.747
-505.267
-493.001
-480.977
-469.208
-457.702
-446.459
-435.478
-424.753
-414.278
-404.046
-394.048
-384.275
-374.721
-365.376
-356.232
-347.283
-338.522
-329.942
-321.537
-313.303
-305.233
-297.323
-289.569
-281.967
-274.512
-267.202
-260.037
-253.016
-246.126
-239.381
-232.774
-226.285
-219.937
-213.718
-207.614
-201.643
-195.803
-190.092
-184.498
-179.035
-173.702
-168.503
-163.436
-158.5
-153.694
-149.015
-144.461
-140.027
-135.711
-131.508
-127.415
-123.427
-119.538
-115.746
-112.047
-108.435
-104.906
-101.455
-98.0772
-94.7703
-91.5303
336.873
349.403
357.738
359.252
350.409
326.973
284.686
219.948
134.432
32.4115
-80.0216
-195.428
-303.596
-395.801
-467.965
-520.498
-556.239
-578.708
-591.142
-596.187
-595.874
-591.737
-584.907
-576.21
-566.248
-555.455
-544.145
-532.541
-520.805
-509.051
-497.361
-485.791
-474.382
-463.159
-452.137
-441.328
-430.735
-420.36
-410.2
-400.252
-390.513
-380.975
-371.636
-362.488
-353.526
-344.743
-336.135
-327.698
-319.425
-311.314
-303.358
-295.556
-287.901
-280.393
-273.026
-265.799
-258.712
-251.764
-244.944
-238.263
-231.716
-225.287
-218.992
-212.824
-206.773
-200.849
-195.053
-189.383
-183.832
-178.407
-173.111
-167.944
-162.908
-158
-153.22
-148.565
-144.032
-139.619
-135.321
-131.134
-127.055
-123.082
-119.204
-115.423
-111.732
-108.128
-104.606
-101.161
-97.7882
-94.4851
-91.248
330.368
341.206
347.7
347.449
337.271
313.569
272.8
212.136
133.246
39.8667
-62.9212
-168.877
-269.479
-357.109
-427.711
-480.987
-518.904
-544.266
-559.84
-567.987
-570.603
-569.143
-564.715
-558.147
-550.061
-540.916
-531.051
-520.714
-510.092
-499.319
-488.494
-477.69
-466.96
-456.341
-445.859
-435.532
-425.373
-415.389
-405.582
-395.954
-386.506
-377.234
-368.137
-359.211
-350.453
-341.859
-333.425
-325.149
-317.026
-309.053
-301.228
-293.546
-286.005
-278.602
-271.336
-264.203
-257.205
-250.338
-243.599
-236.991
-230.512
-224.151
-217.917
-211.808
-205.815
-199.945
-194.199
-188.577
-183.072
-177.691
-172.435
-167.307
-162.306
-157.43
-152.679
-148.05
-143.542
-139.15
-134.872
-130.703
-126.639
-122.68
-118.814
-115.045
-111.364
-107.769
-104.253
-100.814
-97.4456
-94.1463
-90.9119
322.79
331.882
336.557
334.628
323.283
299.494
260.359
203.674
131.055
45.7485
-47.9963
-144.95
-238.022
-320.642
-388.948
-442.159
-481.529
-509.214
-527.52
-538.5
-543.876
-545.012
-542.965
-538.548
-532.386
-524.953
-516.606
-507.615
-498.185
-488.469
-478.583
-468.614
-458.628
-448.674
-438.789
-428.998
-419.321
-409.772
-400.36
-391.091
-381.969
-372.995
-364.171
-355.496
-346.968
-338.587
-330.349
-322.255
-314.301
-306.486
-298.807
-291.262
-283.849
-276.567
-269.414
-262.388
-255.489
-248.717
-242.067
-235.542
-229.142
-222.857
-216.694
-210.652
-204.724
-198.915
-193.227
-187.66
-182.208
-176.876
-171.667
-166.582
-161.62
-156.78
-152.062
-147.463
-142.981
-138.613
-134.356
-130.207
-126.161
-122.218
-118.366
-114.607
-110.936
-107.348
-103.84
-100.406
-97.0422
-93.7464
-90.5145
314.101
321.441
324.361
320.878
308.558
284.87
247.471
194.654
127.948
50.1586
-35.1478
-123.592
-209.281
-286.612
-352.018
-404.428
-444.54
-473.948
-494.514
-507.988
-515.893
-519.482
-519.741
-517.452
-513.228
-507.544
-500.77
-493.187
-485.017
-476.427
-467.549
-458.483
-449.307
-440.08
-430.849
-421.648
-412.505
-403.44
-394.467
-385.597
-376.84
-368.2
-359.682
-351.288
-343.019
-334.877
-326.861
-318.972
-311.209
-303.571
-296.058
-288.668
-281.4
-274.255
-267.229
-260.324
-253.539
-246.873
-240.325
-233.895
-227.583
-221.385
-215.303
-209.336
-203.482
-197.744
-192.121
-186.616
-181.224
-175.949
-170.793
-165.756
-160.838
-156.04
-151.359
-146.793
-142.341
-138.001
-133.768
-129.639
-125.611
-121.682
-117.849
-114.101
-110.44
-106.86
-103.358
-99.9295
-96.5703
-93.2776
-90.0479
304.32
309.923
311.187
306.314
293.231
269.83
234.251
185.176
124.028
53.2173
-24.2484
-104.702
-183.25
-255.153
-317.195
-368.165
-408.346
-438.869
-461.19
-476.765
-486.909
-492.745
-495.182
-494.95
-492.635
-488.705
-483.529
-477.398
-470.54
-463.135
-455.326
-447.225
-438.92
-430.481
-421.962
-413.407
-404.85
-396.317
-387.829
-379.403
-371.051
-362.783
-354.607
-346.527
-338.549
-330.676
-322.909
-315.251
-307.702
-300.265
-292.938
-285.724
-278.62
-271.628
-264.748
-257.979
-251.322
-244.777
-238.343
-232.021
-225.811
-219.71
-213.719
-207.84
-202.07
-196.41
-190.863
-185.428
-180.104
-174.893
-169.796
-164.815
-159.949
-155.197
-150.558
-146.03
-141.613
-137.302
-133.096
-128.991
-124.984
-121.069
-117.251
-113.518
-109.867
-106.297
-102.801
-99.3777
-96.0224
-92.7326
-89.5049
293.47
297.396
297.15
291.115
277.454
254.51
220.817
175.345
119.406
55.0574
-15.1508
-88.1466
-159.864
-226.322
-284.675
-333.678
-373.325
-404.372
-427.93
-445.178
-457.224
-465.051
-469.481
-471.182
-470.705
-468.494
-464.912
-460.248
-454.733
-448.556
-441.865
-434.782
-427.403
-419.807
-412.055
-404.199
-396.28
-388.33
-380.375
-372.438
-364.534
-356.678
-348.882
-341.153
-333.499
-325.925
-318.437
-311.038
-303.731
-296.519
-289.403
-282.385
-275.466
-268.648
-261.931
-255.316
-248.804
-242.396
-236.091
-229.891
-223.796
-217.805
-211.918
-206.138
-200.462
-194.892
-189.43
-184.075
-178.828
-173.69
-168.661
-163.743
-158.935
-154.236
-149.646
-145.162
-140.783
-136.507
-132.331
-128.253
-124.27
-120.377
-116.573
-112.852
-109.213
-105.651
-102.162
-98.7436
-95.3921
-92.1052
-88.8795
281.571
283.974
282.473
275.455
261.388
239.047
207.289
165.27
114.199
55.8194
-7.69422
-73.7661
-139.016
-200.114
-254.58
-301.207
-339.8
-370.829
-395.115
-413.59
-427.169
-436.69
-442.881
-446.346
-447.588
-447.021
-444.991
-441.778
-437.613
-432.683
-427.142
-421.116
-414.708
-408.001
-401.066
-393.959
-386.727
-379.408
-372.034
-364.63
-357.218
-349.816
-342.439
-335.098
-327.804
-320.565
-313.387
-306.277
-299.24
-292.28
-285.4
-278.603
-271.892
-265.269
-258.736
-252.294
-245.946
-239.692
-233.533
-227.471
-221.507
-215.64
-209.871
-204.202
-198.633
-193.165
-187.799
-182.535
-177.375
-172.319
-167.367
-162.52
-157.779
-153.141
-148.606
-144.173
-139.839
-135.603
-131.462
-127.415
-123.457
-119.586
-115.8
-112.095
-108.468
-104.916
-101.434
-98.0217
-94.6745
-91.3907
-88.1672
259.262
245.184
223.587
193.79
155.063
108.525
55.6456
-1.71111
-61.385
-120.56
-176.465
-226.958
-270.915
-308.031
-338.563
-363.1
-382.364
-397.09
-407.983
-415.668
-420.685
-423.484
-424.445
-423.887
-422.076
-419.235
-415.547
-411.165
-406.217
-400.808
-395.028
-388.949
-382.634
-376.133
-369.489
-362.739
-355.913
-349.036
-342.13
-335.212
-328.297
-321.4
-314.53
-307.697
-300.908
-294.172
-287.493
-280.876
-274.327
-267.849
-261.444
-255.117
-248.87
-242.705
-236.625
-230.631
-224.724
-218.907
-213.18
-207.545
-202.003
-196.554
-191.2
-185.942
-180.782
-175.72
-170.755
-165.891
-161.125
-156.459
-151.891
-147.42
-143.045
-138.764
-134.574
-130.475
-126.463
-122.536
-118.692
-114.928
-111.241
-107.628
-104.087
-100.615
-97.209
-93.8669
-90.5871
-87.3666
242.968
228.993
208.252
180.409
144.82
102.495
54.6757
2.96707
-50.8188
-104.331
-155.268
-201.795
-242.896
-278.209
-307.843
-332.205
-351.84
-367.334
-379.262
-388.155
-394.48
-398.64
-400.974
-401.771
-401.277
-399.702
-397.22
-393.981
-390.11
-385.711
-380.877
-375.681
-370.188
-364.454
-358.524
-352.438
-346.229
-339.927
-333.555
-327.136
-320.686
-314.223
-307.758
-301.303
-294.87
-288.465
-282.098
-275.775
-269.501
-263.282
-257.122
-251.025
-244.996
-239.037
-233.152
-227.342
-221.61
-215.959
-210.39
-204.904
-199.504
-194.191
-188.966
-183.831
-178.786
-173.834
-168.974
-164.207
-159.534
-154.953
-150.465
-146.067
-141.759
-137.539
-133.405
-129.355
-125.386
-121.496
-117.684
-113.947
-110.282
-106.688
-103.162
-99.7013
-96.3047
-92.9699
-89.6959
-86.4802
226.62
212.876
193.084
167.186
134.63
96.2265
53.0482
6.5069
-41.8807
-90.1463
-136.384
-179.029
-217.177
-250.456
-278.871
-302.692
-322.324
-338.225
-350.857
-360.661
-368.037
-373.333
-376.854
-378.857
-379.563
-379.164
-377.825
-375.684
-372.862
-369.462
-365.572
-361.269
-356.617
-351.672
-346.483
-341.091
-335.533
-329.841
-324.04
-318.155
-312.207
-306.212
-300.188
-294.147
-288.101
-282.062
-276.038
-270.037
-264.068
-258.136
-252.248
-246.408
-240.621
-234.892
-229.224
-223.621
-218.085
-212.62
-207.227
-201.91
-196.669
-191.508
-186.428
-181.43
-176.516
-171.687
-166.944
-162.288
-157.718
-153.235
-148.837
-144.523
-140.293
-136.144
-132.075
-128.083
-124.167
-120.323
-116.551
-112.849
-109.213
-105.644
-102.138
-98.6938
-95.3109
-91.9874
-88.7229
-85.5153
210.452
197.107
178.365
154.355
124.637
89.8401
50.8962
9.06813
-34.3865
-77.8174
-119.643
-158.546
-193.73
-224.828
-251.785
-274.768
-294.073
-310.054
-323.074
-333.5
-341.664
-347.863
-352.365
-355.398
-357.158
-357.818
-357.525
-356.41
-354.585
-352.147
-349.18
-345.758
-341.945
-337.798
-333.364
-328.686
-323.803
-318.747
-313.546
-308.227
-302.811
-297.319
-291.767
-286.172
-280.547
-274.904
-269.255
-263.608
-257.973
-252.357
-246.768
-241.211
-235.693
-230.219
-224.793
-219.419
-214.102
-208.844
-203.649
-198.519
-193.458
-188.467
-183.548
-178.705
-173.937
-169.247
-164.635
-160.102
-155.649
-151.276
-146.981
-142.764
-138.623
-134.557
-130.564
-126.642
-122.789
-119.002
-115.281
-111.623
-108.027
-104.491
-101.014
-97.5947
-94.2328
-90.9273
-87.6783
-84.4843
194.876
182.161
164.572
142.319
114.938
83.4093
48.3286
10.7971
-28.1603
-67.156
-104.875
-140.215
-172.48
-201.325
-226.658
-248.575
-267.286
-283.062
-296.189
-306.961
-315.655
-322.526
-327.796
-331.668
-334.316
-335.893
-336.529
-336.343
-335.436
-333.898
-331.808
-329.235
-326.241
-322.88
-319.199
-315.241
-311.043
-306.639
-302.058
-297.327
-292.469
-287.506
-282.455
-277.335
-272.16
-266.944
-261.698
-256.435
-251.163
-245.892
-240.63
-235.384
-230.162
-224.968
-219.808
-214.689
-209.613
-204.585
-199.609
-194.689
-189.826
-185.025
-180.287
-175.615
-171.011
-166.476
-162.011
-157.618
-153.296
-149.047
-144.869
-140.761
-136.723
-132.753
-128.85
-125.011
-121.234
-117.518
-113.861
-110.261
-106.717
-103.227
-99.791
-96.4082
-93.0784
-89.8012
-86.5775
-83.4063
105.342
76.9796
45.4488
11.8316
-23.0348
-57.9773
-91.8994
-123.883
-153.322
-179.9
-203.51
-224.195
-242.104
-257.439
-270.428
-281.301
-290.287
-297.6
-303.43
-307.948
-311.308
-313.644
-315.073
-315.697
-315.608
-314.887
-313.606
-311.829
-309.612
-307.007
-304.059
-300.808
-297.292
-293.542
-289.588
-285.458
-281.174
-276.758
-272.23
-267.608
-262.908
-258.144
-253.329
-248.475
-243.594
-238.695
-233.787
-228.878
-223.977
-219.09
-214.223
-209.382
-204.572
-199.798
-195.064
-190.374
-185.732
-181.141
-176.604
-172.123
-167.7
-163.338
-159.038
-154.8
-150.627
-146.517
-142.471
-138.489
-134.569
-130.71
-126.911
-123.17
-119.486
-115.856
-112.279
-108.753
-105.277
-101.85
-98.4716
-95.1411
-91.8589
-88.6251
-85.4412
-82.3069
96.2086
70.6829
42.3772
12.3028
-18.8534
-50.1045
-80.5353
-109.384
-136.123
-160.471
-182.312
-201.658
-218.611
-233.32
-245.964
-256.727
-265.795
-273.34
-279.531
-284.509
-288.405
-291.338
-293.411
-294.714
-295.327
-295.322
-294.763
-293.707
-292.207
-290.309
-288.055
-285.483
-282.627
-279.518
-276.185
-272.654
-268.948
-265.088
-261.095
-256.986
-252.778
-248.485
-244.122
-239.701
-235.233
-230.73
-226.201
-221.654
-217.099
-212.543
-207.993
-203.454
-198.934
-194.437
-189.968
-185.532
-181.132
-176.773
-172.457
-168.187
-163.966
-159.796
-155.679
-151.616
-147.608
-143.656
-139.76
-135.92
-132.135
-128.405
-124.728
-121.104
-117.529
-114.003
-110.525
-107.093
-103.705
-100.361
-97.061
-93.8036
-90.5899
-87.4207
-84.298
-81.2217
87.472
64.5426
39.1865
12.3232
-15.4736
-43.3721
-70.6073
-96.5484
-120.738
-142.925
-162.998
-180.947
-196.839
-210.784
-222.922
-233.4
-242.365
-249.963
-256.331
-261.595
-265.863
-269.235
-271.802
-273.646
-274.836
-275.433
-275.495
-275.072
-274.212
-272.954
-271.338
-269.397
-267.164
-264.667
-261.933
-258.986
-255.849
-252.541
-249.084
-245.492
-241.784
-237.975
-234.077
-230.104
-226.067
-221.979
-217.849
-213.685
-209.498
-205.296
-201.084
-196.872
-192.663
-188.466
-184.285
-180.124
-175.989
-171.882
-167.809
-163.772
-159.773
-155.816
-151.902
-148.034
-144.211
-140.437
-136.71
-133.032
-129.402
-125.82
-122.285
-118.796
-115.352
-111.952
-108.595
-105.279
-102.003
-98.7669
-95.57
-92.4125
-89.295
-86.2184
-83.1849
-80.1946
79.2186
58.6373
35.9588
11.9972
-12.765
-37.627
-61.9489
-85.2092
-107.011
-127.135
-145.475
-162.009
-176.779
-189.865
-201.376
-211.429
-220.146
-227.642
-234.029
-239.42
-243.906
-247.571
-250.493
-252.741
-254.379
-255.461
-256.036
-256.148
-255.837
-255.14
-254.091
-252.722
-251.059
-249.129
-246.957
-244.565
-241.973
-239.2
-236.265
-233.185
-229.975
-226.649
-223.221
-219.703
-216.108
-212.447
-208.729
-204.965
-201.163
-197.332
-193.479
-189.611
-185.736
-181.859
-177.985
-174.121
-170.271
-166.44
-162.63
-158.846
-155.091
-151.368
-147.679
-144.026
-140.411
-136.835
-133.299
-129.805
-126.351
-122.94
-119.569
-116.24
-112.951
-109.701
-106.49
-103.317
-100.181
-97.0815
-94.0191
-90.9935
-88.0052
-85.055
-82.1454
-79.2769
71.4385
52.999
32.7523
11.4122
-10.6122
-32.7297
-54.4046
-75.2061
-94.79
-112.964
-129.633
-144.766
-158.387
-170.556
-181.356
-190.881
-199.229
-206.498
-212.781
-218.161
-222.729
-226.555
-229.702
-232.23
-234.195
-235.644
-236.622
-237.165
-237.309
-237.086
-236.525
-235.654
-234.497
-233.077
-231.417
-229.536
-227.452
-225.184
-222.748
-220.159
-217.431
-214.579
-211.615
-208.55
-205.398
-202.167
-198.869
-195.512
-192.106
-188.658
-185.177
-181.67
-178.143
-174.604
-171.057
-167.508
-163.963
-160.426
-156.901
-153.391
-149.901
-146.433
-142.99
-139.575
-136.19
-132.835
-129.514
-126.227
-122.975
-119.758
-116.578
-113.434
-110.327
-107.255
-104.22
-101.221
-98.257
-95.3284
-92.435
-89.5772
-86.7558
-83.9719
-81.2278
-78.5242
64.1614
47.6675
29.6219
10.6459
-8.91282
-28.5549
-47.8315
-66.3851
-83.9218
-100.272
-115.349
-129.118
-141.594
-152.818
-162.856
-171.781
-179.676
-186.618
-192.687
-197.956
-202.49
-206.359
-209.617
-212.314
-214.496
-216.204
-217.478
-218.352
-218.855
-219.015
-218.858
-218.407
-217.684
-216.708
-215.5
-214.076
-212.454
-210.648
-208.673
-206.544
-204.273
-201.873
-199.355
-196.731
-194.011
-191.206
-188.324
-185.375
-182.367
-179.309
-176.207
-173.07
-169.903
-166.714
-163.508
-160.29
-157.066
-153.84
-150.617
-147.401
-144.195
-141.004
-137.829
-134.674
-131.541
-128.433
-125.351
-122.297
-119.273
-116.279
-113.318
-110.389
-107.494
-104.633
-101.806
-99.013
-96.2552
-93.5326
-90.8456
-88.1949
-85.5814
-83.0061
-80.4711
-77.9775
57.3897
42.6636
26.6086
9.76224
-7.57844
-24.9915
-42.1009
-58.6074
-74.2642
-88.9201
-102.496
-114.959
-126.313
-136.591
-145.841
-154.123
-161.504
-168.05
-173.825
-178.892
-183.307
-187.123
-190.394
-193.161
-195.463
-197.335
-198.811
-199.921
-200.693
-201.149
-201.311
-201.2
-200.836
-200.234
-199.412
-198.385
-197.167
-195.773
-194.214
-192.503
-190.653
-188.673
-186.574
-184.367
-182.061
-179.665
-177.188
-174.638
-172.023
-169.351
-166.629
-163.864
-161.062
-158.229
-155.372
-152.495
-149.604
-146.704
-143.799
-140.893
-137.99
-135.094
-132.208
-129.336
-126.479
-123.641
-120.824
-118.03
-115.261
-112.519
-109.805
-107.122
-104.47
-101.85
-99.2638
-96.7118
-94.1951
-91.7142
-89.2702
-86.8636
-84.4956
-82.1673
-79.8801
-77.6353
51.1281
38.0047
23.7462
8.81563
-6.53271
-21.9421
-37.0973
-51.7471
-65.6852
-78.7765
-90.9502
-102.175
-112.45
-121.797
-130.256
-137.874
-144.706
-150.807
-156.231
-161.031
-165.256
-168.948
-172.151
-174.907
-177.246
-179.2
-180.796
-182.06
-183.017
-183.687
-184.091
-184.244
-184.164
-183.866
-183.363
-182.669
-181.797
-180.758
-179.563
-178.223
-176.749
-175.149
-173.434
-171.612
-169.691
-167.68
-165.586
-163.418
-161.182
-158.886
-156.535
-154.137
-151.697
-149.222
-146.716
-144.185
-141.635
-139.069
-136.493
-133.91
-131.325
-128.741
-126.162
-123.591
-121.032
-118.486
-115.957
-113.448
-110.96
-108.497
-106.059
-103.65
-101.27
-98.9216
-96.6061
-94.3247
-92.0786
-89.8688
-87.6963
-85.562
-83.4667
-81.4113
-79.3968
-77.4241
45.3704
33.6982
21.0588
7.84961
-5.71131
-19.3222
-32.7188
-45.6896
-58.0625
-69.7169
-80.59
-90.6526
-99.9004
-108.35
-116.031
-122.983
-129.25
-134.879
-139.915
-144.402
-148.383
-151.897
-154.975
-157.652
-159.961
-161.928
-163.575
-164.924
-165.996
-166.81
-167.383
-167.731
-167.868
-167.806
-167.558
-167.135
-166.548
-165.807
-164.922
-163.902
-162.756
-161.492
-160.118
-158.642
-157.072
-155.414
-153.676
-151.865
-149.986
-148.046
-146.052
-144.008
-141.921
-139.795
-137.637
-135.451
-133.242
-131.014
-128.772
-126.52
-124.262
-122.002
-119.744
-117.49
-115.244
-113.009
-110.789
-108.585
-106.4
-104.237
-102.097
-99.9843
-97.8992
-95.8438
-93.8198
-91.8285
-89.8712
-87.9489
-86.0625
-84.2127
-82.4002
-80.6256
-78.8894
-77.1919
40.107
29.7462
18.5637
6.89896
-5.0605
-17.0597
-28.8766
-40.3332
-51.2856
-61.6269
-71.3013
-80.2825
-88.5642
-96.1584
-103.089
-109.386
-115.088
-120.234
-124.861
-129.008
-132.711
-136.002
-138.913
-141.468
-143.693
-145.617
-147.259
-148.636
-149.765
-150.664
-151.347
-151.829
-152.122
-152.237
-152.184
-151.974
-151.616
-151.119
-150.491
-149.739
-148.872
-147.897
-146.821
-145.65
-144.392
-143.052
-141.636
-140.151
-138.602
-136.994
-135.334
-133.625
-131.875
-130.086
-128.265
-126.415
-124.541
-122.648
-120.739
-118.819
-116.892
-114.961
-113.029
-111.1
-109.178
-107.264
-105.362
-103.475
-101.605
-99.7537
-97.924
-96.1177
-94.3366
-92.5823
-90.8561
-89.1594
-87.4932
-85.8583
-84.2555
-82.6852
-81.1479
-79.6436
-78.1731
-76.7353
35.3221
26.1445
16.2709
5.99012
-4.5364
-15.0932
-25.4939
-35.5882
-45.2558
-54.4022
-62.9782
-70.9603
-78.3414
-85.13
-91.3447
-97.0115
-102.161
-106.826
-111.039
-114.832
-118.236
-121.28
-123.989
-126.389
-128.498
-130.337
-131.928
-133.288
-134.428
-135.365
-136.11
-136.675
-137.073
-137.313
-137.405
-137.357
-137.178
-136.874
-136.453
-135.923
-135.289
-134.558
-133.736
-132.829
-131.843
-130.782
-129.654
-128.461
-127.211
-125.907
-124.554
-123.157
-121.721
-120.25
-118.748
-117.22
-115.669
-114.1
-112.515
-110.92
-109.317
-107.71
-106.102
-104.496
-102.894
-101.3
-99.7156
-98.1435
-96.5857
-95.044
-93.5202
-92.016
-90.5328
-89.0718
-87.6342
-86.2209
-84.8328
-83.4703
-82.134
-80.8242
-79.5411
-78.2843
-77.0549
-75.8504
30.9963
22.8843
14.1848
5.14245
-4.10371
-13.3718
-22.505
-31.3766
-39.8855
-47.9489
-55.5237
-62.5887
-69.1369
-75.1742
-80.7158
-85.7829
-90.4011
-94.5979
-98.4014
-101.839
-104.937
-107.721
-110.211
-112.43
-114.398
-116.128
-117.637
-118.944
-120.06
-120.997
-121.765
-122.376
-122.838
-123.162
-123.355
-123.427
-123.382
-123.229
-122.974
-122.622
-122.179
-121.651
-121.043
-120.361
-119.609
-118.791
-117.914
-116.981
-115.997
-114.965
-113.891
-112.778
-111.631
-110.453
-109.247
-108.019
-106.77
-105.505
-104.227
-102.939
-101.644
-100.345
-99.0448
-97.7453
-96.4492
-95.1586
-93.8756
-92.6019
-91.3391
-90.0887
-88.852
-87.6301
-86.4243
-85.2352
-84.0638
-82.9106
-81.7762
-80.6609
-79.5649
-78.4883
-77.4313
-76.3933
-75.3755
-74.3745
27.1068
19.953
12.3048
4.36902
-3.73474
-11.853
-19.854
-27.6307
-35.0979
-42.1835
-48.8496
-55.0779
-60.8612
-66.204
-71.1187
-75.6228
-79.7379
-83.4873
-86.895
-89.9845
-92.7784
-95.2979
-97.5626
-99.5906
-101.398
-103.001
-104.411
-105.641
-106.707
-107.617
-108.38
-109.006
-109.503
-109.879
-110.14
-110.296
-110.352
-110.314
-110.187
-109.978
-109.69
-109.33
-108.9
-108.407
-107.854
-107.246
-106.586
-105.879
-105.128
-104.337
-103.511
-102.651
-101.762
-100.847
-99.9096
-98.9522
-97.9779
-96.9896
-95.99
-94.9816
-93.9668
-92.9479
-91.9269
-90.9059
-89.8867
-88.8708
-87.8597
-86.8547
-85.8571
-84.8678
-83.8877
-82.9178
-81.9585
-81.0106
-80.0745
-79.1505
-78.239
-77.34
-76.4538
-75.5802
-74.7194
-73.8708
-73.0358
-72.2106
23.6283
17.3344
10.6262
3.67767
-3.40834
-10.5025
-17.494
-24.2925
-30.8256
-37.0314
-42.8767
-48.3454
-53.4309
-58.1368
-62.4729
-66.4541
-70.0988
-73.4266
-76.4582
-79.2137
-81.7125
-83.9731
-86.0125
-87.8463
-89.4888
-90.953
-92.2525
-93.3929
-94.3914
-95.256
-95.994
-96.6135
-97.1219
-97.5262
-97.8324
-98.0468
-98.1755
-98.2242
-98.198
-98.1015
-97.9391
-97.7151
-97.4335
-97.0982
-96.713
-96.2815
-95.8073
-95.2937
-94.7439
-94.1612
-93.5486
-92.909
-92.2451
-91.5597
-90.8553
-90.1345
-89.3994
-88.6524
-87.8955
-87.1306
-86.3597
-85.5843
-84.806
-84.0263
-83.2465
-82.4678
-81.6911
-80.9174
-80.1476
-79.3822
-78.6219
-77.8672
-77.1185
-76.3762
-75.6406
-74.9119
-74.1901
-73.4756
-72.7682
-72.0681
-71.3753
-70.6894
-70.0115
-69.3375
20.5336
15.0103
9.14102
3.07181
-3.10896
-9.29249
-15.3856
-21.312
-27.0102
-32.427
-37.5339
-42.3166
-46.7694
-50.8949
-54.7015
-58.2018
-61.4113
-64.3469
-67.0263
-69.4669
-71.6854
-73.6977
-75.5186
-77.1617
-78.6398
-79.9641
-81.1442
-82.1934
-83.1149
-83.9225
-84.6227
-85.2215
-85.7257
-86.1413
-86.4739
-86.7287
-86.9106
-87.0247
-87.0756
-87.0678
-87.0053
-86.8918
-86.7307
-86.5252
-86.2788
-85.9944
-85.6749
-85.3231
-84.9419
-84.5336
-84.1009
-83.6459
-83.1711
-82.6784
-82.1698
-81.6474
-81.1128
-80.5677
-80.0136
-79.4521
-78.8844
-78.3118
-77.7353
-77.156
-76.5748
-75.9925
-75.4098
-74.8273
-74.2455
-73.665
-73.0861
-72.5091
-71.9345
-71.3624
-70.793
-70.2267
-69.6634
-69.1033
-68.5466
-67.9928
-67.4426
-66.8949
-66.3511
-65.8067
17.7944
12.9604
7.83853
2.55125
-2.82574
-8.20104
-13.4963
-18.6472
-23.601
-28.3128
-32.758
-36.9242
-40.8064
-44.4068
-47.7324
-50.7941
-53.6051
-56.1801
-58.534
-60.6821
-62.6387
-64.4177
-66.0318
-67.4931
-68.8125
-70
-71.0642
-72.0148
-72.8587
-73.6053
-74.2604
-74.8299
-75.3196
-75.7349
-76.0805
-76.361
-76.5809
-76.7439
-76.8541
-76.9153
-76.9311
-76.9049
-76.8398
-76.7385
-76.6038
-76.4381
-76.2438
-76.0232
-75.7784
-75.5115
-75.2245
-74.9191
-74.5971
-74.2602
-73.9098
-73.5473
-73.1742
-72.7916
-72.4006
-72.0023
-71.5976
-71.1874
-70.7725
-70.3536
-69.9313
-69.5062
-69.0787
-68.6493
-68.2184
-67.7864
-67.3535
-66.92
-66.4863
-66.0525
-65.6189
-65.1857
-64.7528
-64.3206
-63.8889
-63.4576
-63.026
-62.5945
-62.1651
-61.7344
15.3823
11.1637
6.70633
2.11302
-2.55168
-7.2111
-11.7994
-16.2624
-20.5545
-24.6384
-28.4933
-32.1081
-35.4787
-38.6068
-41.4987
-44.1637
-46.6132
-48.8597
-50.9165
-52.7963
-54.5119
-56.0751
-57.4972
-58.7886
-59.9587
-61.0165
-61.9695
-62.8249
-63.592
-64.2765
-64.8835
-65.4189
-65.8877
-66.2944
-66.6432
-66.938
-67.1826
-67.3803
-67.5345
-67.648
-67.7238
-67.7648
-67.7736
-67.7527
-67.7045
-67.6311
-67.5342
-67.4158
-67.2774
-67.1208
-66.9474
-66.7586
-66.5557
-66.34
-66.1125
-65.8744
-65.6267
-65.3702
-65.1057
-64.834
-64.5559
-64.2719
-63.9825
-63.6884
-63.3899
-63.0875
-62.7816
-62.4724
-62.1603
-61.8456
-61.5285
-61.2093
-60.8882
-60.5655
-60.2412
-59.9159
-59.5891
-59.2607
-58.9311
-58.6009
-58.2701
-57.938
-57.6058
-57.2712
13.2691
9.59858
5.73082
1.75201
-2.28289
-6.30971
-10.2732
-14.1277
-17.8336
-21.3603
-24.6907
-27.8148
-30.7291
-33.4353
-35.9389
-38.2479
-40.3723
-42.323
-44.1112
-45.7482
-47.2448
-48.6115
-49.858
-50.9933
-52.0258
-52.9632
-53.8119
-54.5777
-55.2709
-55.8944
-56.4528
-56.9518
-57.3955
-57.7877
-58.132
-58.4317
-58.6901
-58.9099
-59.0938
-59.2443
-59.3638
-59.4545
-59.5183
-59.5573
-59.5736
-59.5687
-59.5444
-59.5022
-59.4434
-59.3694
-59.2811
-59.1797
-59.0662
-58.9415
-58.8064
-58.6619
-58.5085
-58.347
-58.178
-58.0021
-57.8197
-57.6314
-57.4377
-57.2388
-57.0351
-56.827
-56.6148
-56.3987
-56.1789
-55.9558
-55.7294
-55.5001
-55.268
-55.0334
-54.7963
-54.5566
-54.3149
-54.0712
-53.8257
-53.5785
-53.3296
-53.0791
-52.8269
-52.573
-52.3173
-52.0597
-51.7994
11.4274
8.24358
4.89764
1.46161
-2.01786
-5.48711
-8.89991
-12.2179
-15.4064
-18.4409
-21.3073
-23.9967
-26.5065
-28.8381
-30.9965
-32.9886
-34.8231
-36.5094
-38.0574
-39.4767
-40.7768
-41.9667
-43.0548
-44.0489
-44.9562
-45.7836
-46.5361
-47.2193
-47.8427
-48.4076
-48.9182
-49.3797
-49.7955
-50.1686
-50.5022
-50.799
-51.0618
-51.2927
-51.4941
-51.668
-51.8163
-51.9407
-52.043
-52.1245
-52.1869
-52.2313
-52.2591
-52.2717
-52.27
-52.2551
-52.2281
-52.1898
-52.141
-52.0824
-52.0147
-51.9384
-51.8542
-51.7625
-51.6639
-51.5588
-51.4475
-51.3306
-51.2082
-51.0808
-50.9486
-50.8118
-50.6707
-50.5255
-50.3765
-50.2237
-50.0673
-49.9076
-49.7447
-49.5788
-49.4099
-49.2382
-49.064
-48.8873
-48.7083
-48.5272
-48.344
-48.1589
-47.9718
-47.7827
-47.5914
-47.3981
-47.202
9.83043
7.07768
4.19225
1.23427
-1.75676
-4.7361
-7.66535
-10.5109
-13.2444
-15.8466
-18.3046
-20.6113
-22.7645
-24.7656
-26.6191
-28.3312
-29.9092
-31.3616
-32.6966
-33.9227
-35.0481
-36.0804
-37.027
-37.8946
-38.6895
-39.4173
-40.0824
-40.6901
-41.2483
-41.7575
-42.2218
-42.6455
-43.0313
-43.3819
-43.6999
-43.9875
-44.2469
-44.4801
-44.6887
-44.8746
-45.0393
-45.1841
-45.3104
-45.4195
-45.5124
-45.5902
-45.6539
-45.7044
-45.7425
-45.7691
-45.785
-45.791
-45.7875
-45.7753
-45.7551
-45.7273
-45.6924
-45.6508
-45.6028
-45.5489
-45.4893
-45.4244
-45.3544
-45.2795
-45.2001
-45.1163
-45.0282
-44.9361
-44.8402
-44.7405
-44.6372
-44.5305
-44.4205
-44.3072
-44.191
-44.0717
-43.9496
-43.8249
-43.6978
-43.5684
-43.4367
-43.3029
-43.1671
-43.0293
-42.8893
-42.7473
-42.6027
8.453
6.08063
3.60027
1.0619
-1.50107
-4.05164
-6.55701
-8.98881
-11.3246
-13.5482
-15.6486
-17.62
-19.4607
-21.1721
-22.7582
-24.2244
-25.5773
-26.824
-27.9717
-29.0277
-29.9989
-30.8921
-31.7134
-32.4686
-33.1631
-33.8017
-34.3878
-34.9269
-35.4245
-35.8814
-36.3013
-36.6875
-37.0424
-37.3681
-37.6667
-37.9403
-38.1904
-38.4187
-38.6267
-38.8157
-38.987
-39.1417
-39.2809
-39.4055
-39.5165
-39.6148
-39.701
-39.776
-39.8404
-39.8948
-39.9398
-39.976
-40.0038
-40.0237
-40.0364
-40.0422
-40.0414
-40.0345
-40.0219
-40.004
-39.981
-39.953
-39.9204
-39.8833
-39.842
-39.7965
-39.7471
-39.6938
-39.6369
-39.5764
-39.5124
-39.4451
-39.3745
-39.3008
-39.224
-39.1443
-39.0618
-38.9766
-38.8888
-38.7987
-38.7063
-38.6118
-38.5153
-38.4169
-38.3165
-38.2142
-38.1098
7.27128
5.23327
3.10784
0.936378
-1.25302
-3.42905
-5.56427
-7.63598
-9.6257
-11.5195
-13.3084
-14.9876
-16.5559
-18.0149
-19.3679
-20.6198
-21.7763
-22.8434
-23.8275
-24.7347
-25.571
-26.342
-27.0531
-27.7091
-28.3145
-28.8735
-29.3886
-29.8654
-30.3072
-30.7153
-31.0929
-31.4425
-31.7661
-32.0655
-32.3424
-32.5985
-32.835
-33.0534
-33.2548
-33.4403
-33.6109
-33.7676
-33.9112
-34.0425
-34.1623
-34.2712
-34.3698
-34.4589
-34.5388
-34.6101
-34.6732
-34.7287
-34.7769
-34.8182
-34.8529
-34.8813
-34.9038
-34.9207
-34.9323
-34.9389
-34.9407
-34.9381
-34.9313
-34.9204
-34.9057
-34.8871
-34.865
-34.8393
-34.8101
-34.7777
-34.742
-34.7032
-34.6613
-34.6164
-34.5685
-34.5178
-34.4644
-34.4083
-34.3497
-34.2887
-34.2254
-34.1601
-34.0928
-34.0236
-33.9527
-33.88
-33.8057
6.26207
4.51718
2.70179
0.8501
-1.01387
-2.86434
-4.67889
-6.43873
-8.12842
-9.73643
-11.2553
-12.6814
-14.0138
-15.2539
-16.405
-17.4712
-18.4574
-19.3688
-20.2108
-20.9886
-21.7073
-22.3717
-22.9862
-23.5549
-24.0817
-24.5699
-25.0214
-25.4423
-25.833
-26.1958
-26.5336
-26.8481
-27.1409
-27.4136
-27.6676
-27.9041
-28.1243
-28.3293
-28.52
-28.6974
-28.8623
-29.0154
-29.1575
-29.2891
-29.4109
-29.5234
-29.6272
-29.7227
-29.8103
-29.8906
-29.9637
-30.0302
-30.0903
-30.1443
-30.1925
-30.2353
-30.2727
-30.3051
-30.3327
-30.3556
-30.3741
-30.3884
-30.3987
-30.4053
-30.4083
-30.408
-30.4043
-30.3975
-30.3875
-30.3744
-30.3584
-30.3395
-30.3177
-30.2931
-30.2658
-30.2358
-30.2031
-30.1679
-30.1303
-30.0903
-30.048
-30.0037
-29.9574
-29.9092
-29.8594
-29.808
-29.7553
5.4051
3.91567
2.36989
0.795741
-0.78658
-2.35585
-3.89364
-5.38438
-6.81526
-8.1768
-9.46299
-10.6709
-11.8
-12.8517
-13.8288
-14.7349
-15.5742
-16.3512
-17.0704
-17.7363
-18.353
-18.9246
-19.4549
-19.9472
-20.4047
-20.8301
-21.2254
-21.5949
-21.9394
-22.2608
-22.5614
-22.8425
-23.1055
-23.3517
-23.5823
-23.7982
-24.0005
-24.1899
-24.3674
-24.5336
-24.6892
-24.8348
-24.9711
-25.0984
-25.2174
-25.3285
-25.432
-25.5284
-25.618
-25.7013
-25.7783
-25.8496
-25.9153
-25.9757
-26.031
-26.0814
-26.1271
-26.1684
-26.2054
-26.2382
-26.267
-26.292
-26.3132
-26.3308
-26.3451
-26.3562
-26.3643
-26.3696
-26.372
-26.3716
-26.3686
-26.3628
-26.3545
-26.3436
-26.3302
-26.3143
-26.2959
-26.2752
-26.2521
-26.2267
-26.1991
-26.1694
-26.1377
-26.1042
-26.0691
-26.0324
-25.9944
4.68172
3.41374
2.10104
0.766318
-0.573537
-1.90107
-3.20112
-4.46081
-5.66962
-6.8198
-7.90648
-8.92739
-9.88231
-10.7725
-11.6005
-12.3694
-13.0827
-13.7443
-14.3579
-14.9272
-15.4559
-15.9472
-16.4042
-16.8298
-17.2265
-17.5966
-17.9419
-18.2655
-18.5682
-18.8519
-19.1181
-19.3681
-19.6029
-19.8236
-20.0312
-20.2265
-20.4103
-20.5832
-20.746
-20.8993
-21.0436
-21.1794
-21.3071
-21.4273
-21.5403
-21.6465
-21.7463
-21.8398
-21.9275
-22.0097
-22.0865
-22.1582
-22.2251
-22.2872
-22.345
-22.3984
-22.4477
-22.493
-22.5344
-22.5722
-22.6064
-22.6371
-22.6644
-22.6885
-22.7094
-22.7272
-22.7421
-22.7544
-22.7642
-22.7714
-22.7763
-22.7787
-22.7787
-22.7764
-22.7718
-22.7649
-22.7558
-22.7444
-22.7308
-22.7151
-22.6973
-22.6774
-22.6556
-22.6319
-22.6064
-22.5794
-22.5511
4.07487
2.99775
1.8853
0.755899
-0.376388
-1.49723
-2.59417
-3.65664
-4.67599
-5.64591
-6.56252
-7.42409
-8.23056
-8.98315
-9.68398
-10.3357
-10.9414
-11.5042
-12.0273
-12.5138
-12.9666
-13.3884
-13.7819
-14.1493
-14.4928
-14.8141
-15.1149
-15.3974
-15.6626
-15.9119
-16.1465
-16.3674
-16.5756
-16.772
-16.9572
-17.1321
-17.2971
-17.4531
-17.6003
-17.7395
-17.871
-17.9952
-18.1125
-18.2233
-18.328
-18.4267
-18.5199
-18.6077
-18.6905
-18.7683
-18.8416
-18.9103
-18.9749
-19.0353
-19.0917
-19.1444
-19.1934
-19.2389
-19.281
-19.3198
-19.3554
-19.3879
-19.4174
-19.4439
-19.4676
-19.4885
-19.5066
-19.5222
-19.5354
-19.5464
-19.5551
-19.5618
-19.5662
-19.5686
-19.5689
-19.5672
-19.5634
-19.5576
-19.5498
-19.54
-19.5282
-19.5145
-19.4989
-19.4815
-19.4623
-19.4415
-19.4193
3.56896
2.65528
1.7138
0.759371
-0.196308
-1.14149
-2.06598
-2.9611
-3.81977
-4.63689
-5.40939
-6.13593
-6.81662
-7.45254
-8.04552
-8.59785
-9.11206
-9.59081
-10.0367
-10.4523
-10.8401
-11.2022
-11.5408
-11.8578
-12.1549
-12.4335
-12.6951
-12.9413
-13.173
-13.3913
-13.5973
-13.7918
-13.9755
-14.1492
-14.3134
-14.4689
-14.616
-14.7552
-14.8871
-15.0121
-15.1304
-15.2425
-15.3486
-15.4492
-15.5443
-15.6344
-15.7195
-15.8001
-15.8761
-15.948
-16.0157
-16.0795
-16.1396
-16.196
-16.2489
-16.2985
-16.3448
-16.388
-16.4281
-16.4653
-16.4996
-16.5312
-16.56
-16.5862
-16.6098
-16.6309
-16.6495
-16.6656
-16.6795
-16.6912
-16.701
-16.7089
-16.7148
-16.7188
-16.721
-16.7214
-16.7199
-16.7166
-16.7115
-16.7046
-16.6959
-16.6855
-16.6733
-16.6594
-16.6438
-16.6265
-16.6077
3.14995
2.37524
1.57873
0.772403
-0.0340364
-0.830949
-1.61
-2.36407
-3.08739
-3.77584
-4.42698
-5.03984
-5.61456
-6.15214
-6.65413
-7.12246
-7.55925
-7.96669
-8.34695
-8.7021
-9.03414
-9.34489
-9.63606
-9.90919
-10.1657
-10.4068
-10.6336
-10.8473
-11.0488
-11.239
-11.4188
-11.5887
-11.7495
-11.9016
-12.0458
-12.1823
-12.3116
-12.4342
-12.5504
-12.6606
-12.7651
-12.8641
-12.9579
-13.0468
-13.131
-13.2108
-13.2862
-13.3576
-13.425
-13.4887
-13.5488
-13.6054
-13.6587
-13.7087
-13.7557
-13.7996
-13.8407
-13.879
-13.9146
-13.9476
-13.978
-14.006
-14.0315
-14.0547
-14.0756
-14.0943
-14.1108
-14.1252
-14.1375
-14.1477
-14.1561
-14.1629
-14.168
-14.1714
-14.1731
-14.1733
-14.1719
-14.1689
-14.1643
-14.1581
-14.1504
-14.1412
-14.1304
-14.1181
-14.1042
-14.0888
-14.072
2.80564
2.14805
1.47344
0.79142
0.110074
-0.562688
-1.22005
-1.85617
-2.46634
-3.04726
-3.597
-4.11482
-4.60094
-5.05623
-5.482
-5.87988
-6.25162
-6.59903
-6.92387
-7.22787
-7.51261
-7.77962
-8.03025
-8.26577
-8.48734
-8.69594
-8.89249
-9.07792
-9.25301
-9.41847
-9.57498
-9.7231
-9.86335
-9.99619
-10.1221
-10.2414
-10.3545
-10.4617
-10.5634
-10.6597
-10.7511
-10.8377
-10.9197
-10.9974
-11.0709
-11.1404
-11.2062
-11.2683
-11.3269
-11.3821
-11.4341
-11.483
-11.5289
-11.5719
-11.6122
-11.6497
-11.6846
-11.717
-11.7469
-11.7744
-11.7997
-11.8227
-11.8435
-11.8622
-11.8789
-11.8935
-11.9061
-11.9168
-11.9256
-11.9325
-11.9377
-11.9413
-11.9434
-11.9441
-11.9433
-11.9411
-11.9376
-11.9327
-11.9264
-11.9188
-11.9098
-11.8995
-11.888
-11.8751
-11.8609
-11.8454
-11.8287
2.52521
1.96532
1.39216
0.813463
0.23595
-0.333861
-0.890376
-1.4288
-1.9453
-2.43719
-2.90295
-3.34204
-3.75469
-4.14164
-4.504
-4.84313
-5.16047
-5.45748
-5.73562
-5.99628
-6.24077
-6.47029
-6.68596
-6.8888
-7.07976
-7.25966
-7.42917
-7.58922
-7.7402
-7.88286
-8.01772
-8.14524
-8.26584
-8.37992
-8.48785
-8.58995
-8.68653
-8.77788
-8.86424
-8.94586
-9.02297
-9.09578
-9.16447
-9.22923
-9.29023
-9.34764
-9.40159
-9.45223
-9.49969
-9.5441
-9.58559
-9.62424
-9.66019
-9.69353
-9.72434
-9.75273
-9.77879
-9.80258
-9.8242
-9.84372
-9.8612
-9.87671
-9.89033
-9.9021
-9.91209
-9.92035
-9.92693
-9.93188
-9.93524
-9.93706
-9.93738
-9.93631
-9.93401
-9.93053
-9.92587
-9.92007
-9.91314
-9.90511
-9.896
-9.88582
-9.87459
-9.86232
-9.84903
-9.83471
-9.8194
-9.80304
-9.78574
2.29937
1.81994
1.33015
0.836243
0.34384
-0.141659
-0.615649
-1.07417
-1.51408
-1.9332
-2.33031
-2.70504
-3.05757
-3.38857
-3.69897
-3.98986
-4.26246
-4.51796
-4.75755
-4.98237
-5.19346
-5.39183
-5.5784
-5.75398
-5.91935
-6.0752
-6.2221
-6.36074
-6.49152
-6.61501
-6.73166
-6.84185
-6.94592
-7.04422
-7.13705
-7.22468
-7.30737
-7.38536
-7.45886
-7.52807
-7.59319
-7.6544
-7.71185
-7.7657
-7.81609
-7.86317
-7.90705
-7.94787
-7.98572
-8.02073
-8.05299
-8.08261
-8.10966
-8.13425
-8.15646
-8.17636
-8.19404
-8.20958
-8.22303
-8.23448
-8.24398
-8.25161
-8.25742
-8.26148
-8.26384
-8.26456
-8.2637
-8.2613
-8.25742
-8.25211
-8.24542
-8.2374
-8.22822
-8.21805
-8.2069
-8.1948
-8.18179
-8.16792
-8.15322
-8.13772
-8.12144
-8.10441
-8.08666
-8.0682
-8.04906
-8.02923
-8.00879
2.12072
1.7062
1.28358
0.857945
0.43402
0.0163228
-0.391324
-0.785629
-1.16398
-1.5246
-1.86651
-2.1894
-2.49347
-2.77925
-3.04752
-3.29917
-3.53519
-3.75655
-3.96421
-4.15909
-4.34205
-4.51389
-4.67536
-4.82713
-4.96982
-5.10401
-5.23018
-5.34886
-5.4604
-5.56526
-5.66382
-5.75638
-5.84326
-5.92474
-6.00105
-6.07246
-6.13917
-6.20139
-6.25931
-6.31311
-6.36297
-6.40903
-6.45147
-6.49041
-6.526
-6.55837
-6.58766
-6.61398
-6.63745
-6.65819
-6.67631
-6.69191
-6.70511
-6.71601
-6.7247
-6.73129
-6.73586
-6.73852
-6.73934
-6.73843
-6.73585
-6.73171
-6.72607
-6.71902
-6.71064
-6.701
-6.69018
-6.67824
-6.66525
-6.65128
-6.63638
-6.62061
-6.60405
-6.58685
-6.56905
-6.5507
-6.53181
-6.51244
-6.49261
-6.47235
-6.45169
-6.43065
-6.40926
-6.38753
-6.36548
-6.34314
1.98239
1.61877
1.24879
0.876606
0.50621
0.141449
-0.214445
-0.558695
-0.889098
-1.20417
-1.50311
-1.78566
-2.052
-2.30258
-2.53803
-2.75912
-2.96665
-3.16144
-3.34427
-3.51592
-3.6771
-3.82849
-3.9707
-4.10431
-4.22984
-4.34777
-4.45854
-4.56255
-4.66015
-4.75169
-4.83749
-4.91784
-4.99299
-5.06316
-5.12859
-5.18947
-5.24598
-5.29829
-5.34656
-5.39094
-5.43158
-5.4686
-5.50213
-5.53228
-5.55917
-5.58291
-5.60359
-5.6213
-5.63611
-5.64811
-5.65737
-5.66397
-5.66799
-5.6695
-5.66858
-5.66531
-5.65977
-5.65203
-5.64217
-5.63027
-5.61639
-5.60062
-5.58301
-5.56364
-5.54259
-5.51995
-5.4958
-5.47024
-5.44339
-5.41536
-5.38628
-5.3563
-5.32557
-5.29446
-5.26315
-5.23171
-5.20024
-5.1688
-5.13745
-5.10623
-5.07519
-5.04433
-5.01373
-4.98343
-4.95342
-4.92373
1.87746
1.55282
1.22295
0.891402
0.561533
0.23666
-0.0803852
-0.38718
-0.681813
-0.962988
-1.22999
-1.48258
-1.72085
-1.94515
-2.15597
-2.35392
-2.53962
-2.71374
-2.87691
-3.02974
-3.17282
-3.30668
-3.43184
-3.54875
-3.65785
-3.75952
-3.85414
-3.94201
-4.02348
-4.09878
-4.16821
-4.23202
-4.29042
-4.34363
-4.39186
-4.43529
-4.47415
-4.5084
-4.53822
-4.56382
-4.58532
-4.60277
-4.61619
-4.62577
-4.63168
-4.63408
-4.63311
-4.62895
-4.6217
-4.61152
-4.59858
-4.58303
-4.565
-4.54464
-4.52209
-4.4975
-4.47097
-4.44263
-4.41259
-4.38098
-4.34788
-4.31349
-4.27798
-4.24152
-4.20425
-4.16631
-4.12786
-4.08903
-4.04994
-4.01072
-3.97144
-3.93224
-3.89315
-3.85435
-3.81587
-3.77784
-3.74031
-3.7033
-3.66687
-3.63101
-3.59581
-3.56109
-3.52711
-3.49404
-3.46187
-3.43054
1.80715
1.50939
1.20712
0.903674
0.602044
0.305004
0.0150655
-0.265601
-0.535315
-0.792943
-1.03786
-1.26984
-1.48896
-1.69551
-1.88991
-2.07267
-2.24433
-2.40547
-2.55664
-2.69837
-2.83119
-2.95558
-3.07199
-3.18084
-3.28253
-3.37742
-3.46585
-3.54814
-3.62456
-3.6954
-3.7609
-3.82132
-3.87687
-3.92781
-3.97423
-4.01655
-4.05411
-4.08622
-4.11454
-4.13924
-4.15969
-4.17549
-4.1875
-4.19653
-4.20277
-4.20612
-4.20665
-4.20421
-4.19793
-4.18722
-4.17227
-4.15317
-4.13005
-4.10284
-4.07189
-4.03791
-4.00103
-3.96112
-3.91798
-3.87087
-3.82003
-3.76591
-3.70836
-3.64727
-3.58275
-3.51488
-3.44373
-3.36936
-3.29189
-3.21128
-3.12798
-3.04123
-2.95335
-2.85879
-2.77139
-2.69453
-2.6237
-2.55769
-2.49681
-2.44085
-2.38928
-2.34135
-2.29632
-2.2542
-2.2149
-2.17814
1.78268
1.4948
1.20309
0.910467
0.619988
0.334361
0.0558299
-0.213656
-0.472554
-0.719811
-0.954835
-1.1774
-1.38755
-1.58551
-1.77164
-1.94635
-2.11012
-2.26341
-2.40668
-2.54037
-2.6649
-2.78066
-2.888
-2.98724
-3.07869
-3.1626
-3.23922
-3.30876
-3.37141
-3.42736
-3.47674
-3.51972
-3.55642
-3.58705
-3.61161
-3.63093
-3.64357
-3.64978
-3.65215
-3.65014
-3.64499
-3.63717
-3.62297
-3.6015
-3.57549
-3.5449
-3.50928
-3.46899
-3.42467
-3.37658
-3.32496
-3.26945
-3.21022
-3.14572
-3.07629
-3.00512
-2.93243
-2.85425
-2.77699
-2.70124
-2.61909
-2.53303
-2.44466
-2.35377
-2.26052
-2.1652
-2.06807
-1.96928
-1.86925
-1.76784
-1.66641
-1.56229
-1.46417
-1.34727
-1.2548
-1.18452
-1.1159
-1.05134
-0.993034
-0.939766
-0.890952
-0.846482
-0.805726
-0.768241
-0.733794
-0.70212
)
;

boundaryField
{
    walls
    {
        type            zeroGradient;
    }
    frontAndBack
    {
        type            empty;
    }
    farfield
    {
        type            outletInlet;
        outletValue     uniform 0;
        value           nonuniform List<scalar> 
86
(
1.78268
1.4948
1.20309
0.910467
0.619988
0.334361
0.0558299
-0.213656
-0.472554
-0.719811
-0.954835
-1.1774
-1.38755
-1.58551
-1.77164
-1.94635
-2.11012
-2.26341
-2.40668
-2.54037
-2.6649
-2.78066
-2.888
-2.98724
-3.07869
-3.1626
-3.23922
-3.30876
-3.37141
-3.42736
-3.47674
-3.51972
-3.55642
-3.58705
-3.61161
-3.63093
-3.64357
-3.64978
-3.65215
-3.65014
-3.64499
-3.63717
-3.62297
-3.6015
-3.57549
-3.5449
-3.50928
-3.46899
-3.42467
-3.37658
-3.32496
-3.26945
-3.21022
-3.14572
-3.07629
-3.00512
-2.93243
-2.85425
-2.77699
-2.70124
-2.61909
-2.53303
-2.44466
-2.35377
-2.26052
-2.1652
-2.06807
-1.96928
-1.86925
-1.76784
-1.66641
-1.56229
-1.46417
0
0
0
0
0
0
0
0
0
0
0
0
0
)
;
    }
    procBoundary3to1
    {
        type            processor;
        value           nonuniform List<scalar> 
107
(
-102.938
-102.938
-102.938
-102.938
-102.938
-102.938
-102.937
-102.937
-102.937
-102.937
-102.936
-102.936
-102.935
-102.934
-102.932
-102.93
-102.928
-102.928
-99.5137
-99.5105
-99.5072
-99.5034
-99.498
-99.4921
-99.4921
-96.157
-92.899
-89.6967
-89.6901
-89.6828
-89.6749
-89.6663
-89.657
-89.6468
-89.6359
-89.6242
-89.6115
-89.5979
-89.5832
-89.5669
-89.5486
-89.5282
-89.5052
-89.4783
-89.4468
-89.4097
-89.3654
-89.3118
-89.246
-89.1648
-89.0634
-88.9367
-88.7795
-88.5872
-88.3542
-88.0744
-87.7406
-87.3452
-86.8804
-86.3393
-85.7156
-85.0055
-84.208
-83.3263
-82.369
-81.351
-80.2944
-79.2305
-78.2011
-77.257
-76.4591
-75.8696
-75.5314
-75.4364
-75.4955
-75.5357
-75.3357
-74.6803
-73.4036
-71.411
-68.684
-65.2774
-61.315
-56.9442
-56.9442
-56.601
-56.2639
-51.5412
-47.0059
-42.4569
-38.0036
-33.7292
-29.7004
-25.9544
-22.5207
-19.3949
-16.5869
-14.0532
-11.8102
-9.76707
-7.98742
-6.32039
-6.32039
-4.8943
-3.39989
-2.14364
-0.673071
)
;
    }
    procBoundary3to2
    {
        type            processor;
        value           nonuniform List<scalar> 
107
(
357.051
357.051
357.051
357.052
357.053
357.055
357.06
357.066
357.076
357.09
357.109
357.134
357.166
357.206
357.252
357.306
357.366
357.433
357.506
357.585
357.671
357.766
357.869
357.982
358.107
358.244
358.394
358.557
358.735
358.925
359.129
359.344
359.569
359.799
360.029
360.253
360.458
360.633
360.759
360.813
360.767
360.585
360.222
359.626
358.731
357.464
355.748
353.484
350.506
350.506
329.312
326.093
322.05
317.079
311.11
304.076
295.952
286.748
276.48
268.972
269.836
267.286
267.286
251.712
235.861
219.979
204.326
179.347
166.936
150.411
129.994
129.994
118.698
107.85
97.6505
88.0545
79.1059
70.7975
63.1295
56.0881
49.656
43.8099
38.5229
33.7646
29.5027
25.7031
22.3312
19.3524
16.733
14.4401
12.4424
10.7101
9.21501
7.93028
6.83231
5.89914
5.11103
4.44961
3.89807
3.44177
3.06773
2.76469
2.52371
2.33637
2.19366
2.09761
2.06433
)
;
    }
}


// ************************************************************************* //
