/*--------------------------------*- C++ -*----------------------------------*\
| =========                 |                                                 |
| \\      /  F ield         | OpenFOAM: The Open Source CFD Toolbox           |
|  \\    /   O peration     | Version:  2412                                  |
|   \\  /    A nd           | Website:  www.openfoam.com                      |
|    \\/     M anipulation  |                                                 |
\*---------------------------------------------------------------------------*/
FoamFile
{
    version     2.0;
    format      ascii;
    arch        "LSB;label=32;scalar=64";
    class       volScalarField;
    location    "300";
    object      nut;
}
// * * * * * * * * * * * * * * * * * * * * * * * * * * * * * * * * * * * * * //

dimensions      [0 2 -1 0 0 0 0];

internalField   nonuniform List<scalar> 
7373
(
1.19224e-11
1.19315e-11
1.19401e-11
1.19474e-11
1.19527e-11
1.19569e-11
1.19603e-11
1.19621e-11
1.19626e-11
1.19621e-11
1.19596e-11
1.19555e-11
1.19495e-11
1.19418e-11
1.19318e-11
1.19188e-11
1.19037e-11
1.18858e-11
1.18645e-11
1.184e-11
1.18119e-11
1.17791e-11
1.17414e-11
1.16991e-11
1.16519e-11
1.15983e-11
1.15371e-11
1.14693e-11
1.13937e-11
1.13086e-11
1.12146e-11
1.11101e-11
1.09934e-11
1.08649e-11
1.07235e-11
1.05672e-11
1.03948e-11
1.02055e-11
9.99757e-12
9.76884e-12
9.51758e-12
9.2419e-12
8.94e-12
8.60961e-12
8.24859e-12
7.85462e-12
7.42748e-12
6.9682e-12
6.47908e-12
5.96749e-12
5.44301e-12
4.9192e-12
4.4123e-12
3.93147e-12
3.47553e-12
3.02788e-12
2.55446e-12
2.01396e-12
1.3786e-12
6.90514e-13
1.59397e-13
3.7741e-15
7.52473e-14
1.70736e-12
1.26453e-11
5.29132e-11
1.70846e-10
3.83248e-10
1.14543e-09
1.14634e-09
1.14712e-09
1.14776e-09
1.14829e-09
1.14869e-09
1.14896e-09
1.1491e-09
1.14912e-09
1.14899e-09
1.14866e-09
1.14821e-09
1.1476e-09
1.14677e-09
1.14567e-09
1.14433e-09
1.14279e-09
1.14097e-09
1.13882e-09
1.13635e-09
1.13355e-09
1.13032e-09
1.12662e-09
1.12246e-09
1.11784e-09
1.11261e-09
1.10667e-09
1.10009e-09
1.09273e-09
1.08446e-09
1.07535e-09
1.06523e-09
1.05396e-09
1.04151e-09
1.02782e-09
1.01269e-09
9.96027e-10
9.77714e-10
9.57584e-10
9.35446e-10
9.1115e-10
8.84498e-10
8.55299e-10
8.23333e-10
7.88408e-10
7.50334e-10
7.0907e-10
6.64714e-10
6.17496e-10
5.68129e-10
5.17525e-10
4.6697e-10
4.18008e-10
3.71528e-10
3.27415e-10
2.84115e-10
2.3849e-10
1.86808e-10
1.2678e-10
6.28575e-11
1.44511e-11
3.548e-13
6.78693e-12
1.45744e-10
1.04193e-09
4.26121e-09
1.33691e-08
3.03151e-08
1.1208e-08
1.12169e-08
1.12242e-08
1.12302e-08
1.12351e-08
1.12388e-08
1.12412e-08
1.12423e-08
1.12419e-08
1.12398e-08
1.1236e-08
1.1231e-08
1.12241e-08
1.1215e-08
1.12032e-08
1.11892e-08
1.11731e-08
1.11542e-08
1.1132e-08
1.11066e-08
1.1078e-08
1.10454e-08
1.10082e-08
1.09663e-08
1.09201e-08
1.08677e-08
1.08088e-08
1.07433e-08
1.067e-08
1.05881e-08
1.04978e-08
1.03974e-08
1.02858e-08
1.01626e-08
1.00269e-08
9.87705e-09
9.71205e-09
9.5306e-09
9.33122e-09
9.11208e-09
8.87157e-09
8.60774e-09
8.31855e-09
8.00193e-09
7.65625e-09
7.27944e-09
6.87143e-09
6.43282e-09
5.96639e-09
5.479e-09
4.9791e-09
4.47952e-09
3.99508e-09
3.53433e-09
3.09643e-09
2.66706e-09
2.21775e-09
1.71624e-09
1.14683e-09
5.5888e-10
1.27859e-10
3.33879e-12
5.97617e-11
1.18222e-09
8.03337e-09
3.1712e-08
9.53341e-08
2.2069e-07
5.51802e-08
5.52234e-08
5.52585e-08
5.52877e-08
5.53102e-08
5.5327e-08
5.53375e-08
5.53412e-08
5.5337e-08
5.53238e-08
5.53025e-08
5.52736e-08
5.5236e-08
5.51868e-08
5.51245e-08
5.50511e-08
5.49671e-08
5.4869e-08
5.47547e-08
5.46241e-08
5.44777e-08
5.43121e-08
5.41235e-08
5.39126e-08
5.36789e-08
5.34158e-08
5.31205e-08
5.27927e-08
5.24263e-08
5.20183e-08
5.15662e-08
5.10643e-08
5.05071e-08
4.98923e-08
4.92137e-08
4.84655e-08
4.76405e-08
4.67344e-08
4.57376e-08
4.46427e-08
4.34403e-08
4.21212e-08
4.06753e-08
3.9093e-08
3.73642e-08
3.54818e-08
3.34436e-08
3.12534e-08
2.8926e-08
2.64934e-08
2.39979e-08
2.15025e-08
1.90777e-08
1.67664e-08
1.45666e-08
1.24149e-08
1.01873e-08
7.75257e-09
5.07426e-09
2.41931e-09
5.50722e-10
1.55759e-11
2.56439e-10
4.60932e-09
2.95688e-08
1.11968e-07
3.19305e-07
7.48494e-07
1.93723e-07
1.93874e-07
1.93995e-07
1.94093e-07
1.94169e-07
1.94225e-07
1.94257e-07
1.94265e-07
1.94245e-07
1.94193e-07
1.9411e-07
1.93999e-07
1.93856e-07
1.93674e-07
1.93446e-07
1.93177e-07
1.92869e-07
1.92512e-07
1.92096e-07
1.91624e-07
1.91095e-07
1.90499e-07
1.89822e-07
1.89067e-07
1.88229e-07
1.87288e-07
1.86236e-07
1.85066e-07
1.83759e-07
1.82305e-07
1.80691e-07
1.78901e-07
1.76915e-07
1.74722e-07
1.72301e-07
1.69628e-07
1.66686e-07
1.63449e-07
1.59889e-07
1.55975e-07
1.51677e-07
1.4696e-07
1.4179e-07
1.3613e-07
1.29947e-07
1.23218e-07
1.15932e-07
1.08106e-07
9.97927e-08
9.11023e-08
8.21837e-08
7.32557e-08
6.45609e-08
5.62548e-08
4.83447e-08
4.06475e-08
3.27991e-08
2.44524e-08
1.5619e-08
7.26702e-09
1.64699e-09
5.11703e-11
7.64883e-10
1.23758e-08
7.45295e-08
2.69101e-07
7.21484e-07
1.69727e-06
5.54478e-07
5.54901e-07
5.55236e-07
5.5551e-07
5.55718e-07
5.55872e-07
5.55961e-07
5.55975e-07
5.55907e-07
5.55752e-07
5.55508e-07
5.55181e-07
5.54763e-07
5.54229e-07
5.53568e-07
5.52789e-07
5.51892e-07
5.50854e-07
5.49647e-07
5.48276e-07
5.46741e-07
5.45007e-07
5.43044e-07
5.40851e-07
5.38415e-07
5.3568e-07
5.32621e-07
5.29217e-07
5.25415e-07
5.21183e-07
5.16488e-07
5.11274e-07
5.05494e-07
4.99101e-07
4.92043e-07
4.84254e-07
4.75671e-07
4.66222e-07
4.55827e-07
4.44392e-07
4.31828e-07
4.18037e-07
4.02913e-07
3.86351e-07
3.68266e-07
3.48581e-07
3.27277e-07
3.04404e-07
2.80114e-07
2.54714e-07
2.28634e-07
2.02498e-07
1.76991e-07
1.52591e-07
1.29391e-07
1.07014e-07
8.46579e-08
6.16523e-08
3.83428e-08
1.73887e-08
3.92764e-09
1.35689e-10
1.82151e-09
2.6304e-08
1.47786e-07
5.05542e-07
1.26316e-06
2.96543e-06
1.38021e-06
1.38123e-06
1.38204e-06
1.3827e-06
1.3832e-06
1.38357e-06
1.38379e-06
1.38383e-06
1.38366e-06
1.38328e-06
1.38269e-06
1.3819e-06
1.38088e-06
1.37957e-06
1.37794e-06
1.37603e-06
1.37383e-06
1.37125e-06
1.36825e-06
1.36485e-06
1.36101e-06
1.35667e-06
1.35175e-06
1.34623e-06
1.34008e-06
1.33318e-06
1.32544e-06
1.31681e-06
1.30718e-06
1.29645e-06
1.28453e-06
1.2713e-06
1.25661e-06
1.24037e-06
1.22242e-06
1.20261e-06
1.18076e-06
1.15668e-06
1.13018e-06
1.10102e-06
1.06896e-06
1.03375e-06
9.95125e-07
9.52833e-07
9.06655e-07
8.56418e-07
8.02078e-07
7.43765e-07
6.81874e-07
6.17152e-07
5.50686e-07
4.84022e-07
4.18885e-07
3.56604e-07
2.97667e-07
2.41575e-07
1.86928e-07
1.32723e-07
8.02647e-08
3.5465e-08
7.99381e-09
3.10659e-10
3.70811e-09
4.73418e-08
2.4631e-07
7.92718e-07
1.83031e-06
4.28058e-06
3.09397e-06
3.09615e-06
3.09789e-06
3.09931e-06
3.10039e-06
3.10118e-06
3.10166e-06
3.10174e-06
3.10139e-06
3.10057e-06
3.0993e-06
3.0976e-06
3.0954e-06
3.09255e-06
3.08901e-06
3.08483e-06
3.07998e-06
3.07429e-06
3.06764e-06
3.06004e-06
3.05144e-06
3.04166e-06
3.03053e-06
3.01803e-06
3.00404e-06
2.98827e-06
2.97058e-06
2.95083e-06
2.92876e-06
2.90416e-06
2.87679e-06
2.84638e-06
2.81263e-06
2.77527e-06
2.73396e-06
2.68833e-06
2.63797e-06
2.58245e-06
2.5213e-06
2.45397e-06
2.37992e-06
2.29858e-06
2.20937e-06
2.11173e-06
2.0052e-06
1.88941e-06
1.76432e-06
1.63025e-06
1.48812e-06
1.33959e-06
1.18714e-06
1.03428e-06
8.84986e-07
7.42679e-07
6.09136e-07
4.84232e-07
3.65944e-07
2.53034e-07
1.48688e-07
6.39963e-08
1.44185e-08
6.37949e-10
6.70568e-09
7.48487e-08
3.57454e-07
1.07396e-06
2.29227e-06
5.29943e-06
6.36014e-06
6.36429e-06
6.36758e-06
6.37026e-06
6.37227e-06
6.37372e-06
6.37456e-06
6.37463e-06
6.37383e-06
6.37213e-06
6.36952e-06
6.36605e-06
6.36157e-06
6.35577e-06
6.34859e-06
6.34007e-06
6.33015e-06
6.31846e-06
6.30477e-06
6.28909e-06
6.27123e-06
6.25085e-06
6.22763e-06
6.20144e-06
6.17203e-06
6.13885e-06
6.10155e-06
6.05984e-06
6.0132e-06
5.96115e-06
5.90322e-06
5.83881e-06
5.76729e-06
5.68806e-06
5.60039e-06
5.50347e-06
5.39644e-06
5.27839e-06
5.14829e-06
5.00502e-06
4.84746e-06
4.67447e-06
4.48485e-06
4.27758e-06
4.05178e-06
3.80688e-06
3.54289e-06
3.2606e-06
2.96197e-06
2.65044e-06
2.33122e-06
2.01164e-06
1.70025e-06
1.40509e-06
1.13116e-06
8.79944e-07
6.48908e-07
4.36626e-07
2.49128e-07
1.04426e-07
2.35715e-08
1.20318e-09
1.10307e-08
1.06226e-07
4.60891e-07
1.28068e-06
2.5372e-06
5.7305e-06
1.20532e-05
1.20601e-05
1.20654e-05
1.20697e-05
1.20727e-05
1.20748e-05
1.20757e-05
1.20752e-05
1.20732e-05
1.20694e-05
1.2064e-05
1.2057e-05
1.20481e-05
1.20367e-05
1.20227e-05
1.20062e-05
1.19869e-05
1.19643e-05
1.19378e-05
1.19075e-05
1.18728e-05
1.18332e-05
1.17881e-05
1.17372e-05
1.16799e-05
1.16153e-05
1.15426e-05
1.14612e-05
1.137e-05
1.12684e-05
1.11551e-05
1.10292e-05
1.08892e-05
1.07341e-05
1.05623e-05
1.03723e-05
1.01623e-05
9.93055e-06
9.67509e-06
9.39381e-06
9.08463e-06
8.74542e-06
8.37415e-06
7.96909e-06
7.52887e-06
7.05279e-06
6.54114e-06
5.99562e-06
5.4201e-06
4.82113e-06
4.20872e-06
3.59696e-06
3.00282e-06
2.44329e-06
1.93013e-06
1.46869e-06
1.05626e-06
6.9106e-07
3.82509e-07
1.56099e-07
3.54188e-08
2.11733e-09
1.67697e-08
1.37206e-07
5.34459e-07
1.35652e-06
2.50959e-06
5.43746e-06
1.4235e-05
2.10225e-05
2.1032e-05
2.10392e-05
2.10445e-05
2.10478e-05
2.10494e-05
2.10491e-05
2.10465e-05
2.10412e-05
2.10329e-05
2.10219e-05
2.10081e-05
2.09909e-05
2.09696e-05
2.09436e-05
2.09133e-05
2.08781e-05
2.0837e-05
2.07893e-05
2.07345e-05
2.06722e-05
2.06011e-05
2.05202e-05
2.04289e-05
2.03262e-05
2.02104e-05
2.00803e-05
1.99345e-05
1.97714e-05
1.95894e-05
1.93866e-05
1.9161e-05
1.89102e-05
1.86321e-05
1.83239e-05
1.79827e-05
1.76056e-05
1.71893e-05
1.67303e-05
1.62251e-05
1.567e-05
1.50617e-05
1.4397e-05
1.36732e-05
1.28886e-05
1.20425e-05
1.11357e-05
1.01715e-05
9.15643e-06
8.10181e-06
7.02507e-06
5.95099e-06
4.91039e-06
3.93586e-06
3.05158e-06
2.27077e-06
1.59153e-06
1.01126e-06
5.42256e-07
2.15378e-07
4.93667e-08
3.51663e-09
2.384e-08
1.62924e-07
5.62137e-07
1.28049e-06
2.23044e-06
4.50408e-06
1.29173e-05
2.61195e-05
3.37684e-05
3.37791e-05
3.37864e-05
3.37908e-05
3.37922e-05
3.37908e-05
3.37866e-05
3.37787e-05
3.37665e-05
3.37497e-05
3.37285e-05
3.37029e-05
3.3672e-05
3.36344e-05
3.35895e-05
3.35376e-05
3.34778e-05
3.34085e-05
3.33286e-05
3.32374e-05
3.31337e-05
3.3016e-05
3.28826e-05
3.27323e-05
3.25634e-05
3.23732e-05
3.21598e-05
3.19208e-05
3.16537e-05
3.13557e-05
3.10237e-05
3.06544e-05
3.02439e-05
2.97883e-05
2.92834e-05
2.87244e-05
2.81063e-05
2.74237e-05
2.66712e-05
2.58431e-05
2.49338e-05
2.39383e-05
2.2852e-05
2.16712e-05
2.03938e-05
1.9019e-05
1.75485e-05
1.59871e-05
1.43451e-05
1.26396e-05
1.08981e-05
9.16046e-06
7.4782e-06
5.90857e-06
4.49669e-06
3.27044e-06
2.23098e-06
1.37419e-06
7.1246e-07
2.75407e-07
6.42412e-08
5.56255e-09
3.20076e-08
1.79519e-07
5.40625e-07
1.08973e-06
1.78616e-06
3.22656e-06
1.00216e-05
2.23835e-05
5.76498e-05
5.02785e-05
5.02871e-05
5.02915e-05
5.02915e-05
5.02872e-05
5.02789e-05
5.02664e-05
5.02485e-05
5.02245e-05
5.01938e-05
5.01564e-05
5.01125e-05
5.00609e-05
4.99994e-05
4.99272e-05
4.98446e-05
4.97501e-05
4.96416e-05
4.95175e-05
4.93766e-05
4.92171e-05
4.90368e-05
4.88331e-05
4.86044e-05
4.83478e-05
4.80595e-05
4.77365e-05
4.73754e-05
4.69721e-05
4.65227e-05
4.60222e-05
4.54656e-05
4.48472e-05
4.4161e-05
4.34004e-05
4.25582e-05
4.16269e-05
4.05986e-05
3.9465e-05
3.82178e-05
3.68491e-05
3.53515e-05
3.37189e-05
3.19463e-05
3.00308e-05
2.79717e-05
2.57708e-05
2.34347e-05
2.09769e-05
1.84212e-05
1.58075e-05
1.3195e-05
1.06636e-05
8.30688e-06
6.20242e-06
4.40304e-06
2.91699e-06
1.73694e-06
8.6857e-07
3.27015e-07
7.84887e-08
8.44828e-09
4.09815e-08
1.85628e-07
4.80892e-07
8.51941e-07
1.29628e-06
1.99131e-06
6.413e-06
1.64135e-05
5.49752e-05
7.00935e-05
7.00955e-05
7.00925e-05
7.00836e-05
7.00687e-05
7.00484e-05
7.00221e-05
6.99886e-05
6.99466e-05
6.98954e-05
6.98351e-05
6.97655e-05
6.96852e-05
6.95913e-05
6.94828e-05
6.93596e-05
6.92199e-05
6.90608e-05
6.88803e-05
6.86763e-05
6.84464e-05
6.81877e-05
6.78968e-05
6.7571e-05
6.72063e-05
6.67978e-05
6.63413e-05
6.58315e-05
6.52631e-05
6.46305e-05
6.39268e-05
6.31447e-05
6.22764e-05
6.13134e-05
6.02463e-05
5.9065e-05
5.77591e-05
5.63173e-05
5.47283e-05
5.29807e-05
5.10635e-05
4.89668e-05
4.66818e-05
4.42023e-05
4.1524e-05
3.86452e-05
3.55674e-05
3.22977e-05
2.88524e-05
2.52622e-05
2.15807e-05
1.7891e-05
1.43107e-05
1.09827e-05
8.03261e-06
5.55134e-06
3.55924e-06
2.04102e-06
9.81735e-07
3.60957e-07
9.06102e-08
1.24261e-08
5.0585e-08
1.83007e-07
4.03335e-07
6.29928e-07
8.70897e-07
1.08925e-06
3.40992e-06
1.01015e-05
4.79244e-05
9.25344e-05
9.25247e-05
9.25091e-05
9.24857e-05
9.24546e-05
9.24161e-05
9.23699e-05
9.23142e-05
9.22473e-05
9.21684e-05
9.20772e-05
9.19738e-05
9.18562e-05
9.17208e-05
9.15661e-05
9.1392e-05
9.11958e-05
9.09744e-05
9.07249e-05
9.04443e-05
9.01293e-05
8.97768e-05
8.93821e-05
8.89412e-05
8.84493e-05
8.78999e-05
8.72874e-05
8.66048e-05
8.58454e-05
8.50016e-05
8.40642e-05
8.30239e-05
8.18701e-05
8.05917e-05
7.91762e-05
7.76105e-05
7.58806e-05
7.39719e-05
7.18693e-05
6.95578e-05
6.70231e-05
6.42518e-05
6.12325e-05
5.79563e-05
5.44167e-05
5.06099e-05
4.65357e-05
4.22e-05
3.76208e-05
3.28351e-05
2.79121e-05
2.29639e-05
1.81566e-05
1.36995e-05
9.78395e-06
6.55462e-06
4.04655e-06
2.22404e-06
1.02679e-06
3.71004e-07
9.97167e-08
1.78996e-08
6.09794e-08
1.75961e-07
3.29305e-07
4.61921e-07
5.7099e-07
6.76299e-07
1.70304e-06
5.23991e-06
3.70563e-05
0.000116955
0.000116927
0.000116893
0.000116849
0.000116795
0.000116732
0.000116659
0.000116573
0.000116473
0.000116358
0.000116227
0.000116081
0.000115916
0.000115729
0.000115517
0.00011528
0.000115015
0.000114717
0.000114385
0.000114012
0.000113596
0.000113133
0.000112616
0.000112041
0.000111401
0.000110689
0.000109897
0.000109017
0.00010804
0.000106957
0.000105757
0.000104426
0.000102954
0.000101324
9.95224e-05
9.75321e-05
9.53356e-05
9.29146e-05
9.02501e-05
8.73233e-05
8.4116e-05
8.06109e-05
7.6793e-05
7.26499e-05
6.81717e-05
6.33511e-05
5.81837e-05
5.26727e-05
4.68356e-05
4.07157e-05
3.43998e-05
2.80365e-05
2.18547e-05
1.61517e-05
1.12067e-05
7.23179e-06
4.27022e-06
2.23801e-06
9.91758e-07
3.56664e-07
1.05989e-07
2.58479e-08
7.29725e-08
1.70085e-07
2.74799e-07
3.64824e-07
4.4751e-07
5.20814e-07
1.02327e-06
2.59961e-06
2.43495e-05
0.000142899
0.000142847
0.000142788
0.000142715
0.000142631
0.000142535
0.000142425
0.000142301
0.000142159
0.000141997
0.000141816
0.000141615
0.00014139
0.000141138
0.000140855
0.00014054
0.000140191
0.000139802
0.000139368
0.000138885
0.000138348
0.000137753
0.000137092
0.000136359
0.000135546
0.000134645
0.000133646
0.000132538
0.000131313
0.000129958
0.000128459
0.000126802
0.000124973
0.000122952
0.000120723
0.000118265
0.000115557
0.000112577
0.000109303
0.00010571
0.000101778
9.74842e-05
9.28094e-05
8.77369e-05
8.22519e-05
7.63416e-05
6.99957e-05
6.32117e-05
5.60054e-05
4.8426e-05
4.05821e-05
3.26697e-05
2.50023e-05
1.79947e-05
1.20384e-05
7.41821e-06
4.1564e-06
2.06926e-06
8.84677e-07
3.23919e-07
1.1084e-07
4.00456e-08
8.90787e-08
1.72262e-07
2.63525e-07
3.56794e-07
4.40745e-07
5.09203e-07
8.47811e-07
1.49073e-06
1.3015e-05
0.00017014
0.000170055
0.000169961
0.000169851
0.000169727
0.000169587
0.00016943
0.000169256
0.000169058
0.000168838
0.000168592
0.000168321
0.000168021
0.000167687
0.000167316
0.000166905
0.00016645
0.000165948
0.00016539
0.000164773
0.00016409
0.000163335
0.000162501
0.000161579
0.000160561
0.000159436
0.000158193
0.000156821
0.000155306
0.000153637
0.000151796
0.000149767
0.000147533
0.000145072
0.000142363
0.000139384
0.00013611
0.000132515
0.000128573
0.000124256
0.000119538
0.000114392
0.000108796
0.000102726
9.61609e-05
8.90815e-05
8.14687e-05
7.33124e-05
6.46246e-05
5.54618e-05
4.5962e-05
3.63877e-05
2.71701e-05
1.88829e-05
1.20527e-05
7.01496e-06
3.70056e-06
1.75099e-06
7.32864e-07
2.8323e-07
1.16816e-07
6.45678e-08
1.21396e-07
2.05664e-07
3.0394e-07
4.16064e-07
5.15939e-07
5.94618e-07
8.91952e-07
1.12664e-06
5.65165e-06
0.000198631
0.000198502
0.000198362
0.000198204
0.000198026
0.00019783
0.000197613
0.000197372
0.000197104
0.000196807
0.000196479
0.000196119
0.000195724
0.000195286
0.000194802
0.000194271
0.000193685
0.000193041
0.000192331
0.000191547
0.000190684
0.000189735
0.000188691
0.000187541
0.000186275
0.000184882
0.000183349
0.000181662
0.000179808
0.00017777
0.000175531
0.000173071
0.00017037
0.000167404
0.000164151
0.000160582
0.000156672
0.000152389
0.000147705
0.000142588
0.000137008
0.000130932
0.000124333
0.000117181
0.000109448
0.000101104
9.21205e-05
8.24771e-05
7.21817e-05
6.13022e-05
5.00201e-05
3.86973e-05
2.79363e-05
1.85248e-05
1.11264e-05
6.04306e-06
2.98797e-06
1.35756e-06
5.73027e-07
2.45942e-07
1.2929e-07
1.05442e-07
1.76979e-07
2.74622e-07
3.93784e-07
5.3548e-07
6.5952e-07
7.57833e-07
1.06381e-06
1.13591e-06
2.75135e-06
0.00022844
0.000228253
0.000228054
0.000227831
0.000227585
0.000227314
0.000227017
0.000226692
0.000226332
0.000225937
0.000225503
0.00022503
0.000224512
0.000223943
0.000223318
0.000222634
0.000221884
0.000221063
0.000220163
0.000219173
0.000218088
0.0002169
0.000215598
0.00021417
0.000212605
0.000210889
0.000209007
0.000206945
0.000204686
0.000202212
0.000199503
0.000196539
0.000193294
0.000189745
0.000185863
0.00018162
0.000176985
0.000171925
0.000166406
0.000160393
0.000153852
0.000146746
0.00013904
0.000130699
0.000121685
0.000111958
0.000101475
9.02038e-05
7.81508e-05
6.54045e-05
5.22178e-05
3.91105e-05
2.69404e-05
1.6768e-05
9.32252e-06
4.67857e-06
2.17833e-06
9.77013e-07
4.37357e-07
2.22591e-07
1.64056e-07
1.70277e-07
2.641e-07
3.85253e-07
5.35023e-07
7.11211e-07
8.6123e-07
9.84883e-07
1.32295e-06
1.38897e-06
1.83821e-06
0.000260675
0.0002606
0.0002605
0.00026039
0.000260268
0.000260135
0.000259993
0.000259843
0.000259682
0.000259421
0.000259143
0.000258836
0.0002585
0.000258133
0.000257734
0.000257298
0.000256821
0.000256299
0.00025573
0.000255112
0.00025444
0.000253705
0.000252901
0.000252025
0.00025107
0.000250028
0.000248891
0.000247646
0.000246287
0.000244806
0.000243188
0.000241421
0.000239492
0.000237385
0.000235085
0.000232572
0.00022983
0.000226839
0.000223576
0.000220017
0.000216136
0.000211906
0.000207296
0.000202274
0.000196807
0.000190858
0.00018439
0.000177364
0.000169742
0.000161481
0.00015254
0.000142875
0.00013244
0.000121178
0.000109034
9.59623e-05
8.19717e-05
6.71936e-05
5.2007e-05
3.7193e-05
2.39863e-05
1.37254e-05
6.95618e-06
3.22343e-06
1.44518e-06
6.76333e-07
3.47282e-07
2.40488e-07
2.27487e-07
2.67633e-07
3.90799e-07
5.42484e-07
7.26873e-07
9.35252e-07
1.10682e-06
1.25864e-06
1.63601e-06
1.73029e-06
1.69638e-06
0.000293992
0.000293864
0.000293708
0.000293537
0.000293351
0.000293151
0.000292939
0.000292715
0.000292474
0.000292115
0.000291735
0.00029132
0.000290867
0.000290376
0.000289845
0.000289269
0.000288642
0.000287959
0.000287219
0.000286418
0.000285549
0.000284605
0.000283577
0.000282462
0.00028125
0.000279934
0.000278503
0.000276944
0.000275249
0.000273408
0.000271406
0.000269227
0.000266857
0.000264279
0.000261475
0.000258424
0.000255107
0.000251501
0.000247583
0.000243324
0.000238698
0.000233673
0.000228216
0.000222293
0.000215866
0.000208896
0.000201343
0.000193165
0.000184315
0.000174749
0.000164418
0.000153267
0.000141236
0.000128255
0.00011425
9.91653e-05
8.30282e-05
6.60593e-05
4.88717e-05
3.26846e-05
1.92265e-05
9.90071e-06
4.55233e-06
1.98636e-06
9.03097e-07
4.93363e-07
3.35411e-07
2.9898e-07
3.27384e-07
4.05324e-07
5.62334e-07
7.46406e-07
9.62282e-07
1.19334e-06
1.37732e-06
1.55933e-06
1.96769e-06
2.10226e-06
1.86321e-06
0.000329121
0.000328924
0.000328692
0.000328442
0.000328171
0.000327882
0.000327574
0.00032725
0.000326897
0.000326413
0.000325903
0.000325347
0.000324746
0.000324098
0.000323399
0.000322644
0.000321826
0.00032094
0.000319984
0.000318953
0.000317839
0.000316633
0.000315327
0.000313914
0.000312385
0.000310732
0.00030894
0.000306996
0.00030489
0.000302611
0.000300143
0.000297466
0.000294566
0.000291423
0.000288016
0.000284323
0.000280323
0.000275991
0.000271299
0.00026622
0.00026072
0.000254767
0.000248326
0.000241359
0.000233825
0.000225682
0.000216886
0.00020739
0.000197145
0.000186098
0.00017419
0.000161358
0.000147523
0.000132597
0.000116487
9.91404e-05
8.06375e-05
6.13929e-05
4.24648e-05
2.57581e-05
1.33949e-05
6.14956e-06
2.62615e-06
1.14431e-06
6.31888e-07
4.42801e-07
3.84659e-07
4.01979e-07
4.70792e-07
5.87971e-07
7.78343e-07
9.90147e-07
1.22758e-06
1.46697e-06
1.6522e-06
1.86863e-06
2.28464e-06
2.45312e-06
2.13917e-06
0.000366141
0.000365851
0.00036552
0.000365165
0.000364784
0.000364377
0.000363945
0.000363486
0.00036298
0.000362338
0.000361661
0.000360928
0.000360139
0.00035929
0.00035838
0.0003574
0.000356343
0.000355204
0.000353979
0.000352661
0.000351243
0.000349713
0.000348064
0.000346285
0.000344367
0.000342299
0.000340067
0.000337655
0.000335052
0.000332245
0.000329214
0.00032594
0.000322405
0.000318587
0.000314463
0.00031001
0.000305202
0.000300014
0.000294414
0.000288372
0.000281854
0.000274822
0.000267239
0.000259065
0.000250255
0.000240764
0.000230544
0.000219544
0.000207708
0.000194975
0.000181275
0.000166529
0.00015064
0.000133498
0.000114998
9.51146e-05
7.4083e-05
5.27417e-05
3.29566e-05
1.74205e-05
7.81195e-06
3.29488e-06
1.43409e-06
7.73369e-07
5.48699e-07
4.81429e-07
4.90676e-07
5.53823e-07
6.60849e-07
8.1445e-07
1.0313e-06
1.26008e-06
1.50481e-06
1.73767e-06
1.91358e-06
2.17409e-06
2.55671e-06
2.73773e-06
2.42068e-06
0.000405053
0.000404643
0.000404184
0.000403695
0.000403171
0.000402612
0.000402018
0.000401383
0.00040068
0.000399839
0.000398951
0.000397996
0.000396971
0.000395873
0.000394698
0.000393438
0.000392085
0.000390632
0.000389073
0.000387402
0.00038561
0.000383684
0.000381613
0.000379387
0.000376996
0.000374426
0.000371662
0.000368684
0.000365482
0.000362041
0.000358337
0.00035435
0.000350059
0.000345441
0.000340469
0.000335118
0.000329361
0.000323168
0.000316506
0.000309342
0.000301638
0.000293355
0.000284453
0.000274886
0.000264609
0.000253572
0.000241724
0.000229006
0.000215356
0.000200702
0.000184959
0.000168028
0.000149788
0.000130108
0.000108896
8.62468e-05
6.27915e-05
4.0262e-05
2.16678e-05
9.64211e-06
3.74891e-06
1.71602e-06
9.31216e-07
6.58845e-07
5.83063e-07
5.922e-07
6.52585e-07
7.54603e-07
8.94164e-07
1.07641e-06
1.30701e-06
1.53849e-06
1.77579e-06
1.99134e-06
2.14905e-06
2.46458e-06
2.75508e-06
2.92486e-06
2.64865e-06
0.000445785
0.00044522
0.000444598
0.000443937
0.00044323
0.000442478
0.000441676
0.000440817
0.000439867
0.000438778
0.000437628
0.000436396
0.000435078
0.000433671
0.000432169
0.000430564
0.000428846
0.000427007
0.00042504
0.000422938
0.000420689
0.000418279
0.000415698
0.000412931
0.000409968
0.000406793
0.000403388
0.000399733
0.000395815
0.000391617
0.000387114
0.00038228
0.000377095
0.000371532
0.000365562
0.000359158
0.000352288
0.000344922
0.000337024
0.000328556
0.000319478
0.00030975
0.000299326
0.00028816
0.000276201
0.000263397
0.000249689
0.000235013
0.000219296
0.00020245
0.000184371
0.000164932
0.000143988
0.000121408
9.71997e-05
7.18372e-05
4.69178e-05
2.56555e-05
1.13907e-05
4.34571e-06
1.89613e-06
1.08338e-06
7.79956e-07
6.93551e-07
7.04061e-07
7.66345e-07
8.65705e-07
9.97442e-07
1.15989e-06
1.35895e-06
1.58753e-06
1.80772e-06
2.02595e-06
2.21684e-06
2.35218e-06
2.64832e-06
2.85064e-06
3.00733e-06
2.79749e-06
0.000488167
0.000487407
0.000486579
0.0004857
0.000484764
0.000483767
0.000482705
0.000481563
0.00048031
0.000478914
0.000477441
0.000475867
0.000474189
0.000472403
0.0004705
0.000468472
0.000466308
0.000463999
0.000461536
0.00045891
0.000456109
0.000453116
0.000449919
0.000446502
0.000442852
0.000438954
0.000434783
0.000430322
0.000425553
0.000420458
0.000415007
0.000409175
0.000402937
0.000396264
0.000389125
0.000381489
0.000373324
0.000364593
0.00035526
0.000345284
0.000334623
0.000323231
0.000311061
0.000298064
0.000284184
0.000269363
0.000253537
0.000236631
0.000218556
0.000199204
0.000178443
0.000156113
0.000132064
0.000106255
7.90877e-05
5.21015e-05
2.86911e-05
1.27564e-05
4.82707e-06
2.09191e-06
1.19783e-06
9.04701e-07
8.16788e-07
8.28725e-07
8.93862e-07
9.92841e-07
1.11859e-06
1.2683e-06
1.44133e-06
1.64381e-06
1.85548e-06
2.05394e-06
2.24652e-06
2.4097e-06
2.52218e-06
2.76916e-06
2.86706e-06
3.02229e-06
2.90185e-06
0.00053192
0.000530915
0.00052983
0.00052868
0.000527456
0.000526155
0.000524768
0.000523278
0.000521656
0.000519884
0.000518014
0.000516023
0.000513906
0.000511657
0.000509267
0.000506726
0.000504022
0.000501144
0.000498083
0.000494826
0.00049136
0.000487667
0.000483732
0.000479539
0.000475071
0.00047031
0.000465231
0.000459814
0.000454039
0.000447885
0.000441319
0.000434314
0.000426842
0.000418872
0.00041037
0.000401302
0.000391632
0.000381322
0.000370332
0.000358619
0.000346138
0.00033284
0.000318675
0.000303588
0.00028752
0.000270406
0.000252171
0.000232725
0.000211958
0.000189729
0.000165872
0.000140215
0.000112701
8.37358e-05
5.49714e-05
3.00922e-05
1.32905e-05
5.06533e-06
2.22904e-06
1.31531e-06
1.02302e-06
9.50533e-07
9.67986e-07
1.03575e-06
1.13432e-06
1.25488e-06
1.39361e-06
1.54857e-06
1.71976e-06
1.91372e-06
2.09777e-06
2.26905e-06
2.4344e-06
2.57042e-06
2.66196e-06
2.8481e-06
2.83635e-06
3.01384e-06
3.05455e-06
0.000576632
0.000575324
0.000573921
0.000572435
0.000570857
0.00056918
0.000567393
0.000565478
0.000563408
0.000561179
0.000558827
0.000556329
0.00055368
0.000550871
0.000547893
0.000544734
0.000541379
0.000537818
0.000534038
0.000530026
0.000525765
0.000521238
0.000516424
0.000511308
0.000505869
0.000500088
0.000493936
0.000487392
0.000480434
0.000473035
0.000465164
0.000456788
0.000447877
0.000438397
0.000428313
0.000417585
0.000406177
0.000394047
0.000381153
0.000367448
0.000352885
0.000337412
0.000320974
0.000303512
0.000284961
0.000265244
0.00024427
0.000221926
0.000198068
0.000172519
0.000145097
0.000115752
8.4974e-05
5.47352e-05
2.92434e-05
1.27266e-05
4.94651e-06
2.27905e-06
1.41909e-06
1.14989e-06
1.09151e-06
1.12035e-06
1.19144e-06
1.28862e-06
1.40337e-06
1.53148e-06
1.67065e-06
1.81955e-06
1.97889e-06
2.15613e-06
2.30737e-06
2.45056e-06
2.59065e-06
2.702e-06
2.77586e-06
2.90419e-06
2.90601e-06
3.0084e-06
3.04553e-06
0.000621735
0.000620053
0.00061826
0.000616362
0.000614349
0.000612213
0.000609939
0.000607509
0.000604902
0.00060212
0.000599186
0.000596077
0.000592787
0.000589305
0.00058562
0.000581719
0.000577586
0.000573208
0.000568571
0.000563659
0.000558453
0.000552934
0.00054708
0.000540871
0.000534287
0.000527303
0.000519891
0.000512024
0.00050368
0.000494828
0.000485432
0.000475461
0.000464879
0.000453652
0.000441738
0.000429098
0.000415691
0.000401473
0.000386399
0.000370422
0.000353489
0.000335545
0.000316531
0.00029638
0.000275016
0.000252344
0.000228248
0.000202579
0.000175153
0.00014579
0.000114494
8.19928e-05
5.08372e-05
2.58837e-05
1.09228e-05
4.47932e-06
2.23659e-06
1.50652e-06
1.28245e-06
1.2443e-06
1.28316e-06
1.35818e-06
1.45294e-06
1.56072e-06
1.67774e-06
1.80189e-06
1.93176e-06
2.06662e-06
2.20802e-06
2.36473e-06
2.48277e-06
2.60007e-06
2.71877e-06
2.80844e-06
2.8666e-06
2.95046e-06
2.92988e-06
2.96873e-06
2.9839e-06
2.99084e-06
0.000666471
0.000664333
0.000662064
0.000659664
0.000657123
0.000654428
0.000651566
0.000648518
0.000645268
0.000641821
0.000638187
0.000634345
0.000630287
0.000626
0.000621471
0.000616686
0.000611626
0.000606278
0.000600622
0.000594643
0.000588319
0.000581628
0.000574547
0.000567053
0.000559122
0.000550728
0.000541839
0.000532428
0.000522468
0.000511925
0.000500762
0.000488942
0.00047643
0.000463187
0.00044917
0.000434337
0.000418643
0.000402042
0.000384489
0.000365931
0.000346314
0.000325578
0.000303654
0.000280465
0.000255914
0.000229877
0.000202196
0.000172686
0.000141197
0.000107894
7.40248e-05
4.31615e-05
2.05362e-05
8.34685e-06
3.76669e-06
2.1331e-06
1.58284e-06
1.42075e-06
1.40696e-06
1.45527e-06
1.53196e-06
1.62308e-06
1.72269e-06
1.82807e-06
1.93752e-06
2.04998e-06
2.16465e-06
2.28143e-06
2.40267e-06
2.53862e-06
2.62618e-06
2.7213e-06
2.82289e-06
2.8938e-06
2.93821e-06
2.98751e-06
2.97714e-06
3.00259e-06
3.03351e-06
3.06395e-06
0.000709856
0.000707167
0.000704319
0.000701312
0.000698132
0.000694766
0.000691199
0.000687413
0.000683395
0.000679151
0.000674681
0.000669966
0.000664992
0.000659747
0.000654215
0.000648379
0.000642221
0.000635723
0.000628865
0.000621627
0.000613985
0.000605917
0.000597395
0.000588394
0.000578888
0.000568847
0.000558239
0.000547033
0.000535197
0.000522696
0.00050949
0.000495541
0.00048081
0.000465256
0.000448836
0.000431502
0.000413208
0.000393905
0.000373547
0.000352079
0.000329439
0.00030556
0.000280359
0.000253733
0.00022555
0.000195641
0.000163827
0.000130061
9.49169e-05
6.07216e-05
3.23428e-05
1.43946e-05
6.028e-06
3.0388e-06
2.01638e-06
1.6611e-06
1.56596e-06
1.57689e-06
1.63274e-06
1.70864e-06
1.7941e-06
1.88453e-06
1.9779e-06
2.07312e-06
2.16946e-06
2.26642e-06
2.36368e-06
2.46163e-06
2.56329e-06
2.68046e-06
2.7416e-06
2.81869e-06
2.9072e-06
2.96178e-06
2.99429e-06
3.01389e-06
3.0208e-06
3.06364e-06
3.09896e-06
3.13193e-06
0.00075373
0.000750638
0.000747282
0.00074374
0.000740002
0.000736056
0.000731886
0.000727477
0.000722812
0.000717883
0.00071269
0.000707226
0.000701472
0.000695412
0.000689032
0.000682313
0.000675236
0.000667782
0.00065993
0.000651657
0.00064294
0.000633754
0.000624072
0.000613866
0.000603109
0.00059177
0.000579816
0.000567214
0.000553931
0.00053993
0.000525175
0.000509623
0.000493235
0.00047597
0.000457785
0.000438634
0.000418471
0.000397244
0.0003749
0.000351393
0.000326661
0.000300633
0.000273222
0.000244315
0.000213762
0.000181393
0.000147084
0.000111105
7.50461e-05
4.30341e-05
2.05135e-05
8.71024e-06
4.19324e-06
2.52285e-06
1.94189e-06
1.75406e-06
1.71918e-06
1.75057e-06
1.81067e-06
1.8832e-06
1.96119e-06
2.04159e-06
2.12298e-06
2.20469e-06
2.28634e-06
2.36761e-06
2.44835e-06
2.52856e-06
2.60901e-06
2.69318e-06
2.79449e-06
2.83353e-06
2.89654e-06
2.97556e-06
3.01551e-06
3.03785e-06
3.05114e-06
3.06466e-06
3.10646e-06
3.13751e-06
3.16797e-06
0.000791125
0.00078724
0.000783087
0.00077871
0.000774099
0.000769238
0.000764111
0.000758703
0.000753
0.00074699
0.000740671
0.00073403
0.000727047
0.000719705
0.000711986
0.000703869
0.000695333
0.000686357
0.000676916
0.000666986
0.000656541
0.000645553
0.000633993
0.000621831
0.000609035
0.000595574
0.000581411
0.000566512
0.00055084
0.000534357
0.000517024
0.000498797
0.000479637
0.000459501
0.000438345
0.000416122
0.000392784
0.000368276
0.000342539
0.000315522
0.000287146
0.000257312
0.000225893
0.000192728
0.000157684
0.000120931
8.37511e-05
4.98147e-05
2.47003e-05
1.07687e-05
5.15517e-06
3.00246e-06
2.22555e-06
1.94548e-06
1.87016e-06
1.879e-06
1.9236e-06
1.98387e-06
2.05068e-06
2.11997e-06
2.18993e-06
2.25975e-06
2.329e-06
2.39749e-06
2.46509e-06
2.53172e-06
2.59737e-06
2.66229e-06
2.72749e-06
2.79678e-06
2.88532e-06
2.90623e-06
2.95868e-06
3.03126e-06
3.05747e-06
3.07149e-06
3.08206e-06
3.10753e-06
3.13813e-06
3.16105e-06
3.18558e-06
0.000822521
0.000817706
0.0008126
0.00080723
0.00080158
0.000795633
0.000789374
0.000782787
0.000775857
0.000768572
0.000760923
0.000752895
0.000744466
0.000735617
0.000726325
0.00071657
0.000706327
0.000695571
0.000684278
0.000672418
0.000659964
0.000646886
0.000633151
0.000618728
0.000603584
0.000587682
0.000570987
0.000553461
0.000535065
0.000515761
0.000495507
0.000474262
0.000451984
0.000428631
0.000404158
0.000378517
0.000351655
0.000323508
0.000294004
0.000263067
0.000230579
0.000196388
0.000160383
0.000122782
8.49385e-05
5.06327e-05
2.54118e-05
1.14097e-05
5.52868e-06
3.27463e-06
2.43398e-06
2.11556e-06
2.01636e-06
2.00853e-06
2.04109e-06
2.09077e-06
2.14751e-06
2.20691e-06
2.26694e-06
2.32667e-06
2.38567e-06
2.44372e-06
2.50069e-06
2.55655e-06
2.61127e-06
2.66484e-06
2.71737e-06
2.76923e-06
2.82161e-06
2.8786e-06
2.95721e-06
2.96339e-06
3.00829e-06
3.07689e-06
3.0896e-06
3.09736e-06
3.10706e-06
3.1337e-06
3.15745e-06
3.17671e-06
3.19878e-06
0.000845541
0.000839628
0.000833393
0.000826844
0.000819965
0.000812737
0.000805144
0.00079717
0.000788798
0.000780014
0.000770805
0.00076115
0.000751027
0.000740415
0.000729288
0.000717623
0.000705393
0.000692571
0.000679129
0.000665037
0.000650265
0.000634778
0.000618545
0.000601532
0.000583703
0.000565022
0.000545451
0.000524952
0.000503486
0.000481014
0.000457495
0.000432891
0.000407157
0.000380251
0.000352124
0.000322719
0.000291966
0.000259761
0.000226015
0.000190591
0.000153448
0.000115013
7.71751e-05
4.44056e-05
2.18438e-05
1.00275e-05
5.20304e-06
3.27779e-06
2.5279e-06
2.23907e-06
2.14421e-06
2.13221e-06
2.1575e-06
2.19888e-06
2.24703e-06
2.29766e-06
2.34887e-06
2.39977e-06
2.44996e-06
2.49921e-06
2.54742e-06
2.59452e-06
2.64047e-06
2.68526e-06
2.7289e-06
2.77141e-06
2.81295e-06
2.85394e-06
2.89572e-06
2.94267e-06
3.01385e-06
3.00815e-06
3.0479e-06
3.11419e-06
3.11328e-06
3.11714e-06
3.1275e-06
3.14881e-06
3.16893e-06
3.1866e-06
3.20821e-06
0.000857279
0.000850076
0.000842507
0.00083457
0.000826244
0.000817512
0.000808357
0.000798759
0.000788701
0.000778165
0.000767132
0.000755581
0.000743487
0.000730827
0.000717572
0.000703697
0.000689172
0.000673969
0.000658056
0.000641404
0.00062398
0.000605748
0.000586676
0.000566728
0.000545869
0.000524063
0.000501275
0.000477466
0.000452598
0.00042663
0.000399525
0.000371247
0.000341744
0.000310955
0.000278811
0.000245203
0.000210005
0.000173163
0.000134851
9.61385e-05
6.02452e-05
3.23882e-05
1.55853e-05
7.59925e-06
4.37535e-06
3.06032e-06
2.5307e-06
2.31967e-06
2.25089e-06
2.24551e-06
2.26871e-06
2.30441e-06
2.34543e-06
2.3884e-06
2.43178e-06
2.47487e-06
2.51733e-06
2.55897e-06
2.59971e-06
2.63947e-06
2.67822e-06
2.71593e-06
2.75257e-06
2.78814e-06
2.82262e-06
2.85605e-06
2.88855e-06
2.92062e-06
2.95368e-06
2.99248e-06
3.05833e-06
3.04306e-06
3.07964e-06
3.11376e-06
3.12922e-06
3.13229e-06
3.14479e-06
3.15903e-06
3.17513e-06
3.19071e-06
3.21139e-06
0.00085423
0.000845517
0.000836384
0.000826819
0.000816804
0.000806318
0.000795342
0.000783856
0.000771839
0.00075927
0.000746124
0.00073238
0.000718011
0.000702991
0.000687293
0.000670885
0.000653738
0.000635821
0.000617102
0.000597552
0.000577136
0.000555821
0.000533574
0.000510361
0.000486144
0.000460893
0.000434578
0.000407165
0.000378611
0.000348861
0.000317865
0.000285589
0.000251932
0.000216752
0.000179953
0.000141618
0.00010282
6.65252e-05
3.73023e-05
1.86781e-05
9.24972e-06
5.23608e-06
3.52726e-06
2.79963e-06
2.49629e-06
2.37728e-06
2.34374e-06
2.34927e-06
2.37295e-06
2.40469e-06
2.43982e-06
2.47613e-06
2.51262e-06
2.5488e-06
2.58444e-06
2.61942e-06
2.65366e-06
2.68713e-06
2.71977e-06
2.75156e-06
2.78247e-06
2.81248e-06
2.84156e-06
2.86968e-06
2.89681e-06
2.92293e-06
2.94814e-06
2.97289e-06
2.99876e-06
3.03087e-06
3.09317e-06
3.07018e-06
3.10516e-06
3.13508e-06
3.14544e-06
3.1444e-06
3.15382e-06
3.16358e-06
3.17668e-06
3.19016e-06
3.20946e-06
0.000832216
0.000821746
0.000810793
0.000799339
0.000787365
0.00077485
0.000761772
0.00074811
0.000733838
0.000718933
0.000703367
0.000687115
0.000670152
0.000652452
0.000633984
0.000614719
0.000594624
0.000573669
0.000551824
0.000529055
0.000505335
0.000480635
0.000454926
0.000428173
0.000400333
0.000371367
0.00034125
0.000309958
0.000277422
0.000243516
0.000208038
0.000171041
0.000132744
9.50297e-05
6.03857e-05
3.37567e-05
1.73074e-05
8.98707e-06
5.28387e-06
3.65989e-06
2.93694e-06
2.61892e-06
2.48356e-06
2.43611e-06
2.43101e-06
2.44582e-06
2.46995e-06
2.49822e-06
2.52818e-06
2.55866e-06
2.5891e-06
2.61922e-06
2.64889e-06
2.67803e-06
2.70661e-06
2.73458e-06
2.76193e-06
2.78863e-06
2.81465e-06
2.83999e-06
2.86462e-06
2.88851e-06
2.91162e-06
2.9339e-06
2.95528e-06
2.97567e-06
2.99507e-06
3.01384e-06
3.03364e-06
3.06017e-06
3.1204e-06
3.09119e-06
3.12603e-06
3.15328e-06
3.158e-06
3.15304e-06
3.15825e-06
3.16491e-06
3.17585e-06
3.18762e-06
3.20529e-06
0.000786345
0.00077385
0.000760802
0.00074718
0.000732962
0.000718129
0.000702656
0.000686519
0.000669693
0.000652149
0.000633857
0.000614791
0.000594929
0.000574243
0.000552706
0.000530291
0.000506968
0.000482708
0.000457478
0.000431238
0.000403961
0.000375629
0.000346228
0.000315708
0.000283988
0.000250908
0.000216341
0.000180334
0.000143068
0.000106126
7.18294e-05
4.2948e-05
2.33108e-05
1.23875e-05
7.0087e-06
4.57342e-06
3.43949e-06
2.90715e-06
2.66075e-06
2.55222e-06
2.51216e-06
2.50635e-06
2.51731e-06
2.53645e-06
2.55943e-06
2.58406e-06
2.60929e-06
2.6346e-06
2.65975e-06
2.6846e-06
2.70908e-06
2.73316e-06
2.75681e-06
2.78e-06
2.80273e-06
2.82497e-06
2.84673e-06
2.86798e-06
2.88873e-06
2.90895e-06
2.92863e-06
2.94775e-06
2.96627e-06
2.9841e-06
3.00114e-06
3.0172e-06
3.03211e-06
3.04599e-06
3.06055e-06
3.08221e-06
3.14165e-06
3.10738e-06
3.14326e-06
3.16809e-06
3.16716e-06
3.15867e-06
3.1599e-06
3.16449e-06
3.17397e-06
3.18505e-06
3.20166e-06
0.000711034
0.000696246
0.00068083
0.000664763
0.000648023
0.000630592
0.000612446
0.000593559
0.000573907
0.00055346
0.000532186
0.000510059
0.000487051
0.000463135
0.000438289
0.000412495
0.000385736
0.000357983
0.000329178
0.000299222
0.000267991
0.000235391
0.00020149
0.000166355
0.000130864
9.64931e-05
6.51012e-05
3.94819e-05
2.21747e-05
1.23165e-05
7.3031e-06
4.85335e-06
3.66967e-06
3.08426e-06
2.7938e-06
2.65533e-06
2.59405e-06
2.57329e-06
2.57364e-06
2.58477e-06
2.60131e-06
2.62047e-06
2.64082e-06
2.66161e-06
2.6825e-06
2.70327e-06
2.72385e-06
2.74416e-06
2.76419e-06
2.78391e-06
2.80331e-06
2.82237e-06
2.84109e-06
2.85945e-06
2.87746e-06
2.8951e-06
2.91238e-06
2.9293e-06
2.94585e-06
2.96204e-06
2.97787e-06
2.99331e-06
3.00835e-06
3.0229e-06
3.03682e-06
3.04983e-06
3.06149e-06
3.07144e-06
3.08132e-06
3.09839e-06
3.15791e-06
3.1198e-06
3.1577e-06
3.17691e-06
3.17333e-06
3.1618e-06
3.15997e-06
3.16336e-06
3.17161e-06
3.18284e-06
3.20143e-06
0.000600199
0.000582883
0.000564864
0.000546118
0.000526623
0.000506362
0.000485313
0.000463457
0.000440774
0.000417237
0.000392811
0.000367455
0.000341102
0.000313669
0.00028508
0.000255281
0.000224301
0.000192238
0.000159503
0.000126832
9.53239e-05
6.6655e-05
4.26384e-05
2.55068e-05
1.49148e-05
9.01843e-06
5.90788e-06
4.31096e-06
3.48252e-06
3.04978e-06
2.82298e-06
2.70754e-06
2.65323e-06
2.63219e-06
2.62935e-06
2.63636e-06
2.64856e-06
2.66346e-06
2.6797e-06
2.69654e-06
2.71362e-06
2.73071e-06
2.74772e-06
2.76459e-06
2.78127e-06
2.79775e-06
2.81401e-06
2.83003e-06
2.84582e-06
2.86135e-06
2.87663e-06
2.89164e-06
2.90639e-06
2.92088e-06
2.93509e-06
2.94904e-06
2.96273e-06
2.97618e-06
2.98939e-06
3.00238e-06
3.01516e-06
3.02775e-06
3.04014e-06
3.0523e-06
3.06411e-06
3.07524e-06
3.08495e-06
3.09192e-06
3.09745e-06
3.1098e-06
3.16144e-06
3.12931e-06
3.17003e-06
3.18034e-06
3.17383e-06
3.16287e-06
3.15965e-06
3.162e-06
3.16842e-06
3.17855e-06
3.19938e-06
0.000447568
0.000427567
0.000406782
0.000385168
0.000362677
0.000339259
0.000314873
0.000289485
0.00026309
0.000235714
0.000207425
0.000178608
0.000149538
0.0001207
9.29825e-05
6.77678e-05
4.62481e-05
2.97887e-05
1.8641e-05
1.17646e-05
7.76382e-06
5.50947e-06
4.24182e-06
3.52694e-06
3.12513e-06
2.902e-06
2.78214e-06
2.71955e-06
2.69009e-06
2.67976e-06
2.68033e-06
2.6871e-06
2.69733e-06
2.70945e-06
2.72258e-06
2.7362e-06
2.75004e-06
2.76394e-06
2.77783e-06
2.79163e-06
2.80533e-06
2.8189e-06
2.83233e-06
2.84561e-06
2.85872e-06
2.87165e-06
2.88441e-06
2.89698e-06
2.90936e-06
2.92154e-06
2.93352e-06
2.94529e-06
2.95686e-06
2.96823e-06
2.9794e-06
2.99038e-06
3.00118e-06
3.01182e-06
3.02231e-06
3.03269e-06
3.04299e-06
3.05325e-06
3.06353e-06
3.07387e-06
3.08427e-06
3.09452e-06
3.10375e-06
3.10881e-06
3.11027e-06
3.11822e-06
3.16168e-06
3.13678e-06
3.17548e-06
3.18103e-06
3.17194e-06
3.16081e-06
3.158e-06
3.15949e-06
3.16367e-06
3.17062e-06
3.18239e-06
0.000243944
0.000220844
0.000197253
0.000173282
0.000149123
0.000125067
0.000101594
7.94493e-05
5.95937e-05
4.27629e-05
2.95544e-05
1.99792e-05
1.35229e-05
9.37563e-06
6.78321e-06
5.20054e-06
4.22015e-06
3.61309e-06
3.23948e-06
3.01125e-06
2.87441e-06
2.79546e-06
2.75239e-06
2.73147e-06
2.72391e-06
2.72418e-06
2.72913e-06
2.73683e-06
2.74614e-06
2.75637e-06
2.7671e-06
2.77812e-06
2.78927e-06
2.80046e-06
2.81166e-06
2.82282e-06
2.83393e-06
2.84496e-06
2.85591e-06
2.86677e-06
2.87752e-06
2.88815e-06
2.89867e-06
2.90906e-06
2.91932e-06
2.92944e-06
2.93941e-06
2.94923e-06
2.9589e-06
2.96842e-06
2.97777e-06
2.98696e-06
2.996e-06
3.00488e-06
3.01361e-06
3.02219e-06
3.03065e-06
3.03899e-06
3.04724e-06
3.05543e-06
3.06362e-06
3.07187e-06
3.08029e-06
3.089e-06
3.0982e-06
3.10807e-06
3.11848e-06
3.12282e-06
3.12069e-06
3.12448e-06
3.16068e-06
3.14275e-06
3.17876e-06
3.18018e-06
3.16874e-06
3.85915e-05
2.89788e-05
2.14202e-05
1.57729e-05
1.16968e-05
8.83559e-06
6.86284e-06
5.51425e-06
4.60506e-06
3.98406e-06
3.56112e-06
3.27433e-06
3.08168e-06
2.95409e-06
2.87137e-06
2.81969e-06
2.78891e-06
2.77221e-06
2.76493e-06
2.76381e-06
2.76662e-06
2.77189e-06
2.7786e-06
2.78623e-06
2.7944e-06
2.80291e-06
2.81161e-06
2.82043e-06
2.82932e-06
2.83824e-06
2.84715e-06
2.85606e-06
2.86495e-06
2.87381e-06
2.88262e-06
2.89139e-06
2.90009e-06
2.90873e-06
2.9173e-06
2.92579e-06
2.9342e-06
2.94251e-06
2.95072e-06
2.95884e-06
2.96684e-06
2.97474e-06
2.98252e-06
2.99018e-06
2.99771e-06
3.00513e-06
3.01241e-06
3.01957e-06
3.0266e-06
3.0335e-06
3.04029e-06
3.04696e-06
3.05352e-06
3.06e-06
3.0664e-06
3.07277e-06
3.07914e-06
3.0856e-06
3.09224e-06
3.09925e-06
3.10691e-06
3.11569e-06
3.12531e-06
3.12921e-06
3.1293e-06
3.12913e-06
3.15907e-06
3.14758e-06
3.18071e-06
3.17816e-06
3.16494e-06
3.85102e-06
3.55833e-06
3.33906e-06
3.17641e-06
3.05698e-06
2.97047e-06
2.90888e-06
2.86609e-06
2.83736e-06
2.81893e-06
2.80805e-06
2.80264e-06
2.80114e-06
2.80241e-06
2.8056e-06
2.81011e-06
2.81551e-06
2.82146e-06
2.82777e-06
2.8343e-06
2.841e-06
2.8478e-06
2.85468e-06
2.86162e-06
2.86859e-06
2.87559e-06
2.8826e-06
2.88962e-06
2.89665e-06
2.90367e-06
2.91067e-06
2.91765e-06
2.92461e-06
2.93154e-06
2.93844e-06
2.94529e-06
2.95209e-06
2.95884e-06
2.96554e-06
2.97216e-06
2.97873e-06
2.98521e-06
2.99162e-06
2.99795e-06
3.0042e-06
3.01035e-06
3.01641e-06
3.02238e-06
3.02825e-06
3.03402e-06
3.03969e-06
3.04525e-06
3.05072e-06
3.05608e-06
3.06134e-06
3.0665e-06
3.07158e-06
3.07658e-06
3.0815e-06
3.08639e-06
3.09126e-06
3.09618e-06
3.10123e-06
3.10658e-06
3.11249e-06
3.11953e-06
3.12748e-06
3.13144e-06
3.13283e-06
3.13257e-06
3.15718e-06
3.15156e-06
3.18159e-06
3.17525e-06
3.16092e-06
2.85233e-06
2.84393e-06
2.83886e-06
2.83637e-06
2.83587e-06
2.83688e-06
2.83904e-06
2.84206e-06
2.84571e-06
2.84983e-06
2.85429e-06
2.859e-06
2.8639e-06
2.86894e-06
2.87409e-06
2.87928e-06
2.8845e-06
2.88977e-06
2.89509e-06
2.90044e-06
2.90583e-06
2.91124e-06
2.91668e-06
2.92214e-06
2.92762e-06
2.9331e-06
2.9386e-06
2.94409e-06
2.94958e-06
2.95507e-06
2.96054e-06
2.966e-06
2.97144e-06
2.97685e-06
2.98223e-06
2.98758e-06
2.9929e-06
2.99817e-06
3.00339e-06
3.00856e-06
3.01368e-06
3.01874e-06
3.02374e-06
3.02868e-06
3.03355e-06
3.03835e-06
3.04307e-06
3.04773e-06
3.0523e-06
3.0568e-06
3.06121e-06
3.06554e-06
3.0698e-06
3.07397e-06
3.07805e-06
3.08206e-06
3.08599e-06
3.08985e-06
3.09364e-06
3.09738e-06
3.10108e-06
3.10479e-06
3.10854e-06
3.11244e-06
3.11669e-06
3.12169e-06
3.12798e-06
3.13208e-06
3.13431e-06
3.13511e-06
3.1552e-06
3.15488e-06
3.1815e-06
3.17161e-06
3.1568e-06
2.87999e-06
2.88305e-06
2.8863e-06
2.88969e-06
2.89321e-06
2.89682e-06
2.90051e-06
2.90428e-06
2.9081e-06
2.91198e-06
2.91591e-06
2.91988e-06
2.92389e-06
2.92792e-06
2.93196e-06
2.93604e-06
2.94015e-06
2.94428e-06
2.94845e-06
2.95264e-06
2.95686e-06
2.96109e-06
2.96534e-06
2.96961e-06
2.97389e-06
2.97817e-06
2.98246e-06
2.98675e-06
2.99104e-06
2.99532e-06
2.99959e-06
3.00385e-06
3.0081e-06
3.01232e-06
3.01652e-06
3.0207e-06
3.02484e-06
3.02895e-06
3.03303e-06
3.03706e-06
3.04105e-06
3.045e-06
3.04891e-06
3.05276e-06
3.05656e-06
3.0603e-06
3.06399e-06
3.06762e-06
3.07119e-06
3.0747e-06
3.07815e-06
3.08153e-06
3.08485e-06
3.08811e-06
3.0913e-06
3.09443e-06
3.09749e-06
3.10049e-06
3.10343e-06
3.10632e-06
3.10917e-06
3.11198e-06
3.11478e-06
3.11762e-06
3.12059e-06
3.1239e-06
3.12808e-06
3.1321e-06
3.13493e-06
3.13698e-06
3.15324e-06
3.15771e-06
3.18052e-06
3.16743e-06
3.1528e-06
2.93566e-06
2.93842e-06
2.94122e-06
2.94405e-06
2.94692e-06
2.94983e-06
2.95277e-06
2.95574e-06
2.95875e-06
2.96179e-06
2.96486e-06
2.96795e-06
2.97105e-06
2.97418e-06
2.97734e-06
2.98052e-06
2.98372e-06
2.98695e-06
2.99021e-06
2.99348e-06
2.99677e-06
3.00007e-06
3.00339e-06
3.00672e-06
3.01005e-06
3.01339e-06
3.01674e-06
3.02008e-06
3.02343e-06
3.02676e-06
3.03009e-06
3.03342e-06
3.03672e-06
3.04002e-06
3.04329e-06
3.04654e-06
3.04978e-06
3.05298e-06
3.05616e-06
3.05931e-06
3.06242e-06
3.0655e-06
3.06855e-06
3.07156e-06
3.07452e-06
3.07745e-06
3.08033e-06
3.08317e-06
3.08596e-06
3.08871e-06
3.09141e-06
3.09406e-06
3.09666e-06
3.09921e-06
3.10172e-06
3.10417e-06
3.10658e-06
3.10894e-06
3.11125e-06
3.11352e-06
3.11575e-06
3.11794e-06
3.1201e-06
3.12225e-06
3.12442e-06
3.12665e-06
3.12907e-06
3.13207e-06
3.13518e-06
3.13836e-06
3.15141e-06
3.1601e-06
3.17868e-06
3.16286e-06
3.14924e-06
2.98035e-06
2.9825e-06
2.98469e-06
2.9869e-06
2.98914e-06
2.9914e-06
2.99369e-06
2.99601e-06
2.99835e-06
3.00071e-06
3.00309e-06
3.00548e-06
3.00789e-06
3.01033e-06
3.01279e-06
3.01527e-06
3.01777e-06
3.02028e-06
3.02282e-06
3.02536e-06
3.02793e-06
3.0305e-06
3.03308e-06
3.03567e-06
3.03827e-06
3.04087e-06
3.04347e-06
3.04608e-06
3.04868e-06
3.05128e-06
3.05387e-06
3.05646e-06
3.05903e-06
3.0616e-06
3.06415e-06
3.06668e-06
3.0692e-06
3.0717e-06
3.07417e-06
3.07663e-06
3.07906e-06
3.08146e-06
3.08383e-06
3.08618e-06
3.0885e-06
3.09079e-06
3.09304e-06
3.09526e-06
3.09745e-06
3.0996e-06
3.10172e-06
3.1038e-06
3.10585e-06
3.10786e-06
3.10983e-06
3.11177e-06
3.11368e-06
3.11555e-06
3.11739e-06
3.1192e-06
3.12097e-06
3.12273e-06
3.12446e-06
3.12618e-06
3.1279e-06
3.12963e-06
3.13144e-06
3.1334e-06
3.13578e-06
3.13939e-06
3.14975e-06
3.1619e-06
3.17603e-06
3.15799e-06
3.14738e-06
3.01528e-06
3.01696e-06
3.01866e-06
3.02037e-06
3.02211e-06
3.02387e-06
3.02565e-06
3.02745e-06
3.02926e-06
3.03108e-06
3.03292e-06
3.03478e-06
3.03666e-06
3.03855e-06
3.04047e-06
3.04239e-06
3.04433e-06
3.04629e-06
3.04826e-06
3.05024e-06
3.05223e-06
3.05423e-06
3.05623e-06
3.05825e-06
3.06026e-06
3.06229e-06
3.06431e-06
3.06633e-06
3.06835e-06
3.07037e-06
3.07239e-06
3.0744e-06
3.0764e-06
3.07839e-06
3.08037e-06
3.08235e-06
3.0843e-06
3.08625e-06
3.08817e-06
3.09008e-06
3.09198e-06
3.09385e-06
3.0957e-06
3.09753e-06
3.09934e-06
3.10113e-06
3.10289e-06
3.10463e-06
3.10634e-06
3.10803e-06
3.1097e-06
3.11133e-06
3.11295e-06
3.11454e-06
3.1161e-06
3.11764e-06
3.11916e-06
3.12066e-06
3.12214e-06
3.12359e-06
3.12503e-06
3.12646e-06
3.12788e-06
3.12929e-06
3.13071e-06
3.13215e-06
3.13364e-06
3.13527e-06
3.13723e-06
3.1402e-06
3.14822e-06
3.16144e-06
3.17259e-06
3.15318e-06
3.04257e-06
3.04387e-06
3.04518e-06
3.04651e-06
3.04786e-06
3.04922e-06
3.0506e-06
3.05199e-06
3.05338e-06
3.0548e-06
3.05622e-06
3.05766e-06
3.05912e-06
3.06059e-06
3.06207e-06
3.06356e-06
3.06507e-06
3.06658e-06
3.06811e-06
3.06964e-06
3.07118e-06
3.07273e-06
3.07428e-06
3.07584e-06
3.07741e-06
3.07897e-06
3.08054e-06
3.08211e-06
3.08367e-06
3.08524e-06
3.0868e-06
3.08836e-06
3.08991e-06
3.09145e-06
3.09299e-06
3.09452e-06
3.09604e-06
3.09755e-06
3.09904e-06
3.10053e-06
3.102e-06
3.10345e-06
3.10489e-06
3.10632e-06
3.10773e-06
3.10912e-06
3.1105e-06
3.11186e-06
3.1132e-06
3.11453e-06
3.11584e-06
3.11713e-06
3.11841e-06
3.11967e-06
3.12091e-06
3.12214e-06
3.12336e-06
3.12457e-06
3.12576e-06
3.12695e-06
3.12814e-06
3.12932e-06
3.13051e-06
3.1317e-06
3.1329e-06
3.13413e-06
3.13539e-06
3.13677e-06
3.13842e-06
3.14086e-06
3.14675e-06
3.16039e-06
3.16856e-06
3.14929e-06
3.06391e-06
3.06491e-06
3.06593e-06
3.06695e-06
3.06799e-06
3.06904e-06
3.07011e-06
3.07117e-06
3.07225e-06
3.07334e-06
3.07444e-06
3.07555e-06
3.07668e-06
3.07781e-06
3.07895e-06
3.08011e-06
3.08127e-06
3.08243e-06
3.08361e-06
3.08479e-06
3.08598e-06
3.08718e-06
3.08838e-06
3.08958e-06
3.09078e-06
3.09199e-06
3.0932e-06
3.09441e-06
3.09561e-06
3.09682e-06
3.09803e-06
3.09923e-06
3.10042e-06
3.10162e-06
3.1028e-06
3.10398e-06
3.10516e-06
3.10632e-06
3.10748e-06
3.10863e-06
3.10976e-06
3.11089e-06
3.11201e-06
3.11312e-06
3.11421e-06
3.1153e-06
3.11637e-06
3.11743e-06
3.11848e-06
3.11952e-06
3.12054e-06
3.12156e-06
3.12257e-06
3.12357e-06
3.12456e-06
3.12555e-06
3.12653e-06
3.12751e-06
3.12849e-06
3.12947e-06
3.13047e-06
3.13147e-06
3.13248e-06
3.13352e-06
3.13458e-06
3.13566e-06
3.13678e-06
3.13798e-06
3.13938e-06
3.14142e-06
3.14533e-06
3.1588e-06
3.16419e-06
3.14673e-06
3.0807e-06
3.08147e-06
3.08224e-06
3.08303e-06
3.08383e-06
3.08464e-06
3.08544e-06
3.08626e-06
3.08709e-06
3.08793e-06
3.08877e-06
3.08963e-06
3.09049e-06
3.09136e-06
3.09223e-06
3.09311e-06
3.094e-06
3.0949e-06
3.0958e-06
3.0967e-06
3.09761e-06
3.09853e-06
3.09945e-06
3.10036e-06
3.10129e-06
3.10221e-06
3.10313e-06
3.10406e-06
3.10498e-06
3.10591e-06
3.10683e-06
3.10774e-06
3.10866e-06
3.10957e-06
3.11048e-06
3.11138e-06
3.11228e-06
3.11317e-06
3.11406e-06
3.11494e-06
3.11581e-06
3.11667e-06
3.11753e-06
3.11838e-06
3.11922e-06
3.12006e-06
3.12089e-06
3.12171e-06
3.12252e-06
3.12333e-06
3.12413e-06
3.12493e-06
3.12573e-06
3.12652e-06
3.12731e-06
3.1281e-06
3.12889e-06
3.12969e-06
3.1305e-06
3.13132e-06
3.13216e-06
3.13302e-06
3.13392e-06
3.13485e-06
3.13582e-06
3.13683e-06
3.13787e-06
3.13893e-06
3.14014e-06
3.1419e-06
3.14401e-06
3.1567e-06
3.15987e-06
3.09419e-06
3.09477e-06
3.09536e-06
3.09596e-06
3.09656e-06
3.09717e-06
3.09779e-06
3.09841e-06
3.09903e-06
3.09967e-06
3.1003e-06
3.10095e-06
3.1016e-06
3.10226e-06
3.10292e-06
3.10358e-06
3.10425e-06
3.10493e-06
3.1056e-06
3.10628e-06
3.10697e-06
3.10766e-06
3.10834e-06
3.10904e-06
3.10973e-06
3.11042e-06
3.11111e-06
3.11181e-06
3.1125e-06
3.11319e-06
3.11388e-06
3.11457e-06
3.11525e-06
3.11593e-06
3.11661e-06
3.11729e-06
3.11796e-06
3.11862e-06
3.11928e-06
3.11994e-06
3.12059e-06
3.12124e-06
3.12188e-06
3.12252e-06
3.12315e-06
3.12378e-06
3.12441e-06
3.12503e-06
3.12565e-06
3.12627e-06
3.12688e-06
3.1275e-06
3.12812e-06
3.12873e-06
3.12936e-06
3.12999e-06
3.13062e-06
3.13127e-06
3.13194e-06
3.13262e-06
3.13334e-06
3.13409e-06
3.13489e-06
3.13574e-06
3.13666e-06
3.13763e-06
3.13863e-06
3.1396e-06
3.14064e-06
3.14155e-06
3.14286e-06
3.15424e-06
3.15651e-06
3.10589e-06
3.10631e-06
3.10674e-06
3.10718e-06
3.10762e-06
3.10806e-06
3.10851e-06
3.10895e-06
3.1094e-06
3.10986e-06
3.11031e-06
3.11077e-06
3.11123e-06
3.1117e-06
3.11217e-06
3.11264e-06
3.11311e-06
3.11359e-06
3.11407e-06
3.11455e-06
3.11504e-06
3.11552e-06
3.11601e-06
3.1165e-06
3.11699e-06
3.11747e-06
3.11796e-06
3.11845e-06
3.11894e-06
3.11942e-06
3.11991e-06
3.12039e-06
3.12087e-06
3.12135e-06
3.12182e-06
3.12229e-06
3.12276e-06
3.12322e-06
3.12368e-06
3.12414e-06
3.12459e-06
3.12504e-06
3.12549e-06
3.12593e-06
3.12638e-06
3.12682e-06
3.12726e-06
3.1277e-06
3.12814e-06
3.12858e-06
3.12903e-06
3.12949e-06
3.12995e-06
3.13042e-06
3.1309e-06
3.13139e-06
3.13189e-06
3.13241e-06
3.13295e-06
3.13351e-06
3.13412e-06
3.13476e-06
3.13547e-06
3.13626e-06
3.13712e-06
3.13808e-06
3.1391e-06
3.14006e-06
3.14057e-06
3.1411e-06
3.14185e-06
3.15179e-06
3.15398e-06
3.12046e-06
3.12056e-06
3.12066e-06
3.12076e-06
3.12087e-06
3.12098e-06
3.12109e-06
3.12122e-06
3.12134e-06
3.12148e-06
3.12162e-06
3.12177e-06
3.12193e-06
3.12209e-06
3.12226e-06
3.12244e-06
3.12263e-06
3.12283e-06
3.12303e-06
3.12324e-06
3.12346e-06
3.12368e-06
3.12391e-06
3.12415e-06
3.12439e-06
3.12463e-06
3.12488e-06
3.12513e-06
3.12538e-06
3.12564e-06
3.1259e-06
3.12615e-06
3.12641e-06
3.12667e-06
3.12692e-06
3.12718e-06
3.12743e-06
3.12768e-06
3.12792e-06
3.12817e-06
3.12841e-06
3.12865e-06
3.12889e-06
3.12913e-06
3.12936e-06
3.1296e-06
3.12984e-06
3.13008e-06
3.13033e-06
3.13058e-06
3.13085e-06
3.13113e-06
3.13143e-06
3.13175e-06
3.13209e-06
3.13245e-06
3.13283e-06
3.13323e-06
3.13365e-06
3.13411e-06
3.1346e-06
3.13514e-06
3.13575e-06
3.13645e-06
3.13725e-06
3.13818e-06
3.1393e-06
3.13983e-06
3.14026e-06
3.14063e-06
3.14094e-06
3.14935e-06
3.15177e-06
3.13065e-06
3.13069e-06
3.13072e-06
3.13075e-06
3.13077e-06
3.1308e-06
3.13084e-06
3.13087e-06
3.1309e-06
3.13094e-06
3.13098e-06
3.13102e-06
3.13107e-06
3.13111e-06
3.13116e-06
3.13121e-06
3.13126e-06
3.13131e-06
3.13137e-06
3.13142e-06
3.13148e-06
3.13154e-06
3.1316e-06
3.13166e-06
3.13173e-06
3.13179e-06
3.13185e-06
3.13192e-06
3.13198e-06
3.13205e-06
3.13211e-06
3.13217e-06
3.13223e-06
3.13229e-06
3.13235e-06
3.1324e-06
3.13245e-06
3.1325e-06
3.13255e-06
3.13259e-06
3.13262e-06
3.13265e-06
3.13268e-06
3.13269e-06
3.13271e-06
3.13272e-06
3.13272e-06
3.13272e-06
3.13272e-06
3.13272e-06
3.13273e-06
3.13276e-06
3.13283e-06
3.13295e-06
3.13312e-06
3.13333e-06
3.13358e-06
3.13386e-06
3.13417e-06
3.13452e-06
3.13491e-06
3.13534e-06
3.13584e-06
3.13643e-06
3.13713e-06
3.13796e-06
3.13896e-06
3.13946e-06
3.13988e-06
3.14018e-06
3.14019e-06
3.14704e-06
3.14989e-06
3.1336e-06
3.1336e-06
3.1336e-06
3.13361e-06
3.13361e-06
3.13362e-06
3.13363e-06
3.13363e-06
3.13364e-06
3.13365e-06
3.13367e-06
3.13368e-06
3.13369e-06
3.13371e-06
3.13373e-06
3.13374e-06
3.13376e-06
3.13379e-06
3.13381e-06
3.13383e-06
3.13386e-06
3.13388e-06
3.13391e-06
3.13394e-06
3.13396e-06
3.13399e-06
3.13402e-06
3.13405e-06
3.13408e-06
3.13411e-06
3.13414e-06
3.13417e-06
3.1342e-06
3.13423e-06
3.13426e-06
3.13428e-06
3.13431e-06
3.13433e-06
3.13435e-06
3.13437e-06
3.13439e-06
3.1344e-06
3.13442e-06
3.13442e-06
3.13443e-06
3.13443e-06
3.13443e-06
3.13442e-06
3.1344e-06
3.13439e-06
3.13436e-06
3.13433e-06
3.1343e-06
3.13427e-06
3.13424e-06
3.13423e-06
3.13427e-06
3.13441e-06
3.1346e-06
3.13484e-06
3.13512e-06
3.13546e-06
3.13585e-06
3.13633e-06
3.13691e-06
3.13764e-06
3.13853e-06
3.13903e-06
3.13946e-06
3.13977e-06
3.1398e-06
3.14491e-06
3.14822e-06
3.13453e-06
3.13452e-06
3.13451e-06
3.13451e-06
3.13451e-06
3.1345e-06
3.1345e-06
3.1345e-06
3.1345e-06
3.1345e-06
3.1345e-06
3.1345e-06
3.13451e-06
3.13451e-06
3.13452e-06
3.13453e-06
3.13454e-06
3.13455e-06
3.13456e-06
3.13457e-06
3.13459e-06
3.1346e-06
3.13462e-06
3.13463e-06
3.13465e-06
3.13467e-06
3.13469e-06
3.13471e-06
3.13473e-06
3.13475e-06
3.13477e-06
3.1348e-06
3.13482e-06
3.13484e-06
3.13487e-06
3.13489e-06
3.13491e-06
3.13493e-06
3.13496e-06
3.13498e-06
3.135e-06
3.13502e-06
3.13504e-06
3.13505e-06
3.13507e-06
3.13508e-06
3.1351e-06
3.13511e-06
3.13511e-06
3.13512e-06
3.13512e-06
3.13512e-06
3.13511e-06
3.1351e-06
3.13508e-06
3.13506e-06
3.13504e-06
3.13502e-06
3.13503e-06
3.13513e-06
3.1353e-06
3.13554e-06
3.13583e-06
3.1362e-06
3.13666e-06
3.13726e-06
3.13805e-06
3.13857e-06
3.139e-06
3.13933e-06
3.13946e-06
3.14303e-06
3.14669e-06
3.13471e-06
3.1347e-06
3.13469e-06
3.13469e-06
3.13468e-06
3.13467e-06
3.13467e-06
3.13466e-06
3.13466e-06
3.13466e-06
3.13465e-06
3.13465e-06
3.13465e-06
3.13466e-06
3.13466e-06
3.13466e-06
3.13467e-06
3.13467e-06
3.13468e-06
3.13469e-06
3.1347e-06
3.13471e-06
3.13472e-06
3.13474e-06
3.13475e-06
3.13477e-06
3.13478e-06
3.1348e-06
3.13482e-06
3.13484e-06
3.13486e-06
3.13488e-06
3.13491e-06
3.13493e-06
3.13496e-06
3.13498e-06
3.13501e-06
3.13503e-06
3.13506e-06
3.13509e-06
3.13512e-06
3.13514e-06
3.13517e-06
3.1352e-06
3.13523e-06
3.13526e-06
3.13529e-06
3.13532e-06
3.13535e-06
3.13537e-06
3.1354e-06
3.13542e-06
3.13544e-06
3.13546e-06
3.13548e-06
3.13549e-06
3.1355e-06
3.1355e-06
3.1355e-06
3.1355e-06
3.13552e-06
3.13563e-06
3.13582e-06
3.13609e-06
3.13644e-06
3.13691e-06
3.13755e-06
3.1381e-06
3.13853e-06
3.13886e-06
3.13896e-06
3.14143e-06
3.14523e-06
3.13458e-06
3.13457e-06
3.13456e-06
3.13455e-06
3.13454e-06
3.13453e-06
3.13453e-06
3.13452e-06
3.13451e-06
3.13451e-06
3.13451e-06
3.1345e-06
3.1345e-06
3.1345e-06
3.13451e-06
3.13451e-06
3.13451e-06
3.13452e-06
3.13452e-06
3.13453e-06
3.13454e-06
3.13455e-06
3.13456e-06
3.13457e-06
3.13459e-06
3.1346e-06
3.13462e-06
3.13464e-06
3.13466e-06
3.13468e-06
3.1347e-06
3.13472e-06
3.13475e-06
3.13477e-06
3.1348e-06
3.13483e-06
3.13486e-06
3.13489e-06
3.13493e-06
3.13496e-06
3.135e-06
3.13503e-06
3.13507e-06
3.13511e-06
3.13515e-06
3.1352e-06
3.13524e-06
3.13528e-06
3.13533e-06
3.13538e-06
3.13542e-06
3.13547e-06
3.13552e-06
3.13556e-06
3.1356e-06
3.13564e-06
3.13567e-06
3.1357e-06
3.13573e-06
3.13574e-06
3.13576e-06
3.13578e-06
3.13584e-06
3.13602e-06
3.13627e-06
3.13661e-06
3.13708e-06
3.13765e-06
3.13808e-06
3.1384e-06
3.13849e-06
3.1401e-06
3.14381e-06
3.13426e-06
3.13425e-06
3.13424e-06
3.13424e-06
3.13423e-06
3.13422e-06
3.13421e-06
3.13421e-06
3.1342e-06
3.1342e-06
3.1342e-06
3.1342e-06
3.1342e-06
3.1342e-06
3.1342e-06
3.1342e-06
3.13421e-06
3.13422e-06
3.13422e-06
3.13423e-06
3.13424e-06
3.13425e-06
3.13427e-06
3.13428e-06
3.1343e-06
3.13431e-06
3.13433e-06
3.13435e-06
3.13437e-06
3.1344e-06
3.13442e-06
3.13445e-06
3.13448e-06
3.13451e-06
3.13454e-06
3.13457e-06
3.13461e-06
3.13465e-06
3.13469e-06
3.13473e-06
3.13477e-06
3.13482e-06
3.13486e-06
3.13491e-06
3.13497e-06
3.13502e-06
3.13508e-06
3.13514e-06
3.1352e-06
3.13526e-06
3.13532e-06
3.13539e-06
3.13546e-06
3.13552e-06
3.13559e-06
3.13565e-06
3.1357e-06
3.13575e-06
3.13579e-06
3.13582e-06
3.13586e-06
3.13589e-06
3.13592e-06
3.13601e-06
3.13618e-06
3.13642e-06
3.13676e-06
3.13725e-06
3.13766e-06
3.13797e-06
3.13807e-06
3.13903e-06
3.14246e-06
3.13375e-06
3.13374e-06
3.13373e-06
3.13373e-06
3.13373e-06
3.13373e-06
3.13373e-06
3.13373e-06
3.13374e-06
3.13374e-06
3.13375e-06
3.13376e-06
3.13377e-06
3.13378e-06
3.13379e-06
3.1338e-06
3.13382e-06
3.13383e-06
3.13385e-06
3.13387e-06
3.13389e-06
3.13391e-06
3.13393e-06
3.13395e-06
3.13398e-06
3.134e-06
3.13403e-06
3.13406e-06
3.13409e-06
3.13412e-06
3.13415e-06
3.13419e-06
3.13422e-06
3.13426e-06
3.1343e-06
3.13434e-06
3.13439e-06
3.13443e-06
3.13448e-06
3.13453e-06
3.13459e-06
3.13464e-06
3.1347e-06
3.13476e-06
3.13483e-06
3.13489e-06
3.13496e-06
3.13503e-06
3.13509e-06
3.13516e-06
3.13523e-06
3.13531e-06
3.13538e-06
3.13545e-06
3.13553e-06
3.1356e-06
3.13567e-06
3.13573e-06
3.13579e-06
3.13583e-06
3.13587e-06
3.13591e-06
3.13596e-06
3.13604e-06
3.13616e-06
3.13632e-06
3.13655e-06
3.13691e-06
3.13729e-06
3.13758e-06
3.1377e-06
3.13821e-06
3.14117e-06
3.13285e-06
3.13288e-06
3.13292e-06
3.13296e-06
3.133e-06
3.13304e-06
3.13308e-06
3.13312e-06
3.13317e-06
3.13322e-06
3.13327e-06
3.13332e-06
3.13337e-06
3.13342e-06
3.13347e-06
3.13353e-06
3.13358e-06
3.13363e-06
3.13369e-06
3.13374e-06
3.1338e-06
3.13386e-06
3.13391e-06
3.13397e-06
3.13403e-06
3.13408e-06
3.13414e-06
3.1342e-06
3.13425e-06
3.13431e-06
3.13437e-06
3.13442e-06
3.13448e-06
3.13454e-06
3.13459e-06
3.13465e-06
3.1347e-06
3.13476e-06
3.13481e-06
3.13487e-06
3.13492e-06
3.13497e-06
3.13503e-06
3.13508e-06
3.13513e-06
3.13518e-06
3.13523e-06
3.13528e-06
3.13533e-06
3.13538e-06
3.13543e-06
3.13548e-06
3.13553e-06
3.13558e-06
3.13562e-06
3.13567e-06
3.13572e-06
3.13577e-06
3.13581e-06
3.13586e-06
3.13591e-06
3.13597e-06
3.13603e-06
3.13609e-06
3.13617e-06
3.13627e-06
3.13642e-06
3.13664e-06
3.13699e-06
3.13724e-06
3.13739e-06
3.13764e-06
3.13997e-06
3.1336e-06
3.13363e-06
3.13367e-06
3.13371e-06
3.13375e-06
3.13379e-06
3.13383e-06
3.13387e-06
3.13391e-06
3.13395e-06
3.134e-06
3.13404e-06
3.13408e-06
3.13412e-06
3.13417e-06
3.13421e-06
3.13425e-06
3.1343e-06
3.13434e-06
3.13438e-06
3.13443e-06
3.13447e-06
3.13452e-06
3.13456e-06
3.1346e-06
3.13465e-06
3.13469e-06
3.13474e-06
3.13478e-06
3.13483e-06
3.13487e-06
3.13491e-06
3.13496e-06
3.135e-06
3.13504e-06
3.13509e-06
3.13513e-06
3.13517e-06
3.13521e-06
3.13525e-06
3.13529e-06
3.13533e-06
3.13538e-06
3.13542e-06
3.13545e-06
3.13549e-06
3.13553e-06
3.13557e-06
3.13561e-06
3.13565e-06
3.13568e-06
3.13572e-06
3.13576e-06
3.13579e-06
3.13583e-06
3.13587e-06
3.1359e-06
3.13594e-06
3.13598e-06
3.13601e-06
3.13605e-06
3.13609e-06
3.13613e-06
3.13618e-06
3.13623e-06
3.1363e-06
3.13639e-06
3.13653e-06
3.13676e-06
3.13695e-06
3.13712e-06
3.13734e-06
3.13889e-06
3.13434e-06
3.13438e-06
3.13441e-06
3.13444e-06
3.13447e-06
3.13451e-06
3.13454e-06
3.13457e-06
3.13461e-06
3.13464e-06
3.13467e-06
3.13471e-06
3.13474e-06
3.13478e-06
3.13481e-06
3.13484e-06
3.13488e-06
3.13491e-06
3.13494e-06
3.13498e-06
3.13501e-06
3.13504e-06
3.13508e-06
3.13511e-06
3.13514e-06
3.13518e-06
3.13521e-06
3.13524e-06
3.13527e-06
3.1353e-06
3.13534e-06
3.13537e-06
3.1354e-06
3.13543e-06
3.13546e-06
3.13549e-06
3.13552e-06
3.13555e-06
3.13558e-06
3.13561e-06
3.13563e-06
3.13566e-06
3.13569e-06
3.13572e-06
3.13575e-06
3.13577e-06
3.1358e-06
3.13583e-06
3.13585e-06
3.13588e-06
3.13591e-06
3.13593e-06
3.13596e-06
3.13599e-06
3.13601e-06
3.13604e-06
3.13607e-06
3.13609e-06
3.13612e-06
3.13615e-06
3.13618e-06
3.13621e-06
3.13624e-06
3.13628e-06
3.13632e-06
3.13636e-06
3.1364e-06
3.13649e-06
3.1366e-06
3.13672e-06
3.13688e-06
3.13712e-06
3.13796e-06
3.13518e-06
3.13521e-06
3.13524e-06
3.13526e-06
3.13529e-06
3.13532e-06
3.13535e-06
3.13537e-06
3.1354e-06
3.13542e-06
3.13545e-06
3.13547e-06
3.1355e-06
3.13552e-06
3.13554e-06
3.13556e-06
3.13559e-06
3.13561e-06
3.13563e-06
3.13565e-06
3.13567e-06
3.13569e-06
3.13571e-06
3.13573e-06
3.13575e-06
3.13577e-06
3.13579e-06
3.1358e-06
3.13582e-06
3.13584e-06
3.13585e-06
3.13587e-06
3.13588e-06
3.1359e-06
3.13591e-06
3.13592e-06
3.13594e-06
3.13595e-06
3.13596e-06
3.13598e-06
3.13599e-06
3.136e-06
3.13601e-06
3.13603e-06
3.13604e-06
3.13605e-06
3.13607e-06
3.13608e-06
3.13609e-06
3.13611e-06
3.13612e-06
3.13614e-06
3.13615e-06
3.13617e-06
3.13618e-06
3.1362e-06
3.13622e-06
3.13624e-06
3.13626e-06
3.13628e-06
3.1363e-06
3.13632e-06
3.13635e-06
3.13637e-06
3.13641e-06
3.13643e-06
3.13645e-06
3.13647e-06
3.1365e-06
3.13656e-06
3.13667e-06
3.13685e-06
3.13722e-06
3.13651e-06
3.13652e-06
3.13653e-06
3.13654e-06
3.13655e-06
3.13655e-06
3.13656e-06
3.13656e-06
3.13657e-06
3.13657e-06
3.13657e-06
3.13657e-06
3.13658e-06
3.13658e-06
3.13658e-06
3.13658e-06
3.13658e-06
3.13658e-06
3.13658e-06
3.13658e-06
3.13657e-06
3.13657e-06
3.13657e-06
3.13656e-06
3.13656e-06
3.13656e-06
3.13655e-06
3.13655e-06
3.13654e-06
3.13653e-06
3.13653e-06
3.13652e-06
3.13651e-06
3.1365e-06
3.13649e-06
3.13648e-06
3.13647e-06
3.13646e-06
3.13645e-06
3.13643e-06
3.13642e-06
3.13641e-06
3.13639e-06
3.13638e-06
3.13637e-06
3.13636e-06
3.13635e-06
3.13635e-06
3.13635e-06
3.13635e-06
3.13635e-06
3.13635e-06
3.13636e-06
3.13636e-06
3.13636e-06
3.13636e-06
3.13637e-06
3.13637e-06
3.13638e-06
3.13639e-06
3.13641e-06
3.13642e-06
3.13644e-06
3.13644e-06
3.13643e-06
3.13643e-06
3.13643e-06
3.13643e-06
3.13643e-06
3.13645e-06
3.1365e-06
3.13659e-06
3.13666e-06
3.13719e-06
3.13719e-06
3.13719e-06
3.13718e-06
3.13718e-06
3.13717e-06
3.13717e-06
3.13716e-06
3.13715e-06
3.13714e-06
3.13714e-06
3.13713e-06
3.13712e-06
3.13711e-06
3.1371e-06
3.13709e-06
3.13708e-06
3.13707e-06
3.13706e-06
3.13705e-06
3.13704e-06
3.13703e-06
3.13702e-06
3.13701e-06
3.13699e-06
3.13698e-06
3.13697e-06
3.13695e-06
3.13694e-06
3.13693e-06
3.13691e-06
3.1369e-06
3.13688e-06
3.13687e-06
3.13685e-06
3.13684e-06
3.13682e-06
3.13681e-06
3.13679e-06
3.13678e-06
3.13676e-06
3.13674e-06
3.13673e-06
3.13671e-06
3.1367e-06
3.13668e-06
3.13667e-06
3.13665e-06
3.13664e-06
3.13662e-06
3.13661e-06
3.13659e-06
3.13658e-06
3.13656e-06
3.13655e-06
3.13653e-06
3.13652e-06
3.13651e-06
3.13649e-06
3.13648e-06
3.13647e-06
3.13645e-06
3.13644e-06
3.13643e-06
3.13641e-06
3.1364e-06
3.13639e-06
3.13639e-06
3.13638e-06
3.13638e-06
3.1364e-06
3.13639e-06
3.13629e-06
3.13626e-06
3.13749e-06
3.13749e-06
3.13748e-06
3.13747e-06
3.13746e-06
3.13745e-06
3.13744e-06
3.13743e-06
3.13742e-06
3.13741e-06
3.13739e-06
3.13738e-06
3.13737e-06
3.13736e-06
3.13734e-06
3.13733e-06
3.13731e-06
3.1373e-06
3.13728e-06
3.13727e-06
3.13725e-06
3.13724e-06
3.13722e-06
3.1372e-06
3.13719e-06
3.13717e-06
3.13715e-06
3.13713e-06
3.13712e-06
3.1371e-06
3.13708e-06
3.13706e-06
3.13704e-06
3.13702e-06
3.137e-06
3.13698e-06
3.13696e-06
3.13694e-06
3.13692e-06
3.1369e-06
3.13688e-06
3.13686e-06
3.13684e-06
3.13682e-06
3.1368e-06
3.13678e-06
3.13676e-06
3.13674e-06
3.13672e-06
3.1367e-06
3.13668e-06
3.13666e-06
3.13664e-06
3.13662e-06
3.1366e-06
3.13657e-06
3.13655e-06
3.13653e-06
3.13651e-06
3.13649e-06
3.13647e-06
3.13645e-06
3.13642e-06
3.1364e-06
3.13638e-06
3.13636e-06
3.13634e-06
3.13633e-06
3.13632e-06
3.13632e-06
3.13632e-06
3.13625e-06
3.13611e-06
3.13604e-06
3.1377e-06
3.13769e-06
3.13767e-06
3.13766e-06
3.13765e-06
3.13764e-06
3.13762e-06
3.13761e-06
3.1376e-06
3.13758e-06
3.13757e-06
3.13755e-06
3.13754e-06
3.13752e-06
3.1375e-06
3.13749e-06
3.13747e-06
3.13745e-06
3.13743e-06
3.13741e-06
3.13739e-06
3.13737e-06
3.13736e-06
3.13734e-06
3.13732e-06
3.13729e-06
3.13727e-06
3.13725e-06
3.13723e-06
3.13721e-06
3.13719e-06
3.13717e-06
3.13714e-06
3.13712e-06
3.1371e-06
3.13707e-06
3.13705e-06
3.13703e-06
3.13701e-06
3.13698e-06
3.13696e-06
3.13693e-06
3.13691e-06
3.13689e-06
3.13686e-06
3.13684e-06
3.13682e-06
3.13679e-06
3.13677e-06
3.13674e-06
3.13672e-06
3.13669e-06
3.13667e-06
3.13664e-06
3.13662e-06
3.13659e-06
3.13656e-06
3.13653e-06
3.13651e-06
3.13648e-06
3.13645e-06
3.13642e-06
3.13639e-06
3.13636e-06
3.13633e-06
3.1363e-06
3.13628e-06
3.13626e-06
3.13625e-06
3.13624e-06
3.13624e-06
3.13616e-06
3.13603e-06
3.13597e-06
3.13784e-06
3.13783e-06
3.13781e-06
3.1378e-06
3.13778e-06
3.13777e-06
3.13775e-06
3.13774e-06
3.13772e-06
3.1377e-06
3.13768e-06
3.13767e-06
3.13765e-06
3.13763e-06
3.13761e-06
3.13759e-06
3.13757e-06
3.13755e-06
3.13753e-06
3.13751e-06
3.13749e-06
3.13746e-06
3.13744e-06
3.13742e-06
3.1374e-06
3.13737e-06
3.13735e-06
3.13733e-06
3.1373e-06
3.13728e-06
3.13725e-06
3.13723e-06
3.1372e-06
3.13718e-06
3.13715e-06
3.13713e-06
3.1371e-06
3.13708e-06
3.13705e-06
3.13703e-06
3.137e-06
3.13697e-06
3.13695e-06
3.13692e-06
3.13689e-06
3.13687e-06
3.13684e-06
3.13681e-06
3.13679e-06
3.13676e-06
3.13673e-06
3.1367e-06
3.13667e-06
3.13664e-06
3.13661e-06
3.13658e-06
3.13655e-06
3.13652e-06
3.13648e-06
3.13645e-06
3.13641e-06
3.13638e-06
3.13634e-06
3.13631e-06
3.13627e-06
3.13624e-06
3.1362e-06
3.13618e-06
3.13616e-06
3.13615e-06
3.13615e-06
3.13611e-06
3.13608e-06
3.13597e-06
3.13796e-06
3.13795e-06
3.13793e-06
3.13791e-06
3.13789e-06
3.13787e-06
3.13785e-06
3.13783e-06
3.13781e-06
3.13779e-06
3.13777e-06
3.13775e-06
3.13773e-06
3.13771e-06
3.13768e-06
3.13766e-06
3.13764e-06
3.13762e-06
3.13759e-06
3.13757e-06
3.13754e-06
3.13752e-06
3.13749e-06
3.13747e-06
3.13744e-06
3.13742e-06
3.13739e-06
3.13737e-06
3.13734e-06
3.13731e-06
3.13729e-06
3.13726e-06
3.13723e-06
3.13721e-06
3.13718e-06
3.13715e-06
3.13712e-06
3.1371e-06
3.13707e-06
3.13704e-06
3.13701e-06
3.13698e-06
3.13695e-06
3.13692e-06
3.13689e-06
3.13686e-06
3.13683e-06
3.1368e-06
3.13677e-06
3.13674e-06
3.13671e-06
3.13668e-06
3.13665e-06
3.13661e-06
3.13658e-06
3.13655e-06
3.13651e-06
3.13647e-06
3.13644e-06
3.1364e-06
3.13636e-06
3.13632e-06
3.13628e-06
3.13624e-06
3.1362e-06
3.13616e-06
3.13612e-06
3.13608e-06
3.13605e-06
3.13604e-06
3.13604e-06
3.13603e-06
3.13606e-06
3.136e-06
3.13807e-06
3.13806e-06
3.13803e-06
3.13801e-06
3.13799e-06
3.13797e-06
3.13794e-06
3.13792e-06
3.1379e-06
3.13787e-06
3.13785e-06
3.13782e-06
3.1378e-06
3.13777e-06
3.13775e-06
3.13772e-06
3.13769e-06
3.13767e-06
3.13764e-06
3.13761e-06
3.13758e-06
3.13756e-06
3.13753e-06
3.1375e-06
3.13747e-06
3.13744e-06
3.13741e-06
3.13738e-06
3.13735e-06
3.13732e-06
3.13729e-06
3.13726e-06
3.13723e-06
3.1372e-06
3.13717e-06
3.13714e-06
3.13711e-06
3.13708e-06
3.13705e-06
3.13702e-06
3.13699e-06
3.13696e-06
3.13693e-06
3.13689e-06
3.13686e-06
3.13683e-06
3.1368e-06
3.13676e-06
3.13673e-06
3.1367e-06
3.13666e-06
3.13663e-06
3.13659e-06
3.13655e-06
3.13652e-06
3.13648e-06
3.13644e-06
3.1364e-06
3.13636e-06
3.13632e-06
3.13628e-06
3.13624e-06
3.13619e-06
3.13615e-06
3.1361e-06
3.13606e-06
3.13601e-06
3.13597e-06
3.13594e-06
3.13592e-06
3.13592e-06
3.13593e-06
3.136e-06
3.13597e-06
3.13818e-06
3.13816e-06
3.13813e-06
3.13811e-06
3.13808e-06
3.13805e-06
3.13803e-06
3.138e-06
3.13797e-06
3.13794e-06
3.13791e-06
3.13788e-06
3.13785e-06
3.13783e-06
3.13779e-06
3.13776e-06
3.13773e-06
3.1377e-06
3.13767e-06
3.13764e-06
3.13761e-06
3.13758e-06
3.13754e-06
3.13751e-06
3.13748e-06
3.13745e-06
3.13741e-06
3.13738e-06
3.13735e-06
3.13731e-06
3.13728e-06
3.13725e-06
3.13721e-06
3.13718e-06
3.13714e-06
3.13711e-06
3.13708e-06
3.13704e-06
3.13701e-06
3.13697e-06
3.13694e-06
3.1369e-06
3.13687e-06
3.13683e-06
3.1368e-06
3.13676e-06
3.13673e-06
3.13669e-06
3.13665e-06
3.13662e-06
3.13658e-06
3.13654e-06
3.1365e-06
3.13646e-06
3.13642e-06
3.13638e-06
3.13634e-06
3.1363e-06
3.13626e-06
3.13622e-06
3.13617e-06
3.13613e-06
3.13608e-06
3.13603e-06
3.13599e-06
3.13594e-06
3.13589e-06
3.13585e-06
3.13581e-06
3.13578e-06
3.13578e-06
3.1358e-06
3.1359e-06
3.1359e-06
3.13826e-06
3.13823e-06
3.1382e-06
3.13817e-06
3.13814e-06
3.13811e-06
3.13808e-06
3.13805e-06
3.13801e-06
3.13798e-06
3.13795e-06
3.13792e-06
3.13788e-06
3.13785e-06
3.13781e-06
3.13778e-06
3.13775e-06
3.13771e-06
3.13768e-06
3.13764e-06
3.1376e-06
3.13757e-06
3.13753e-06
3.1375e-06
3.13746e-06
3.13742e-06
3.13738e-06
3.13735e-06
3.13731e-06
3.13727e-06
3.13724e-06
3.1372e-06
3.13716e-06
3.13712e-06
3.13708e-06
3.13705e-06
3.13701e-06
3.13697e-06
3.13693e-06
3.13689e-06
3.13685e-06
3.13681e-06
3.13678e-06
3.13674e-06
3.1367e-06
3.13666e-06
3.13662e-06
3.13658e-06
3.13654e-06
3.1365e-06
3.13646e-06
3.13642e-06
3.13638e-06
3.13633e-06
3.13629e-06
3.13625e-06
3.13621e-06
3.13616e-06
3.13612e-06
3.13608e-06
3.13603e-06
3.13599e-06
3.13594e-06
3.13589e-06
3.13585e-06
3.1358e-06
3.13575e-06
3.1357e-06
3.13566e-06
3.13563e-06
3.13562e-06
3.13564e-06
3.13576e-06
3.1358e-06
3.13826e-06
3.13823e-06
3.13819e-06
3.13816e-06
3.13813e-06
3.13809e-06
3.13806e-06
3.13803e-06
3.13799e-06
3.13796e-06
3.13792e-06
3.13789e-06
3.13785e-06
3.13781e-06
3.13778e-06
3.13774e-06
3.1377e-06
3.13766e-06
3.13763e-06
3.13759e-06
3.13755e-06
3.13751e-06
3.13747e-06
3.13743e-06
3.13739e-06
3.13735e-06
3.13731e-06
3.13727e-06
3.13723e-06
3.13719e-06
3.13715e-06
3.13711e-06
3.13706e-06
3.13702e-06
3.13698e-06
3.13694e-06
3.1369e-06
3.13686e-06
3.13681e-06
3.13677e-06
3.13673e-06
3.13669e-06
3.13664e-06
3.1366e-06
3.13656e-06
3.13651e-06
3.13647e-06
3.13643e-06
3.13638e-06
3.13634e-06
3.1363e-06
3.13625e-06
3.13621e-06
3.13616e-06
3.13612e-06
3.13608e-06
3.13603e-06
3.13599e-06
3.13594e-06
3.1359e-06
3.13585e-06
3.13581e-06
3.13576e-06
3.13572e-06
3.13567e-06
3.13563e-06
3.13558e-06
3.13553e-06
3.13549e-06
3.13546e-06
3.13544e-06
3.13546e-06
3.13559e-06
3.13567e-06
3.13816e-06
3.13812e-06
3.13809e-06
3.13805e-06
3.13802e-06
3.13798e-06
3.13794e-06
3.13791e-06
3.13787e-06
3.13784e-06
3.1378e-06
3.13776e-06
3.13772e-06
3.13769e-06
3.13765e-06
3.13761e-06
3.13757e-06
3.13753e-06
3.13749e-06
3.13745e-06
3.13741e-06
3.13737e-06
3.13733e-06
3.13729e-06
3.13725e-06
3.13721e-06
3.13716e-06
3.13712e-06
3.13708e-06
3.13704e-06
3.13699e-06
3.13695e-06
3.13691e-06
3.13686e-06
3.13682e-06
3.13677e-06
3.13673e-06
3.13669e-06
3.13664e-06
3.1366e-06
3.13655e-06
3.1365e-06
3.13646e-06
3.13641e-06
3.13637e-06
3.13632e-06
3.13628e-06
3.13623e-06
3.13618e-06
3.13614e-06
3.13609e-06
3.13604e-06
3.136e-06
3.13595e-06
3.1359e-06
3.13586e-06
3.13581e-06
3.13577e-06
3.13572e-06
3.13568e-06
3.13563e-06
3.13559e-06
3.13555e-06
3.1355e-06
3.13546e-06
3.13542e-06
3.13538e-06
3.13534e-06
3.13529e-06
3.13526e-06
3.13524e-06
3.13525e-06
3.13539e-06
3.13551e-06
3.13793e-06
3.1379e-06
3.13786e-06
3.13782e-06
3.13779e-06
3.13775e-06
3.13771e-06
3.13768e-06
3.13764e-06
3.1376e-06
3.13757e-06
3.13753e-06
3.13749e-06
3.13745e-06
3.13741e-06
3.13738e-06
3.13734e-06
3.1373e-06
3.13726e-06
3.13722e-06
3.13718e-06
3.13714e-06
3.1371e-06
3.13706e-06
3.13702e-06
3.13697e-06
3.13693e-06
3.13689e-06
3.13685e-06
3.1368e-06
3.13676e-06
3.13672e-06
3.13667e-06
3.13663e-06
3.13658e-06
3.13654e-06
3.13649e-06
3.13645e-06
3.1364e-06
3.13635e-06
3.13631e-06
3.13626e-06
3.13621e-06
3.13617e-06
3.13612e-06
3.13607e-06
3.13602e-06
3.13597e-06
3.13593e-06
3.13588e-06
3.13583e-06
3.13578e-06
3.13574e-06
3.13569e-06
3.13564e-06
3.13559e-06
3.13555e-06
3.1355e-06
3.13546e-06
3.13541e-06
3.13537e-06
3.13533e-06
3.13529e-06
3.13525e-06
3.13521e-06
3.13517e-06
3.13514e-06
3.1351e-06
3.13507e-06
3.13503e-06
3.13501e-06
3.13502e-06
3.13516e-06
3.13531e-06
3.13759e-06
3.13755e-06
3.13752e-06
3.13748e-06
3.13744e-06
3.1374e-06
3.13737e-06
3.13733e-06
3.13729e-06
3.13726e-06
3.13722e-06
3.13718e-06
3.13714e-06
3.13711e-06
3.13707e-06
3.13703e-06
3.13699e-06
3.13696e-06
3.13692e-06
3.13688e-06
3.13684e-06
3.1368e-06
3.13676e-06
3.13672e-06
3.13668e-06
3.13664e-06
3.1366e-06
3.13656e-06
3.13652e-06
3.13648e-06
3.13643e-06
3.13639e-06
3.13635e-06
3.1363e-06
3.13626e-06
3.13622e-06
3.13617e-06
3.13613e-06
3.13608e-06
3.13603e-06
3.13599e-06
3.13594e-06
3.1359e-06
3.13585e-06
3.1358e-06
3.13575e-06
3.13571e-06
3.13566e-06
3.13561e-06
3.13556e-06
3.13551e-06
3.13547e-06
3.13542e-06
3.13537e-06
3.13532e-06
3.13528e-06
3.13523e-06
3.13519e-06
3.13514e-06
3.1351e-06
3.13506e-06
3.13502e-06
3.13498e-06
3.13495e-06
3.13492e-06
3.13489e-06
3.13486e-06
3.13483e-06
3.1348e-06
3.13478e-06
3.13475e-06
3.13476e-06
3.13489e-06
3.13507e-06
3.13715e-06
3.13711e-06
3.13707e-06
3.13703e-06
3.137e-06
3.13696e-06
3.13692e-06
3.13688e-06
3.13685e-06
3.13681e-06
3.13677e-06
3.13673e-06
3.1367e-06
3.13666e-06
3.13662e-06
3.13659e-06
3.13655e-06
3.13651e-06
3.13647e-06
3.13644e-06
3.1364e-06
3.13636e-06
3.13632e-06
3.13629e-06
3.13625e-06
3.13621e-06
3.13617e-06
3.13613e-06
3.13609e-06
3.13605e-06
3.13601e-06
3.13597e-06
3.13593e-06
3.13589e-06
3.13585e-06
3.13581e-06
3.13576e-06
3.13572e-06
3.13568e-06
3.13563e-06
3.13559e-06
3.13554e-06
3.1355e-06
3.13545e-06
3.13541e-06
3.13536e-06
3.13532e-06
3.13527e-06
3.13522e-06
3.13518e-06
3.13513e-06
3.13509e-06
3.13504e-06
3.13499e-06
3.13495e-06
3.1349e-06
3.13486e-06
3.13482e-06
3.13478e-06
3.13474e-06
3.1347e-06
3.13467e-06
3.13463e-06
3.1346e-06
3.13458e-06
3.13455e-06
3.13453e-06
3.13451e-06
3.1345e-06
3.13448e-06
3.13446e-06
3.13446e-06
3.13459e-06
3.13478e-06
3.13663e-06
3.13659e-06
3.13655e-06
3.13651e-06
3.13647e-06
3.13643e-06
3.13639e-06
3.13635e-06
3.13631e-06
3.13627e-06
3.13624e-06
3.1362e-06
3.13616e-06
3.13612e-06
3.13609e-06
3.13605e-06
3.13601e-06
3.13598e-06
3.13594e-06
3.1359e-06
3.13587e-06
3.13583e-06
3.13579e-06
3.13576e-06
3.13572e-06
3.13568e-06
3.13565e-06
3.13561e-06
3.13557e-06
3.13554e-06
3.1355e-06
3.13546e-06
3.13542e-06
3.13538e-06
3.13534e-06
3.13531e-06
3.13527e-06
3.13523e-06
3.13519e-06
3.13515e-06
3.1351e-06
3.13506e-06
3.13502e-06
3.13498e-06
3.13494e-06
3.1349e-06
3.13485e-06
3.13481e-06
3.13477e-06
3.13472e-06
3.13468e-06
3.13464e-06
3.1346e-06
3.13455e-06
3.13451e-06
3.13447e-06
3.13443e-06
3.13439e-06
3.13436e-06
3.13432e-06
3.13429e-06
3.13426e-06
3.13423e-06
3.13421e-06
3.13419e-06
3.13417e-06
3.13416e-06
3.13415e-06
3.13415e-06
3.13414e-06
3.13414e-06
3.13414e-06
3.13425e-06
3.13446e-06
3.13604e-06
3.136e-06
3.13595e-06
3.13591e-06
3.13587e-06
3.13583e-06
3.13578e-06
3.13574e-06
3.1357e-06
3.13566e-06
3.13562e-06
3.13559e-06
3.13555e-06
3.13551e-06
3.13547e-06
3.13543e-06
3.1354e-06
3.13536e-06
3.13532e-06
3.13529e-06
3.13525e-06
3.13522e-06
3.13518e-06
3.13514e-06
3.13511e-06
3.13507e-06
3.13504e-06
3.135e-06
3.13497e-06
3.13493e-06
3.1349e-06
3.13486e-06
3.13483e-06
3.13479e-06
3.13475e-06
3.13472e-06
3.13468e-06
3.13465e-06
3.13461e-06
3.13457e-06
3.13454e-06
3.1345e-06
3.13446e-06
3.13442e-06
3.13439e-06
3.13435e-06
3.13431e-06
3.13427e-06
3.13423e-06
3.1342e-06
3.13416e-06
3.13412e-06
3.13408e-06
3.13404e-06
3.13401e-06
3.13397e-06
3.13394e-06
3.13391e-06
3.13387e-06
3.13384e-06
3.13382e-06
3.13379e-06
3.13377e-06
3.13376e-06
3.13374e-06
3.13374e-06
3.13373e-06
3.13374e-06
3.13374e-06
3.13375e-06
3.13376e-06
3.13377e-06
3.13388e-06
3.13409e-06
3.1354e-06
3.13535e-06
3.1353e-06
3.13525e-06
3.13521e-06
3.13516e-06
3.13512e-06
3.13507e-06
3.13503e-06
3.13499e-06
3.13495e-06
3.1349e-06
3.13486e-06
3.13482e-06
3.13478e-06
3.13475e-06
3.13471e-06
3.13467e-06
3.13463e-06
3.1346e-06
3.13456e-06
3.13452e-06
3.13449e-06
3.13445e-06
3.13442e-06
3.13438e-06
3.13435e-06
3.13431e-06
3.13428e-06
3.13425e-06
3.13421e-06
3.13418e-06
3.13415e-06
3.13411e-06
3.13408e-06
3.13405e-06
3.13401e-06
3.13398e-06
3.13395e-06
3.13391e-06
3.13388e-06
3.13385e-06
3.13382e-06
3.13378e-06
3.13375e-06
3.13372e-06
3.13369e-06
3.13365e-06
3.13362e-06
3.13359e-06
3.13356e-06
3.13353e-06
3.13349e-06
3.13346e-06
3.13343e-06
3.1334e-06
3.13338e-06
3.13335e-06
3.13333e-06
3.13331e-06
3.13329e-06
3.13327e-06
3.13326e-06
3.13325e-06
3.13324e-06
3.13325e-06
3.13325e-06
3.13327e-06
3.13329e-06
3.13331e-06
3.13334e-06
3.13335e-06
3.13346e-06
3.13367e-06
3.13469e-06
3.13464e-06
3.13458e-06
3.13453e-06
3.13448e-06
3.13443e-06
3.13438e-06
3.13434e-06
3.13429e-06
3.13424e-06
3.1342e-06
3.13415e-06
3.13411e-06
3.13407e-06
3.13402e-06
3.13398e-06
3.13394e-06
3.1339e-06
3.13386e-06
3.13383e-06
3.13379e-06
3.13375e-06
3.13372e-06
3.13368e-06
3.13364e-06
3.13361e-06
3.13358e-06
3.13354e-06
3.13351e-06
3.13348e-06
3.13344e-06
3.13341e-06
3.13338e-06
3.13335e-06
3.13332e-06
3.13329e-06
3.13326e-06
3.13323e-06
3.1332e-06
3.13317e-06
3.13314e-06
3.13312e-06
3.13309e-06
3.13306e-06
3.13303e-06
3.13301e-06
3.13298e-06
3.13295e-06
3.13293e-06
3.1329e-06
3.13288e-06
3.13285e-06
3.13283e-06
3.13281e-06
3.13279e-06
3.13276e-06
3.13274e-06
3.13273e-06
3.13271e-06
3.1327e-06
3.13269e-06
3.13268e-06
3.13268e-06
3.13268e-06
3.13269e-06
3.1327e-06
3.13272e-06
3.13274e-06
3.13277e-06
3.13281e-06
3.13285e-06
3.13288e-06
3.13299e-06
3.13319e-06
3.13392e-06
3.13386e-06
3.1338e-06
3.13374e-06
3.13368e-06
3.13363e-06
3.13357e-06
3.13352e-06
3.13347e-06
3.13342e-06
3.13337e-06
3.13332e-06
3.13327e-06
3.13323e-06
3.13318e-06
3.13314e-06
3.1331e-06
3.13306e-06
3.13301e-06
3.13297e-06
3.13294e-06
3.1329e-06
3.13286e-06
3.13282e-06
3.13279e-06
3.13275e-06
3.13272e-06
3.13269e-06
3.13265e-06
3.13262e-06
3.13259e-06
3.13256e-06
3.13253e-06
3.1325e-06
3.13248e-06
3.13245e-06
3.13242e-06
3.1324e-06
3.13237e-06
3.13235e-06
3.13232e-06
3.1323e-06
3.13227e-06
3.13225e-06
3.13223e-06
3.13221e-06
3.13219e-06
3.13217e-06
3.13215e-06
3.13213e-06
3.13212e-06
3.1321e-06
3.13208e-06
3.13207e-06
3.13206e-06
3.13205e-06
3.13204e-06
3.13203e-06
3.13202e-06
3.13202e-06
3.13202e-06
3.13202e-06
3.13203e-06
3.13204e-06
3.13206e-06
3.13208e-06
3.13211e-06
3.13215e-06
3.1322e-06
3.13225e-06
3.1323e-06
3.13235e-06
3.13246e-06
3.13265e-06
3.13305e-06
3.13298e-06
3.13292e-06
3.13285e-06
3.13279e-06
3.13273e-06
3.13267e-06
3.13261e-06
3.13256e-06
3.1325e-06
3.13245e-06
3.1324e-06
3.13235e-06
3.1323e-06
3.13225e-06
3.1322e-06
3.13216e-06
3.13211e-06
3.13207e-06
3.13203e-06
3.13199e-06
3.13195e-06
3.13191e-06
3.13188e-06
3.13184e-06
3.1318e-06
3.13177e-06
3.13174e-06
3.13171e-06
3.13168e-06
3.13165e-06
3.13162e-06
3.13159e-06
3.13157e-06
3.13154e-06
3.13152e-06
3.13149e-06
3.13147e-06
3.13145e-06
3.13143e-06
3.13141e-06
3.13139e-06
3.13137e-06
3.13136e-06
3.13134e-06
3.13133e-06
3.13131e-06
3.1313e-06
3.13129e-06
3.13128e-06
3.13127e-06
3.13126e-06
3.13126e-06
3.13125e-06
3.13125e-06
3.13125e-06
3.13125e-06
3.13125e-06
3.13126e-06
3.13126e-06
3.13128e-06
3.13129e-06
3.13131e-06
3.13133e-06
3.13136e-06
3.1314e-06
3.13144e-06
3.13149e-06
3.13155e-06
3.13161e-06
3.13168e-06
3.13175e-06
3.13187e-06
3.13204e-06
3.13208e-06
3.132e-06
3.13193e-06
3.13186e-06
3.13179e-06
3.13172e-06
3.13166e-06
3.1316e-06
3.13153e-06
3.13148e-06
3.13142e-06
3.13136e-06
3.13131e-06
3.13126e-06
3.13121e-06
3.13116e-06
3.13111e-06
3.13106e-06
3.13102e-06
3.13098e-06
3.13093e-06
3.1309e-06
3.13086e-06
3.13082e-06
3.13079e-06
3.13075e-06
3.13072e-06
3.13069e-06
3.13066e-06
3.13063e-06
3.1306e-06
3.13058e-06
3.13055e-06
3.13053e-06
3.13051e-06
3.13049e-06
3.13047e-06
3.13045e-06
3.13043e-06
3.13042e-06
3.1304e-06
3.13039e-06
3.13038e-06
3.13037e-06
3.13036e-06
3.13035e-06
3.13034e-06
3.13034e-06
3.13034e-06
3.13034e-06
3.13033e-06
3.13034e-06
3.13034e-06
3.13035e-06
3.13035e-06
3.13036e-06
3.13037e-06
3.13039e-06
3.13041e-06
3.13043e-06
3.13045e-06
3.13048e-06
3.13051e-06
3.13055e-06
3.13059e-06
3.13064e-06
3.13069e-06
3.13075e-06
3.13082e-06
3.1309e-06
3.13099e-06
3.13107e-06
3.1312e-06
3.13136e-06
3.13096e-06
3.13088e-06
3.1308e-06
3.13073e-06
3.13065e-06
3.13058e-06
3.13051e-06
3.13044e-06
3.13038e-06
3.13031e-06
3.13025e-06
3.13019e-06
3.13014e-06
3.13008e-06
3.13003e-06
3.12998e-06
3.12993e-06
3.12989e-06
3.12984e-06
3.1298e-06
3.12976e-06
3.12972e-06
3.12968e-06
3.12965e-06
3.12961e-06
3.12958e-06
3.12955e-06
3.12952e-06
3.12949e-06
3.12947e-06
3.12945e-06
3.12942e-06
3.1294e-06
3.12938e-06
3.12937e-06
3.12935e-06
3.12934e-06
3.12932e-06
3.12931e-06
3.1293e-06
3.1293e-06
3.12929e-06
3.12928e-06
3.12928e-06
3.12928e-06
3.12928e-06
3.12928e-06
3.12929e-06
3.12929e-06
3.1293e-06
3.12931e-06
3.12932e-06
3.12933e-06
3.12935e-06
3.12937e-06
3.12939e-06
3.12941e-06
3.12944e-06
3.12947e-06
3.1295e-06
3.12954e-06
3.12958e-06
3.12962e-06
3.12967e-06
3.12973e-06
3.12979e-06
3.12986e-06
3.12993e-06
3.13002e-06
3.13011e-06
3.1302e-06
3.1303e-06
3.13044e-06
3.13059e-06
3.12969e-06
3.1296e-06
3.12951e-06
3.12943e-06
3.12935e-06
3.12928e-06
3.1292e-06
3.12913e-06
3.12906e-06
3.129e-06
3.12894e-06
3.12888e-06
3.12882e-06
3.12876e-06
3.12871e-06
3.12866e-06
3.12861e-06
3.12857e-06
3.12852e-06
3.12848e-06
3.12844e-06
3.12841e-06
3.12837e-06
3.12834e-06
3.12831e-06
3.12828e-06
3.12825e-06
3.12823e-06
3.12821e-06
3.12819e-06
3.12817e-06
3.12815e-06
3.12814e-06
3.12812e-06
3.12811e-06
3.1281e-06
3.1281e-06
3.12809e-06
3.12809e-06
3.12808e-06
3.12808e-06
3.12808e-06
3.12809e-06
3.12809e-06
3.1281e-06
3.12811e-06
3.12812e-06
3.12813e-06
3.12815e-06
3.12817e-06
3.12819e-06
3.12821e-06
3.12823e-06
3.12826e-06
3.12829e-06
3.12832e-06
3.12836e-06
3.12839e-06
3.12844e-06
3.12848e-06
3.12853e-06
3.12859e-06
3.12864e-06
3.12871e-06
3.12878e-06
3.12885e-06
3.12893e-06
3.12902e-06
3.12911e-06
3.12922e-06
3.12932e-06
3.12943e-06
3.12958e-06
3.12973e-06
3.12821e-06
3.12812e-06
3.12803e-06
3.12794e-06
3.12786e-06
3.12778e-06
3.1277e-06
3.12763e-06
3.12756e-06
3.1275e-06
3.12744e-06
3.12738e-06
3.12732e-06
3.12727e-06
3.12722e-06
3.12717e-06
3.12713e-06
3.12708e-06
3.12704e-06
3.12701e-06
3.12697e-06
3.12694e-06
3.12691e-06
3.12689e-06
3.12686e-06
3.12684e-06
3.12682e-06
3.1268e-06
3.12679e-06
3.12677e-06
3.12676e-06
3.12675e-06
3.12675e-06
3.12674e-06
3.12674e-06
3.12674e-06
3.12674e-06
3.12674e-06
3.12674e-06
3.12675e-06
3.12676e-06
3.12677e-06
3.12678e-06
3.1268e-06
3.12682e-06
3.12683e-06
3.12686e-06
3.12688e-06
3.1269e-06
3.12693e-06
3.12696e-06
3.127e-06
3.12703e-06
3.12707e-06
3.12711e-06
3.12715e-06
3.1272e-06
3.12725e-06
3.12731e-06
3.12737e-06
3.12743e-06
3.12749e-06
3.12757e-06
3.12764e-06
3.12772e-06
3.12781e-06
3.1279e-06
3.128e-06
3.12811e-06
3.12822e-06
3.12834e-06
3.12846e-06
3.12861e-06
3.12875e-06
3.1265e-06
3.12641e-06
3.12632e-06
3.12623e-06
3.12614e-06
3.12607e-06
3.12599e-06
3.12592e-06
3.12585e-06
3.12579e-06
3.12573e-06
3.12568e-06
3.12563e-06
3.12558e-06
3.12554e-06
3.12549e-06
3.12546e-06
3.12542e-06
3.12539e-06
3.12536e-06
3.12534e-06
3.12531e-06
3.12529e-06
3.12527e-06
3.12526e-06
3.12525e-06
3.12524e-06
3.12523e-06
3.12522e-06
3.12522e-06
3.12522e-06
3.12522e-06
3.12523e-06
3.12523e-06
3.12524e-06
3.12525e-06
3.12526e-06
3.12527e-06
3.12529e-06
3.12531e-06
3.12533e-06
3.12535e-06
3.12537e-06
3.1254e-06
3.12543e-06
3.12546e-06
3.12549e-06
3.12552e-06
3.12556e-06
3.1256e-06
3.12564e-06
3.12568e-06
3.12573e-06
3.12578e-06
3.12583e-06
3.12589e-06
3.12595e-06
3.12601e-06
3.12608e-06
3.12615e-06
3.12622e-06
3.1263e-06
3.12638e-06
3.12647e-06
3.12656e-06
3.12666e-06
3.12676e-06
3.12687e-06
3.12699e-06
3.1271e-06
3.12723e-06
3.12736e-06
3.12751e-06
3.12765e-06
3.12447e-06
3.12438e-06
3.12429e-06
3.12421e-06
3.12413e-06
3.12406e-06
3.124e-06
3.12394e-06
3.12388e-06
3.12383e-06
3.12378e-06
3.12374e-06
3.1237e-06
3.12366e-06
3.12363e-06
3.1236e-06
3.12358e-06
3.12356e-06
3.12354e-06
3.12352e-06
3.12351e-06
3.1235e-06
3.1235e-06
3.12349e-06
3.12349e-06
3.1235e-06
3.1235e-06
3.12351e-06
3.12352e-06
3.12353e-06
3.12354e-06
3.12356e-06
3.12358e-06
3.1236e-06
3.12362e-06
3.12364e-06
3.12367e-06
3.12369e-06
3.12372e-06
3.12375e-06
3.12379e-06
3.12382e-06
3.12386e-06
3.12389e-06
3.12393e-06
3.12398e-06
3.12402e-06
3.12407e-06
3.12411e-06
3.12416e-06
3.12422e-06
3.12427e-06
3.12433e-06
3.12439e-06
3.12445e-06
3.12452e-06
3.12459e-06
3.12466e-06
3.12474e-06
3.12482e-06
3.1249e-06
3.12499e-06
3.12508e-06
3.12518e-06
3.12528e-06
3.12539e-06
3.1255e-06
3.12561e-06
3.12573e-06
3.12586e-06
3.12598e-06
3.12612e-06
3.12626e-06
3.1264e-06
3.12653e-06
3.12209e-06
3.12201e-06
3.12194e-06
3.12187e-06
3.12181e-06
3.12175e-06
3.1217e-06
3.12166e-06
3.12162e-06
3.12158e-06
3.12156e-06
3.12153e-06
3.12151e-06
3.1215e-06
3.12149e-06
3.12148e-06
3.12148e-06
3.12148e-06
3.12148e-06
3.12149e-06
3.1215e-06
3.12151e-06
3.12152e-06
3.12154e-06
3.12156e-06
3.12159e-06
3.12161e-06
3.12164e-06
3.12167e-06
3.1217e-06
3.12173e-06
3.12177e-06
3.1218e-06
3.12184e-06
3.12188e-06
3.12192e-06
3.12196e-06
3.12201e-06
3.12205e-06
3.1221e-06
3.12215e-06
3.12219e-06
3.12224e-06
3.1223e-06
3.12235e-06
3.1224e-06
3.12246e-06
3.12252e-06
3.12257e-06
3.12264e-06
3.1227e-06
3.12276e-06
3.12283e-06
3.1229e-06
3.12297e-06
3.12305e-06
3.12312e-06
3.1232e-06
3.12329e-06
3.12338e-06
3.12347e-06
3.12356e-06
3.12366e-06
3.12376e-06
3.12387e-06
3.12398e-06
3.1241e-06
3.12422e-06
3.12434e-06
3.12446e-06
3.12459e-06
3.12472e-06
3.12485e-06
3.12498e-06
3.1251e-06
3.11927e-06
3.11924e-06
3.11921e-06
3.11918e-06
3.11916e-06
3.11914e-06
3.11913e-06
3.11911e-06
3.1191e-06
3.1191e-06
3.1191e-06
3.1191e-06
3.11911e-06
3.11912e-06
3.11914e-06
3.11916e-06
3.11918e-06
3.11921e-06
3.11924e-06
3.11927e-06
3.11931e-06
3.11935e-06
3.11939e-06
3.11944e-06
3.11948e-06
3.11954e-06
3.11959e-06
3.11964e-06
3.1197e-06
3.11976e-06
3.11981e-06
3.11987e-06
3.11993e-06
3.11999e-06
3.12005e-06
3.12012e-06
3.12018e-06
3.12024e-06
3.1203e-06
3.12037e-06
3.12043e-06
3.12049e-06
3.12056e-06
3.12062e-06
3.12069e-06
3.12075e-06
3.12082e-06
3.12089e-06
3.12096e-06
3.12102e-06
3.1211e-06
3.12117e-06
3.12124e-06
3.12132e-06
3.1214e-06
3.12148e-06
3.12156e-06
3.12164e-06
3.12173e-06
3.12182e-06
3.12191e-06
3.12201e-06
3.12211e-06
3.12221e-06
3.12232e-06
3.12243e-06
3.12255e-06
3.12266e-06
3.12278e-06
3.1229e-06
3.12302e-06
3.12313e-06
3.12326e-06
3.12338e-06
3.12349e-06
3.11755e-06
3.11752e-06
3.11749e-06
3.11745e-06
3.11741e-06
3.11737e-06
3.11732e-06
3.11728e-06
3.11723e-06
3.11719e-06
3.11715e-06
3.11712e-06
3.1171e-06
3.11709e-06
3.11708e-06
3.11709e-06
3.1171e-06
3.11712e-06
3.11714e-06
3.11717e-06
3.1172e-06
3.11724e-06
3.11729e-06
3.11734e-06
3.1174e-06
3.11746e-06
3.11754e-06
3.11761e-06
3.11769e-06
3.11777e-06
3.11785e-06
3.11794e-06
3.11802e-06
3.1181e-06
3.11819e-06
3.11827e-06
3.11836e-06
3.11844e-06
3.11852e-06
3.1186e-06
3.11868e-06
3.11876e-06
3.11883e-06
3.11891e-06
3.11898e-06
3.11906e-06
3.11913e-06
3.11921e-06
3.11928e-06
3.11935e-06
3.11943e-06
3.1195e-06
3.11958e-06
3.11966e-06
3.11973e-06
3.11981e-06
3.11989e-06
3.11998e-06
3.12006e-06
3.12015e-06
3.12024e-06
3.12033e-06
3.12042e-06
3.12052e-06
3.12062e-06
3.12072e-06
3.12083e-06
3.12094e-06
3.12104e-06
3.12115e-06
3.12125e-06
3.12134e-06
3.12146e-06
3.12156e-06
3.12165e-06
3.11934e-06
3.11928e-06
3.11919e-06
3.11906e-06
3.1189e-06
3.11871e-06
3.1185e-06
3.11828e-06
3.11805e-06
3.11784e-06
3.11763e-06
3.11743e-06
3.11724e-06
3.11706e-06
3.11689e-06
3.11673e-06
3.11658e-06
3.11645e-06
3.11632e-06
3.11621e-06
3.11611e-06
3.11602e-06
3.11595e-06
3.1159e-06
3.11587e-06
3.11585e-06
3.11586e-06
3.11588e-06
3.11592e-06
3.116e-06
3.11607e-06
3.11614e-06
3.11622e-06
3.11631e-06
3.1164e-06
3.1165e-06
3.1166e-06
3.1167e-06
3.11679e-06
3.11688e-06
3.11697e-06
3.11706e-06
3.11714e-06
3.11722e-06
3.1173e-06
3.11737e-06
3.11745e-06
3.11752e-06
3.11759e-06
3.11766e-06
3.11773e-06
3.1178e-06
3.11787e-06
3.11794e-06
3.11801e-06
3.11808e-06
3.11815e-06
3.11822e-06
3.11829e-06
3.11836e-06
3.11844e-06
3.11852e-06
3.11859e-06
3.11867e-06
3.11876e-06
3.11884e-06
3.11893e-06
3.11901e-06
3.1191e-06
3.11918e-06
3.11926e-06
3.11933e-06
3.11942e-06
3.1195e-06
3.11956e-06
3.12121e-06
3.12085e-06
3.12046e-06
3.1201e-06
3.11975e-06
3.11943e-06
3.11912e-06
3.11883e-06
3.11855e-06
3.11829e-06
3.11804e-06
3.1178e-06
3.11757e-06
3.11735e-06
3.11713e-06
3.11693e-06
3.11674e-06
3.11655e-06
3.11638e-06
3.11621e-06
3.11605e-06
3.11589e-06
3.11575e-06
3.11562e-06
3.11551e-06
3.11542e-06
3.11535e-06
3.11529e-06
3.11525e-06
3.11519e-06
3.11514e-06
3.11509e-06
3.11505e-06
3.11502e-06
3.11502e-06
3.11506e-06
3.11513e-06
3.11523e-06
3.11532e-06
3.1154e-06
3.11547e-06
3.11554e-06
3.11561e-06
3.11567e-06
3.11573e-06
3.11579e-06
3.11585e-06
3.1159e-06
3.11596e-06
3.11601e-06
3.11606e-06
3.1161e-06
3.11615e-06
3.1162e-06
3.11624e-06
3.11629e-06
3.11634e-06
3.11638e-06
3.11643e-06
3.11648e-06
3.11652e-06
3.11657e-06
3.11662e-06
3.11667e-06
3.11672e-06
3.11677e-06
3.11683e-06
3.11688e-06
3.11693e-06
3.11698e-06
3.11702e-06
3.11705e-06
3.11711e-06
3.11715e-06
3.11719e-06
)
;

boundaryField
{
    walls
    {
        type            fixedValue;
        value           uniform 0;
    }
    frontAndBack
    {
        type            empty;
    }
    farfield
    {
        type            calculated;
        value           uniform 3.11449e-06;
    }
    procBoundary2to0
    {
        type            processor;
        value           nonuniform List<scalar> 
113
(
1.09111e-09
9.77333e-08
6.74387e-07
2.01242e-06
4.06326e-06
6.71157e-06
9.61478e-06
1.22191e-05
1.39234e-05
1.39234e-05
2.68407e-05
2.68407e-05
5.62717e-05
5.62717e-05
9.5476e-05
0.000100381
0.000100733
9.56106e-05
8.39705e-05
6.61091e-05
4.41328e-05
2.40844e-05
1.07303e-05
5.51648e-06
3.33486e-06
2.47184e-06
2.38113e-06
2.53716e-06
2.62368e-06
2.77456e-06
3.0436e-06
3.0517e-06
3.0517e-06
3.00773e-06
3.07524e-06
3.14926e-06
3.18763e-06
3.20056e-06
3.2101e-06
3.21945e-06
3.22329e-06
3.22124e-06
3.21621e-06
3.21113e-06
3.21174e-06
3.21874e-06
3.15766e-06
3.15445e-06
3.15512e-06
3.15776e-06
3.16101e-06
3.19421e-06
3.16231e-06
3.15766e-06
3.15385e-06
3.15003e-06
3.14702e-06
3.14566e-06
3.14484e-06
3.14463e-06
3.14608e-06
3.14608e-06
3.14451e-06
3.14404e-06
3.14466e-06
3.14466e-06
3.14292e-06
3.14189e-06
3.14107e-06
3.14046e-06
3.13999e-06
3.13938e-06
3.13883e-06
3.13835e-06
3.13795e-06
3.13761e-06
3.13733e-06
3.13709e-06
3.13687e-06
3.13666e-06
3.13647e-06
3.13647e-06
3.13635e-06
3.13621e-06
3.13613e-06
3.13609e-06
3.13604e-06
3.13597e-06
3.13588e-06
3.13576e-06
3.13563e-06
3.13546e-06
3.13526e-06
3.13503e-06
3.13477e-06
3.13446e-06
3.13411e-06
3.13371e-06
3.13325e-06
3.13273e-06
3.13214e-06
3.13147e-06
3.13071e-06
3.12985e-06
3.12888e-06
3.12778e-06
3.12778e-06
3.12665e-06
3.12522e-06
3.12359e-06
3.12173e-06
3.11962e-06
3.11722e-06
)
;
    }
    procBoundary2to3
    {
        type            processor;
        value           nonuniform List<scalar> 
108
(
1.19149e-11
1.14473e-09
1.12015e-08
5.51492e-08
1.93618e-07
5.54186e-07
1.37951e-06
3.09249e-06
6.35738e-06
1.20489e-05
2.1017e-05
3.37633e-05
5.02762e-05
7.0097e-05
9.25471e-05
0.00011698
0.00014294
0.000170199
0.000198714
0.000229058
0.00022902
0.000228964
0.000228898
0.000228823
0.00022874
0.000228651
0.000228554
0.000228554
0.00026081
0.000294186
0.000329387
0.000366489
0.000405506
0.000446371
0.000488924
0.000532893
0.000577877
0.000623316
0.000668462
0.000712345
0.000712345
0.000756789
0.000794872
0.000827123
0.000851175
0.000864143
0.000862544
0.000842224
0.000798307
0.000725218
0.00061684
0.00046683
0.000266427
5.03754e-05
4.24051e-06
2.86497e-06
2.87716e-06
2.93295e-06
2.97821e-06
3.01362e-06
3.04128e-06
3.06292e-06
3.07993e-06
3.09361e-06
3.10546e-06
3.12037e-06
3.13062e-06
3.13359e-06
3.13453e-06
3.13472e-06
3.13459e-06
3.13428e-06
3.13375e-06
3.13282e-06
3.13356e-06
3.13431e-06
3.13515e-06
3.1365e-06
3.13719e-06
3.1375e-06
3.13771e-06
3.13786e-06
3.13798e-06
3.13809e-06
3.13821e-06
3.13829e-06
3.13829e-06
3.13819e-06
3.13797e-06
3.13763e-06
3.13719e-06
3.13667e-06
3.13609e-06
3.13545e-06
3.13475e-06
3.13398e-06
3.13312e-06
3.13215e-06
3.13105e-06
3.12978e-06
3.12831e-06
3.12661e-06
3.12456e-06
3.12218e-06
3.11931e-06
3.11757e-06
3.11934e-06
3.12185e-06
)
;
    }
}


// ************************************************************************* //
