/*--------------------------------*- C++ -*----------------------------------*\
| =========                 |                                                 |
| \\      /  F ield         | OpenFOAM: The Open Source CFD Toolbox           |
|  \\    /   O peration     | Version:  2412                                  |
|   \\  /    A nd           | Website:  www.openfoam.com                      |
|    \\/     M anipulation  |                                                 |
\*---------------------------------------------------------------------------*/
FoamFile
{
    version     2.0;
    format      ascii;
    arch        "LSB;label=32;scalar=64";
    class       volScalarField;
    location    "340";
    object      nut;
}
// * * * * * * * * * * * * * * * * * * * * * * * * * * * * * * * * * * * * * //

dimensions      [0 2 -1 0 0 0 0];

internalField   nonuniform List<scalar> 
7387
(
1.99066e-12
1.89575e-12
1.80356e-12
1.71435e-12
1.62807e-12
1.54476e-12
1.46434e-12
1.38672e-12
1.31186e-12
1.2398e-12
1.17063e-12
1.10442e-12
1.0409e-12
9.80159e-13
9.22309e-13
8.67208e-13
8.1475e-13
7.64934e-13
7.17763e-13
6.73254e-13
6.31263e-13
5.91686e-13
5.54539e-13
5.19661e-13
4.86999e-13
4.56496e-13
4.27982e-13
4.01382e-13
3.76626e-13
3.53609e-13
3.32232e-13
3.12382e-13
2.94e-13
2.76979e-13
2.61232e-13
2.46676e-13
2.3323e-13
2.20826e-13
2.094e-13
1.98876e-13
1.89192e-13
1.80331e-13
1.72236e-13
1.64835e-13
1.58045e-13
1.51854e-13
1.46334e-13
1.41566e-13
1.37515e-13
1.33876e-13
1.30474e-13
1.27216e-13
1.24658e-13
1.23511e-13
1.24085e-13
1.26601e-13
1.29801e-13
1.3231e-13
1.34198e-13
1.34748e-13
1.35654e-13
1.41542e-13
1.56008e-13
1.8335e-13
2.33664e-13
3.33892e-13
4.24909e-13
3.72618e-13
1.76649e-13
2.72665e-14
1.22826e-14
1.62583e-14
1.92144e-10
1.82986e-10
1.74091e-10
1.6548e-10
1.57158e-10
1.4912e-10
1.41357e-10
1.33868e-10
1.26647e-10
1.19695e-10
1.13018e-10
1.0662e-10
1.00491e-10
9.46348e-11
8.90503e-11
8.37311e-11
7.86671e-11
7.38602e-11
6.93092e-11
6.50125e-11
6.09586e-11
5.71382e-11
5.35515e-11
5.01848e-11
4.70319e-11
4.40848e-11
4.1331e-11
3.87636e-11
3.63733e-11
3.41508e-11
3.20871e-11
3.0171e-11
2.83956e-11
2.6752e-11
2.52311e-11
2.38254e-11
2.25274e-11
2.13299e-11
2.0226e-11
1.92096e-11
1.82749e-11
1.74186e-11
1.66367e-11
1.59217e-11
1.5266e-11
1.46679e-11
1.41343e-11
1.36731e-11
1.32806e-11
1.29283e-11
1.25992e-11
1.22844e-11
1.20366e-11
1.19228e-11
1.19728e-11
1.22067e-11
1.25061e-11
1.27423e-11
1.292e-11
1.29727e-11
1.30609e-11
1.36163e-11
1.49756e-11
1.75388e-11
2.22235e-11
3.13537e-11
3.95468e-11
3.50849e-11
1.70465e-11
2.64327e-12
1.1688e-12
1.55321e-12
1.8976e-09
1.80724e-09
1.71949e-09
1.63452e-09
1.5524e-09
1.47311e-09
1.39654e-09
1.32264e-09
1.25139e-09
1.18281e-09
1.11691e-09
1.05373e-09
9.93251e-10
9.35467e-10
8.80338e-10
8.27816e-10
7.77828e-10
7.30382e-10
6.85461e-10
6.43018e-10
6.02969e-10
5.65249e-10
5.29812e-10
4.96554e-10
4.65402e-10
4.3627e-10
4.09058e-10
3.83688e-10
3.60061e-10
3.3809e-10
3.17687e-10
2.98747e-10
2.81194e-10
2.64941e-10
2.49902e-10
2.36e-10
2.23165e-10
2.11321e-10
2.00403e-10
1.90348e-10
1.81101e-10
1.72627e-10
1.64889e-10
1.57812e-10
1.51322e-10
1.45402e-10
1.40114e-10
1.35532e-10
1.31622e-10
1.28118e-10
1.24852e-10
1.21737e-10
1.1927e-10
1.18085e-10
1.18475e-10
1.20617e-10
1.23403e-10
1.25626e-10
1.27297e-10
1.27814e-10
1.28685e-10
1.33925e-10
1.46681e-10
1.70588e-10
2.1383e-10
2.95296e-10
3.67389e-10
3.32748e-10
1.69804e-10
2.72635e-11
1.14179e-11
1.53689e-11
9.47637e-09
9.02601e-09
8.5886e-09
8.16508e-09
7.75567e-09
7.36033e-09
6.97867e-09
6.61032e-09
6.25514e-09
5.91312e-09
5.58444e-09
5.26937e-09
4.96774e-09
4.67948e-09
4.40441e-09
4.14228e-09
3.89287e-09
3.65611e-09
3.43187e-09
3.21992e-09
3.01992e-09
2.83155e-09
2.65449e-09
2.48833e-09
2.33265e-09
2.18704e-09
2.05104e-09
1.92419e-09
1.80606e-09
1.69617e-09
1.5941e-09
1.49935e-09
1.41153e-09
1.3302e-09
1.25493e-09
1.18535e-09
1.12108e-09
1.06179e-09
1.00712e-09
9.56774e-10
9.10458e-10
8.68002e-10
8.29211e-10
7.93734e-10
7.61201e-10
7.3151e-10
7.04956e-10
6.81871e-10
6.6209e-10
6.44389e-10
6.27944e-10
6.12338e-10
5.99859e-10
5.93477e-10
5.94648e-10
6.04121e-10
6.16795e-10
6.27085e-10
6.34809e-10
6.37371e-10
6.4173e-10
6.66146e-10
7.25187e-10
8.34926e-10
1.03092e-09
1.38429e-09
1.69152e-09
1.57091e-09
8.58754e-10
1.51646e-10
5.68236e-11
7.85054e-11
3.39532e-08
3.23452e-08
3.07831e-08
2.92702e-08
2.78076e-08
2.63948e-08
2.5031e-08
2.37148e-08
2.24454e-08
2.12228e-08
2.00477e-08
1.8921e-08
1.78423e-08
1.68111e-08
1.58268e-08
1.48888e-08
1.39961e-08
1.31485e-08
1.23455e-08
1.15863e-08
1.08698e-08
1.01947e-08
9.55994e-09
8.96412e-09
8.40575e-09
7.88339e-09
7.39537e-09
6.94008e-09
6.51599e-09
6.12137e-09
5.75473e-09
5.41436e-09
5.0988e-09
4.80646e-09
4.53588e-09
4.28568e-09
4.05456e-09
3.84129e-09
3.64463e-09
3.46346e-09
3.29677e-09
3.14389e-09
3.00412e-09
2.87626e-09
2.75903e-09
2.652e-09
2.5561e-09
2.47235e-09
2.40025e-09
2.3358e-09
2.27616e-09
2.21993e-09
2.1744e-09
2.14932e-09
2.14979e-09
2.17798e-09
2.21758e-09
2.25058e-09
2.27535e-09
2.28432e-09
2.29993e-09
2.37963e-09
2.57042e-09
2.92172e-09
3.54088e-09
4.59956e-09
5.49903e-09
5.2408e-09
3.11401e-09
6.402e-10
2.06514e-10
2.96529e-10
9.99516e-08
9.52429e-08
9.06681e-08
8.62349e-08
8.19478e-08
7.78059e-08
7.3807e-08
6.99475e-08
6.62244e-08
6.26376e-08
5.91896e-08
5.58819e-08
5.2714e-08
4.96851e-08
4.67931e-08
4.40363e-08
4.14122e-08
3.89197e-08
3.65572e-08
3.43229e-08
3.22134e-08
3.02252e-08
2.83552e-08
2.6599e-08
2.49526e-08
2.34118e-08
2.19719e-08
2.06281e-08
1.93759e-08
1.82104e-08
1.71271e-08
1.61212e-08
1.51883e-08
1.43238e-08
1.35233e-08
1.2783e-08
1.2099e-08
1.14675e-08
1.08851e-08
1.03484e-08
9.85447e-09
9.40124e-09
8.98649e-09
8.60694e-09
8.25903e-09
7.94128e-09
7.6558e-09
7.40521e-09
7.18814e-09
6.99432e-09
6.81584e-09
6.64882e-09
6.51163e-09
6.4296e-09
6.4173e-09
6.47932e-09
6.57464e-09
6.65741e-09
6.71977e-09
6.74488e-09
6.79048e-09
6.99863e-09
7.48975e-09
8.38471e-09
9.9433e-09
1.24477e-08
1.45095e-08
1.41599e-08
9.22215e-09
2.29914e-09
6.44205e-10
9.48484e-10
2.58343e-07
2.46268e-07
2.34532e-07
2.23152e-07
2.12141e-07
2.01501e-07
1.91225e-07
1.81304e-07
1.71733e-07
1.62507e-07
1.53634e-07
1.45118e-07
1.36958e-07
1.29152e-07
1.21698e-07
1.14588e-07
1.07817e-07
1.01383e-07
9.52816e-08
8.95075e-08
8.4053e-08
7.89103e-08
7.40705e-08
6.95228e-08
6.52573e-08
6.12633e-08
5.75288e-08
5.40421e-08
5.07914e-08
4.77644e-08
4.49496e-08
4.23348e-08
3.99085e-08
3.76594e-08
3.55762e-08
3.36487e-08
3.18669e-08
3.02214e-08
2.87031e-08
2.73035e-08
2.60149e-08
2.48316e-08
2.37477e-08
2.27554e-08
2.18459e-08
2.10148e-08
2.02658e-08
1.96042e-08
1.9027e-08
1.85121e-08
1.80405e-08
1.76032e-08
1.72381e-08
1.70002e-08
1.69255e-08
1.70211e-08
1.72015e-08
1.73698e-08
1.74977e-08
1.75567e-08
1.76729e-08
1.81353e-08
1.92035e-08
2.11299e-08
2.44572e-08
2.94296e-08
3.33354e-08
3.3162e-08
2.37159e-08
7.38283e-09
1.88729e-09
2.70219e-09
6.08321e-07
5.80205e-07
5.52864e-07
5.2633e-07
5.00642e-07
4.75806e-07
4.51806e-07
4.28627e-07
4.06254e-07
3.84678e-07
3.6391e-07
3.43966e-07
3.24843e-07
3.06539e-07
2.89048e-07
2.72356e-07
2.5645e-07
2.41324e-07
2.26968e-07
2.13373e-07
2.00522e-07
1.88395e-07
1.76975e-07
1.66237e-07
1.56159e-07
1.46716e-07
1.37879e-07
1.29623e-07
1.21921e-07
1.14745e-07
1.08067e-07
1.0186e-07
9.60975e-08
9.07527e-08
8.57994e-08
8.12136e-08
7.69723e-08
7.30535e-08
6.94358e-08
6.6099e-08
6.30251e-08
6.01996e-08
5.76091e-08
5.52358e-08
5.30601e-08
5.10707e-08
4.92715e-08
4.76712e-08
4.62636e-08
4.5008e-08
4.38654e-08
4.28164e-08
4.19247e-08
4.12912e-08
4.0995e-08
4.10418e-08
4.12833e-08
4.15494e-08
4.17569e-08
4.18733e-08
4.2139e-08
4.30381e-08
4.50473e-08
4.8636e-08
5.48354e-08
6.33343e-08
6.94995e-08
7.00336e-08
5.47474e-08
2.16739e-08
5.28392e-09
6.99142e-09
1.33414e-06
1.27342e-06
1.21432e-06
1.15692e-06
1.10129e-06
1.04748e-06
9.95433e-07
9.45137e-07
8.96559e-07
8.49677e-07
8.04509e-07
7.61091e-07
7.19428e-07
6.79512e-07
6.41336e-07
6.04873e-07
5.70098e-07
5.36995e-07
5.05547e-07
4.75736e-07
4.47528e-07
4.20885e-07
3.95769e-07
3.72133e-07
3.49927e-07
3.29099e-07
3.09592e-07
2.9135e-07
2.74318e-07
2.58434e-07
2.43641e-07
2.29878e-07
2.17091e-07
2.05222e-07
1.94214e-07
1.84016e-07
1.74577e-07
1.65849e-07
1.57787e-07
1.50345e-07
1.43485e-07
1.37172e-07
1.31376e-07
1.26061e-07
1.21188e-07
1.16729e-07
1.1268e-07
1.09049e-07
1.05827e-07
1.02952e-07
1.00352e-07
9.79901e-08
9.59448e-08
9.43631e-08
9.34019e-08
9.30506e-08
9.311e-08
9.335e-08
9.35604e-08
9.37399e-08
9.42918e-08
9.58287e-08
9.90735e-08
1.04829e-07
1.14967e-07
1.27441e-07
1.35125e-07
1.36883e-07
1.15836e-07
5.75549e-08
1.4235e-08
1.65109e-08
2.76282e-06
2.63963e-06
2.51962e-06
2.40289e-06
2.28965e-06
2.17998e-06
2.07382e-06
1.97115e-06
1.87189e-06
1.77599e-06
1.6835e-06
1.59448e-06
1.50896e-06
1.42693e-06
1.34839e-06
1.27329e-06
1.20158e-06
1.13324e-06
1.06823e-06
1.00652e-06
9.48061e-07
8.92773e-07
8.40588e-07
7.91414e-07
7.45157e-07
7.01718e-07
6.60984e-07
6.22849e-07
5.87197e-07
5.53912e-07
5.22878e-07
4.93975e-07
4.67091e-07
4.42112e-07
4.18923e-07
3.97418e-07
3.77496e-07
3.59058e-07
3.4201e-07
3.26261e-07
3.11727e-07
2.98335e-07
2.86019e-07
2.74713e-07
2.64344e-07
2.54844e-07
2.46178e-07
2.38339e-07
2.31313e-07
2.25038e-07
2.19399e-07
2.14332e-07
2.09859e-07
2.06108e-07
2.03352e-07
2.01535e-07
2.00523e-07
2.00164e-07
1.99995e-07
2.00141e-07
2.01177e-07
2.03419e-07
2.07636e-07
2.15148e-07
2.29374e-07
2.44398e-07
2.49911e-07
2.52381e-07
2.28126e-07
1.39264e-07
3.72245e-08
3.75436e-08
5.4447e-06
5.20884e-06
4.97865e-06
4.75434e-06
4.53634e-06
4.3249e-06
4.11995e-06
3.92144e-06
3.72929e-06
3.54338e-06
3.36378e-06
3.19063e-06
3.02402e-06
2.86398e-06
2.71051e-06
2.56353e-06
2.42298e-06
2.28881e-06
2.16098e-06
2.03944e-06
1.9241e-06
1.81484e-06
1.71155e-06
1.61406e-06
1.52222e-06
1.43582e-06
1.35469e-06
1.27861e-06
1.20738e-06
1.14078e-06
1.07859e-06
1.0206e-06
9.66585e-07
9.1633e-07
8.69617e-07
8.26242e-07
7.8601e-07
7.48728e-07
7.14217e-07
6.82302e-07
6.52811e-07
6.25593e-07
6.00513e-07
5.77458e-07
5.56299e-07
5.36885e-07
5.19087e-07
5.02834e-07
4.8811e-07
4.74934e-07
4.63169e-07
4.52707e-07
4.43284e-07
4.34764e-07
4.27526e-07
4.21436e-07
4.16821e-07
4.14085e-07
4.12329e-07
4.12007e-07
4.13712e-07
4.16151e-07
4.19299e-07
4.25386e-07
4.41032e-07
4.53283e-07
4.46688e-07
4.45742e-07
4.25555e-07
3.08325e-07
9.47694e-08
8.68692e-08
1.02272e-05
9.80366e-06
9.38906e-06
8.98373e-06
8.5886e-06
8.20429e-06
7.83081e-06
7.46816e-06
7.11627e-06
6.77498e-06
6.44441e-06
6.12488e-06
5.81665e-06
5.51987e-06
5.23461e-06
4.96079e-06
4.69836e-06
4.44725e-06
4.20746e-06
3.97895e-06
3.7616e-06
3.55526e-06
3.35977e-06
3.17486e-06
3.00029e-06
2.83576e-06
2.68092e-06
2.53545e-06
2.39898e-06
2.27115e-06
2.15158e-06
2.03986e-06
1.93563e-06
1.83849e-06
1.74806e-06
1.66396e-06
1.58583e-06
1.51332e-06
1.44609e-06
1.38384e-06
1.32623e-06
1.27295e-06
1.22375e-06
1.17844e-06
1.13681e-06
1.09855e-06
1.06328e-06
1.03075e-06
1.00093e-06
9.74186e-07
9.50443e-07
9.29527e-07
9.10292e-07
8.91646e-07
8.73875e-07
8.5682e-07
8.4231e-07
8.32548e-07
8.26024e-07
8.23901e-07
8.26143e-07
8.26569e-07
8.22055e-07
8.16907e-07
8.25136e-07
8.23264e-07
7.82514e-07
7.64196e-07
7.60743e-07
6.29617e-07
2.35566e-07
2.02241e-07
1.82055e-05
1.75049e-05
1.68157e-05
1.61384e-05
1.54749e-05
1.48265e-05
1.41936e-05
1.35763e-05
1.29748e-05
1.2389e-05
1.1819e-05
1.12656e-05
1.07296e-05
1.02113e-05
9.71114e-06
9.22919e-06
8.76553e-06
8.3202e-06
7.89337e-06
7.48512e-06
7.09544e-06
6.72426e-06
6.37142e-06
6.0366e-06
5.71952e-06
5.41977e-06
5.13687e-06
4.87036e-06
4.61966e-06
4.38421e-06
4.16342e-06
3.95666e-06
3.7633e-06
3.5827e-06
3.41422e-06
3.25721e-06
3.11106e-06
2.97515e-06
2.84892e-06
2.73182e-06
2.62322e-06
2.52256e-06
2.42937e-06
2.34336e-06
2.26424e-06
2.19135e-06
2.12375e-06
2.0607e-06
2.00227e-06
1.94966e-06
1.9032e-06
1.8626e-06
1.82442e-06
1.78496e-06
1.74377e-06
1.70094e-06
1.66229e-06
1.63464e-06
1.61587e-06
1.60853e-06
1.61001e-06
1.60191e-06
1.57285e-06
1.53286e-06
1.51468e-06
1.48392e-06
1.36408e-06
1.28762e-06
1.31452e-06
1.19996e-06
5.72823e-07
4.69402e-07
3.14916e-05
3.04271e-05
2.9375e-05
2.83337e-05
2.73042e-05
2.62893e-05
2.52915e-05
2.43117e-05
2.33507e-05
2.2409e-05
2.14863e-05
2.05831e-05
1.97008e-05
1.88408e-05
1.80044e-05
1.71924e-05
1.64055e-05
1.5644e-05
1.49083e-05
1.41991e-05
1.3517e-05
1.28622e-05
1.22352e-05
1.16359e-05
1.10644e-05
1.05205e-05
1.00039e-05
9.51403e-06
9.05053e-06
8.61269e-06
8.19983e-06
7.81116e-06
7.44587e-06
7.10304e-06
6.78179e-06
6.48116e-06
6.20016e-06
5.93783e-06
5.69321e-06
5.46542e-06
5.25357e-06
5.0566e-06
4.87347e-06
4.70338e-06
4.54598e-06
4.4009e-06
4.26688e-06
4.14172e-06
4.02365e-06
3.91294e-06
3.81283e-06
3.72481e-06
3.64832e-06
3.57471e-06
3.49413e-06
3.40372e-06
3.30466e-06
3.21215e-06
3.14337e-06
3.09618e-06
3.07571e-06
3.07204e-06
3.03956e-06
2.94845e-06
2.82555e-06
2.75524e-06
2.71348e-06
2.42495e-06
2.15927e-06
2.22467e-06
2.16373e-06
1.36315e-06
1.07826e-06
4.893e-05
4.74865e-05
4.60519e-05
4.46241e-05
4.32039e-05
4.17949e-05
4.04012e-05
3.90245e-05
3.7666e-05
3.63267e-05
3.50064e-05
3.37056e-05
3.24263e-05
3.11709e-05
2.99416e-05
2.87401e-05
2.75677e-05
2.64255e-05
2.53143e-05
2.42356e-05
2.31906e-05
2.21804e-05
2.12062e-05
2.02687e-05
1.93684e-05
1.85058e-05
1.76809e-05
1.68937e-05
1.61441e-05
1.54316e-05
1.47558e-05
1.41158e-05
1.3511e-05
1.29403e-05
1.24029e-05
1.18974e-05
1.14228e-05
1.09778e-05
1.0561e-05
1.01713e-05
9.80749e-06
9.46795e-06
9.15096e-06
8.85523e-06
8.58052e-06
8.32654e-06
8.09106e-06
7.86949e-06
7.658e-06
7.45724e-06
7.27462e-06
7.11436e-06
6.97558e-06
6.83914e-06
6.6824e-06
6.49635e-06
6.28476e-06
6.08206e-06
5.92659e-06
5.81836e-06
5.76756e-06
5.74783e-06
5.65919e-06
5.43573e-06
5.15205e-06
5.04945e-06
5.1534e-06
4.5779e-06
3.66306e-06
3.73275e-06
3.7399e-06
2.99846e-06
2.43707e-06
7.11228e-05
6.93197e-05
6.75216e-05
6.57242e-05
6.39272e-05
6.21349e-05
6.03525e-05
5.85826e-05
5.6827e-05
5.50872e-05
5.33627e-05
5.16537e-05
4.99628e-05
4.82931e-05
4.66477e-05
4.50296e-05
4.34404e-05
4.1882e-05
4.03557e-05
3.88639e-05
3.74086e-05
3.59919e-05
3.46157e-05
3.32819e-05
3.19919e-05
3.07467e-05
2.95476e-05
2.83951e-05
2.72897e-05
2.62316e-05
2.52209e-05
2.42573e-05
2.33405e-05
2.24698e-05
2.16445e-05
2.08635e-05
2.01258e-05
1.94299e-05
1.87745e-05
1.81585e-05
1.75803e-05
1.70378e-05
1.65286e-05
1.60509e-05
1.56049e-05
1.51906e-05
1.48046e-05
1.44388e-05
1.40855e-05
1.37459e-05
1.34341e-05
1.31598e-05
1.29225e-05
1.26859e-05
1.24047e-05
1.20566e-05
1.16483e-05
1.12462e-05
1.09266e-05
1.06983e-05
1.05818e-05
1.05243e-05
1.03334e-05
9.88252e-06
9.37117e-06
9.40424e-06
9.78896e-06
8.76608e-06
6.53227e-06
6.26793e-06
6.2644e-06
5.84018e-06
5.39414e-06
9.74736e-05
9.53554e-05
9.3242e-05
9.11239e-05
8.89987e-05
8.68708e-05
8.47466e-05
8.26291e-05
8.05208e-05
7.84234e-05
7.6336e-05
7.42584e-05
7.2193e-05
7.01435e-05
6.81139e-05
6.61077e-05
6.41274e-05
6.21752e-05
6.02528e-05
5.8363e-05
5.65087e-05
5.46928e-05
5.29181e-05
5.11875e-05
4.9503e-05
4.7867e-05
4.62814e-05
4.47477e-05
4.32672e-05
4.1841e-05
4.04699e-05
3.91544e-05
3.78949e-05
3.66912e-05
3.55433e-05
3.44505e-05
3.34121e-05
3.24269e-05
3.14938e-05
3.06117e-05
2.97794e-05
2.89943e-05
2.82535e-05
2.75545e-05
2.68979e-05
2.6285e-05
2.57112e-05
2.51641e-05
2.46312e-05
2.41124e-05
2.36303e-05
2.32028e-05
2.28321e-05
2.24626e-05
2.20175e-05
2.14508e-05
2.07664e-05
2.00682e-05
1.94872e-05
1.90541e-05
1.88108e-05
1.86816e-05
1.83569e-05
1.76254e-05
1.69036e-05
1.72126e-05
1.79964e-05
1.63395e-05
1.20991e-05
1.05377e-05
1.02495e-05
1.03438e-05
1.16075e-05
0.000127311
0.000124918
0.000122534
0.000120143
0.00011774
0.000115328
0.000112915
0.000110505
0.0001081
0.000105703
0.000103311
0.000100925
9.85451e-05
9.61767e-05
9.38236e-05
9.14903e-05
8.91791e-05
8.68927e-05
8.46329e-05
8.24027e-05
8.02054e-05
7.80443e-05
7.5923e-05
7.3845e-05
7.18132e-05
6.98305e-05
6.78997e-05
6.60229e-05
6.42024e-05
6.244e-05
6.07372e-05
5.90955e-05
5.75157e-05
5.59986e-05
5.45447e-05
5.31539e-05
5.18261e-05
5.05606e-05
4.93563e-05
4.82128e-05
4.7129e-05
4.61025e-05
4.51297e-05
4.42078e-05
4.33376e-05
4.25213e-05
4.17546e-05
4.10216e-05
4.03041e-05
3.95993e-05
3.89352e-05
3.83391e-05
3.78199e-05
3.73099e-05
3.67018e-05
3.592e-05
3.49491e-05
3.39176e-05
3.3011e-05
3.22968e-05
3.18521e-05
3.16127e-05
3.11796e-05
3.02416e-05
2.93811e-05
3.00358e-05
3.13105e-05
2.88757e-05
2.19811e-05
1.75712e-05
1.64461e-05
1.70141e-05
2.1495e-05
0.000160261
0.000157609
0.000154972
0.00015233
0.000149673
0.000147005
0.000144335
0.000141665
0.000139
0.000136343
0.00013369
0.00013104
0.000128395
0.000125759
0.000123137
0.000120532
0.000117949
0.000115389
0.000112854
0.000110347
0.000107872
0.000105432
0.000103031
0.000100673
9.83607e-05
9.60982e-05
9.38885e-05
9.17343e-05
8.96383e-05
8.76027e-05
8.56299e-05
8.37216e-05
8.18794e-05
8.01046e-05
7.83982e-05
7.67607e-05
7.51924e-05
7.3693e-05
7.22619e-05
7.08988e-05
6.96031e-05
6.83726e-05
6.72035e-05
6.60923e-05
6.50399e-05
6.40492e-05
6.3117e-05
6.22259e-05
6.13538e-05
6.04925e-05
5.96709e-05
5.89226e-05
5.82666e-05
5.76376e-05
5.69108e-05
5.59865e-05
5.48112e-05
5.3513e-05
5.23049e-05
5.12943e-05
5.06e-05
5.0223e-05
4.97619e-05
4.88315e-05
4.79997e-05
4.90019e-05
5.07834e-05
4.75997e-05
3.78167e-05
2.87343e-05
2.59933e-05
2.64301e-05
3.45754e-05
0.000196401
0.000193471
0.000190567
0.000187661
0.000184743
0.000181813
0.000178882
0.000175954
0.000173032
0.00017012
0.000167216
0.000164316
0.000161422
0.000158538
0.000155669
0.00015282
0.000149994
0.000147193
0.000144419
0.000141675
0.000138964
0.00013629
0.000133657
0.000131068
0.000128528
0.00012604
0.000123607
0.000121233
0.000118919
0.00011667
0.000114486
0.000112371
0.000110327
0.000108353
0.000106453
0.000104627
0.000102876
0.000101199
9.95954e-05
9.80659e-05
9.661e-05
9.52257e-05
9.39091e-05
9.26563e-05
9.14675e-05
9.03461e-05
8.92901e-05
8.82834e-05
8.73018e-05
8.63315e-05
8.53965e-05
8.45329e-05
8.37694e-05
8.30568e-05
8.22704e-05
8.12975e-05
8.00467e-05
7.86162e-05
7.72114e-05
7.59658e-05
7.5033e-05
7.45153e-05
7.41053e-05
7.34179e-05
7.28769e-05
7.42078e-05
7.63861e-05
7.26374e-05
6.04126e-05
4.56826e-05
4.01687e-05
3.92787e-05
5.02835e-05
0.00023623
0.000232977
0.000229763
0.000226555
0.000223337
0.00022011
0.000216885
0.000213666
0.000210458
0.000207265
0.000204085
0.000200914
0.000197753
0.000194605
0.000191477
0.000188373
0.000185297
0.000182252
0.000179239
0.00017626
0.00017332
0.000170421
0.000167568
0.000164764
0.000162014
0.000159322
0.000156689
0.00015412
0.000151618
0.000149184
0.000146823
0.000144535
0.000142322
0.000140187
0.000138131
0.000136154
0.000134258
0.000132442
0.000130705
0.000129048
0.000127471
0.000125971
0.000124544
0.000123187
0.000121899
0.000120683
0.000119538
0.00011845
0.000117397
0.000116358
0.000115351
0.000114408
0.000113567
0.000112801
0.000112
0.00011105
0.000109831
0.000108396
0.000106919
0.000105538
0.000104425
0.000103788
0.000103466
0.000103145
0.000103104
0.000104796
0.000107222
0.000103115
8.92923e-05
7.00503e-05
6.01483e-05
5.62882e-05
6.8292e-05
0.00028057
0.000276932
0.000273347
0.000269776
0.000266201
0.00026262
0.000259045
0.000255482
0.000251935
0.00024841
0.000244905
0.000241415
0.000237941
0.000234487
0.000231058
0.00022766
0.000224298
0.000220974
0.000217689
0.000214446
0.000211249
0.000208101
0.000205006
0.000201969
0.000198992
0.000196081
0.000193237
0.000190465
0.000187767
0.000185146
0.000182604
0.000180144
0.000177767
0.000175474
0.000173267
0.000171148
0.000169115
0.00016717
0.000165312
0.00016354
0.000161853
0.00016025
0.000158728
0.000157282
0.00015591
0.000154614
0.000153395
0.000152243
0.000151135
0.000150049
0.000148991
0.000147991
0.000147091
0.000146287
0.000145491
0.000144597
0.000143465
0.000142105
0.000140645
0.000139216
0.000137993
0.000137268
0.000137033
0.000137083
0.000137605
0.000139716
0.000142303
0.000137969
0.000123285
0.000101322
8.63529e-05
7.80604e-05
8.86806e-05
0.000330486
0.00032639
0.000322358
0.000318353
0.00031435
0.000310345
0.000306351
0.000302374
0.000298421
0.000294498
0.000290602
0.00028673
0.00028288
0.000279057
0.000275267
0.000271517
0.000267811
0.000264152
0.000260542
0.000256983
0.000253479
0.000250033
0.00024665
0.000243334
0.000240089
0.000236918
0.000233826
0.000230815
0.000227888
0.000225047
0.000222296
0.000219636
0.000217069
0.000214595
0.000212217
0.000209935
0.000207749
0.000205659
0.000203665
0.000201764
0.000199957
0.000198242
0.000196615
0.000195072
0.000193609
0.000192228
0.000190931
0.000189711
0.000188546
0.000187412
0.000186307
0.000185255
0.000184299
0.000183457
0.000182664
0.000181828
0.0001808
0.000179541
0.000178144
0.000176719
0.000175438
0.000174654
0.000174493
0.000174863
0.000175912
0.000178469
0.000181203
0.00017667
0.00016149
0.000138161
0.000118278
0.000104942
0.000111871
0.000387238
0.0003826
0.000378041
0.000373521
0.000369009
0.000364503
0.000360011
0.000355544
0.000351108
0.000346709
0.000342348
0.000338019
0.000333721
0.000329457
0.000325235
0.000321061
0.000316941
0.000312879
0.000308877
0.000304936
0.000301061
0.000297255
0.000293522
0.000289868
0.000286296
0.00028281
0.000279415
0.000276112
0.000272905
0.000269796
0.000266788
0.000263883
0.000261082
0.000258387
0.000255798
0.000253315
0.00025094
0.000248671
0.000246508
0.000244449
0.000242493
0.000240638
0.000238882
0.000237218
0.000235642
0.000234156
0.000232761
0.000231455
0.000230217
0.000229021
0.000227857
0.000226743
0.000225723
0.000224834
0.000224032
0.00022324
0.000222311
0.000221148
0.000219826
0.00021843
0.00021712
0.000216299
0.000216201
0.000216836
0.000218349
0.000221346
0.000224222
0.000219436
0.000203775
0.000179484
0.000155725
0.000136986
0.000138442
0.000452261
0.000446996
0.000441822
0.000436699
0.000431596
0.000426503
0.000421431
0.00041639
0.000411388
0.000406433
0.000401525
0.000396658
0.000391832
0.000387049
0.000382316
0.000377642
0.000373033
0.000368492
0.000364023
0.000359627
0.000355309
0.000351072
0.00034692
0.000342859
0.000338894
0.000335027
0.000331264
0.000327607
0.000324059
0.000320623
0.000317301
0.000314095
0.000311007
0.000308037
0.000305187
0.000302456
0.000299845
0.000297353
0.000294979
0.00029272
0.000290576
0.000288545
0.000286623
0.000284805
0.000283086
0.000281464
0.000279945
0.000278525
0.00027719
0.000275909
0.000274667
0.000273474
0.000272376
0.000271424
0.000270595
0.000269828
0.000268981
0.000267901
0.00026665
0.000265289
0.000263967
0.000263122
0.000263082
0.000263943
0.00026586
0.000269261
0.000272248
0.000267092
0.000250754
0.000225277
0.000198085
0.000174124
0.000168971
0.000527176
0.000521194
0.000515312
0.000509497
0.000503713
0.000497947
0.000492208
0.000486506
0.000480852
0.000475254
0.000469714
0.000464227
0.000458789
0.000453403
0.000448079
0.000442823
0.000437643
0.000432545
0.00042753
0.000422602
0.000417764
0.00041302
0.000408375
0.000403835
0.000399404
0.000395086
0.000390886
0.000386807
0.000382852
0.000379024
0.000375325
0.000371757
0.000368322
0.00036502
0.000361852
0.000358819
0.000355919
0.000353153
0.000350519
0.000348014
0.000345637
0.000343386
0.000341259
0.000339248
0.000337347
0.000335556
0.000333878
0.000332315
0.000330853
0.000329461
0.000328116
0.000326824
0.000325628
0.000324595
0.000323721
0.000322958
0.000322171
0.000321168
0.000319976
0.000318649
0.00031732
0.000316457
0.000316472
0.000317532
0.000319797
0.000323541
0.000326557
0.000320878
0.000303578
0.000276438
0.000245844
0.00021653
0.000204468
0.000620678
0.000613793
0.000607002
0.000600321
0.000593721
0.000587166
0.000580637
0.000574142
0.000567692
0.000561297
0.000554969
0.000548709
0.000542514
0.000536379
0.000530307
0.000524306
0.000518384
0.000512551
0.000506812
0.000501171
0.000495629
0.000490192
0.000484863
0.000479648
0.000474552
0.00046958
0.000464738
0.000460028
0.000455456
0.000451024
0.000446736
0.000442593
0.000438598
0.000434752
0.000431056
0.000427511
0.000424117
0.000420873
0.000417778
0.000414831
0.000412029
0.00040937
0.000406853
0.000404475
0.000402229
0.000400107
0.000398108
0.000396236
0.000394495
0.000392874
0.000391341
0.000389867
0.000388451
0.000387136
0.000386003
0.000385066
0.000384289
0.000383539
0.000382611
0.000381465
0.000380166
0.000378829
0.000377944
0.000378008
0.00037924
0.000381788
0.000385781
0.00038869
0.000382336
0.000363736
0.000334391
0.000300054
0.000265279
0.000246009
0.000721907
0.000714118
0.000706429
0.000698856
0.000691382
0.000683966
0.000676587
0.000669248
0.000661962
0.000654739
0.000647591
0.000640525
0.000633535
0.000626616
0.000619771
0.000613008
0.000606336
0.000599765
0.000593302
0.00058695
0.000580713
0.000574595
0.0005686
0.000562735
0.000557005
0.000551415
0.000545971
0.000540677
0.000535538
0.000530557
0.000525737
0.000521081
0.00051659
0.000512267
0.000508113
0.000504127
0.00050031
0.000496662
0.000493181
0.000489865
0.000486712
0.00048372
0.000480887
0.00047821
0.000475682
0.000473295
0.000471047
0.000468941
0.000466986
0.000465172
0.000463466
0.000461833
0.000460267
0.000458811
0.000457558
0.000456538
0.000455728
0.000454996
0.000454118
0.000453027
0.000451751
0.000450402
0.000449473
0.000449569
0.000450933
0.000453684
0.000457789
0.000460402
0.000453288
0.000432964
0.000400848
0.000362143
0.000321256
0.000294144
0.000839101
0.000830332
0.000821663
0.000813118
0.000804685
0.000796326
0.000788014
0.00077975
0.000771545
0.00076341
0.00075536
0.000747402
0.000739531
0.000731745
0.000724043
0.000716434
0.000708928
0.000701534
0.000694263
0.000687117
0.000680101
0.00067322
0.000666479
0.000659883
0.000653438
0.000647151
0.000641027
0.000635072
0.00062929
0.000623684
0.000618259
0.000613017
0.000607961
0.000603091
0.00059841
0.000593917
0.000589613
0.000585497
0.000581568
0.000577825
0.000574263
0.000570881
0.000567678
0.000564651
0.000561793
0.000559094
0.000556552
0.000554171
0.000551961
0.000549917
0.000548003
0.000546178
0.000544434
0.000542812
0.000541417
0.000540293
0.000539432
0.000538698
0.000537847
0.000536787
0.000535522
0.000534157
0.000533172
0.000533272
0.00053471
0.000537549
0.000541583
0.000543661
0.000535752
0.000513184
0.000477694
0.000433812
0.000385872
0.000349552
0.000974556
0.000964745
0.000955038
0.000945457
0.000935999
0.000926629
0.000917316
0.000908058
0.000898863
0.000889745
0.000880717
0.000871791
0.000862964
0.000854231
0.000845595
0.000837061
0.000828641
0.000820346
0.000812185
0.000804165
0.00079629
0.000788565
0.000780996
0.000773589
0.00076635
0.000759287
0.000752405
0.00074571
0.000739207
0.000732901
0.000726796
0.000720893
0.000715197
0.000709709
0.00070443
0.000699361
0.000694502
0.000689852
0.000685411
0.000681176
0.000677145
0.000673315
0.000669685
0.000666252
0.00066301
0.000659949
0.000657064
0.000654362
0.000651855
0.000649539
0.000647379
0.00064533
0.000643375
0.000641557
0.000639995
0.000638746
0.000637812
0.000637055
0.000636209
0.000635157
0.000633884
0.000632489
0.000631429
0.000631485
0.000632908
0.000635686
0.000639415
0.00064064
0.000631502
0.00060645
0.000566971
0.000516899
0.000460679
0.000413657
0.00113057
0.0011197
0.00110893
0.00109829
0.00108777
0.00107735
0.001067
0.0010567
0.00104647
0.00103632
0.00102626
0.0010163
0.00100646
0.000996719
0.000987084
0.00097756
0.000968159
0.000958892
0.000949771
0.000940804
0.000931996
0.000923353
0.000914881
0.000906587
0.000898479
0.000890563
0.000882847
0.000875336
0.000868037
0.000860954
0.000854093
0.000847456
0.000841046
0.000834866
0.000828918
0.000823201
0.000817717
0.000812465
0.000807444
0.000802652
0.000798086
0.000793745
0.000789627
0.00078573
0.000782048
0.000778571
0.000775292
0.000772219
0.000769367
0.000766736
0.000764289
0.000761975
0.000759774
0.00075773
0.000755972
0.000754572
0.000753541
0.000752739
0.000751872
0.000750805
0.000749506
0.000748059
0.000746907
0.000746842
0.000748133
0.000750659
0.000753788
0.000753769
0.000743024
0.000715115
0.000670863
0.000613342
0.00054727
0.000487725
0.00130928
0.00129741
0.00128562
0.00127394
0.00126238
0.00125092
0.00123953
0.00122819
0.00121692
0.00120572
0.00119461
0.00118361
0.00117271
0.00116193
0.00115126
0.0011407
0.00113028
0.00111999
0.00110986
0.00109989
0.00109009
0.00108047
0.00107103
0.00106179
0.00105274
0.00104391
0.00103529
0.00102689
0.00101873
0.0010108
0.00100311
0.000995667
0.000988473
0.00098153
0.000974841
0.000968407
0.000962228
0.000956304
0.000950636
0.00094522
0.000940055
0.000935138
0.00093047
0.000926048
0.000921866
0.000917915
0.000914187
0.00091069
0.000907444
0.00090445
0.000901671
0.00089905
0.000896565
0.000894258
0.000892273
0.000890694
0.000889537
0.000888659
0.000887753
0.000886647
0.000885295
0.000883775
0.000882563
0.000882243
0.000883248
0.000885297
0.000887481
0.000885692
0.000872949
0.000841705
0.000791644
0.000725099
0.000647225
0.000572935
0.00151243
0.0014997
0.00148702
0.00147442
0.00146192
0.0014495
0.00143715
0.00142484
0.00141258
0.00140038
0.00138826
0.00137623
0.00136431
0.0013525
0.0013408
0.00132921
0.00131775
0.00130643
0.00129526
0.00128427
0.00127345
0.00126282
0.00125238
0.00124214
0.00123212
0.00122232
0.00121274
0.00120341
0.00119433
0.00118549
0.00117692
0.00116861
0.00116057
0.0011528
0.00114531
0.00113809
0.00113115
0.00112449
0.00111811
0.00111201
0.00110618
0.00110063
0.00109534
0.00109034
0.0010856
0.00108111
0.00107688
0.00107291
0.00106921
0.00106581
0.00106265
0.00105968
0.00105686
0.00105426
0.00105201
0.00105021
0.0010489
0.00104792
0.00104695
0.00104578
0.00104436
0.00104274
0.00104142
0.00104077
0.00104134
0.00104266
0.00104348
0.00103919
0.00102389
0.000988799
0.000931556
0.000854062
0.000762058
0.000670346
0.0017411
0.00172777
0.00171445
0.00170114
0.0016879
0.00167471
0.00166156
0.00164843
0.00163533
0.00162226
0.00160925
0.00159631
0.00158345
0.00157069
0.00155803
0.00154547
0.00153303
0.00152072
0.00150856
0.00149657
0.00148475
0.00147311
0.00146168
0.00145045
0.00143943
0.00142865
0.00141811
0.00140782
0.00139778
0.00138801
0.00137852
0.0013693
0.00136037
0.00135173
0.00134339
0.00133534
0.00132759
0.00132014
0.001313
0.00130615
0.0012996
0.00129335
0.0012874
0.00128175
0.0012764
0.00127133
0.00126653
0.00126203
0.00125783
0.00125396
0.00125038
0.00124701
0.00124383
0.00124089
0.00123833
0.00123628
0.00123478
0.00123367
0.0012326
0.00123136
0.00122984
0.00122809
0.0012266
0.00122563
0.0012256
0.00122591
0.0012249
0.0012186
0.00119952
0.00115895
0.00109266
0.00100194
0.000893148
0.00078088
0.00199537
0.00198184
0.00196823
0.00195458
0.00194092
0.00192727
0.00191361
0.00189994
0.00188625
0.00187255
0.00185886
0.00184521
0.00183162
0.00181808
0.00180462
0.00179124
0.00177796
0.00176478
0.00175173
0.00173883
0.0017261
0.00171354
0.00170117
0.001689
0.00167704
0.00166532
0.00165383
0.0016426
0.00163163
0.00162094
0.00161052
0.0016004
0.00159057
0.00158105
0.00157183
0.00156293
0.00155434
0.00154608
0.00153813
0.0015305
0.00152319
0.00151621
0.00150955
0.00150321
0.00149719
0.00149149
0.00148608
0.001481
0.00147626
0.00147188
0.00146783
0.00146402
0.00146043
0.00145709
0.00145419
0.00145184
0.00145011
0.00144885
0.00144768
0.00144633
0.00144471
0.00144281
0.00144113
0.00144004
0.00143915
0.00143817
0.00143446
0.00142633
0.00140216
0.00135376
0.00127654
0.00117015
0.00104166
0.000905286
0.0022742
0.00226099
0.0022476
0.00223408
0.00222046
0.00220677
0.00219302
0.00217919
0.00216528
0.00215131
0.00213729
0.00212325
0.0021092
0.00209518
0.00208119
0.00206723
0.00205333
0.00203951
0.00202577
0.00201216
0.00199868
0.00198535
0.00197219
0.00195921
0.00194643
0.00193387
0.00192154
0.00190945
0.00189762
0.00188607
0.00187479
0.0018638
0.00185311
0.00184274
0.00183268
0.00182293
0.00181352
0.00180443
0.00179568
0.00178727
0.00177919
0.00177146
0.00176406
0.00175701
0.00175031
0.00174394
0.00173789
0.0017322
0.00172688
0.00172195
0.00171738
0.00171309
0.00170903
0.00170527
0.00170197
0.0016993
0.00169731
0.00169586
0.00169456
0.0016931
0.00169135
0.00168929
0.00168735
0.00168592
0.00168463
0.00168239
0.00167659
0.001664
0.00163316
0.00157535
0.00148453
0.00135969
0.00120847
0.00104407
0.00257545
0.00256316
0.0025506
0.00253778
0.00252477
0.00251158
0.00249825
0.00248476
0.00247112
0.00245734
0.00244343
0.00242942
0.00241534
0.00240121
0.00238705
0.00237288
0.0023587
0.00234454
0.00233042
0.00231636
0.0023024
0.00228855
0.00227483
0.00226126
0.00224786
0.00223465
0.00222165
0.00220886
0.00219632
0.00218403
0.00217201
0.00216027
0.00214882
0.00213767
0.00212684
0.00211633
0.00210615
0.00209629
0.00208678
0.00207761
0.00206879
0.00206032
0.0020522
0.00204445
0.00203706
0.00203001
0.00202332
0.00201699
0.00201107
0.00200557
0.00200045
0.00199563
0.00199109
0.00198685
0.00198313
0.00198009
0.0019778
0.00197614
0.00197467
0.0019731
0.00197122
0.00196894
0.00196664
0.00196461
0.00196241
0.00195848
0.00194945
0.00193184
0.00189359
0.00182405
0.0017169
0.00157098
0.0013941
0.00119773
0.00289601
0.00288534
0.00287426
0.00286281
0.00285103
0.00283897
0.00282666
0.00281409
0.00280128
0.00278823
0.00277496
0.0027615
0.00274788
0.00273412
0.00272026
0.00270629
0.00269226
0.00267816
0.00266404
0.00264992
0.00263582
0.00262178
0.00260781
0.00259395
0.00258021
0.00256661
0.00255318
0.00253993
0.00252689
0.00251407
0.00250149
0.00248917
0.00247712
0.00246536
0.00245389
0.00244273
0.00243189
0.00242137
0.00241119
0.00240135
0.00239185
0.00238271
0.00237392
0.0023655
0.00235745
0.00234976
0.00234243
0.00233548
0.00232895
0.00232286
0.00231716
0.0023118
0.00230672
0.00230199
0.00229782
0.00229438
0.00229177
0.00228985
0.00228821
0.0022865
0.00228446
0.00228192
0.00227911
0.00227616
0.00227233
0.00226522
0.00225267
0.00222913
0.00218183
0.00209875
0.00197288
0.00180384
0.00159869
0.00136666
0.00323196
0.00322364
0.00321478
0.00320541
0.00319557
0.00318532
0.00317468
0.00316368
0.00315233
0.00314062
0.00312858
0.00311624
0.00310363
0.00309079
0.00307773
0.00306449
0.00305108
0.00303753
0.00302385
0.0030101
0.00299629
0.00298245
0.00296862
0.00295482
0.00294108
0.00292743
0.00291388
0.00290046
0.0028872
0.00287412
0.00286124
0.00284857
0.00283614
0.00282397
0.00281206
0.00280043
0.00278909
0.00277806
0.00276735
0.00275696
0.0027469
0.00273718
0.00272781
0.00271881
0.00271016
0.00270188
0.00269396
0.00268642
0.00267929
0.00267259
0.00266633
0.0026604
0.00265479
0.00264956
0.00264493
0.00264108
0.00263811
0.00263593
0.00263411
0.00263224
0.00263
0.0026271
0.00262358
0.00261932
0.00261325
0.0026026
0.00258507
0.00255413
0.00249603
0.0023978
0.00225186
0.00205775
0.00182212
0.00155168
0.00357851
0.00357337
0.00356753
0.00356103
0.00355389
0.00354619
0.00353796
0.00352923
0.00352001
0.00351032
0.00350016
0.00348958
0.0034786
0.00346726
0.0034556
0.00344364
0.00343141
0.00341891
0.0034062
0.0033933
0.00338025
0.00336707
0.00335382
0.00334051
0.00332717
0.00331384
0.00330055
0.00328731
0.00327417
0.00326114
0.00324825
0.00323553
0.00322299
0.00321065
0.00319854
0.00318667
0.00317505
0.00316371
0.00315264
0.00314187
0.00313141
0.00312126
0.00311143
0.00310195
0.00309281
0.00308402
0.00307557
0.00306749
0.00305978
0.00305253
0.00304569
0.00303922
0.00303309
0.00302738
0.0030223
0.00301803
0.00301475
0.00301232
0.00301032
0.00300829
0.00300578
0.00300236
0.00299785
0.00299181
0.00298281
0.00296778
0.00294394
0.00290412
0.00283374
0.00271912
0.00255211
0.0023317
0.00206397
0.00175349
0.00392974
0.00392871
0.00392682
0.00392407
0.00392051
0.0039162
0.0039112
0.00390554
0.00389924
0.00389231
0.00388477
0.00387665
0.00386799
0.00385884
0.00384923
0.00383918
0.00382872
0.00381789
0.00380671
0.00379522
0.00378346
0.00377147
0.00375928
0.00374694
0.00373447
0.00372191
0.00370929
0.00369665
0.00368401
0.00367141
0.00365887
0.00364642
0.00363409
0.0036219
0.00360987
0.00359803
0.00358639
0.00357496
0.00356377
0.00355283
0.00354215
0.00353174
0.00352162
0.0035118
0.00350229
0.0034931
0.00348423
0.00347564
0.00346745
0.00345966
0.00345231
0.00344534
0.00343876
0.00343262
0.00342711
0.00342255
0.00341901
0.0034164
0.00341424
0.00341201
0.00340914
0.003405
0.00339914
0.00339076
0.00337803
0.00335759
0.00332613
0.00327607
0.00319223
0.00306043
0.00287179
0.00262448
0.00232354
0.00197141
0.00427806
0.00428228
0.00428541
0.00428747
0.00428851
0.0042886
0.0042878
0.00428615
0.00428367
0.00428039
0.00427632
0.0042715
0.00426597
0.00425979
0.00425298
0.00424558
0.00423762
0.00422914
0.00422016
0.00421073
0.00420089
0.00419068
0.00418015
0.00416934
0.00415827
0.004147
0.00413556
0.00412399
0.00411231
0.00410058
0.00408881
0.00407704
0.0040653
0.00405362
0.00404202
0.00403053
0.00401917
0.00400795
0.00399691
0.00398604
0.00397538
0.00396492
0.0039547
0.00394472
0.00393501
0.00392557
0.00391632
0.00390738
0.00389877
0.00389057
0.0038828
0.00387544
0.00386849
0.00386198
0.00385626
0.0038515
0.00384786
0.00384516
0.0038429
0.00384045
0.00383709
0.00383197
0.00382431
0.00381294
0.00379562
0.00376867
0.00372819
0.00366693
0.00356888
0.00341951
0.00320911
0.00293473
0.0025999
0.00220436
0.00461362
0.00462444
0.00463392
0.00464207
0.00464896
0.00465466
0.00465923
0.00466272
0.00466516
0.00466659
0.00466703
0.00466652
0.0046651
0.00466283
0.00465975
0.00465589
0.00465129
0.00464599
0.00464002
0.00463343
0.00462627
0.00461858
0.00461042
0.00460181
0.00459281
0.00458346
0.0045738
0.00456388
0.00455373
0.00454339
0.0045329
0.0045223
0.00451162
0.00450089
0.00449015
0.00447942
0.00446871
0.00445806
0.00444749
0.00443701
0.00442665
0.00441641
0.00440633
0.00439642
0.00438672
0.00437712
0.00436773
0.00435856
0.0043497
0.00434123
0.0043332
0.00432561
0.0043184
0.00431183
0.00430607
0.00430137
0.0042978
0.00429517
0.00429287
0.00429015
0.00428614
0.00427972
0.00426978
0.00425475
0.00423184
0.00419749
0.00414754
0.00407391
0.00396124
0.00379423
0.00356229
0.003261
0.00289193
0.00245101
0.00492358
0.00494267
0.0049601
0.00497591
0.00499017
0.00500294
0.00501432
0.00502435
0.00503307
0.00504052
0.00504674
0.00505177
0.00505567
0.00505848
0.00506025
0.00506103
0.00506085
0.00505977
0.00505781
0.00505504
0.00505149
0.00504722
0.00504229
0.00503674
0.00503062
0.00502398
0.00501686
0.00500931
0.00500138
0.00499311
0.00498455
0.00497573
0.00496669
0.00495747
0.00494811
0.00493862
0.00492904
0.0049194
0.00490971
0.00490001
0.00489031
0.00488064
0.00487101
0.00486147
0.00485194
0.00484251
0.00483317
0.00482402
0.00481515
0.00480666
0.00479861
0.00479097
0.0047839
0.00477752
0.00477206
0.00476771
0.00476448
0.00476206
0.00475979
0.00475676
0.00475189
0.00474383
0.00473116
0.00471194
0.00468305
0.00464078
0.00458072
0.00449444
0.00436683
0.00418236
0.00392942
0.00360176
0.00319841
0.00271029
0.00519127
0.00522067
0.00524803
0.00527341
0.0052969
0.00531857
0.00533851
0.00535678
0.00537344
0.00538854
0.00540211
0.00541421
0.0054249
0.00543423
0.00544225
0.00544903
0.00545461
0.00545902
0.00546232
0.00546456
0.00546579
0.00546608
0.00546548
0.00546404
0.00546181
0.00545886
0.00545523
0.00545097
0.00544614
0.00544078
0.00543494
0.00542867
0.00542201
0.005415
0.00540767
0.00540007
0.00539221
0.00538413
0.00537587
0.00536744
0.00535886
0.00535018
0.00534143
0.00533255
0.00532361
0.00531465
0.00530572
0.00529694
0.00528841
0.00528024
0.00527247
0.00526527
0.00525872
0.00525298
0.00524824
0.00524458
0.00524195
0.00523994
0.00523775
0.00523433
0.00522842
0.00521843
0.00520267
0.00517885
0.00514358
0.00509335
0.00502321
0.00492446
0.00478232
0.00458119
0.00430828
0.0039552
0.00351797
0.00298123
0.00539525
0.00543742
0.00547712
0.00551443
0.00554943
0.00558221
0.00561287
0.00564149
0.00566813
0.00569285
0.00571571
0.00573676
0.00575607
0.0057737
0.00578972
0.00580418
0.00581713
0.00582863
0.00583873
0.00584748
0.00585496
0.00586121
0.0058663
0.00587029
0.00587324
0.0058752
0.00587624
0.00587642
0.00587578
0.00587438
0.00587228
0.00586953
0.00586617
0.00586225
0.0058578
0.00585287
0.00584748
0.00584168
0.00583551
0.00582898
0.00582214
0.00581502
0.0058076
0.00579992
0.00579205
0.00578405
0.00577604
0.00576811
0.0057604
0.00575299
0.0057461
0.00573985
0.00573439
0.00572982
0.00572626
0.00572371
0.00572198
0.00572055
0.00571851
0.00571467
0.00570759
0.00569554
0.00567656
0.00564805
0.00560683
0.00554901
0.00546941
0.00535905
0.00520348
0.00498732
0.00469616
0.0043193
0.00384914
0.00326283
0.00550806
0.00556603
0.005621
0.00567309
0.00572238
0.00576898
0.005813
0.00585453
0.00589366
0.00593044
0.00596495
0.00599726
0.00602745
0.00605558
0.00608172
0.00610594
0.00612829
0.00614884
0.00616765
0.00618477
0.00620028
0.00621424
0.00622672
0.00623778
0.00624748
0.0062559
0.00626309
0.00626912
0.00627404
0.00627793
0.00628083
0.00628281
0.00628391
0.00628417
0.00628365
0.00628239
0.00628043
0.00627781
0.00627457
0.00627076
0.00626644
0.00626157
0.00625619
0.00625039
0.00624428
0.00623794
0.00623151
0.0062251
0.00621883
0.00621284
0.00620748
0.00620289
0.00619918
0.00619647
0.00619465
0.00619364
0.00619313
0.0061925
0.00619073
0.00618654
0.00617841
0.00616449
0.00614268
0.00611021
0.00606393
0.0059997
0.00591216
0.00579198
0.00562541
0.00539667
0.0050898
0.00469166
0.0041902
0.00355397
0.00549497
0.00557235
0.00564613
0.00571643
0.00578338
0.00584709
0.00590767
0.00596524
0.00601989
0.00607171
0.00612078
0.00616718
0.00621099
0.0062523
0.00629118
0.00632771
0.00636195
0.00639396
0.00642383
0.0064516
0.00647737
0.00650119
0.00652315
0.0065433
0.00656172
0.00657848
0.00659365
0.0066073
0.00661949
0.00663029
0.00663977
0.00664797
0.00665496
0.00666078
0.0066655
0.00666917
0.00667183
0.00667353
0.00667434
0.0066743
0.00667345
0.00667177
0.00666939
0.00666642
0.006663
0.00665924
0.00665528
0.0066512
0.00664731
0.00664387
0.00664108
0.00663905
0.00663784
0.00663752
0.00663792
0.00663885
0.00663989
0.00664033
0.00663912
0.00663495
0.00662628
0.00661124
0.00658759
0.00655276
0.00650337
0.00643502
0.00634215
0.00621537
0.00604147
0.00580396
0.0054852
0.00506935
0.00453915
0.00385336
0.0053126
0.00541364
0.00551039
0.00560299
0.00569159
0.00577632
0.00585731
0.00593466
0.0060085
0.00607894
0.00614606
0.00620997
0.00627076
0.00632851
0.00638332
0.00643526
0.0064844
0.00653084
0.00657463
0.00661586
0.0066546
0.00669092
0.00672492
0.00675665
0.00678619
0.00681363
0.00683903
0.00686247
0.00688402
0.00690375
0.00692174
0.00693802
0.00695268
0.00696577
0.00697737
0.00698754
0.00699633
0.00700381
0.00701005
0.00701513
0.007019
0.00702181
0.0070237
0.00702482
0.00702531
0.00702526
0.00702495
0.00702453
0.00702432
0.00702451
0.00702529
0.00702673
0.00702883
0.00703159
0.00703479
0.00703817
0.00704125
0.00704331
0.00704333
0.00704009
0.00703211
0.00701757
0.00699426
0.00695965
0.00691029
0.00684158
0.00674767
0.00661938
0.00644342
0.0062026
0.00587736
0.00544879
0.00489358
0.00415954
0.0049085
0.0050379
0.00516226
0.00528177
0.00539658
0.00550683
0.00561265
0.00571415
0.00581147
0.00590473
0.00599404
0.00607952
0.00616125
0.00623935
0.00631388
0.00638496
0.00645265
0.00651705
0.00657824
0.00663629
0.0066913
0.00674333
0.00679247
0.0068388
0.0068824
0.00692334
0.00696172
0.0069976
0.00703107
0.0070622
0.00709105
0.00711771
0.00714224
0.00716473
0.00718526
0.00720389
0.00722072
0.00723582
0.00724929
0.00726113
0.00727146
0.00728046
0.00728829
0.00729506
0.00730102
0.00730635
0.00731123
0.00731595
0.00732073
0.00732577
0.0073312
0.00733706
0.00734337
0.00734997
0.00735672
0.00736331
0.00736932
0.0073741
0.00737677
0.00737626
0.00737125
0.00736009
0.00734067
0.00731053
0.00726619
0.00720295
0.00711423
0.00699156
0.00682098
0.00658443
0.00626
0.00582556
0.00525062
0.00447073
0.00348823
0.00202062
0.00422409
0.00438608
0.00454247
0.00469341
0.00483905
0.00497947
0.00511478
0.00524511
0.00537057
0.00549129
0.00560741
0.00571902
0.00582621
0.0059291
0.00602775
0.00612226
0.00621273
0.00629924
0.00638189
0.00646075
0.0065359
0.00660743
0.00667541
0.00673993
0.00680107
0.00685892
0.00691356
0.00696508
0.00701355
0.00705905
0.00710165
0.00714146
0.00717858
0.00721308
0.00724507
0.00727464
0.0073019
0.00732695
0.00734985
0.00737071
0.00738973
0.00740705
0.00742289
0.00743742
0.00745084
0.00746337
0.00747523
0.00748667
0.00749789
0.00750906
0.00752028
0.00753164
0.0075431
0.0075546
0.00756603
0.00757718
0.00758774
0.00759725
0.00760509
0.00761043
0.00761223
0.00760901
0.00759899
0.00757973
0.00754776
0.00749802
0.00742395
0.00731659
0.00716147
0.00693925
0.00662551
0.0061943
0.00560677
0.00478445
0.00372425
0.00211555
0.00321177
0.00340636
0.00359579
0.00378
0.00395891
0.00413248
0.00430067
0.00446352
0.00462107
0.0047734
0.00492059
0.00506273
0.00519986
0.00533204
0.00545933
0.00558182
0.00569957
0.00581268
0.00592123
0.00602527
0.0061249
0.00622017
0.00631116
0.00639796
0.00648064
0.00655929
0.006634
0.00670485
0.00677191
0.00683527
0.00689506
0.00695136
0.0070043
0.00705399
0.00710054
0.00714407
0.00718471
0.00722256
0.00725775
0.00729048
0.00732091
0.00734923
0.00737561
0.00740026
0.00742338
0.00744519
0.00746592
0.00748578
0.00750495
0.00752362
0.00754195
0.00756007
0.00757809
0.00759607
0.00761405
0.00763202
0.00764991
0.00766758
0.00768473
0.00770092
0.00771544
0.00772716
0.00773458
0.00773535
0.00772605
0.0077013
0.00765441
0.00757544
0.00744924
0.00725465
0.00696479
0.00654852
0.00595779
0.00509801
0.00395725
0.00220823
0.00193442
0.00213435
0.00233579
0.00253748
0.00273825
0.002937
0.00313274
0.00332483
0.00351279
0.00369629
0.00387513
0.00404914
0.00421816
0.0043821
0.0045409
0.00469452
0.00484299
0.00498634
0.00512457
0.0052577
0.00538577
0.00550881
0.00562687
0.00574
0.00584826
0.00595172
0.00605047
0.00614457
0.00623409
0.00631917
0.00639992
0.00647647
0.00654894
0.00661746
0.00668217
0.00674319
0.00680067
0.00685478
0.00690568
0.00695355
0.00699853
0.00704079
0.00708051
0.00711786
0.00715305
0.00718628
0.00721777
0.00724777
0.00727652
0.00730429
0.00733139
0.00735813
0.00738482
0.0074118
0.00743938
0.00746788
0.00749758
0.00752874
0.00756156
0.00759605
0.00763193
0.00766858
0.00770471
0.00773824
0.00776575
0.0077817
0.00777841
0.00774495
0.00766511
0.0075155
0.0072664
0.00688021
0.00629855
0.0054084
0.00418661
0.00229706
0.000828183
0.000960656
0.0011035
0.00125634
0.00141858
0.00158901
0.00176557
0.00194692
0.00213159
0.00231833
0.0025061
0.00269384
0.00288054
0.00306532
0.00324738
0.00342611
0.00360105
0.00377185
0.00393819
0.00409982
0.00425652
0.00440816
0.00455463
0.00469587
0.00483184
0.00496254
0.00508796
0.00520815
0.00532319
0.00543317
0.0055382
0.00563838
0.00573385
0.00582471
0.00591109
0.00599314
0.00607105
0.00614498
0.00621503
0.00628127
0.00634384
0.00640287
0.00645852
0.00651094
0.00656028
0.00660682
0.00665085
0.00669272
0.00673284
0.0067717
0.00680983
0.00684786
0.00688646
0.00692634
0.00696822
0.00701285
0.00706101
0.00711351
0.0071711
0.00723439
0.00730366
0.00737878
0.00745885
0.00754239
0.00762538
0.00770196
0.00776341
0.00779741
0.00778621
0.0077039
0.00751667
0.00717973
0.00662292
0.00571221
0.00441129
0.00238061
0.000261984
0.000318228
0.000381714
0.00045323
0.000533514
0.000623102
0.000722161
0.000830559
0.00094766
0.00107296
0.00120636
0.00134727
0.00149491
0.00164849
0.00180648
0.00196779
0.00213149
0.00229671
0.00246252
0.00262806
0.00279251
0.00295517
0.00311539
0.00327263
0.0034264
0.00357632
0.0037221
0.00386353
0.00400046
0.00413279
0.00426044
0.00438338
0.00450159
0.00461506
0.00472383
0.00482805
0.00492779
0.00502297
0.00511355
0.00519955
0.00528101
0.00535801
0.00543066
0.00549905
0.00556344
0.0056242
0.00568183
0.0057369
0.0057901
0.00584219
0.00589412
0.00594692
0.00600174
0.00605977
0.00612227
0.00619055
0.00626601
0.0063501
0.00644431
0.0065499
0.00666783
0.00679865
0.00694267
0.00709716
0.00725851
0.00742035
0.00757261
0.0077012
0.00778637
0.00779884
0.00769955
0.00743573
0.00692364
0.00600545
0.00463035
0.00245747
4.59821e-05
6.45504e-05
8.82524e-05
0.000116786
0.000149657
0.000186584
0.000227592
0.000273195
0.000323824
0.000379944
0.000442077
0.000510649
0.000585942
0.0006681
0.000756954
0.000852118
0.000953251
0.00106016
0.00117239
0.00128939
0.00141061
0.00153541
0.00166317
0.00179318
0.00192453
0.00205661
0.00218889
0.00232081
0.00245186
0.00258156
0.0027095
0.00283528
0.00295855
0.00307898
0.00319636
0.00331059
0.00342111
0.00352756
0.00362971
0.00372735
0.00382035
0.00390864
0.00399223
0.00407116
0.00414586
0.00421689
0.00428496
0.0043509
0.00441569
0.00448051
0.00454668
0.00461574
0.00468936
0.00476932
0.00485749
0.00495586
0.00506655
0.0051918
0.00533395
0.00549509
0.00567757
0.00588294
0.00611027
0.00635804
0.00662258
0.00689689
0.00716929
0.0074238
0.00763767
0.00777707
0.00779696
0.00763518
0.00719233
0.00628328
0.00484159
0.00252615
7.38835e-06
9.14283e-06
1.16852e-05
1.5381e-05
2.07353e-05
2.8392e-05
3.90649e-05
5.33978e-05
7.17501e-05
9.40748e-05
0.000120029
0.000149209
0.00018136
0.000216467
0.000254677
0.000296222
0.000341357
0.000390332
0.000443349
0.000500527
0.000561895
0.00062737
0.000696775
0.00076994
0.000846681
0.000926785
0.00100989
0.0010957
0.00118382
0.00127392
0.00136557
0.00145839
0.00155195
0.00164584
0.00173985
0.00183296
0.0019246
0.00201427
0.00210149
0.00218581
0.00226692
0.00234458
0.00241874
0.00248945
0.00255724
0.00262274
0.00268674
0.00275024
0.00281441
0.00288062
0.00295051
0.00302597
0.0031091
0.00320221
0.00330778
0.00342855
0.00356751
0.00372789
0.00391338
0.00412846
0.00437535
0.00465641
0.00497272
0.00532367
0.00570609
0.00611259
0.00653009
0.00694065
0.00731538
0.00761616
0.00779024
0.00776404
0.00741966
0.00654012
0.00504147
0.00258425
3.77456e-06
3.99514e-06
4.29195e-06
4.69249e-06
5.23548e-06
5.97624e-06
6.99396e-06
8.40232e-06
1.03627e-05
1.30992e-05
1.69133e-05
2.21908e-05
2.9384e-05
3.89604e-05
5.13094e-05
6.66346e-05
8.48947e-05
0.000105847
0.000129163
0.000154553
0.000181835
0.000210945
0.000241892
0.000274759
0.00030972
0.000346828
0.000386195
0.000427819
0.00047167
0.000517672
0.000565688
0.000615541
0.000667019
0.000719951
0.000773833
0.000828166
0.000882522
0.000936486
0.000989654
0.00104166
0.00109223
0.00114119
0.00118851
0.00123431
0.00127903
0.00132323
0.00136761
0.00141306
0.00146064
0.00151165
0.00156766
0.00163051
0.00170229
0.00178543
0.00188271
0.00199739
0.00213331
0.00229555
0.00248875
0.00271812
0.00298929
0.00330771
0.0036778
0.00410231
0.00458102
0.00510857
0.00567357
0.00625084
0.00680834
0.00730025
0.00766322
0.00780875
0.00759592
0.00677058
0.00522598
0.00262917
3.25465e-06
3.2916e-06
3.34056e-06
3.40519e-06
3.49019e-06
3.60167e-06
3.74761e-06
3.93845e-06
4.18796e-06
4.51443e-06
4.94234e-06
5.50481e-06
6.24685e-06
7.22972e-06
8.53641e-06
1.02779e-05
1.25993e-05
1.56852e-05
1.97609e-05
2.50839e-05
3.19233e-05
4.05238e-05
5.10625e-05
6.36442e-05
7.82033e-05
9.45854e-05
0.000112575
0.00013194
0.000152475
0.00017402
0.000196461
0.00021971
0.000243714
0.000268323
0.000293361
0.000318674
0.000344094
0.000369446
0.00039456
0.000419287
0.000443515
0.00046725
0.000490534
0.000513508
0.000536457
0.000559763
0.000583905
0.000609484
0.000637229
0.00066804
0.000703038
0.000743597
0.000791403
0.000848506
0.000917478
0.00100172
0.00110481
0.00123163
0.00138824
0.00158177
0.00182038
0.00211341
0.00247046
0.00290064
0.00341117
0.00400641
0.00467513
0.00539535
0.00613138
0.00682787
0.00740659
0.00775853
0.00771261
0.00696883
0.0053906
0.00265881
3.16683e-06
3.17327e-06
3.18183e-06
3.19316e-06
3.20809e-06
3.22769e-06
3.25327e-06
3.28652e-06
3.32952e-06
3.38487e-06
3.45579e-06
3.54629e-06
3.66141e-06
3.80743e-06
3.99227e-06
4.22595e-06
4.52115e-06
4.89409e-06
5.36554e-06
5.9622e-06
6.71839e-06
7.67823e-06
8.90214e-06
1.04595e-05
1.24379e-05
1.4941e-05
1.8087e-05
2.20017e-05
2.68087e-05
3.26139e-05
3.94873e-05
4.7447e-05
5.64273e-05
6.6286e-05
7.68487e-05
8.79169e-05
9.92907e-05
0.00011079
0.000122269
0.000133628
0.000144817
0.000155843
0.000166764
0.000177692
0.000188792
0.000200299
0.000212497
0.000225726
0.000240406
0.000257058
0.000276338
0.000299149
0.000326513
0.000359795
0.000400763
0.000451786
0.000515978
0.000597465
0.000701974
0.00083672
0.00101102
0.00123665
0.00152753
0.0018995
0.00237118
0.00295407
0.00365224
0.0044546
0.00532978
0.0062171
0.00702191
0.00760805
0.00776323
0.00712975
0.00553106
0.00267185
3.15144e-06
3.15265e-06
3.15421e-06
3.15625e-06
3.15892e-06
3.16241e-06
3.16696e-06
3.1729e-06
3.18061e-06
3.19059e-06
3.20342e-06
3.21984e-06
3.24074e-06
3.26722e-06
3.30057e-06
3.34238e-06
3.39451e-06
3.45923e-06
3.53922e-06
3.63772e-06
3.75864e-06
3.90723e-06
4.08895e-06
4.31066e-06
4.58053e-06
4.90822e-06
5.30506e-06
5.78418e-06
6.36056e-06
7.05081e-06
7.87252e-06
8.84137e-06
9.9713e-06
1.1275e-05
1.27618e-05
1.44366e-05
1.63003e-05
1.83502e-05
2.05828e-05
2.29968e-05
2.55972e-05
2.83999e-05
3.14363e-05
3.47589e-05
3.84471e-05
4.26145e-05
4.74166e-05
5.30591e-05
5.98098e-05
6.80124e-05
7.81034e-05
9.06303e-05
0.000106255
0.00012577
0.000150132
0.000180583
0.000218864
0.000267578
0.000330709
0.00041412
0.000526175
0.0006784
0.000886541
0.00117095
0.00155462
0.00206279
0.00271627
0.00352353
0.0044707
0.00550521
0.00652405
0.00735793
0.00774424
0.00724963
0.00564349
0.0026674
3.14828e-06
3.14862e-06
3.14901e-06
3.14947e-06
3.15004e-06
3.15074e-06
3.15163e-06
3.15274e-06
3.15416e-06
3.15598e-06
3.1583e-06
3.16128e-06
3.16508e-06
3.16991e-06
3.17604e-06
3.18377e-06
3.19349e-06
3.20563e-06
3.22071e-06
3.23937e-06
3.26241e-06
3.29063e-06
3.32499e-06
3.36657e-06
3.41653e-06
3.47618e-06
3.54686e-06
3.63e-06
3.72702e-06
3.83923e-06
3.96756e-06
4.11263e-06
4.27512e-06
4.45541e-06
4.65365e-06
4.86987e-06
5.10414e-06
5.35682e-06
5.62882e-06
5.92206e-06
6.23984e-06
6.58748e-06
6.97299e-06
7.40806e-06
7.90951e-06
8.50132e-06
9.21772e-06
1.0108e-05
1.12441e-05
1.27337e-05
1.47416e-05
1.7525e-05
2.14913e-05
2.72877e-05
3.59239e-05
4.89045e-05
6.82546e-05
9.62966e-05
0.000135315
0.000187845
0.000258299
0.000355391
0.000492678
0.000689907
0.000973647
0.00137729
0.0019363
0.00268117
0.00362544
0.00474304
0.00593737
0.00701569
0.00765569
0.00732672
0.00572517
0.00264502
3.14692e-06
3.14712e-06
3.14733e-06
3.14755e-06
3.14778e-06
3.14803e-06
3.14831e-06
3.14862e-06
3.14898e-06
3.1494e-06
3.1499e-06
3.1505e-06
3.15125e-06
3.15218e-06
3.15333e-06
3.15477e-06
3.15658e-06
3.15883e-06
3.16165e-06
3.16517e-06
3.16953e-06
3.1749e-06
3.18149e-06
3.18949e-06
3.19914e-06
3.21069e-06
3.22436e-06
3.24039e-06
3.25899e-06
3.2803e-06
3.30435e-06
3.33124e-06
3.361e-06
3.39361e-06
3.42904e-06
3.4673e-06
3.50841e-06
3.55253e-06
3.59993e-06
3.65113e-06
3.7069e-06
3.76839e-06
3.83724e-06
3.91573e-06
4.00704e-06
4.11558e-06
4.24755e-06
4.41169e-06
4.62069e-06
4.89337e-06
5.25859e-06
5.76217e-06
6.47941e-06
7.53935e-06
9.1727e-06
1.18113e-05
1.62922e-05
2.42549e-05
3.87659e-05
6.47376e-05
0.000107676
0.000171505
0.000261932
0.00039308
0.000590044
0.000888327
0.00133314
0.00197339
0.00285272
0.003982
0.00529411
0.00659474
0.007501
0.00736116
0.00577371
0.00260464
3.14545e-06
3.14564e-06
3.14582e-06
3.14601e-06
3.1462e-06
3.14638e-06
3.14657e-06
3.14676e-06
3.14695e-06
3.14715e-06
3.14737e-06
3.14759e-06
3.14783e-06
3.14811e-06
3.14841e-06
3.14876e-06
3.14917e-06
3.14966e-06
3.15024e-06
3.15095e-06
3.1518e-06
3.15284e-06
3.15409e-06
3.15561e-06
3.15742e-06
3.15959e-06
3.16215e-06
3.16514e-06
3.1686e-06
3.17254e-06
3.177e-06
3.18198e-06
3.18751e-06
3.19359e-06
3.20024e-06
3.20748e-06
3.21537e-06
3.22395e-06
3.23335e-06
3.24372e-06
3.25528e-06
3.26835e-06
3.28336e-06
3.30088e-06
3.32174e-06
3.34705e-06
3.37836e-06
3.41788e-06
3.46875e-06
3.53564e-06
3.62554e-06
3.74931e-06
3.92435e-06
4.17947e-06
4.56458e-06
5.17084e-06
6.17577e-06
7.95222e-06
1.13456e-05
1.83184e-05
3.34313e-05
6.52617e-05
0.000123281
0.000213195
0.000347984
0.000558978
0.000893709
0.00141382
0.00218755
0.00326484
0.00462941
0.00611299
0.00728576
0.00734982
0.00578694
0.00254623
3.14371e-06
3.14388e-06
3.14405e-06
3.14422e-06
3.14439e-06
3.14456e-06
3.14473e-06
3.1449e-06
3.14506e-06
3.14523e-06
3.1454e-06
3.14556e-06
3.14573e-06
3.1459e-06
3.14607e-06
3.14625e-06
3.14643e-06
3.14663e-06
3.14684e-06
3.14707e-06
3.14731e-06
3.14759e-06
3.1479e-06
3.14825e-06
3.14865e-06
3.1491e-06
3.14961e-06
3.1502e-06
3.15086e-06
3.1516e-06
3.15243e-06
3.15335e-06
3.15437e-06
3.1555e-06
3.15674e-06
3.1581e-06
3.15962e-06
3.16129e-06
3.16317e-06
3.1653e-06
3.16774e-06
3.17057e-06
3.17392e-06
3.17794e-06
3.18286e-06
3.18898e-06
3.19676e-06
3.20682e-06
3.22009e-06
3.23795e-06
3.26249e-06
3.29701e-06
3.34676e-06
3.42036e-06
3.53255e-06
3.70972e-06
4.00117e-06
4.50262e-06
5.4222e-06
7.24818e-06
1.12553e-05
2.09954e-05
4.56106e-05
0.000100304
0.000195236
0.000344149
0.000588126
0.0009922
0.0016411
0.00262172
0.00397612
0.00559134
0.00701799
0.00729313
0.00576356
0.00247006
3.14199e-06
3.14213e-06
3.14227e-06
3.14242e-06
3.14256e-06
3.1427e-06
3.14285e-06
3.14299e-06
3.14313e-06
3.14328e-06
3.14342e-06
3.14356e-06
3.1437e-06
3.14384e-06
3.14398e-06
3.14413e-06
3.14427e-06
3.14442e-06
3.14456e-06
3.1447e-06
3.14485e-06
3.145e-06
3.14515e-06
3.1453e-06
3.14546e-06
3.14563e-06
3.1458e-06
3.14598e-06
3.14617e-06
3.14637e-06
3.14658e-06
3.14681e-06
3.14705e-06
3.14731e-06
3.14759e-06
3.1479e-06
3.14823e-06
3.14861e-06
3.14903e-06
3.14951e-06
3.15007e-06
3.15072e-06
3.15151e-06
3.15246e-06
3.15365e-06
3.15516e-06
3.15711e-06
3.15969e-06
3.16317e-06
3.16798e-06
3.17477e-06
3.18459e-06
3.19919e-06
3.22157e-06
3.25674e-06
3.31371e-06
3.40927e-06
3.57568e-06
3.87928e-06
4.46659e-06
5.69693e-06
8.5719e-06
1.62366e-05
3.85033e-05
9.58179e-05
0.000203713
0.000381108
0.000685949
0.0012098
0.00206671
0.00336005
0.00505139
0.00670798
0.00719567
0.00570321
0.00237664
3.14061e-06
3.14071e-06
3.14082e-06
3.14093e-06
3.14103e-06
3.14114e-06
3.14125e-06
3.14136e-06
3.14147e-06
3.14158e-06
3.1417e-06
3.14181e-06
3.14192e-06
3.14203e-06
3.14215e-06
3.14226e-06
3.14238e-06
3.14249e-06
3.1426e-06
3.14272e-06
3.14283e-06
3.14294e-06
3.14305e-06
3.14316e-06
3.14326e-06
3.14337e-06
3.14348e-06
3.14358e-06
3.14368e-06
3.14379e-06
3.14389e-06
3.144e-06
3.14411e-06
3.14423e-06
3.14434e-06
3.14447e-06
3.14459e-06
3.14473e-06
3.14488e-06
3.14505e-06
3.14524e-06
3.14545e-06
3.1457e-06
3.14599e-06
3.14635e-06
3.14679e-06
3.14736e-06
3.14809e-06
3.14908e-06
3.15045e-06
3.15241e-06
3.1553e-06
3.15968e-06
3.16657e-06
3.17775e-06
3.19651e-06
3.2291e-06
3.2878e-06
3.39774e-06
3.61316e-06
4.05997e-06
5.06339e-06
7.59549e-06
1.5063e-05
3.97447e-05
0.000108829
0.000240821
0.000468641
0.000880454
0.00160619
0.00280015
0.00451268
0.00636682
0.00706349
0.00560581
0.0022666
3.13967e-06
3.13974e-06
3.13982e-06
3.13989e-06
3.13997e-06
3.14004e-06
3.14012e-06
3.1402e-06
3.14028e-06
3.14036e-06
3.14043e-06
3.14052e-06
3.1406e-06
3.14068e-06
3.14077e-06
3.14085e-06
3.14093e-06
3.14102e-06
3.1411e-06
3.14118e-06
3.14126e-06
3.14134e-06
3.14142e-06
3.1415e-06
3.14158e-06
3.14165e-06
3.14173e-06
3.1418e-06
3.14188e-06
3.14195e-06
3.14202e-06
3.1421e-06
3.14217e-06
3.14225e-06
3.14233e-06
3.14241e-06
3.14249e-06
3.14258e-06
3.14267e-06
3.14277e-06
3.14288e-06
3.143e-06
3.14313e-06
3.14328e-06
3.14345e-06
3.14365e-06
3.14388e-06
3.14418e-06
3.14455e-06
3.14504e-06
3.14571e-06
3.14667e-06
3.14809e-06
3.15033e-06
3.15401e-06
3.16032e-06
3.17164e-06
3.19277e-06
3.23391e-06
3.31739e-06
3.49468e-06
3.89329e-06
4.86816e-06
7.58322e-06
1.66481e-05
5.01157e-05
0.000142932
0.000316091
0.000635078
0.00123494
0.00230229
0.00399102
0.00600677
0.00690332
0.00547129
0.00214114
3.13911e-06
3.13916e-06
3.13921e-06
3.13926e-06
3.13932e-06
3.13937e-06
3.13942e-06
3.13947e-06
3.13953e-06
3.13958e-06
3.13964e-06
3.1397e-06
3.13976e-06
3.13981e-06
3.13987e-06
3.13993e-06
3.13998e-06
3.14004e-06
3.1401e-06
3.14015e-06
3.14021e-06
3.14026e-06
3.14032e-06
3.14037e-06
3.14043e-06
3.14048e-06
3.14053e-06
3.14058e-06
3.14063e-06
3.14069e-06
3.14074e-06
3.14079e-06
3.14085e-06
3.1409e-06
3.14096e-06
3.14101e-06
3.14108e-06
3.14114e-06
3.14121e-06
3.14128e-06
3.14135e-06
3.14144e-06
3.14153e-06
3.14163e-06
3.14174e-06
3.14187e-06
3.14202e-06
3.14218e-06
3.14239e-06
3.14263e-06
3.14294e-06
3.14336e-06
3.14393e-06
3.14477e-06
3.14611e-06
3.14837e-06
3.15245e-06
3.16022e-06
3.17588e-06
3.20895e-06
3.28203e-06
3.45191e-06
3.86939e-06
4.99288e-06
8.51953e-06
2.21624e-05
7.5651e-05
0.000207608
0.000454946
0.000941688
0.00187478
0.00350018
0.00563798
0.00672163
0.00529976
0.00199706
3.13882e-06
3.13886e-06
3.1389e-06
3.13893e-06
3.13897e-06
3.13901e-06
3.13904e-06
3.13908e-06
3.13912e-06
3.13916e-06
3.1392e-06
3.13924e-06
3.13928e-06
3.13932e-06
3.13936e-06
3.1394e-06
3.13944e-06
3.13948e-06
3.13951e-06
3.13955e-06
3.13959e-06
3.13963e-06
3.13966e-06
3.1397e-06
3.13974e-06
3.13977e-06
3.13981e-06
3.13984e-06
3.13988e-06
3.13992e-06
3.13995e-06
3.13999e-06
3.14003e-06
3.14007e-06
3.14011e-06
3.14015e-06
3.1402e-06
3.14024e-06
3.14029e-06
3.14034e-06
3.1404e-06
3.14046e-06
3.14053e-06
3.1406e-06
3.14068e-06
3.14077e-06
3.14087e-06
3.14098e-06
3.14112e-06
3.14127e-06
3.14146e-06
3.14169e-06
3.14198e-06
3.14238e-06
3.14297e-06
3.14389e-06
3.14548e-06
3.14849e-06
3.15461e-06
3.16797e-06
3.19875e-06
3.27319e-06
3.46203e-06
3.97235e-06
5.5093e-06
1.11333e-05
3.64867e-05
0.000128438
0.000323376
0.00071479
0.00151813
0.00304495
0.00526999
0.00652592
0.00509186
0.00183606
3.1387e-06
3.13873e-06
3.13876e-06
3.13879e-06
3.13881e-06
3.13884e-06
3.13887e-06
3.13891e-06
3.13894e-06
3.13897e-06
3.139e-06
3.13902e-06
3.13905e-06
3.13908e-06
3.13911e-06
3.13914e-06
3.13916e-06
3.13919e-06
3.13922e-06
3.13925e-06
3.13927e-06
3.1393e-06
3.13932e-06
3.13935e-06
3.13938e-06
3.1394e-06
3.13943e-06
3.13945e-06
3.13948e-06
3.1395e-06
3.13953e-06
3.13956e-06
3.13959e-06
3.13961e-06
3.13964e-06
3.13967e-06
3.1397e-06
3.13974e-06
3.13977e-06
3.13981e-06
3.13985e-06
3.13989e-06
3.13994e-06
3.13999e-06
3.14004e-06
3.1401e-06
3.14017e-06
3.14025e-06
3.14034e-06
3.14045e-06
3.14057e-06
3.14072e-06
3.1409e-06
3.14113e-06
3.14144e-06
3.14189e-06
3.1426e-06
3.14387e-06
3.14639e-06
3.15194e-06
3.1651e-06
3.19824e-06
3.28601e-06
3.53034e-06
4.26292e-06
6.80137e-06
1.80648e-05
7.25762e-05
0.000226185
0.00054116
0.00122475
0.00263318
0.00491255
0.00632303
0.00484739
0.00166448
3.13869e-06
3.13871e-06
3.13874e-06
3.13876e-06
3.13879e-06
3.13881e-06
3.13884e-06
3.13886e-06
3.13889e-06
3.13891e-06
3.13893e-06
3.13896e-06
3.13898e-06
3.139e-06
3.13902e-06
3.13904e-06
3.13906e-06
3.13908e-06
3.1391e-06
3.13912e-06
3.13914e-06
3.13916e-06
3.13918e-06
3.1392e-06
3.13922e-06
3.13924e-06
3.13926e-06
3.13928e-06
3.1393e-06
3.13932e-06
3.13934e-06
3.13936e-06
3.13938e-06
3.1394e-06
3.13942e-06
3.13944e-06
3.13946e-06
3.13949e-06
3.13951e-06
3.13954e-06
3.13957e-06
3.13959e-06
3.13963e-06
3.13966e-06
3.1397e-06
3.13974e-06
3.13979e-06
3.13984e-06
3.1399e-06
3.13997e-06
3.14005e-06
3.14015e-06
3.14027e-06
3.14041e-06
3.1406e-06
3.14085e-06
3.14122e-06
3.14182e-06
3.14295e-06
3.14536e-06
3.15112e-06
3.1661e-06
3.20752e-06
3.32784e-06
3.69706e-06
4.94897e-06
1.01748e-05
3.8417e-05
0.000152733
0.00040905
0.000986961
0.00227158
0.00457419
0.00612002
0.00456763
0.00148812
3.13875e-06
3.13877e-06
3.13879e-06
3.13881e-06
3.13884e-06
3.13886e-06
3.13888e-06
3.1389e-06
3.13892e-06
3.13894e-06
3.13896e-06
3.13898e-06
3.139e-06
3.13901e-06
3.13903e-06
3.13905e-06
3.13907e-06
3.13908e-06
3.1391e-06
3.13912e-06
3.13913e-06
3.13915e-06
3.13917e-06
3.13918e-06
3.1392e-06
3.13921e-06
3.13923e-06
3.13925e-06
3.13926e-06
3.13928e-06
3.13929e-06
3.13931e-06
3.13932e-06
3.13934e-06
3.13935e-06
3.13937e-06
3.13938e-06
3.1394e-06
3.13942e-06
3.13943e-06
3.13945e-06
3.13947e-06
3.13949e-06
3.13952e-06
3.13954e-06
3.13957e-06
3.1396e-06
3.13963e-06
3.13967e-06
3.13971e-06
3.13977e-06
3.13983e-06
3.13991e-06
3.14e-06
3.14012e-06
3.14027e-06
3.14049e-06
3.14081e-06
3.14137e-06
3.14249e-06
3.1451e-06
3.152e-06
3.17181e-06
3.23204e-06
3.42427e-06
4.08208e-06
6.70395e-06
2.0686e-05
9.73619e-05
0.000308523
0.000795621
0.00195933
0.00426288
0.00591267
0.00426387
0.00131219
3.13885e-06
3.13887e-06
3.13889e-06
3.13891e-06
3.13893e-06
3.13895e-06
3.13897e-06
3.13899e-06
3.139e-06
3.13902e-06
3.13904e-06
3.13906e-06
3.13907e-06
3.13909e-06
3.1391e-06
3.13912e-06
3.13914e-06
3.13915e-06
3.13917e-06
3.13918e-06
3.1392e-06
3.13921e-06
3.13922e-06
3.13924e-06
3.13925e-06
3.13926e-06
3.13928e-06
3.13929e-06
3.1393e-06
3.13932e-06
3.13933e-06
3.13934e-06
3.13935e-06
3.13936e-06
3.13938e-06
3.13939e-06
3.1394e-06
3.13941e-06
3.13942e-06
3.13944e-06
3.13945e-06
3.13946e-06
3.13947e-06
3.13949e-06
3.1395e-06
3.13952e-06
3.13954e-06
3.13956e-06
3.13958e-06
3.13961e-06
3.13964e-06
3.13968e-06
3.13972e-06
3.13978e-06
3.13986e-06
3.13996e-06
3.14009e-06
3.14028e-06
3.14058e-06
3.14114e-06
3.14239e-06
3.14566e-06
3.15527e-06
3.1858e-06
3.28788e-06
3.64792e-06
5.06024e-06
1.21899e-05
5.86094e-05
0.00023095
0.000642774
0.00169316
0.00398333
0.00569812
0.00394568
0.00114129
3.13898e-06
3.139e-06
3.13902e-06
3.13904e-06
3.13905e-06
3.13907e-06
3.13909e-06
3.13911e-06
3.13912e-06
3.13914e-06
3.13916e-06
3.13917e-06
3.13919e-06
3.1392e-06
3.13922e-06
3.13923e-06
3.13925e-06
3.13926e-06
3.13928e-06
3.13929e-06
3.1393e-06
3.13932e-06
3.13933e-06
3.13934e-06
3.13935e-06
3.13937e-06
3.13938e-06
3.13939e-06
3.1394e-06
3.13941e-06
3.13942e-06
3.13943e-06
3.13944e-06
3.13945e-06
3.13946e-06
3.13947e-06
3.13948e-06
3.13949e-06
3.1395e-06
3.1395e-06
3.13951e-06
3.13952e-06
3.13953e-06
3.13954e-06
3.13954e-06
3.13956e-06
3.13957e-06
3.13958e-06
3.13959e-06
3.1396e-06
3.13962e-06
3.13964e-06
3.13966e-06
3.1397e-06
3.13974e-06
3.1398e-06
3.13988e-06
3.14e-06
3.14017e-06
3.14048e-06
3.14111e-06
3.14271e-06
3.14747e-06
3.16313e-06
3.2181e-06
3.4204e-06
4.22292e-06
8.09257e-06
3.44828e-05
0.000169989
0.000521292
0.00146872
0.00373196
0.00547965
0.00363293
0.000979458
3.13913e-06
3.13915e-06
3.13917e-06
3.13919e-06
3.13921e-06
3.13922e-06
3.13924e-06
3.13926e-06
3.13927e-06
3.13929e-06
3.13931e-06
3.13932e-06
3.13934e-06
3.13935e-06
3.13937e-06
3.13938e-06
3.1394e-06
3.13941e-06
3.13942e-06
3.13944e-06
3.13945e-06
3.13946e-06
3.13948e-06
3.13949e-06
3.1395e-06
3.13951e-06
3.13952e-06
3.13953e-06
3.13954e-06
3.13955e-06
3.13956e-06
3.13957e-06
3.13958e-06
3.13959e-06
3.13959e-06
3.1396e-06
3.13961e-06
3.13961e-06
3.13962e-06
3.13962e-06
3.13963e-06
3.13963e-06
3.13964e-06
3.13965e-06
3.13965e-06
3.13965e-06
3.13965e-06
3.13965e-06
3.13966e-06
3.13966e-06
3.13967e-06
3.13968e-06
3.13969e-06
3.13971e-06
3.13973e-06
3.13976e-06
3.13981e-06
3.13987e-06
3.13998e-06
3.14015e-06
3.14049e-06
3.14131e-06
3.14372e-06
3.15187e-06
3.18183e-06
3.29766e-06
3.77166e-06
6.00341e-06
2.08768e-05
0.000121783
0.000424907
0.00128126
0.00350865
0.00525815
0.0033327
0.000829467
3.13932e-06
3.13934e-06
3.13936e-06
3.13938e-06
3.13939e-06
3.13941e-06
3.13943e-06
3.13945e-06
3.13946e-06
3.13948e-06
3.1395e-06
3.13951e-06
3.13953e-06
3.13955e-06
3.13956e-06
3.13958e-06
3.13959e-06
3.1396e-06
3.13962e-06
3.13963e-06
3.13964e-06
3.13966e-06
3.13967e-06
3.13968e-06
3.13969e-06
3.1397e-06
3.13971e-06
3.13972e-06
3.13973e-06
3.13974e-06
3.13975e-06
3.13976e-06
3.13977e-06
3.13977e-06
3.13978e-06
3.13979e-06
3.13979e-06
3.13979e-06
3.1398e-06
3.1398e-06
3.13981e-06
3.13981e-06
3.13981e-06
3.1398e-06
3.1398e-06
3.1398e-06
3.1398e-06
3.1398e-06
3.13979e-06
3.13979e-06
3.13979e-06
3.13979e-06
3.13979e-06
3.13979e-06
3.13979e-06
3.13981e-06
3.13983e-06
3.13986e-06
3.13992e-06
3.14001e-06
3.1402e-06
3.14063e-06
3.14189e-06
3.1462e-06
3.16275e-06
3.23011e-06
3.51743e-06
4.87181e-06
1.35082e-05
8.46052e-05
0.000348264
0.0011261
0.00331838
0.00503196
0.00302039
0.000692838
3.13954e-06
3.13956e-06
3.13958e-06
3.1396e-06
3.13962e-06
3.13964e-06
3.13966e-06
3.13967e-06
3.13969e-06
3.13971e-06
3.13973e-06
3.13975e-06
3.13976e-06
3.13978e-06
3.1398e-06
3.13981e-06
3.13983e-06
3.13984e-06
3.13986e-06
3.13987e-06
3.13989e-06
3.1399e-06
3.13992e-06
3.13993e-06
3.13994e-06
3.13995e-06
3.13996e-06
3.13997e-06
3.13998e-06
3.13999e-06
3.14e-06
3.14001e-06
3.14002e-06
3.14002e-06
3.14003e-06
3.14004e-06
3.14004e-06
3.14004e-06
3.14004e-06
3.14004e-06
3.14004e-06
3.14004e-06
3.14004e-06
3.14003e-06
3.14003e-06
3.14002e-06
3.14001e-06
3.14001e-06
3.14e-06
3.13998e-06
3.13997e-06
3.13996e-06
3.13995e-06
3.13994e-06
3.13993e-06
3.13992e-06
3.13992e-06
3.13993e-06
3.13995e-06
3.14e-06
3.1401e-06
3.14033e-06
3.141e-06
3.14333e-06
3.15259e-06
3.19226e-06
3.36995e-06
4.22519e-06
9.47868e-06
5.75339e-05
0.000286972
0.000998825
0.00316479
0.00479685
0.00270132
0.000570654
3.13978e-06
3.1398e-06
3.13982e-06
3.13985e-06
3.13987e-06
3.13989e-06
3.13991e-06
3.13994e-06
3.13996e-06
3.13998e-06
3.14e-06
3.14002e-06
3.14004e-06
3.14006e-06
3.14008e-06
3.1401e-06
3.14011e-06
3.14013e-06
3.14015e-06
3.14017e-06
3.14018e-06
3.1402e-06
3.14021e-06
3.14023e-06
3.14024e-06
3.14026e-06
3.14027e-06
3.14028e-06
3.1403e-06
3.14031e-06
3.14032e-06
3.14033e-06
3.14034e-06
3.14035e-06
3.14035e-06
3.14035e-06
3.14036e-06
3.14036e-06
3.14036e-06
3.14036e-06
3.14036e-06
3.14035e-06
3.14035e-06
3.14034e-06
3.14033e-06
3.14032e-06
3.14031e-06
3.14029e-06
3.14027e-06
3.14025e-06
3.14023e-06
3.14021e-06
3.14019e-06
3.14016e-06
3.14014e-06
3.14011e-06
3.14009e-06
3.14007e-06
3.14007e-06
3.14008e-06
3.14012e-06
3.14024e-06
3.1406e-06
3.14187e-06
3.14713e-06
3.17079e-06
3.28253e-06
3.83955e-06
7.19432e-06
3.90923e-05
0.000237598
0.000895807
0.00305936
0.00453992
0.00238297
0.00046324
3.14003e-06
3.14006e-06
3.14009e-06
3.14012e-06
3.14014e-06
3.14017e-06
3.14019e-06
3.14022e-06
3.14024e-06
3.14027e-06
3.14029e-06
3.14032e-06
3.14034e-06
3.14037e-06
3.14039e-06
3.14041e-06
3.14043e-06
3.14046e-06
3.14048e-06
3.1405e-06
3.14052e-06
3.14054e-06
3.14056e-06
3.14058e-06
3.1406e-06
3.14062e-06
3.14063e-06
3.14065e-06
3.14067e-06
3.14068e-06
3.1407e-06
3.14071e-06
3.14072e-06
3.14073e-06
3.14074e-06
3.14074e-06
3.14075e-06
3.14075e-06
3.14075e-06
3.14075e-06
3.14075e-06
3.14075e-06
3.14074e-06
3.14073e-06
3.14072e-06
3.1407e-06
3.14069e-06
3.14066e-06
3.14064e-06
3.14061e-06
3.14058e-06
3.14054e-06
3.14051e-06
3.14047e-06
3.14043e-06
3.14038e-06
3.14034e-06
3.1403e-06
3.14027e-06
3.14024e-06
3.14024e-06
3.14028e-06
3.14046e-06
3.14116e-06
3.14418e-06
3.15849e-06
3.22983e-06
3.60183e-06
5.84096e-06
2.71416e-05
0.000197571
0.000814067
0.00301988
0.00423996
0.00207128
0.000370332
3.14029e-06
3.14032e-06
3.14035e-06
3.14038e-06
3.14042e-06
3.14045e-06
3.14048e-06
3.14051e-06
3.14054e-06
3.14057e-06
3.1406e-06
3.14063e-06
3.14066e-06
3.14069e-06
3.14072e-06
3.14075e-06
3.14077e-06
3.1408e-06
3.14083e-06
3.14086e-06
3.14088e-06
3.14091e-06
3.14093e-06
3.14096e-06
3.14099e-06
3.14101e-06
3.14103e-06
3.14105e-06
3.14108e-06
3.1411e-06
3.14111e-06
3.14113e-06
3.14115e-06
3.14117e-06
3.14118e-06
3.14119e-06
3.1412e-06
3.14121e-06
3.14122e-06
3.14122e-06
3.14122e-06
3.14122e-06
3.14121e-06
3.1412e-06
3.14119e-06
3.14117e-06
3.14115e-06
3.14113e-06
3.1411e-06
3.14106e-06
3.14102e-06
3.14098e-06
3.14092e-06
3.14087e-06
3.14081e-06
3.14075e-06
3.14068e-06
3.14061e-06
3.14055e-06
3.14049e-06
3.14045e-06
3.14043e-06
3.1405e-06
3.14087e-06
3.14262e-06
3.15139e-06
3.19762e-06
3.45145e-06
5.00422e-06
1.95709e-05
0.000165055
0.000751053
0.00304035
0.00388597
0.00177131
0.000290554
3.14052e-06
3.14056e-06
3.14059e-06
3.14063e-06
3.14067e-06
3.14071e-06
3.14074e-06
3.14078e-06
3.14082e-06
3.14085e-06
3.14089e-06
3.14093e-06
3.14096e-06
3.141e-06
3.14104e-06
3.14107e-06
3.14111e-06
3.14114e-06
3.14118e-06
3.14121e-06
3.14125e-06
3.14128e-06
3.14132e-06
3.14135e-06
3.14138e-06
3.14141e-06
3.14144e-06
3.14148e-06
3.14151e-06
3.14153e-06
3.14156e-06
3.14159e-06
3.14162e-06
3.14164e-06
3.14166e-06
3.14168e-06
3.1417e-06
3.14172e-06
3.14173e-06
3.14174e-06
3.14175e-06
3.14175e-06
3.14175e-06
3.14175e-06
3.14174e-06
3.14172e-06
3.1417e-06
3.14168e-06
3.14165e-06
3.14161e-06
3.14156e-06
3.14151e-06
3.14144e-06
3.14137e-06
3.1413e-06
3.14121e-06
3.14112e-06
3.14103e-06
3.14093e-06
3.14084e-06
3.14075e-06
3.14068e-06
3.14067e-06
3.14084e-06
3.14184e-06
3.14727e-06
3.17768e-06
3.35431e-06
4.46717e-06
1.47705e-05
0.000138788
0.00070475
0.00310078
0.0034977
0.00148871
0.000222153
3.14069e-06
3.14074e-06
3.14078e-06
3.14083e-06
3.14087e-06
3.14092e-06
3.14096e-06
3.14101e-06
3.14105e-06
3.1411e-06
3.14114e-06
3.14119e-06
3.14123e-06
3.14128e-06
3.14132e-06
3.14137e-06
3.14141e-06
3.14146e-06
3.1415e-06
3.14155e-06
3.14159e-06
3.14163e-06
3.14168e-06
3.14172e-06
3.14176e-06
3.14181e-06
3.14185e-06
3.14189e-06
3.14193e-06
3.14197e-06
3.14201e-06
3.14205e-06
3.14209e-06
3.14212e-06
3.14216e-06
3.14219e-06
3.14222e-06
3.14225e-06
3.14227e-06
3.14229e-06
3.14231e-06
3.14233e-06
3.14234e-06
3.14234e-06
3.14234e-06
3.14234e-06
3.14232e-06
3.1423e-06
3.14227e-06
3.14224e-06
3.14219e-06
3.14213e-06
3.14206e-06
3.14198e-06
3.14189e-06
3.14179e-06
3.14168e-06
3.14155e-06
3.14142e-06
3.14129e-06
3.14115e-06
3.14103e-06
3.14094e-06
3.14097e-06
3.14152e-06
3.14492e-06
3.16522e-06
3.29044e-06
4.11151e-06
1.16792e-05
0.000117905
0.000682684
0.00316941
0.00310655
0.00122172
0.000163421
3.1408e-06
3.14086e-06
3.14091e-06
3.14096e-06
3.14102e-06
3.14107e-06
3.14113e-06
3.14118e-06
3.14123e-06
3.14129e-06
3.14134e-06
3.1414e-06
3.14145e-06
3.14151e-06
3.14156e-06
3.14162e-06
3.14167e-06
3.14173e-06
3.14178e-06
3.14184e-06
3.14189e-06
3.14195e-06
3.142e-06
3.14206e-06
3.14211e-06
3.14217e-06
3.14222e-06
3.14228e-06
3.14233e-06
3.14239e-06
3.14244e-06
3.14249e-06
3.14254e-06
3.14259e-06
3.14264e-06
3.14269e-06
3.14273e-06
3.14278e-06
3.14282e-06
3.14286e-06
3.14289e-06
3.14292e-06
3.14295e-06
3.14297e-06
3.14298e-06
3.14299e-06
3.14299e-06
3.14298e-06
3.14297e-06
3.14294e-06
3.1429e-06
3.14284e-06
3.14278e-06
3.14269e-06
3.14259e-06
3.14248e-06
3.14234e-06
3.14219e-06
3.14203e-06
3.14185e-06
3.14167e-06
3.14149e-06
3.14133e-06
3.14125e-06
3.1415e-06
3.14362e-06
3.15737e-06
3.2478e-06
3.86976e-06
9.64437e-06
0.000101901
0.0007326
0.0031776
0.00271757
0.000981856
0.000113624
3.14084e-06
3.1409e-06
3.14096e-06
3.14103e-06
3.14109e-06
3.14116e-06
3.14122e-06
3.14128e-06
3.14135e-06
3.14141e-06
3.14148e-06
3.14154e-06
3.14161e-06
3.14168e-06
3.14174e-06
3.14181e-06
3.14188e-06
3.14194e-06
3.14201e-06
3.14208e-06
3.14215e-06
3.14222e-06
3.14229e-06
3.14235e-06
3.14242e-06
3.14249e-06
3.14256e-06
3.14263e-06
3.1427e-06
3.14277e-06
3.14284e-06
3.14291e-06
3.14297e-06
3.14304e-06
3.14311e-06
3.14317e-06
3.14323e-06
3.1433e-06
3.14335e-06
3.14341e-06
3.14346e-06
3.14351e-06
3.14356e-06
3.1436e-06
3.14364e-06
3.14367e-06
3.14369e-06
3.1437e-06
3.1437e-06
3.14369e-06
3.14366e-06
3.14362e-06
3.14357e-06
3.14349e-06
3.14339e-06
3.14327e-06
3.14313e-06
3.14296e-06
3.14276e-06
3.14255e-06
3.14232e-06
3.14208e-06
3.14184e-06
3.14166e-06
3.1417e-06
3.14298e-06
3.15242e-06
3.21894e-06
3.70183e-06
8.27384e-06
9.03305e-05
0.000847539
0.00311318
0.0023389
0.000774186
7.35975e-05
3.14079e-06
3.14086e-06
3.14094e-06
3.14101e-06
3.14109e-06
3.14116e-06
3.14124e-06
3.14132e-06
3.14139e-06
3.14147e-06
3.14155e-06
3.14163e-06
3.14171e-06
3.14179e-06
3.14187e-06
3.14195e-06
3.14203e-06
3.14211e-06
3.14219e-06
3.14227e-06
3.14235e-06
3.14244e-06
3.14252e-06
3.14261e-06
3.14269e-06
3.14278e-06
3.14286e-06
3.14295e-06
3.14303e-06
3.14312e-06
3.1432e-06
3.14329e-06
3.14338e-06
3.14346e-06
3.14355e-06
3.14363e-06
3.14371e-06
3.1438e-06
3.14388e-06
3.14395e-06
3.14403e-06
3.1441e-06
3.14417e-06
3.14424e-06
3.1443e-06
3.14435e-06
3.1444e-06
3.14443e-06
3.14446e-06
3.14447e-06
3.14447e-06
3.14446e-06
3.14442e-06
3.14436e-06
3.14428e-06
3.14416e-06
3.14402e-06
3.14384e-06
3.14362e-06
3.14337e-06
3.1431e-06
3.14279e-06
3.14249e-06
3.1422e-06
3.14206e-06
3.14278e-06
3.14932e-06
3.19914e-06
3.58293e-06
7.3324e-06
8.26584e-05
0.00101332
0.00293958
0.00197852
0.000599461
4.46755e-05
3.14064e-06
3.14072e-06
3.14081e-06
3.1409e-06
3.14099e-06
3.14108e-06
3.14117e-06
3.14126e-06
3.14136e-06
3.14145e-06
3.14154e-06
3.14163e-06
3.14173e-06
3.14182e-06
3.14192e-06
3.14201e-06
3.14211e-06
3.14221e-06
3.14231e-06
3.14241e-06
3.1425e-06
3.1426e-06
3.14271e-06
3.14281e-06
3.14291e-06
3.14301e-06
3.14312e-06
3.14322e-06
3.14333e-06
3.14343e-06
3.14354e-06
3.14364e-06
3.14375e-06
3.14385e-06
3.14396e-06
3.14407e-06
3.14417e-06
3.14428e-06
3.14438e-06
3.14448e-06
3.14458e-06
3.14468e-06
3.14478e-06
3.14487e-06
3.14496e-06
3.14504e-06
3.14511e-06
3.14518e-06
3.14524e-06
3.14528e-06
3.14531e-06
3.14533e-06
3.14532e-06
3.14529e-06
3.14523e-06
3.14514e-06
3.145e-06
3.14483e-06
3.14461e-06
3.14434e-06
3.14402e-06
3.14366e-06
3.14327e-06
3.14289e-06
3.14259e-06
3.14289e-06
3.14743e-06
3.18541e-06
3.49734e-06
6.67769e-06
0.000105298
0.00119643
0.00271132
0.00164252
0.000455848
2.63261e-05
3.14036e-06
3.14046e-06
3.14057e-06
3.14067e-06
3.14078e-06
3.14089e-06
3.14099e-06
3.1411e-06
3.14121e-06
3.14132e-06
3.14143e-06
3.14154e-06
3.14166e-06
3.14177e-06
3.14188e-06
3.142e-06
3.14211e-06
3.14223e-06
3.14235e-06
3.14247e-06
3.14259e-06
3.14271e-06
3.14283e-06
3.14295e-06
3.14307e-06
3.1432e-06
3.14332e-06
3.14345e-06
3.14358e-06
3.1437e-06
3.14383e-06
3.14396e-06
3.14409e-06
3.14422e-06
3.14435e-06
3.14448e-06
3.14461e-06
3.14474e-06
3.14487e-06
3.145e-06
3.14513e-06
3.14525e-06
3.14538e-06
3.1455e-06
3.14562e-06
3.14573e-06
3.14584e-06
3.14594e-06
3.14603e-06
3.14611e-06
3.14618e-06
3.14623e-06
3.14626e-06
3.14627e-06
3.14624e-06
3.14618e-06
3.14608e-06
3.14592e-06
3.14571e-06
3.14543e-06
3.14509e-06
3.14468e-06
3.14422e-06
3.14373e-06
3.14328e-06
3.14325e-06
3.14636e-06
3.17581e-06
3.43494e-06
6.2266e-06
0.000172224
0.00136713
0.00244886
0.00133801
0.000339939
1.58507e-05
3.13992e-06
3.14004e-06
3.14017e-06
3.14029e-06
3.14042e-06
3.14054e-06
3.14067e-06
3.1408e-06
3.14093e-06
3.14106e-06
3.14119e-06
3.14132e-06
3.14146e-06
3.14159e-06
3.14173e-06
3.14187e-06
3.14201e-06
3.14215e-06
3.14229e-06
3.14243e-06
3.14257e-06
3.14272e-06
3.14286e-06
3.14301e-06
3.14316e-06
3.14331e-06
3.14346e-06
3.14361e-06
3.14376e-06
3.14392e-06
3.14407e-06
3.14423e-06
3.14439e-06
3.14454e-06
3.1447e-06
3.14486e-06
3.14502e-06
3.14518e-06
3.14534e-06
3.1455e-06
3.14566e-06
3.14581e-06
3.14597e-06
3.14613e-06
3.14628e-06
3.14643e-06
3.14657e-06
3.14671e-06
3.14684e-06
3.14696e-06
3.14707e-06
3.14716e-06
3.14724e-06
3.14729e-06
3.14731e-06
3.14729e-06
3.14723e-06
3.14711e-06
3.14692e-06
3.14666e-06
3.14631e-06
3.14586e-06
3.14533e-06
3.14474e-06
3.14414e-06
3.14383e-06
3.14588e-06
3.16907e-06
3.38892e-06
5.93398e-06
0.000275654
0.00149803
0.00215663
0.00106944
0.000246957
1.01737e-05
3.13927e-06
3.13941e-06
3.13956e-06
3.1397e-06
3.13985e-06
3.14e-06
3.14015e-06
3.1403e-06
3.14046e-06
3.14061e-06
3.14077e-06
3.14093e-06
3.14109e-06
3.14125e-06
3.14141e-06
3.14158e-06
3.14174e-06
3.14191e-06
3.14208e-06
3.14225e-06
3.14243e-06
3.1426e-06
3.14278e-06
3.14296e-06
3.14314e-06
3.14332e-06
3.1435e-06
3.14368e-06
3.14387e-06
3.14405e-06
3.14424e-06
3.14443e-06
3.14462e-06
3.14481e-06
3.14501e-06
3.1452e-06
3.14539e-06
3.14559e-06
3.14578e-06
3.14598e-06
3.14617e-06
3.14637e-06
3.14656e-06
3.14675e-06
3.14694e-06
3.14713e-06
3.14731e-06
3.14749e-06
3.14766e-06
3.14783e-06
3.14798e-06
3.14812e-06
3.14825e-06
3.14835e-06
3.14843e-06
3.14846e-06
3.14846e-06
3.14839e-06
3.14825e-06
3.14801e-06
3.14767e-06
3.14721e-06
3.14663e-06
3.14593e-06
3.14518e-06
3.14461e-06
3.14584e-06
3.16433e-06
3.35493e-06
7.45138e-06
0.000404333
0.00157382
0.00186177
0.000838469
0.000171797
7.11318e-06
3.13834e-06
3.13851e-06
3.13868e-06
3.13885e-06
3.13902e-06
3.1392e-06
3.13938e-06
3.13956e-06
3.13974e-06
3.13992e-06
3.14011e-06
3.14029e-06
3.14048e-06
3.14068e-06
3.14087e-06
3.14107e-06
3.14127e-06
3.14147e-06
3.14167e-06
3.14188e-06
3.14209e-06
3.1423e-06
3.14251e-06
3.14273e-06
3.14294e-06
3.14316e-06
3.14338e-06
3.14361e-06
3.14383e-06
3.14406e-06
3.14429e-06
3.14452e-06
3.14475e-06
3.14499e-06
3.14522e-06
3.14546e-06
3.1457e-06
3.14593e-06
3.14617e-06
3.14641e-06
3.14665e-06
3.14689e-06
3.14713e-06
3.14737e-06
3.1476e-06
3.14783e-06
3.14806e-06
3.14829e-06
3.14851e-06
3.14872e-06
3.14893e-06
3.14912e-06
3.1493e-06
3.14946e-06
3.1496e-06
3.1497e-06
3.14975e-06
3.14975e-06
3.14967e-06
3.14949e-06
3.14918e-06
3.14873e-06
3.14812e-06
3.14734e-06
3.14643e-06
3.1456e-06
3.14614e-06
3.16104e-06
3.33031e-06
1.81392e-05
0.000543918
0.00158384
0.00157399
0.000642905
0.000111293
5.43114e-06
3.13707e-06
3.13726e-06
3.13746e-06
3.13766e-06
3.13786e-06
3.13806e-06
3.13827e-06
3.13848e-06
3.13869e-06
3.13891e-06
3.13913e-06
3.13935e-06
3.13958e-06
3.13981e-06
3.14004e-06
3.14028e-06
3.14052e-06
3.14076e-06
3.141e-06
3.14125e-06
3.1415e-06
3.14176e-06
3.14201e-06
3.14227e-06
3.14254e-06
3.1428e-06
3.14307e-06
3.14334e-06
3.14362e-06
3.14389e-06
3.14417e-06
3.14446e-06
3.14474e-06
3.14503e-06
3.14531e-06
3.1456e-06
3.14589e-06
3.14619e-06
3.14648e-06
3.14677e-06
3.14707e-06
3.14736e-06
3.14766e-06
3.14795e-06
3.14824e-06
3.14853e-06
3.14881e-06
3.1491e-06
3.14937e-06
3.14964e-06
3.14991e-06
3.15016e-06
3.1504e-06
3.15062e-06
3.15082e-06
3.15099e-06
3.15112e-06
3.15119e-06
3.15118e-06
3.15108e-06
3.15084e-06
3.15042e-06
3.1498e-06
3.14896e-06
3.1479e-06
3.14681e-06
3.14676e-06
3.15881e-06
3.31366e-06
5.47639e-05
0.000681235
0.00152689
0.00130255
0.000483301
6.57815e-05
4.48081e-06
3.13539e-06
3.1356e-06
3.13583e-06
3.13605e-06
3.13628e-06
3.13652e-06
3.13676e-06
3.137e-06
3.13725e-06
3.1375e-06
3.13775e-06
3.13801e-06
3.13828e-06
3.13855e-06
3.13882e-06
3.1391e-06
3.13938e-06
3.13967e-06
3.13996e-06
3.14025e-06
3.14056e-06
3.14086e-06
3.14117e-06
3.14148e-06
3.1418e-06
3.14212e-06
3.14245e-06
3.14278e-06
3.14312e-06
3.14345e-06
3.1438e-06
3.14414e-06
3.14449e-06
3.14484e-06
3.1452e-06
3.14555e-06
3.14591e-06
3.14628e-06
3.14664e-06
3.147e-06
3.14737e-06
3.14773e-06
3.1481e-06
3.14846e-06
3.14882e-06
3.14918e-06
3.14954e-06
3.14989e-06
3.15024e-06
3.15058e-06
3.15091e-06
3.15123e-06
3.15154e-06
3.15184e-06
3.15211e-06
3.15236e-06
3.15256e-06
3.15272e-06
3.15281e-06
3.15279e-06
3.15263e-06
3.15228e-06
3.15169e-06
3.15081e-06
3.14963e-06
3.14828e-06
3.14766e-06
3.15739e-06
3.30458e-06
0.000125191
0.000800656
0.00142575
0.00105581
0.000356245
3.62421e-05
3.93104e-06
3.13313e-06
3.13338e-06
3.13363e-06
3.13389e-06
3.13415e-06
3.13442e-06
3.1347e-06
3.13498e-06
3.13527e-06
3.13556e-06
3.13586e-06
3.13617e-06
3.13648e-06
3.1368e-06
3.13712e-06
3.13745e-06
3.13779e-06
3.13813e-06
3.13848e-06
3.13883e-06
3.13919e-06
3.13956e-06
3.13993e-06
3.14031e-06
3.14069e-06
3.14108e-06
3.14148e-06
3.14188e-06
3.14228e-06
3.14269e-06
3.14311e-06
3.14353e-06
3.14396e-06
3.14439e-06
3.14482e-06
3.14526e-06
3.1457e-06
3.14615e-06
3.1466e-06
3.14705e-06
3.1475e-06
3.14795e-06
3.1484e-06
3.14886e-06
3.14931e-06
3.14975e-06
3.1502e-06
3.15064e-06
3.15107e-06
3.1515e-06
3.15192e-06
3.15233e-06
3.15272e-06
3.1531e-06
3.15346e-06
3.15379e-06
3.15409e-06
3.15435e-06
3.15453e-06
3.15462e-06
3.15457e-06
3.15432e-06
3.15379e-06
3.15291e-06
3.15163e-06
3.15002e-06
3.14886e-06
3.15668e-06
3.75027e-06
0.000210754
0.000889635
0.00129085
0.000839438
0.000256087
1.99147e-05
3.60869e-06
3.13021e-06
3.13048e-06
3.13075e-06
3.13104e-06
3.13133e-06
3.13163e-06
3.13193e-06
3.13225e-06
3.13257e-06
3.13291e-06
3.13325e-06
3.1336e-06
3.13396e-06
3.13433e-06
3.1347e-06
3.13509e-06
3.13548e-06
3.13589e-06
3.1363e-06
3.13672e-06
3.13715e-06
3.13759e-06
3.13804e-06
3.13849e-06
3.13896e-06
3.13943e-06
3.13991e-06
3.1404e-06
3.1409e-06
3.1414e-06
3.14191e-06
3.14243e-06
3.14295e-06
3.14349e-06
3.14402e-06
3.14457e-06
3.14511e-06
3.14567e-06
3.14622e-06
3.14678e-06
3.14735e-06
3.14791e-06
3.14848e-06
3.14904e-06
3.14961e-06
3.15017e-06
3.15073e-06
3.15128e-06
3.15183e-06
3.15237e-06
3.1529e-06
3.15341e-06
3.15392e-06
3.1544e-06
3.15487e-06
3.15531e-06
3.15571e-06
3.15607e-06
3.15637e-06
3.15658e-06
3.15666e-06
3.15653e-06
3.15611e-06
3.15528e-06
3.15392e-06
3.15207e-06
3.15037e-06
3.15674e-06
6.03399e-06
0.000298543
0.000941273
0.00113932
0.000655376
0.00017664
1.1716e-05
3.41911e-06
3.12596e-06
3.12624e-06
3.12654e-06
3.12686e-06
3.12718e-06
3.12752e-06
3.12787e-06
3.12824e-06
3.12862e-06
3.12901e-06
3.12942e-06
3.12984e-06
3.13027e-06
3.13072e-06
3.13117e-06
3.13164e-06
3.13213e-06
3.13262e-06
3.13313e-06
3.13365e-06
3.13418e-06
3.13472e-06
3.13528e-06
3.13584e-06
3.13642e-06
3.137e-06
3.1376e-06
3.13821e-06
3.13882e-06
3.13945e-06
3.14008e-06
3.14073e-06
3.14138e-06
3.14204e-06
3.14271e-06
3.14338e-06
3.14407e-06
3.14475e-06
3.14545e-06
3.14615e-06
3.14685e-06
3.14756e-06
3.14826e-06
3.14897e-06
3.14968e-06
3.15038e-06
3.15108e-06
3.15178e-06
3.15247e-06
3.15315e-06
3.15381e-06
3.15447e-06
3.1551e-06
3.15572e-06
3.15631e-06
3.15688e-06
3.15741e-06
3.1579e-06
3.15833e-06
3.15867e-06
3.15889e-06
3.15892e-06
3.15864e-06
3.1579e-06
3.15653e-06
3.15446e-06
3.1522e-06
3.15753e-06
1.27671e-05
0.000383332
0.000949008
0.000981851
0.000502008
0.000113676
7.67411e-06
3.30811e-06
3.12129e-06
3.12151e-06
3.12175e-06
3.12201e-06
3.12229e-06
3.12259e-06
3.12291e-06
3.12325e-06
3.12361e-06
3.12399e-06
3.1244e-06
3.12482e-06
3.12527e-06
3.12574e-06
3.12624e-06
3.12675e-06
3.12729e-06
3.12785e-06
3.12843e-06
3.12904e-06
3.12966e-06
3.13031e-06
3.13097e-06
3.13166e-06
3.13236e-06
3.13308e-06
3.13382e-06
3.13457e-06
3.13534e-06
3.13613e-06
3.13693e-06
3.13774e-06
3.13856e-06
3.1394e-06
3.14025e-06
3.14111e-06
3.14197e-06
3.14285e-06
3.14373e-06
3.14462e-06
3.14552e-06
3.14642e-06
3.14732e-06
3.14823e-06
3.14914e-06
3.15004e-06
3.15095e-06
3.15184e-06
3.15273e-06
3.15361e-06
3.15448e-06
3.15532e-06
3.15615e-06
3.15695e-06
3.15772e-06
3.15846e-06
3.15915e-06
3.15981e-06
3.1604e-06
3.16091e-06
3.16131e-06
3.16152e-06
3.16142e-06
3.16083e-06
3.15951e-06
3.15726e-06
3.15445e-06
3.15895e-06
2.88491e-05
0.000460125
0.000924015
0.000827462
0.000377698
6.68054e-05
5.62485e-06
3.24388e-06
3.12002e-06
3.12018e-06
3.12032e-06
3.12047e-06
3.1206e-06
3.12074e-06
3.12088e-06
3.12101e-06
3.12115e-06
3.12131e-06
3.12151e-06
3.12175e-06
3.12203e-06
3.12235e-06
3.1227e-06
3.1231e-06
3.12354e-06
3.12402e-06
3.12454e-06
3.12511e-06
3.12571e-06
3.12635e-06
3.12704e-06
3.12776e-06
3.12852e-06
3.12931e-06
3.13014e-06
3.131e-06
3.1319e-06
3.13282e-06
3.13377e-06
3.13474e-06
3.13574e-06
3.13675e-06
3.13779e-06
3.13884e-06
3.1399e-06
3.14098e-06
3.14206e-06
3.14315e-06
3.14425e-06
3.14535e-06
3.14645e-06
3.14756e-06
3.14866e-06
3.14976e-06
3.15086e-06
3.15196e-06
3.15304e-06
3.15412e-06
3.15518e-06
3.15622e-06
3.15724e-06
3.15823e-06
3.15919e-06
3.16012e-06
3.161e-06
3.16182e-06
3.16258e-06
3.16326e-06
3.16383e-06
3.16424e-06
3.16436e-06
3.16397e-06
3.16275e-06
3.16038e-06
3.15701e-06
3.16072e-06
5.71941e-05
0.000522859
0.000873008
0.00068389
0.000278578
3.67444e-05
4.5425e-06
3.20738e-06
3.12965e-06
3.12988e-06
3.13007e-06
3.13022e-06
3.13033e-06
3.1304e-06
3.13044e-06
3.13045e-06
3.13042e-06
3.13037e-06
3.1303e-06
3.13021e-06
3.13011e-06
3.13e-06
3.1299e-06
3.1298e-06
3.12971e-06
3.12964e-06
3.12959e-06
3.12957e-06
3.12958e-06
3.12963e-06
3.12972e-06
3.12986e-06
3.13005e-06
3.13029e-06
3.13059e-06
3.13095e-06
3.13137e-06
3.13184e-06
3.13237e-06
3.13295e-06
3.13358e-06
3.13426e-06
3.13499e-06
3.13578e-06
3.1366e-06
3.13747e-06
3.13838e-06
3.13933e-06
3.14031e-06
3.14131e-06
3.14242e-06
3.14362e-06
3.14489e-06
3.14622e-06
3.1476e-06
3.14901e-06
3.15046e-06
3.15193e-06
3.15341e-06
3.1549e-06
3.15639e-06
3.15787e-06
3.15935e-06
3.16082e-06
3.16226e-06
3.1637e-06
3.16508e-06
3.16621e-06
3.16711e-06
3.16777e-06
3.16813e-06
3.16798e-06
3.16695e-06
3.16451e-06
3.16055e-06
3.16378e-06
9.51569e-05
0.000568684
0.000804276
0.000555441
0.000199387
2.0251e-05
3.94908e-06
3.18758e-06
)
;

boundaryField
{
    walls
    {
        type            fixedValue;
        value           uniform 0;
    }
    frontAndBack
    {
        type            empty;
    }
    farfield
    {
        type            calculated;
        value           nonuniform List<scalar> 
76
(
3.12965e-06
3.12988e-06
3.13007e-06
3.13022e-06
3.13033e-06
3.1304e-06
3.13044e-06
3.13045e-06
3.13042e-06
3.13037e-06
3.1303e-06
3.13021e-06
3.13011e-06
3.13e-06
3.1299e-06
3.1298e-06
3.12971e-06
3.12964e-06
3.12959e-06
3.12957e-06
3.12958e-06
3.12963e-06
3.12972e-06
3.12986e-06
3.13005e-06
3.13029e-06
3.13059e-06
3.13095e-06
3.13137e-06
3.13184e-06
3.13237e-06
3.13295e-06
3.13358e-06
3.13426e-06
3.13499e-06
3.13578e-06
3.1366e-06
3.13747e-06
3.13838e-06
3.13933e-06
3.14031e-06
3.14131e-06
3.14242e-06
3.14362e-06
3.14489e-06
3.14622e-06
3.1476e-06
3.14901e-06
3.15046e-06
3.15193e-06
3.15341e-06
3.1549e-06
3.15639e-06
3.15787e-06
3.15935e-06
3.16082e-06
3.16226e-06
3.1637e-06
3.16508e-06
3.16621e-06
3.16711e-06
3.16777e-06
3.16813e-06
3.16798e-06
3.16695e-06
3.16451e-06
3.16055e-06
3.16378e-06
9.51569e-05
0.000568684
0.000804276
0.000555441
0.000199387
2.0251e-05
3.94908e-06
3.18758e-06
)
;
    }
    procBoundary1to0
    {
        type            processor;
        value           nonuniform List<scalar> 
101
(
2.08813e-12
2.01552e-10
1.99044e-09
9.93912e-09
3.56062e-08
1.04794e-07
2.70764e-07
6.37253e-07
1.39664e-06
2.8896e-06
5.68723e-06
1.06612e-05
1.89191e-05
1.89191e-05
3.25931e-05
5.04249e-05
7.29883e-05
9.96585e-05
0.000129772
0.000162986
0.000199409
0.000239566
0.0002843
0.000334685
0.000391984
0.000457637
0.000533263
0.000533263
0.00062767
0.000729833
0.000848032
0.000984528
0.00114158
0.00132126
0.00152523
0.00175443
0.00200883
0.00228725
0.00258746
0.00290628
0.00323973
0.00358293
0.00392983
0.00427267
0.00460134
0.00490268
0.00515966
0.00535037
0.00544683
0.0054137
0.00520697
0.0047738
0.0040563
0.00301225
0.0017377
0.000706997
0.000212178
3.22987e-05
6.16823e-06
3.61041e-06
3.22691e-06
3.16199e-06
3.1505e-06
3.14798e-06
3.14672e-06
3.14526e-06
3.14353e-06
3.14185e-06
3.1405e-06
3.1396e-06
3.13906e-06
3.13879e-06
3.13867e-06
3.13867e-06
3.13872e-06
3.13882e-06
3.13895e-06
3.13912e-06
3.1393e-06
3.13951e-06
3.13975e-06
3.14001e-06
3.14026e-06
3.14048e-06
3.14065e-06
3.14075e-06
3.14077e-06
3.14071e-06
3.14055e-06
3.14026e-06
3.1398e-06
3.13913e-06
3.13818e-06
3.13688e-06
3.13517e-06
3.13289e-06
3.12995e-06
3.12568e-06
3.12108e-06
3.11987e-06
3.12937e-06
)
;
    }
    procBoundary1to3
    {
        type            processor;
        value           nonuniform List<scalar> 
101
(
1.34837e-13
1.24886e-11
1.15953e-10
5.35011e-10
1.75269e-09
4.71396e-09
1.13182e-08
2.62115e-08
6.37344e-08
1.57091e-07
3.83033e-07
9.10814e-07
2.09737e-06
4.6356e-06
9.74569e-06
1.92358e-05
3.5153e-05
5.52984e-05
7.63808e-05
9.70745e-05
0.000117091
0.000136788
0.000156935
0.000178532
0.000202652
0.000230395
0.000262795
0.000300763
0.000345274
0.000396892
0.000456533
0.000524627
0.000600913
0.000685022
0.000776107
0.000871852
0.000974054
0.0010835
0.00121509
0.00137866
0.00155561
0.00174266
0.00193673
0.0021378
0.00234643
0.00256261
0.0027858
0.00301518
0.00324979
0.00324979
0.00192542
0.0011821
0.00119193
0.00119207
0.00118222
0.00116257
0.0011336
0.00109593
0.00104882
0.000993438
0.000931871
0.000866306
0.000798634
0.000730472
0.000663064
0.000597318
0.000533899
0.000473333
0.000415879
0.000361781
0.00031128
0.000264274
0.000220633
0.000180246
0.000143102
0.000109555
8.03878e-05
5.65271e-05
3.8406e-05
2.56956e-05
1.73324e-05
1.20435e-05
8.75329e-06
6.70644e-06
5.4235e-06
4.60892e-06
4.08585e-06
3.74733e-06
3.52782e-06
3.38585e-06
3.29466e-06
3.23675e-06
3.20126e-06
3.18014e-06
3.16805e-06
3.1615e-06
3.15828e-06
3.15702e-06
3.15689e-06
3.15744e-06
3.15866e-06
)
;
    }
}


// ************************************************************************* //
