/*--------------------------------*- C++ -*----------------------------------*\
| =========                 |                                                 |
| \\      /  F ield         | OpenFOAM: The Open Source CFD Toolbox           |
|  \\    /   O peration     | Version:  2412                                  |
|   \\  /    A nd           | Website:  www.openfoam.com                      |
|    \\/     M anipulation  |                                                 |
\*---------------------------------------------------------------------------*/
FoamFile
{
    version     2.0;
    format      ascii;
    arch        "LSB;label=32;scalar=64";
    class       volScalarField;
    location    "120";
    object      nut;
}
// * * * * * * * * * * * * * * * * * * * * * * * * * * * * * * * * * * * * * //

dimensions      [0 2 -1 0 0 0 0];

internalField   nonuniform List<scalar> 
7373
(
2.09182e-11
2.09278e-11
2.09342e-11
2.09368e-11
2.09343e-11
2.09273e-11
2.09166e-11
2.09005e-11
2.08799e-11
2.08553e-11
2.08246e-11
2.07876e-11
2.07437e-11
2.0694e-11
2.06372e-11
2.05715e-11
2.04973e-11
2.04141e-11
2.03214e-11
2.02188e-11
2.01045e-11
1.9977e-11
1.98367e-11
1.96835e-11
1.95161e-11
1.93329e-11
1.91322e-11
1.89149e-11
1.86799e-11
1.84246e-11
1.81506e-11
1.78552e-11
1.75367e-11
1.71961e-11
1.68325e-11
1.64435e-11
1.60286e-11
1.5588e-11
1.51205e-11
1.46252e-11
1.41023e-11
1.35523e-11
1.29763e-11
1.23753e-11
1.17513e-11
1.11059e-11
1.04437e-11
9.76993e-12
9.08963e-12
8.41126e-12
7.74541e-12
7.09986e-12
6.48038e-12
5.88777e-12
5.31297e-12
4.73283e-12
4.11248e-12
3.40635e-12
2.56519e-12
1.58181e-12
6.18384e-13
8.5705e-14
3.79313e-15
5.35127e-13
6.4948e-12
3.4144e-11
1.25155e-10
2.981e-10
1.99986e-09
2.00071e-09
2.00114e-09
2.00117e-09
2.00085e-09
2.00008e-09
1.99887e-09
1.9972e-09
1.99511e-09
1.99257e-09
1.98943e-09
1.98577e-09
1.98149e-09
1.97657e-09
1.9709e-09
1.96444e-09
1.95721e-09
1.9491e-09
1.94005e-09
1.93003e-09
1.91893e-09
1.90659e-09
1.89301e-09
1.87817e-09
1.86198e-09
1.84428e-09
1.82491e-09
1.80396e-09
1.78128e-09
1.75666e-09
1.73025e-09
1.70183e-09
1.67123e-09
1.63846e-09
1.60348e-09
1.56611e-09
1.52626e-09
1.48392e-09
1.439e-09
1.39142e-09
1.34123e-09
1.28843e-09
1.23312e-09
1.1754e-09
1.11545e-09
1.05347e-09
9.89866e-10
9.25116e-10
8.59705e-10
7.94452e-10
7.30356e-10
6.68141e-10
6.08361e-10
5.51132e-10
4.9559e-10
4.39536e-10
3.79786e-10
3.12245e-10
2.32703e-10
1.414e-10
5.43061e-11
7.52319e-12
3.59812e-13
4.7855e-11
5.46384e-10
2.77824e-09
9.86138e-09
2.36408e-08
1.94134e-08
1.94196e-08
1.94212e-08
1.94192e-08
1.94137e-08
1.94042e-08
1.93902e-08
1.93719e-08
1.93493e-08
1.93217e-08
1.9289e-08
1.92511e-08
1.9207e-08
1.91566e-08
1.90988e-08
1.90339e-08
1.89612e-08
1.88798e-08
1.87893e-08
1.86892e-08
1.85786e-08
1.84563e-08
1.8322e-08
1.81749e-08
1.80149e-08
1.784e-08
1.76496e-08
1.74434e-08
1.722e-08
1.69785e-08
1.67194e-08
1.64406e-08
1.61407e-08
1.58198e-08
1.54773e-08
1.51113e-08
1.47215e-08
1.43072e-08
1.38678e-08
1.34027e-08
1.2912e-08
1.23961e-08
1.18552e-08
1.12906e-08
1.07043e-08
1.00977e-08
9.47511e-09
8.84046e-09
8.19902e-09
7.55856e-09
6.92813e-09
6.31524e-09
5.72524e-09
5.15942e-09
4.60998e-09
4.05607e-09
3.46928e-09
2.81473e-09
2.06051e-09
1.22297e-09
4.58406e-10
6.39225e-11
3.47316e-12
4.14489e-10
4.3372e-09
2.09956e-08
7.11249e-08
1.72979e-07
9.44914e-08
9.45074e-08
9.45003e-08
9.44767e-08
9.44343e-08
9.43731e-08
9.42906e-08
9.41873e-08
9.4062e-08
9.3912e-08
9.37375e-08
9.35362e-08
9.33063e-08
9.30446e-08
9.27479e-08
9.2416e-08
9.2046e-08
9.16341e-08
9.11779e-08
9.06738e-08
9.01186e-08
8.95077e-08
8.88377e-08
8.81065e-08
8.73105e-08
8.6443e-08
8.55004e-08
8.44812e-08
8.33787e-08
8.21895e-08
8.09114e-08
7.95379e-08
7.8063e-08
7.6486e-08
7.48011e-08
7.30037e-08
7.10881e-08
6.90545e-08
6.68968e-08
6.46145e-08
6.22062e-08
5.96733e-08
5.70183e-08
5.42466e-08
5.13645e-08
4.83831e-08
4.53187e-08
4.21911e-08
3.90262e-08
3.58593e-08
3.27361e-08
2.96937e-08
2.67572e-08
2.3937e-08
2.11988e-08
1.84466e-08
1.55603e-08
1.24022e-08
8.8717e-09
5.11602e-09
1.86508e-09
2.62613e-10
1.69468e-11
1.74356e-09
1.65182e-08
7.55609e-08
2.41915e-07
5.91974e-07
3.26646e-07
3.2664e-07
3.26551e-07
3.26403e-07
3.26191e-07
3.25915e-07
3.25565e-07
3.25142e-07
3.24643e-07
3.24059e-07
3.23389e-07
3.22624e-07
3.21761e-07
3.20789e-07
3.19699e-07
3.18485e-07
3.17138e-07
3.15649e-07
3.14005e-07
3.12196e-07
3.10212e-07
3.08037e-07
3.05658e-07
3.0307e-07
3.00255e-07
2.97197e-07
2.93883e-07
2.90303e-07
2.86436e-07
2.8227e-07
2.77796e-07
2.72992e-07
2.67841e-07
2.62334e-07
2.56453e-07
2.50179e-07
2.43502e-07
2.36409e-07
2.28888e-07
2.2093e-07
2.12533e-07
2.03702e-07
1.94442e-07
1.84766e-07
1.747e-07
1.64276e-07
1.53545e-07
1.42576e-07
1.31454e-07
1.20298e-07
1.09272e-07
9.85036e-08
8.80855e-08
7.80737e-08
6.83712e-08
5.86786e-08
4.86613e-08
3.79725e-08
2.64522e-08
1.4778e-08
5.23046e-09
7.44955e-10
6.00235e-11
5.08627e-09
4.32582e-08
1.85695e-07
5.56978e-07
1.35891e-06
9.15946e-07
9.15697e-07
9.15216e-07
9.1457e-07
9.13745e-07
9.12741e-07
9.1153e-07
9.10111e-07
9.08475e-07
9.0661e-07
9.04496e-07
9.02118e-07
8.99463e-07
8.96508e-07
8.93228e-07
8.89598e-07
8.85595e-07
8.81199e-07
8.7637e-07
8.71086e-07
8.65314e-07
8.59012e-07
8.52149e-07
8.44701e-07
8.36623e-07
8.27872e-07
8.18412e-07
8.08208e-07
7.97209e-07
7.85379e-07
7.72685e-07
7.5907e-07
7.4449e-07
7.28906e-07
7.12275e-07
6.94545e-07
6.75678e-07
6.55639e-07
6.34394e-07
6.11914e-07
5.88194e-07
5.63233e-07
5.37047e-07
5.09661e-07
4.81142e-07
4.51565e-07
4.21065e-07
3.89823e-07
3.58066e-07
3.26129e-07
2.94486e-07
2.6351e-07
2.33489e-07
2.04668e-07
1.76864e-07
1.49357e-07
1.2147e-07
9.25828e-08
6.26753e-08
3.38665e-08
1.16223e-08
1.67707e-09
1.81678e-10
1.18175e-08
8.95007e-08
3.57747e-07
9.96611e-07
2.40877e-06
2.21796e-06
2.21662e-06
2.21473e-06
2.21244e-06
2.20972e-06
2.20656e-06
2.20291e-06
2.19875e-06
2.19406e-06
2.18882e-06
2.18299e-06
2.17652e-06
2.1694e-06
2.16154e-06
2.1529e-06
2.14344e-06
2.13309e-06
2.12179e-06
2.10947e-06
2.09606e-06
2.0815e-06
2.06567e-06
2.04852e-06
2.02997e-06
2.00992e-06
1.98828e-06
1.96494e-06
1.93984e-06
1.91284e-06
1.88387e-06
1.85281e-06
1.81955e-06
1.78397e-06
1.74598e-06
1.70546e-06
1.66229e-06
1.61637e-06
1.5676e-06
1.51591e-06
1.46121e-06
1.40348e-06
1.34269e-06
1.27887e-06
1.21207e-06
1.14239e-06
1.07e-06
9.95192e-07
9.1837e-07
8.40064e-07
7.61094e-07
6.82678e-07
6.05758e-07
5.31175e-07
4.59792e-07
3.91427e-07
3.24679e-07
2.58521e-07
1.92162e-07
1.26245e-07
6.58957e-08
2.18987e-08
3.20944e-09
5.19304e-10
2.33952e-08
1.56375e-07
5.76765e-07
1.47938e-06
3.53109e-06
4.78323e-06
4.77828e-06
4.77215e-06
4.76517e-06
4.75725e-06
4.74838e-06
4.73847e-06
4.72748e-06
4.71538e-06
4.7021e-06
4.68755e-06
4.67168e-06
4.65439e-06
4.63558e-06
4.61513e-06
4.59293e-06
4.56889e-06
4.54285e-06
4.51466e-06
4.48421e-06
4.45134e-06
4.41584e-06
4.3776e-06
4.33642e-06
4.29211e-06
4.24447e-06
4.1933e-06
4.13841e-06
4.07958e-06
4.01655e-06
3.94914e-06
3.87707e-06
3.80008e-06
3.71797e-06
3.63046e-06
3.53729e-06
3.43821e-06
3.33303e-06
3.22155e-06
3.10357e-06
2.97898e-06
2.84772e-06
2.70975e-06
2.56511e-06
2.41397e-06
2.25662e-06
2.09356e-06
1.92563e-06
1.75392e-06
1.58026e-06
1.40746e-06
1.23769e-06
1.0732e-06
9.16511e-07
7.67852e-07
6.24907e-07
4.8661e-07
3.52362e-07
2.24382e-07
1.12974e-07
3.63081e-08
5.42807e-09
1.37197e-09
4.09568e-08
2.39156e-07
8.05189e-07
1.89613e-06
4.44073e-06
9.30304e-06
9.28842e-06
9.27159e-06
9.25317e-06
9.23292e-06
9.21086e-06
9.18686e-06
9.16082e-06
9.13268e-06
9.10231e-06
9.06958e-06
9.03436e-06
8.99649e-06
8.95579e-06
8.91204e-06
8.86503e-06
8.81459e-06
8.76046e-06
8.70238e-06
8.64012e-06
8.57338e-06
8.50183e-06
8.42519e-06
8.34313e-06
8.2553e-06
8.16132e-06
8.06077e-06
7.95333e-06
7.83852e-06
7.71586e-06
7.58496e-06
7.44528e-06
7.29631e-06
7.13757e-06
6.96854e-06
6.78867e-06
6.59746e-06
6.3945e-06
6.1793e-06
5.95145e-06
5.71063e-06
5.45657e-06
5.18907e-06
4.90805e-06
4.6136e-06
4.30613e-06
3.98641e-06
3.65596e-06
3.31678e-06
2.9726e-06
2.62929e-06
2.29148e-06
1.96452e-06
1.65474e-06
1.36372e-06
1.08824e-06
8.28059e-07
5.83506e-07
3.59631e-07
1.74344e-07
5.41235e-08
8.31317e-09
3.26084e-09
6.48131e-08
3.26904e-07
9.91207e-07
2.14973e-06
4.87998e-06
1.63944e-05
1.63593e-05
1.63205e-05
1.62791e-05
1.62346e-05
1.6187e-05
1.61361e-05
1.60818e-05
1.6024e-05
1.59625e-05
1.5897e-05
1.58274e-05
1.57534e-05
1.56747e-05
1.55909e-05
1.55018e-05
1.54071e-05
1.53062e-05
1.5199e-05
1.50848e-05
1.49633e-05
1.48339e-05
1.46962e-05
1.45495e-05
1.43934e-05
1.42271e-05
1.405e-05
1.38614e-05
1.36605e-05
1.34465e-05
1.32185e-05
1.29758e-05
1.27172e-05
1.2442e-05
1.21491e-05
1.18374e-05
1.15062e-05
1.11545e-05
1.07813e-05
1.03857e-05
9.96701e-06
9.52439e-06
9.05718e-06
8.56486e-06
8.04713e-06
7.50429e-06
6.9373e-06
6.34846e-06
5.74111e-06
5.12215e-06
4.50255e-06
3.89129e-06
3.29989e-06
2.74206e-06
2.22274e-06
1.73835e-06
1.2914e-06
8.84339e-07
5.26477e-07
2.45188e-07
7.34783e-08
1.17258e-08
6.95592e-09
9.40025e-08
4.04595e-07
1.0877e-06
2.18436e-06
4.71313e-06
1.2636e-05
2.63617e-05
2.62914e-05
2.62157e-05
2.61359e-05
2.60514e-05
2.59623e-05
2.58683e-05
2.5769e-05
2.56644e-05
2.55542e-05
2.54381e-05
2.53157e-05
2.51868e-05
2.50509e-05
2.49075e-05
2.4756e-05
2.45962e-05
2.44274e-05
2.4249e-05
2.40605e-05
2.3861e-05
2.36499e-05
2.34264e-05
2.31897e-05
2.29389e-05
2.26729e-05
2.23908e-05
2.20913e-05
2.17732e-05
2.14352e-05
2.10759e-05
2.06939e-05
2.02875e-05
1.98552e-05
1.93954e-05
1.89062e-05
1.83862e-05
1.78336e-05
1.72466e-05
1.66237e-05
1.59631e-05
1.52629e-05
1.45216e-05
1.37375e-05
1.29093e-05
1.20368e-05
1.11205e-05
1.01633e-05
9.17024e-06
8.15254e-06
7.12874e-06
6.11463e-06
5.13245e-06
4.2087e-06
3.35519e-06
2.56989e-06
1.86146e-06
1.23627e-06
7.08997e-07
3.16361e-07
9.15748e-08
1.54403e-08
1.3434e-08
1.26136e-07
4.57599e-07
1.07889e-06
2.00512e-06
3.98905e-06
1.16005e-05
2.44503e-05
3.91186e-05
3.89971e-05
3.88684e-05
3.87338e-05
3.85927e-05
3.84451e-05
3.82905e-05
3.81288e-05
3.79596e-05
3.77826e-05
3.75975e-05
3.74038e-05
3.7201e-05
3.69886e-05
3.67657e-05
3.6532e-05
3.62868e-05
3.60293e-05
3.57588e-05
3.54743e-05
3.5175e-05
3.48598e-05
3.45276e-05
3.41774e-05
3.38077e-05
3.34173e-05
3.30044e-05
3.25676e-05
3.21047e-05
3.1614e-05
3.10932e-05
3.05402e-05
2.99526e-05
2.93279e-05
2.86635e-05
2.79569e-05
2.72053e-05
2.64062e-05
2.55565e-05
2.46532e-05
2.36932e-05
2.26732e-05
2.15896e-05
2.04391e-05
1.92183e-05
1.79253e-05
1.65595e-05
1.5124e-05
1.36247e-05
1.20787e-05
1.0514e-05
8.95615e-06
7.44393e-06
6.02388e-06
4.7202e-06
3.53626e-06
2.49222e-06
1.6006e-06
8.81152e-07
3.7568e-07
1.05355e-07
1.92288e-08
2.37257e-08
1.57765e-07
4.76948e-07
9.79515e-07
1.6749e-06
2.94023e-06
9.08012e-06
2.13282e-05
5.67156e-05
5.42668e-05
5.40791e-05
5.38825e-05
5.36781e-05
5.34651e-05
5.32436e-05
5.3013e-05
5.27729e-05
5.25232e-05
5.22634e-05
5.19928e-05
5.17112e-05
5.14178e-05
5.11119e-05
5.07927e-05
5.04594e-05
5.01114e-05
4.97475e-05
4.93669e-05
4.89684e-05
4.8551e-05
4.8113e-05
4.76534e-05
4.71704e-05
4.66625e-05
4.61276e-05
4.55636e-05
4.49682e-05
4.43389e-05
4.36727e-05
4.29669e-05
4.22183e-05
4.14235e-05
4.05789e-05
3.96809e-05
3.87257e-05
3.77094e-05
3.6628e-05
3.54769e-05
3.42514e-05
3.29462e-05
3.15558e-05
3.00741e-05
2.84946e-05
2.68111e-05
2.50189e-05
2.31148e-05
2.1101e-05
1.89837e-05
1.67865e-05
1.45487e-05
1.23081e-05
1.01275e-05
8.08205e-06
6.21606e-06
4.54452e-06
3.10626e-06
1.92142e-06
1.01098e-06
4.10975e-07
1.12486e-07
2.29914e-08
3.86477e-08
1.85326e-07
4.62946e-07
8.27206e-07
1.2875e-06
1.88595e-06
5.92822e-06
1.57996e-05
5.49985e-05
7.12484e-05
7.09821e-05
7.07054e-05
7.04188e-05
7.01215e-05
6.98135e-05
6.9494e-05
6.91628e-05
6.88196e-05
6.84637e-05
6.80947e-05
6.77119e-05
6.73145e-05
6.69016e-05
6.64723e-05
6.60258e-05
6.5561e-05
6.5077e-05
6.45723e-05
6.40458e-05
6.3496e-05
6.29211e-05
6.23195e-05
6.16893e-05
6.10283e-05
6.0334e-05
5.96037e-05
5.88343e-05
5.80223e-05
5.71642e-05
5.62561e-05
5.52938e-05
5.42729e-05
5.31885e-05
5.20357e-05
5.08094e-05
4.95042e-05
4.81144e-05
4.66334e-05
4.50544e-05
4.33696e-05
4.15703e-05
3.96469e-05
3.75891e-05
3.53865e-05
3.30301e-05
3.05129e-05
2.78348e-05
2.50015e-05
2.20438e-05
1.9013e-05
1.59628e-05
1.29884e-05
1.02038e-05
7.68302e-06
5.46127e-06
3.6035e-06
2.13557e-06
1.06889e-06
4.14272e-07
1.1229e-07
2.69423e-08
5.84982e-08
2.06409e-07
4.25036e-07
6.66056e-07
9.29977e-07
1.07738e-06
3.27106e-06
9.71009e-06
4.89255e-05
8.9497e-05
8.91421e-05
8.87755e-05
8.83969e-05
8.80052e-05
8.76006e-05
8.71821e-05
8.67496e-05
8.63025e-05
8.58402e-05
8.53621e-05
8.48675e-05
8.43554e-05
8.38249e-05
8.32747e-05
8.27041e-05
8.21118e-05
8.14965e-05
8.08568e-05
8.01913e-05
7.94979e-05
7.8775e-05
7.80204e-05
7.72316e-05
7.64062e-05
7.5541e-05
7.46326e-05
7.36772e-05
7.26703e-05
7.16076e-05
7.04842e-05
6.92946e-05
6.80332e-05
6.6694e-05
6.52704e-05
6.37559e-05
6.21436e-05
6.04255e-05
5.85931e-05
5.66367e-05
5.45455e-05
5.23071e-05
4.99075e-05
4.73315e-05
4.45633e-05
4.15885e-05
3.83947e-05
3.49783e-05
3.13437e-05
2.75296e-05
2.36012e-05
1.96318e-05
1.576e-05
1.21504e-05
8.91901e-06
6.1305e-06
3.88024e-06
2.1895e-06
1.03822e-06
3.85406e-07
1.06139e-07
3.22813e-08
8.28977e-08
2.2083e-07
3.77902e-07
5.30591e-07
6.59411e-07
7.04897e-07
1.68827e-06
4.88385e-06
3.88454e-05
0.000108536
0.000108084
0.000107619
0.00010714
0.000106645
0.000106135
0.000105609
0.000105066
0.000104506
0.000103928
0.000103331
0.000102716
0.00010208
0.000101422
0.000100741
0.000100037
9.93074e-05
9.85512e-05
9.77667e-05
9.69522e-05
9.61055e-05
9.52245e-05
9.43067e-05
9.33493e-05
9.23491e-05
9.13025e-05
9.02053e-05
8.90529e-05
8.78399e-05
8.6561e-05
8.52101e-05
8.37807e-05
8.22658e-05
8.06579e-05
7.89491e-05
7.71311e-05
7.5195e-05
7.31308e-05
7.09274e-05
6.8572e-05
6.60504e-05
6.33456e-05
6.04384e-05
5.73079e-05
5.39318e-05
5.02888e-05
4.63601e-05
4.21375e-05
3.76238e-05
3.28675e-05
2.79499e-05
2.29713e-05
1.81275e-05
1.36489e-05
9.70713e-06
6.40323e-06
3.85717e-06
2.05917e-06
9.23869e-07
3.3297e-07
9.70479e-08
4.42146e-08
1.10985e-07
2.31005e-07
3.36369e-07
4.4025e-07
5.08525e-07
5.66713e-07
1.053e-06
2.51711e-06
2.64907e-05
0.000128014
0.000127456
0.000126884
0.000126295
0.000125689
0.000125064
0.000124421
0.000123759
0.000123076
0.000122373
0.000121649
0.000120903
0.000120133
0.000119338
0.000118517
0.000117669
0.000116792
0.000115884
0.000114944
0.00011397
0.000112959
0.000111909
0.000110817
0.00010968
0.000108494
0.000107254
0.000105956
0.000104594
0.000103162
0.000101654
0.000100061
9.83778e-05
9.65943e-05
9.47019e-05
9.26911e-05
9.05519e-05
8.82732e-05
8.58426e-05
8.32462e-05
8.04678e-05
7.74889e-05
7.42876e-05
7.08387e-05
6.71145e-05
6.30852e-05
5.87217e-05
5.39976e-05
4.88997e-05
4.34298e-05
3.765e-05
3.1663e-05
2.56069e-05
1.97558e-05
1.44253e-05
9.85474e-06
6.17763e-06
3.51089e-06
1.76557e-06
7.53648e-07
2.71417e-07
8.87669e-08
6.62059e-08
1.42077e-07
2.41709e-07
3.14141e-07
4.14245e-07
4.88073e-07
5.69654e-07
8.93828e-07
1.5194e-06
1.48323e-05
0.000147693
0.000147019
0.00014633
0.000145622
0.000144893
0.000144144
0.000143373
0.000142581
0.000141765
0.000140927
0.000140063
0.000139175
0.000138259
0.000137316
0.000136343
0.000135339
0.000134302
0.000133231
0.000132123
0.000130977
0.000129789
0.000128557
0.000127277
0.000125945
0.000124558
0.000123111
0.000121596
0.000120009
0.000118342
0.000116587
0.000114735
0.000112779
0.000110707
0.00010851
0.000106175
0.000103692
0.000101046
9.82228e-05
9.5205e-05
9.19728e-05
8.85027e-05
8.47672e-05
8.07341e-05
7.63683e-05
7.16314e-05
6.64853e-05
6.08961e-05
5.48456e-05
4.83369e-05
4.14527e-05
3.43284e-05
2.71577e-05
2.03237e-05
1.42501e-05
9.24584e-06
5.44464e-06
2.89758e-06
1.37504e-06
5.68918e-07
2.15719e-07
9.33865e-08
9.77252e-08
1.76899e-07
2.61581e-07
3.4839e-07
4.65267e-07
5.57784e-07
6.76771e-07
9.68178e-07
1.2126e-06
6.64063e-06
0.000167416
0.000166613
0.000165796
0.000164957
0.000164094
0.000163208
0.000162297
0.000161361
0.0001604
0.000159412
0.000158396
0.000157352
0.000156277
0.000155171
0.000154031
0.000152856
0.000151645
0.000150395
0.000149104
0.000147769
0.000146388
0.000144956
0.000143471
0.000141928
0.000140322
0.000138648
0.000136898
0.000135065
0.00013314
0.000131116
0.000128982
0.000126728
0.000124343
0.000121813
0.000119126
0.000116268
0.000113223
0.000109972
0.000106495
0.000102768
9.87626e-05
9.44432e-05
8.97707e-05
8.47016e-05
7.91877e-05
7.31817e-05
6.66422e-05
5.95482e-05
5.19092e-05
4.38416e-05
3.55339e-05
2.72663e-05
1.95725e-05
1.30041e-05
7.90464e-06
4.32307e-06
2.15009e-06
9.77465e-07
4.08399e-07
1.78473e-07
1.14887e-07
1.38472e-07
2.22096e-07
3.22169e-07
4.36478e-07
5.82809e-07
7.01739e-07
8.76429e-07
1.17024e-06
1.28392e-06
3.25667e-06
0.00018707
0.000186125
0.000185165
0.00018418
0.000183168
0.00018213
0.000181065
0.000179971
0.000178848
0.000177695
0.00017651
0.000175294
0.000174043
0.000172756
0.000171432
0.000170069
0.000168665
0.000167218
0.000165724
0.000164181
0.000162586
0.000160935
0.000159224
0.000157447
0.000155599
0.000153674
0.000151663
0.000149558
0.00014735
0.000145028
0.000142582
0.000139999
0.000137266
0.000134369
0.000131293
0.00012802
0.000124533
0.00012081
0.000116825
0.000112551
0.00010795
0.000102982
9.75986e-05
9.17461e-05
8.53663e-05
7.84025e-05
7.08081e-05
6.25638e-05
5.36958e-05
4.43793e-05
3.48935e-05
2.56516e-05
1.73889e-05
1.07664e-05
6.04868e-06
3.05125e-06
1.43387e-06
6.50268e-07
2.983e-07
1.79498e-07
1.56401e-07
1.96251e-07
3.00693e-07
4.28856e-07
5.79222e-07
7.61424e-07
9.07754e-07
1.16264e-06
1.44834e-06
1.5111e-06
2.08359e-06
0.000214132
0.000213252
0.000212336
0.0002114
0.000210445
0.000209479
0.000208512
0.000207544
0.000206554
0.00020545
0.000204332
0.000203184
0.000202007
0.0002008
0.000199562
0.000198292
0.000196989
0.000195652
0.00019428
0.000192872
0.000191425
0.000189939
0.00018841
0.000186838
0.000185219
0.000183552
0.000181833
0.000180059
0.000178226
0.00017633
0.000174367
0.000172329
0.000170212
0.000168006
0.000165704
0.000163296
0.00016077
0.000158115
0.000155319
0.000152368
0.000149246
0.000145938
0.000142426
0.000138689
0.000134707
0.000130453
0.000125898
0.000121007
0.000115737
0.000110037
0.00010385
9.71118e-05
8.97535e-05
8.17098e-05
7.29348e-05
6.34214e-05
5.32332e-05
4.26516e-05
3.21083e-05
2.2216e-05
1.39314e-05
7.89636e-06
4.07258e-06
1.90533e-06
8.78036e-07
4.40976e-07
2.65564e-07
2.13774e-07
2.24079e-07
2.84731e-07
4.21169e-07
5.85793e-07
7.75529e-07
9.9189e-07
1.16012e-06
1.52711e-06
1.75087e-06
1.79064e-06
1.79124e-06
0.000234522
0.000233498
0.000232433
0.000231346
0.00023024
0.000229123
0.000228008
0.000226894
0.000225755
0.000224475
0.00022318
0.000221851
0.000220489
0.000219094
0.000217663
0.000216197
0.000214693
0.000213152
0.000211571
0.000209948
0.000208283
0.000206573
0.000204816
0.000203009
0.000201151
0.000199239
0.000197268
0.000195235
0.000193136
0.000190966
0.00018872
0.00018639
0.000183969
0.000181449
0.000178819
0.000176068
0.000173184
0.000170154
0.000166963
0.000163596
0.000160035
0.000156262
0.000152255
0.000147992
0.000143448
0.000138591
0.000133388
0.000127794
0.00012176
0.000115223
0.000108116
0.000100364
9.1887e-05
8.26167e-05
7.25194e-05
6.16237e-05
5.0074e-05
3.83419e-05
2.71077e-05
1.72296e-05
9.76128e-06
5.00548e-06
2.40423e-06
1.0779e-06
5.74152e-07
3.64708e-07
2.87892e-07
2.83437e-07
3.26104e-07
4.12633e-07
5.88939e-07
7.9287e-07
1.01803e-06
1.2587e-06
1.4385e-06
1.84693e-06
2.00705e-06
2.06291e-06
1.86227e-06
0.000254643
0.000253458
0.000252228
0.000250974
0.0002497
0.000248416
0.000247133
0.00024585
0.000244534
0.000243058
0.000241565
0.000240034
0.000238466
0.00023686
0.000235215
0.000233529
0.000231802
0.000230032
0.000228217
0.000226356
0.000224446
0.000222486
0.000220473
0.000218405
0.000216279
0.000214091
0.000211838
0.000209515
0.000207117
0.000204639
0.000202073
0.000199414
0.000196651
0.000193774
0.000190773
0.000187635
0.000184345
0.000180888
0.000177248
0.000173407
0.000169346
0.000165042
0.000160471
0.000155606
0.000150418
0.00014487
0.00013892
0.000132517
0.000125599
0.000118095
0.000109923
0.000100998
9.12354e-05
8.05732e-05
6.90197e-05
5.66858e-05
4.38872e-05
3.14218e-05
2.0316e-05
1.15323e-05
5.79601e-06
2.70944e-06
1.30775e-06
6.9285e-07
4.60825e-07
3.72863e-07
3.58566e-07
3.94254e-07
4.69886e-07
5.85114e-07
8.0411e-07
1.04286e-06
1.29231e-06
1.54184e-06
1.72138e-06
2.10114e-06
2.18805e-06
2.30296e-06
2.0977e-06
0.000274335
0.00027297
0.000271557
0.000270118
0.000268658
0.000267188
0.000265716
0.000264237
0.000262706
0.000261013
0.0002593
0.000257544
0.000255747
0.000253906
0.000252021
0.000250092
0.000248115
0.000246089
0.000244013
0.000241885
0.000239703
0.000237464
0.000235165
0.000232804
0.000230377
0.000227881
0.00022531
0.00022266
0.000219926
0.0002171
0.000214175
0.000211142
0.000207991
0.00020471
0.000201287
0.000197707
0.000193954
0.00019001
0.000185857
0.000181474
0.000176838
0.000171924
0.000166704
0.000161145
0.000155213
0.000148864
0.000142048
0.000134703
0.000126754
0.000118119
0.000108705
9.84211e-05
8.71877e-05
7.49806e-05
6.19105e-05
4.82782e-05
3.47291e-05
2.2532e-05
1.29452e-05
6.44119e-06
2.88613e-06
1.44513e-06
8.19969e-07
5.53162e-07
4.60968e-07
4.45727e-07
4.78839e-07
5.51198e-07
6.58744e-07
8.01839e-07
1.05933e-06
1.32132e-06
1.57938e-06
1.82094e-06
1.99067e-06
2.29134e-06
2.3161e-06
2.51567e-06
2.4606e-06
0.000293371
0.000291807
0.000290192
0.000288549
0.000286883
0.000285205
0.000283519
0.000281814
0.000280037
0.000278104
0.000276147
0.000274141
0.000272088
0.000269987
0.000267836
0.000265634
0.000263379
0.000261069
0.000258703
0.000256277
0.00025379
0.000251239
0.00024862
0.000245931
0.000243167
0.000240324
0.000237396
0.000234379
0.000231264
0.000228045
0.000224713
0.000221256
0.000217665
0.000213924
0.000210019
0.000205934
0.00020165
0.000197147
0.000192404
0.000187396
0.000182098
0.000176479
0.000170506
0.000164142
0.000157342
0.000150058
0.000142227
0.000133776
0.000124616
0.000114654
0.000103792
9.19469e-05
7.90819e-05
6.52815e-05
5.08957e-05
3.66263e-05
2.35963e-05
1.33806e-05
6.7861e-06
3.0635e-06
1.52123e-06
9.10812e-07
6.52398e-07
5.53428e-07
5.41676e-07
5.77834e-07
6.50117e-07
7.54758e-07
8.89748e-07
1.05524e-06
1.34007e-06
1.60941e-06
1.85996e-06
2.07964e-06
2.23302e-06
2.43094e-06
2.53177e-06
2.7012e-06
2.69389e-06
0.000311463
0.00030968
0.000307843
0.000305976
0.000304083
0.000302172
0.000300245
0.000298282
0.000296228
0.000294032
0.000291803
0.000289521
0.000287185
0.000284795
0.000282349
0.000279846
0.000277282
0.000274656
0.000271965
0.000269208
0.000266381
0.000263481
0.000260505
0.000257448
0.000254306
0.000251073
0.000247744
0.000244312
0.000240768
0.000237103
0.000233308
0.00022937
0.000225275
0.000221008
0.000216552
0.000211887
0.000206992
0.000201845
0.00019642
0.00019069
0.000184622
0.000178182
0.00017133
0.000164022
0.000156204
0.000147818
0.000138791
0.000129032
0.000118443
0.000106931
9.44116e-05
8.08537e-05
6.63625e-05
5.12966e-05
3.65078e-05
2.33026e-05
1.29236e-05
6.27692e-06
3.09395e-06
1.58318e-06
9.80029e-07
7.42957e-07
6.56472e-07
6.48281e-07
6.90081e-07
7.65388e-07
8.68887e-07
9.98526e-07
1.15267e-06
1.33101e-06
1.62756e-06
1.88828e-06
2.11869e-06
2.30808e-06
2.44076e-06
2.53745e-06
2.62608e-06
2.7722e-06
2.77587e-06
0.000328254
0.00032623
0.00032415
0.000322036
0.000319892
0.000317723
0.000315525
0.000313271
0.000310913
0.000308427
0.000305899
0.000303311
0.000300664
0.000297954
0.000295181
0.000292343
0.000289437
0.00028646
0.000283409
0.000280283
0.000277077
0.000273787
0.000270411
0.000266942
0.000263375
0.000259705
0.000255923
0.000252021
0.000247991
0.00024382
0.000239498
0.00023501
0.000230339
0.000225469
0.000220377
0.000215043
0.000209443
0.000203549
0.000197332
0.000190759
0.000183792
0.000176389
0.000168503
0.000160079
0.000151057
0.000141364
0.000130918
0.000119616
0.000107363
9.40944e-05
7.98118e-05
6.46677e-05
4.91439e-05
3.41536e-05
2.11845e-05
1.16622e-05
5.58762e-06
2.81361e-06
1.59744e-06
1.04749e-06
8.33154e-07
7.65646e-07
7.69401e-07
8.1695e-07
8.96193e-07
9.99688e-07
1.12454e-06
1.26905e-06
1.4314e-06
1.61105e-06
1.90335e-06
2.14327e-06
2.34627e-06
2.50356e-06
2.61293e-06
2.67137e-06
2.67925e-06
2.75909e-06
2.77857e-06
0.000343307
0.000341019
0.000338674
0.000336289
0.000333868
0.000331412
0.000328909
0.000326334
0.000323645
0.00032084
0.000317984
0.000315059
0.000312068
0.000309006
0.000305872
0.000302664
0.000299378
0.000296011
0.000292561
0.000289023
0.000285394
0.00028167
0.000277845
0.000273914
0.00026987
0.000265706
0.000261411
0.000256978
0.000252395
0.000247648
0.000242723
0.000237604
0.000232271
0.000226703
0.000220878
0.000214768
0.000208346
0.000201581
0.000194436
0.000186873
0.000178846
0.000170304
0.000161189
0.000151439
0.000140982
0.000129742
0.000117627
0.000104547
9.0465e-05
7.54535e-05
5.97983e-05
4.41345e-05
2.96428e-05
1.76408e-05
9.22058e-06
4.75502e-06
2.49149e-06
1.52622e-06
1.1094e-06
9.33117e-07
8.8582e-07
9.04035e-07
9.60034e-07
1.04245e-06
1.14552e-06
1.26549e-06
1.40035e-06
1.54838e-06
1.70763e-06
1.8779e-06
2.1534e-06
2.36592e-06
2.53947e-06
2.6673e-06
2.75219e-06
2.79182e-06
2.79097e-06
2.80476e-06
2.85268e-06
0.000356093
0.00035352
0.000350885
0.000348204
0.000345477
0.000342701
0.000339861
0.000336932
0.000333886
0.000330732
0.000327515
0.000324221
0.000320851
0.000317401
0.000313869
0.000310251
0.000306545
0.000302746
0.000298851
0.000294855
0.000290755
0.000286544
0.000282217
0.000277766
0.000273183
0.000268459
0.000263584
0.000258546
0.00025333
0.000247923
0.000242305
0.000236458
0.000230359
0.000223982
0.000217301
0.000210285
0.0002029
0.00019511
0.000186869
0.000178132
0.000168842
0.00015894
0.000148359
0.000137026
0.000124876
0.000111845
9.7871e-05
8.29792e-05
6.73648e-05
5.15292e-05
3.64118e-05
2.32362e-05
1.33354e-05
6.8915e-06
3.68237e-06
2.17517e-06
1.46102e-06
1.16029e-06
1.04476e-06
1.02185e-06
1.05393e-06
1.11808e-06
1.20329e-06
1.30444e-06
1.41849e-06
1.54325e-06
1.67707e-06
1.81831e-06
1.96526e-06
2.11854e-06
2.37002e-06
2.55376e-06
2.69931e-06
2.79928e-06
2.86249e-06
2.8886e-06
2.89511e-06
2.95254e-06
2.97949e-06
0.000365987
0.000363103
0.000360153
0.000357148
0.000354084
0.000350954
0.000347744
0.00034443
0.000340999
0.000337462
0.000333851
0.000330152
0.000326365
0.000322488
0.000318516
0.000314446
0.000310274
0.000305994
0.000301604
0.000297097
0.000292469
0.000287712
0.000282819
0.000277781
0.000272588
0.000267228
0.00026169
0.000255959
0.000250017
0.000243847
0.000237427
0.000230734
0.00022374
0.000216416
0.000208729
0.000200643
0.000192118
0.000183108
0.000173559
0.000163415
0.000152612
0.000141084
0.000128762
0.000115594
0.000101571
8.67236e-05
7.12019e-05
5.54402e-05
4.02301e-05
2.6716e-05
1.61245e-05
8.78433e-06
4.89131e-06
2.82417e-06
1.86654e-06
1.42632e-06
1.23063e-06
1.16835e-06
1.17445e-06
1.21957e-06
1.28965e-06
1.37581e-06
1.47344e-06
1.58005e-06
1.69389e-06
1.81348e-06
1.93748e-06
2.06456e-06
2.19354e-06
2.32611e-06
2.55146e-06
2.7085e-06
2.82921e-06
2.90446e-06
2.94862e-06
2.96436e-06
2.9858e-06
3.04187e-06
3.05955e-06
3.06022e-06
0.000372249
0.00036903
0.000365737
0.000362376
0.000358941
0.000355423
0.000351809
0.00034808
0.000344233
0.000340278
0.000336234
0.000332091
0.000327847
0.000323498
0.00031904
0.000314468
0.000309778
0.000304964
0.00030002
0.000294941
0.000289719
0.000284346
0.000278812
0.000273106
0.000267217
0.000261129
0.000254829
0.000248297
0.000241513
0.000234455
0.000227096
0.000219408
0.000211358
0.000202911
0.000194028
0.000184663
0.000174772
0.000164295
0.000153174
0.000141345
0.000128751
0.00011535
0.000101136
8.61845e-05
7.07341e-05
5.52345e-05
4.04008e-05
2.73158e-05
1.69107e-05
9.61881e-06
5.57295e-06
3.32518e-06
2.22495e-06
1.67603e-06
1.42804e-06
1.33027e-06
1.31256e-06
1.34205e-06
1.39852e-06
1.47173e-06
1.55614e-06
1.64825e-06
1.746e-06
1.84809e-06
1.95343e-06
2.061e-06
2.1698e-06
2.27894e-06
2.38789e-06
2.49934e-06
2.69993e-06
2.83403e-06
2.93356e-06
2.98707e-06
3.01486e-06
3.02299e-06
3.06631e-06
3.10419e-06
3.12405e-06
3.14328e-06
0.000374019
0.000370436
0.000366769
0.000363019
0.000359178
0.000355237
0.000351184
0.000347009
0.000342711
0.000338299
0.000333781
0.000329149
0.0003244
0.00031953
0.000314533
0.000309403
0.000304135
0.000298721
0.000293156
0.00028743
0.000281536
0.000275462
0.000269196
0.000262725
0.000256033
0.000249102
0.000241915
0.000234447
0.000226674
0.000218566
0.000210093
0.000201219
0.000191904
0.000182107
0.000171779
0.000160874
0.000149334
0.000137109
0.000124152
0.000110433
9.59925e-05
8.09675e-05
6.56662e-05
5.06034e-05
3.66181e-05
2.46878e-05
1.53467e-05
9.15667e-06
5.52286e-06
3.47063e-06
2.41724e-06
1.86839e-06
1.60495e-06
1.48959e-06
1.45982e-06
1.4777e-06
1.52341e-06
1.58623e-06
1.65946e-06
1.73945e-06
1.82402e-06
1.91173e-06
2.00161e-06
2.09293e-06
2.18498e-06
2.2771e-06
2.36865e-06
2.45916e-06
2.54866e-06
2.64061e-06
2.81954e-06
2.93468e-06
3.01685e-06
3.05125e-06
3.0651e-06
3.06787e-06
3.10704e-06
3.14067e-06
3.163e-06
3.1852e-06
0.000374068
0.000370299
0.000366321
0.000362247
0.000358072
0.000353788
0.000349387
0.000344861
0.000340203
0.000335416
0.000330501
0.000325461
0.000320289
0.000314981
0.00030953
0.000303931
0.000298175
0.000292255
0.000286165
0.000279893
0.000273431
0.000266767
0.000259886
0.000252774
0.000245411
0.000237779
0.000229858
0.00022162
0.00021304
0.000204082
0.000194711
0.00018489
0.000174577
0.000163726
0.000152293
0.000140239
0.000127521
0.000114127
0.000100091
8.55141e-05
7.06174e-05
5.58445e-05
4.18824e-05
2.9579e-05
1.94877e-05
1.20794e-05
7.58257e-06
4.82013e-06
3.27189e-06
2.42303e-06
1.96732e-06
1.73899e-06
1.63524e-06
1.60582e-06
1.61925e-06
1.65864e-06
1.71335e-06
1.77734e-06
1.84709e-06
1.9204e-06
1.99595e-06
2.07287e-06
2.15054e-06
2.22844e-06
2.30613e-06
2.38319e-06
2.45923e-06
2.53389e-06
2.60703e-06
2.67908e-06
2.75405e-06
2.91491e-06
3.01516e-06
3.08299e-06
3.1002e-06
3.10235e-06
3.1019e-06
3.13531e-06
3.16543e-06
3.18831e-06
3.21259e-06
0.000364183
0.000359943
0.000355537
0.000351018
0.000346379
0.000341614
0.000336714
0.000331675
0.000326493
0.000321168
0.000315697
0.000310076
0.000304302
0.000298367
0.000292264
0.000285984
0.000279516
0.000272854
0.000265986
0.0002589
0.000251583
0.000244021
0.000236193
0.000228079
0.000219656
0.0002109
0.000201783
0.000192278
0.00018234
0.000171933
0.00016102
0.000149562
0.000137522
0.000124882
0.000111654
9.78838e-05
8.36768e-05
6.93024e-05
5.51941e-05
4.19656e-05
3.01904e-05
2.04647e-05
1.31948e-05
8.59266e-06
5.6351e-06
3.87019e-06
2.87649e-06
2.3074e-06
1.99618e-06
1.83436e-06
1.76253e-06
1.74587e-06
1.76226e-06
1.79904e-06
1.84809e-06
1.90458e-06
1.96549e-06
2.02902e-06
2.09404e-06
2.15981e-06
2.22583e-06
2.29173e-06
2.35718e-06
2.42189e-06
2.48561e-06
2.54811e-06
2.60914e-06
2.66856e-06
2.72644e-06
2.7835e-06
2.84421e-06
2.99039e-06
3.07934e-06
3.13559e-06
3.13686e-06
3.12926e-06
3.12787e-06
3.15539e-06
3.18156e-06
3.20367e-06
3.22872e-06
0.00034636
0.000341643
0.000336769
0.000331763
0.000326618
0.000321326
0.000315882
0.000310281
0.00030452
0.000298596
0.000292499
0.000286223
0.000279765
0.000273116
0.000266265
0.000259196
0.000251901
0.000244371
0.000236589
0.000228537
0.000220202
0.000211562
0.000202585
0.00019325
0.000183527
0.000173389
0.000162813
0.00015175
0.000140172
0.000128065
0.000115429
0.0001023
8.87689e-05
7.50428e-05
6.14522e-05
4.84593e-05
3.65029e-05
2.61452e-05
1.78239e-05
1.2056e-05
8.12345e-06
5.56233e-06
3.9865e-06
3.0575e-06
2.50105e-06
2.17971e-06
2.00353e-06
1.91443e-06
1.8808e-06
1.88182e-06
1.90478e-06
1.94148e-06
1.98656e-06
2.03675e-06
2.08993e-06
2.1448e-06
2.20051e-06
2.25652e-06
2.31245e-06
2.36803e-06
2.42303e-06
2.47726e-06
2.53051e-06
2.58263e-06
2.63347e-06
2.68288e-06
2.73075e-06
2.77702e-06
2.82189e-06
2.86642e-06
2.91533e-06
3.04955e-06
3.13041e-06
3.17724e-06
3.16321e-06
3.14824e-06
3.14813e-06
3.16913e-06
3.1909e-06
3.21129e-06
3.23616e-06
0.000319131
0.000313901
0.00030851
0.000302967
0.000297261
0.000291386
0.000285336
0.000279104
0.000272685
0.000266071
0.000259249
0.00025221
0.000244952
0.000237463
0.000229715
0.0002217
0.000213409
0.000204824
0.000195922
0.000186682
0.000177091
0.000167106
0.000156703
0.000145876
0.0001346
0.000122883
0.000110723
9.81674e-05
8.53386e-05
7.24294e-05
5.97194e-05
4.75842e-05
3.64346e-05
2.67403e-05
1.88475e-05
1.32581e-05
9.25404e-06
6.52434e-06
4.75188e-06
3.64768e-06
2.95197e-06
2.52122e-06
2.26302e-06
2.11524e-06
2.03696e-06
2.00457e-06
2.00201e-06
2.01854e-06
2.04744e-06
2.08414e-06
2.12572e-06
2.17023e-06
2.21642e-06
2.26348e-06
2.31088e-06
2.35826e-06
2.40536e-06
2.452e-06
2.49802e-06
2.54328e-06
2.58766e-06
2.63101e-06
2.67322e-06
2.7142e-06
2.75382e-06
2.79199e-06
2.82864e-06
2.86376e-06
2.89778e-06
2.93188e-06
2.97109e-06
3.0961e-06
3.17123e-06
3.2102e-06
3.18087e-06
3.16107e-06
3.16462e-06
3.17711e-06
3.19442e-06
3.2127e-06
3.23682e-06
0.000280764
0.000274963
0.000268985
0.000262827
0.000256477
0.000249928
0.000243169
0.000236192
0.000228986
0.000221538
0.000213831
0.000205855
0.000197609
0.00018905
0.000180172
0.000170977
0.000161439
0.000151549
0.000141292
0.000130647
0.000119605
0.000108197
9.64852e-05
8.45684e-05
7.2757e-05
6.10481e-05
4.97697e-05
3.92915e-05
2.99875e-05
2.21602e-05
1.61101e-05
1.16754e-05
8.45843e-06
6.22809e-06
4.732e-06
3.7598e-06
3.11889e-06
2.70286e-06
2.43904e-06
2.2772e-06
2.18212e-06
2.13269e-06
2.1144e-06
2.11694e-06
2.13328e-06
2.15879e-06
2.19027e-06
2.22551e-06
2.26309e-06
2.30202e-06
2.34167e-06
2.3816e-06
2.42153e-06
2.46124e-06
2.50059e-06
2.53944e-06
2.57771e-06
2.61528e-06
2.65208e-06
2.68801e-06
2.72297e-06
2.75686e-06
2.78962e-06
2.82112e-06
2.85128e-06
2.88e-06
2.90718e-06
2.93299e-06
2.95795e-06
2.98337e-06
3.01466e-06
3.13261e-06
3.20394e-06
3.22187e-06
3.19098e-06
3.16924e-06
3.17136e-06
3.17895e-06
3.19321e-06
3.20949e-06
3.23243e-06
0.000229081
0.000222595
0.0002159
0.000208975
0.000201815
0.000194406
0.000186743
0.000178821
0.000170623
0.000162125
0.000153305
0.000144161
0.000134655
0.000124808
0.000114654
0.000104212
9.35283e-05
8.29407e-05
7.24764e-05
6.19207e-05
5.1675e-05
4.20518e-05
3.33314e-05
2.57537e-05
1.9597e-05
1.48304e-05
1.1144e-05
8.40322e-06
6.42938e-06
5.04358e-06
4.09143e-06
3.43729e-06
2.98947e-06
2.68791e-06
2.48879e-06
2.36131e-06
2.28304e-06
2.23968e-06
2.22103e-06
2.21963e-06
2.23012e-06
2.24885e-06
2.27318e-06
2.30121e-06
2.33165e-06
2.36359e-06
2.39641e-06
2.42968e-06
2.46311e-06
2.4965e-06
2.5297e-06
2.5626e-06
2.59513e-06
2.62719e-06
2.65873e-06
2.68968e-06
2.71998e-06
2.74957e-06
2.77839e-06
2.80634e-06
2.83336e-06
2.85937e-06
2.88425e-06
2.90791e-06
2.93023e-06
2.95102e-06
2.97032e-06
2.98838e-06
3.00562e-06
3.02377e-06
3.04854e-06
3.16113e-06
3.2197e-06
3.22079e-06
3.19729e-06
3.17412e-06
3.17263e-06
3.17737e-06
3.18946e-06
3.20378e-06
3.22502e-06
0.000160923
0.000153567
0.000145908
0.000137963
0.000129717
0.000121175
0.000112385
0.000103469
9.44665e-05
8.54819e-05
7.64891e-05
6.73857e-05
5.83124e-05
4.95352e-05
4.12854e-05
3.37439e-05
2.70963e-05
2.16953e-05
1.71664e-05
1.34566e-05
1.05287e-05
8.28115e-06
6.59412e-06
5.35196e-06
4.45277e-06
3.80022e-06
3.32785e-06
2.98966e-06
2.75059e-06
2.5844e-06
2.47165e-06
2.39771e-06
2.35233e-06
2.32809e-06
2.31925e-06
2.32158e-06
2.33194e-06
2.34802e-06
2.36817e-06
2.39113e-06
2.41598e-06
2.4421e-06
2.46901e-06
2.49637e-06
2.52396e-06
2.55159e-06
2.57915e-06
2.60653e-06
2.63368e-06
2.66052e-06
2.68702e-06
2.71313e-06
2.7388e-06
2.764e-06
2.78867e-06
2.81278e-06
2.83628e-06
2.85914e-06
2.88129e-06
2.90265e-06
2.92316e-06
2.94271e-06
2.9612e-06
2.97849e-06
2.99436e-06
3.00869e-06
3.02154e-06
3.03288e-06
3.04356e-06
3.05541e-06
3.07475e-06
3.18334e-06
3.22508e-06
3.20701e-06
3.19499e-06
3.17633e-06
3.17112e-06
3.17404e-06
3.18466e-06
3.19738e-06
3.21656e-06
7.48347e-05
6.7793e-05
6.06395e-05
5.35469e-05
4.66386e-05
4.01119e-05
3.4109e-05
2.88853e-05
2.42212e-05
2.01379e-05
1.66314e-05
1.36606e-05
1.11997e-05
9.2076e-06
7.62228e-06
6.3789e-06
5.41591e-06
4.67576e-06
4.10367e-06
3.66297e-06
3.32618e-06
3.06887e-06
2.87373e-06
2.72781e-06
2.62084e-06
2.54404e-06
2.49121e-06
2.45725e-06
2.43779e-06
2.42932e-06
2.42912e-06
2.43515e-06
2.44587e-06
2.46003e-06
2.47671e-06
2.49521e-06
2.51503e-06
2.53579e-06
2.55719e-06
2.57901e-06
2.60107e-06
2.62325e-06
2.64545e-06
2.66758e-06
2.6896e-06
2.71146e-06
2.7331e-06
2.7545e-06
2.77562e-06
2.79643e-06
2.81691e-06
2.83703e-06
2.85674e-06
2.87602e-06
2.89484e-06
2.91318e-06
2.931e-06
2.94826e-06
2.9649e-06
2.98087e-06
2.99607e-06
3.01045e-06
3.02388e-06
3.03613e-06
3.04695e-06
3.05619e-06
3.06354e-06
3.06918e-06
3.07399e-06
3.08003e-06
3.09491e-06
3.20057e-06
3.22564e-06
3.21424e-06
3.19296e-06
3.17487e-06
3.16774e-06
3.17005e-06
3.17986e-06
3.19222e-06
3.2107e-06
1.4721e-05
1.27343e-05
1.10154e-05
9.54995e-06
8.31568e-06
7.28772e-06
6.43817e-06
5.72697e-06
5.13547e-06
4.64619e-06
4.24361e-06
3.91306e-06
3.64347e-06
3.42502e-06
3.24869e-06
3.10703e-06
2.99376e-06
2.9035e-06
2.83185e-06
2.77521e-06
2.73086e-06
2.69649e-06
2.67027e-06
2.65068e-06
2.63646e-06
2.62659e-06
2.62043e-06
2.61755e-06
2.61764e-06
2.62049e-06
2.62601e-06
2.63411e-06
2.64451e-06
2.65671e-06
2.67017e-06
2.68452e-06
2.69955e-06
2.71513e-06
2.73114e-06
2.74741e-06
2.76387e-06
2.7804e-06
2.79693e-06
2.81342e-06
2.8298e-06
2.84606e-06
2.86215e-06
2.87806e-06
2.89375e-06
2.9092e-06
2.92439e-06
2.93927e-06
2.95383e-06
2.96804e-06
2.98188e-06
2.99533e-06
3.00834e-06
3.02089e-06
3.03291e-06
3.04439e-06
3.05529e-06
3.06557e-06
3.07506e-06
3.08354e-06
3.09065e-06
3.09584e-06
3.09877e-06
3.09935e-06
3.09853e-06
3.09939e-06
3.11025e-06
3.20494e-06
3.22409e-06
3.20942e-06
3.18815e-06
3.17093e-06
3.16388e-06
3.1664e-06
3.17547e-06
3.18895e-06
3.20948e-06
4.20754e-06
3.99941e-06
3.82103e-06
3.66868e-06
3.53894e-06
3.42874e-06
3.33541e-06
3.25639e-06
3.18917e-06
3.13224e-06
3.08427e-06
3.04396e-06
3.01026e-06
2.98223e-06
2.95899e-06
2.93979e-06
2.92399e-06
2.91103e-06
2.90042e-06
2.89177e-06
2.88473e-06
2.87904e-06
2.87448e-06
2.87086e-06
2.86805e-06
2.8659e-06
2.86435e-06
2.86336e-06
2.86289e-06
2.86291e-06
2.86341e-06
2.8644e-06
2.86591e-06
2.86804e-06
2.87093e-06
2.87474e-06
2.87961e-06
2.88565e-06
2.89289e-06
2.90123e-06
2.91045e-06
2.9203e-06
2.93053e-06
2.94099e-06
2.95157e-06
2.96221e-06
2.97286e-06
2.9835e-06
2.99408e-06
3.00458e-06
3.01494e-06
3.02514e-06
3.03515e-06
3.04493e-06
3.05444e-06
3.06364e-06
3.07249e-06
3.08095e-06
3.089e-06
3.09661e-06
3.1038e-06
3.11058e-06
3.11692e-06
3.12264e-06
3.12714e-06
3.12954e-06
3.12908e-06
3.12497e-06
3.11903e-06
3.11464e-06
3.12204e-06
3.20502e-06
3.22113e-06
3.20442e-06
3.18288e-06
3.16618e-06
3.16065e-06
3.16337e-06
3.1711e-06
3.18308e-06
3.20493e-06
3.26222e-06
3.23587e-06
3.21278e-06
3.19254e-06
3.1748e-06
3.15922e-06
3.14545e-06
3.13323e-06
3.12236e-06
3.1127e-06
3.1041e-06
3.09645e-06
3.08962e-06
3.08353e-06
3.07807e-06
3.07317e-06
3.06877e-06
3.0648e-06
3.06123e-06
3.05801e-06
3.05511e-06
3.0525e-06
3.05017e-06
3.04811e-06
3.04629e-06
3.04471e-06
3.04338e-06
3.04228e-06
3.04143e-06
3.04082e-06
3.04046e-06
3.04036e-06
3.04052e-06
3.04097e-06
3.04172e-06
3.04277e-06
3.04412e-06
3.04577e-06
3.04772e-06
3.04995e-06
3.05246e-06
3.05526e-06
3.05836e-06
3.06178e-06
3.06553e-06
3.06962e-06
3.07404e-06
3.07877e-06
3.0838e-06
3.08907e-06
3.09454e-06
3.10016e-06
3.10585e-06
3.11155e-06
3.11716e-06
3.12261e-06
3.12779e-06
3.13261e-06
3.13697e-06
3.14082e-06
3.14408e-06
3.14673e-06
3.14872e-06
3.15e-06
3.15048e-06
3.14999e-06
3.14813e-06
3.14423e-06
3.13668e-06
3.12673e-06
3.13108e-06
3.20353e-06
3.21748e-06
3.19876e-06
3.17701e-06
3.16126e-06
3.15757e-06
3.16011e-06
3.16599e-06
3.17462e-06
3.18675e-06
3.24423e-06
3.237e-06
3.23017e-06
3.2237e-06
3.21754e-06
3.21166e-06
3.20604e-06
3.20067e-06
3.19553e-06
3.19061e-06
3.18591e-06
3.18141e-06
3.1771e-06
3.17299e-06
3.16906e-06
3.1653e-06
3.16172e-06
3.15832e-06
3.15508e-06
3.15202e-06
3.14912e-06
3.14639e-06
3.14383e-06
3.14145e-06
3.13923e-06
3.13719e-06
3.13532e-06
3.13362e-06
3.1321e-06
3.13076e-06
3.1296e-06
3.12861e-06
3.12781e-06
3.12718e-06
3.12673e-06
3.12645e-06
3.12635e-06
3.12643e-06
3.12668e-06
3.1271e-06
3.12769e-06
3.12844e-06
3.12937e-06
3.13045e-06
3.13169e-06
3.13307e-06
3.13458e-06
3.13621e-06
3.13793e-06
3.13973e-06
3.14158e-06
3.14345e-06
3.14532e-06
3.14715e-06
3.14891e-06
3.15058e-06
3.15212e-06
3.15351e-06
3.15473e-06
3.15576e-06
3.15657e-06
3.15714e-06
3.15745e-06
3.15745e-06
3.15707e-06
3.15617e-06
3.15454e-06
3.15169e-06
3.14652e-06
3.13639e-06
3.13796e-06
3.20121e-06
3.21335e-06
3.19274e-06
3.17081e-06
3.27361e-06
3.26826e-06
3.26302e-06
3.25789e-06
3.25286e-06
3.24794e-06
3.24314e-06
3.23845e-06
3.23387e-06
3.22941e-06
3.22507e-06
3.22085e-06
3.21674e-06
3.21276e-06
3.20891e-06
3.20517e-06
3.20157e-06
3.19809e-06
3.19474e-06
3.19152e-06
3.18843e-06
3.18548e-06
3.18266e-06
3.17998e-06
3.17744e-06
3.17503e-06
3.17276e-06
3.17063e-06
3.16863e-06
3.16678e-06
3.16506e-06
3.16349e-06
3.16204e-06
3.16073e-06
3.15956e-06
3.15852e-06
3.1576e-06
3.15681e-06
3.15615e-06
3.1556e-06
3.15517e-06
3.15485e-06
3.15464e-06
3.15453e-06
3.15451e-06
3.15458e-06
3.15473e-06
3.15495e-06
3.15524e-06
3.15557e-06
3.15595e-06
3.15636e-06
3.15678e-06
3.15721e-06
3.15764e-06
3.15805e-06
3.15843e-06
3.15877e-06
3.15905e-06
3.15927e-06
3.1594e-06
3.15943e-06
3.15933e-06
3.15907e-06
3.1586e-06
3.15783e-06
3.1566e-06
3.15465e-06
3.15126e-06
3.14421e-06
3.14315e-06
3.19837e-06
3.20887e-06
3.18646e-06
3.16482e-06
3.28114e-06
3.2763e-06
3.27154e-06
3.26687e-06
3.26227e-06
3.25776e-06
3.25334e-06
3.249e-06
3.24476e-06
3.2406e-06
3.23655e-06
3.23258e-06
3.22872e-06
3.22495e-06
3.22129e-06
3.21773e-06
3.21427e-06
3.21092e-06
3.20767e-06
3.20453e-06
3.2015e-06
3.19858e-06
3.19578e-06
3.19308e-06
3.1905e-06
3.18803e-06
3.18567e-06
3.18343e-06
3.1813e-06
3.17928e-06
3.17738e-06
3.17559e-06
3.17391e-06
3.17234e-06
3.17087e-06
3.16952e-06
3.16826e-06
3.16711e-06
3.16605e-06
3.16508e-06
3.16421e-06
3.16343e-06
3.16273e-06
3.1621e-06
3.16156e-06
3.16108e-06
3.16067e-06
3.16032e-06
3.16003e-06
3.15979e-06
3.15959e-06
3.15944e-06
3.15931e-06
3.15922e-06
3.15915e-06
3.15909e-06
3.15904e-06
3.159e-06
3.15895e-06
3.15888e-06
3.1588e-06
3.15867e-06
3.15849e-06
3.15824e-06
3.15788e-06
3.15735e-06
3.15657e-06
3.15537e-06
3.15342e-06
3.14998e-06
3.147e-06
3.19519e-06
3.20412e-06
3.1801e-06
3.15931e-06
3.27576e-06
3.27143e-06
3.26717e-06
3.26298e-06
3.25885e-06
3.2548e-06
3.25082e-06
3.24691e-06
3.24308e-06
3.23932e-06
3.23564e-06
3.23205e-06
3.22853e-06
3.2251e-06
3.22175e-06
3.21848e-06
3.2153e-06
3.21221e-06
3.20921e-06
3.2063e-06
3.20348e-06
3.20074e-06
3.19811e-06
3.19556e-06
3.19311e-06
3.19075e-06
3.18849e-06
3.18632e-06
3.18424e-06
3.18226e-06
3.18037e-06
3.17857e-06
3.17687e-06
3.17525e-06
3.17372e-06
3.17228e-06
3.17092e-06
3.16964e-06
3.16845e-06
3.16733e-06
3.16628e-06
3.16531e-06
3.16441e-06
3.16357e-06
3.1628e-06
3.16209e-06
3.16143e-06
3.16083e-06
3.16028e-06
3.15978e-06
3.15933e-06
3.15892e-06
3.15855e-06
3.15822e-06
3.15792e-06
3.15765e-06
3.15741e-06
3.15719e-06
3.157e-06
3.15682e-06
3.15665e-06
3.1565e-06
3.15634e-06
3.15618e-06
3.15597e-06
3.15571e-06
3.15532e-06
3.15471e-06
3.15368e-06
3.15184e-06
3.1496e-06
3.19176e-06
3.19916e-06
3.17377e-06
3.15428e-06
3.26511e-06
3.26129e-06
3.25753e-06
3.25383e-06
3.25018e-06
3.24659e-06
3.24307e-06
3.2396e-06
3.2362e-06
3.23286e-06
3.22959e-06
3.22638e-06
3.22324e-06
3.22017e-06
3.21717e-06
3.21424e-06
3.21138e-06
3.20859e-06
3.20588e-06
3.20324e-06
3.20068e-06
3.19819e-06
3.19578e-06
3.19345e-06
3.19119e-06
3.18901e-06
3.18691e-06
3.18489e-06
3.18295e-06
3.18108e-06
3.17929e-06
3.17758e-06
3.17594e-06
3.17438e-06
3.17289e-06
3.17147e-06
3.17012e-06
3.16884e-06
3.16762e-06
3.16647e-06
3.16537e-06
3.16434e-06
3.16337e-06
3.16246e-06
3.16159e-06
3.16078e-06
3.16002e-06
3.15931e-06
3.15865e-06
3.15803e-06
3.15746e-06
3.15693e-06
3.15644e-06
3.15598e-06
3.15557e-06
3.15519e-06
3.15486e-06
3.15455e-06
3.15429e-06
3.15406e-06
3.15387e-06
3.15371e-06
3.1536e-06
3.15352e-06
3.15347e-06
3.15345e-06
3.15342e-06
3.15333e-06
3.15307e-06
3.15229e-06
3.1515e-06
3.18814e-06
3.19405e-06
3.16762e-06
3.14985e-06
3.25279e-06
3.24945e-06
3.24615e-06
3.24291e-06
3.23971e-06
3.23656e-06
3.23346e-06
3.23041e-06
3.22741e-06
3.22447e-06
3.22158e-06
3.21875e-06
3.21597e-06
3.21325e-06
3.21059e-06
3.20798e-06
3.20544e-06
3.20295e-06
3.20053e-06
3.19817e-06
3.19587e-06
3.19364e-06
3.19146e-06
3.18936e-06
3.18731e-06
3.18534e-06
3.18342e-06
3.18158e-06
3.17979e-06
3.17808e-06
3.17642e-06
3.17483e-06
3.1733e-06
3.17183e-06
3.17042e-06
3.16907e-06
3.16778e-06
3.16655e-06
3.16537e-06
3.16424e-06
3.16316e-06
3.16214e-06
3.16116e-06
3.16023e-06
3.15935e-06
3.15852e-06
3.15772e-06
3.15697e-06
3.15627e-06
3.1556e-06
3.15498e-06
3.15439e-06
3.15384e-06
3.15334e-06
3.15287e-06
3.15244e-06
3.15205e-06
3.1517e-06
3.1514e-06
3.15114e-06
3.15093e-06
3.15078e-06
3.1507e-06
3.15068e-06
3.15075e-06
3.15091e-06
3.15117e-06
3.15152e-06
3.15186e-06
3.15215e-06
3.15273e-06
3.18436e-06
3.18882e-06
3.16169e-06
3.14623e-06
3.24056e-06
3.23764e-06
3.23477e-06
3.23193e-06
3.22914e-06
3.22638e-06
3.22367e-06
3.22099e-06
3.21836e-06
3.21578e-06
3.21324e-06
3.21074e-06
3.2083e-06
3.2059e-06
3.20354e-06
3.20124e-06
3.19898e-06
3.19678e-06
3.19462e-06
3.19252e-06
3.19047e-06
3.18848e-06
3.18653e-06
3.18464e-06
3.18281e-06
3.18102e-06
3.17929e-06
3.17762e-06
3.176e-06
3.17443e-06
3.17292e-06
3.17146e-06
3.17004e-06
3.16869e-06
3.16738e-06
3.16611e-06
3.1649e-06
3.16374e-06
3.16262e-06
3.16154e-06
3.16051e-06
3.15952e-06
3.15857e-06
3.15766e-06
3.1568e-06
3.15597e-06
3.15518e-06
3.15442e-06
3.15371e-06
3.15303e-06
3.15239e-06
3.15179e-06
3.15122e-06
3.15069e-06
3.15019e-06
3.14974e-06
3.14932e-06
3.14895e-06
3.14862e-06
3.14835e-06
3.14813e-06
3.14797e-06
3.1479e-06
3.14791e-06
3.14805e-06
3.14833e-06
3.14879e-06
3.14945e-06
3.15036e-06
3.15153e-06
3.15342e-06
3.18047e-06
3.18349e-06
3.15602e-06
3.14441e-06
3.22945e-06
3.22691e-06
3.2244e-06
3.22192e-06
3.21947e-06
3.21706e-06
3.21468e-06
3.21234e-06
3.21003e-06
3.20776e-06
3.20552e-06
3.20332e-06
3.20116e-06
3.19904e-06
3.19696e-06
3.19492e-06
3.19292e-06
3.19096e-06
3.18904e-06
3.18717e-06
3.18534e-06
3.18355e-06
3.18181e-06
3.18011e-06
3.17846e-06
3.17685e-06
3.17529e-06
3.17377e-06
3.1723e-06
3.17087e-06
3.16949e-06
3.16814e-06
3.16685e-06
3.16559e-06
3.16438e-06
3.1632e-06
3.16207e-06
3.16097e-06
3.15992e-06
3.1589e-06
3.15791e-06
3.15697e-06
3.15605e-06
3.15518e-06
3.15434e-06
3.15353e-06
3.15275e-06
3.15201e-06
3.1513e-06
3.15063e-06
3.14998e-06
3.14937e-06
3.1488e-06
3.14826e-06
3.14775e-06
3.14728e-06
3.14685e-06
3.14646e-06
3.14612e-06
3.14583e-06
3.14559e-06
3.14543e-06
3.14534e-06
3.14537e-06
3.14553e-06
3.14586e-06
3.14643e-06
3.14732e-06
3.14863e-06
3.15051e-06
3.15369e-06
3.17651e-06
3.17805e-06
3.15088e-06
3.22004e-06
3.21781e-06
3.21561e-06
3.21343e-06
3.21128e-06
3.20916e-06
3.20706e-06
3.20499e-06
3.20295e-06
3.20094e-06
3.19896e-06
3.19701e-06
3.19509e-06
3.1932e-06
3.19135e-06
3.18953e-06
3.18774e-06
3.18599e-06
3.18427e-06
3.18259e-06
3.18094e-06
3.17933e-06
3.17776e-06
3.17622e-06
3.17473e-06
3.17327e-06
3.17184e-06
3.17046e-06
3.16911e-06
3.1678e-06
3.16652e-06
3.16528e-06
3.16408e-06
3.16291e-06
3.16178e-06
3.16068e-06
3.15961e-06
3.15858e-06
3.15758e-06
3.15661e-06
3.15567e-06
3.15476e-06
3.15388e-06
3.15303e-06
3.15221e-06
3.15142e-06
3.15067e-06
3.14993e-06
3.14923e-06
3.14856e-06
3.14792e-06
3.14731e-06
3.14673e-06
3.14618e-06
3.14566e-06
3.14517e-06
3.14473e-06
3.14432e-06
3.14396e-06
3.14365e-06
3.14339e-06
3.14321e-06
3.14311e-06
3.14312e-06
3.14327e-06
3.14361e-06
3.14422e-06
3.14522e-06
3.14677e-06
3.14918e-06
3.15362e-06
3.17251e-06
3.17249e-06
3.14703e-06
3.2125e-06
3.21053e-06
3.20858e-06
3.20664e-06
3.20473e-06
3.20284e-06
3.20097e-06
3.19913e-06
3.1973e-06
3.1955e-06
3.19373e-06
3.19198e-06
3.19025e-06
3.18856e-06
3.18688e-06
3.18524e-06
3.18362e-06
3.18204e-06
3.18048e-06
3.17895e-06
3.17745e-06
3.17598e-06
3.17455e-06
3.17314e-06
3.17177e-06
3.17042e-06
3.16911e-06
3.16783e-06
3.16658e-06
3.16536e-06
3.16417e-06
3.16302e-06
3.16189e-06
3.16079e-06
3.15972e-06
3.15868e-06
3.15767e-06
3.15669e-06
3.15573e-06
3.1548e-06
3.15389e-06
3.15302e-06
3.15216e-06
3.15134e-06
3.15054e-06
3.14976e-06
3.14901e-06
3.14829e-06
3.14759e-06
3.14692e-06
3.14627e-06
3.14565e-06
3.14506e-06
3.1445e-06
3.14397e-06
3.14347e-06
3.143e-06
3.14258e-06
3.14219e-06
3.14185e-06
3.14156e-06
3.14135e-06
3.14121e-06
3.14119e-06
3.1413e-06
3.14161e-06
3.14221e-06
3.14323e-06
3.14488e-06
3.14758e-06
3.15298e-06
3.16844e-06
3.16705e-06
3.14498e-06
3.20661e-06
3.20485e-06
3.20309e-06
3.20135e-06
3.19963e-06
3.19793e-06
3.19624e-06
3.19457e-06
3.19292e-06
3.19128e-06
3.18967e-06
3.18808e-06
3.18651e-06
3.18496e-06
3.18343e-06
3.18193e-06
3.18044e-06
3.17899e-06
3.17756e-06
3.17615e-06
3.17477e-06
3.17341e-06
3.17208e-06
3.17078e-06
3.1695e-06
3.16825e-06
3.16703e-06
3.16583e-06
3.16466e-06
3.16351e-06
3.1624e-06
3.1613e-06
3.16024e-06
3.15919e-06
3.15818e-06
3.15718e-06
3.15622e-06
3.15527e-06
3.15435e-06
3.15345e-06
3.15257e-06
3.15172e-06
3.15089e-06
3.15008e-06
3.14929e-06
3.14853e-06
3.14779e-06
3.14707e-06
3.14637e-06
3.1457e-06
3.14505e-06
3.14442e-06
3.14382e-06
3.14324e-06
3.14269e-06
3.14217e-06
3.14168e-06
3.14122e-06
3.1408e-06
3.14042e-06
3.1401e-06
3.13984e-06
3.13966e-06
3.13958e-06
3.13964e-06
3.13989e-06
3.14043e-06
3.1414e-06
3.14303e-06
3.14579e-06
3.15133e-06
3.1643e-06
3.16208e-06
3.20191e-06
3.20031e-06
3.19871e-06
3.19712e-06
3.19555e-06
3.19399e-06
3.19245e-06
3.19091e-06
3.1894e-06
3.1879e-06
3.18642e-06
3.18495e-06
3.1835e-06
3.18207e-06
3.18066e-06
3.17927e-06
3.1779e-06
3.17655e-06
3.17522e-06
3.17391e-06
3.17262e-06
3.17136e-06
3.17011e-06
3.16889e-06
3.1677e-06
3.16652e-06
3.16537e-06
3.16425e-06
3.16314e-06
3.16206e-06
3.161e-06
3.15997e-06
3.15895e-06
3.15796e-06
3.15699e-06
3.15604e-06
3.15511e-06
3.1542e-06
3.15331e-06
3.15244e-06
3.15159e-06
3.15076e-06
3.14995e-06
3.14916e-06
3.14839e-06
3.14764e-06
3.14691e-06
3.1462e-06
3.14551e-06
3.14484e-06
3.14418e-06
3.14355e-06
3.14294e-06
3.14235e-06
3.14179e-06
3.14125e-06
3.14073e-06
3.14024e-06
3.13979e-06
3.13937e-06
3.139e-06
3.13869e-06
3.13845e-06
3.1383e-06
3.13828e-06
3.13845e-06
3.1389e-06
3.13977e-06
3.14129e-06
3.14398e-06
3.14934e-06
3.16019e-06
3.15839e-06
3.19782e-06
3.19634e-06
3.19487e-06
3.19341e-06
3.19196e-06
3.19053e-06
3.1891e-06
3.18768e-06
3.18628e-06
3.1849e-06
3.18352e-06
3.18216e-06
3.18082e-06
3.17949e-06
3.17818e-06
3.17688e-06
3.17561e-06
3.17435e-06
3.17311e-06
3.17189e-06
3.17068e-06
3.1695e-06
3.16834e-06
3.1672e-06
3.16607e-06
3.16497e-06
3.16389e-06
3.16283e-06
3.16179e-06
3.16076e-06
3.15976e-06
3.15878e-06
3.15782e-06
3.15687e-06
3.15595e-06
3.15504e-06
3.15416e-06
3.15329e-06
3.15244e-06
3.1516e-06
3.15079e-06
3.14999e-06
3.14921e-06
3.14844e-06
3.1477e-06
3.14697e-06
3.14625e-06
3.14556e-06
3.14488e-06
3.14422e-06
3.14357e-06
3.14294e-06
3.14233e-06
3.14174e-06
3.14117e-06
3.14062e-06
3.14009e-06
3.13958e-06
3.13909e-06
3.13864e-06
3.13823e-06
3.13786e-06
3.13755e-06
3.13733e-06
3.13722e-06
3.13729e-06
3.13761e-06
3.13832e-06
3.13968e-06
3.14223e-06
3.14723e-06
3.15637e-06
3.1557e-06
3.19382e-06
3.19246e-06
3.1911e-06
3.18975e-06
3.18841e-06
3.18709e-06
3.18577e-06
3.18446e-06
3.18316e-06
3.18187e-06
3.1806e-06
3.17934e-06
3.17809e-06
3.17686e-06
3.17564e-06
3.17444e-06
3.17325e-06
3.17208e-06
3.17093e-06
3.16979e-06
3.16867e-06
3.16757e-06
3.16649e-06
3.16542e-06
3.16437e-06
3.16334e-06
3.16233e-06
3.16134e-06
3.16036e-06
3.1594e-06
3.15846e-06
3.15754e-06
3.15664e-06
3.15575e-06
3.15488e-06
3.15402e-06
3.15319e-06
3.15237e-06
3.15156e-06
3.15077e-06
3.15e-06
3.14924e-06
3.1485e-06
3.14777e-06
3.14706e-06
3.14636e-06
3.14568e-06
3.14501e-06
3.14436e-06
3.14372e-06
3.14309e-06
3.14248e-06
3.14189e-06
3.14131e-06
3.14075e-06
3.14019e-06
3.13966e-06
3.13914e-06
3.13865e-06
3.13817e-06
3.13773e-06
3.13731e-06
3.13695e-06
3.13664e-06
3.13644e-06
3.13639e-06
3.13654e-06
3.13706e-06
3.13824e-06
3.14059e-06
3.14515e-06
3.15283e-06
3.15335e-06
3.18959e-06
3.18833e-06
3.18708e-06
3.18584e-06
3.18461e-06
3.18338e-06
3.18217e-06
3.18096e-06
3.17977e-06
3.17858e-06
3.17741e-06
3.17625e-06
3.1751e-06
3.17396e-06
3.17284e-06
3.17173e-06
3.17064e-06
3.16956e-06
3.16849e-06
3.16744e-06
3.16641e-06
3.16539e-06
3.16439e-06
3.16341e-06
3.16244e-06
3.16149e-06
3.16055e-06
3.15963e-06
3.15873e-06
3.15784e-06
3.15697e-06
3.15612e-06
3.15528e-06
3.15445e-06
3.15364e-06
3.15285e-06
3.15207e-06
3.15131e-06
3.15056e-06
3.14982e-06
3.1491e-06
3.1484e-06
3.1477e-06
3.14702e-06
3.14636e-06
3.14571e-06
3.14507e-06
3.14444e-06
3.14383e-06
3.14323e-06
3.14264e-06
3.14206e-06
3.1415e-06
3.14095e-06
3.1404e-06
3.13987e-06
3.13936e-06
3.13885e-06
3.13836e-06
3.13788e-06
3.13741e-06
3.13697e-06
3.13657e-06
3.13621e-06
3.13592e-06
3.13572e-06
3.13572e-06
3.13605e-06
3.13696e-06
3.13906e-06
3.14317e-06
3.14967e-06
3.1512e-06
3.185e-06
3.18386e-06
3.18272e-06
3.18158e-06
3.18046e-06
3.17934e-06
3.17823e-06
3.17713e-06
3.17604e-06
3.17496e-06
3.17389e-06
3.17283e-06
3.17178e-06
3.17074e-06
3.16972e-06
3.16871e-06
3.16771e-06
3.16672e-06
3.16575e-06
3.16479e-06
3.16385e-06
3.16292e-06
3.16201e-06
3.16111e-06
3.16023e-06
3.15936e-06
3.15851e-06
3.15767e-06
3.15684e-06
3.15603e-06
3.15524e-06
3.15446e-06
3.15369e-06
3.15294e-06
3.1522e-06
3.15147e-06
3.15076e-06
3.15006e-06
3.14938e-06
3.14871e-06
3.14805e-06
3.1474e-06
3.14677e-06
3.14615e-06
3.14554e-06
3.14494e-06
3.14436e-06
3.14378e-06
3.14322e-06
3.14267e-06
3.14213e-06
3.1416e-06
3.14108e-06
3.14057e-06
3.14007e-06
3.13957e-06
3.13909e-06
3.13861e-06
3.13814e-06
3.13767e-06
3.13722e-06
3.13677e-06
3.13635e-06
3.13595e-06
3.13559e-06
3.1353e-06
3.13516e-06
3.13526e-06
3.13587e-06
3.13768e-06
3.14133e-06
3.14685e-06
3.14918e-06
3.18018e-06
3.17914e-06
3.17811e-06
3.17709e-06
3.17607e-06
3.17506e-06
3.17405e-06
3.17306e-06
3.17207e-06
3.1711e-06
3.17013e-06
3.16917e-06
3.16823e-06
3.16729e-06
3.16637e-06
3.16546e-06
3.16456e-06
3.16367e-06
3.16279e-06
3.16193e-06
3.16108e-06
3.16024e-06
3.15942e-06
3.15861e-06
3.15781e-06
3.15703e-06
3.15626e-06
3.15551e-06
3.15476e-06
3.15403e-06
3.15332e-06
3.15261e-06
3.15192e-06
3.15124e-06
3.15058e-06
3.14993e-06
3.14928e-06
3.14866e-06
3.14804e-06
3.14743e-06
3.14684e-06
3.14626e-06
3.14569e-06
3.14513e-06
3.14458e-06
3.14405e-06
3.14352e-06
3.14301e-06
3.1425e-06
3.14201e-06
3.14152e-06
3.14105e-06
3.14058e-06
3.14012e-06
3.13967e-06
3.13922e-06
3.13879e-06
3.13835e-06
3.13792e-06
3.13749e-06
3.13706e-06
3.13664e-06
3.13622e-06
3.13582e-06
3.13543e-06
3.13509e-06
3.13482e-06
3.13473e-06
3.13498e-06
3.13646e-06
3.13965e-06
3.14434e-06
3.14725e-06
3.17531e-06
3.17438e-06
3.17346e-06
3.17255e-06
3.17164e-06
3.17073e-06
3.16984e-06
3.16895e-06
3.16806e-06
3.16719e-06
3.16633e-06
3.16547e-06
3.16462e-06
3.16379e-06
3.16296e-06
3.16215e-06
3.16134e-06
3.16055e-06
3.15977e-06
3.159e-06
3.15824e-06
3.15749e-06
3.15675e-06
3.15603e-06
3.15532e-06
3.15462e-06
3.15394e-06
3.15326e-06
3.1526e-06
3.15195e-06
3.15131e-06
3.15068e-06
3.15006e-06
3.14946e-06
3.14887e-06
3.14828e-06
3.14771e-06
3.14715e-06
3.1466e-06
3.14606e-06
3.14554e-06
3.14502e-06
3.14451e-06
3.14402e-06
3.14353e-06
3.14306e-06
3.14259e-06
3.14214e-06
3.14169e-06
3.14125e-06
3.14083e-06
3.14041e-06
3.14e-06
3.13959e-06
3.1392e-06
3.1388e-06
3.13842e-06
3.13803e-06
3.13765e-06
3.13727e-06
3.13688e-06
3.1365e-06
3.13612e-06
3.13573e-06
3.13535e-06
3.13498e-06
3.13467e-06
3.13448e-06
3.13453e-06
3.13561e-06
3.13817e-06
3.14212e-06
3.14541e-06
3.17062e-06
3.1698e-06
3.16898e-06
3.16817e-06
3.16736e-06
3.16656e-06
3.16576e-06
3.16497e-06
3.16419e-06
3.16341e-06
3.16265e-06
3.16189e-06
3.16114e-06
3.16039e-06
3.15966e-06
3.15894e-06
3.15822e-06
3.15752e-06
3.15682e-06
3.15614e-06
3.15547e-06
3.15481e-06
3.15415e-06
3.15351e-06
3.15288e-06
3.15226e-06
3.15165e-06
3.15105e-06
3.15047e-06
3.14989e-06
3.14932e-06
3.14877e-06
3.14822e-06
3.14768e-06
3.14716e-06
3.14664e-06
3.14613e-06
3.14564e-06
3.14515e-06
3.14468e-06
3.14421e-06
3.14375e-06
3.14331e-06
3.14287e-06
3.14244e-06
3.14202e-06
3.14161e-06
3.14121e-06
3.14082e-06
3.14044e-06
3.14007e-06
3.1397e-06
3.13934e-06
3.13899e-06
3.13865e-06
3.13831e-06
3.13797e-06
3.13764e-06
3.13731e-06
3.13698e-06
3.13665e-06
3.13632e-06
3.13598e-06
3.13563e-06
3.13528e-06
3.13494e-06
3.13462e-06
3.13435e-06
3.13425e-06
3.13497e-06
3.1369e-06
3.14017e-06
3.14364e-06
3.16623e-06
3.16551e-06
3.16479e-06
3.16407e-06
3.16336e-06
3.16265e-06
3.16195e-06
3.16126e-06
3.16057e-06
3.15988e-06
3.1592e-06
3.15853e-06
3.15787e-06
3.15722e-06
3.15657e-06
3.15593e-06
3.1553e-06
3.15468e-06
3.15406e-06
3.15346e-06
3.15287e-06
3.15228e-06
3.15171e-06
3.15114e-06
3.15058e-06
3.15004e-06
3.1495e-06
3.14897e-06
3.14845e-06
3.14794e-06
3.14744e-06
3.14695e-06
3.14647e-06
3.14599e-06
3.14553e-06
3.14507e-06
3.14462e-06
3.14419e-06
3.14376e-06
3.14334e-06
3.14293e-06
3.14252e-06
3.14213e-06
3.14174e-06
3.14137e-06
3.141e-06
3.14064e-06
3.14029e-06
3.13995e-06
3.13962e-06
3.13929e-06
3.13897e-06
3.13866e-06
3.13836e-06
3.13806e-06
3.13777e-06
3.13748e-06
3.13719e-06
3.13691e-06
3.13663e-06
3.13635e-06
3.13607e-06
3.13578e-06
3.13549e-06
3.13519e-06
3.13488e-06
3.13458e-06
3.1343e-06
3.1341e-06
3.13449e-06
3.13585e-06
3.1385e-06
3.14195e-06
3.16218e-06
3.16155e-06
3.16092e-06
3.1603e-06
3.15967e-06
3.15906e-06
3.15844e-06
3.15783e-06
3.15722e-06
3.15662e-06
3.15603e-06
3.15544e-06
3.15486e-06
3.15428e-06
3.15372e-06
3.15316e-06
3.1526e-06
3.15206e-06
3.15152e-06
3.15099e-06
3.15047e-06
3.14995e-06
3.14945e-06
3.14895e-06
3.14846e-06
3.14798e-06
3.14751e-06
3.14704e-06
3.14658e-06
3.14614e-06
3.1457e-06
3.14526e-06
3.14484e-06
3.14442e-06
3.14401e-06
3.14361e-06
3.14322e-06
3.14283e-06
3.14246e-06
3.14209e-06
3.14172e-06
3.14137e-06
3.14102e-06
3.14069e-06
3.14036e-06
3.14003e-06
3.13972e-06
3.13941e-06
3.13911e-06
3.13882e-06
3.13853e-06
3.13826e-06
3.13799e-06
3.13772e-06
3.13746e-06
3.13721e-06
3.13696e-06
3.13672e-06
3.13648e-06
3.13624e-06
3.13601e-06
3.13577e-06
3.13554e-06
3.1353e-06
3.13505e-06
3.1348e-06
3.13454e-06
3.13428e-06
3.13408e-06
3.13416e-06
3.13503e-06
3.13708e-06
3.14037e-06
3.15845e-06
3.1579e-06
3.15736e-06
3.15682e-06
3.15628e-06
3.15574e-06
3.15521e-06
3.15468e-06
3.15415e-06
3.15363e-06
3.15311e-06
3.1526e-06
3.15209e-06
3.15159e-06
3.1511e-06
3.15061e-06
3.15012e-06
3.14965e-06
3.14918e-06
3.14871e-06
3.14826e-06
3.14781e-06
3.14737e-06
3.14693e-06
3.14651e-06
3.14609e-06
3.14567e-06
3.14527e-06
3.14487e-06
3.14448e-06
3.14409e-06
3.14371e-06
3.14334e-06
3.14298e-06
3.14262e-06
3.14227e-06
3.14192e-06
3.14159e-06
3.14126e-06
3.14093e-06
3.14061e-06
3.14031e-06
3.14e-06
3.13971e-06
3.13942e-06
3.13913e-06
3.13886e-06
3.13859e-06
3.13833e-06
3.13807e-06
3.13782e-06
3.13758e-06
3.13734e-06
3.13711e-06
3.13689e-06
3.13667e-06
3.13645e-06
3.13624e-06
3.13604e-06
3.13584e-06
3.13564e-06
3.13545e-06
3.13525e-06
3.13506e-06
3.13486e-06
3.13466e-06
3.13445e-06
3.13423e-06
3.13401e-06
3.1339e-06
3.13443e-06
3.13594e-06
3.13894e-06
3.15499e-06
3.15453e-06
3.15407e-06
3.1536e-06
3.15314e-06
3.15268e-06
3.15222e-06
3.15177e-06
3.15131e-06
3.15086e-06
3.15042e-06
3.14998e-06
3.14954e-06
3.14911e-06
3.14868e-06
3.14825e-06
3.14784e-06
3.14743e-06
3.14702e-06
3.14662e-06
3.14622e-06
3.14584e-06
3.14545e-06
3.14508e-06
3.14471e-06
3.14434e-06
3.14398e-06
3.14363e-06
3.14329e-06
3.14295e-06
3.14261e-06
3.14228e-06
3.14196e-06
3.14164e-06
3.14133e-06
3.14103e-06
3.14073e-06
3.14044e-06
3.14015e-06
3.13987e-06
3.13959e-06
3.13932e-06
3.13906e-06
3.1388e-06
3.13855e-06
3.13831e-06
3.13807e-06
3.13783e-06
3.13761e-06
3.13738e-06
3.13717e-06
3.13696e-06
3.13675e-06
3.13655e-06
3.13635e-06
3.13616e-06
3.13598e-06
3.13579e-06
3.13562e-06
3.13544e-06
3.13528e-06
3.13512e-06
3.13496e-06
3.1348e-06
3.13465e-06
3.1345e-06
3.13434e-06
3.13417e-06
3.13399e-06
3.13382e-06
3.13403e-06
3.13507e-06
3.13765e-06
3.15179e-06
3.15141e-06
3.15102e-06
3.15062e-06
3.15023e-06
3.14985e-06
3.14946e-06
3.14907e-06
3.14869e-06
3.14831e-06
3.14793e-06
3.14755e-06
3.14718e-06
3.14681e-06
3.14644e-06
3.14608e-06
3.14573e-06
3.14538e-06
3.14503e-06
3.14469e-06
3.14435e-06
3.14401e-06
3.14369e-06
3.14336e-06
3.14305e-06
3.14273e-06
3.14243e-06
3.14212e-06
3.14183e-06
3.14154e-06
3.14125e-06
3.14097e-06
3.14069e-06
3.14042e-06
3.14015e-06
3.13989e-06
3.13963e-06
3.13938e-06
3.13913e-06
3.13889e-06
3.13865e-06
3.13842e-06
3.13819e-06
3.13797e-06
3.13776e-06
3.13754e-06
3.13734e-06
3.13714e-06
3.13694e-06
3.13675e-06
3.13656e-06
3.13638e-06
3.1362e-06
3.13603e-06
3.13586e-06
3.1357e-06
3.13553e-06
3.13538e-06
3.13523e-06
3.13508e-06
3.13494e-06
3.1348e-06
3.13467e-06
3.13454e-06
3.13442e-06
3.13431e-06
3.1342e-06
3.13408e-06
3.13396e-06
3.13385e-06
3.13387e-06
3.13446e-06
3.13653e-06
3.14884e-06
3.14852e-06
3.1482e-06
3.14787e-06
3.14755e-06
3.14723e-06
3.14691e-06
3.14658e-06
3.14626e-06
3.14595e-06
3.14563e-06
3.14531e-06
3.145e-06
3.14469e-06
3.14439e-06
3.14408e-06
3.14378e-06
3.14349e-06
3.14319e-06
3.14291e-06
3.14262e-06
3.14234e-06
3.14206e-06
3.14179e-06
3.14152e-06
3.14126e-06
3.14099e-06
3.14074e-06
3.14049e-06
3.14024e-06
3.13999e-06
3.13976e-06
3.13952e-06
3.13929e-06
3.13906e-06
3.13884e-06
3.13862e-06
3.1384e-06
3.13819e-06
3.13799e-06
3.13779e-06
3.13759e-06
3.1374e-06
3.13721e-06
3.13702e-06
3.13684e-06
3.13667e-06
3.1365e-06
3.13633e-06
3.13616e-06
3.13601e-06
3.13585e-06
3.1357e-06
3.13555e-06
3.13541e-06
3.13527e-06
3.13513e-06
3.135e-06
3.13488e-06
3.13475e-06
3.13463e-06
3.13452e-06
3.13441e-06
3.13431e-06
3.13421e-06
3.13412e-06
3.13404e-06
3.13396e-06
3.13388e-06
3.13381e-06
3.1338e-06
3.1341e-06
3.13559e-06
3.14613e-06
3.14587e-06
3.14561e-06
3.14535e-06
3.14508e-06
3.14482e-06
3.14456e-06
3.1443e-06
3.14404e-06
3.14378e-06
3.14352e-06
3.14326e-06
3.14301e-06
3.14275e-06
3.1425e-06
3.14225e-06
3.142e-06
3.14176e-06
3.14151e-06
3.14127e-06
3.14104e-06
3.1408e-06
3.14057e-06
3.14035e-06
3.14012e-06
3.1399e-06
3.13969e-06
3.13947e-06
3.13926e-06
3.13905e-06
3.13885e-06
3.13865e-06
3.13845e-06
3.13826e-06
3.13807e-06
3.13788e-06
3.1377e-06
3.13752e-06
3.13734e-06
3.13717e-06
3.137e-06
3.13683e-06
3.13667e-06
3.13651e-06
3.13635e-06
3.1362e-06
3.13605e-06
3.13591e-06
3.13577e-06
3.13563e-06
3.1355e-06
3.13537e-06
3.13524e-06
3.13512e-06
3.135e-06
3.13488e-06
3.13477e-06
3.13466e-06
3.13456e-06
3.13446e-06
3.13436e-06
3.13427e-06
3.13418e-06
3.1341e-06
3.13402e-06
3.13395e-06
3.13389e-06
3.13383e-06
3.13379e-06
3.13375e-06
3.13373e-06
3.13394e-06
3.13485e-06
3.14365e-06
3.14345e-06
3.14324e-06
3.14303e-06
3.14283e-06
3.14262e-06
3.14241e-06
3.14221e-06
3.142e-06
3.14179e-06
3.14159e-06
3.14138e-06
3.14118e-06
3.14098e-06
3.14077e-06
3.14057e-06
3.14038e-06
3.14018e-06
3.13998e-06
3.13979e-06
3.1396e-06
3.13941e-06
3.13922e-06
3.13904e-06
3.13885e-06
3.13867e-06
3.1385e-06
3.13832e-06
3.13815e-06
3.13798e-06
3.13781e-06
3.13764e-06
3.13748e-06
3.13732e-06
3.13716e-06
3.13701e-06
3.13686e-06
3.13671e-06
3.13656e-06
3.13642e-06
3.13628e-06
3.13614e-06
3.13601e-06
3.13588e-06
3.13575e-06
3.13562e-06
3.1355e-06
3.13538e-06
3.13526e-06
3.13515e-06
3.13504e-06
3.13493e-06
3.13483e-06
3.13473e-06
3.13463e-06
3.13454e-06
3.13445e-06
3.13436e-06
3.13428e-06
3.1342e-06
3.13412e-06
3.13405e-06
3.13398e-06
3.13392e-06
3.13386e-06
3.13381e-06
3.13376e-06
3.13372e-06
3.13369e-06
3.13367e-06
3.13364e-06
3.13377e-06
3.13432e-06
3.13443e-06
3.14143e-06
3.14127e-06
3.14111e-06
3.14095e-06
3.14079e-06
3.14063e-06
3.14047e-06
3.14032e-06
3.14016e-06
3.14e-06
3.13984e-06
3.13969e-06
3.13953e-06
3.13937e-06
3.13922e-06
3.13906e-06
3.13891e-06
3.13875e-06
3.1386e-06
3.13845e-06
3.1383e-06
3.13815e-06
3.138e-06
3.13786e-06
3.13771e-06
3.13757e-06
3.13743e-06
3.13729e-06
3.13715e-06
3.13701e-06
3.13688e-06
3.13674e-06
3.13661e-06
3.13649e-06
3.13636e-06
3.13623e-06
3.13611e-06
3.13599e-06
3.13587e-06
3.13576e-06
3.13564e-06
3.13553e-06
3.13542e-06
3.13531e-06
3.13521e-06
3.13511e-06
3.13501e-06
3.13491e-06
3.13482e-06
3.13473e-06
3.13464e-06
3.13455e-06
3.13447e-06
3.13439e-06
3.13431e-06
3.13424e-06
3.13417e-06
3.1341e-06
3.13404e-06
3.13398e-06
3.13392e-06
3.13387e-06
3.13382e-06
3.13377e-06
3.13373e-06
3.13369e-06
3.13366e-06
3.13364e-06
3.13362e-06
3.1336e-06
3.13358e-06
3.13368e-06
3.13401e-06
3.13411e-06
3.13945e-06
3.13933e-06
3.13921e-06
3.13909e-06
3.13897e-06
3.13885e-06
3.13874e-06
3.13862e-06
3.13851e-06
3.13839e-06
3.13828e-06
3.13816e-06
3.13805e-06
3.13793e-06
3.13782e-06
3.1377e-06
3.13759e-06
3.13748e-06
3.13736e-06
3.13725e-06
3.13714e-06
3.13703e-06
3.13691e-06
3.1368e-06
3.13669e-06
3.13658e-06
3.13648e-06
3.13637e-06
3.13626e-06
3.13616e-06
3.13605e-06
3.13595e-06
3.13585e-06
3.13575e-06
3.13565e-06
3.13555e-06
3.13545e-06
3.13536e-06
3.13527e-06
3.13517e-06
3.13508e-06
3.135e-06
3.13491e-06
3.13483e-06
3.13474e-06
3.13466e-06
3.13459e-06
3.13451e-06
3.13444e-06
3.13437e-06
3.1343e-06
3.13423e-06
3.13417e-06
3.13411e-06
3.13405e-06
3.13399e-06
3.13394e-06
3.13389e-06
3.13384e-06
3.1338e-06
3.13375e-06
3.13372e-06
3.13368e-06
3.13365e-06
3.13362e-06
3.1336e-06
3.13358e-06
3.13358e-06
3.13358e-06
3.13359e-06
3.1336e-06
3.13368e-06
3.13383e-06
3.13392e-06
3.13771e-06
3.13762e-06
3.13753e-06
3.13745e-06
3.13736e-06
3.13728e-06
3.1372e-06
3.13712e-06
3.13704e-06
3.13696e-06
3.13689e-06
3.13681e-06
3.13673e-06
3.13665e-06
3.13658e-06
3.1365e-06
3.13642e-06
3.13634e-06
3.13627e-06
3.13619e-06
3.13611e-06
3.13603e-06
3.13595e-06
3.13588e-06
3.1358e-06
3.13572e-06
3.13564e-06
3.13556e-06
3.13549e-06
3.13541e-06
3.13533e-06
3.13526e-06
3.13518e-06
3.13511e-06
3.13503e-06
3.13496e-06
3.13489e-06
3.13482e-06
3.13475e-06
3.13468e-06
3.13461e-06
3.13454e-06
3.13448e-06
3.13442e-06
3.13435e-06
3.13429e-06
3.13424e-06
3.13418e-06
3.13412e-06
3.13407e-06
3.13402e-06
3.13397e-06
3.13392e-06
3.13388e-06
3.13384e-06
3.1338e-06
3.13376e-06
3.13372e-06
3.13369e-06
3.13366e-06
3.13363e-06
3.13361e-06
3.13359e-06
3.13357e-06
3.13355e-06
3.13354e-06
3.13352e-06
3.13353e-06
3.13355e-06
3.13357e-06
3.13364e-06
3.13364e-06
3.13374e-06
3.1338e-06
3.1362e-06
3.13613e-06
3.13607e-06
3.13602e-06
3.13596e-06
3.13591e-06
3.13586e-06
3.13581e-06
3.13576e-06
3.13572e-06
3.13567e-06
3.13562e-06
3.13558e-06
3.13553e-06
3.13549e-06
3.13544e-06
3.1354e-06
3.13535e-06
3.1353e-06
3.13526e-06
3.13521e-06
3.13516e-06
3.13512e-06
3.13507e-06
3.13502e-06
3.13497e-06
3.13492e-06
3.13487e-06
3.13482e-06
3.13477e-06
3.13472e-06
3.13467e-06
3.13462e-06
3.13457e-06
3.13452e-06
3.13447e-06
3.13442e-06
3.13437e-06
3.13432e-06
3.13427e-06
3.13422e-06
3.13418e-06
3.13413e-06
3.13409e-06
3.13404e-06
3.134e-06
3.13396e-06
3.13392e-06
3.13388e-06
3.13385e-06
3.13381e-06
3.13378e-06
3.13375e-06
3.13372e-06
3.13369e-06
3.13366e-06
3.13364e-06
3.13361e-06
3.13359e-06
3.13357e-06
3.13356e-06
3.13354e-06
3.13353e-06
3.13353e-06
3.13352e-06
3.13351e-06
3.13349e-06
3.13351e-06
3.13353e-06
3.13359e-06
3.13364e-06
3.13367e-06
3.13371e-06
3.13371e-06
3.13493e-06
3.13489e-06
3.13485e-06
3.13481e-06
3.13478e-06
3.13475e-06
3.13473e-06
3.1347e-06
3.13468e-06
3.13466e-06
3.13464e-06
3.13462e-06
3.1346e-06
3.13458e-06
3.13456e-06
3.13455e-06
3.13453e-06
3.13451e-06
3.13449e-06
3.13447e-06
3.13445e-06
3.13443e-06
3.13441e-06
3.13439e-06
3.13436e-06
3.13434e-06
3.13431e-06
3.13429e-06
3.13426e-06
3.13424e-06
3.13421e-06
3.13418e-06
3.13415e-06
3.13412e-06
3.1341e-06
3.13407e-06
3.13404e-06
3.13401e-06
3.13398e-06
3.13395e-06
3.13392e-06
3.13389e-06
3.13387e-06
3.13384e-06
3.13381e-06
3.13379e-06
3.13376e-06
3.13374e-06
3.13371e-06
3.13369e-06
3.13367e-06
3.13365e-06
3.13363e-06
3.13362e-06
3.1336e-06
3.13359e-06
3.13358e-06
3.13356e-06
3.13355e-06
3.13354e-06
3.13353e-06
3.13351e-06
3.13352e-06
3.13352e-06
3.13353e-06
3.13353e-06
3.13353e-06
3.13354e-06
3.13354e-06
3.13357e-06
3.13361e-06
3.13365e-06
3.13375e-06
3.13366e-06
3.134e-06
3.13398e-06
3.13397e-06
3.13396e-06
3.13396e-06
3.13395e-06
3.13395e-06
3.13394e-06
3.13393e-06
3.13393e-06
3.13392e-06
3.13391e-06
3.13391e-06
3.1339e-06
3.13389e-06
3.13389e-06
3.13388e-06
3.13388e-06
3.13388e-06
3.13389e-06
3.13389e-06
3.13388e-06
3.13388e-06
3.13388e-06
3.13387e-06
3.13387e-06
3.13386e-06
3.13386e-06
3.13385e-06
3.13384e-06
3.13383e-06
3.13382e-06
3.13381e-06
3.1338e-06
3.13379e-06
3.13378e-06
3.13377e-06
3.13376e-06
3.13374e-06
3.13373e-06
3.13372e-06
3.1337e-06
3.13369e-06
3.13368e-06
3.13367e-06
3.13366e-06
3.13365e-06
3.13364e-06
3.13363e-06
3.13362e-06
3.13361e-06
3.1336e-06
3.13359e-06
3.13358e-06
3.13358e-06
3.13357e-06
3.13357e-06
3.13358e-06
3.13358e-06
3.13358e-06
3.13358e-06
3.13357e-06
3.13357e-06
3.13356e-06
3.13355e-06
3.13353e-06
3.13352e-06
3.13351e-06
3.13351e-06
3.13352e-06
3.13355e-06
3.1336e-06
3.13372e-06
3.13366e-06
3.13394e-06
3.13396e-06
3.13397e-06
3.13398e-06
3.13398e-06
3.13399e-06
3.13399e-06
3.13398e-06
3.13398e-06
3.13397e-06
3.13396e-06
3.13395e-06
3.13394e-06
3.13392e-06
3.13391e-06
3.13389e-06
3.13388e-06
3.13386e-06
3.13384e-06
3.13383e-06
3.13381e-06
3.1338e-06
3.13378e-06
3.13377e-06
3.13375e-06
3.13374e-06
3.13373e-06
3.13372e-06
3.1337e-06
3.13369e-06
3.13369e-06
3.13368e-06
3.13367e-06
3.13366e-06
3.13366e-06
3.13366e-06
3.13366e-06
3.13366e-06
3.13365e-06
3.13364e-06
3.13364e-06
3.13363e-06
3.13363e-06
3.13363e-06
3.13363e-06
3.13363e-06
3.13363e-06
3.13364e-06
3.13364e-06
3.13364e-06
3.13364e-06
3.13364e-06
3.13364e-06
3.13363e-06
3.13363e-06
3.13362e-06
3.13362e-06
3.13361e-06
3.1336e-06
3.13359e-06
3.13358e-06
3.13356e-06
3.13355e-06
3.13353e-06
3.13352e-06
3.1335e-06
3.13348e-06
3.13346e-06
3.13345e-06
3.13345e-06
3.13347e-06
3.13352e-06
3.13366e-06
3.13364e-06
3.13454e-06
3.13455e-06
3.13456e-06
3.13457e-06
3.13457e-06
3.13457e-06
3.13456e-06
3.13455e-06
3.13454e-06
3.13453e-06
3.13451e-06
3.13449e-06
3.13447e-06
3.13445e-06
3.13443e-06
3.1344e-06
3.13438e-06
3.13435e-06
3.13432e-06
3.1343e-06
3.13427e-06
3.13424e-06
3.13421e-06
3.13419e-06
3.13416e-06
3.13413e-06
3.13411e-06
3.13408e-06
3.13406e-06
3.13403e-06
3.13401e-06
3.13399e-06
3.13397e-06
3.13395e-06
3.13393e-06
3.13391e-06
3.13389e-06
3.13387e-06
3.13385e-06
3.13384e-06
3.13382e-06
3.13381e-06
3.13379e-06
3.13378e-06
3.13376e-06
3.13375e-06
3.13374e-06
3.13372e-06
3.13371e-06
3.13369e-06
3.13368e-06
3.13367e-06
3.13365e-06
3.13364e-06
3.13362e-06
3.13361e-06
3.13359e-06
3.13358e-06
3.13356e-06
3.13354e-06
3.13352e-06
3.1335e-06
3.13349e-06
3.13347e-06
3.13344e-06
3.13342e-06
3.1334e-06
3.13338e-06
3.13336e-06
3.13335e-06
3.13336e-06
3.13341e-06
3.13356e-06
3.13359e-06
3.13502e-06
3.13502e-06
3.13502e-06
3.13502e-06
3.13501e-06
3.135e-06
3.13499e-06
3.13497e-06
3.13495e-06
3.13493e-06
3.13491e-06
3.13488e-06
3.13485e-06
3.13482e-06
3.13479e-06
3.13476e-06
3.13473e-06
3.13469e-06
3.13466e-06
3.13462e-06
3.13458e-06
3.13454e-06
3.13451e-06
3.13447e-06
3.13443e-06
3.13439e-06
3.13436e-06
3.13432e-06
3.13429e-06
3.13425e-06
3.13421e-06
3.13418e-06
3.13415e-06
3.13411e-06
3.13408e-06
3.13405e-06
3.13402e-06
3.13399e-06
3.13396e-06
3.13393e-06
3.1339e-06
3.13388e-06
3.13385e-06
3.13382e-06
3.1338e-06
3.13377e-06
3.13375e-06
3.13372e-06
3.1337e-06
3.13367e-06
3.13365e-06
3.13362e-06
3.1336e-06
3.13358e-06
3.13355e-06
3.13353e-06
3.13351e-06
3.13348e-06
3.13346e-06
3.13344e-06
3.13342e-06
3.13339e-06
3.13337e-06
3.13335e-06
3.13333e-06
3.13331e-06
3.13328e-06
3.13326e-06
3.13324e-06
3.13322e-06
3.13322e-06
3.13326e-06
3.13342e-06
3.1335e-06
3.13523e-06
3.13523e-06
3.13522e-06
3.13521e-06
3.1352e-06
3.13518e-06
3.13516e-06
3.13514e-06
3.13512e-06
3.13509e-06
3.13506e-06
3.13503e-06
3.135e-06
3.13496e-06
3.13493e-06
3.13489e-06
3.13485e-06
3.13481e-06
3.13477e-06
3.13473e-06
3.13469e-06
3.13465e-06
3.1346e-06
3.13456e-06
3.13452e-06
3.13448e-06
3.13443e-06
3.13439e-06
3.13435e-06
3.13431e-06
3.13427e-06
3.13423e-06
3.13418e-06
3.13414e-06
3.1341e-06
3.13407e-06
3.13403e-06
3.13399e-06
3.13395e-06
3.13391e-06
3.13388e-06
3.13384e-06
3.13381e-06
3.13377e-06
3.13374e-06
3.1337e-06
3.13367e-06
3.13364e-06
3.1336e-06
3.13357e-06
3.13354e-06
3.13351e-06
3.13348e-06
3.13345e-06
3.13342e-06
3.13339e-06
3.13336e-06
3.13333e-06
3.13331e-06
3.13328e-06
3.13325e-06
3.13323e-06
3.13321e-06
3.13318e-06
3.13316e-06
3.13314e-06
3.13312e-06
3.1331e-06
3.13308e-06
3.13306e-06
3.13306e-06
3.13309e-06
3.13325e-06
3.13336e-06
3.13521e-06
3.1352e-06
3.13518e-06
3.13517e-06
3.13515e-06
3.13513e-06
3.1351e-06
3.13508e-06
3.13505e-06
3.13502e-06
3.13499e-06
3.13495e-06
3.13492e-06
3.13488e-06
3.13484e-06
3.13481e-06
3.13477e-06
3.13472e-06
3.13468e-06
3.13464e-06
3.1346e-06
3.13456e-06
3.13451e-06
3.13447e-06
3.13442e-06
3.13438e-06
3.13434e-06
3.13429e-06
3.13425e-06
3.1342e-06
3.13416e-06
3.13412e-06
3.13407e-06
3.13403e-06
3.13399e-06
3.13394e-06
3.1339e-06
3.13386e-06
3.13382e-06
3.13378e-06
3.13374e-06
3.1337e-06
3.13366e-06
3.13362e-06
3.13358e-06
3.13354e-06
3.1335e-06
3.13347e-06
3.13343e-06
3.13339e-06
3.13335e-06
3.13332e-06
3.13328e-06
3.13325e-06
3.13322e-06
3.13318e-06
3.13315e-06
3.13312e-06
3.13309e-06
3.13306e-06
3.13304e-06
3.13301e-06
3.13299e-06
3.13297e-06
3.13295e-06
3.13293e-06
3.13292e-06
3.1329e-06
3.13289e-06
3.13287e-06
3.13286e-06
3.13288e-06
3.13303e-06
3.13318e-06
3.13499e-06
3.13497e-06
3.13495e-06
3.13493e-06
3.13491e-06
3.13488e-06
3.13485e-06
3.13482e-06
3.13479e-06
3.13476e-06
3.13472e-06
3.13469e-06
3.13465e-06
3.13461e-06
3.13458e-06
3.13454e-06
3.1345e-06
3.13446e-06
3.13441e-06
3.13437e-06
3.13433e-06
3.13429e-06
3.13425e-06
3.1342e-06
3.13416e-06
3.13412e-06
3.13407e-06
3.13403e-06
3.13399e-06
3.13394e-06
3.1339e-06
3.13386e-06
3.13382e-06
3.13377e-06
3.13373e-06
3.13369e-06
3.13365e-06
3.13361e-06
3.13356e-06
3.13352e-06
3.13348e-06
3.13344e-06
3.1334e-06
3.13336e-06
3.13332e-06
3.13328e-06
3.13324e-06
3.1332e-06
3.13316e-06
3.13313e-06
3.13309e-06
3.13305e-06
3.13301e-06
3.13298e-06
3.13294e-06
3.13291e-06
3.13288e-06
3.13285e-06
3.13282e-06
3.13279e-06
3.13276e-06
3.13274e-06
3.13272e-06
3.1327e-06
3.13268e-06
3.13267e-06
3.13266e-06
3.13265e-06
3.13265e-06
3.13264e-06
3.13263e-06
3.13265e-06
3.13279e-06
3.13296e-06
3.13461e-06
3.13459e-06
3.13456e-06
3.13454e-06
3.13451e-06
3.13448e-06
3.13445e-06
3.13441e-06
3.13438e-06
3.13434e-06
3.13431e-06
3.13427e-06
3.13423e-06
3.1342e-06
3.13416e-06
3.13412e-06
3.13408e-06
3.13404e-06
3.134e-06
3.13396e-06
3.13391e-06
3.13387e-06
3.13383e-06
3.13379e-06
3.13375e-06
3.13371e-06
3.13367e-06
3.13363e-06
3.13359e-06
3.13355e-06
3.13351e-06
3.13347e-06
3.13343e-06
3.13339e-06
3.13335e-06
3.13331e-06
3.13327e-06
3.13323e-06
3.13319e-06
3.13315e-06
3.13311e-06
3.13307e-06
3.13304e-06
3.133e-06
3.13296e-06
3.13292e-06
3.13288e-06
3.13285e-06
3.13281e-06
3.13277e-06
3.13274e-06
3.1327e-06
3.13267e-06
3.13263e-06
3.1326e-06
3.13256e-06
3.13253e-06
3.13251e-06
3.13248e-06
3.13245e-06
3.13243e-06
3.13241e-06
3.13239e-06
3.13238e-06
3.13237e-06
3.13236e-06
3.13236e-06
3.13236e-06
3.13236e-06
3.13236e-06
3.13236e-06
3.13237e-06
3.1325e-06
3.13269e-06
3.13412e-06
3.13409e-06
3.13406e-06
3.13403e-06
3.13399e-06
3.13396e-06
3.13392e-06
3.13389e-06
3.13385e-06
3.13381e-06
3.13377e-06
3.13373e-06
3.1337e-06
3.13366e-06
3.13362e-06
3.13358e-06
3.13354e-06
3.1335e-06
3.13346e-06
3.13342e-06
3.13338e-06
3.13334e-06
3.1333e-06
3.13326e-06
3.13322e-06
3.13319e-06
3.13315e-06
3.13311e-06
3.13307e-06
3.13303e-06
3.133e-06
3.13296e-06
3.13292e-06
3.13289e-06
3.13285e-06
3.13282e-06
3.13278e-06
3.13275e-06
3.13271e-06
3.13268e-06
3.13264e-06
3.13261e-06
3.13257e-06
3.13254e-06
3.1325e-06
3.13247e-06
3.13244e-06
3.1324e-06
3.13237e-06
3.13234e-06
3.1323e-06
3.13227e-06
3.13224e-06
3.13221e-06
3.13218e-06
3.13215e-06
3.13212e-06
3.1321e-06
3.13207e-06
3.13205e-06
3.13203e-06
3.13202e-06
3.13201e-06
3.132e-06
3.13199e-06
3.13199e-06
3.132e-06
3.13201e-06
3.13202e-06
3.13204e-06
3.13205e-06
3.13206e-06
3.13218e-06
3.13238e-06
3.13354e-06
3.13351e-06
3.13347e-06
3.13343e-06
3.13339e-06
3.13335e-06
3.13331e-06
3.13327e-06
3.13323e-06
3.13319e-06
3.13314e-06
3.1331e-06
3.13306e-06
3.13302e-06
3.13298e-06
3.13294e-06
3.1329e-06
3.13286e-06
3.13282e-06
3.13278e-06
3.13275e-06
3.13271e-06
3.13267e-06
3.13263e-06
3.1326e-06
3.13256e-06
3.13253e-06
3.13249e-06
3.13246e-06
3.13242e-06
3.13239e-06
3.13235e-06
3.13232e-06
3.13229e-06
3.13226e-06
3.13223e-06
3.13219e-06
3.13216e-06
3.13213e-06
3.1321e-06
3.13207e-06
3.13204e-06
3.13201e-06
3.13198e-06
3.13195e-06
3.13193e-06
3.1319e-06
3.13187e-06
3.13184e-06
3.13181e-06
3.13179e-06
3.13176e-06
3.13173e-06
3.13171e-06
3.13169e-06
3.13166e-06
3.13164e-06
3.13162e-06
3.1316e-06
3.13159e-06
3.13158e-06
3.13157e-06
3.13156e-06
3.13156e-06
3.13156e-06
3.13157e-06
3.13158e-06
3.1316e-06
3.13163e-06
3.13166e-06
3.13168e-06
3.1317e-06
3.13181e-06
3.13201e-06
3.13289e-06
3.13284e-06
3.1328e-06
3.13275e-06
3.1327e-06
3.13266e-06
3.13261e-06
3.13257e-06
3.13252e-06
3.13248e-06
3.13244e-06
3.13239e-06
3.13235e-06
3.13231e-06
3.13227e-06
3.13222e-06
3.13218e-06
3.13214e-06
3.1321e-06
3.13207e-06
3.13203e-06
3.13199e-06
3.13195e-06
3.13192e-06
3.13188e-06
3.13185e-06
3.13182e-06
3.13178e-06
3.13175e-06
3.13172e-06
3.13169e-06
3.13166e-06
3.13163e-06
3.1316e-06
3.13157e-06
3.13154e-06
3.13152e-06
3.13149e-06
3.13146e-06
3.13144e-06
3.13141e-06
3.13139e-06
3.13136e-06
3.13134e-06
3.13132e-06
3.13129e-06
3.13127e-06
3.13125e-06
3.13123e-06
3.13121e-06
3.13119e-06
3.13117e-06
3.13115e-06
3.13113e-06
3.13112e-06
3.1311e-06
3.13109e-06
3.13107e-06
3.13106e-06
3.13106e-06
3.13105e-06
3.13105e-06
3.13105e-06
3.13106e-06
3.13107e-06
3.13109e-06
3.13111e-06
3.13114e-06
3.13118e-06
3.13122e-06
3.13126e-06
3.13129e-06
3.1314e-06
3.1316e-06
3.13215e-06
3.1321e-06
3.13205e-06
3.132e-06
3.13194e-06
3.13189e-06
3.13184e-06
3.13179e-06
3.13174e-06
3.1317e-06
3.13165e-06
3.1316e-06
3.13156e-06
3.13151e-06
3.13147e-06
3.13143e-06
3.13138e-06
3.13134e-06
3.1313e-06
3.13127e-06
3.13123e-06
3.13119e-06
3.13116e-06
3.13112e-06
3.13109e-06
3.13106e-06
3.13102e-06
3.13099e-06
3.13096e-06
3.13093e-06
3.13091e-06
3.13088e-06
3.13085e-06
3.13083e-06
3.1308e-06
3.13078e-06
3.13075e-06
3.13073e-06
3.13071e-06
3.13069e-06
3.13067e-06
3.13065e-06
3.13063e-06
3.13061e-06
3.1306e-06
3.13058e-06
3.13056e-06
3.13055e-06
3.13053e-06
3.13052e-06
3.13051e-06
3.1305e-06
3.13049e-06
3.13048e-06
3.13047e-06
3.13046e-06
3.13046e-06
3.13045e-06
3.13045e-06
3.13045e-06
3.13046e-06
3.13047e-06
3.13048e-06
3.13049e-06
3.13052e-06
3.13054e-06
3.13058e-06
3.13062e-06
3.13066e-06
3.13072e-06
3.13077e-06
3.13082e-06
3.13093e-06
3.13112e-06
3.13134e-06
3.13127e-06
3.13121e-06
3.13116e-06
3.1311e-06
3.13104e-06
3.13099e-06
3.13093e-06
3.13088e-06
3.13083e-06
3.13078e-06
3.13073e-06
3.13068e-06
3.13063e-06
3.13059e-06
3.13054e-06
3.1305e-06
3.13046e-06
3.13042e-06
3.13038e-06
3.13034e-06
3.13031e-06
3.13027e-06
3.13024e-06
3.13021e-06
3.13018e-06
3.13015e-06
3.13012e-06
3.13009e-06
3.13006e-06
3.13004e-06
3.13001e-06
3.12999e-06
3.12997e-06
3.12995e-06
3.12993e-06
3.12991e-06
3.12989e-06
3.12987e-06
3.12986e-06
3.12984e-06
3.12983e-06
3.12981e-06
3.1298e-06
3.12979e-06
3.12978e-06
3.12977e-06
3.12976e-06
3.12976e-06
3.12975e-06
3.12974e-06
3.12974e-06
3.12974e-06
3.12974e-06
3.12974e-06
3.12974e-06
3.12975e-06
3.12975e-06
3.12976e-06
3.12978e-06
3.12979e-06
3.12981e-06
3.12983e-06
3.12986e-06
3.12989e-06
3.12993e-06
3.12997e-06
3.13003e-06
3.13009e-06
3.13015e-06
3.13022e-06
3.13028e-06
3.1304e-06
3.13057e-06
3.13042e-06
3.13035e-06
3.13028e-06
3.13022e-06
3.13015e-06
3.13009e-06
3.13003e-06
3.12997e-06
3.12992e-06
3.12986e-06
3.12981e-06
3.12976e-06
3.12971e-06
3.12966e-06
3.12961e-06
3.12957e-06
3.12952e-06
3.12948e-06
3.12944e-06
3.1294e-06
3.12936e-06
3.12933e-06
3.1293e-06
3.12926e-06
3.12923e-06
3.1292e-06
3.12917e-06
3.12915e-06
3.12912e-06
3.1291e-06
3.12908e-06
3.12906e-06
3.12904e-06
3.12902e-06
3.129e-06
3.12898e-06
3.12897e-06
3.12896e-06
3.12894e-06
3.12893e-06
3.12892e-06
3.12892e-06
3.12891e-06
3.1289e-06
3.1289e-06
3.12889e-06
3.12889e-06
3.12889e-06
3.12889e-06
3.12889e-06
3.1289e-06
3.1289e-06
3.12891e-06
3.12892e-06
3.12893e-06
3.12894e-06
3.12896e-06
3.12898e-06
3.129e-06
3.12902e-06
3.12905e-06
3.12908e-06
3.12911e-06
3.12915e-06
3.12919e-06
3.12924e-06
3.1293e-06
3.12936e-06
3.12943e-06
3.12951e-06
3.12959e-06
3.12967e-06
3.1298e-06
3.12996e-06
3.12938e-06
3.1293e-06
3.12923e-06
3.12916e-06
3.12909e-06
3.12902e-06
3.12896e-06
3.1289e-06
3.12884e-06
3.12878e-06
3.12872e-06
3.12867e-06
3.12862e-06
3.12857e-06
3.12852e-06
3.12848e-06
3.12843e-06
3.12839e-06
3.12835e-06
3.12832e-06
3.12828e-06
3.12825e-06
3.12821e-06
3.12818e-06
3.12815e-06
3.12813e-06
3.1281e-06
3.12808e-06
3.12806e-06
3.12804e-06
3.12802e-06
3.128e-06
3.12799e-06
3.12797e-06
3.12796e-06
3.12795e-06
3.12794e-06
3.12793e-06
3.12792e-06
3.12792e-06
3.12792e-06
3.12791e-06
3.12791e-06
3.12791e-06
3.12792e-06
3.12792e-06
3.12793e-06
3.12793e-06
3.12794e-06
3.12795e-06
3.12797e-06
3.12798e-06
3.128e-06
3.12802e-06
3.12804e-06
3.12806e-06
3.12809e-06
3.12812e-06
3.12815e-06
3.12818e-06
3.12822e-06
3.12826e-06
3.12831e-06
3.12836e-06
3.12842e-06
3.12848e-06
3.12855e-06
3.12862e-06
3.1287e-06
3.12879e-06
3.12889e-06
3.12898e-06
3.12911e-06
3.12926e-06
3.1282e-06
3.12811e-06
3.12804e-06
3.12796e-06
3.12789e-06
3.12782e-06
3.12775e-06
3.12769e-06
3.12762e-06
3.12756e-06
3.12751e-06
3.12745e-06
3.1274e-06
3.12735e-06
3.12731e-06
3.12726e-06
3.12722e-06
3.12718e-06
3.12714e-06
3.12711e-06
3.12707e-06
3.12704e-06
3.12701e-06
3.12699e-06
3.12696e-06
3.12694e-06
3.12692e-06
3.1269e-06
3.12688e-06
3.12687e-06
3.12685e-06
3.12684e-06
3.12683e-06
3.12682e-06
3.12682e-06
3.12681e-06
3.12681e-06
3.12681e-06
3.12681e-06
3.12681e-06
3.12681e-06
3.12682e-06
3.12682e-06
3.12683e-06
3.12684e-06
3.12686e-06
3.12687e-06
3.12689e-06
3.1269e-06
3.12692e-06
3.12695e-06
3.12697e-06
3.127e-06
3.12703e-06
3.12706e-06
3.12709e-06
3.12713e-06
3.12717e-06
3.12721e-06
3.12726e-06
3.12731e-06
3.12736e-06
3.12742e-06
3.12748e-06
3.12755e-06
3.12763e-06
3.12771e-06
3.12779e-06
3.12788e-06
3.12798e-06
3.12809e-06
3.12819e-06
3.12834e-06
3.12848e-06
3.12683e-06
3.12675e-06
3.12667e-06
3.12659e-06
3.12651e-06
3.12644e-06
3.12638e-06
3.12631e-06
3.12625e-06
3.12619e-06
3.12614e-06
3.12608e-06
3.12603e-06
3.12599e-06
3.12594e-06
3.1259e-06
3.12586e-06
3.12583e-06
3.12579e-06
3.12576e-06
3.12573e-06
3.12571e-06
3.12568e-06
3.12566e-06
3.12564e-06
3.12563e-06
3.12561e-06
3.1256e-06
3.12559e-06
3.12558e-06
3.12557e-06
3.12557e-06
3.12557e-06
3.12556e-06
3.12557e-06
3.12557e-06
3.12557e-06
3.12558e-06
3.12559e-06
3.1256e-06
3.12561e-06
3.12562e-06
3.12564e-06
3.12566e-06
3.12568e-06
3.1257e-06
3.12572e-06
3.12575e-06
3.12577e-06
3.1258e-06
3.12583e-06
3.12587e-06
3.12591e-06
3.12594e-06
3.12599e-06
3.12603e-06
3.12608e-06
3.12613e-06
3.12618e-06
3.12624e-06
3.1263e-06
3.12637e-06
3.12644e-06
3.12652e-06
3.1266e-06
3.12668e-06
3.12677e-06
3.12687e-06
3.12697e-06
3.12708e-06
3.12719e-06
3.1273e-06
3.12745e-06
3.12759e-06
3.12527e-06
3.12519e-06
3.1251e-06
3.12502e-06
3.12495e-06
3.12488e-06
3.12481e-06
3.12475e-06
3.12469e-06
3.12463e-06
3.12458e-06
3.12453e-06
3.12449e-06
3.12445e-06
3.12441e-06
3.12438e-06
3.12434e-06
3.12432e-06
3.12429e-06
3.12427e-06
3.12425e-06
3.12423e-06
3.12421e-06
3.1242e-06
3.12419e-06
3.12418e-06
3.12417e-06
3.12417e-06
3.12417e-06
3.12417e-06
3.12417e-06
3.12418e-06
3.12418e-06
3.12419e-06
3.1242e-06
3.12422e-06
3.12423e-06
3.12425e-06
3.12426e-06
3.12428e-06
3.12431e-06
3.12433e-06
3.12435e-06
3.12438e-06
3.12441e-06
3.12444e-06
3.12448e-06
3.12451e-06
3.12455e-06
3.12459e-06
3.12463e-06
3.12467e-06
3.12472e-06
3.12477e-06
3.12482e-06
3.12488e-06
3.12494e-06
3.125e-06
3.12506e-06
3.12513e-06
3.1252e-06
3.12528e-06
3.12536e-06
3.12545e-06
3.12554e-06
3.12563e-06
3.12573e-06
3.12584e-06
3.12594e-06
3.12606e-06
3.12618e-06
3.1263e-06
3.12644e-06
3.12658e-06
3.12342e-06
3.12334e-06
3.12326e-06
3.12319e-06
3.12312e-06
3.12306e-06
3.123e-06
3.12295e-06
3.1229e-06
3.12285e-06
3.12281e-06
3.12277e-06
3.12274e-06
3.12271e-06
3.12268e-06
3.12266e-06
3.12264e-06
3.12262e-06
3.12261e-06
3.1226e-06
3.12259e-06
3.12259e-06
3.12258e-06
3.12258e-06
3.12259e-06
3.12259e-06
3.1226e-06
3.12261e-06
3.12262e-06
3.12263e-06
3.12265e-06
3.12267e-06
3.12269e-06
3.12271e-06
3.12273e-06
3.12276e-06
3.12278e-06
3.12281e-06
3.12284e-06
3.12287e-06
3.12291e-06
3.12294e-06
3.12298e-06
3.12301e-06
3.12305e-06
3.1231e-06
3.12314e-06
3.12319e-06
3.12323e-06
3.12328e-06
3.12334e-06
3.12339e-06
3.12345e-06
3.1235e-06
3.12357e-06
3.12363e-06
3.1237e-06
3.12377e-06
3.12384e-06
3.12392e-06
3.124e-06
3.12409e-06
3.12417e-06
3.12427e-06
3.12437e-06
3.12447e-06
3.12458e-06
3.12469e-06
3.1248e-06
3.12492e-06
3.12504e-06
3.12517e-06
3.12531e-06
3.12544e-06
3.12556e-06
3.12126e-06
3.12119e-06
3.12112e-06
3.12106e-06
3.12101e-06
3.12096e-06
3.12092e-06
3.12088e-06
3.12085e-06
3.12082e-06
3.12079e-06
3.12077e-06
3.12076e-06
3.12075e-06
3.12074e-06
3.12074e-06
3.12073e-06
3.12074e-06
3.12074e-06
3.12075e-06
3.12076e-06
3.12078e-06
3.1208e-06
3.12082e-06
3.12084e-06
3.12086e-06
3.12089e-06
3.12091e-06
3.12094e-06
3.12098e-06
3.12101e-06
3.12104e-06
3.12108e-06
3.12112e-06
3.12116e-06
3.1212e-06
3.12124e-06
3.12128e-06
3.12133e-06
3.12137e-06
3.12142e-06
3.12146e-06
3.12151e-06
3.12156e-06
3.12161e-06
3.12167e-06
3.12172e-06
3.12178e-06
3.12183e-06
3.12189e-06
3.12195e-06
3.12202e-06
3.12208e-06
3.12215e-06
3.12222e-06
3.12229e-06
3.12236e-06
3.12244e-06
3.12252e-06
3.1226e-06
3.12269e-06
3.12278e-06
3.12288e-06
3.12298e-06
3.12308e-06
3.12319e-06
3.1233e-06
3.12341e-06
3.12353e-06
3.12364e-06
3.12376e-06
3.12388e-06
3.12402e-06
3.12414e-06
3.12426e-06
3.11873e-06
3.1187e-06
3.11867e-06
3.11865e-06
3.11863e-06
3.11861e-06
3.1186e-06
3.11859e-06
3.11858e-06
3.11858e-06
3.11858e-06
3.11858e-06
3.11859e-06
3.1186e-06
3.11862e-06
3.11864e-06
3.11866e-06
3.11869e-06
3.11872e-06
3.11875e-06
3.11878e-06
3.11882e-06
3.11886e-06
3.11891e-06
3.11895e-06
3.119e-06
3.11905e-06
3.11911e-06
3.11916e-06
3.11921e-06
3.11927e-06
3.11933e-06
3.11938e-06
3.11944e-06
3.1195e-06
3.11956e-06
3.11962e-06
3.11968e-06
3.11974e-06
3.1198e-06
3.11986e-06
3.11992e-06
3.11998e-06
3.12004e-06
3.1201e-06
3.12017e-06
3.12023e-06
3.1203e-06
3.12036e-06
3.12043e-06
3.12049e-06
3.12056e-06
3.12063e-06
3.12071e-06
3.12078e-06
3.12086e-06
3.12094e-06
3.12102e-06
3.1211e-06
3.12118e-06
3.12127e-06
3.12136e-06
3.12146e-06
3.12156e-06
3.12166e-06
3.12177e-06
3.12188e-06
3.12199e-06
3.1221e-06
3.12221e-06
3.12232e-06
3.12243e-06
3.12256e-06
3.12267e-06
3.12278e-06
3.11729e-06
3.11726e-06
3.11723e-06
3.11719e-06
3.11715e-06
3.11711e-06
3.11706e-06
3.11702e-06
3.11697e-06
3.11693e-06
3.11689e-06
3.11686e-06
3.11683e-06
3.11681e-06
3.1168e-06
3.1168e-06
3.11681e-06
3.11683e-06
3.11685e-06
3.11687e-06
3.1169e-06
3.11693e-06
3.11698e-06
3.11702e-06
3.11708e-06
3.11713e-06
3.1172e-06
3.11727e-06
3.11734e-06
3.11742e-06
3.11749e-06
3.11757e-06
3.11765e-06
3.11773e-06
3.11781e-06
3.11789e-06
3.11797e-06
3.11804e-06
3.11812e-06
3.11819e-06
3.11827e-06
3.11834e-06
3.11841e-06
3.11849e-06
3.11856e-06
3.11863e-06
3.1187e-06
3.11877e-06
3.11884e-06
3.11891e-06
3.11898e-06
3.11905e-06
3.11912e-06
3.11919e-06
3.11927e-06
3.11934e-06
3.11942e-06
3.1195e-06
3.11958e-06
3.11966e-06
3.11974e-06
3.11983e-06
3.11992e-06
3.12001e-06
3.1201e-06
3.1202e-06
3.1203e-06
3.1204e-06
3.12051e-06
3.12061e-06
3.1207e-06
3.12079e-06
3.1209e-06
3.121e-06
3.12109e-06
3.119e-06
3.11894e-06
3.11885e-06
3.11873e-06
3.11858e-06
3.11841e-06
3.11821e-06
3.118e-06
3.1178e-06
3.1176e-06
3.11741e-06
3.11722e-06
3.11705e-06
3.11688e-06
3.11672e-06
3.11657e-06
3.11643e-06
3.1163e-06
3.11618e-06
3.11607e-06
3.11598e-06
3.11589e-06
3.11583e-06
3.11577e-06
3.11574e-06
3.11572e-06
3.11571e-06
3.11573e-06
3.11576e-06
3.11582e-06
3.11589e-06
3.11596e-06
3.11603e-06
3.11611e-06
3.11619e-06
3.11628e-06
3.11638e-06
3.11647e-06
3.11656e-06
3.11664e-06
3.11672e-06
3.1168e-06
3.11688e-06
3.11695e-06
3.11703e-06
3.1171e-06
3.11717e-06
3.11724e-06
3.1173e-06
3.11737e-06
3.11743e-06
3.1175e-06
3.11756e-06
3.11763e-06
3.11769e-06
3.11776e-06
3.11783e-06
3.11789e-06
3.11796e-06
3.11803e-06
3.1181e-06
3.11817e-06
3.11825e-06
3.11832e-06
3.1184e-06
3.11848e-06
3.11856e-06
3.11864e-06
3.11873e-06
3.1188e-06
3.11887e-06
3.11894e-06
3.11903e-06
3.1191e-06
3.11917e-06
3.12067e-06
3.12034e-06
3.11998e-06
3.11965e-06
3.11934e-06
3.11904e-06
3.11876e-06
3.11849e-06
3.11824e-06
3.118e-06
3.11777e-06
3.11755e-06
3.11733e-06
3.11713e-06
3.11694e-06
3.11675e-06
3.11658e-06
3.11641e-06
3.11624e-06
3.11609e-06
3.11594e-06
3.1158e-06
3.11567e-06
3.11555e-06
3.11544e-06
3.11535e-06
3.11528e-06
3.11522e-06
3.11518e-06
3.11513e-06
3.11509e-06
3.11504e-06
3.115e-06
3.11496e-06
3.11495e-06
3.11497e-06
3.11505e-06
3.11514e-06
3.11522e-06
3.1153e-06
3.11536e-06
3.11543e-06
3.11549e-06
3.11555e-06
3.11561e-06
3.11566e-06
3.11572e-06
3.11577e-06
3.11582e-06
3.11586e-06
3.11591e-06
3.11596e-06
3.116e-06
3.11604e-06
3.11609e-06
3.11613e-06
3.11617e-06
3.11622e-06
3.11626e-06
3.1163e-06
3.11635e-06
3.11639e-06
3.11644e-06
3.11649e-06
3.11653e-06
3.11658e-06
3.11663e-06
3.11668e-06
3.11673e-06
3.11678e-06
3.11682e-06
3.11684e-06
3.1169e-06
3.11694e-06
3.11698e-06
)
;

boundaryField
{
    walls
    {
        type            fixedValue;
        value           uniform 0;
    }
    frontAndBack
    {
        type            empty;
    }
    farfield
    {
        type            calculated;
        value           uniform 3.11449e-06;
    }
    procBoundary2to0
    {
        type            processor;
        value           nonuniform List<scalar> 
113
(
5.13445e-10
4.29914e-08
3.26263e-07
1.16411e-06
2.78819e-06
5.14903e-06
7.87571e-06
1.04045e-05
1.21496e-05
1.21496e-05
2.47415e-05
2.47415e-05
5.45106e-05
5.45106e-05
9.74452e-05
0.000104159
0.00010656
0.000103803
9.50412e-05
7.94854e-05
5.8131e-05
3.48416e-05
1.64561e-05
8.41851e-06
4.78602e-06
3.23443e-06
2.66934e-06
2.80004e-06
2.87974e-06
2.85065e-06
2.88063e-06
2.97022e-06
2.97022e-06
3.07531e-06
3.13572e-06
3.18268e-06
3.21763e-06
3.23936e-06
3.24982e-06
3.25167e-06
3.24751e-06
3.23967e-06
3.22998e-06
3.22266e-06
3.22246e-06
3.22624e-06
3.15648e-06
3.15345e-06
3.15559e-06
3.16011e-06
3.16527e-06
3.19944e-06
3.16354e-06
3.15648e-06
3.15179e-06
3.14756e-06
3.14419e-06
3.14258e-06
3.14194e-06
3.14185e-06
3.14319e-06
3.14319e-06
3.14186e-06
3.14166e-06
3.14239e-06
3.14239e-06
3.14037e-06
3.13933e-06
3.13854e-06
3.1379e-06
3.13717e-06
3.13658e-06
3.13613e-06
3.13582e-06
3.13561e-06
3.13549e-06
3.13539e-06
3.13527e-06
3.13512e-06
3.13494e-06
3.13471e-06
3.13471e-06
3.13371e-06
3.13371e-06
3.1337e-06
3.13365e-06
3.13363e-06
3.13367e-06
3.13366e-06
3.13362e-06
3.13355e-06
3.13345e-06
3.13332e-06
3.13315e-06
3.13294e-06
3.13269e-06
3.13239e-06
3.13205e-06
3.13165e-06
3.13119e-06
3.13066e-06
3.13006e-06
3.12937e-06
3.1286e-06
3.12771e-06
3.12671e-06
3.12671e-06
3.12568e-06
3.12437e-06
3.12287e-06
3.12117e-06
3.11922e-06
3.11701e-06
)
;
    }
    procBoundary2to3
    {
        type            processor;
        value           nonuniform List<scalar> 
108
(
2.0911e-11
1.99935e-09
1.94111e-08
9.44972e-08
3.26741e-07
9.16474e-07
2.22007e-06
4.7901e-06
9.32178e-06
1.64372e-05
2.64442e-05
3.92572e-05
5.44756e-05
7.15379e-05
8.98744e-05
0.000109006
0.000128581
0.000148359
0.000168183
0.000193596
0.000192845
0.000192064
0.000191263
0.000190445
0.000189615
0.000188782
0.000187942
0.000187942
0.000215052
0.000235607
0.0002559
0.000275766
0.000294986
0.000313279
0.000330289
0.000345582
0.000358632
0.000368811
0.000375379
0.000377466
0.000377466
0.000377911
0.000368365
0.000350963
0.000324212
0.00028639
0.000235358
0.000168003
8.13752e-05
1.69571e-05
4.44832e-06
3.2922e-06
3.2519e-06
3.27906e-06
3.28605e-06
3.28015e-06
3.26898e-06
3.25618e-06
3.24351e-06
3.23202e-06
3.22229e-06
3.21449e-06
3.2084e-06
3.20353e-06
3.19931e-06
3.19519e-06
3.19085e-06
3.18616e-06
3.18122e-06
3.17624e-06
3.17144e-06
3.16695e-06
3.16281e-06
3.15899e-06
3.15546e-06
3.15218e-06
3.14916e-06
3.14639e-06
3.14386e-06
3.14159e-06
3.13957e-06
3.1378e-06
3.13627e-06
3.13497e-06
3.13402e-06
3.13393e-06
3.13452e-06
3.13501e-06
3.13523e-06
3.13521e-06
3.135e-06
3.13463e-06
3.13415e-06
3.13358e-06
3.13293e-06
3.13221e-06
3.1314e-06
3.13049e-06
3.12945e-06
3.12828e-06
3.12692e-06
3.12537e-06
3.12351e-06
3.12134e-06
3.11876e-06
3.11731e-06
3.119e-06
3.12126e-06
)
;
    }
}


// ************************************************************************* //
