/*--------------------------------*- C++ -*----------------------------------*\
| =========                 |                                                 |
| \\      /  F ield         | OpenFOAM: The Open Source CFD Toolbox           |
|  \\    /   O peration     | Version:  2412                                  |
|   \\  /    A nd           | Website:  www.openfoam.com                      |
|    \\/     M anipulation  |                                                 |
\*---------------------------------------------------------------------------*/
FoamFile
{
    version     2.0;
    format      ascii;
    arch        "LSB;label=32;scalar=64";
    class       volScalarField;
    location    "120";
    object      p;
}
// * * * * * * * * * * * * * * * * * * * * * * * * * * * * * * * * * * * * * //

dimensions      [0 2 -2 0 0 0 0];

internalField   nonuniform List<scalar> 
8637
(
-4.11105
-4.82167
-5.51723
-6.19274
-6.84704
-7.48523
-8.10633
-8.71047
-9.29825
-9.87016
-10.4249
-10.9619
-11.4824
-11.9872
-12.4748
-12.9443
-13.3968
-13.8321
-14.2494
-14.6475
-15.0265
-15.3859
-15.7255
-16.0445
-16.3415
-16.615
-16.8641
-17.0894
-17.2879
-17.4572
-17.5965
-17.7044
-17.7782
-17.8153
-17.8113
-17.7612
-17.6625
-17.5111
-17.2961
-17.0112
-16.6499
-16.1995
-15.649
-14.9889
-14.206
-13.2899
-12.2411
-11.0514
-9.70412
-8.1902
-6.52432
-4.72767
-2.77208
-0.660267
1.60941
4.05007
6.67485
9.48292
12.4852
15.7074
19.1535
22.8425
26.7942
31.0257
35.5621
40.417
45.6204
51.2009
57.1767
63.5899
70.463
77.8408
85.7602
94.2628
103.415
113.249
123.851
135.282
147.631
161
175.483
191.219
208.348
227.024
247.423
269.724
294.095
320.541
-4.11104
-4.82167
-5.51723
-6.19274
-6.84704
-7.48523
-8.10633
-8.71047
-9.29825
-9.87016
-10.4249
-10.9619
-11.4824
-11.9872
-12.4748
-12.9443
-13.3968
-13.8321
-14.2493
-14.6475
-15.0265
-15.3859
-15.7255
-16.0445
-16.3415
-16.615
-16.8641
-17.0894
-17.2879
-17.4572
-17.5965
-17.7044
-17.7782
-17.8153
-17.8113
-17.7612
-17.6625
-17.511
-17.2961
-17.0112
-16.6499
-16.1995
-15.649
-14.9889
-14.206
-13.2899
-12.2411
-11.0514
-9.70411
-8.1902
-6.52431
-4.72767
-2.77208
-0.660256
1.60941
4.05008
6.67486
9.48293
12.4852
15.7074
19.1536
22.8425
26.7942
31.0257
35.5621
40.417
45.6204
51.2009
57.1767
63.5899
70.463
77.8408
85.7602
94.2628
103.415
113.249
123.851
135.283
147.631
161
175.483
191.219
208.348
227.024
247.423
269.724
294.095
320.541
-4.11103
-4.82165
-5.51721
-6.19272
-6.84703
-7.48521
-8.10632
-8.71046
-9.29823
-9.87014
-10.4249
-10.9619
-11.4824
-11.9872
-12.4748
-12.9443
-13.3968
-13.8321
-14.2493
-14.6475
-15.0265
-15.3859
-15.7255
-16.0445
-16.3415
-16.615
-16.8641
-17.0894
-17.2879
-17.4572
-17.5965
-17.7043
-17.7782
-17.8152
-17.8113
-17.7612
-17.6625
-17.511
-17.2961
-17.0112
-16.6499
-16.1995
-15.6489
-14.9889
-14.2059
-13.2898
-12.241
-11.0513
-9.70408
-8.19016
-6.52427
-4.72763
-2.77203
-0.660217
1.60946
4.05013
6.67491
9.48298
12.4853
15.7074
19.1536
22.8426
26.7943
31.0258
35.5622
40.4171
45.6204
51.201
57.1768
63.59
70.4631
77.8409
85.7603
94.2629
103.415
113.249
123.851
135.283
147.631
161
175.483
191.219
208.348
227.025
247.424
269.725
294.095
320.542
-4.11099
-4.82161
-5.51717
-6.19268
-6.84699
-7.48517
-8.10628
-8.71041
-9.2982
-9.8701
-10.4249
-10.9619
-11.4823
-11.9871
-12.4747
-12.9443
-13.3968
-13.8321
-14.2493
-14.6474
-15.0265
-15.3859
-15.7255
-16.0444
-16.3414
-16.6149
-16.864
-17.0893
-17.2879
-17.4571
-17.5965
-17.7043
-17.7781
-17.8152
-17.8113
-17.7611
-17.6624
-17.511
-17.296
-17.0111
-16.6498
-16.1994
-15.6489
-14.9888
-14.2059
-13.2897
-12.2409
-11.0512
-9.70397
-8.19005
-6.52416
-4.7275
-2.77191
-0.660082
1.6096
4.05027
6.67506
9.48314
12.4854
15.7076
19.1538
22.8428
26.7945
31.026
35.5624
40.4173
45.6207
51.2012
57.1771
63.5903
70.4634
77.8413
85.7607
94.2633
103.416
113.249
123.852
135.283
147.632
161.001
175.483
191.22
208.349
227.025
247.425
269.726
294.097
320.544
-4.1109
-4.82153
-5.51709
-6.1926
-6.8469
-7.48509
-8.10619
-8.71033
-9.29811
-9.87001
-10.4248
-10.9618
-11.4822
-11.987
-12.4747
-12.9442
-13.3967
-13.832
-14.2492
-14.6474
-15.0264
-15.3858
-15.7254
-16.0443
-16.3413
-16.6148
-16.8639
-17.0892
-17.2878
-17.457
-17.5963
-17.7042
-17.778
-17.8151
-17.8111
-17.761
-17.6623
-17.5108
-17.2958
-17.0109
-16.6497
-16.1992
-15.6487
-14.9886
-14.2057
-13.2895
-12.2407
-11.051
-9.70374
-8.18981
-6.52391
-4.72724
-2.77164
-0.659799
1.60989
4.05058
6.67538
9.48347
12.4858
15.708
19.1542
22.8432
26.7949
31.0264
35.5629
40.4178
45.6212
51.2018
57.1777
63.5909
70.4641
77.842
85.7614
94.2641
103.416
113.25
123.853
135.284
147.633
161.002
175.485
191.221
208.351
227.028
247.427
269.729
294.1
320.548
-4.11074
-4.82137
-5.51693
-6.19244
-6.84675
-7.48493
-8.10603
-8.71017
-9.29795
-9.86985
-10.4246
-10.9616
-11.4821
-11.9869
-12.4745
-12.944
-13.3965
-13.8318
-14.249
-14.6472
-15.0262
-15.3856
-15.7252
-16.0441
-16.3411
-16.6146
-16.8637
-17.089
-17.2875
-17.4568
-17.5961
-17.7039
-17.7778
-17.8148
-17.8109
-17.7607
-17.662
-17.5105
-17.2955
-17.0106
-16.6493
-16.1989
-15.6483
-14.9882
-14.2053
-13.2891
-12.2403
-11.0506
-9.70331
-8.18937
-6.52344
-4.72676
-2.77113
-0.659276
1.61044
4.05115
6.67598
9.4841
12.4864
15.7086
19.1549
22.8439
26.7957
31.0273
35.5638
40.4187
45.6222
51.2028
57.1788
63.5921
70.4653
77.8433
85.7628
94.2656
103.418
113.252
123.855
135.286
147.635
161.004
175.488
191.225
208.355
227.032
247.432
269.734
294.106
320.555
-4.11048
-4.8211
-5.51666
-6.19217
-6.84648
-7.48466
-8.10577
-8.7099
-9.29768
-9.86958
-10.4244
-10.9613
-11.4818
-11.9866
-12.4742
-12.9437
-13.3962
-13.8315
-14.2487
-14.6469
-15.0259
-15.3853
-15.7249
-16.0438
-16.3408
-16.6143
-16.8634
-17.0886
-17.2872
-17.4564
-17.5957
-17.7035
-17.7774
-17.8144
-17.8104
-17.7603
-17.6616
-17.51
-17.295
-17.0101
-16.6488
-16.1983
-15.6478
-14.9877
-14.2047
-13.2885
-12.2397
-11.0499
-9.7026
-8.18863
-6.52267
-4.72596
-2.7703
-0.658403
1.61135
4.05211
6.67697
9.48514
12.4875
15.7098
19.1561
22.8452
26.797
31.0287
35.5652
40.4203
45.6238
51.2045
57.1806
63.594
70.4674
77.8455
85.7652
94.2682
103.421
113.255
123.858
135.29
147.639
161.009
175.492
191.23
208.361
227.038
247.439
269.743
294.116
320.566
-4.11006
-4.82069
-5.51625
-6.19176
-6.84607
-7.48425
-8.10535
-8.70949
-9.29727
-9.86917
-10.4239
-10.9609
-11.4814
-11.9862
-12.4738
-12.9433
-13.3958
-13.8311
-14.2483
-14.6464
-15.0254
-15.3848
-15.7244
-16.0433
-16.3403
-16.6138
-16.8628
-17.0881
-17.2866
-17.4558
-17.5952
-17.7029
-17.7767
-17.8138
-17.8098
-17.7596
-17.6608
-17.5093
-17.2943
-17.0093
-16.648
-16.1975
-15.6469
-14.9868
-14.2038
-13.2875
-12.2386
-11.0489
-9.70151
-8.18749
-6.52149
-4.72472
-2.76901
-0.657057
1.61275
4.05357
6.67851
9.48674
12.4892
15.7115
19.1579
22.8471
26.799
31.0308
35.5675
40.4227
45.6264
51.2072
57.1834
63.597
70.4706
77.8489
85.7689
94.2721
103.425
113.259
123.863
135.295
147.645
161.015
175.5
191.238
208.37
227.048
247.451
269.756
294.131
320.584
-4.10945
-4.82009
-5.51565
-6.19116
-6.84547
-7.48365
-8.10475
-8.70889
-9.29666
-9.86856
-10.4233
-10.9603
-11.4808
-11.9855
-12.4731
-12.9427
-13.3951
-13.8304
-14.2476
-14.6458
-15.0247
-15.3841
-15.7237
-16.0426
-16.3396
-16.613
-16.8621
-17.0873
-17.2858
-17.455
-17.5943
-17.7021
-17.7758
-17.8128
-17.8088
-17.7586
-17.6598
-17.5083
-17.2932
-17.0082
-16.6468
-16.1963
-15.6456
-14.9854
-14.2024
-13.2861
-12.2372
-11.0473
-9.69992
-8.18583
-6.51976
-4.72293
-2.76713
-0.655098
1.6148
4.05571
6.68074
9.48908
12.4916
15.7141
19.1606
22.85
26.802
31.0339
35.5708
40.4261
45.63
51.2111
57.1876
63.6014
70.4752
77.8539
85.7742
94.2778
103.431
113.266
123.87
135.303
147.654
161.025
175.51
191.249
208.383
227.063
247.468
269.775
294.154
320.61
-4.10861
-4.81925
-5.51482
-6.19033
-6.84463
-7.48281
-8.10392
-8.70805
-9.29582
-9.86772
-10.4225
-10.9595
-11.4799
-11.9847
-12.4723
-12.9418
-13.3942
-13.8295
-14.2467
-14.6448
-15.0238
-15.3831
-15.7227
-16.0416
-16.3385
-16.612
-16.861
-17.0862
-17.2847
-17.4538
-17.5931
-17.7008
-17.7746
-17.8115
-17.8075
-17.7572
-17.6584
-17.5068
-17.2917
-17.0066
-16.6452
-16.1946
-15.6439
-14.9836
-14.2005
-13.2842
-12.2351
-11.0452
-9.69771
-8.18353
-6.51736
-4.72042
-2.76452
-0.652373
1.61764
4.05868
6.68385
9.49233
12.495
15.7177
19.1644
22.8539
26.8061
31.0383
35.5754
40.431
45.6351
51.2165
57.1933
63.6075
70.4817
77.8608
85.7816
94.2858
103.44
113.275
123.88
135.314
147.666
161.038
175.525
191.266
208.401
227.084
247.491
269.802
294.185
320.645
-6.18921
-6.84351
-7.48169
-8.1028
-8.70693
-9.2947
-9.86659
-10.4213
-10.9583
-11.4787
-11.9835
-12.4711
-12.9406
-13.3931
-13.8283
-14.2455
-14.6436
-15.0225
-15.3819
-15.7214
-16.0403
-16.3372
-16.6106
-16.8596
-17.0848
-17.2832
-17.4523
-17.5915
-17.6992
-17.7729
-17.8098
-17.8057
-17.7554
-17.6565
-17.5048
-17.2896
-17.0045
-16.643
-16.1923
-15.6415
-14.9812
-14.198
-13.2815
-12.2324
-11.0424
-9.69474
-8.18044
-6.51415
-4.71707
-2.76102
-0.648727
1.62145
4.06266
6.68801
9.49669
12.4996
15.7225
19.1694
22.8591
26.8117
31.0441
35.5815
40.4374
45.642
51.2237
57.201
63.6156
70.4904
77.8701
85.7916
94.2965
103.451
113.288
123.894
135.329
147.682
161.056
175.545
191.288
208.426
227.112
247.523
269.838
294.226
320.693
-6.18775
-6.84206
-7.48024
-8.10134
-8.70547
-9.29324
-9.86512
-10.4199
-10.9568
-11.4773
-11.982
-12.4696
-12.9391
-13.3915
-13.8268
-14.2439
-14.642
-15.0209
-15.3802
-15.7197
-16.0385
-16.3354
-16.6088
-16.8577
-17.0829
-17.2813
-17.4503
-17.5895
-17.6971
-17.7707
-17.8076
-17.8034
-17.753
-17.654
-17.5023
-17.287
-17.0018
-16.6402
-16.1894
-15.6385
-14.978
-14.1947
-13.2781
-12.2288
-11.0387
-9.6909
-8.17644
-6.50997
-4.71272
-2.75649
-0.643992
1.62639
4.06783
6.69341
9.50234
12.5055
15.7287
19.1759
22.866
26.8189
31.0517
35.5895
40.4459
45.6509
51.2332
57.211
63.6263
70.5018
77.8823
85.8046
94.3105
103.466
113.304
123.912
135.348
147.703
161.079
175.571
191.317
208.458
227.148
247.564
269.885
294.279
320.754
-6.18591
-6.84022
-7.47841
-8.09951
-8.70363
-9.2914
-9.86327
-10.418
-10.955
-11.4754
-11.9801
-12.4677
-12.9372
-13.3896
-13.8248
-14.2419
-14.6399
-15.0188
-15.3781
-15.7175
-16.0363
-16.3332
-16.6065
-16.8554
-17.0805
-17.2788
-17.4478
-17.5869
-17.6944
-17.768
-17.8047
-17.8004
-17.75
-17.6509
-17.499
-17.2837
-16.9983
-16.6366
-16.1857
-15.6346
-14.974
-14.1905
-13.2738
-12.2243
-11.034
-9.68604
-8.17137
-6.50469
-4.70722
-2.75075
-0.637998
1.63265
4.07437
6.70025
9.5095
12.513
15.7365
19.1842
22.8747
26.828
31.0613
35.5996
40.4566
45.6622
51.2451
57.2237
63.6398
70.5162
77.8977
85.8211
94.3283
103.486
113.325
123.934
135.373
147.73
161.109
175.604
191.354
208.499
227.194
247.616
269.944
294.345
320.82
-6.18362
-6.83795
-7.47613
-8.09723
-8.70136
-9.28911
-9.86098
-10.4157
-10.9527
-11.473
-11.9778
-12.4653
-12.9348
-13.3871
-13.8223
-14.2394
-14.6374
-15.0163
-15.3755
-15.7149
-16.0336
-16.3304
-16.6037
-16.8525
-17.0775
-17.2757
-17.4446
-17.5837
-17.6911
-17.7646
-17.8012
-17.7968
-17.7463
-17.6471
-17.495
-17.2795
-16.994
-16.6322
-16.1811
-15.6299
-14.9691
-14.1854
-13.2684
-12.2188
-11.0282
-9.68001
-8.1651
-6.49815
-4.7004
-2.74363
-0.630569
1.64041
4.08248
6.70874
9.51839
12.5223
15.7463
19.1944
22.8854
26.8393
31.0732
35.6122
40.4699
45.6763
51.2601
57.2396
63.6567
70.5342
77.917
85.8418
94.3506
103.51
113.351
123.962
135.404
147.764
161.146
175.645
191.399
208.55
227.251
247.68
270.015
294.422
320.902
-6.18085
-6.83518
-7.47337
-8.09447
-8.69859
-9.28634
-9.85819
-10.4129
-10.9498
-11.4702
-11.9749
-12.4624
-12.9318
-13.3842
-13.8193
-14.2364
-14.6343
-15.0131
-15.3723
-15.7117
-16.0303
-16.327
-16.6002
-16.849
-17.0739
-17.272
-17.4408
-17.5798
-17.6871
-17.7604
-17.7969
-17.7924
-17.7417
-17.6424
-17.4902
-17.2745
-16.9888
-16.6268
-16.1755
-15.6241
-14.963
-14.1791
-13.2619
-12.212
-11.0212
-9.67268
-8.15746
-6.49019
-4.6921
-2.73496
-0.621519
1.64987
4.09236
6.71909
9.52922
12.5337
15.7582
19.2069
22.8986
26.8532
31.0878
35.6276
40.4861
45.6935
51.2783
57.259
63.6774
70.5563
77.9406
85.8672
94.3779
103.539
113.383
123.997
135.442
147.806
161.192
175.695
191.455
208.612
227.32
247.756
270.101
294.509
321.014
-6.17753
-6.83188
-7.47007
-8.09116
-8.69528
-9.28302
-9.85486
-10.4096
-10.9465
-11.4668
-11.9715
-12.459
-12.9284
-13.3807
-13.8158
-14.2328
-14.6307
-15.0094
-15.3685
-15.7078
-16.0264
-16.323
-16.5961
-16.8448
-17.0696
-17.2676
-17.4363
-17.5751
-17.6823
-17.7555
-17.7918
-17.7871
-17.7363
-17.6367
-17.4844
-17.2685
-16.9826
-16.6203
-16.1688
-15.6171
-14.9558
-14.1716
-13.2541
-12.2039
-11.0127
-9.66389
-8.1483
-6.48064
-4.68213
-2.72456
-0.610652
1.66122
4.10425
6.73152
9.54225
12.5474
15.7725
19.222
22.9144
26.8698
31.1054
35.6462
40.5058
45.7143
51.3004
57.2825
63.7024
70.5831
77.9693
85.898
94.4111
103.575
113.422
124.04
135.488
147.856
161.247
175.756
191.522
208.686
227.402
247.849
270.198
294.614
321.13
-6.17361
-6.82797
-7.46616
-8.08725
-8.69136
-9.27909
-9.85092
-10.4056
-10.9425
-11.4628
-11.9675
-12.4549
-12.9242
-13.3765
-13.8116
-14.2285
-14.6263
-15.005
-15.364
-15.7032
-16.0217
-16.3182
-16.5912
-16.8398
-17.0645
-17.2624
-17.4309
-17.5696
-17.6766
-17.7496
-17.7858
-17.7809
-17.7298
-17.6301
-17.4775
-17.2613
-16.9752
-16.6126
-16.1608
-15.6089
-14.9473
-14.1627
-13.2449
-12.1943
-11.0027
-9.65346
-8.13743
-6.4693
-4.6703
-2.7122
-0.597745
1.67471
4.11837
6.74631
9.55775
12.5636
15.7896
19.2399
22.9333
26.8898
31.1264
35.6684
40.5293
45.7393
51.3269
57.3107
63.7325
70.6153
78.0038
85.935
94.451
103.618
113.469
124.09
135.543
147.916
161.313
175.828
191.601
208.773
227.498
247.953
270.304
294.731
321.245
-6.16903
-6.8234
-7.4616
-8.08268
-8.68679
-9.27451
-9.84631
-10.401
-10.9378
-11.4581
-11.9627
-12.4501
-12.9194
-13.3716
-13.8066
-14.2235
-14.6213
-14.9999
-15.3588
-15.6979
-16.0163
-16.3127
-16.5855
-16.834
-17.0585
-17.2562
-17.4246
-17.5631
-17.6699
-17.7428
-17.7787
-17.7736
-17.7223
-17.6223
-17.4694
-17.253
-16.9666
-16.6037
-16.1515
-15.5992
-14.9372
-14.1523
-13.234
-12.183
-10.991
-9.64122
-8.12466
-6.45598
-4.6564
-2.69768
-0.582555
1.6906
4.135
6.76374
9.57604
12.5828
15.8098
19.2611
22.9557
26.9133
31.1513
35.6947
40.5572
45.7689
51.3584
57.3443
63.7683
70.6536
78.0448
85.9791
94.4986
103.669
113.524
124.15
135.609
147.987
161.39
175.912
191.692
208.871
227.605
248.063
270.422
294.854
321.37
-6.16372
-6.81811
-7.4563
-8.07739
-8.68148
-9.26919
-9.84097
-10.3956
-10.9324
-11.4527
-11.9573
-12.4446
-12.9139
-13.366
-13.8009
-14.2177
-14.6154
-14.9939
-15.3527
-15.6917
-16.0099
-16.3062
-16.5789
-16.8272
-17.0515
-17.2491
-17.4173
-17.5556
-17.6622
-17.7348
-17.7705
-17.7651
-17.7135
-17.6132
-17.46
-17.2433
-16.9565
-16.5933
-16.1407
-15.588
-14.9256
-14.1402
-13.2214
-12.1699
-10.9773
-9.62694
-8.10977
-6.44043
-4.64016
-2.68069
-0.564793
1.70919
4.15448
6.78417
9.59747
12.6053
15.8335
19.2861
22.982
26.9411
31.1807
35.7258
40.5902
45.8039
51.3956
57.384
63.8107
70.699
78.0935
86.0314
94.5549
103.73
113.589
124.221
135.685
148.07
161.479
176.008
191.795
208.981
227.721
248.185
270.551
294.985
321.499
-6.15761
-6.81202
-7.45021
-8.07129
-8.67538
-9.26307
-9.83482
-10.3894
-10.9262
-11.4465
-11.9509
-12.4382
-12.9074
-13.3595
-13.7943
-14.211
-14.6086
-14.987
-15.3457
-15.6845
-16.0026
-16.2988
-16.5713
-16.8194
-17.0435
-17.2409
-17.4089
-17.5469
-17.6533
-17.7256
-17.761
-17.7553
-17.7034
-17.6028
-17.4492
-17.2321
-16.9449
-16.5812
-16.1282
-15.575
-14.912
-14.1261
-13.2068
-12.1546
-10.9614
-9.61038
-8.09247
-6.42237
-4.62128
-2.66094
-0.544117
1.73085
4.17719
6.80801
9.62252
12.6317
15.8612
19.3153
23.0128
26.9737
31.2152
35.7623
40.629
45.8452
51.4396
57.4309
63.8608
70.7525
78.1509
86.0929
94.6209
103.801
113.666
124.303
135.773
148.164
161.58
176.116
191.909
209.102
227.848
248.316
270.686
295.121
321.633
-6.15061
-6.80504
-7.44324
-8.06431
-8.66838
-9.25605
-9.82777
-10.3823
-10.9191
-11.4393
-11.9437
-12.4309
-12.9
-13.352
-13.7868
-14.2033
-14.6008
-14.9791
-15.3376
-15.6763
-15.9943
-16.2902
-16.5626
-16.8104
-17.0344
-17.2315
-17.3992
-17.5369
-17.643
-17.715
-17.7501
-17.7441
-17.6918
-17.5907
-17.4367
-17.2192
-16.9315
-16.5673
-16.1138
-15.56
-14.8965
-14.1099
-13.1899
-12.137
-10.943
-9.59122
-8.07246
-6.40145
-4.59939
-2.63803
-0.52011
1.75601
4.20361
6.83577
9.65171
12.6624
15.8936
19.3495
23.049
27.0119
31.2557
35.8053
40.6746
45.8938
51.4913
57.4861
63.9196
70.8154
78.218
86.1647
94.6978
103.883
113.753
124.396
135.872
148.27
161.692
176.234
192.034
209.232
227.983
248.456
270.828
295.264
321.772
-6.14264
-6.79708
-7.43528
-8.05634
-8.6604
-9.24805
-9.81973
-10.3742
-10.911
-11.4311
-11.9355
-12.4226
-12.8916
-13.3435
-13.7781
-14.1946
-14.5919
-14.97
-15.3284
-15.667
-15.9847
-16.2804
-16.5526
-16.8002
-17.0239
-17.2207
-17.3881
-17.5255
-17.6313
-17.7029
-17.7376
-17.7312
-17.6784
-17.5769
-17.4224
-17.2043
-16.9162
-16.5514
-16.0972
-15.5428
-14.8785
-14.0912
-13.1704
-12.1167
-10.9219
-9.56911
-8.04934
-6.37725
-4.57406
-2.61148
-0.492266
1.78524
4.23432
6.86808
9.68574
12.6983
15.9314
19.3895
23.0913
27.0567
31.3033
35.8557
40.7282
45.9508
51.5519
57.5506
63.9884
70.8887
78.2961
86.2478
94.7862
103.977
113.853
124.502
135.983
148.387
161.814
176.362
192.167
209.37
228.127
248.603
270.978
295.414
321.918
-6.13356
-6.78803
-7.42623
-8.04727
-8.65132
-9.23894
-9.81058
-10.365
-10.9017
-11.4218
-11.9261
-12.4131
-12.882
-13.3338
-13.7683
-14.1846
-14.5818
-14.9597
-15.318
-15.6563
-15.9738
-16.2693
-16.5412
-16.7885
-17.0119
-17.2084
-17.3755
-17.5125
-17.6179
-17.6891
-17.7233
-17.7164
-17.6632
-17.5612
-17.4061
-17.1874
-16.8986
-16.5331
-16.0782
-15.523
-14.8579
-14.0697
-13.148
-12.0933
-10.8974
-9.54359
-8.02263
-6.34928
-4.54475
-2.58072
-0.459962
1.81919
4.27004
6.9057
9.72541
12.7402
15.9757
19.4363
23.1408
27.1093
31.359
35.9148
40.791
46.0175
51.6227
57.6259
64.0683
70.9735
78.386
86.3428
94.8866
104.082
113.964
124.618
136.105
148.514
161.947
176.5
192.31
209.519
228.279
248.76
271.137
295.572
322.072
-6.12326
-6.77775
-7.41595
-8.03698
-8.64101
-9.2286
-9.80018
-10.3546
-10.8912
-11.4112
-11.9154
-12.4023
-12.8712
-13.3228
-13.7571
-14.1733
-14.5703
-14.948
-15.306
-15.6441
-15.9614
-16.2566
-16.5282
-16.7752
-16.9982
-17.1943
-17.361
-17.4977
-17.6026
-17.6733
-17.707
-17.6995
-17.6457
-17.5431
-17.3873
-17.1679
-16.8784
-16.5121
-16.0563
-15.5003
-14.8343
-14.045
-13.1223
-12.0664
-10.8693
-9.51413
-7.99177
-6.31691
-4.51079
-2.54504
-0.422441
1.85867
4.31164
6.94958
9.77174
12.7891
16.0275
19.4911
23.1989
27.1708
31.4242
35.984
40.8643
46.0953
51.705
57.7131
64.1603
71.0705
78.488
86.4499
94.9988
104.199
114.086
124.745
136.237
148.651
162.09
176.648
192.464
209.677
228.443
248.928
271.307
295.743
322.238
-6.11158
-6.7661
-7.4043
-8.02531
-8.62931
-9.21686
-9.78839
-10.3427
-10.8793
-11.3992
-11.9033
-12.3901
-12.8588
-13.3103
-13.7445
-14.1604
-14.5572
-14.9347
-15.2925
-15.6303
-15.9473
-16.2421
-16.5134
-16.76
-16.9826
-17.1783
-17.3446
-17.4807
-17.5851
-17.6553
-17.6884
-17.6802
-17.6258
-17.5224
-17.3659
-17.1456
-16.8552
-16.488
-16.0313
-15.4742
-14.807
-14.0166
-13.0926
-12.0354
-10.8368
-9.48008
-7.95605
-6.27941
-4.47138
-2.50358
-0.378791
1.90466
4.36016
7.00082
9.82589
12.8464
16.088
19.5553
23.2668
27.2427
31.5004
36.0645
40.9495
46.1853
51.7999
57.8129
64.2649
71.1801
78.6024
86.5691
95.1228
104.328
114.22
124.884
136.381
148.8
162.244
176.808
192.63
209.849
228.619
249.108
271.491
295.927
322.417
-6.09835
-6.7529
-7.39109
-8.01208
-8.61606
-9.20356
-9.77502
-10.3293
-10.8658
-11.3856
-11.8895
-12.3762
-12.8447
-13.2961
-13.73
-14.1457
-14.5423
-14.9196
-15.2771
-15.6145
-15.9312
-16.2257
-16.4965
-16.7428
-16.9649
-17.1601
-17.3258
-17.4614
-17.5652
-17.6347
-17.6671
-17.6582
-17.6029
-17.4988
-17.3413
-17.1201
-16.8287
-16.4604
-16.0025
-15.4442
-14.7757
-13.9839
-13.0583
-11.9995
-10.7992
-9.44067
-7.91465
-6.23588
-4.42559
-2.45534
-0.327931
1.95831
4.41682
7.06071
9.88922
12.9134
16.1589
19.6303
23.3461
27.3266
31.5889
36.1579
41.0478
46.2885
51.9079
57.9257
64.3824
71.3022
78.7291
86.7003
95.2587
104.468
114.365
125.034
136.537
148.962
162.411
176.981
192.809
210.034
228.811
249.305
271.692
296.128
322.612
-6.08337
-6.73794
-7.37612
-7.99709
-8.60103
-9.18848
-9.75986
-10.314
-10.8504
-11.3701
-11.8739
-12.3604
-12.8288
-13.2799
-13.7137
-14.1291
-14.5254
-14.9024
-15.2595
-15.5967
-15.9129
-16.2069
-16.4773
-16.7231
-16.9447
-17.1393
-17.3044
-17.4393
-17.5424
-17.6111
-17.6427
-17.6329
-17.5768
-17.4716
-17.3131
-17.0908
-16.7982
-16.4286
-15.9694
-15.4096
-14.7396
-13.9461
-13.0188
-11.958
-10.7557
-9.39498
-7.8666
-6.18529
-4.37229
-2.39913
-0.2686
2.02095
4.48302
7.13072
9.96325
12.9917
16.2416
19.7177
23.4383
27.4237
31.6911
36.265
41.1599
46.4054
52.0293
58.0517
64.5128
71.437
78.8683
86.8439
95.4071
104.621
114.523
125.198
136.706
149.137
162.593
177.17
193.005
210.237
229.021
249.521
271.912
296.348
322.826
-6.06639
-6.72099
-7.35916
-7.9801
-8.58399
-9.17138
-9.74266
-10.2967
-10.833
-11.3526
-11.8562
-12.3425
-12.8107
-13.2616
-13.695
-14.1102
-14.5062
-14.8828
-15.2396
-15.5763
-15.892
-16.1856
-16.4554
-16.7007
-16.9216
-17.1155
-17.2799
-17.4141
-17.5163
-17.5842
-17.6148
-17.604
-17.5468
-17.4405
-17.2807
-17.0571
-16.7631
-16.392
-15.9312
-15.3697
-14.6979
-13.9024
-12.973
-11.91
-10.7053
-9.34193
-7.81074
-6.1264
-4.3102
-2.33357
-0.199348
2.09411
4.56035
7.21247
10.0497
13.0829
16.3379
19.8191
23.5449
27.5354
31.8079
36.3866
41.2862
46.5362
52.1644
58.1912
64.6565
71.5851
79.0208
87.001
95.5692
104.789
114.696
125.376
136.891
149.329
162.792
177.376
193.22
210.46
229.252
249.759
272.154
296.59
323.059
-6.04715
-6.70177
-7.33993
-7.96083
-8.56467
-9.15198
-9.72315
-10.2771
-10.8132
-11.3327
-11.8361
-12.3222
-12.7901
-13.2407
-13.6739
-14.0887
-14.4843
-14.8605
-15.2168
-15.5531
-15.8683
-16.1613
-16.4305
-16.675
-16.8953
-17.0884
-17.2519
-17.3852
-17.4865
-17.5533
-17.5828
-17.5709
-17.5124
-17.4048
-17.2435
-17.0184
-16.7228
-16.3499
-15.8872
-15.3237
-14.6497
-13.8519
-12.92
-11.8544
-10.6467
-9.2803
-7.74575
-6.05782
-4.23782
-2.25709
-0.118526
2.17949
4.65057
7.30777
10.1502
13.1888
16.4495
19.9356
23.6669
27.6625
31.9398
36.5229
41.4269
46.6812
52.3136
58.3447
64.8143
71.7474
79.1878
87.173
95.7466
104.971
114.885
125.572
137.094
149.54
163.011
177.604
193.457
210.707
229.507
250.022
272.421
296.856
323.314
-6.02534
-6.67999
-7.31812
-7.93897
-8.54275
-9.12997
-9.70101
-10.2548
-10.7908
-11.31
-11.8132
-12.299
-12.7667
-13.217
-13.6498
-14.0642
-14.4594
-14.8351
-15.1909
-15.5266
-15.8412
-16.1335
-16.402
-16.6458
-16.8651
-17.0573
-17.2199
-17.3522
-17.4523
-17.5179
-17.5461
-17.5328
-17.4729
-17.3637
-17.2008
-16.9738
-16.6763
-16.3014
-15.8364
-15.2706
-14.594
-13.7935
-12.8586
-11.7898
-10.5787
-9.20862
-7.67011
-5.97792
-4.15344
-2.16791
-0.024281
2.279
4.75557
7.41845
10.2667
13.3111
16.5773
20.0683
23.8049
27.8052
32.087
36.6744
41.5827
46.8412
52.4778
58.5134
64.9875
71.9255
79.371
87.3616
95.9413
105.172
115.093
125.788
137.318
149.772
163.253
177.857
193.719
210.979
229.789
250.312
272.716
297.148
323.591
-6.00061
-6.65528
-7.29338
-7.91417
-8.51786
-9.10498
-9.67586
-10.2295
-10.7653
-11.2843
-11.7872
-12.2727
-12.7401
-13.19
-13.6224
-14.0363
-14.431
-14.8062
-15.1614
-15.4964
-15.8103
-16.1018
-16.3694
-16.6123
-16.8307
-17.0218
-17.1833
-17.3143
-17.4131
-17.4774
-17.5041
-17.4891
-17.4275
-17.3165
-17.1515
-16.9225
-16.6228
-16.2454
-15.7778
-15.2092
-14.5296
-13.7258
-12.7874
-11.7148
-10.4997
-9.12525
-7.58204
-5.88485
-4.05513
-2.06401
0.0854306
2.39456
4.87731
7.54711
10.3998
13.4506
16.7219
20.218
23.9594
27.964
32.2502
36.8418
41.7544
47.0173
52.6584
58.6987
65.1777
72.1211
79.5723
87.5691
96.1556
105.394
115.323
126.026
137.565
150.03
163.521
178.136
194.01
211.282
230.102
250.632
273.04
297.467
323.891
-5.97256
-6.62724
-7.2653
-7.88601
-8.48961
-9.07659
-9.6473
-10.2007
-10.7363
-11.2551
-11.7577
-12.2428
-12.7098
-13.1593
-13.5912
-14.0046
-14.3987
-14.7732
-15.1277
-15.4619
-15.775
-16.0656
-16.3322
-16.5741
-16.7913
-16.9812
-17.1413
-17.271
-17.3683
-17.4308
-17.4558
-17.439
-17.3754
-17.2622
-17.0949
-16.8634
-16.5611
-16.1808
-15.7102
-15.1383
-14.4551
-13.6474
-12.7049
-11.6278
-10.4079
-9.02828
-7.47955
-5.77651
-3.94073
-1.94323
0.212561
2.52832
5.0182
7.69379
10.5508
13.6081
16.8843
20.385
24.1309
28.1399
32.4304
37.0264
41.9435
47.2112
52.857
58.9027
65.3871
72.3365
79.7942
87.7979
96.3922
105.638
115.577
126.289
137.839
150.316
163.818
178.446
194.333
211.616
230.447
250.985
273.395
297.815
324.215
-5.94074
-6.59543
-7.23343
-7.85405
-8.45753
-9.04435
-9.61484
-10.168
-10.7033
-11.2218
-11.724
-12.2088
-12.6753
-13.1243
-13.5556
-13.9684
-14.3618
-14.7356
-15.0893
-15.4226
-15.7347
-16.0242
-16.2897
-16.5304
-16.7462
-16.9347
-17.0933
-17.2213
-17.3168
-17.3775
-17.4004
-17.3814
-17.3155
-17.1998
-17.0298
-16.7954
-16.4899
-16.1063
-15.632
-15.0562
-14.3688
-13.5566
-12.6091
-11.5267
-10.3011
-8.9155
-7.3604
-5.65065
-3.80806
-1.80346
0.360286
2.68129
5.17804
7.85877
10.7216
13.7841
17.0648
20.5701
24.3206
28.3341
32.6293
37.2298
42.1518
47.4247
53.0758
59.1274
65.618
72.5742
80.0392
88.0509
96.6541
105.909
115.858
126.582
138.144
150.633
164.149
178.79
194.691
211.987
230.829
251.374
273.784
298.192
324.56
-5.90463
-6.55932
-7.19725
-7.81775
-8.42109
-9.00773
-9.57796
-10.1308
-10.6659
-11.184
-11.6858
-12.17
-12.6361
-13.0845
-13.5151
-13.9272
-14.3198
-14.6927
-15.0455
-15.3778
-15.6887
-15.977
-16.2412
-16.4804
-16.6947
-16.8815
-17.0384
-17.1644
-17.2579
-17.3164
-17.3369
-17.3153
-17.2467
-17.1281
-16.9549
-16.7171
-16.408
-16.0203
-15.5418
-14.9614
-14.2689
-13.4513
-12.498
-11.4094
-10.1772
-8.78468
-7.22219
-5.5049
-3.65469
-1.64075
0.527256
2.85384
5.35781
8.04435
10.912
13.9795
17.2648
20.7749
24.5301
28.5484
32.8485
37.454
42.3815
47.6602
53.3173
59.3755
65.8731
72.8371
80.3105
88.3313
96.9446
106.21
116.171
126.907
138.482
150.986
164.516
179.172
195.087
212.396
231.249
251.8
274.207
298.598
324.926
-5.86366
-6.51833
-7.15618
-7.77654
-8.37971
-8.96612
-9.53606
-10.0886
-10.6233
-11.141
-11.6423
-12.126
-12.5914
-13.0391
-13.469
-13.8802
-14.2719
-14.6439
-14.9955
-15.3266
-15.6362
-15.9231
-16.1858
-16.4233
-16.6359
-16.8207
-16.9755
-17.0994
-17.1905
-17.2463
-17.2641
-17.2395
-17.1677
-17.0457
-16.8688
-16.6269
-16.3135
-15.9212
-15.4376
-14.8517
-14.1534
-13.3294
-12.3692
-11.2733
-10.0335
-8.63297
-7.06287
-5.3374
-3.47678
-1.45817
0.713716
3.04928
5.55934
8.25037
11.1233
14.196
17.4861
21.0012
24.7615
28.7849
33.0905
37.7015
42.6351
47.9201
53.584
59.6498
66.1555
73.1284
80.6113
88.6425
97.2672
106.545
116.519
127.269
138.859
151.377
164.923
179.595
195.525
212.848
231.71
252.265
274.666
299.033
325.309
-5.81719
-6.47182
-7.10955
-7.72975
-8.33271
-8.91886
-9.48845
-10.0406
-10.5749
-11.0921
-11.5928
-12.0759
-12.5406
-12.9875
-13.4165
-13.8268
-14.2174
-14.5882
-14.9386
-15.2682
-15.5763
-15.8616
-16.1225
-16.3582
-16.5686
-16.7512
-16.9036
-17.025
-17.1133
-17.1662
-17.1807
-17.1526
-17.0771
-16.9511
-16.7698
-16.5232
-16.2048
-15.8069
-15.3174
-14.7251
-14.0198
-13.1884
-12.2203
-11.1161
-9.86786
-8.4602
-6.87939
-5.14353
-3.27817
-1.25564
0.926009
3.26754
5.7827
8.47904
11.3575
14.4356
17.7307
21.2512
25.017
29.046
33.3576
37.9748
42.9152
48.2076
53.8793
59.9537
66.4685
73.4515
80.9453
88.9882
97.6258
106.917
116.906
127.67
139.276
151.812
165.374
180.063
196.008
213.344
232.215
252.771
275.161
299.494
325.703
-5.76448
-6.41905
-7.05664
-7.67664
-8.27936
-8.86519
-9.43438
-9.98607
-10.5199
-11.0366
-11.5366
-12.0189
-12.4828
-12.9288
-13.3568
-13.7659
-14.1553
-14.5247
-14.8737
-15.2018
-15.5081
-15.7914
-16.0503
-16.2838
-16.4919
-16.6719
-16.8215
-16.9399
-17.025
-17.0744
-17.0852
-17.0531
-16.9733
-16.8426
-16.6561
-16.4041
-16.0797
-15.6754
-15.1789
-14.5792
-13.8659
-13.026
-12.0489
-10.9356
-9.67982
-8.26155
-6.66753
-4.92815
-3.05864
-1.0253
1.16222
3.50951
6.03073
8.73242
11.6166
14.7004
18.001
21.5273
25.2991
29.3344
33.6527
38.277
43.2251
48.5259
54.2064
60.2907
66.8159
73.8104
81.3164
89.3725
98.0243
107.33
117.335
128.116
139.74
152.293
165.873
180.58
196.54
213.888
232.766
253.318
275.689
299.977
326.101
-5.7047
-6.35918
-6.9966
-7.61636
-8.21879
-8.80426
-9.37299
-9.92415
-10.4574
-10.9734
-11.4727
-11.9541
-12.4171
-12.8621
-13.2889
-13.6966
-14.0846
-14.4526
-14.7998
-15.1261
-15.4304
-15.7115
-15.9681
-16.1991
-16.4043
-16.5813
-16.7279
-16.8428
-16.9242
-16.9696
-16.976
-16.9392
-16.8544
-16.7183
-16.5258
-16.2674
-15.9362
-15.5244
-15.0198
-14.4116
-13.6892
-12.8398
-11.853
-10.7312
-9.46453
-8.03303
-6.43304
-4.69026
-2.80886
-0.769544
1.42402
3.77823
6.30548
9.01281
11.9031
14.9931
18.2996
21.8323
25.6108
29.6531
33.979
38.6112
43.5682
48.8785
54.5691
60.6646
67.2016
74.209
81.7288
89.7995
98.4672
107.789
117.812
128.611
140.254
152.826
166.424
181.148
197.123
214.481
233.362
253.905
276.247
300.476
326.491
-6.29131
-6.92852
-7.54799
-8.15008
-8.73512
-9.3033
-9.85386
-10.3864
-10.9018
-11.4001
-11.8805
-12.3424
-12.7862
-13.2116
-13.6179
-14.0043
-14.3704
-14.7158
-15.0399
-15.3419
-15.6205
-15.8744
-16.1025
-16.3046
-16.4782
-16.621
-16.732
-16.8092
-16.8499
-16.8513
-16.8091
-16.7186
-16.5762
-16.3768
-16.1111
-15.772
-15.3516
-14.8379
-14.2201
-13.4875
-12.6278
-11.6308
-10.4992
-9.21939
-7.77979
-6.17271
-4.42038
-2.53202
-0.486139
1.71475
4.07581
6.60945
9.32284
12.2197
15.3163
18.6293
22.1691
25.9551
30.0054
34.3399
38.9813
43.9483
49.2694
54.9715
61.0796
67.6299
74.6518
82.1869
90.2738
98.959
108.299
118.34
129.159
140.821
153.413
167.03
181.771
197.76
215.125
234.004
254.53
276.831
300.98
326.859
-6.21438
-6.85133
-7.47047
-8.07215
-8.65669
-9.22424
-9.7741
-10.3059
-10.8204
-11.3177
-11.7969
-12.2576
-12.7
-13.1239
-13.5285
-13.913
-14.2771
-14.6202
-14.9419
-15.2413
-15.5171
-15.7678
-15.9926
-16.1911
-16.3607
-16.4994
-16.6059
-16.6781
-16.7136
-16.7092
-16.6609
-16.5636
-16.4141
-16.2069
-15.9327
-15.5847
-15.1546
-14.6307
-14.0022
-13.2586
-12.3875
-11.3794
-10.2364
-8.94594
-7.49712
-5.8812
-4.1217
-2.22502
-0.171422
2.03659
4.40491
6.94539
9.66526
12.5692
15.6731
18.9934
22.5412
26.3357
30.395
34.7393
39.3911
44.3695
49.7029
55.4179
61.5402
68.1054
75.1434
82.6953
90.8002
99.5043
108.863
118.926
129.765
141.448
154.06
167.695
182.451
198.451
215.82
234.69
255.188
277.431
301.477
327.185
-6.12724
-6.76389
-7.38263
-7.98384
-8.56779
-9.13462
-9.68366
-10.2146
-10.7281
-11.2242
-11.7021
-12.1614
-12.6022
-13.0243
-13.4269
-13.8093
-14.1711
-14.5117
-14.8306
-15.1269
-15.3995
-15.6467
-15.8677
-16.062
-16.2272
-16.3611
-16.4624
-16.529
-16.5585
-16.5476
-16.4921
-16.3873
-16.2296
-16.0135
-15.7299
-15.3718
-14.9309
-14.3957
-13.7555
-12.9998
-12.1167
-11.0971
-9.94231
-8.64067
-7.18142
-5.55753
-3.78988
-1.88448
0.176632
2.39233
4.76844
7.31622
10.0432
12.9548
16.0668
19.3953
22.9522
26.7562
30.8259
35.1813
39.8449
44.8363
50.1834
55.913
62.0512
68.6329
75.6886
83.2592
91.3835
100.108
109.488
119.572
130.432
142.136
154.768
168.421
183.191
199.198
216.564
235.416
255.871
278.037
301.949
327.442
-6.02861
-6.66489
-7.28316
-7.88381
-8.46707
-9.03307
-9.58118
-10.1111
-10.6234
-11.1182
-11.5946
-12.0522
-12.4912
-12.9113
-13.3117
-13.6917
-14.0508
-14.3885
-14.7043
-14.9972
-15.266
-15.5092
-15.7259
-15.9155
-16.0756
-16.204
-16.2995
-16.3597
-16.3823
-16.3639
-16.3005
-16.1872
-16.0203
-15.7941
-15.4999
-15.1306
-14.6778
-14.1301
-13.4772
-12.7085
-11.8127
-10.7808
-9.61371
-8.3006
-6.83111
-5.19875
-3.42257
-1.50805
0.561274
2.78515
5.16948
7.72514
10.4599
13.3801
16.5012
19.839
23.406
27.2211
31.3024
35.6705
40.3474
45.3533
50.716
56.4619
62.6176
69.2176
76.2927
83.8835
92.0288
100.775
110.177
120.283
131.166
142.891
155.542
169.21
183.99
199.999
217.353
236.174
256.569
278.63
302.372
327.6
-5.91707
-6.5529
-7.17061
-7.77061
-8.35308
-8.91812
-9.46515
-9.99394
-10.5049
-10.9981
-11.4728
-11.9286
-12.3655
-12.7832
-13.1811
-13.5583
-13.9145
-14.2489
-14.5611
-14.8501
-15.1146
-15.3533
-15.5651
-15.7493
-15.9036
-16.0259
-16.1147
-16.1678
-16.1825
-16.1558
-16.0833
-15.9604
-15.7831
-15.5458
-15.2398
-14.858
-14.3921
-13.831
-13.1643
-12.3819
-11.4726
-10.428
-9.24827
-7.9232
-6.44289
-4.80152
-3.01633
-1.09229
0.985637
3.2182
5.61143
8.17577
10.9192
13.8491
16.9803
20.3287
23.9073
27.7347
31.8293
36.2116
40.9036
45.9258
51.3057
57.0697
63.2447
69.8647
76.961
84.5735
92.7414
101.511
110.935
121.065
131.969
143.714
156.382
170.062
184.848
200.85
218.181
236.955
257.266
279.19
302.716
327.615
-5.79106
-6.42635
-7.0434
-7.64262
-8.22417
-8.78811
-9.33391
-9.86135
-10.3708
-10.8622
-11.335
-11.7886
-12.2232
-12.6383
-13.0332
-13.4073
-13.76
-14.0908
-14.3989
-14.6834
-14.9432
-15.1767
-15.383
-15.5611
-15.7089
-15.8242
-15.9055
-15.9504
-15.9564
-15.9203
-15.8377
-15.704
-15.5152
-15.2655
-14.9465
-14.5511
-14.0709
-13.4952
-12.8138
-12.0167
-11.0933
-10.0356
-8.84276
-7.50533
-6.01368
-4.3627
-2.56807
-0.633951
1.45327
3.69525
6.09813
8.67202
11.4252
14.3658
17.5086
20.8689
24.4606
28.302
32.4116
36.8099
41.5187
46.559
51.958
57.7419
63.938
70.5798
77.6988
85.3346
93.5262
102.32
111.767
121.92
132.845
144.608
157.29
170.977
185.76
201.744
219.038
237.742
257.94
279.686
302.942
327.44
-5.64887
-6.2835
-6.89977
-7.49809
-8.07856
-8.64122
-9.18561
-9.71151
-10.2192
-10.7086
-11.1791
-11.6303
-12.0622
-12.4743
-12.866
-13.2365
-13.5854
-13.9119
-14.2154
-14.4949
-14.7492
-14.9769
-15.1769
-15.3482
-15.4887
-15.5961
-15.6689
-15.7047
-15.7009
-15.6542
-15.5603
-15.4147
-15.2131
-14.9497
-14.6165
-14.2062
-13.7106
-13.1193
-12.4223
-11.61
-10.6719
-9.60048
-8.39401
-7.04359
-5.53967
-3.87853
-2.07391
-0.129135
1.96805
4.22023
6.63369
9.21823
11.9824
14.9351
18.0908
21.4647
25.0711
28.9283
33.0546
37.4708
42.1984
47.2587
52.6786
58.4843
64.7032
71.3684
78.5116
86.1717
94.3879
103.206
112.676
122.851
133.795
145.573
158.264
171.95
186.72
202.672
219.907
238.516
258.563
280.082
303.005
327.013
-5.48863
-6.12248
-6.73782
-7.33507
-7.91429
-8.47549
-9.01824
-9.54236
-10.048
-10.5351
-11.0031
-11.4516
-11.8804
-12.2891
-12.677
-13.0435
-13.388
-13.7097
-14.008
-14.2819
-14.5301
-14.7512
-14.9442
-15.1078
-15.24
-15.3386
-15.4019
-15.4275
-15.4128
-15.3543
-15.2479
-15.089
-14.8733
-14.595
-14.2462
-13.8199
-13.3078
-12.6998
-11.9865
-11.1581
-10.2048
-9.11905
-7.89832
-6.53393
-5.01707
-3.34524
-1.52996
0.4262
2.53424
4.79761
7.22271
9.81911
12.5957
15.562
18.7322
22.1214
25.7444
29.6191
33.7642
38.2001
42.9484
48.0307
53.4734
59.3026
65.5459
72.2358
79.4044
87.0896
95.3307
104.173
113.665
123.859
134.819
146.607
159.298
172.973
187.716
203.617
220.768
239.248
259.099
280.331
302.844
326.263
-5.30835
-5.94124
-6.55548
-7.15147
-7.72922
-8.28873
-8.82961
-9.35168
-9.85503
-10.3395
-10.8046
-11.2499
-11.6752
-12.0801
-12.4639
-12.8258
-13.1653
-13.4816
-13.774
-14.0415
-14.2829
-14.4966
-14.6816
-14.8366
-14.9596
-15.0483
-15.101
-15.1153
-15.0883
-15.0168
-14.8966
-14.7231
-14.492
-14.1975
-13.8319
-13.3884
-12.8587
-12.2333
-11.5027
-10.6577
-9.68844
-8.58756
-7.3516
-5.97204
-4.44169
-2.75844
-0.931713
1.03663
3.15651
5.43215
7.87011
10.4798
13.2703
16.2518
19.4383
22.8447
26.4861
30.3804
34.5462
39.0039
43.7748
48.8809
54.3481
60.2024
66.4715
73.1872
80.3817
88.0923
96.3577
105.222
114.734
124.945
135.914
147.704
160.386
174.036
188.733
204.558
221.593
239.902
259.503
280.376
302.397
325.118
-5.10591
-5.73764
-6.35055
-6.94505
-7.5211
-8.07866
-8.61738
-9.13707
-9.63777
-10.1193
-10.5811
-11.0228
-11.4442
-11.8447
-12.2237
-12.5805
-12.9144
-13.2246
-13.5104
-13.7708
-14.0044
-14.2098
-14.3859
-14.5313
-14.6439
-14.7217
-14.7626
-14.7643
-14.7238
-14.638
-14.5026
-14.3132
-14.0653
-13.7532
-13.3697
-12.9078
-12.3596
-11.7157
-10.9672
-10.1046
-9.11858
-8.00167
-6.74906
-5.35351
-3.80903
-2.11349
-0.274447
1.70704
3.83992
6.1291
8.5813
11.2058
14.012
17.0104
20.215
23.6405
27.3024
31.2183
35.4068
39.8881
44.6836
49.8152
55.3084
61.189
67.4849
74.227
81.4474
89.1826
97.4708
106.355
115.883
126.103
137.075
148.856
161.515
175.122
189.748
205.467
222.346
240.433
259.719
280.152
301.591
323.48
-4.87905
-5.50937
-6.1207
-6.71343
-7.28747
-7.84277
-8.379
-8.89596
-9.39361
-9.87173
-10.3298
-10.7674
-11.1843
-11.5799
-11.9535
-12.3045
-12.6321
-12.9355
-13.2139
-13.4662
-13.6912
-13.8874
-14.0535
-14.1882
-14.2893
-14.3549
-14.3827
-14.3705
-14.3152
-14.2137
-14.0617
-13.855
-13.589
-13.2582
-12.8554
-12.3741
-11.8063
-11.1431
-10.3756
-9.49461
-8.49079
-7.35638
-6.08579
-4.67357
-3.11407
-1.40528
0.447115
2.44282
4.58999
6.8941
9.36204
12.003
14.8266
17.8439
21.0686
24.5152
28.1995
32.139
36.352
40.8589
45.6805
50.839
56.3594
62.2672
68.5901
75.3583
82.6036
90.3616
98.6696
107.57
117.107
127.329
138.291
150.049
162.666
176.206
190.732
206.305
222.981
240.785
259.679
279.575
300.309
321.176
-4.62548
-5.25408
-5.86349
-6.45412
-7.0258
-7.57848
-8.11182
-8.62563
-9.11979
-9.59403
-10.0479
-10.4809
-10.8926
-11.2827
-11.6502
-11.9947
-12.3151
-12.6109
-12.881
-13.1243
-13.3396
-13.5255
-13.6805
-13.8033
-13.8918
-13.9438
-13.9573
-13.9297
-13.8583
-13.7396
-13.5697
-13.3443
-13.0589
-12.708
-12.2849
-11.783
-11.1946
-10.5111
-9.72351
-8.82288
-7.79995
-6.64609
-5.35667
-3.92689
-2.35142
-0.628275
1.23863
3.24977
5.41265
7.7332
10.2185
12.8777
15.7207
18.7587
22.0053
25.4751
29.1837
33.1486
37.3879
41.9217
46.7709
51.9573
57.5054
63.4406
69.7899
76.583
83.8509
91.6281
99.9509
108.86
118.397
128.61
139.547
151.264
163.814
177.257
191.645
207.027
223.44
240.892
259.309
278.561
298.47
-4.34285
-4.96933
-5.57642
-6.16454
-6.73345
-7.28307
-7.81306
-8.32323
-8.81336
-9.28317
-9.73216
-10.1599
-10.5659
-10.9497
-11.3104
-11.6474
-11.96
-12.2471
-12.5079
-12.7412
-12.9458
-13.1201
-13.2629
-13.3725
-13.4469
-13.4841
-13.4818
-13.4375
-13.3484
-13.2112
-13.0219
-12.7765
-12.4704
-12.0982
-11.6535
-11.1299
-10.5197
-9.81454
-9.00564
-8.08406
-7.04001
-5.86527
-4.55613
-3.10775
-1.51525
0.223488
2.1062
4.13412
6.31421
8.6528
11.1571
13.8364
16.7006
19.7612
23.0316
26.5264
30.2611
34.2528
38.5199
43.0818
47.9592
53.1738
58.7495
64.7111
71.0851
77.9002
85.1868
92.9777
101.308
110.216
119.741
129.928
140.822
152.472
164.926
178.234
192.439
207.573
223.657
240.675
258.517
277.018
296.003
-4.02888
-4.65276
-5.25704
-5.84215
-6.40777
-6.9538
-7.4799
-7.98583
-8.47134
-8.93607
-9.37954
-9.80127
-10.2008
-10.5774
-10.9305
-11.2592
-11.5628
-11.8403
-12.0907
-12.3129
-12.5055
-12.6671
-12.7963
-12.8914
-12.9504
-12.9713
-12.9517
-12.8893
-12.7811
-12.6238
-12.4138
-12.1469
-11.8187
-11.4239
-10.9564
-10.4097
-9.77634
-9.04818
-8.21646
-7.272
-6.20472
-5.00809
-3.67811
-2.21004
-0.599342
1.15637
3.05628
5.10238
7.30126
9.6595
12.1846
14.8856
17.7728
20.8577
24.1536
27.6749
31.437
35.4569
39.7524
44.343
49.2486
54.4908
60.0927
66.0785
72.4739
79.3064
86.6052
94.4016
102.729
111.622
121.12
131.26
142.086
153.638
165.959
179.087
193.054
207.875
223.553
240.047
257.208
274.837
292.778
-3.68139
-4.30205
-4.9029
-5.48439
-6.0461
-6.58791
-7.10946
-7.61048
-8.09064
-8.54956
-8.98673
-9.40164
-9.79373
-10.1624
-10.5068
-10.8262
-11.1198
-11.3865
-11.6253
-11.8351
-12.0145
-12.162
-12.2762
-12.3554
-12.3975
-12.4006
-12.3623
-12.2801
-12.1513
-11.9726
-11.7403
-11.4505
-11.0988
-10.68
-10.1881
-9.61684
-8.95881
-8.20599
-7.34969
-6.37989
-5.28799
-4.06828
-2.71624
-1.22733
0.40285
2.17698
4.09556
6.16127
8.38047
10.7599
13.3073
16.0317
18.9434
22.0541
25.3768
28.9257
32.7161
36.7646
41.0888
45.7075
50.6403
55.9082
61.5334
67.5393
73.9506
80.7934
88.0954
95.886
104.196
113.058
122.505
132.574
143.299
154.716
166.858
179.754
193.419
207.854
223.04
238.912
255.283
271.925
288.687
-3.29849
-3.91516
-4.51181
-5.08891
-5.64595
-6.18277
-6.69899
-7.19427
-7.66825
-8.12048
-8.55044
-8.95757
-9.34127
-9.70085
-10.0355
-10.3445
-10.6268
-10.8815
-11.1075
-11.3035
-11.4683
-11.6002
-11.6979
-11.7596
-11.7833
-11.767
-11.7084
-11.6049
-11.4539
-11.2522
-10.9962
-10.6819
-10.3051
-9.86071
-9.34289
-8.74533
-8.06082
-7.28152
-6.39815
-5.40111
-4.28342
-3.03927
-1.66395
-0.152955
1.49803
3.29205
5.23075
7.31745
9.55837
11.9604
14.5314
17.2805
20.218
23.3555
26.7057
30.2827
34.1015
38.1782
42.5301
47.1752
52.1326
57.4226
63.0663
69.086
75.5051
82.3481
89.6407
97.4099
105.684
114.491
123.862
133.826
144.413
155.65
167.56
180.161
193.453
207.42
222.021
237.169
252.641
268.185
283.658
-2.87863
-3.49034
-4.08184
-4.6536
-5.20503
-5.73591
-6.24583
-6.73441
-7.2012
-7.64571
-8.06739
-8.46563
-8.83978
-9.18912
-9.51282
-9.81003
-10.0798
-10.321
-10.5327
-10.7135
-10.862
-10.9769
-11.0565
-11.0991
-11.1027
-11.0654
-10.9848
-10.8584
-10.6836
-10.4572
-10.1757
-9.83535
-9.43178
-8.95999
-8.41438
-7.78865
-7.07576
-6.2676
-5.35475
-4.32922
-3.18439
-1.91446
-0.514609
1.01971
2.69281
4.50814
6.46829
8.57721
10.8411
13.2669
15.8625
18.6371
21.601
24.7655
28.1433
31.748
35.5942
39.6975
44.0746
48.7428
53.7204
59.0266
64.6814
70.7057
77.1212
83.9505
91.2169
98.9446
107.158
115.883
125.144
134.964
145.367
156.371
167.989
180.226
193.067
206.478
220.4
234.72
249.188
263.531
277.618
-2.42091
-3.02641
-3.61154
-4.17679
-4.72143
-5.24523
-5.74768
-6.22836
-6.68676
-7.12233
-7.53447
-7.92252
-8.28579
-8.6235
-8.93479
-9.21876
-9.47442
-9.70069
-9.89642
-10.0603
-10.1911
-10.2871
-10.3469
-10.3686
-10.3504
-10.2903
-10.1859
-10.0348
-9.83442
-9.58157
-9.27288
-8.90458
-8.47236
-7.97131
-7.39594
-6.74009
-5.99657
-5.15695
-4.21306
-3.15771
-1.98437
-0.687378
0.738204
2.29701
3.99344
5.83132
7.81407
9.94615
12.2337
14.6839
17.3046
20.1049
23.095
26.2861
29.6904
33.321
37.1922
41.3189
45.7168
50.4026
55.3935
60.7073
66.3627
72.3788
78.7755
85.5728
92.7915
100.452
108.576
117.183
126.294
135.925
146.091
156.802
168.061
179.858
192.166
204.932
218.078
231.474
244.845
257.905
270.54
-1.92514
-2.52286
-3.10009
-3.65734
-4.19375
-4.70901
-5.20256
-5.6739
-6.12245
-6.5476
-6.94871
-7.32505
-7.67586
-8.00034
-8.29758
-8.56664
-8.80648
-9.016
-9.19401
-9.33923
-9.45025
-9.52558
-9.56363
-9.56265
-9.52075
-9.4359
-9.30588
-9.12826
-8.90036
-8.61917
-8.28133
-7.88309
-7.42024
-6.88795
-6.28078
-5.59255
-4.8159
-3.94304
-2.96682
-1.8803
-0.67723
0.64798
2.10037
3.68466
5.40541
7.2668
9.2729
11.4286
13.7402
16.2147
18.8601
21.6854
24.7005
27.9163
31.3445
34.9978
38.8897
43.0343
47.4465
52.1417
57.1358
62.4453
68.0871
74.0782
80.4361
87.1782
94.3221
101.885
109.883
118.332
127.245
136.634
146.505
156.858
167.684
178.963
190.653
202.687
214.97
227.353
239.552
251.278
262.428
-1.39228
-1.98018
-2.54756
-3.09495
-3.62129
-4.12623
-4.6091
-5.06933
-5.50626
-5.91921
-6.30747
-6.67026
-7.00678
-7.31614
-7.59742
-7.84961
-8.07166
-8.26244
-8.42072
-8.54519
-8.63447
-8.68705
-8.70133
-8.67557
-8.60792
-8.49635
-8.33867
-8.13245
-7.87505
-7.56348
-7.19445
-6.76428
-6.26879
-5.70312
-5.06201
-4.33909
-3.52737
-2.62001
-1.6102
-0.491402
0.742417
2.09678
3.57678
5.18727
6.93294
8.81831
10.848
13.0272
15.3622
17.8602
20.5289
23.3771
26.4145
29.6515
33.0993
36.7699
40.6759
44.8304
49.2471
53.9402
58.924
64.2133
69.8228
75.7672
82.0614
88.7197
95.7561
103.184
111.014
119.258
127.922
137.01
146.521
156.446
166.766
177.449
188.441
199.662
211.005
222.304
233.284
243.664
253.268
-0.824453
-1.40004
-1.95509
-2.49021
-3.00421
-3.49658
-3.96657
-4.4135
-4.83663
-5.23521
-5.60845
-5.95551
-6.27552
-6.56755
-6.83062
-7.0637
-7.2657
-7.43545
-7.57171
-7.67318
-7.73844
-7.766
-7.75428
-7.70154
-7.60595
-7.46548
-7.27798
-7.04104
-6.75206
-6.40809
-6.00584
-5.54162
-5.01134
-4.41038
-3.73322
-2.97378
-2.12577
-1.1828
-0.138452
1.01344
2.2787
3.66277
5.17079
6.80768
8.5783
10.4874
12.5401
14.7417
17.0986
19.6177
22.3069
25.1744
28.2296
31.4823
34.943
38.6228
42.5333
46.6865
51.0947
55.7704
60.7262
65.9748
71.5286
77.3997
83.5999
90.1402
97.0306
104.28
111.895
119.881
128.239
136.965
146.05
155.478
165.219
175.232
185.454
195.795
206.137
216.306
226.051
235.092
243.076
249.223
252.91
253.781
-0.225423
-0.785499
-1.3252
-1.84506
-2.34375
-2.82075
-3.27511
-3.70603
-4.1127
-4.49425
-4.84982
-5.17851
-5.47938
-5.75145
-5.9937
-6.20505
-6.38438
-6.53052
-6.6422
-6.71811
-6.75686
-6.75696
-6.71682
-6.63473
-6.50887
-6.33725
-6.11776
-5.848
-5.52535
-5.14686
-4.70925
-4.20913
-3.64235
-3.00419
-2.28935
-1.49226
-0.607076
0.372216
1.45161
2.63694
3.93382
5.34759
6.88338
8.54618
10.341
12.2727
14.3466
16.5683
18.944
21.4806
24.1855
27.0667
30.1329
33.3932
36.8573
40.5352
44.4373
48.5743
52.9567
57.5954
62.501
67.6836
73.1532
78.9191
84.9897
91.3726
98.0737
105.097
112.446
120.118
128.11
136.411
145.005
153.869
162.965
172.245
181.637
191.047
200.351
209.372
217.875
225.591
232.149
236.894
239.221
239.017
0.399267
-0.141245
-0.661705
-1.16265
-1.64246
-2.10049
-2.53578
-2.94737
-3.33427
-3.69556
-4.03027
-4.33743
-4.61602
-4.86504
-5.08339
-5.26999
-5.42369
-5.54329
-5.62753
-5.67511
-5.68462
-5.65461
-5.58349
-5.46962
-5.31118
-5.10617
-4.85249
-4.5477
-4.18922
-3.77442
-3.29997
-2.76234
-2.1575
-1.48077
-0.727363
0.10797
1.03072
2.04646
3.16079
4.37926
5.70722
7.14988
8.71232
10.3996
12.2166
14.1685
16.2606
18.4984
20.8882
23.4364
26.1501
29.0368
32.1044
35.3612
38.8159
42.4772
46.3542
50.4559
54.7912
59.3688
64.197
69.2836
74.6358
80.2597
86.1606
92.3423
98.8068
105.554
112.582
119.884
127.451
135.267
143.311
151.551
159.947
168.443
176.964
185.414
193.666
201.549
208.841
215.281
220.527
224.02
225.171
223.993
1.04215
0.526206
0.0298091
-0.447568
-0.904067
-1.33887
-1.75076
-2.13883
-2.50199
-2.8391
-3.1491
-3.43096
-3.68359
-3.90593
-4.09687
-4.25527
-4.37999
-4.46981
-4.52348
-4.53971
-4.51712
-4.45429
-4.34965
-4.20153
-4.00812
-3.76734
-3.47734
-3.13586
-2.74017
-2.28761
-1.775
-1.19861
-0.554673
0.161114
0.953336
1.82688
2.78683
3.83836
4.98671
6.23708
7.59459
9.06426
10.6511
12.3599
14.1958
16.1638
18.2692
20.5173
22.9142
25.4658
28.1788
31.0599
34.1162
37.355
40.7838
44.4101
48.2411
52.2843
56.5466
61.0345
65.7539
70.7101
75.9073
81.3488
87.0364
92.9705
99.1493
105.569
112.223
119.101
126.188
133.466
140.908
148.478
156.133
163.813
171.444
178.927
186.138
192.917
199.055
204.31
208.363
210.728
210.907
208.904
1.69422
1.2089
0.742404
0.294253
-0.133442
-0.539747
-0.923284
-1.28285
-1.61729
-1.92551
-2.2063
-2.45844
-2.68083
-2.87237
-3.03189
-3.15827
-3.25032
-3.30687
-3.32669
-3.30848
-3.25087
-3.15244
-3.01158
-2.82671
-2.59626
-2.31817
-1.99044
-1.61092
-1.17688
-0.685504
-0.133726
0.481855
1.16495
1.91959
2.75005
3.66084
4.65667
5.74232
6.92265
8.20252
9.58675
11.0801
12.6875
14.4135
16.2631
18.2411
20.3527
22.6029
24.9972
27.5413
30.241
33.1023
36.1312
39.334
42.7167
46.2853
50.0457
54.0031
58.1625
62.5282
67.1037
71.8917
76.8936
82.1099
87.5393
93.179
99.0239
105.067
111.298
117.703
124.266
130.962
137.763
144.632
151.523
158.376
165.116
171.649
177.857
183.588
188.653
192.829
195.823
197.228
196.654
193.999
2.34583
1.89818
1.46843
1.05614
0.663687
0.292153
-0.0569293
-0.382265
-0.682486
-0.95628
-1.20247
-1.41992
-1.60732
-1.76343
-1.88716
-1.97738
-2.03293
-2.05259
-2.03515
-1.9793
-1.88362
-1.74698
-1.56789
-1.34463
-1.07565
-0.759007
-0.392519
0.026065
0.499253
1.02976
1.62058
2.27496
2.99639
3.78863
4.65564
5.60157
6.63073
7.74751
8.95638
10.2618
11.6684
13.1805
14.8026
16.5394
18.3953
20.375
22.4831
24.7244
27.1039
29.6264
32.2971
35.1209
38.1029
41.2479
44.5608
48.0458
51.707
55.548
59.5715
63.7798
68.1739
72.7543
77.5198
82.4682
87.5956
92.8966
98.3635
103.986
109.753
115.647
121.649
127.735
133.873
140.027
146.15
152.183
158.056
163.677
168.936
173.694
177.782
180.992
183.056
183.646
182.443
179.083
172.713
163.542
150.606
134.141
2.98918
2.58677
2.20125
1.83219
1.48217
1.15239
0.844544
0.560053
0.300371
0.0668673
-0.139104
-0.316215
-0.463281
-0.579183
-0.662702
-0.712526
-0.72754
-0.706593
-0.648552
-0.552311
-0.41647
-0.239792
-0.0208881
0.241995
0.55059
0.906784
1.31262
1.77034
2.28238
2.85137
3.48014
4.17177
4.92951
5.75683
6.65736
7.63489
8.69333
9.83665
11.0689
12.3942
13.8167
15.3404
16.9695
18.7082
20.5606
22.5309
24.6232
26.8419
29.1911
31.675
34.2978
37.0634
39.9757
43.0383
46.2545
49.627
53.1583
56.85
60.703
64.7175
68.8926
73.2264
77.7158
82.3565
87.1423
92.0659
97.1178
102.286
107.558
112.914
118.336
123.797
129.267
134.71
140.08
145.321
150.366
155.131
159.515
163.388
166.602
168.966
170.245
170.165
168.439
164.704
158.464
149.634
137.558
122.455
3.62253
3.27259
2.93864
2.62016
2.31987
2.03901
1.77938
1.54247
1.32984
1.14291
0.983065
0.85164
0.749914
0.679145
0.640564
0.635274
0.664239
0.728618
0.829641
0.968315
1.14594
1.36396
1.62385
1.92723
2.27579
2.67142
3.11612
3.61205
4.16156
4.76715
5.43148
6.15742
6.94797
7.80629
8.73569
9.73956
10.8214
11.9848
13.2333
14.5707
16.0005
17.5264
19.1522
20.8814
22.7178
24.665
26.7265
28.9059
31.2067
33.6321
36.1853
38.8694
41.6869
44.6401
47.7309
50.9607
54.3301
57.8393
61.4875
65.2731
69.1936
73.2452
77.4234
81.7221
86.1339
90.6501
95.2601
99.9514
104.709
109.516
114.352
119.191
124.005
128.757
133.406
137.898
142.171
146.149
149.737
152.824
155.271
156.908
157.532
156.909
154.783
150.839
144.742
136.313
125.094
111.285
4.25589
3.96402
3.68754
3.42579
3.18146
2.9558
2.75057
2.5673
2.40753
2.27272
2.16427
2.08352
2.03178
2.01028
2.02011
2.06227
2.13777
2.24764
2.39309
2.57532
2.79567
3.05566
3.35667
3.70022
4.08801
4.52182
5.00359
5.53542
6.11953
6.75828
7.45415
8.20977
9.02788
9.91132
10.863
11.8861
12.9834
14.1583
15.4138
16.7531
18.1793
19.6956
21.3052
23.0111
24.8165
26.7242
28.7372
30.8584
33.0902
35.4352
37.8956
40.4731
43.1694
45.9854
48.9219
51.9789
55.1558
58.4511
61.863
65.3883
69.0233
72.7631
76.602
80.5329
84.5479
88.6373
92.7904
96.9946
101.235
105.495
109.754
113.989
118.172
122.269
126.242
130.04
133.608
136.876
139.757
142.155
143.942
144.968
145.059
144.015
141.613
137.593
131.697
123.742
113.378
100.792
4.91645
4.68524
4.46934
4.26776
4.08314
3.91657
3.76974
3.64406
3.54103
3.46204
3.40843
3.38156
3.38272
3.41292
3.47298
3.56386
3.6867
3.84269
4.03303
4.25895
4.52176
4.82276
5.16338
5.5451
5.96954
6.43855
6.95398
7.51773
8.13188
8.79861
9.52018
10.299
11.1374
12.0381
13.0035
14.0363
15.1391
16.3146
17.5654
18.8941
20.3035
21.796
23.3742
25.0407
26.7978
28.6479
30.593
32.6353
34.7765
37.0181
39.3614
41.8073
44.3564
47.0086
49.7636
52.6204
55.5771
58.6316
61.7807
65.0205
68.3465
71.753
75.2338
78.7815
82.3878
86.0432
89.7371
93.4573
97.1897
100.918
104.624
108.285
111.875
115.364
118.714
121.883
124.818
127.453
129.72
131.523
132.751
133.274
132.943
131.585
129.008
125.001
119.353
111.902
102.373
90.94
5.648
5.4764
5.3205
5.17885
5.05402
4.94684
4.85886
4.79133
4.74559
4.72291
4.72454
4.75179
4.80574
4.88704
4.99654
5.13536
5.30462
5.50543
5.73894
6.00633
6.30884
6.6478
7.02456
7.44058
7.89745
8.39676
8.94024
9.52969
10.167
10.8542
11.5934
12.3866
13.2359
14.1437
15.112
16.143
17.239
18.4021
19.6345
20.9383
22.3155
23.7682
25.2983
26.9076
28.5979
30.3709
32.2278
34.1701
36.1987
38.3144
40.5177
42.8087
45.1869
47.6518
50.202
52.8357
55.5505
58.3433
61.2106
64.1479
67.1502
70.2118
73.3262
76.4861
79.6836
82.9096
86.1541
89.4055
92.6508
95.8751
99.061
102.188
105.233
108.166
110.956
113.562
115.935
118.025
119.76
121.058
121.822
121.942
121.285
119.706
117.042
113.118
107.758
100.831
92.1117
81.7629
6.50186
6.38556
6.28554
6.19985
6.13099
6.07953
6.04683
6.03395
6.04204
6.07219
6.12554
6.20326
6.30613
6.43471
6.58987
6.77269
6.98418
7.22541
7.49746
7.80143
8.13849
8.50985
8.91677
9.36062
9.84281
10.3649
10.9284
11.535
12.1864
12.8845
13.6309
14.4275
15.2762
16.1788
17.137
18.1528
19.2278
20.3637
21.5622
22.8249
24.1533
25.5489
27.0129
28.5466
30.1512
31.8276
33.5767
35.3989
37.2948
39.2644
41.3075
43.4236
45.6118
47.8707
50.1984
52.5928
55.051
57.5695
60.1444
62.7713
65.4452
68.1603
70.9105
73.6891
76.4884
79.3003
82.1154
84.9232
87.7119
90.4678
93.1748
95.8144
98.3647
100.8
103.092
105.202
107.091
108.708
109.992
110.869
111.258
111.059
110.162
108.441
105.759
101.969
96.9288
90.5283
82.5858
73.2504
7.51583
7.44884
7.39847
7.36237
7.34296
7.34059
7.35646
7.39143
7.44648
7.52253
7.62056
7.74158
7.88621
8.05493
8.24858
8.4681
8.71442
8.98849
9.29129
9.62382
9.98714
10.3823
10.8106
11.273
11.771
12.3059
12.879
13.4918
14.1459
14.8427
15.5839
16.3708
17.2052
18.0884
19.0219
20.0072
21.0455
22.1381
23.2862
24.491
25.7534
27.0743
28.4546
29.895
31.396
32.9581
34.5816
36.2665
38.0127
39.8198
41.6871
43.6137
45.5982
47.639
49.7338
51.8802
54.0752
56.3152
58.5963
60.9143
63.2643
65.6411
68.039
70.4519
72.8729
75.2946
77.7086
80.1055
82.4744
84.803
87.0767
89.2784
91.3889
93.3855
95.2398
96.9218
98.3947
99.611
100.517
101.052
101.141
100.7
99.6338
97.8357
95.1905
91.5756
86.8728
80.9935
73.7905
65.3978
8.72529
8.68969
8.66824
8.66012
8.66724
8.68994
8.72916
8.78566
8.86027
8.95378
9.067
9.20077
9.35593
9.53302
9.7325
9.9551
10.2016
10.4729
10.7698
11.0931
11.4437
11.8226
12.2307
12.6689
13.1384
13.6403
14.1756
14.7457
15.3517
15.995
16.6768
17.3984
18.1611
18.9662
19.8147
20.7079
21.6468
22.6323
23.6653
24.7467
25.877
27.057
28.2871
29.5676
30.8988
32.2809
33.714
35.1977
36.7319
38.316
39.9494
41.6309
43.3595
45.1335
46.9511
48.8099
50.7075
52.6408
54.6064
56.6007
58.6196
60.6588
62.7135
64.7788
66.8491
68.9185
70.9802
73.027
75.0502
77.0401
78.9854
80.8729
82.6877
84.4125
86.0255
87.5039
88.8206
89.9395
90.8207
91.4178
91.6761
91.5326
90.9143
89.7393
87.9172
85.3513
81.939
77.5833
72.2122
65.7074
58.188
9.9743
9.97778
9.99628
10.0267
10.0705
10.1288
10.2025
10.2921
10.3985
10.5222
10.664
10.8245
11.0046
11.2045
11.4248
11.6662
11.9294
12.215
12.5238
12.8564
13.2138
13.5965
14.0055
14.4416
14.9056
15.3985
15.9213
16.4749
17.0604
17.6788
18.3313
19.0189
19.7425
20.5032
21.3019
22.1395
23.0166
23.934
24.8922
25.8918
26.933
28.0162
29.1415
30.309
31.5186
32.7701
34.0633
35.3978
36.7729
38.188
39.642
41.134
42.6624
44.2257
45.8219
47.4487
49.1037
50.784
52.4866
54.2079
55.9445
57.6924
59.4476
61.2056
62.9618
64.7108
66.4468
68.1631
69.8522
71.5052
73.1118
74.6606
76.1384
77.5281
78.8127
79.972
80.9783
81.8017
82.4076
82.7551
82.797
82.4784
81.7369
80.5024
78.6983
76.2435
73.0525
69.0455
64.1645
58.3146
51.6006
11.2536
11.2924
11.3438
11.4067
11.483
11.5722
11.6743
11.7906
11.9219
12.0687
12.2317
12.4112
12.6079
12.8221
13.0545
13.3055
13.5758
13.866
14.1767
14.5085
14.8619
15.2378
15.6366
16.0592
16.5061
16.9783
17.4764
18.0014
18.5539
19.1349
19.7453
20.3858
21.0574
21.7607
22.4964
23.2653
24.0678
24.9044
25.7755
26.6813
27.622
28.5976
29.6081
30.6534
31.7331
32.847
33.9945
35.1751
36.3881
37.6326
38.9076
40.2118
41.5439
42.9022
44.2849
45.6897
47.1142
48.556
50.0122
51.4798
52.9556
54.4364
55.9186
57.3984
58.8718
60.3341
61.7801
63.204
64.5988
65.9566
67.2685
68.5245
69.7109
70.8156
71.823
72.7118
73.4597
74.0404
74.4238
74.5742
74.4505
74.0057
73.186
71.9319
70.1786
67.858
64.8991
61.2362
56.823
51.5837
45.6097
12.453
12.5209
12.6006
12.6909
12.7924
12.9052
13.0305
13.1686
13.3188
13.482
13.6592
13.8508
14.057
14.2785
14.5156
14.7688
15.0386
15.3255
15.63
15.9526
16.2938
16.6541
17.0341
17.4343
17.8553
18.2977
18.7621
19.2491
19.7595
20.2939
20.8529
21.4372
22.0475
22.6843
23.3482
24.0396
24.759
25.5067
26.2828
27.0877
27.9212
28.7834
29.6741
30.5931
31.5399
32.5142
33.5154
34.5429
35.596
36.6736
37.7749
38.8985
40.0431
41.207
42.3886
43.5857
44.7963
46.018
47.2483
48.4847
49.7245
50.9649
52.2028
53.4351
54.6581
55.8678
57.0597
58.2283
59.3675
60.4704
61.5294
62.5337
63.4744
64.3398
65.1131
65.7776
66.3137
66.6985
66.9055
66.9039
66.6583
66.1279
65.2671
64.025
62.3472
60.1765
57.4543
54.1264
50.1559
45.483
40.1865
13.4613
13.5517
13.6522
13.7623
13.8825
14.013
14.1541
14.3055
14.468
14.6422
14.828
15.0254
15.235
15.4576
15.6933
15.9427
16.206
16.4836
16.776
17.0835
17.4065
17.7455
18.1009
18.473
18.8625
19.2696
19.6949
20.1389
20.6021
21.085
21.5881
22.1119
22.6568
23.2233
23.8119
24.4228
25.0563
25.7128
26.3923
27.095
27.8207
28.5696
29.3412
30.1355
30.9521
31.7905
32.6501
33.5305
34.4307
35.35
36.2874
37.2417
38.2115
39.1955
40.1919
41.1989
42.2148
43.2373
44.2644
45.294
46.3238
47.3514
48.3742
49.3895
50.3941
51.3845
52.3565
53.3053
54.2254
55.1113
55.9545
56.748
57.4837
58.148
58.7282
59.2096
59.575
59.8045
59.8751
59.7601
59.4289
58.8467
57.9744
56.769
55.1848
53.1739
50.6878
47.6821
44.1277
39.9775
35.299
14.1811
14.2869
14.4013
14.5241
14.6556
14.796
14.9454
15.1042
15.2725
15.4504
15.6378
15.8354
16.0435
16.2622
16.4914
16.7318
16.9838
17.2476
17.5235
17.8119
18.113
18.4272
18.7549
19.0962
19.4516
19.8213
20.2058
20.6054
21.0205
21.4514
21.8984
22.362
22.8424
23.34
23.855
24.3878
24.9384
25.5072
26.0941
26.6992
27.3224
27.9638
28.6231
29.3001
29.9945
30.7059
31.4338
32.1776
32.9368
33.7104
34.4975
35.2973
36.1083
36.9293
37.7589
38.5955
39.4374
40.283
41.1305
41.9782
42.824
43.6661
44.5022
45.33
46.1466
46.9489
47.733
48.4947
49.2296
49.9322
50.5949
51.2144
51.7786
52.278
52.7013
53.0356
53.266
53.3752
53.3434
53.1473
52.7608
52.154
51.2938
50.1439
48.6657
46.8195
44.5652
41.8663
38.7004
35.0303
30.9138
14.5512
14.6654
14.7869
14.9155
15.0516
15.1952
15.3465
15.5057
15.6729
15.8482
16.0318
16.224
16.4248
16.6342
16.8525
17.0801
17.3173
17.5639
17.8204
18.0871
18.3642
18.652
18.9507
19.2605
19.5817
19.9145
20.2592
20.6158
20.9848
21.3663
21.7605
22.1677
22.5881
23.0219
23.4692
23.9302
24.4051
24.8938
25.3965
25.9132
26.4437
26.9881
27.5461
28.1176
28.7022
29.2997
29.9096
30.5314
31.1645
31.8083
32.4619
33.1244
33.7947
34.4718
35.1545
35.8413
36.5311
37.2224
37.9139
38.604
39.2912
39.9739
40.6502
41.3179
41.9746
42.6173
43.2428
43.8475
44.4273
44.9758
45.4919
45.9664
46.3908
46.7567
47.0545
47.2729
47.399
47.4177
47.3119
47.0616
46.6444
46.0348
45.2049
44.1239
42.7595
41.0789
39.0489
36.6398
33.8343
30.6035
26.9963
14.551
14.6674
14.7898
14.9182
15.053
15.1941
15.3416
15.4958
15.6567
15.8244
15.9991
16.181
16.37
16.5665
16.7705
16.9822
17.2016
17.4288
17.6643
17.9082
18.1605
18.4216
18.6916
18.9707
19.259
19.5568
19.864
20.1809
20.5076
20.8442
21.1907
21.5474
21.9143
22.2914
22.6789
23.0768
23.4851
23.9039
24.3332
24.7728
25.2227
25.6828
26.153
26.633
27.1226
27.6214
28.1292
28.6454
29.1696
29.701
30.2391
30.7831
31.332
31.885
32.4411
32.9993
33.5586
34.118
34.6763
35.2324
35.785
36.3328
36.874
37.4069
37.9292
38.4383
38.9315
39.4053
39.8562
40.2805
40.6751
41.0316
41.3434
41.6031
41.8023
41.9312
41.9785
41.9314
41.775
41.4923
41.064
40.4686
39.6823
38.6794
37.4329
35.9155
34.1001
31.9624
29.4894
26.6587
23.5113
14.2028
14.3163
14.4348
14.5585
14.6874
14.8216
14.9613
15.1065
15.2574
15.414
15.5765
15.745
15.9197
16.1005
16.2877
16.4813
16.6816
16.8885
17.1024
17.3232
17.551
17.786
18.0285
18.2785
18.536
18.8013
19.0744
19.3553
19.644
19.9406
20.245
20.5574
20.8776
21.2057
21.5417
21.8855
22.237
22.5963
22.9631
23.3375
23.7193
24.1082
24.5043
24.9072
25.3166
25.7323
26.1539
26.5811
27.0132
27.4499
27.8904
28.3343
28.7807
29.229
29.6785
30.1285
30.5782
31.0268
31.4736
31.9176
32.3578
32.7931
33.2219
33.6427
34.0535
34.4522
34.8363
35.2026
35.5482
35.8711
36.1671
36.4292
36.6517
36.8282
36.9514
37.0128
37.0027
36.91
36.7219
36.424
35.9998
35.4311
34.6979
33.7786
32.6507
31.2916
29.6793
27.7939
25.626
23.1579
20.4243
13.5605
13.6678
13.7793
13.8951
14.0153
14.1399
14.2692
14.4031
14.5418
14.6855
14.8341
14.9878
15.1467
15.3109
15.4805
15.6556
15.8364
16.0229
16.2153
16.4136
16.6179
16.8284
17.045
17.2679
17.4972
17.7329
17.9751
18.2236
18.4786
18.7399
19.0075
19.2813
19.5612
19.8473
20.1392
20.437
20.7406
21.0497
21.3643
21.6841
22.009
22.3388
22.6732
23.012
23.355
23.7017
24.0518
24.405
24.7607
25.1186
25.4781
25.8389
26.2002
26.5618
26.9231
27.2836
27.6428
28.0002
28.3552
28.7071
29.0549
29.3977
29.7344
30.0633
30.383
30.6916
30.9869
31.2663
31.5269
31.7681
31.9853
32.1728
32.3254
32.4378
32.5035
32.5153
32.4649
32.3427
32.1379
31.838
31.4292
30.8961
30.2219
29.3885
28.3773
27.1695
25.7474
24.095
22.2052
20.0644
17.7014
12.6985
12.7978
12.9007
13.0071
13.1172
13.2311
13.3489
13.4707
13.5965
13.7266
13.8609
13.9995
14.1427
14.2904
14.4428
14.5999
14.7619
14.9288
15.1008
15.2779
15.4602
15.6477
15.8405
16.0387
16.2422
16.4512
16.6656
16.8853
17.1103
17.3404
17.5757
17.8159
18.0609
18.3106
18.5649
18.8235
19.0863
19.3531
19.6237
19.8978
20.1752
20.4557
20.7389
21.0246
21.3124
21.602
21.8929
22.185
22.4776
22.7706
23.0634
23.3558
23.6474
23.938
24.2272
24.5148
24.8005
25.0838
25.3643
25.6415
25.9145
26.1825
26.4445
26.6994
26.9455
27.1816
27.4057
27.6155
27.8086
27.9847
28.1397
28.269
28.3679
28.4318
28.4551
28.4318
28.3546
28.2155
28.0052
27.7131
27.3277
26.8358
26.2235
25.4758
24.577
23.512
22.2664
20.8272
19.1897
17.3426
15.3099
11.6922
11.7829
11.8767
11.9735
12.0734
12.1766
12.283
12.3928
12.5062
12.6231
12.7437
12.8681
12.9964
13.1286
13.2648
13.4052
13.5498
13.6986
13.8518
14.0095
14.1716
14.3382
14.5095
14.6853
14.8657
15.0507
15.2403
15.4343
15.6327
15.8354
16.0422
16.253
16.4676
16.6858
16.9074
17.1323
17.3602
17.5909
17.824
18.0594
18.2967
18.5357
18.7759
19.017
19.2588
19.5007
19.7425
19.9837
20.2242
20.4636
20.7016
20.9381
21.1729
21.4058
21.6368
21.8657
22.0922
22.316
22.5369
22.7542
22.9673
23.1755
23.378
23.5736
23.7613
23.9398
24.1075
24.2625
24.4027
24.5278
24.6345
24.7191
24.7773
24.8053
24.7983
24.7511
24.6577
24.5111
24.3035
24.0261
23.669
23.2214
22.6716
22.0071
21.215
20.2829
19.1992
17.9534
16.5433
14.9586
13.2183
10.6133
10.6958
10.781
10.8687
10.959
11.0521
11.1481
11.2469
11.3488
11.4537
11.5618
11.6732
11.7879
11.9061
12.0277
12.153
12.2818
12.4144
12.5508
12.691
12.8351
12.9831
13.1351
13.2909
13.4507
13.6144
13.7819
13.9531
14.1279
14.3063
14.4879
14.6728
14.8606
15.0512
15.2444
15.4399
15.6375
15.8369
16.0378
16.2398
16.4427
16.6461
16.8496
17.0528
17.2553
17.4569
17.6572
17.8559
18.0528
18.2477
18.4406
18.6313
18.8199
19.0062
19.1904
19.3721
19.5513
19.7278
19.9011
20.0708
20.2364
20.3972
20.5526
20.7016
20.8432
20.9765
21.1002
21.2126
21.3119
21.3976
21.4674
21.5183
21.5464
21.5485
21.5206
21.4583
21.3565
21.2093
21.0102
20.7519
20.426
20.0235
19.5347
18.9493
18.2568
17.4469
16.5104
15.4389
14.2314
12.8801
11.3979
9.51548
9.59061
9.66805
9.74759
9.82945
9.91364
10.0003
10.0894
10.1812
10.2756
10.3728
10.4728
10.5757
10.6816
10.7905
10.9025
11.0177
11.1361
11.2578
11.3827
11.511
11.6427
11.7776
11.9159
12.0575
12.2024
12.3504
12.5015
12.6555
12.8124
12.9719
13.134
13.2983
13.4647
13.6329
13.8027
13.9738
14.1459
14.3186
14.4916
14.6645
14.837
15.0086
15.179
15.3478
15.5148
15.6798
15.8425
16.0028
16.1608
16.3165
16.4698
16.6209
16.7697
16.9162
17.0603
17.2019
17.3406
17.4763
17.6084
17.7365
17.8601
17.9785
18.091
18.1968
18.295
18.3846
18.4644
18.5327
18.5885
18.6307
18.6568
18.6631
18.6472
18.6057
18.5348
18.4304
18.2876
18.1008
17.8639
17.5702
17.212
16.7815
16.27
15.6689
14.9701
14.1661
13.25
12.2219
11.0758
9.82049
8.44691
8.51577
8.58663
8.65929
8.73394
8.8106
8.88937
8.97031
9.05349
9.13897
9.22683
9.31712
9.40992
9.50527
9.60323
9.70386
9.80719
9.91327
10.0221
10.1338
10.2483
10.3655
10.4856
10.6085
10.7341
10.8623
10.9932
11.1265
11.2622
11.4002
11.5402
11.6821
11.8256
11.9706
12.1168
12.2638
12.4115
12.5594
12.7071
12.8544
13.0008
13.1459
13.2893
13.4309
13.5703
13.7073
13.8419
13.974
14.1036
14.2309
14.3559
14.4786
14.5993
14.7178
14.8341
14.9481
15.0596
15.1684
15.2742
15.3766
15.4752
15.5695
15.659
15.7432
15.8213
15.8926
15.9562
16.0112
16.0562
16.0898
16.112
16.12
16.1112
16.0833
16.0337
15.9593
15.8564
15.7211
15.5488
15.3345
15.0725
14.7567
14.3805
13.9369
13.4188
12.8198
12.1337
11.3552
10.4848
9.51766
8.45973
7.42965
7.49334
7.55878
7.62577
7.69449
7.76495
7.83724
7.9114
7.98749
8.06557
8.1457
8.22792
8.31228
8.39884
8.48763
8.57868
8.67203
8.7677
8.8657
8.96605
9.06875
9.17378
9.28111
9.39071
9.50253
9.61649
9.73252
9.85051
9.97032
10.0918
10.2148
10.3392
10.4646
10.5908
10.7176
10.8446
10.9715
11.0978
11.2233
11.3475
11.4701
11.5908
11.7093
11.8255
11.9392
12.0504
12.1592
12.2656
12.3697
12.4718
12.5718
12.6699
12.7661
12.8603
12.9525
13.0426
13.1302
13.2153
13.2975
13.3765
13.4519
13.5235
13.5907
13.653
13.7099
13.7608
13.8048
13.8412
13.8689
13.8867
13.8944
13.8898
13.871
13.8359
13.7823
13.7078
13.6093
13.4836
13.3269
13.1351
12.9036
12.6273
12.3008
11.9186
11.475
10.9645
10.3824
9.72471
8.99173
8.17963
7.2923
6.49541
6.55499
6.61609
6.67853
6.74245
6.80789
6.87489
6.9435
7.01377
7.08574
7.15946
7.23495
7.31227
7.39144
7.47248
7.55542
7.64028
7.72706
7.81578
7.90642
7.99897
8.09342
8.18973
8.28785
8.38772
8.48927
8.5924
8.69701
8.80294
8.91002
9.01807
9.12684
9.23606
9.34544
9.45464
9.56331
9.67109
9.77762
9.88256
9.98561
10.0865
10.1852
10.2814
10.3752
10.4666
10.5558
10.6429
10.7279
10.8112
10.8927
10.9725
11.0507
11.1272
11.202
11.2749
11.3457
11.4143
11.4805
11.5441
11.6047
11.6621
11.7159
11.7659
11.8114
11.8522
11.8875
11.9169
11.9396
11.9547
11.9612
11.9588
11.9459
11.9208
11.8819
11.8273
11.7551
11.6628
11.5477
11.4068
11.2367
11.0337
10.7936
10.5122
10.1848
9.80696
9.37431
8.88307
8.33029
7.71594
7.03665
6.29563
5.63566
5.69204
5.74977
5.80868
5.8689
5.93044
5.99335
6.05765
6.12339
6.19058
6.25927
6.32948
6.40122
6.47452
6.54938
6.62583
6.70387
6.78349
6.86469
6.94746
7.03177
7.1176
7.2049
7.29361
7.38366
7.47494
7.56734
7.66069
7.75482
7.84949
7.94446
8.03945
8.13413
8.22817
8.32124
8.413
8.50315
8.59143
8.67762
8.76159
8.84326
8.92265
8.99982
9.07488
9.148
9.21933
9.28901
9.35719
9.42394
9.4893
9.55328
9.61583
9.67688
9.73631
9.79399
9.84979
9.90354
9.95506
10.0041
10.0506
10.0941
10.1344
10.1712
10.2042
10.2328
10.2567
10.2753
10.288
10.2942
10.2929
10.2838
10.2657
10.2372
10.197
10.1436
10.0753
9.99021
9.88611
9.76056
9.61083
9.4339
9.22648
8.98506
8.70601
8.3857
8.02066
7.60791
7.14535
6.63254
6.0663
5.44967
4.8832
4.93729
4.99253
5.0488
5.10619
5.16471
5.2244
5.28526
5.34734
5.41065
5.4752
5.54102
5.60812
5.67651
5.74619
5.81717
5.88946
5.96303
6.03788
6.11399
6.1913
6.26976
6.34931
6.42984
6.51123
6.59332
6.67592
6.75883
6.84178
6.92451
7.00671
7.08809
7.16833
7.24716
7.32433
7.39961
7.47287
7.54401
7.61302
7.67993
7.74485
7.80791
7.86926
7.92907
7.98749
8.04464
8.10061
8.15544
8.20916
8.26172
8.31308
8.36315
8.41185
8.45907
8.50469
8.54858
8.5906
8.6306
8.6684
8.7038
8.73659
8.76652
8.79331
8.81665
8.83619
8.85154
8.86226
8.86786
8.86776
8.86128
8.84794
8.82687
8.79693
8.75709
8.70611
8.64265
8.56513
8.47181
8.36071
8.22965
8.07619
7.89772
7.69142
7.45441
7.1838
6.87681
6.53115
6.14532
5.71857
5.24793
4.73619
4.19412
4.2465
4.29993
4.35433
4.40975
4.46619
4.52369
4.58224
4.64187
4.70259
4.76441
4.82733
4.89136
4.95651
5.02276
5.09011
5.15852
5.22797
5.29839
5.36972
5.44187
5.51471
5.5881
5.66188
5.73584
5.80976
5.88339
5.95647
6.02874
6.09993
6.16979
6.2381
6.30468
6.3694
6.43217
6.49297
6.55185
6.60888
6.66418
6.71791
6.77022
6.82126
6.87116
6.92003
6.96795
7.01494
7.06102
7.10615
7.1503
7.1934
7.23538
7.27617
7.31566
7.35377
7.3904
7.42543
7.45874
7.4902
7.51964
7.54691
7.5718
7.5941
7.61358
7.62997
7.64298
7.65228
7.6575
7.65823
7.65399
7.64424
7.62852
7.60615
7.57621
7.53786
7.49013
7.43191
7.36194
7.27883
7.181
7.0667
6.934
6.78081
6.60491
6.40401
6.17583
5.91813
5.62927
5.30797
4.95319
4.56253
4.1385
3.57803
3.62873
3.68039
3.73287
3.78622
3.84046
3.89558
3.95162
4.00857
4.06646
4.12528
4.18504
4.24572
4.30731
4.36977
4.43306
4.49713
4.56188
4.62723
4.69304
4.75917
4.82546
4.89172
4.95773
5.02329
5.08817
5.15215
5.215
5.27655
5.33661
5.39506
5.45179
5.50678
5.56001
5.61153
5.66142
5.70981
5.75682
5.80259
5.84728
5.891
5.93386
5.97593
6.01726
6.05787
6.09775
6.13687
6.17518
6.21264
6.24919
6.28474
6.31925
6.35264
6.38483
6.41575
6.44529
6.47337
6.49987
6.52466
6.54762
6.56859
6.5874
6.60387
6.61781
6.62898
6.63714
6.64201
6.64329
6.64063
6.63364
6.62187
6.60493
6.58225
6.5531
6.51682
6.47261
6.41958
6.35674
6.28294
6.19695
6.09737
5.98267
5.8512
5.7012
5.53085
5.33837
5.12199
4.88055
4.61275
4.31727
3.99277
3.64152
3.03359
3.08386
3.13512
3.18731
3.24045
3.29453
3.34955
3.4055
3.46236
3.5201
3.57867
3.63802
3.69808
3.75875
3.81994
3.88151
3.94332
4.00522
4.06704
4.12859
4.18968
4.25012
4.30972
4.36831
4.42571
4.48179
4.53644
4.58957
4.64116
4.69119
4.7397
4.78675
4.83243
4.87685
4.92014
4.9624
5.00377
5.04433
5.08417
5.12335
5.1619
5.19984
5.23715
5.27382
5.3098
5.34506
5.37954
5.41321
5.446
5.47786
5.50874
5.53858
5.56732
5.59488
5.62119
5.64617
5.66973
5.69178
5.7122
5.73088
5.74768
5.76247
5.7751
5.78538
5.79314
5.79817
5.80022
5.79906
5.79441
5.78593
5.77322
5.75605
5.73383
5.70606
5.67218
5.63155
5.58346
5.5271
5.46159
5.38592
5.29898
5.19957
5.08639
4.95805
4.81312
4.65019
4.46789
4.26538
4.04142
3.79457
3.52417
3.23234
2.64512
2.69672
2.74927
2.80263
2.85673
2.91152
2.96698
3.02303
3.07958
3.13654
3.1938
3.25122
3.30867
3.36602
3.42309
3.47974
3.53581
3.59115
3.64562
3.69908
3.75143
3.80256
3.85241
3.90093
3.94811
3.99394
4.03847
4.08177
4.1239
4.16497
4.20508
4.24435
4.28288
4.32074
4.35803
4.39478
4.43103
4.4668
4.50209
4.53688
4.57114
4.60484
4.63794
4.6704
4.70217
4.73322
4.76349
4.79295
4.82156
4.84928
4.87605
4.90183
4.92655
4.95015
4.97255
4.99368
5.01346
5.0318
5.04862
5.0638
5.07724
5.0888
5.09837
5.10579
5.1109
5.11353
5.11348
5.11054
5.10448
5.09502
5.08184
5.06471
5.04316
5.01681
4.98518
4.94777
4.904
4.85322
4.79472
4.7277
4.65128
4.56452
4.46637
4.35575
4.23155
4.09262
3.93797
3.76687
3.5781
3.37043
3.14366
2.89963
2.19337
2.24153
2.2935
2.3478
2.40192
2.4566
2.51177
2.56709
2.62249
2.67782
2.73292
2.78765
2.84187
2.89546
2.94831
3.00033
3.05143
3.10157
3.1507
3.19882
3.24592
3.29202
3.33716
3.38139
3.42477
3.46738
3.50927
3.55054
3.59123
3.6314
3.6711
3.71034
3.74915
3.78754
3.82548
3.86297
3.89996
3.93643
3.97234
4.00765
4.04231
4.07627
4.10952
4.14199
4.17363
4.20438
4.23423
4.26313
4.29107
4.31801
4.34392
4.36874
4.39243
4.41492
4.43614
4.45604
4.47453
4.49154
4.50699
4.5208
4.53287
4.54309
4.55136
4.55754
4.56151
4.56312
4.5622
4.55858
4.55207
4.54244
4.52945
4.51286
4.49232
4.46752
4.43808
4.40358
4.36357
4.31751
4.26485
4.20494
4.13708
4.06052
3.97444
3.87798
3.77025
3.65034
3.51756
3.37109
3.20983
3.03301
2.84079
2.63443
1.95735
2.01305
2.0706
2.12589
2.17461
2.22293
2.27581
2.32811
2.37903
2.42944
2.47904
2.52772
2.57552
2.62243
2.66845
2.7136
2.75794
2.80149
2.84432
2.88648
2.92809
2.96942
3.01066
3.05168
3.09216
3.13197
3.17115
3.20975
3.24795
3.28584
3.32336
3.36048
3.39718
3.43341
3.46916
3.50439
3.53906
3.57317
3.60667
3.63955
3.67182
3.70346
3.73435
3.76421
3.79284
3.82054
3.84779
3.8746
3.90065
3.92569
3.94968
3.97259
3.99432
4.01482
4.03406
4.05198
4.06852
4.08362
4.09722
4.10923
4.11958
4.12817
4.13491
4.13968
4.14237
4.14285
4.14098
4.1366
4.12954
4.11962
4.10664
4.09036
4.07053
4.04686
4.01904
3.98672
3.94953
3.90704
3.85876
3.8042
3.74278
3.67388
3.59686
3.51101
3.41563
3.30999
3.19357
3.06564
2.92521
2.77187
2.60601
2.42845
1.44629
1.49286
1.53911
1.58562
1.63237
1.67924
1.72622
1.7733
1.82048
1.86778
1.91519
1.96273
2.01038
2.05817
2.10609
2.15414
2.20231
2.25057
2.29894
2.34772
2.39807
2.44969
2.4998
2.5468
2.59224
2.63754
2.68273
2.72894
2.77598
2.82237
2.86814
2.91338
2.95795
3.0018
3.04491
3.08722
3.12869
3.16927
3.20899
3.24828
3.28719
3.32511
3.36226
3.39872
3.43329
3.46577
3.49701
3.52747
3.55702
3.58541
3.61256
3.63816
3.66203
3.68457
3.70592
3.72591
3.74456
3.76168
3.77707
3.7907
3.80245
3.81224
3.82
3.82564
3.82905
3.83014
3.82879
3.82489
3.81829
3.80883
3.79637
3.78069
3.76159
3.73884
3.71219
3.68136
3.64603
3.60585
3.56045
3.5094
3.45224
3.38848
3.31759
3.23903
3.15222
3.05661
2.95176
2.83701
2.71157
2.57521
2.42848
2.2723
1.23341
1.28207
1.33583
1.39468
1.45139
1.5082
1.56435
1.62018
1.6756
1.73066
1.78534
1.83965
1.89355
1.94704
2.00007
2.05261
2.10462
2.15608
2.20694
2.25716
2.30671
2.35551
2.40358
2.45101
2.49791
2.54424
2.58997
2.63507
2.67945
2.72312
2.76606
2.80825
2.84967
2.89031
2.93014
2.96913
3.0072
3.04444
3.08181
3.11881
3.15203
3.18225
3.21385
3.24596
3.27685
3.30726
3.3371
3.36629
3.39485
3.42254
3.44908
3.47398
3.49678
3.51776
3.53695
3.55444
3.57053
3.5852
3.59813
3.609
3.61785
3.62484
3.63006
3.63341
3.63478
3.63396
3.63076
3.62519
3.61715
3.60647
3.59301
3.57659
3.55702
3.53409
3.50757
3.47722
3.44276
3.40388
3.3602
3.31136
3.25697
3.1966
3.12982
3.05616
2.97516
2.88639
2.7894
2.68362
2.56862
2.44411
2.31054
2.16855
0.426996
0.470009
0.491977
0.538403
0.602788
0.664118
0.729634
0.795787
0.863668
0.932506
1.00231
1.07281
1.14387
1.21532
1.28702
1.35884
1.43067
1.50238
1.57385
1.64499
1.71573
1.78603
1.85579
1.92483
1.99295
2.06009
2.12619
2.19122
2.25512
2.31787
2.37941
2.43972
2.49876
2.55651
2.61294
2.66803
2.72175
2.7741
2.82505
2.87451
2.9225
2.9694
3.01498
3.05857
3.10022
3.13996
3.17772
3.21351
3.24699
3.27792
3.30708
3.33492
3.36117
3.38561
3.40865
3.43049
3.4504
3.46842
3.48462
3.49883
3.51122
3.52164
3.52989
3.53592
3.53955
3.54072
3.53968
3.53611
3.52976
3.5206
3.50847
3.49322
3.47468
3.45268
3.427
3.39743
3.3637
3.32557
3.28276
3.23497
3.18182
3.12293
3.05788
2.98625
2.90757
2.82141
2.72734
2.62505
2.51435
2.39502
2.26725
2.13108
)
;

boundaryField
{
    walls
    {
        type            zeroGradient;
    }
    frontAndBack
    {
        type            empty;
    }
    farfield
    {
        type            outletInlet;
        outletValue     uniform 0;
        value           nonuniform List<scalar> 
92
(
0
0
0
0.538403
0.602788
0.664118
0.729634
0.795787
0.863668
0.932506
1.00231
1.07281
1.14387
1.21532
1.28702
1.35884
1.43067
1.50238
1.57385
1.64499
1.71573
1.78603
1.85579
1.92483
1.99295
2.06009
2.12619
2.19122
2.25512
2.31787
2.37941
2.43972
2.49876
2.55651
2.61294
2.66803
2.72175
2.7741
2.82505
2.87451
2.9225
2.9694
3.01498
3.05857
3.10022
3.13996
3.17772
3.21351
3.24699
3.27792
3.30708
3.33492
3.36117
3.38561
3.40865
3.43049
3.4504
3.46842
3.48462
3.49883
3.51122
3.52164
3.52989
3.53592
3.53955
3.54072
3.53968
3.53611
3.52976
3.5206
3.50847
3.49322
3.47468
3.45268
3.427
3.39743
3.3637
3.32557
3.28276
3.23497
3.18182
3.12293
3.05788
2.98625
2.90757
2.82141
2.72734
2.62505
2.51435
2.39502
2.26725
2.13108
)
;
    }
    procBoundary2to0
    {
        type            processor;
        value           nonuniform List<scalar> 
105
(
-3.38594
-3.38593
-3.38592
-3.38588
-3.38579
-3.38563
-3.38536
-3.38494
-3.38433
-3.38349
-4.10749
-4.81813
-5.5137
-5.5137
-5.51224
-5.5104
-5.50811
-5.50534
-5.50202
-5.4981
-5.49352
-5.48822
-5.48211
-5.47512
-5.46715
-5.45808
-5.44779
-5.43613
-5.42291
-5.40795
-5.39099
-5.37178
-5.35001
-5.32532
-5.29733
-5.26557
-5.22954
-5.18867
-5.1423
-5.08972
-5.0301
-5.63696
-5.63696
-5.56019
-5.47328
-5.37494
-5.26378
-5.13824
-4.99663
-4.83714
-4.65778
-4.45649
-4.23105
-3.97924
-3.69879
-3.38752
-3.04338
-2.66467
-2.25003
-1.79887
-1.31136
-0.788859
-0.234067
0.348511
0.952495
1.56944
2.1893
2.80157
3.39803
3.97753
4.55181
5.15103
5.82242
6.62053
7.58477
7.58477
8.76303
9.97334
11.2185
12.3901
13.377
14.0819
14.4436
14.4407
14.0943
13.4572
12.6022
11.6036
10.5322
9.44133
8.37874
7.3665
6.43627
5.57972
4.82956
4.14227
4.14227
3.52788
2.98393
2.59425
2.14147
1.90404
1.4011
1.18778
0.38107
)
;
    }
    procBoundary2to3
    {
        type            processor;
        value           nonuniform List<scalar> 
107
(
349.026
349.026
349.026
349.028
349.033
349.041
349.054
349.075
349.105
349.146
349.2
349.262
349.34
349.441
349.548
349.658
349.775
349.894
350.017
350.142
350.271
350.406
350.548
350.701
350.866
351.044
351.238
351.447
351.673
351.915
352.171
352.441
352.72
353.004
353.286
353.555
353.799
354
354.135
354.176
354.088
353.827
353.339
352.562
351.423
349.84
347.721
344.966
341.475
318.329
318.329
314.565
309.954
304.359
297.741
290.054
281.315
271.546
260.7
260.7
265.99
268.051
249.745
234.048
218.31
202.723
187.625
187.625
178.39
164.717
146.807
113.79
103.878
94.4503
85.5753
77.2408
69.4656
62.2454
55.5777
49.4511
43.8505
38.7561
34.145
29.9912
26.2671
22.9434
19.9904
17.3785
15.0783
13.0612
11.2999
9.7691
8.44456
7.30323
6.32468
5.48976
4.78113
4.1831
3.68157
3.26398
2.91954
2.63888
2.41461
2.23984
2.1069
2.01916
1.98889
)
;
    }
}


// ************************************************************************* //
