/*--------------------------------*- C++ -*----------------------------------*\
| =========                 |                                                 |
| \\      /  F ield         | OpenFOAM: The Open Source CFD Toolbox           |
|  \\    /   O peration     | Version:  2412                                  |
|   \\  /    A nd           | Website:  www.openfoam.com                      |
|    \\/     M anipulation  |                                                 |
\*---------------------------------------------------------------------------*/
FoamFile
{
    version     2.0;
    format      ascii;
    arch        "LSB;label=32;scalar=64";
    class       volScalarField;
    location    "40";
    object      nut;
}
// * * * * * * * * * * * * * * * * * * * * * * * * * * * * * * * * * * * * * //

dimensions      [0 2 -1 0 0 0 0];

internalField   nonuniform List<scalar> 
7423
(
1.66704e-10
2.49846e-10
3.28386e-10
2.85169e-10
1.82585e-10
9.90463e-11
5.73029e-11
2.65693e-11
2.10555e-11
1.76075e-11
1.64853e-11
1.66566e-11
1.74291e-11
1.83624e-11
1.9219e-11
1.99169e-11
2.0439e-11
2.08292e-11
2.10778e-11
2.12546e-11
2.13538e-11
2.14078e-11
2.13954e-11
2.13482e-11
2.12617e-11
2.116e-11
2.10371e-11
2.09115e-11
2.07775e-11
2.06426e-11
2.05102e-11
2.03827e-11
2.02641e-11
2.01574e-11
2.00658e-11
1.99874e-11
1.99228e-11
1.98699e-11
1.98273e-11
1.97945e-11
1.97722e-11
1.97562e-11
1.97472e-11
1.9745e-11
1.9748e-11
1.9757e-11
1.97701e-11
1.97879e-11
1.98093e-11
1.98339e-11
1.98613e-11
1.98913e-11
1.9923e-11
1.99569e-11
1.99916e-11
2.00261e-11
2.00615e-11
2.00971e-11
2.01329e-11
2.0169e-11
2.02046e-11
2.02411e-11
2.02767e-11
2.03107e-11
2.03444e-11
2.03761e-11
2.04069e-11
2.04368e-11
2.04666e-11
2.04947e-11
2.05209e-11
2.05473e-11
2.05687e-11
2.05959e-11
2.05898e-11
2.06449e-11
1.41922e-08
2.32178e-08
3.78286e-08
3.51863e-08
2.38452e-08
1.31706e-08
7.28109e-09
2.47949e-09
2.02773e-09
1.68085e-09
1.5532e-09
1.5567e-09
1.62152e-09
1.70406e-09
1.78072e-09
1.84307e-09
1.88934e-09
1.92336e-09
1.94428e-09
1.95818e-09
1.96466e-09
1.96674e-09
1.96272e-09
1.95546e-09
1.94469e-09
1.93255e-09
1.91848e-09
1.90414e-09
1.88908e-09
1.87404e-09
1.8594e-09
1.84538e-09
1.83234e-09
1.82061e-09
1.81056e-09
1.80199e-09
1.79497e-09
1.78931e-09
1.7848e-09
1.78142e-09
1.77915e-09
1.77761e-09
1.77681e-09
1.77677e-09
1.77729e-09
1.77844e-09
1.78006e-09
1.78214e-09
1.78464e-09
1.78746e-09
1.79059e-09
1.79402e-09
1.79764e-09
1.80144e-09
1.80535e-09
1.80928e-09
1.81323e-09
1.81719e-09
1.82119e-09
1.82525e-09
1.82922e-09
1.83322e-09
1.83719e-09
1.84103e-09
1.84475e-09
1.8483e-09
1.85184e-09
1.85528e-09
1.85862e-09
1.86182e-09
1.86486e-09
1.86783e-09
1.87038e-09
1.87336e-09
1.8735e-09
1.87892e-09
1.15682e-07
1.95499e-07
3.41254e-07
3.35397e-07
2.42663e-07
1.41709e-07
8.11385e-08
2.4109e-08
2.00095e-08
1.63112e-08
1.47576e-08
1.459e-08
1.50784e-08
1.57737e-08
1.64333e-08
1.69672e-08
1.73562e-08
1.76309e-08
1.77864e-08
1.78722e-08
1.78853e-08
1.78548e-08
1.77698e-08
1.76548e-08
1.75104e-08
1.73536e-08
1.71813e-08
1.70073e-08
1.68284e-08
1.66521e-08
1.64821e-08
1.6321e-08
1.61719e-08
1.60386e-08
1.59247e-08
1.58283e-08
1.57495e-08
1.56872e-08
1.56384e-08
1.56029e-08
1.55791e-08
1.55646e-08
1.55584e-08
1.556e-08
1.55688e-08
1.55839e-08
1.56046e-08
1.56302e-08
1.56603e-08
1.56942e-08
1.57314e-08
1.57719e-08
1.58148e-08
1.58593e-08
1.59048e-08
1.5951e-08
1.59974e-08
1.60438e-08
1.60904e-08
1.61374e-08
1.6184e-08
1.62302e-08
1.6276e-08
1.63208e-08
1.63645e-08
1.64067e-08
1.64486e-08
1.64894e-08
1.65291e-08
1.65675e-08
1.66041e-08
1.66394e-08
1.66712e-08
1.67058e-08
1.67175e-08
1.67713e-08
4.52757e-07
7.85711e-07
1.41199e-06
1.46471e-06
1.13376e-06
7.06476e-07
4.23827e-07
1.21497e-07
1.00376e-07
7.99731e-08
7.04149e-08
6.83316e-08
6.98323e-08
7.25564e-08
7.52385e-08
7.73894e-08
7.89023e-08
7.98882e-08
8.03408e-08
8.04485e-08
8.02085e-08
7.97456e-08
7.9046e-08
7.8215e-08
7.72655e-08
7.62683e-08
7.52144e-08
7.41627e-08
7.31043e-08
7.20733e-08
7.1088e-08
7.01631e-08
6.93108e-08
6.85531e-08
6.79064e-08
6.73623e-08
6.6919e-08
6.65723e-08
6.63021e-08
6.61096e-08
6.59814e-08
6.59064e-08
6.58791e-08
6.58939e-08
6.5948e-08
6.60373e-08
6.61579e-08
6.63061e-08
6.64784e-08
6.66718e-08
6.6885e-08
6.71146e-08
6.73579e-08
6.76103e-08
6.78688e-08
6.81313e-08
6.8395e-08
6.86592e-08
6.89243e-08
6.91897e-08
6.94539e-08
6.97154e-08
6.9974e-08
7.02286e-08
7.04787e-08
7.07233e-08
7.09642e-08
7.12003e-08
7.14308e-08
7.16554e-08
7.18708e-08
7.20779e-08
7.22714e-08
7.24676e-08
7.25794e-08
7.28444e-08
1.20616e-06
2.17976e-06
3.90417e-06
4.3001e-06
3.56735e-06
2.37749e-06
1.49679e-06
4.57371e-07
3.65273e-07
2.8302e-07
2.41512e-07
2.29013e-07
2.30556e-07
2.37231e-07
2.44299e-07
2.49867e-07
2.53504e-07
2.55442e-07
2.55742e-07
2.54846e-07
2.52797e-07
2.49965e-07
2.46426e-07
2.42505e-07
2.38287e-07
2.33959e-07
2.29531e-07
2.25153e-07
2.20827e-07
2.16658e-07
2.12707e-07
2.09023e-07
2.05646e-07
2.02651e-07
2.00095e-07
1.97949e-07
1.96201e-07
1.94838e-07
1.93774e-07
1.9302e-07
1.92514e-07
1.92217e-07
1.92104e-07
1.92151e-07
1.92345e-07
1.92673e-07
1.93124e-07
1.9368e-07
1.94329e-07
1.95057e-07
1.95865e-07
1.96736e-07
1.9766e-07
1.98621e-07
1.99609e-07
2.00611e-07
2.01619e-07
2.02631e-07
2.03646e-07
2.0466e-07
2.05669e-07
2.06669e-07
2.07661e-07
2.0864e-07
2.09605e-07
2.10557e-07
2.11496e-07
2.12419e-07
2.13325e-07
2.14211e-07
2.15068e-07
2.15891e-07
2.16676e-07
2.17442e-07
2.17999e-07
2.18907e-07
2.50306e-06
4.77465e-06
8.30751e-06
9.81613e-06
8.76339e-06
6.25045e-06
4.12953e-06
1.48367e-06
1.10988e-06
8.32572e-07
6.87334e-07
6.34324e-07
6.26319e-07
6.35787e-07
6.48193e-07
6.57546e-07
6.62431e-07
6.63041e-07
6.59758e-07
6.53262e-07
6.43783e-07
6.32178e-07
6.18975e-07
6.04973e-07
5.90519e-07
5.75972e-07
5.61454e-07
5.47246e-07
5.33407e-07
5.20187e-07
5.07749e-07
4.96215e-07
4.85685e-07
4.76359e-07
4.68384e-07
4.61681e-07
4.56209e-07
4.51925e-07
4.48565e-07
4.46169e-07
4.44521e-07
4.4352e-07
4.43083e-07
4.43116e-07
4.43589e-07
4.44458e-07
4.45698e-07
4.4725e-07
4.49085e-07
4.51158e-07
4.53476e-07
4.55992e-07
4.58674e-07
4.61471e-07
4.64362e-07
4.673e-07
4.70263e-07
4.73232e-07
4.76216e-07
4.79195e-07
4.82162e-07
4.85104e-07
4.88028e-07
4.90923e-07
4.93789e-07
4.96636e-07
4.99451e-07
5.02227e-07
5.04967e-07
5.07658e-07
5.10273e-07
5.12785e-07
5.15218e-07
5.1754e-07
5.19468e-07
5.21928e-07
4.32696e-06
8.75739e-06
1.50824e-05
1.90152e-05
1.82524e-05
1.39877e-05
9.63587e-06
4.35078e-06
3.01488e-06
2.18262e-06
1.74442e-06
1.56176e-06
1.50483e-06
1.49982e-06
1.50779e-06
1.51215e-06
1.50874e-06
1.49677e-06
1.47758e-06
1.45145e-06
1.41913e-06
1.38218e-06
1.34249e-06
1.3017e-06
1.26081e-06
1.22036e-06
1.18075e-06
1.14236e-06
1.1054e-06
1.07035e-06
1.03756e-06
1.00728e-06
9.79714e-07
9.55301e-07
9.34353e-07
9.16684e-07
9.02187e-07
8.90769e-07
8.81731e-07
8.75206e-07
8.70595e-07
8.67653e-07
8.66159e-07
8.65844e-07
8.66631e-07
8.68397e-07
8.71092e-07
8.7457e-07
8.78763e-07
8.83558e-07
8.88981e-07
8.94914e-07
9.01297e-07
9.07991e-07
9.14947e-07
9.22047e-07
9.2922e-07
9.36407e-07
9.43627e-07
9.50843e-07
9.58036e-07
9.65174e-07
9.72283e-07
9.79337e-07
9.86357e-07
9.93368e-07
1.00033e-06
1.00722e-06
1.01405e-06
1.02078e-06
1.02735e-06
1.03367e-06
1.03985e-06
1.04568e-06
1.05091e-06
1.0565e-06
6.47493e-06
1.39317e-05
2.45038e-05
3.26573e-05
3.39538e-05
2.84307e-05
2.04458e-05
1.14531e-05
7.54454e-06
5.28599e-06
4.10077e-06
3.55347e-06
3.32341e-06
3.23417e-06
3.19132e-06
3.15295e-06
3.10717e-06
3.04889e-06
2.98121e-06
2.90181e-06
2.8122e-06
2.71453e-06
2.61363e-06
2.5124e-06
2.41313e-06
2.31631e-06
2.22292e-06
2.13313e-06
2.04744e-06
1.96664e-06
1.89136e-06
1.82202e-06
1.75897e-06
1.70307e-06
1.6549e-06
1.61405e-06
1.58032e-06
1.55352e-06
1.5321e-06
1.5164e-06
1.505e-06
1.49738e-06
1.49302e-06
1.49125e-06
1.49191e-06
1.4947e-06
1.4995e-06
1.50601e-06
1.51409e-06
1.5235e-06
1.5343e-06
1.54626e-06
1.55926e-06
1.57302e-06
1.58741e-06
1.60218e-06
1.61713e-06
1.63212e-06
1.64718e-06
1.66224e-06
1.67726e-06
1.69218e-06
1.70706e-06
1.72186e-06
1.73667e-06
1.75154e-06
1.76638e-06
1.78111e-06
1.79576e-06
1.81027e-06
1.82446e-06
1.83815e-06
1.8516e-06
1.86424e-06
1.87611e-06
1.88706e-06
8.57638e-06
1.97376e-05
3.605e-05
5.00992e-05
5.53988e-05
5.07748e-05
3.97423e-05
2.60748e-05
1.72647e-05
1.19367e-05
9.04393e-06
7.58235e-06
6.8541e-06
6.48112e-06
6.25252e-06
6.06834e-06
5.89526e-06
5.71427e-06
5.52958e-06
5.33085e-06
5.11976e-06
4.89778e-06
4.6748e-06
4.45506e-06
4.24295e-06
4.03839e-06
3.84322e-06
3.6567e-06
3.47978e-06
3.31356e-06
3.15904e-06
3.01685e-06
2.88753e-06
2.77261e-06
2.67303e-06
2.58807e-06
2.51736e-06
2.46062e-06
2.41482e-06
2.38072e-06
2.35533e-06
2.3377e-06
2.32669e-06
2.32079e-06
2.31976e-06
2.32289e-06
2.32994e-06
2.34033e-06
2.35378e-06
2.36988e-06
2.38872e-06
2.40991e-06
2.43325e-06
2.45823e-06
2.48459e-06
2.51181e-06
2.53947e-06
2.56725e-06
2.59515e-06
2.62303e-06
2.65087e-06
2.67855e-06
2.70618e-06
2.73377e-06
2.76152e-06
2.78952e-06
2.81759e-06
2.84556e-06
2.87347e-06
2.90117e-06
2.92835e-06
2.9546e-06
2.98049e-06
3.0048e-06
3.02827e-06
3.04713e-06
2.53819e-05
4.8647e-05
6.96979e-05
8.02955e-05
7.87483e-05
6.71081e-05
4.96784e-05
3.47334e-05
2.4513e-05
1.84342e-05
1.50535e-05
1.3171e-05
1.20922e-05
1.13943e-05
1.08573e-05
1.03952e-05
9.95449e-06
9.53548e-06
9.10971e-06
8.67627e-06
8.23278e-06
7.79598e-06
7.37092e-06
6.96495e-06
6.57651e-06
6.20853e-06
5.85813e-06
5.52688e-06
5.21611e-06
4.92729e-06
4.6613e-06
4.41899e-06
4.20284e-06
4.01433e-06
3.85234e-06
3.71638e-06
3.60612e-06
3.51623e-06
3.44823e-06
3.39648e-06
3.35945e-06
3.33478e-06
3.31944e-06
3.31312e-06
3.31426e-06
3.32238e-06
3.33653e-06
3.35613e-06
3.38049e-06
3.40978e-06
3.44339e-06
3.48102e-06
3.5219e-06
3.5655e-06
3.61093e-06
3.65735e-06
3.70407e-06
3.75097e-06
3.79784e-06
3.84465e-06
3.89121e-06
3.93779e-06
3.98447e-06
4.03168e-06
4.07958e-06
4.12781e-06
4.17604e-06
4.22424e-06
4.27217e-06
4.31932e-06
4.36491e-06
4.40994e-06
4.4523e-06
4.49389e-06
4.52247e-06
6.10586e-05
8.97437e-05
0.000106298
0.000109221
9.94979e-05
8.05884e-05
6.03661e-05
4.44311e-05
3.38233e-05
2.73171e-05
2.33619e-05
2.0936e-05
1.93279e-05
1.81198e-05
1.71253e-05
1.62249e-05
1.54044e-05
1.46028e-05
1.38113e-05
1.30181e-05
1.22472e-05
1.15032e-05
1.07969e-05
1.01245e-05
9.48979e-06
8.88617e-06
8.31596e-06
7.78061e-06
7.28221e-06
6.82191e-06
6.4012e-06
6.02395e-06
5.69245e-06
5.40532e-06
5.16211e-06
4.96259e-06
4.79839e-06
4.67219e-06
4.57436e-06
4.50267e-06
4.45255e-06
4.41849e-06
4.40009e-06
4.39415e-06
4.39986e-06
4.41574e-06
4.44062e-06
4.47346e-06
4.51445e-06
4.56273e-06
4.61795e-06
4.67903e-06
4.74514e-06
4.81486e-06
4.88666e-06
4.95916e-06
5.03195e-06
5.10468e-06
5.1773e-06
5.24961e-06
5.32212e-06
5.39514e-06
5.46944e-06
5.54522e-06
5.62183e-06
5.69862e-06
5.7754e-06
5.85187e-06
5.92719e-06
6.00014e-06
6.07221e-06
6.14018e-06
6.20757e-06
6.24537e-06
0.000108897
0.000131824
0.000140009
0.000133938
0.000115912
9.2534e-05
7.13519e-05
5.56114e-05
4.50613e-05
3.81469e-05
3.36571e-05
3.06103e-05
2.83395e-05
2.65102e-05
2.49039e-05
2.34772e-05
2.21207e-05
2.08108e-05
1.95187e-05
1.8274e-05
1.70784e-05
1.59471e-05
1.48722e-05
1.38587e-05
1.2894e-05
1.19813e-05
1.11222e-05
1.03193e-05
9.57425e-06
8.88981e-06
8.27192e-06
7.72422e-06
7.24554e-06
6.83609e-06
6.49606e-06
6.21359e-06
5.99306e-06
5.81937e-06
5.68962e-06
5.59552e-06
5.52795e-06
5.48622e-06
5.46406e-06
5.46039e-06
5.47309e-06
5.4998e-06
5.53894e-06
5.59067e-06
5.65389e-06
5.72819e-06
5.81233e-06
5.9051e-06
6.00458e-06
6.10819e-06
6.21343e-06
6.3192e-06
6.42482e-06
6.53025e-06
6.63532e-06
6.74109e-06
6.84834e-06
6.95815e-06
7.07068e-06
7.18474e-06
7.29926e-06
7.41372e-06
7.52771e-06
7.64013e-06
7.74914e-06
7.85671e-06
7.95851e-06
8.05999e-06
8.10246e-06
0.00012617
0.000155959
0.000170026
0.000168726
0.000153426
0.000129173
0.000103981
8.32522e-05
6.82343e-05
5.77424e-05
5.05668e-05
4.55667e-05
4.18294e-05
3.88432e-05
3.62659e-05
3.40096e-05
3.19043e-05
2.99042e-05
2.79558e-05
2.60895e-05
2.43013e-05
2.26112e-05
2.10061e-05
1.94912e-05
1.80457e-05
1.66742e-05
1.53777e-05
1.41593e-05
1.30212e-05
1.19685e-05
1.10102e-05
1.01521e-05
9.39452e-06
8.73945e-06
8.18835e-06
7.72612e-06
7.35951e-06
7.06673e-06
6.84454e-06
6.6787e-06
6.55559e-06
6.4733e-06
6.42023e-06
6.39551e-06
6.39625e-06
6.4178e-06
6.45774e-06
6.51602e-06
6.59136e-06
6.68326e-06
6.79059e-06
6.91183e-06
7.04477e-06
7.18555e-06
7.3299e-06
7.47535e-06
7.62059e-06
7.76544e-06
7.90998e-06
8.05638e-06
8.20623e-06
8.36059e-06
8.51932e-06
8.68043e-06
8.8422e-06
9.00365e-06
9.16433e-06
9.3228e-06
9.47664e-06
9.6282e-06
9.77212e-06
9.91587e-06
9.9537e-06
0.00014076
0.000178098
0.000198763
0.000203143
0.000191989
0.00016891
0.000141178
0.000115994
9.64362e-05
8.20264e-05
7.17121e-05
6.43262e-05
5.87564e-05
5.43069e-05
5.05007e-05
4.71919e-05
4.41432e-05
4.12819e-05
3.85211e-05
3.58864e-05
3.33654e-05
3.0983e-05
2.8719e-05
2.65773e-05
2.45275e-05
2.25756e-05
2.07211e-05
1.89661e-05
1.73137e-05
1.57719e-05
1.43546e-05
1.30707e-05
1.19238e-05
1.09201e-05
1.00637e-05
9.33804e-06
8.75313e-06
8.28022e-06
7.91618e-06
7.63839e-06
7.42865e-06
7.28131e-06
7.17589e-06
7.1125e-06
7.08716e-06
7.09148e-06
7.12231e-06
7.17878e-06
7.25937e-06
7.36335e-06
7.49002e-06
7.63787e-06
7.80485e-06
7.9859e-06
8.17438e-06
8.36539e-06
8.55627e-06
8.74663e-06
8.93722e-06
9.13185e-06
9.33318e-06
9.54159e-06
9.75627e-06
9.97405e-06
1.01924e-05
1.04099e-05
1.06259e-05
1.08389e-05
1.10458e-05
1.12492e-05
1.1443e-05
1.16364e-05
0.000151881
0.000197682
0.00022585
0.000236871
0.000231114
0.000211119
0.000182488
0.000153521
0.000129444
0.00011088
9.70811e-05
8.69479e-05
7.9223e-05
7.30321e-05
6.7759e-05
6.31871e-05
5.90101e-05
5.51249e-05
5.14039e-05
4.78614e-05
4.44746e-05
4.12724e-05
3.82255e-05
3.5335e-05
3.25606e-05
2.99092e-05
2.7377e-05
2.49622e-05
2.26684e-05
2.05072e-05
1.8498e-05
1.66537e-05
1.4984e-05
1.35022e-05
1.2218e-05
1.11174e-05
1.02151e-05
9.47711e-06
8.90133e-06
8.45514e-06
8.11587e-06
7.86875e-06
7.68151e-06
7.55478e-06
7.48214e-06
7.45021e-06
7.45658e-06
7.49812e-06
7.57238e-06
7.67807e-06
7.8152e-06
7.98274e-06
8.1797e-06
8.40052e-06
8.63579e-06
8.87692e-06
9.11856e-06
9.36009e-06
9.60397e-06
9.85534e-06
1.01177e-05
1.03899e-05
1.06702e-05
1.09538e-05
1.12374e-05
1.15189e-05
1.1798e-05
1.20727e-05
1.23398e-05
1.26019e-05
1.28523e-05
1.31011e-05
0.000158659
0.000214045
0.000250833
0.000269615
0.000270514
0.000255448
0.000227963
0.000196158
0.000167593
0.000144563
0.000126889
0.000113623
0.000103407
9.5193e-05
8.82187e-05
8.21783e-05
7.66965e-05
7.16335e-05
6.68141e-05
6.22344e-05
5.78598e-05
5.37206e-05
4.97754e-05
4.60216e-05
4.24109e-05
3.89502e-05
3.56289e-05
3.24376e-05
2.93792e-05
2.64684e-05
2.37293e-05
2.11785e-05
1.8833e-05
1.67176e-05
1.4851e-05
1.32294e-05
1.18754e-05
1.07549e-05
9.869e-06
9.17517e-06
8.64552e-06
8.24858e-06
7.94016e-06
7.71741e-06
7.56782e-06
7.47227e-06
7.43288e-06
7.44147e-06
7.49287e-06
7.5847e-06
7.7178e-06
7.89208e-06
8.1088e-06
8.36355e-06
8.6446e-06
8.93849e-06
9.23498e-06
9.53315e-06
9.83906e-06
1.01574e-05
1.04913e-05
1.08373e-05
1.11925e-05
1.15502e-05
1.19065e-05
1.22589e-05
1.26071e-05
1.29494e-05
1.32822e-05
1.36081e-05
1.39203e-05
1.4228e-05
0.000160096
0.000226342
0.00027307
0.000300918
0.000309851
0.000301479
0.000277603
0.000244609
0.000211836
0.000183972
0.000161881
0.000144945
0.000131777
0.000121167
0.000112198
0.000104447
9.74654e-05
9.10626e-05
8.50052e-05
7.92639e-05
7.37884e-05
6.86045e-05
6.36553e-05
5.89345e-05
5.43887e-05
5.00231e-05
4.58161e-05
4.17463e-05
3.78152e-05
3.4038e-05
3.04408e-05
2.70397e-05
2.38584e-05
2.09351e-05
1.83015e-05
1.59736e-05
1.39884e-05
1.23228e-05
1.09864e-05
9.92969e-06
9.12012e-06
8.50037e-06
8.01844e-06
7.65767e-06
7.39193e-06
7.19635e-06
7.08424e-06
7.03754e-06
7.04521e-06
7.10302e-06
7.2123e-06
7.37406e-06
7.59317e-06
7.86905e-06
8.18956e-06
8.5362e-06
8.89049e-06
9.2509e-06
9.62996e-06
1.00282e-05
1.04455e-05
1.08757e-05
1.13146e-05
1.17537e-05
1.21887e-05
1.26171e-05
1.3039e-05
1.34528e-05
1.38551e-05
1.4248e-05
1.46254e-05
1.49924e-05
0.000155078
0.000233519
0.000291689
0.000330087
0.000348605
0.000348649
0.000330906
0.000299379
0.000263393
0.000230581
0.00020352
0.000182208
0.000165397
0.000151799
0.000140364
0.000130531
0.000121766
0.000113801
0.000106328
9.92803e-05
9.25831e-05
8.62452e-05
8.01892e-05
7.44055e-05
6.88387e-05
6.34878e-05
5.8316e-05
5.32863e-05
4.83994e-05
4.36668e-05
3.91107e-05
3.47401e-05
3.0579e-05
2.66766e-05
2.30765e-05
1.98238e-05
1.69772e-05
1.45436e-05
1.25529e-05
1.09597e-05
9.7339e-06
8.78255e-06
8.05627e-06
7.50288e-06
7.06941e-06
6.72686e-06
6.51026e-06
6.38305e-06
6.32328e-06
6.32397e-06
6.38608e-06
6.51115e-06
6.70857e-06
6.98504e-06
7.33195e-06
7.72806e-06
8.14211e-06
8.57123e-06
9.03847e-06
9.53354e-06
1.00486e-05
1.05745e-05
1.11061e-05
1.16332e-05
1.2152e-05
1.26605e-05
1.3159e-05
1.36466e-05
1.41202e-05
1.45817e-05
1.50257e-05
1.5449e-05
0.000142477
0.000234326
0.000305578
0.000356153
0.000385989
0.000396249
0.000386889
0.000360114
0.000323184
0.000285903
0.000253654
0.000227416
0.000206189
0.000188762
0.000174094
0.000161532
0.000150483
0.000140564
0.000131376
0.000122791
0.000114694
0.000107054
9.97644e-05
9.28113e-05
8.61388e-05
7.97286e-05
7.35247e-05
6.74728e-05
6.15745e-05
5.58332e-05
5.02593e-05
4.48464e-05
3.96079e-05
3.45944e-05
2.98525e-05
2.5454e-05
2.14807e-05
1.79918e-05
1.50561e-05
1.26634e-05
1.08073e-05
9.35482e-06
8.28491e-06
7.46318e-06
6.78871e-06
6.23538e-06
5.8775e-06
5.64298e-06
5.49093e-06
5.41084e-06
5.40176e-06
5.46413e-06
5.61198e-06
5.86219e-06
6.21568e-06
6.65411e-06
7.12895e-06
7.63595e-06
8.21453e-06
8.83161e-06
9.4639e-06
1.01003e-05
1.07356e-05
1.13585e-05
1.19669e-05
1.25596e-05
1.31375e-05
1.37005e-05
1.42462e-05
1.47764e-05
1.52869e-05
1.57595e-05
0.000121205
0.000227405
0.000313395
0.000377848
0.000420897
0.000443351
0.000444413
0.000425397
0.000391145
0.000351026
0.000313734
0.000282355
0.000256361
0.000234512
0.00021578
0.000199565
0.000185379
0.000172785
0.000161313
0.000150749
0.000140909
0.00013169
0.000122948
0.000114656
0.000106751
9.9182e-05
9.18654e-05
8.47299e-05
7.77797e-05
7.10046e-05
6.43941e-05
5.79199e-05
5.15735e-05
4.53942e-05
3.94148e-05
3.37121e-05
2.83745e-05
2.35169e-05
1.9262e-05
1.56906e-05
1.2865e-05
1.06383e-05
9.0864e-06
7.88457e-06
6.85145e-06
5.98859e-06
5.44453e-06
5.07387e-06
4.80345e-06
4.61847e-06
4.51454e-06
4.48855e-06
4.55867e-06
4.75334e-06
5.08886e-06
5.55916e-06
6.09691e-06
6.69837e-06
7.42967e-06
8.21221e-06
8.99313e-06
9.76387e-06
1.05206e-05
1.12521e-05
1.19597e-05
1.26435e-05
1.33051e-05
1.39458e-05
1.45645e-05
1.51629e-05
1.5739e-05
1.62483e-05
9.08981e-05
0.000211568
0.000313621
0.000393589
0.000451866
0.000488705
0.00050229
0.000493401
0.0004656
0.000426139
0.000384858
0.000348166
0.000317084
0.000290588
0.000267577
0.000247315
0.000229295
0.000213123
0.000198456
0.000185101
0.000172835
0.000161469
0.000150819
0.000140831
0.000131425
0.000122486
0.000113897
0.000105565
9.74941e-05
8.96523e-05
8.19961e-05
7.44719e-05
6.70422e-05
5.97257e-05
5.25286e-05
4.54976e-05
3.86948e-05
3.22448e-05
2.63105e-05
2.11042e-05
1.68162e-05
1.34282e-05
1.13002e-05
9.69402e-06
8.34863e-06
7.22503e-06
6.39573e-06
5.7644e-06
5.27163e-06
4.90565e-06
4.65356e-06
4.50236e-06
4.47658e-06
4.62268e-06
4.98304e-06
5.5814e-06
6.31022e-06
7.09682e-06
7.94912e-06
8.82319e-06
9.69204e-06
1.05431e-05
1.13779e-05
1.21846e-05
1.29627e-05
1.37126e-05
1.44365e-05
1.51359e-05
1.58106e-05
1.64616e-05
1.70906e-05
1.76002e-05
5.6267e-05
0.000186278
0.000304659
0.000401489
0.000477045
0.000530652
0.000559112
0.000562465
0.000543955
0.000509396
0.000467401
0.00042609
0.000389526
0.000357884
0.000330215
0.00030569
0.000283724
0.000263844
0.000245683
0.000228977
0.000213505
0.00019911
0.000185699
0.000173264
0.000161735
0.000150926
0.000140672
0.000130854
0.000121463
0.000112425
0.000103647
9.50456e-05
8.65505e-05
7.81564e-05
6.98425e-05
6.16019e-05
5.34445e-05
4.54289e-05
3.77085e-05
3.05448e-05
2.45636e-05
2.02633e-05
1.7171e-05
1.46956e-05
1.26039e-05
1.08332e-05
9.41182e-06
8.26568e-06
7.34199e-06
6.62687e-06
6.09131e-06
5.71224e-06
5.51723e-06
5.58334e-06
6.00149e-06
6.86861e-06
8.02669e-06
9.28343e-06
1.05666e-05
1.18282e-05
1.30547e-05
1.42366e-05
1.53783e-05
1.64725e-05
1.75186e-05
1.8518e-05
1.94744e-05
2.03906e-05
2.12682e-05
2.21082e-05
2.29147e-05
2.34737e-05
2.75816e-05
0.000151609
0.000284901
0.000399407
0.000494189
0.000567056
0.000613045
0.000630961
0.000623917
0.000597445
0.000559202
0.000516546
0.00047518
0.000437929
0.000404957
0.0003756
0.000349247
0.000325349
0.00030349
0.00028333
0.000264604
0.000247106
0.00023071
0.00021534
0.000200945
0.000187397
0.000174648
0.000162637
0.000151368
0.000140714
0.000130503
0.000120614
0.000110935
0.00010143
9.20595e-05
8.27623e-05
7.34974e-05
6.42391e-05
5.50796e-05
4.63548e-05
3.91037e-05
3.3348e-05
2.8708e-05
2.47943e-05
2.1407e-05
1.84707e-05
1.59867e-05
1.3897e-05
1.21594e-05
1.07718e-05
9.67177e-06
8.83e-06
8.27821e-06
8.14613e-06
8.62191e-06
9.9703e-06
1.19921e-05
1.42358e-05
1.64668e-05
1.85852e-05
2.0578e-05
2.24532e-05
2.4225e-05
2.58952e-05
2.7467e-05
2.89463e-05
3.03408e-05
3.16575e-05
3.29024e-05
3.40778e-05
3.5208e-05
3.58201e-05
1.23545e-05
0.000109096
0.000253032
0.000385115
0.000500683
0.00059527
0.000661694
0.000696905
0.000703532
0.000687375
0.000656175
0.000616649
0.000574094
0.000532332
0.000493703
0.000458811
0.000427363
0.000398815
0.000372713
0.000348645
0.000326311
0.000305445
0.000285899
0.000267532
0.000250288
0.000234024
0.000218708
0.000204241
0.000190609
0.000177708
0.000165405
0.00015364
0.000142306
0.000131355
0.000120736
0.000110352
0.000100134
9.00412e-05
8.01073e-05
7.05593e-05
6.20257e-05
5.4575e-05
4.80394e-05
4.22317e-05
3.70514e-05
3.24252e-05
2.83463e-05
2.47776e-05
2.16855e-05
1.91064e-05
1.69813e-05
1.52686e-05
1.39998e-05
1.33799e-05
1.37932e-05
1.58582e-05
1.94286e-05
2.34666e-05
2.73999e-05
3.10145e-05
3.43053e-05
3.7318e-05
4.00942e-05
4.26562e-05
4.50208e-05
4.72052e-05
4.92277e-05
5.11044e-05
5.28505e-05
5.44721e-05
5.60271e-05
5.66299e-05
6.20963e-06
6.42227e-05
0.000208939
0.000356746
0.000493669
0.000612119
0.000702012
0.000757677
0.000780652
0.000776964
0.000754963
0.000721674
0.000682174
0.000640005
0.000597752
0.000557419
0.00052024
0.000486264
0.000455161
0.000426486
0.000399908
0.000375107
0.000351912
0.000330133
0.00030971
0.000290476
0.000272404
0.000255365
0.000239316
0.000224158
0.000209751
0.000196056
0.000182958
0.000170389
0.00015832
0.000146647
0.00013531
0.000124273
0.000113499
0.000103068
9.33194e-05
8.43207e-05
7.60065e-05
6.82993e-05
6.11596e-05
5.45978e-05
4.86011e-05
4.31703e-05
3.82763e-05
3.39638e-05
3.02698e-05
2.71663e-05
2.46754e-05
2.30572e-05
2.30353e-05
2.59001e-05
3.19491e-05
3.87981e-05
4.52754e-05
5.09866e-05
5.60017e-05
6.04574e-05
6.44587e-05
6.80696e-05
7.13367e-05
7.43005e-05
7.6998e-05
7.94604e-05
8.17172e-05
8.37793e-05
8.57517e-05
8.62089e-05
3.92328e-06
2.91151e-05
0.000155136
0.000313612
0.000470345
0.000613971
0.000730245
0.000809863
0.000852445
0.000863898
0.000853117
0.000828111
0.00079439
0.000755549
0.000713983
0.000671503
0.000629751
0.000590082
0.000553246
0.000519143
0.000487522
0.000458029
0.000430483
0.000404642
0.000380451
0.00035771
0.000336395
0.000316354
0.000297511
0.000279778
0.000262988
0.000247114
0.000232028
0.000217634
0.000203915
0.000190756
0.000178085
0.00016588
0.000154063
0.00014263
0.000131751
0.000121449
0.000111679
0.00010241
9.36177e-05
8.52978e-05
7.74592e-05
7.01738e-05
6.3397e-05
5.71786e-05
5.15816e-05
4.66991e-05
4.25602e-05
3.938e-05
3.82152e-05
4.1478e-05
5.09631e-05
6.05152e-05
6.89664e-05
7.62345e-05
8.25359e-05
8.80856e-05
9.30343e-05
9.74756e-05
0.000101476
0.00010509
0.000108362
0.000111335
0.000114045
0.000116515
0.000118823
0.000119491
3.24158e-06
1.23891e-05
9.74903e-05
0.000256392
0.000428511
0.000596978
0.000741944
0.000849142
0.00091514
0.000945089
0.000948102
0.000933388
0.000907347
0.00087412
0.000836297
0.00079559
0.000753388
0.000710866
0.000669148
0.000629242
0.000591799
0.000556755
0.000524022
0.000493323
0.000464616
0.000437662
0.000412435
0.00038877
0.000366542
0.000345689
0.000326
0.000307458
0.000289928
0.000273273
0.000257496
0.000242465
0.000228085
0.000214354
0.000201168
0.00018847
0.000176346
0.000164778
0.000153705
0.000143113
0.000132978
0.000123264
0.000113965
0.000105119
9.67167e-05
8.88109e-05
8.14691e-05
7.48019e-05
6.8946e-05
6.39888e-05
6.09237e-05
6.34401e-05
7.47375e-05
8.57354e-05
9.5326e-05
0.000103543
0.000110659
0.000116919
0.000122495
0.000127495
0.000131995
0.000136056
0.000139727
0.000143055
0.00014608
0.000148833
0.000151371
3.14676e-06
6.42052e-06
4.60442e-05
0.00018747
0.000367607
0.000557641
0.000732141
0.000870244
0.000963862
0.00101628
0.00103655
0.00103471
0.00101839
0.000992567
0.0009604
0.000923858
0.000884347
0.000842886
0.000800347
0.000757486
0.000715115
0.000674135
0.000635401
0.000598958
0.000564871
0.000532881
0.000502953
0.000474918
0.000448584
0.00042393
0.000400686
0.00037884
0.000358259
0.000338753
0.000320349
0.000302902
0.000286282
0.000270511
0.00025547
0.000241059
0.000227333
0.00021425
0.000201718
0.000189732
0.000178268
0.000167262
0.000156687
0.000146558
0.000136849
0.00012756
0.000118798
0.00011068
0.000103347
9.68476e-05
9.17573e-05
9.15047e-05
0.000102361
0.000113518
0.000123443
0.000132057
0.000139585
0.000146245
0.000152197
0.000157547
0.000162374
0.000166734
0.000170677
0.000174249
0.000177494
0.000180445
0.000183145
3.14857e-06
4.21925e-06
1.7537e-05
0.000114442
0.000290175
0.000493903
0.000695834
0.000867051
0.000992533
0.00107204
0.00111383
0.0011283
0.00112437
0.00110808
0.00108334
0.00105264
0.0010177
0.000979659
0.000939359
0.00089741
0.000854343
0.000810669
0.000767112
0.0007246
0.000684306
0.000646374
0.000610856
0.000577604
0.000546341
0.000517111
0.00048956
0.000463677
0.000439349
0.000416305
0.000394605
0.0003741
0.000354603
0.000336171
0.00031868
0.000301977
0.00028612
0.000271058
0.000256661
0.000242929
0.000229852
0.000217333
0.000205331
0.000193856
0.000182867
0.000172326
0.000162297
0.000152951
0.000144387
0.000136649
0.00012993
0.000126026
0.000133706
0.000143853
0.00015339
0.000161903
0.000169481
0.000176261
0.000182369
0.000187886
0.000192884
0.000197412
0.000201513
0.000205233
0.000208613
0.000211687
0.000214484
3.53554e-06
8.00844e-06
5.17821e-05
0.000201372
0.000406649
0.000629082
0.000833037
0.000993907
0.00110544
0.00117368
0.00120896
0.00122097
0.00121704
0.00120198
0.001179
0.00115025
0.00111721
0.00108092
0.00104209
0.00100122
0.000958673
0.000914831
0.000870146
0.000825375
0.00078137
0.000739453
0.000700064
0.000662953
0.000628281
0.000595585
0.000564847
0.000536001
0.000508653
0.000482914
0.000458644
0.000435561
0.000413775
0.000393171
0.000373516
0.000354895
0.000337268
0.000320446
0.00030444
0.000289266
0.000274792
0.000260957
0.000247787
0.000235235
0.000223228
0.000211815
0.000201186
0.000191378
0.00018242
0.000174307
0.000167601
0.000169345
0.000177358
0.000185833
0.000193758
0.000201017
0.000207625
0.000213646
0.000219125
0.000224121
0.000228662
0.000232786
0.000236535
0.000239946
0.000243047
0.000245859
3.41459e-06
4.86342e-06
1.86122e-05
0.000113017
0.00030241
0.000531315
0.000762432
0.000959953
0.00110812
0.00120829
0.00126963
0.00130226
0.00131443
0.0013121
0.00129928
0.00127875
0.00125242
0.00122166
0.00118743
0.00115038
0.00111096
0.0010695
0.00102632
0.000981812
0.000936401
0.000890771
0.0008456
0.000801932
0.000760906
0.000722145
0.000685637
0.000651423
0.000618928
0.000588327
0.000559519
0.000532074
0.000506177
0.00048174
0.000458415
0.000436325
0.000415471
0.000395579
0.000376663
0.000358793
0.000341795
0.000325573
0.000310188
0.000295594
0.000281678
0.000268497
0.000256276
0.000244951
0.000234471
0.000224829
0.000216127
0.000211427
0.000215256
0.000221859
0.000228657
0.000235186
0.000241275
0.000246915
0.000252099
0.00025687
0.000261223
0.000265187
0.000268806
0.000272104
0.000275096
0.000277801
3.37989e-06
3.87317e-06
8.03752e-06
4.64778e-05
0.000193112
0.000408593
0.000652711
0.000883054
0.00107059
0.00120813
0.00130144
0.00136019
0.00139333
0.00140777
0.00140844
0.00139887
0.00138152
0.0013582
0.00133017
0.00129838
0.00126343
0.00122583
0.00118591
0.00114405
0.00110053
0.00105574
0.00101006
0.000963943
0.000918067
0.000872917
0.000829745
0.000789244
0.000750666
0.000714285
0.000680096
0.000647432
0.000616586
0.000587541
0.000559758
0.000533423
0.000508623
0.000484948
0.00046241
0.000441172
0.000421003
0.000401749
0.000383525
0.000366303
0.00034991
0.000334416
0.000320043
0.000306703
0.000294256
0.000282711
0.000272058
0.000263387
0.000259846
0.000263037
0.00026795
0.000273237
0.000278381
0.000283274
0.000287836
0.000292095
0.000295991
0.000299555
0.00030283
0.000305817
0.000308515
0.000310941
3.36566e-06
3.55007e-06
4.80906e-06
1.57658e-05
9.53775e-05
0.000275882
0.000509141
0.000758904
0.00098352
0.00116226
0.00129359
0.00138474
0.0014446
0.00148087
0.00149939
0.00150445
0.00149919
0.00148591
0.00146629
0.00144159
0.00141271
0.00138032
0.00134494
0.001307
0.00126687
0.00122492
0.00118147
0.00113683
0.00109136
0.00104526
0.000999005
0.000953064
0.000907783
0.00086465
0.000824163
0.000785326
0.000748591
0.000714096
0.000680986
0.000649538
0.000620013
0.000591775
0.000564815
0.000539476
0.000515429
0.000492418
0.000470658
0.000450154
0.000430643
0.000412121
0.00039491
0.000378934
0.00036399
0.000350016
0.000337041
0.00032542
0.000316324
0.000312112
0.000313504
0.000316748
0.000320355
0.000324037
0.000327562
0.000330956
0.00033405
0.000336908
0.00033957
0.000341988
0.000344143
0.000346061
3.36401e-06
3.43874e-06
3.87422e-06
7.01548e-06
3.34056e-05
0.000151989
0.000349133
0.00059202
0.0008411
0.00105985
0.0012337
0.00136369
0.00145687
0.00152103
0.00156273
0.00158709
0.00159793
0.00159816
0.00158992
0.00157487
0.00155423
0.00152893
0.00149967
0.00146705
0.00143158
0.00139369
0.00135377
0.00131218
0.00126923
0.00122512
0.00118013
0.00113446
0.00108819
0.0010418
0.00099563
0.000949862
0.000906206
0.000865347
0.000825942
0.000788394
0.000753297
0.000719633
0.000687345
0.0006571
0.000628411
0.000600831
0.000574757
0.000550263
0.000526926
0.00050467
0.000483823
0.000464491
0.000446358
0.000429353
0.000413481
0.00039889
0.000385902
0.00037543
0.000368803
0.000368032
0.000369025
0.000370818
0.000372754
0.000374844
0.000376693
0.000378476
0.000380202
0.000381727
0.000383022
0.000384147
3.37732e-06
3.41505e-06
3.57451e-06
4.60822e-06
1.14816e-05
5.85932e-05
0.000198779
0.000403048
0.000648162
0.000894214
0.00110966
0.00128321
0.00141636
0.00151525
0.00158653
0.00163591
0.00166792
0.00168608
0.00169311
0.0016911
0.00168166
0.00166601
0.00164512
0.00161979
0.00159065
0.00155829
0.0015232
0.00148583
0.00144657
0.00140569
0.00136348
0.00132017
0.00127583
0.00123071
0.00118496
0.00113852
0.00109189
0.0010454
0.000998899
0.00095413
0.000912549
0.000872509
0.000833838
0.000797804
0.000763643
0.000730566
0.000699303
0.000670059
0.000642115
0.000615337
0.000590209
0.000566748
0.000544571
0.000523776
0.000504301
0.000486269
0.00046961
0.000454586
0.000441815
0.000432301
0.000427445
0.000425922
0.000425327
0.000425507
0.000425487
0.000425758
0.000426169
0.000426387
0.000426427
0.000426426
3.41155e-06
3.44477e-06
3.51334e-06
3.88763e-06
5.83966e-06
1.76161e-05
8.04486e-05
0.000226054
0.000429738
0.000671792
0.00091477
0.00113027
0.00130782
0.00144809
0.001556
0.00163711
0.00169642
0.00173804
0.00176525
0.00178065
0.00178626
0.00178369
0.0017742
0.00175882
0.00173838
0.00171364
0.00168522
0.00165367
0.00161949
0.00158307
0.00154477
0.00150487
0.00146359
0.00142113
0.00137767
0.00133324
0.00128806
0.00124228
0.0011957
0.00114874
0.00110194
0.00105482
0.00100853
0.000965745
0.000925236
0.000885575
0.000848114
0.00081332
0.000779902
0.000747651
0.000717472
0.000689296
0.00066244
0.000636884
0.000612932
0.000590775
0.000569998
0.000550588
0.000532925
0.00051744
0.000504676
0.000494474
0.000488543
0.000485531
0.000482501
0.000480694
0.000479301
0.000477622
0.000475912
0.000474425
3.4307e-06
3.47004e-06
3.51981e-06
3.67369e-06
4.30147e-06
7.24927e-06
2.24392e-05
8.90389e-05
0.00022936
0.000424908
0.000659565
0.000899674
0.00111805
0.00130315
0.00145397
0.00157391
0.00166753
0.00173917
0.00179256
0.00183079
0.00185636
0.00187126
0.00187711
0.00187522
0.00186667
0.0018524
0.0018332
0.00180975
0.00178269
0.00175251
0.00171968
0.00168457
0.00164751
0.00160876
0.00156858
0.00152711
0.00148454
0.00144105
0.0013966
0.00135137
0.00130561
0.00125906
0.00121186
0.00116489
0.00111772
0.00107021
0.00102535
0.000984217
0.000944361
0.000905471
0.000869338
0.000835747
0.000803439
0.000772373
0.000743325
0.000716301
0.000690647
0.000666218
0.000643602
0.000622946
0.000604368
0.000587749
0.000573492
0.000561447
0.000551645
0.000546499
0.000542285
0.000537616
0.000533487
0.000530143
3.38472e-06
3.42321e-06
3.4739e-06
3.55552e-06
3.79161e-06
4.66191e-06
8.01644e-06
2.27401e-05
8.15898e-05
0.000208257
0.000388207
0.000610181
0.000845969
0.00106842
0.00126353
0.00142767
0.00156245
0.00167125
0.00175775
0.0018253
0.00187679
0.00191463
0.0019408
0.00195694
0.0019644
0.00196434
0.00195776
0.00194551
0.00192836
0.00190695
0.00188185
0.00185356
0.0018225
0.00178903
0.00175348
0.00171611
0.00167716
0.00163686
0.00159532
0.00155272
0.00150925
0.00146491
0.00141973
0.00137412
0.00132795
0.00128093
0.00123389
0.00118722
0.00113998
0.00109295
0.00104987
0.00101016
0.00097142
0.000933721
0.000898804
0.000866439
0.000835422
0.000805399
0.000777151
0.000751039
0.000726959
0.000704687
0.000684041
0.000665184
0.00064837
0.000634279
0.000621887
0.000610654
0.000602686
0.00059684
3.32071e-06
3.34994e-06
3.39215e-06
3.44434e-06
3.55399e-06
3.85899e-06
4.75907e-06
7.66608e-06
1.86785e-05
6.17152e-05
0.000166551
0.000323666
0.000525299
0.000751809
0.000976741
0.00118246
0.00136175
0.00151372
0.00164029
0.00174428
0.00182859
0.00189587
0.00194841
0.00198817
0.00201681
0.00203573
0.00204615
0.00204912
0.00204558
0.00203631
0.00202204
0.00200337
0.00198086
0.00195496
0.0019261
0.00189464
0.0018609
0.00182518
0.00178771
0.0017487
0.00170839
0.00166692
0.00162439
0.00158108
0.00153705
0.00149224
0.00144695
0.00140148
0.00135544
0.0013088
0.0012627
0.001217
0.00117065
0.00112473
0.00108308
0.00104482
0.00100761
0.000971002
0.000936646
0.000905119
0.00087559
0.000847346
0.000820336
0.000795143
0.000772308
0.000751768
0.000732933
0.000715358
0.00069953
0.000685449
3.29917e-06
3.32084e-06
3.34947e-06
3.38503e-06
3.4409e-06
3.55998e-06
3.84351e-06
4.56863e-06
6.58038e-06
1.31828e-05
3.81672e-05
0.000112371
0.000240307
0.000412115
0.000619278
0.000840151
0.00105382
0.0012482
0.00141878
0.00156529
0.00168933
0.00179312
0.00187894
0.00194893
0.00200496
0.00204868
0.00208154
0.0021048
0.00211957
0.00212681
0.00212739
0.00212208
0.00211153
0.00209635
0.00207706
0.00205412
0.00202796
0.00199895
0.00196741
0.00193365
0.00189795
0.00186056
0.00182166
0.00178152
0.00174031
0.00169813
0.00165521
0.00161176
0.00156779
0.00152328
0.0014787
0.00143417
0.00138928
0.00134403
0.00129956
0.00125563
0.00121111
0.00116626
0.00112485
0.00108764
0.00105244
0.00101794
0.000984365
0.000953079
0.000924482
0.000898093
0.000873273
0.000849601
0.000827255
0.000806732
3.29799e-06
3.31848e-06
3.34037e-06
3.36565e-06
3.39853e-06
3.45181e-06
3.55395e-06
3.77016e-06
4.25439e-06
5.43811e-06
8.79763e-06
2.023e-05
5.97666e-05
0.000150745
0.000285598
0.000459274
0.000662117
0.000874798
0.00108021
0.00126855
0.00143601
0.00158212
0.00170794
0.00181515
0.00190553
0.0019808
0.00204255
0.0020922
0.00213104
0.00216021
0.00218073
0.00219351
0.00219936
0.00219901
0.0021931
0.00218221
0.00216687
0.00214755
0.00212467
0.00209863
0.00206978
0.00203845
0.00200493
0.00196951
0.00193245
0.00189397
0.00185429
0.00181366
0.00177225
0.00173014
0.00168762
0.00164491
0.00160194
0.00155873
0.00151568
0.00147285
0.00142984
0.00138649
0.00134378
0.00130213
0.00126067
0.00121861
0.0011771
0.00113948
0.00110559
0.00107388
0.00104333
0.00101355
0.000984993
0.00095846
3.29059e-06
3.31724e-06
3.34309e-06
3.36889e-06
3.39638e-06
3.42962e-06
3.47702e-06
3.55553e-06
3.69969e-06
3.98721e-06
4.61719e-06
6.17408e-06
1.06657e-05
2.56301e-05
7.18759e-05
0.000164719
0.000295198
0.000460585
0.000653188
0.000856953
0.00105671
0.00124295
0.00141142
0.00156097
0.001692
0.00180564
0.00190323
0.00198617
0.00205577
0.00211328
0.00215987
0.00219656
0.0022243
0.00224394
0.00225627
0.00226198
0.00226171
0.00225603
0.00224549
0.00223056
0.0022117
0.00218931
0.00216379
0.00213547
0.00210472
0.00207182
0.00203706
0.00200074
0.00196311
0.00192437
0.00188478
0.00184459
0.00180392
0.00176288
0.00172168
0.00168044
0.00163914
0.00159771
0.0015565
0.00151578
0.00147539
0.001435
0.00139473
0.00135552
0.00131756
0.00128032
0.00124318
0.00120612
0.00117067
0.00113854
3.2575e-06
3.27462e-06
3.29755e-06
3.32506e-06
3.35601e-06
3.39015e-06
3.4288e-06
3.47588e-06
3.53957e-06
3.63655e-06
3.80328e-06
4.12561e-06
4.82333e-06
6.52251e-06
1.12635e-05
2.61007e-05
6.88821e-05
0.000152776
0.000270283
0.00041918
0.000595736
0.000788097
0.000982498
0.00116858
0.00134064
0.00149636
0.0016353
0.00175791
0.00186509
0.00195789
0.00203741
0.00210472
0.00216083
0.00220669
0.00224318
0.00227112
0.00229124
0.00230425
0.00231076
0.00231138
0.00230665
0.00229707
0.00228312
0.00226524
0.00224386
0.00221935
0.00219209
0.00216242
0.00213068
0.00209715
0.00206214
0.00202594
0.00198877
0.00195083
0.00191232
0.0018734
0.00183418
0.00179475
0.00175529
0.00171599
0.00167693
0.00163806
0.0015994
0.00156128
0.00152388
0.00148715
0.00145091
0.00141508
0.00137999
0.00134621
3.16985e-06
3.18275e-06
3.19552e-06
3.20811e-06
3.22073e-06
3.22638e-06
3.2235e-06
3.22599e-06
3.23129e-06
3.24638e-06
3.26882e-06
3.29698e-06
3.3299e-06
3.36745e-06
3.41093e-06
3.46367e-06
3.53293e-06
3.63425e-06
3.80221e-06
4.11664e-06
4.7728e-06
6.29146e-06
1.02326e-05
2.15908e-05
5.34492e-05
0.000120235
0.000218631
0.000344449
0.000497725
0.000672391
0.000857469
0.00104199
0.00121805
0.00138128
0.00152986
0.00166339
0.00178217
0.00188685
0.00197824
0.00205722
0.00212466
0.00218141
0.00222829
0.00226606
0.00229545
0.00231714
0.00233177
0.00233995
0.00234223
0.00233916
0.00233124
0.00231894
0.00230272
0.002283
0.0022602
0.00223468
0.0022068
0.00217692
0.00214536
0.00211237
0.00207821
0.0020431
0.00200723
0.00197077
0.00193392
0.00189686
0.00185974
0.00182264
0.00178565
0.00174892
0.00171261
0.0016768
0.00164148
0.00160667
0.00157247
0.00153907
3.16795e-06
3.17979e-06
3.19137e-06
3.20292e-06
3.21508e-06
3.22374e-06
3.23296e-06
3.24007e-06
3.24481e-06
3.24981e-06
3.25694e-06
3.26756e-06
3.28228e-06
3.30124e-06
3.32459e-06
3.3529e-06
3.38753e-06
3.43137e-06
3.49052e-06
3.57793e-06
3.7215e-06
3.98274e-06
4.50234e-06
5.62492e-06
8.28074e-06
1.5199e-05
3.39422e-05
7.78429e-05
0.000152295
0.000251532
0.000374883
0.000522211
0.000688081
0.000863498
0.00103932
0.00120851
0.0013668
0.00151212
0.00164382
0.00176195
0.00186693
0.00195934
0.00203987
0.00210925
0.00216822
0.0022175
0.00225778
0.00228974
0.00231401
0.00233122
0.00234195
0.00234678
0.00234623
0.00234081
0.00233101
0.0023173
0.00230011
0.00227986
0.00225694
0.0022317
0.00220447
0.00217554
0.00214516
0.0021136
0.00208108
0.00204783
0.00201405
0.00197989
0.00194551
0.00191106
0.00187668
0.0018425
0.0018086
0.00177506
0.00174195
0.00170936
3.16626e-06
3.17743e-06
3.18796e-06
3.19849e-06
3.21008e-06
3.22029e-06
3.23303e-06
3.24567e-06
3.25644e-06
3.26566e-06
3.27388e-06
3.28188e-06
3.29049e-06
3.30037e-06
3.31198e-06
3.32576e-06
3.34221e-06
3.36211e-06
3.38673e-06
3.41852e-06
3.46223e-06
3.52742e-06
3.63362e-06
3.82134e-06
4.17667e-06
4.8911e-06
6.42407e-06
9.97756e-06
1.88265e-05
4.07327e-05
8.62754e-05
0.000157353
0.000249195
0.000361764
0.000495573
0.000647204
0.000809992
0.000976295
0.0011394
0.0012945
0.00143875
0.00157085
0.00169042
0.00179759
0.00189276
0.00197643
0.00204922
0.00211173
0.00216464
0.0022086
0.00224423
0.00227216
0.002293
0.00230734
0.00231573
0.00231872
0.00231683
0.00231056
0.00230038
0.00228671
0.00226997
0.00225053
0.00222874
0.00220492
0.00217937
0.00215237
0.00212417
0.002095
0.00206507
0.00203457
0.00200368
0.00197255
0.00194132
0.00191011
0.00187904
0.00184816
3.16469e-06
3.17521e-06
3.18461e-06
3.19375e-06
3.20347e-06
3.21187e-06
3.2213e-06
3.22965e-06
3.23899e-06
3.24969e-06
3.26119e-06
3.27305e-06
3.28509e-06
3.29728e-06
3.30972e-06
3.32258e-06
3.33606e-06
3.35044e-06
3.36607e-06
3.38354e-06
3.4038e-06
3.42861e-06
3.46122e-06
3.50793e-06
3.58088e-06
3.70382e-06
3.92373e-06
4.33604e-06
5.14455e-06
6.81614e-06
1.04997e-05
1.9074e-05
3.87996e-05
7.80284e-05
0.000139104
0.000218096
0.00031405
0.000428138
0.000559386
0.000703919
0.000856083
0.00100989
0.00116013
0.00130297
0.00143598
0.00155793
0.00166841
0.00176747
0.00185544
0.00193279
0.00200005
0.00205777
0.00210656
0.00214704
0.0021798
0.00220544
0.00222455
0.00223769
0.0022454
0.0022482
0.00224658
0.002241
0.00223189
0.00221966
0.00220468
0.0021873
0.00216784
0.0021466
0.00212385
0.00209984
0.00207478
0.0020489
0.00202237
0.00199536
0.00196802
0.00194045
3.16326e-06
3.17289e-06
3.18122e-06
3.18922e-06
3.19762e-06
3.20525e-06
3.21377e-06
3.22202e-06
3.23063e-06
3.23984e-06
3.24988e-06
3.26078e-06
3.27247e-06
3.28489e-06
3.29793e-06
3.31156e-06
3.32576e-06
3.34054e-06
3.35593e-06
3.372e-06
3.38893e-06
3.40701e-06
3.42679e-06
3.44934e-06
3.4766e-06
3.51222e-06
3.56306e-06
3.64187e-06
3.77249e-06
3.99997e-06
4.41146e-06
5.18296e-06
6.69175e-06
9.79508e-06
1.64772e-05
3.092e-05
5.9458e-05
0.000106147
0.000169028
0.000245518
0.000336017
0.000441278
0.000560277
0.000690063
0.000826451
0.000964888
0.00110118
0.0012319
0.00135467
0.001468
0.00157118
0.00166401
0.00174667
0.00181954
0.00188307
0.00193779
0.00198426
0.00202304
0.0020547
0.0020798
0.00209891
0.00211255
0.00212124
0.00212546
0.00212566
0.00212227
0.00211568
0.00210625
0.00209434
0.00208024
0.00206425
0.00204664
0.00202765
0.00200749
0.00198637
0.00196443
3.16194e-06
3.17054e-06
3.17792e-06
3.18483e-06
3.1919e-06
3.19844e-06
3.20553e-06
3.2125e-06
3.21988e-06
3.22787e-06
3.23667e-06
3.24626e-06
3.25664e-06
3.26778e-06
3.27967e-06
3.29229e-06
3.30566e-06
3.31978e-06
3.33465e-06
3.35026e-06
3.36663e-06
3.3838e-06
3.40182e-06
3.42087e-06
3.44122e-06
3.46346e-06
3.48862e-06
3.51868e-06
3.55717e-06
3.61052e-06
3.69029e-06
3.81714e-06
4.02829e-06
4.39181e-06
5.03614e-06
6.21506e-06
8.45448e-06
1.28737e-05
2.17645e-05
3.90811e-05
6.92735e-05
0.000113807
0.0001705
0.000237553
0.000315175
0.000403953
0.000503497
0.000612059
0.000727151
0.000845647
0.000964313
0.0010802
0.00119099
0.00129492
0.00139081
0.00147807
0.00155651
0.0016262
0.00168744
0.00174067
0.00178636
0.00182505
0.00185726
0.0018835
0.00190428
0.00192007
0.00193132
0.00193847
0.00194192
0.00194205
0.00193922
0.00193375
0.00192596
0.00191611
0.00190448
0.00189126
3.1604e-06
3.16816e-06
3.17469e-06
3.18054e-06
3.18635e-06
3.19186e-06
3.19778e-06
3.20379e-06
3.20994e-06
3.21673e-06
3.2242e-06
3.23237e-06
3.24123e-06
3.25076e-06
3.26094e-06
3.27179e-06
3.28333e-06
3.29557e-06
3.30854e-06
3.32228e-06
3.33679e-06
3.35211e-06
3.36825e-06
3.38526e-06
3.40319e-06
3.42214e-06
3.44228e-06
3.46394e-06
3.48766e-06
3.51445e-06
3.5461e-06
3.58571e-06
3.63871e-06
3.71444e-06
3.82885e-06
4.00915e-06
4.30214e-06
4.78981e-06
5.62036e-06
7.07195e-06
9.68209e-06
1.44888e-05
2.33723e-05
3.91784e-05
6.48131e-05
0.000101281
0.000147168
0.000200708
0.000261439
0.000329618
0.000405348
0.000487936
0.000576401
0.000669049
0.000763832
0.000858735
0.000951839
0.00104145
0.00112626
0.00120529
0.00127792
0.00134382
0.00140292
0.00145531
0.00150124
0.00154101
0.00157499
0.0016036
0.00162724
0.00164631
0.00166121
0.00167231
0.00167997
0.00168451
0.00168626
0.00168549
3.14788e-06
3.1584e-06
3.1659e-06
3.17155e-06
3.17627e-06
3.1809e-06
3.18544e-06
3.19031e-06
3.19536e-06
3.20051e-06
3.20627e-06
3.21257e-06
3.21947e-06
3.22696e-06
3.23501e-06
3.2436e-06
3.25275e-06
3.26246e-06
3.27275e-06
3.28364e-06
3.29516e-06
3.30734e-06
3.32021e-06
3.3338e-06
3.34814e-06
3.36327e-06
3.37924e-06
3.3961e-06
3.41395e-06
3.4329e-06
3.45316e-06
3.47506e-06
3.49914e-06
3.5263e-06
3.55807e-06
3.597e-06
3.64728e-06
3.71582e-06
3.81378e-06
3.95918e-06
4.18107e-06
4.52669e-06
5.07421e-06
5.95622e-06
7.40328e-06
9.82216e-06
1.39231e-05
2.0877e-05
3.23634e-05
5.02442e-05
7.56709e-05
0.00010837
0.000147003
0.000190477
0.000238277
0.00029023
0.000346343
0.000406337
0.000469611
0.000535351
0.000602567
0.000670205
0.00073723
0.000802681
0.0008657
0.000925574
0.000981753
0.00103383
0.00108156
0.00112481
0.00116356
0.0011979
0.00122795
0.0012539
0.00127598
0.00129442
0.00130947
3.14685e-06
3.15646e-06
3.16376e-06
3.16836e-06
3.17198e-06
3.17562e-06
3.17934e-06
3.18337e-06
3.18762e-06
3.19202e-06
3.19691e-06
3.20221e-06
3.20802e-06
3.21431e-06
3.22108e-06
3.22831e-06
3.23598e-06
3.24412e-06
3.25273e-06
3.26182e-06
3.27141e-06
3.28153e-06
3.29219e-06
3.30343e-06
3.31526e-06
3.32772e-06
3.34085e-06
3.35467e-06
3.36925e-06
3.38464e-06
3.40091e-06
3.41819e-06
3.43661e-06
3.45641e-06
3.47792e-06
3.50164e-06
3.52838e-06
3.55939e-06
3.59663e-06
3.64316e-06
3.7037e-06
3.78551e-06
3.89962e-06
4.06273e-06
4.30009e-06
4.65012e-06
5.17207e-06
5.95869e-06
7.15675e-06
9.00146e-06
1.18636e-05
1.63071e-05
2.31154e-05
3.32563e-05
4.76358e-05
6.67159e-05
9.03434e-05
0.000117789
0.000148141
0.00018074
0.000215169
0.000251194
0.000288632
0.000327277
0.000366845
0.000406988
0.000447319
0.000487426
0.000526889
0.000565322
0.000602369
0.00063772
0.000671113
0.000702346
0.000731269
0.00075778
0.000781825
3.14532e-06
3.15502e-06
3.1615e-06
3.16502e-06
3.16775e-06
3.17061e-06
3.17369e-06
3.17706e-06
3.18066e-06
3.18444e-06
3.18842e-06
3.19291e-06
3.19781e-06
3.20313e-06
3.20884e-06
3.21495e-06
3.22142e-06
3.22827e-06
3.2355e-06
3.24313e-06
3.25115e-06
3.25959e-06
3.26847e-06
3.27779e-06
3.28759e-06
3.29788e-06
3.30869e-06
3.32004e-06
3.33196e-06
3.34449e-06
3.35768e-06
3.37159e-06
3.38628e-06
3.40186e-06
3.41846e-06
3.43625e-06
3.45547e-06
3.47647e-06
3.49972e-06
3.5259e-06
3.55603e-06
3.59156e-06
3.63461e-06
3.68826e-06
3.75698e-06
3.84712e-06
3.96774e-06
4.13165e-06
4.35685e-06
4.66883e-06
5.1037e-06
5.71296e-06
6.56978e-06
7.78023e-06
9.49403e-06
1.19162e-05
1.53234e-05
2.00559e-05
2.64866e-05
3.49762e-05
4.57667e-05
5.89077e-05
7.42282e-05
9.13784e-05
0.00010991
0.000129383
0.000149428
0.000169756
0.000190138
0.000210402
0.000230404
0.000250011
0.0002691
0.000287554
0.000305263
0.000322126
0.000338052
3.13576e-06
3.14349e-06
3.15373e-06
3.15909e-06
3.16166e-06
3.16368e-06
3.16596e-06
3.16853e-06
3.17138e-06
3.17446e-06
3.17773e-06
3.18116e-06
3.185e-06
3.18916e-06
3.19366e-06
3.1985e-06
3.20366e-06
3.20914e-06
3.21494e-06
3.22105e-06
3.22748e-06
3.23423e-06
3.24132e-06
3.24876e-06
3.25657e-06
3.26475e-06
3.27332e-06
3.2823e-06
3.29171e-06
3.30157e-06
3.31189e-06
3.32272e-06
3.33408e-06
3.34602e-06
3.3586e-06
3.37188e-06
3.38596e-06
3.40096e-06
3.41703e-06
3.43438e-06
3.45325e-06
3.47401e-06
3.49708e-06
3.52306e-06
3.55274e-06
3.5872e-06
3.62785e-06
3.67666e-06
3.73625e-06
3.81014e-06
3.90303e-06
4.02113e-06
4.17258e-06
4.36791e-06
4.62091e-06
4.94929e-06
5.37561e-06
5.92912e-06
6.64675e-06
7.5744e-06
8.76949e-06
1.03003e-05
1.22462e-05
1.46943e-05
1.77362e-05
2.14516e-05
2.59061e-05
3.11356e-05
3.71352e-05
4.38524e-05
5.11966e-05
5.90432e-05
6.72451e-05
7.56472e-05
8.41002e-05
9.24669e-05
0.000100628
0.000108484
3.13487e-06
3.14192e-06
3.1524e-06
3.15656e-06
3.15834e-06
3.15983e-06
3.16169e-06
3.16387e-06
3.16632e-06
3.16899e-06
3.17183e-06
3.17484e-06
3.17806e-06
3.18162e-06
3.18548e-06
3.18962e-06
3.19404e-06
3.19872e-06
3.20367e-06
3.20888e-06
3.21436e-06
3.2201e-06
3.22612e-06
3.23242e-06
3.23902e-06
3.24592e-06
3.25314e-06
3.26068e-06
3.26857e-06
3.27682e-06
3.28543e-06
3.29444e-06
3.30387e-06
3.31374e-06
3.32408e-06
3.33494e-06
3.34638e-06
3.35846e-06
3.37128e-06
3.38495e-06
3.39962e-06
3.41548e-06
3.43273e-06
3.45167e-06
3.47262e-06
3.49601e-06
3.52234e-06
3.55222e-06
3.58643e-06
3.62594e-06
3.67193e-06
3.72593e-06
3.7898e-06
3.86588e-06
3.95704e-06
4.06679e-06
4.19931e-06
4.35965e-06
4.5537e-06
4.78824e-06
5.07112e-06
5.41115e-06
5.81815e-06
6.30285e-06
6.87686e-06
7.55177e-06
8.33941e-06
9.25126e-06
1.02966e-05
1.14819e-05
1.28111e-05
1.42839e-05
1.5895e-05
1.76334e-05
1.94836e-05
2.14255e-05
2.34343e-05
2.54829e-05
3.13433e-06
3.14086e-06
3.15085e-06
3.15396e-06
3.15513e-06
3.15625e-06
3.1578e-06
3.15969e-06
3.16183e-06
3.16417e-06
3.16667e-06
3.16934e-06
3.17214e-06
3.17524e-06
3.17857e-06
3.18214e-06
3.18594e-06
3.18998e-06
3.19424e-06
3.19873e-06
3.20343e-06
3.20836e-06
3.21352e-06
3.21891e-06
3.22455e-06
3.23043e-06
3.23657e-06
3.24297e-06
3.24965e-06
3.25662e-06
3.2639e-06
3.27148e-06
3.2794e-06
3.28766e-06
3.2963e-06
3.30532e-06
3.31478e-06
3.32472e-06
3.33519e-06
3.34626e-06
3.35802e-06
3.3706e-06
3.38413e-06
3.39879e-06
3.41478e-06
3.43234e-06
3.45176e-06
3.47337e-06
3.49753e-06
3.52466e-06
3.55525e-06
3.58986e-06
3.6291e-06
3.6737e-06
3.72449e-06
3.78245e-06
3.84864e-06
3.92434e-06
4.01094e-06
4.10999e-06
4.22319e-06
4.35233e-06
4.49933e-06
4.66611e-06
4.85461e-06
5.06666e-06
5.30395e-06
5.56796e-06
5.85976e-06
6.17993e-06
6.52862e-06
6.90558e-06
7.30971e-06
7.73864e-06
8.18985e-06
8.66031e-06
9.14581e-06
9.64215e-06
3.13394e-06
3.13992e-06
3.14918e-06
3.15136e-06
3.15207e-06
3.15294e-06
3.15429e-06
3.15597e-06
3.15787e-06
3.15994e-06
3.16217e-06
3.16454e-06
3.16704e-06
3.16968e-06
3.17259e-06
3.17569e-06
3.179e-06
3.18252e-06
3.18622e-06
3.19012e-06
3.19421e-06
3.19848e-06
3.20295e-06
3.20761e-06
3.21247e-06
3.21754e-06
3.22282e-06
3.22831e-06
3.23404e-06
3.23999e-06
3.2462e-06
3.25265e-06
3.25937e-06
3.26637e-06
3.27367e-06
3.28127e-06
3.2892e-06
3.2975e-06
3.30619e-06
3.31532e-06
3.32495e-06
3.33516e-06
3.34603e-06
3.35769e-06
3.37028e-06
3.38395e-06
3.39891e-06
3.41537e-06
3.43357e-06
3.4538e-06
3.47634e-06
3.50151e-06
3.52966e-06
3.56112e-06
3.5963e-06
3.63557e-06
3.67936e-06
3.72809e-06
3.78222e-06
3.84223e-06
3.90858e-06
3.98178e-06
4.0623e-06
4.15062e-06
4.24717e-06
4.35235e-06
4.46648e-06
4.58978e-06
4.72237e-06
4.86423e-06
5.01521e-06
5.17499e-06
5.3431e-06
5.51886e-06
5.70144e-06
5.88991e-06
6.0832e-06
6.28004e-06
3.13363e-06
3.13905e-06
3.14741e-06
3.1488e-06
3.14919e-06
3.14992e-06
3.15114e-06
3.15266e-06
3.15437e-06
3.15623e-06
3.15822e-06
3.16035e-06
3.16259e-06
3.16495e-06
3.16749e-06
3.17021e-06
3.17312e-06
3.17619e-06
3.17944e-06
3.18284e-06
3.18642e-06
3.19015e-06
3.19405e-06
3.19811e-06
3.20233e-06
3.20673e-06
3.21131e-06
3.21606e-06
3.22101e-06
3.22614e-06
3.23148e-06
3.23702e-06
3.24278e-06
3.24876e-06
3.25498e-06
3.26145e-06
3.26817e-06
3.27518e-06
3.28248e-06
3.29012e-06
3.29812e-06
3.30654e-06
3.31544e-06
3.32489e-06
3.33499e-06
3.34585e-06
3.35762e-06
3.37044e-06
3.3845e-06
3.39998e-06
3.41712e-06
3.43614e-06
3.45727e-06
3.48077e-06
3.50689e-06
3.53587e-06
3.56796e-06
3.60339e-06
3.6424e-06
3.6852e-06
3.73197e-06
3.7829e-06
3.83815e-06
3.89784e-06
3.96209e-06
4.03096e-06
4.10449e-06
4.18267e-06
4.26545e-06
4.35272e-06
4.44433e-06
4.54006e-06
4.63965e-06
4.74277e-06
4.84904e-06
4.95806e-06
5.06934e-06
5.18241e-06
3.13335e-06
3.13817e-06
3.14556e-06
3.14631e-06
3.14652e-06
3.14719e-06
3.14832e-06
3.14972e-06
3.15127e-06
3.15294e-06
3.15474e-06
3.15664e-06
3.15866e-06
3.16078e-06
3.163e-06
3.16542e-06
3.16798e-06
3.17069e-06
3.17354e-06
3.17654e-06
3.17969e-06
3.18297e-06
3.18639e-06
3.18996e-06
3.19366e-06
3.19751e-06
3.2015e-06
3.20565e-06
3.20995e-06
3.21441e-06
3.21903e-06
3.22383e-06
3.2288e-06
3.23395e-06
3.23929e-06
3.24483e-06
3.25058e-06
3.25655e-06
3.26275e-06
3.2692e-06
3.27592e-06
3.28295e-06
3.29033e-06
3.2981e-06
3.30633e-06
3.3151e-06
3.3245e-06
3.33464e-06
3.34565e-06
3.35768e-06
3.37089e-06
3.38546e-06
3.40156e-06
3.41939e-06
3.43915e-06
3.46102e-06
3.4852e-06
3.51187e-06
3.54117e-06
3.57327e-06
3.60828e-06
3.64631e-06
3.68744e-06
3.73172e-06
3.77919e-06
3.82985e-06
3.88367e-06
3.9406e-06
4.00055e-06
4.06341e-06
4.12905e-06
4.19731e-06
4.26798e-06
4.34085e-06
4.41569e-06
4.49223e-06
4.57021e-06
4.64934e-06
3.13309e-06
3.13727e-06
3.14367e-06
3.14394e-06
3.14407e-06
3.14472e-06
3.1458e-06
3.14709e-06
3.1485e-06
3.15001e-06
3.15162e-06
3.15333e-06
3.15514e-06
3.15704e-06
3.15904e-06
3.16114e-06
3.1634e-06
3.16579e-06
3.16831e-06
3.17096e-06
3.17373e-06
3.17662e-06
3.17964e-06
3.18278e-06
3.18604e-06
3.18942e-06
3.19292e-06
3.19656e-06
3.20032e-06
3.20421e-06
3.20824e-06
3.21241e-06
3.21673e-06
3.22119e-06
3.22581e-06
3.23058e-06
3.23553e-06
3.24064e-06
3.24594e-06
3.25143e-06
3.25713e-06
3.26306e-06
3.26923e-06
3.2757e-06
3.28248e-06
3.28965e-06
3.29725e-06
3.30537e-06
3.31411e-06
3.32356e-06
3.33384e-06
3.34509e-06
3.35745e-06
3.37107e-06
3.3861e-06
3.40271e-06
3.42104e-06
3.44124e-06
3.46345e-06
3.48778e-06
3.51436e-06
3.54325e-06
3.57454e-06
3.60826e-06
3.64443e-06
3.68306e-06
3.72411e-06
3.76754e-06
3.81327e-06
3.86122e-06
3.91127e-06
3.96329e-06
4.01713e-06
4.07263e-06
4.12961e-06
4.18789e-06
4.24726e-06
4.30754e-06
3.13284e-06
3.13632e-06
3.14177e-06
3.14171e-06
3.14183e-06
3.14251e-06
3.14355e-06
3.14474e-06
3.14601e-06
3.14736e-06
3.1488e-06
3.15033e-06
3.15195e-06
3.15365e-06
3.15545e-06
3.15732e-06
3.15931e-06
3.16142e-06
3.16365e-06
3.16598e-06
3.16843e-06
3.17098e-06
3.17364e-06
3.1764e-06
3.17927e-06
3.18225e-06
3.18533e-06
3.18851e-06
3.19181e-06
3.19521e-06
3.19873e-06
3.20237e-06
3.20612e-06
3.20999e-06
3.21399e-06
3.21812e-06
3.22238e-06
3.22678e-06
3.23133e-06
3.23602e-06
3.24087e-06
3.24589e-06
3.2511e-06
3.25651e-06
3.26215e-06
3.26806e-06
3.27427e-06
3.28084e-06
3.28784e-06
3.29533e-06
3.3034e-06
3.31216e-06
3.3217e-06
3.33214e-06
3.34361e-06
3.35623e-06
3.37013e-06
3.38543e-06
3.40225e-06
3.4207e-06
3.44087e-06
3.46285e-06
3.48669e-06
3.51246e-06
3.54017e-06
3.56983e-06
3.60143e-06
3.63495e-06
3.67033e-06
3.7075e-06
3.74638e-06
3.78687e-06
3.82885e-06
3.87221e-06
3.9168e-06
3.96247e-06
4.00909e-06
4.05649e-06
3.13263e-06
3.13536e-06
3.1399e-06
3.13964e-06
3.13982e-06
3.14053e-06
3.14151e-06
3.1426e-06
3.14374e-06
3.14494e-06
3.14622e-06
3.14758e-06
3.14903e-06
3.15056e-06
3.15216e-06
3.15384e-06
3.15559e-06
3.15746e-06
3.15943e-06
3.16149e-06
3.16365e-06
3.16591e-06
3.16826e-06
3.17069e-06
3.17322e-06
3.17584e-06
3.17855e-06
3.18135e-06
3.18424e-06
3.18722e-06
3.19029e-06
3.19346e-06
3.19673e-06
3.20009e-06
3.20356e-06
3.20713e-06
3.21081e-06
3.21459e-06
3.21849e-06
3.2225e-06
3.22664e-06
3.2309e-06
3.2353e-06
3.23985e-06
3.24456e-06
3.24945e-06
3.25456e-06
3.25991e-06
3.26555e-06
3.27153e-06
3.27791e-06
3.28475e-06
3.29215e-06
3.30018e-06
3.30894e-06
3.31854e-06
3.32906e-06
3.34062e-06
3.35331e-06
3.36723e-06
3.38247e-06
3.39911e-06
3.4172e-06
3.43681e-06
3.45796e-06
3.48068e-06
3.50497e-06
3.53082e-06
3.5582e-06
3.58706e-06
3.61736e-06
3.649e-06
3.68192e-06
3.71601e-06
3.75117e-06
3.78729e-06
3.82426e-06
3.86193e-06
3.13247e-06
3.13437e-06
3.13809e-06
3.13775e-06
3.13802e-06
3.13874e-06
3.13967e-06
3.14065e-06
3.14166e-06
3.14272e-06
3.14386e-06
3.14507e-06
3.14635e-06
3.14772e-06
3.14915e-06
3.15065e-06
3.15222e-06
3.15386e-06
3.1556e-06
3.15742e-06
3.15933e-06
3.16132e-06
3.16339e-06
3.16554e-06
3.16777e-06
3.17008e-06
3.17247e-06
3.17493e-06
3.17746e-06
3.18008e-06
3.18277e-06
3.18553e-06
3.18838e-06
3.19131e-06
3.19431e-06
3.1974e-06
3.20058e-06
3.20383e-06
3.20718e-06
3.21061e-06
3.21414e-06
3.21776e-06
3.22148e-06
3.2253e-06
3.22924e-06
3.23331e-06
3.23752e-06
3.2419e-06
3.24646e-06
3.25126e-06
3.25632e-06
3.26169e-06
3.26744e-06
3.27363e-06
3.28032e-06
3.2876e-06
3.29554e-06
3.30423e-06
3.31376e-06
3.3242e-06
3.33563e-06
3.34813e-06
3.36175e-06
3.37655e-06
3.39258e-06
3.40986e-06
3.4284e-06
3.44822e-06
3.4693e-06
3.49161e-06
3.51513e-06
3.53979e-06
3.56555e-06
3.59233e-06
3.62005e-06
3.64863e-06
3.67798e-06
3.70799e-06
3.1324e-06
3.13341e-06
3.13635e-06
3.13604e-06
3.13641e-06
3.13713e-06
3.13798e-06
3.13884e-06
3.13973e-06
3.14067e-06
3.14168e-06
3.14275e-06
3.1439e-06
3.14511e-06
3.1464e-06
3.14774e-06
3.14914e-06
3.1506e-06
3.15212e-06
3.15374e-06
3.15542e-06
3.15718e-06
3.15901e-06
3.16091e-06
3.16288e-06
3.16491e-06
3.16701e-06
3.16917e-06
3.1714e-06
3.17369e-06
3.17605e-06
3.17847e-06
3.18095e-06
3.1835e-06
3.18611e-06
3.18878e-06
3.19152e-06
3.19433e-06
3.1972e-06
3.20014e-06
3.20315e-06
3.20622e-06
3.20937e-06
3.21259e-06
3.21589e-06
3.21928e-06
3.22276e-06
3.22634e-06
3.23005e-06
3.23391e-06
3.23794e-06
3.24217e-06
3.24664e-06
3.25141e-06
3.25652e-06
3.26203e-06
3.268e-06
3.2745e-06
3.2816e-06
3.28936e-06
3.29786e-06
3.30715e-06
3.3173e-06
3.32836e-06
3.34038e-06
3.35338e-06
3.3674e-06
3.38244e-06
3.39853e-06
3.41563e-06
3.43375e-06
3.45284e-06
3.47287e-06
3.49379e-06
3.51555e-06
3.53807e-06
3.56129e-06
3.58513e-06
3.13258e-06
3.13248e-06
3.13471e-06
3.13451e-06
3.13496e-06
3.13566e-06
3.13641e-06
3.13718e-06
3.13796e-06
3.13878e-06
3.13967e-06
3.14063e-06
3.14165e-06
3.14274e-06
3.14389e-06
3.14509e-06
3.14635e-06
3.14766e-06
3.14902e-06
3.15043e-06
3.15192e-06
3.15347e-06
3.15509e-06
3.15676e-06
3.1585e-06
3.16029e-06
3.16214e-06
3.16404e-06
3.166e-06
3.16801e-06
3.17007e-06
3.17219e-06
3.17436e-06
3.17657e-06
3.17884e-06
3.18116e-06
3.18353e-06
3.18595e-06
3.18842e-06
3.19093e-06
3.1935e-06
3.19611e-06
3.19878e-06
3.20149e-06
3.20426e-06
3.20708e-06
3.20996e-06
3.21291e-06
3.21593e-06
3.21904e-06
3.22225e-06
3.22559e-06
3.22909e-06
3.23276e-06
3.23666e-06
3.24082e-06
3.24529e-06
3.25013e-06
3.25537e-06
3.26109e-06
3.26734e-06
3.27417e-06
3.28164e-06
3.28979e-06
3.29868e-06
3.30833e-06
3.31879e-06
3.33007e-06
3.34219e-06
3.35515e-06
3.36895e-06
3.38357e-06
3.399e-06
3.41519e-06
3.43212e-06
3.44973e-06
3.46797e-06
3.4868e-06
3.13254e-06
3.13159e-06
3.13319e-06
3.13316e-06
3.13366e-06
3.13431e-06
3.13497e-06
3.13563e-06
3.13632e-06
3.13705e-06
3.13784e-06
3.1387e-06
3.13961e-06
3.14058e-06
3.14161e-06
3.14269e-06
3.14381e-06
3.14498e-06
3.1462e-06
3.14746e-06
3.14877e-06
3.15014e-06
3.15157e-06
3.15305e-06
3.15458e-06
3.15617e-06
3.1578e-06
3.15947e-06
3.16119e-06
3.16296e-06
3.16477e-06
3.16662e-06
3.16852e-06
3.17045e-06
3.17242e-06
3.17444e-06
3.17648e-06
3.17857e-06
3.18069e-06
3.18285e-06
3.18504e-06
3.18727e-06
3.18952e-06
3.19181e-06
3.19414e-06
3.19649e-06
3.19888e-06
3.2013e-06
3.20377e-06
3.20629e-06
3.20886e-06
3.21151e-06
3.21424e-06
3.21708e-06
3.22006e-06
3.2232e-06
3.22654e-06
3.23011e-06
3.23396e-06
3.23814e-06
3.24268e-06
3.24763e-06
3.25304e-06
3.25897e-06
3.26543e-06
3.27249e-06
3.28016e-06
3.28849e-06
3.29748e-06
3.30715e-06
3.31751e-06
3.32855e-06
3.34027e-06
3.35265e-06
3.36566e-06
3.37928e-06
3.39347e-06
3.40819e-06
3.13231e-06
3.13076e-06
3.1318e-06
3.13197e-06
3.13248e-06
3.13305e-06
3.13362e-06
3.1342e-06
3.13481e-06
3.13546e-06
3.13617e-06
3.13693e-06
3.13775e-06
3.13862e-06
3.13954e-06
3.1405e-06
3.14151e-06
3.14256e-06
3.14365e-06
3.14478e-06
3.14594e-06
3.14715e-06
3.14842e-06
3.14972e-06
3.15108e-06
3.15247e-06
3.15391e-06
3.15539e-06
3.15691e-06
3.15846e-06
3.16005e-06
3.16168e-06
3.16333e-06
3.16502e-06
3.16674e-06
3.16849e-06
3.17026e-06
3.17207e-06
3.17389e-06
3.17575e-06
3.17762e-06
3.17952e-06
3.18143e-06
3.18336e-06
3.18532e-06
3.18728e-06
3.18927e-06
3.19127e-06
3.19329e-06
3.19533e-06
3.1974e-06
3.19951e-06
3.20166e-06
3.20386e-06
3.20614e-06
3.20851e-06
3.211e-06
3.21364e-06
3.21645e-06
3.21947e-06
3.22273e-06
3.22627e-06
3.23014e-06
3.23437e-06
3.239e-06
3.24406e-06
3.24959e-06
3.25562e-06
3.26216e-06
3.26925e-06
3.27688e-06
3.28508e-06
3.29384e-06
3.30315e-06
3.31301e-06
3.32339e-06
3.33428e-06
3.34564e-06
3.13188e-06
3.12999e-06
3.13055e-06
3.13091e-06
3.13139e-06
3.13188e-06
3.13238e-06
3.13289e-06
3.13343e-06
3.13401e-06
3.13464e-06
3.13532e-06
3.13605e-06
3.13683e-06
3.13765e-06
3.13851e-06
3.13942e-06
3.14036e-06
3.14133e-06
3.14234e-06
3.14338e-06
3.14446e-06
3.14557e-06
3.14673e-06
3.14792e-06
3.14916e-06
3.15043e-06
3.15173e-06
3.15307e-06
3.15444e-06
3.15583e-06
3.15726e-06
3.15871e-06
3.16019e-06
3.16169e-06
3.16321e-06
3.16475e-06
3.16631e-06
3.16789e-06
3.16948e-06
3.17109e-06
3.17271e-06
3.17433e-06
3.17597e-06
3.17761e-06
3.17926e-06
3.18091e-06
3.18257e-06
3.18423e-06
3.18589e-06
3.18757e-06
3.18925e-06
3.19094e-06
3.19266e-06
3.19441e-06
3.19621e-06
3.19807e-06
3.20001e-06
3.20205e-06
3.20422e-06
3.20654e-06
3.20905e-06
3.21177e-06
3.21474e-06
3.21799e-06
3.22155e-06
3.22545e-06
3.22972e-06
3.23438e-06
3.23946e-06
3.24498e-06
3.25094e-06
3.25736e-06
3.26424e-06
3.27157e-06
3.27936e-06
3.28758e-06
3.29622e-06
3.13123e-06
3.12928e-06
3.12945e-06
3.12997e-06
3.13038e-06
3.1308e-06
3.13124e-06
3.13169e-06
3.13217e-06
3.13268e-06
3.13324e-06
3.13385e-06
3.1345e-06
3.1352e-06
3.13593e-06
3.1367e-06
3.13751e-06
3.13835e-06
3.13922e-06
3.14012e-06
3.14105e-06
3.14201e-06
3.143e-06
3.14402e-06
3.14507e-06
3.14617e-06
3.14729e-06
3.14844e-06
3.14962e-06
3.15082e-06
3.15205e-06
3.1533e-06
3.15458e-06
3.15587e-06
3.15718e-06
3.15851e-06
3.15985e-06
3.1612e-06
3.16257e-06
3.16394e-06
3.16532e-06
3.1667e-06
3.16808e-06
3.16947e-06
3.17086e-06
3.17224e-06
3.17362e-06
3.17499e-06
3.17636e-06
3.17772e-06
3.17908e-06
3.18042e-06
3.18177e-06
3.18311e-06
3.18447e-06
3.18583e-06
3.18723e-06
3.18865e-06
3.19013e-06
3.19168e-06
3.19332e-06
3.19507e-06
3.19696e-06
3.19901e-06
3.20124e-06
3.20369e-06
3.20638e-06
3.20934e-06
3.21258e-06
3.21614e-06
3.22004e-06
3.22428e-06
3.22888e-06
3.23386e-06
3.23921e-06
3.24493e-06
3.25103e-06
3.2575e-06
3.1286e-06
3.12851e-06
3.1291e-06
3.12945e-06
3.12981e-06
3.13019e-06
3.13059e-06
3.13102e-06
3.13147e-06
3.13197e-06
3.13251e-06
3.13309e-06
3.13371e-06
3.13436e-06
3.13505e-06
3.13577e-06
3.13652e-06
3.13729e-06
3.1381e-06
3.13893e-06
3.13978e-06
3.14066e-06
3.14156e-06
3.14249e-06
3.14345e-06
3.14444e-06
3.14546e-06
3.1465e-06
3.14756e-06
3.14864e-06
3.14974e-06
3.15086e-06
3.15199e-06
3.15314e-06
3.1543e-06
3.15547e-06
3.15664e-06
3.15782e-06
3.15901e-06
3.16019e-06
3.16138e-06
3.16256e-06
3.16374e-06
3.16491e-06
3.16608e-06
3.16723e-06
3.16837e-06
3.1695e-06
3.17062e-06
3.17172e-06
3.1728e-06
3.17387e-06
3.17493e-06
3.17598e-06
3.17702e-06
3.17806e-06
3.17912e-06
3.18019e-06
3.18129e-06
3.18244e-06
3.18365e-06
3.18493e-06
3.18632e-06
3.18782e-06
3.18947e-06
3.19127e-06
3.19327e-06
3.19547e-06
3.1979e-06
3.20058e-06
3.20352e-06
3.20675e-06
3.21027e-06
3.21409e-06
3.21823e-06
3.22268e-06
3.22744e-06
3.12792e-06
3.12773e-06
3.1283e-06
3.12859e-06
3.12889e-06
3.12923e-06
3.12959e-06
3.12996e-06
3.13037e-06
3.13081e-06
3.13129e-06
3.1318e-06
3.13235e-06
3.13293e-06
3.13354e-06
3.13418e-06
3.13484e-06
3.13553e-06
3.13625e-06
3.13699e-06
3.13775e-06
3.13853e-06
3.13933e-06
3.14015e-06
3.14099e-06
3.14186e-06
3.14276e-06
3.14367e-06
3.14461e-06
3.14556e-06
3.14652e-06
3.14751e-06
3.1485e-06
3.1495e-06
3.15052e-06
3.15153e-06
3.15256e-06
3.15358e-06
3.15461e-06
3.15563e-06
3.15665e-06
3.15766e-06
3.15866e-06
3.15966e-06
3.16064e-06
3.1616e-06
3.16256e-06
3.16349e-06
3.16441e-06
3.1653e-06
3.16618e-06
3.16703e-06
3.16787e-06
3.16868e-06
3.16948e-06
3.17027e-06
3.17105e-06
3.17182e-06
3.1726e-06
3.1734e-06
3.17422e-06
3.17508e-06
3.176e-06
3.17699e-06
3.17806e-06
3.17924e-06
3.18055e-06
3.182e-06
3.18361e-06
3.18541e-06
3.1874e-06
3.18961e-06
3.19204e-06
3.19472e-06
3.19765e-06
3.20084e-06
3.2043e-06
3.12727e-06
3.12705e-06
3.12754e-06
3.12779e-06
3.12806e-06
3.12836e-06
3.12867e-06
3.12901e-06
3.12937e-06
3.12976e-06
3.13018e-06
3.13063e-06
3.13111e-06
3.13163e-06
3.13217e-06
3.13273e-06
3.13332e-06
3.13393e-06
3.13456e-06
3.13522e-06
3.13589e-06
3.13658e-06
3.13729e-06
3.13802e-06
3.13877e-06
3.13953e-06
3.14031e-06
3.14111e-06
3.14193e-06
3.14277e-06
3.14362e-06
3.14448e-06
3.14535e-06
3.14623e-06
3.14711e-06
3.148e-06
3.14889e-06
3.14978e-06
3.15067e-06
3.15155e-06
3.15242e-06
3.15329e-06
3.15415e-06
3.15499e-06
3.15582e-06
3.15663e-06
3.15743e-06
3.1582e-06
3.15896e-06
3.15969e-06
3.1604e-06
3.16108e-06
3.16174e-06
3.16238e-06
3.16299e-06
3.16358e-06
3.16415e-06
3.16471e-06
3.16526e-06
3.16581e-06
3.16636e-06
3.16693e-06
3.16752e-06
3.16815e-06
3.16883e-06
3.16958e-06
3.17041e-06
3.17133e-06
3.17237e-06
3.17354e-06
3.17486e-06
3.17633e-06
3.17799e-06
3.17983e-06
3.18187e-06
3.18413e-06
3.18661e-06
3.12665e-06
3.12644e-06
3.12685e-06
3.12707e-06
3.1273e-06
3.12757e-06
3.12784e-06
3.12814e-06
3.12846e-06
3.1288e-06
3.12917e-06
3.12957e-06
3.12999e-06
3.13044e-06
3.13092e-06
3.13141e-06
3.13193e-06
3.13247e-06
3.13303e-06
3.13361e-06
3.1342e-06
3.13481e-06
3.13544e-06
3.13608e-06
3.13673e-06
3.1374e-06
3.13809e-06
3.13879e-06
3.13951e-06
3.14024e-06
3.14098e-06
3.14173e-06
3.1425e-06
3.14326e-06
3.14403e-06
3.14481e-06
3.14558e-06
3.14635e-06
3.14712e-06
3.14788e-06
3.14864e-06
3.14938e-06
3.15011e-06
3.15083e-06
3.15153e-06
3.15222e-06
3.15288e-06
3.15352e-06
3.15414e-06
3.15474e-06
3.15531e-06
3.15586e-06
3.15638e-06
3.15687e-06
3.15734e-06
3.15779e-06
3.15821e-06
3.15861e-06
3.15899e-06
3.15936e-06
3.15972e-06
3.16009e-06
3.16046e-06
3.16085e-06
3.16126e-06
3.16172e-06
3.16222e-06
3.1628e-06
3.16345e-06
3.16419e-06
3.16504e-06
3.16601e-06
3.16711e-06
3.16837e-06
3.16978e-06
3.17137e-06
3.17314e-06
3.12608e-06
3.12588e-06
3.12622e-06
3.12641e-06
3.12662e-06
3.12685e-06
3.1271e-06
3.12735e-06
3.12763e-06
3.12793e-06
3.12825e-06
3.1286e-06
3.12897e-06
3.12936e-06
3.12978e-06
3.13022e-06
3.13067e-06
3.13114e-06
3.13163e-06
3.13214e-06
3.13266e-06
3.13319e-06
3.13374e-06
3.13431e-06
3.13488e-06
3.13547e-06
3.13607e-06
3.13668e-06
3.1373e-06
3.13794e-06
3.13858e-06
3.13924e-06
3.1399e-06
3.14057e-06
3.14124e-06
3.14191e-06
3.14258e-06
3.14325e-06
3.14391e-06
3.14457e-06
3.14522e-06
3.14585e-06
3.14648e-06
3.14709e-06
3.14768e-06
3.14825e-06
3.14881e-06
3.14934e-06
3.14985e-06
3.15033e-06
3.15079e-06
3.15123e-06
3.15164e-06
3.15202e-06
3.15237e-06
3.1527e-06
3.15301e-06
3.15329e-06
3.15355e-06
3.1538e-06
3.15403e-06
3.15426e-06
3.15448e-06
3.15471e-06
3.15496e-06
3.15522e-06
3.15552e-06
3.15586e-06
3.15626e-06
3.15673e-06
3.15727e-06
3.15791e-06
3.15864e-06
3.1595e-06
3.16048e-06
3.1616e-06
3.16287e-06
3.12555e-06
3.12538e-06
3.12566e-06
3.12582e-06
3.12601e-06
3.12621e-06
3.12642e-06
3.12665e-06
3.12689e-06
3.12715e-06
3.12743e-06
3.12773e-06
3.12805e-06
3.12839e-06
3.12875e-06
3.12913e-06
3.12953e-06
3.12994e-06
3.13036e-06
3.1308e-06
3.13126e-06
3.13172e-06
3.1322e-06
3.13269e-06
3.13319e-06
3.1337e-06
3.13422e-06
3.13475e-06
3.13529e-06
3.13584e-06
3.1364e-06
3.13696e-06
3.13754e-06
3.13811e-06
3.13869e-06
3.13927e-06
3.13985e-06
3.14042e-06
3.14099e-06
3.14155e-06
3.1421e-06
3.14264e-06
3.14317e-06
3.14368e-06
3.14418e-06
3.14466e-06
3.14511e-06
3.14555e-06
3.14597e-06
3.14636e-06
3.14672e-06
3.14706e-06
3.14738e-06
3.14767e-06
3.14794e-06
3.14818e-06
3.1484e-06
3.14859e-06
3.14877e-06
3.14893e-06
3.14907e-06
3.1492e-06
3.14933e-06
3.14946e-06
3.1496e-06
3.14975e-06
3.14993e-06
3.15013e-06
3.15038e-06
3.15067e-06
3.15102e-06
3.15145e-06
3.15195e-06
3.15255e-06
3.15325e-06
3.15407e-06
3.155e-06
3.12507e-06
3.12492e-06
3.12515e-06
3.1253e-06
3.12546e-06
3.12564e-06
3.12582e-06
3.12602e-06
3.12622e-06
3.12645e-06
3.12669e-06
3.12695e-06
3.12722e-06
3.12752e-06
3.12783e-06
3.12815e-06
3.12849e-06
3.12885e-06
3.12921e-06
3.12959e-06
3.12998e-06
3.13039e-06
3.1308e-06
3.13122e-06
3.13165e-06
3.13209e-06
3.13254e-06
3.13299e-06
3.13346e-06
3.13392e-06
3.1344e-06
3.13488e-06
3.13537e-06
3.13586e-06
3.13635e-06
3.13685e-06
3.13734e-06
3.13782e-06
3.1383e-06
3.13878e-06
3.13924e-06
3.1397e-06
3.14014e-06
3.14056e-06
3.14097e-06
3.14136e-06
3.14174e-06
3.14209e-06
3.14242e-06
3.14273e-06
3.14301e-06
3.14328e-06
3.14352e-06
3.14373e-06
3.14393e-06
3.1441e-06
3.14425e-06
3.14438e-06
3.14449e-06
3.14459e-06
3.14468e-06
3.14475e-06
3.14482e-06
3.14489e-06
3.14497e-06
3.14506e-06
3.14516e-06
3.14529e-06
3.14545e-06
3.14565e-06
3.14589e-06
3.1462e-06
3.14657e-06
3.14701e-06
3.14754e-06
3.14816e-06
3.14888e-06
3.12463e-06
3.12452e-06
3.12471e-06
3.12484e-06
3.12498e-06
3.12513e-06
3.12529e-06
3.12546e-06
3.12564e-06
3.12583e-06
3.12603e-06
3.12625e-06
3.12649e-06
3.12674e-06
3.127e-06
3.12728e-06
3.12757e-06
3.12787e-06
3.12818e-06
3.1285e-06
3.12883e-06
3.12918e-06
3.12953e-06
3.12989e-06
3.13025e-06
3.13063e-06
3.13101e-06
3.13139e-06
3.13178e-06
3.13218e-06
3.13258e-06
3.13298e-06
3.13339e-06
3.1338e-06
3.13421e-06
3.13462e-06
3.13503e-06
3.13544e-06
3.13584e-06
3.13623e-06
3.13661e-06
3.13698e-06
3.13735e-06
3.13769e-06
3.13802e-06
3.13834e-06
3.13863e-06
3.13891e-06
3.13917e-06
3.13941e-06
3.13962e-06
3.13982e-06
3.13999e-06
3.14015e-06
3.14028e-06
3.1404e-06
3.1405e-06
3.14058e-06
3.14065e-06
3.1407e-06
3.14075e-06
3.14079e-06
3.14083e-06
3.14086e-06
3.14091e-06
3.14096e-06
3.14103e-06
3.14112e-06
3.14124e-06
3.1414e-06
3.14159e-06
3.14183e-06
3.14213e-06
3.14249e-06
3.14292e-06
3.14343e-06
3.14403e-06
3.12425e-06
3.12416e-06
3.12432e-06
3.12443e-06
3.12456e-06
3.12469e-06
3.12483e-06
3.12497e-06
3.12512e-06
3.12528e-06
3.12545e-06
3.12564e-06
3.12584e-06
3.12605e-06
3.12627e-06
3.1265e-06
3.12674e-06
3.12699e-06
3.12726e-06
3.12753e-06
3.1278e-06
3.12809e-06
3.12839e-06
3.12869e-06
3.12899e-06
3.1293e-06
3.12962e-06
3.12994e-06
3.13027e-06
3.13059e-06
3.13092e-06
3.13125e-06
3.13158e-06
3.13192e-06
3.13225e-06
3.13259e-06
3.13292e-06
3.13325e-06
3.13357e-06
3.13389e-06
3.1342e-06
3.1345e-06
3.13478e-06
3.13506e-06
3.13532e-06
3.13556e-06
3.13579e-06
3.136e-06
3.13619e-06
3.13637e-06
3.13653e-06
3.13667e-06
3.13679e-06
3.13689e-06
3.13698e-06
3.13705e-06
3.13711e-06
3.13716e-06
3.13719e-06
3.13722e-06
3.13724e-06
3.13725e-06
3.13727e-06
3.13729e-06
3.13732e-06
3.13736e-06
3.13742e-06
3.13749e-06
3.1376e-06
3.13773e-06
3.1379e-06
3.13811e-06
3.13838e-06
3.1387e-06
3.13908e-06
3.13953e-06
3.14005e-06
3.12391e-06
3.12385e-06
3.12399e-06
3.12409e-06
3.1242e-06
3.12431e-06
3.12443e-06
3.12455e-06
3.12467e-06
3.12481e-06
3.12495e-06
3.12511e-06
3.12527e-06
3.12544e-06
3.12563e-06
3.12582e-06
3.12602e-06
3.12622e-06
3.12644e-06
3.12666e-06
3.12689e-06
3.12713e-06
3.12737e-06
3.12761e-06
3.12786e-06
3.12812e-06
3.12838e-06
3.12864e-06
3.1289e-06
3.12916e-06
3.12943e-06
3.12969e-06
3.12995e-06
3.13022e-06
3.13048e-06
3.13074e-06
3.131e-06
3.13126e-06
3.13152e-06
3.13176e-06
3.132e-06
3.13223e-06
3.13245e-06
3.13266e-06
3.13286e-06
3.13304e-06
3.13321e-06
3.13336e-06
3.1335e-06
3.13363e-06
3.13374e-06
3.13383e-06
3.13391e-06
3.13397e-06
3.13402e-06
3.13406e-06
3.13408e-06
3.1341e-06
3.13411e-06
3.13412e-06
3.13412e-06
3.13412e-06
3.13412e-06
3.13413e-06
3.13415e-06
3.13418e-06
3.13423e-06
3.1343e-06
3.1344e-06
3.13452e-06
3.13469e-06
3.13489e-06
3.13513e-06
3.13543e-06
3.13578e-06
3.13618e-06
3.13666e-06
3.12363e-06
3.1236e-06
3.12372e-06
3.1238e-06
3.1239e-06
3.124e-06
3.12409e-06
3.1242e-06
3.1243e-06
3.12441e-06
3.12453e-06
3.12465e-06
3.12479e-06
3.12493e-06
3.12508e-06
3.12523e-06
3.12539e-06
3.12556e-06
3.12573e-06
3.12591e-06
3.12609e-06
3.12628e-06
3.12647e-06
3.12667e-06
3.12687e-06
3.12707e-06
3.12727e-06
3.12747e-06
3.12768e-06
3.12788e-06
3.12809e-06
3.12829e-06
3.1285e-06
3.1287e-06
3.1289e-06
3.1291e-06
3.12929e-06
3.12948e-06
3.12967e-06
3.12986e-06
3.13004e-06
3.13021e-06
3.13037e-06
3.13052e-06
3.13067e-06
3.1308e-06
3.13092e-06
3.13102e-06
3.13112e-06
3.1312e-06
3.13127e-06
3.13133e-06
3.13137e-06
3.1314e-06
3.13142e-06
3.13143e-06
3.13144e-06
3.13143e-06
3.13142e-06
3.13141e-06
3.13139e-06
3.13138e-06
3.13137e-06
3.13137e-06
3.13138e-06
3.1314e-06
3.13145e-06
3.13151e-06
3.13159e-06
3.13171e-06
3.13186e-06
3.13204e-06
3.13227e-06
3.13254e-06
3.13287e-06
3.13324e-06
3.13368e-06
3.1234e-06
3.1234e-06
3.1235e-06
3.12358e-06
3.12366e-06
3.12374e-06
3.12382e-06
3.12391e-06
3.124e-06
3.12409e-06
3.12418e-06
3.12428e-06
3.12439e-06
3.1245e-06
3.12461e-06
3.12474e-06
3.12486e-06
3.12499e-06
3.12513e-06
3.12526e-06
3.12541e-06
3.12555e-06
3.1257e-06
3.12585e-06
3.126e-06
3.12616e-06
3.12631e-06
3.12646e-06
3.12662e-06
3.12677e-06
3.12692e-06
3.12708e-06
3.12723e-06
3.12737e-06
3.12752e-06
3.12766e-06
3.1278e-06
3.12794e-06
3.12807e-06
3.1282e-06
3.12833e-06
3.12845e-06
3.12856e-06
3.12867e-06
3.12876e-06
3.12885e-06
3.12893e-06
3.129e-06
3.12906e-06
3.12911e-06
3.12915e-06
3.12918e-06
3.1292e-06
3.1292e-06
3.1292e-06
3.12919e-06
3.12918e-06
3.12915e-06
3.12913e-06
3.1291e-06
3.12907e-06
3.12904e-06
3.12902e-06
3.12901e-06
3.12901e-06
3.12902e-06
3.12905e-06
3.12909e-06
3.12917e-06
3.12927e-06
3.1294e-06
3.12956e-06
3.12977e-06
3.13001e-06
3.13031e-06
3.13065e-06
3.13104e-06
3.12324e-06
3.12325e-06
3.12334e-06
3.1234e-06
3.12348e-06
3.12355e-06
3.12362e-06
3.12369e-06
3.12376e-06
3.12383e-06
3.12391e-06
3.12399e-06
3.12407e-06
3.12415e-06
3.12424e-06
3.12433e-06
3.12443e-06
3.12453e-06
3.12463e-06
3.12473e-06
3.12484e-06
3.12494e-06
3.12505e-06
3.12516e-06
3.12527e-06
3.12539e-06
3.1255e-06
3.12561e-06
3.12572e-06
3.12583e-06
3.12593e-06
3.12604e-06
3.12615e-06
3.12625e-06
3.12635e-06
3.12645e-06
3.12654e-06
3.12664e-06
3.12672e-06
3.12681e-06
3.12689e-06
3.12697e-06
3.12704e-06
3.12711e-06
3.12717e-06
3.12723e-06
3.12728e-06
3.12732e-06
3.12735e-06
3.12738e-06
3.12739e-06
3.1274e-06
3.1274e-06
3.12739e-06
3.12737e-06
3.12735e-06
3.12732e-06
3.12728e-06
3.12724e-06
3.1272e-06
3.12716e-06
3.12712e-06
3.12709e-06
3.12707e-06
3.12705e-06
3.12705e-06
3.12706e-06
3.12709e-06
3.12715e-06
3.12723e-06
3.12734e-06
3.12748e-06
3.12766e-06
3.12787e-06
3.12814e-06
3.12844e-06
3.1288e-06
3.12312e-06
3.12316e-06
3.12323e-06
3.12329e-06
3.12335e-06
3.12342e-06
3.12348e-06
3.12353e-06
3.12359e-06
3.12365e-06
3.12371e-06
3.12377e-06
3.12383e-06
3.12389e-06
3.12396e-06
3.12402e-06
3.12409e-06
3.12416e-06
3.12423e-06
3.12431e-06
3.12438e-06
3.12446e-06
3.12453e-06
3.12461e-06
3.12468e-06
3.12476e-06
3.12483e-06
3.12491e-06
3.12498e-06
3.12505e-06
3.12513e-06
3.1252e-06
3.12526e-06
3.12533e-06
3.1254e-06
3.12546e-06
3.12552e-06
3.12558e-06
3.12563e-06
3.12569e-06
3.12573e-06
3.12578e-06
3.12582e-06
3.12586e-06
3.12589e-06
3.12592e-06
3.12595e-06
3.12597e-06
3.12598e-06
3.12599e-06
3.12599e-06
3.12599e-06
3.12597e-06
3.12595e-06
3.12592e-06
3.12589e-06
3.12585e-06
3.12581e-06
3.12576e-06
3.12572e-06
3.12567e-06
3.12563e-06
3.12559e-06
3.12555e-06
3.12553e-06
3.12551e-06
3.12551e-06
3.12553e-06
3.12557e-06
3.12563e-06
3.12571e-06
3.12583e-06
3.12598e-06
3.12617e-06
3.12639e-06
3.12666e-06
3.12698e-06
3.12307e-06
3.12311e-06
3.12318e-06
3.12323e-06
3.12329e-06
3.12334e-06
3.1234e-06
3.12345e-06
3.1235e-06
3.12354e-06
3.12358e-06
3.12363e-06
3.12367e-06
3.12372e-06
3.12376e-06
3.12381e-06
3.12386e-06
3.1239e-06
3.12395e-06
3.124e-06
3.12404e-06
3.12409e-06
3.12414e-06
3.12419e-06
3.12423e-06
3.12428e-06
3.12432e-06
3.12437e-06
3.12441e-06
3.12446e-06
3.1245e-06
3.12454e-06
3.12458e-06
3.12462e-06
3.12466e-06
3.12469e-06
3.12473e-06
3.12476e-06
3.12479e-06
3.12482e-06
3.12485e-06
3.12487e-06
3.12489e-06
3.12491e-06
3.12493e-06
3.12494e-06
3.12495e-06
3.12495e-06
3.12495e-06
3.12495e-06
3.12494e-06
3.12492e-06
3.1249e-06
3.12488e-06
3.12485e-06
3.12481e-06
3.12477e-06
3.12473e-06
3.12468e-06
3.12463e-06
3.12458e-06
3.12454e-06
3.1245e-06
3.12446e-06
3.12443e-06
3.12441e-06
3.1244e-06
3.1244e-06
3.12442e-06
3.12446e-06
3.12453e-06
3.12462e-06
3.12474e-06
3.12489e-06
3.12508e-06
3.12531e-06
3.12558e-06
3.12307e-06
3.12312e-06
3.12318e-06
3.12324e-06
3.12329e-06
3.12334e-06
3.12339e-06
3.12343e-06
3.12347e-06
3.12351e-06
3.12354e-06
3.12357e-06
3.1236e-06
3.12363e-06
3.12366e-06
3.12369e-06
3.12372e-06
3.12375e-06
3.12378e-06
3.1238e-06
3.12383e-06
3.12385e-06
3.12387e-06
3.1239e-06
3.12392e-06
3.12394e-06
3.12397e-06
3.12399e-06
3.12401e-06
3.12403e-06
3.12405e-06
3.12407e-06
3.12409e-06
3.12411e-06
3.12413e-06
3.12414e-06
3.12416e-06
3.12417e-06
3.12419e-06
3.1242e-06
3.12421e-06
3.12422e-06
3.12423e-06
3.12423e-06
3.12424e-06
3.12424e-06
3.12424e-06
3.12424e-06
3.12423e-06
3.12422e-06
3.12421e-06
3.12419e-06
3.12417e-06
3.12414e-06
3.12411e-06
3.12408e-06
3.12404e-06
3.124e-06
3.12396e-06
3.12391e-06
3.12387e-06
3.12383e-06
3.1238e-06
3.12376e-06
3.12373e-06
3.12371e-06
3.12369e-06
3.12369e-06
3.1237e-06
3.12373e-06
3.12377e-06
3.12383e-06
3.12393e-06
3.12404e-06
3.12419e-06
3.12438e-06
3.1246e-06
3.12314e-06
3.1232e-06
3.12325e-06
3.1233e-06
3.12335e-06
3.1234e-06
3.12345e-06
3.12349e-06
3.12352e-06
3.12355e-06
3.12357e-06
3.1236e-06
3.12362e-06
3.12364e-06
3.12366e-06
3.12368e-06
3.12369e-06
3.1237e-06
3.12371e-06
3.12372e-06
3.12372e-06
3.12373e-06
3.12373e-06
3.12374e-06
3.12375e-06
3.12375e-06
3.12376e-06
3.12376e-06
3.12377e-06
3.12377e-06
3.12378e-06
3.12378e-06
3.12379e-06
3.12379e-06
3.12379e-06
3.1238e-06
3.1238e-06
3.1238e-06
3.1238e-06
3.12381e-06
3.12381e-06
3.12381e-06
3.12381e-06
3.12381e-06
3.1238e-06
3.1238e-06
3.1238e-06
3.12379e-06
3.12378e-06
3.12377e-06
3.12376e-06
3.12374e-06
3.12372e-06
3.1237e-06
3.12368e-06
3.12365e-06
3.12362e-06
3.12358e-06
3.12355e-06
3.12352e-06
3.12348e-06
3.12345e-06
3.12343e-06
3.1234e-06
3.12338e-06
3.12337e-06
3.12336e-06
3.12335e-06
3.12336e-06
3.12337e-06
3.1234e-06
3.12344e-06
3.1235e-06
3.12359e-06
3.1237e-06
3.12384e-06
3.12401e-06
3.12315e-06
3.12322e-06
3.12327e-06
3.12334e-06
3.1234e-06
3.12346e-06
3.12352e-06
3.12357e-06
3.12362e-06
3.12366e-06
3.12369e-06
3.12371e-06
3.12373e-06
3.12375e-06
3.12376e-06
3.12376e-06
3.12376e-06
3.12376e-06
3.12375e-06
3.12374e-06
3.12373e-06
3.12373e-06
3.12372e-06
3.12372e-06
3.12371e-06
3.12371e-06
3.1237e-06
3.12369e-06
3.12369e-06
3.12368e-06
3.12367e-06
3.12367e-06
3.12366e-06
3.12365e-06
3.12365e-06
3.12364e-06
3.12363e-06
3.12363e-06
3.12362e-06
3.12362e-06
3.12361e-06
3.12361e-06
3.1236e-06
3.12359e-06
3.12359e-06
3.12358e-06
3.12358e-06
3.12357e-06
3.12356e-06
3.12355e-06
3.12354e-06
3.12353e-06
3.12352e-06
3.1235e-06
3.12348e-06
3.12346e-06
3.12344e-06
3.12342e-06
3.1234e-06
3.12337e-06
3.12335e-06
3.12333e-06
3.12332e-06
3.12331e-06
3.12331e-06
3.12332e-06
3.12333e-06
3.12334e-06
3.12335e-06
3.12336e-06
3.12337e-06
3.12339e-06
3.12343e-06
3.12348e-06
3.12355e-06
3.12364e-06
3.12376e-06
3.12309e-06
3.12316e-06
3.12323e-06
3.12331e-06
3.12338e-06
3.12345e-06
3.12351e-06
3.12358e-06
3.12363e-06
3.12368e-06
3.12372e-06
3.12376e-06
3.12379e-06
3.12381e-06
3.12383e-06
3.12384e-06
3.12385e-06
3.12386e-06
3.12386e-06
3.12386e-06
3.12386e-06
3.12386e-06
3.12385e-06
3.12384e-06
3.12383e-06
3.12381e-06
3.12379e-06
3.12378e-06
3.12376e-06
3.12374e-06
3.12372e-06
3.1237e-06
3.12368e-06
3.12366e-06
3.12365e-06
3.12363e-06
3.12362e-06
3.12361e-06
3.12359e-06
3.12358e-06
3.12357e-06
3.12356e-06
3.12355e-06
3.12354e-06
3.12353e-06
3.12352e-06
3.12351e-06
3.1235e-06
3.12349e-06
3.12349e-06
3.12348e-06
3.12347e-06
3.12346e-06
3.12345e-06
3.12344e-06
3.12343e-06
3.12341e-06
3.1234e-06
3.12339e-06
3.12337e-06
3.12336e-06
3.12335e-06
3.12335e-06
3.12335e-06
3.12337e-06
3.12338e-06
3.12341e-06
3.12344e-06
3.12347e-06
3.1235e-06
3.12354e-06
3.12356e-06
3.12359e-06
3.12361e-06
3.12364e-06
3.12369e-06
3.12376e-06
3.12296e-06
3.12304e-06
3.12312e-06
3.1232e-06
3.12328e-06
3.12336e-06
3.12344e-06
3.1235e-06
3.12356e-06
3.12362e-06
3.12367e-06
3.12371e-06
3.12374e-06
3.12377e-06
3.1238e-06
3.12382e-06
3.12384e-06
3.12385e-06
3.12387e-06
3.12387e-06
3.12388e-06
3.12388e-06
3.12388e-06
3.12388e-06
3.12387e-06
3.12387e-06
3.12386e-06
3.12385e-06
3.12384e-06
3.12382e-06
3.12381e-06
3.12379e-06
3.12378e-06
3.12376e-06
3.12374e-06
3.12372e-06
3.1237e-06
3.12368e-06
3.12366e-06
3.12364e-06
3.12362e-06
3.12359e-06
3.12357e-06
3.12356e-06
3.12354e-06
3.12352e-06
3.12351e-06
3.1235e-06
3.12348e-06
3.12347e-06
3.12346e-06
3.12345e-06
3.12344e-06
3.12343e-06
3.12342e-06
3.12341e-06
3.1234e-06
3.12339e-06
3.12338e-06
3.12337e-06
3.12337e-06
3.12336e-06
3.12337e-06
3.12338e-06
3.1234e-06
3.12343e-06
3.12346e-06
3.1235e-06
3.12354e-06
3.12359e-06
3.12364e-06
3.1237e-06
3.12375e-06
3.1238e-06
3.12384e-06
3.12388e-06
3.1239e-06
3.12276e-06
3.12285e-06
3.12294e-06
3.12303e-06
3.12311e-06
3.1232e-06
3.12327e-06
3.12334e-06
3.12341e-06
3.12347e-06
3.12352e-06
3.12356e-06
3.1236e-06
3.12363e-06
3.12366e-06
3.12369e-06
3.12371e-06
3.12373e-06
3.12374e-06
3.12376e-06
3.12377e-06
3.12377e-06
3.12378e-06
3.12378e-06
3.12378e-06
3.12378e-06
3.12377e-06
3.12377e-06
3.12376e-06
3.12375e-06
3.12375e-06
3.12374e-06
3.12372e-06
3.12371e-06
3.1237e-06
3.12369e-06
3.12367e-06
3.12366e-06
3.12364e-06
3.12363e-06
3.12361e-06
3.1236e-06
3.12358e-06
3.12356e-06
3.12355e-06
3.12353e-06
3.12351e-06
3.1235e-06
3.12348e-06
3.12346e-06
3.12344e-06
3.12343e-06
3.12341e-06
3.12339e-06
3.12338e-06
3.12337e-06
3.12336e-06
3.12335e-06
3.12334e-06
3.12333e-06
3.12333e-06
3.12334e-06
3.12335e-06
3.12336e-06
3.12338e-06
3.12341e-06
3.12344e-06
3.12348e-06
3.12353e-06
3.12359e-06
3.12365e-06
3.12371e-06
3.12378e-06
3.12385e-06
3.12392e-06
3.12399e-06
3.12405e-06
3.12249e-06
3.12258e-06
3.12267e-06
3.12277e-06
3.12286e-06
3.12295e-06
3.12302e-06
3.12309e-06
3.12316e-06
3.12321e-06
3.12327e-06
3.12331e-06
3.12335e-06
3.12338e-06
3.12341e-06
3.12344e-06
3.12346e-06
3.12348e-06
3.12349e-06
3.12351e-06
3.12352e-06
3.12352e-06
3.12353e-06
3.12353e-06
3.12353e-06
3.12354e-06
3.12353e-06
3.12353e-06
3.12353e-06
3.12352e-06
3.12352e-06
3.12351e-06
3.1235e-06
3.1235e-06
3.12349e-06
3.12348e-06
3.12347e-06
3.12346e-06
3.12345e-06
3.12344e-06
3.12343e-06
3.12342e-06
3.12341e-06
3.1234e-06
3.12339e-06
3.12338e-06
3.12337e-06
3.12336e-06
3.12335e-06
3.12334e-06
3.12333e-06
3.12332e-06
3.12331e-06
3.1233e-06
3.1233e-06
3.12329e-06
3.12328e-06
3.12328e-06
3.12327e-06
3.12327e-06
3.12327e-06
3.12327e-06
3.12328e-06
3.12329e-06
3.12331e-06
3.12333e-06
3.12336e-06
3.12339e-06
3.12344e-06
3.12349e-06
3.12355e-06
3.12361e-06
3.12369e-06
3.12377e-06
3.12385e-06
3.12394e-06
3.12403e-06
3.12214e-06
3.12223e-06
3.12232e-06
3.12242e-06
3.12251e-06
3.1226e-06
3.12267e-06
3.12274e-06
3.1228e-06
3.12286e-06
3.1229e-06
3.12294e-06
3.12298e-06
3.12301e-06
3.12304e-06
3.12306e-06
3.12308e-06
3.12309e-06
3.12311e-06
3.12312e-06
3.12312e-06
3.12313e-06
3.12313e-06
3.12314e-06
3.12314e-06
3.12314e-06
3.12313e-06
3.12313e-06
3.12313e-06
3.12312e-06
3.12312e-06
3.12311e-06
3.12311e-06
3.1231e-06
3.1231e-06
3.12309e-06
3.12309e-06
3.12308e-06
3.12307e-06
3.12307e-06
3.12306e-06
3.12306e-06
3.12305e-06
3.12305e-06
3.12304e-06
3.12304e-06
3.12304e-06
3.12304e-06
3.12303e-06
3.12303e-06
3.12303e-06
3.12303e-06
3.12303e-06
3.12303e-06
3.12303e-06
3.12303e-06
3.12304e-06
3.12304e-06
3.12304e-06
3.12305e-06
3.12305e-06
3.12306e-06
3.12307e-06
3.12308e-06
3.1231e-06
3.12312e-06
3.12315e-06
3.12318e-06
3.12322e-06
3.12326e-06
3.12331e-06
3.12338e-06
3.12345e-06
3.12353e-06
3.12362e-06
3.12371e-06
3.12381e-06
3.12168e-06
3.12178e-06
3.12187e-06
3.12197e-06
3.12206e-06
3.12214e-06
3.12221e-06
3.12227e-06
3.12233e-06
3.12238e-06
3.12242e-06
3.12245e-06
3.12248e-06
3.1225e-06
3.12252e-06
3.12254e-06
3.12255e-06
3.12256e-06
3.12257e-06
3.12258e-06
3.12258e-06
3.12258e-06
3.12258e-06
3.12258e-06
3.12258e-06
3.12257e-06
3.12257e-06
3.12256e-06
3.12256e-06
3.12255e-06
3.12255e-06
3.12254e-06
3.12253e-06
3.12253e-06
3.12252e-06
3.12252e-06
3.12251e-06
3.12251e-06
3.1225e-06
3.1225e-06
3.1225e-06
3.1225e-06
3.1225e-06
3.1225e-06
3.1225e-06
3.1225e-06
3.1225e-06
3.12251e-06
3.12251e-06
3.12252e-06
3.12252e-06
3.12253e-06
3.12254e-06
3.12255e-06
3.12256e-06
3.12258e-06
3.12259e-06
3.1226e-06
3.12262e-06
3.12263e-06
3.12265e-06
3.12267e-06
3.12269e-06
3.12271e-06
3.12273e-06
3.12276e-06
3.12279e-06
3.12282e-06
3.12286e-06
3.1229e-06
3.12295e-06
3.12301e-06
3.12307e-06
3.12315e-06
3.12323e-06
3.12332e-06
3.12343e-06
3.12121e-06
3.12131e-06
3.12139e-06
3.12147e-06
3.12154e-06
3.12161e-06
3.12166e-06
3.12171e-06
3.12175e-06
3.12178e-06
3.12181e-06
3.12183e-06
3.12185e-06
3.12186e-06
3.12187e-06
3.12187e-06
3.12188e-06
3.12188e-06
3.12187e-06
3.12187e-06
3.12187e-06
3.12186e-06
3.12185e-06
3.12184e-06
3.12183e-06
3.12183e-06
3.12182e-06
3.12181e-06
3.1218e-06
3.12179e-06
3.12178e-06
3.12177e-06
3.12176e-06
3.12176e-06
3.12175e-06
3.12174e-06
3.12174e-06
3.12173e-06
3.12173e-06
3.12173e-06
3.12173e-06
3.12173e-06
3.12173e-06
3.12173e-06
3.12174e-06
3.12174e-06
3.12175e-06
3.12176e-06
3.12177e-06
3.12178e-06
3.1218e-06
3.12181e-06
3.12183e-06
3.12185e-06
3.12187e-06
3.1219e-06
3.12192e-06
3.12195e-06
3.12198e-06
3.12201e-06
3.12204e-06
3.12207e-06
3.12211e-06
3.12215e-06
3.12218e-06
3.12222e-06
3.12226e-06
3.12231e-06
3.12235e-06
3.12241e-06
3.12246e-06
3.12253e-06
3.1226e-06
3.12268e-06
3.12276e-06
3.12286e-06
3.12051e-06
3.1206e-06
3.12068e-06
3.12075e-06
3.12082e-06
3.12087e-06
3.12092e-06
3.12095e-06
3.12098e-06
3.121e-06
3.12102e-06
3.12103e-06
3.12104e-06
3.12104e-06
3.12104e-06
3.12104e-06
3.12103e-06
3.12102e-06
3.12101e-06
3.121e-06
3.12099e-06
3.12097e-06
3.12096e-06
3.12094e-06
3.12093e-06
3.12091e-06
3.1209e-06
3.12088e-06
3.12086e-06
3.12085e-06
3.12083e-06
3.12082e-06
3.12081e-06
3.12079e-06
3.12078e-06
3.12077e-06
3.12076e-06
3.12075e-06
3.12074e-06
3.12074e-06
3.12073e-06
3.12073e-06
3.12073e-06
3.12073e-06
3.12073e-06
3.12073e-06
3.12074e-06
3.12075e-06
3.12076e-06
3.12077e-06
3.12079e-06
3.12081e-06
3.12083e-06
3.12085e-06
3.12088e-06
3.12091e-06
3.12095e-06
3.12098e-06
3.12102e-06
3.12107e-06
3.12111e-06
3.12116e-06
3.12121e-06
3.12127e-06
3.12132e-06
3.12138e-06
3.12144e-06
3.1215e-06
3.12156e-06
3.12162e-06
3.12169e-06
3.12176e-06
3.12183e-06
3.12191e-06
3.122e-06
3.1221e-06
3.11968e-06
3.11976e-06
3.11982e-06
3.11988e-06
3.11994e-06
3.11998e-06
3.12001e-06
3.12004e-06
3.12006e-06
3.12007e-06
3.12007e-06
3.12008e-06
3.12007e-06
3.12006e-06
3.12005e-06
3.12004e-06
3.12002e-06
3.12001e-06
3.11999e-06
3.11997e-06
3.11995e-06
3.11992e-06
3.1199e-06
3.11988e-06
3.11985e-06
3.11983e-06
3.1198e-06
3.11978e-06
3.11976e-06
3.11973e-06
3.11971e-06
3.11968e-06
3.11966e-06
3.11963e-06
3.11961e-06
3.11959e-06
3.11957e-06
3.11955e-06
3.11953e-06
3.11951e-06
3.11949e-06
3.11948e-06
3.11946e-06
3.11945e-06
3.11944e-06
3.11943e-06
3.11943e-06
3.11942e-06
3.11942e-06
3.11942e-06
3.11943e-06
3.11944e-06
3.11945e-06
3.11947e-06
3.11949e-06
3.11951e-06
3.11954e-06
3.11958e-06
3.11961e-06
3.11965e-06
3.1197e-06
3.11975e-06
3.11981e-06
3.11987e-06
3.11993e-06
3.12e-06
3.12007e-06
3.12015e-06
3.12023e-06
3.12031e-06
3.12039e-06
3.12048e-06
3.12057e-06
3.12067e-06
3.12077e-06
3.12087e-06
3.11869e-06
3.11875e-06
3.1188e-06
3.11885e-06
3.11889e-06
3.11892e-06
3.11894e-06
3.11895e-06
3.11896e-06
3.11896e-06
3.11896e-06
3.11895e-06
3.11894e-06
3.11892e-06
3.1189e-06
3.11888e-06
3.11886e-06
3.11883e-06
3.1188e-06
3.11878e-06
3.11875e-06
3.11872e-06
3.11869e-06
3.11865e-06
3.11862e-06
3.11859e-06
3.11855e-06
3.11852e-06
3.11848e-06
3.11845e-06
3.11841e-06
3.11837e-06
3.11833e-06
3.11829e-06
3.11825e-06
3.11821e-06
3.11817e-06
3.11813e-06
3.11808e-06
3.11804e-06
3.11801e-06
3.11797e-06
3.11793e-06
3.11789e-06
3.11786e-06
3.11782e-06
3.11779e-06
3.11777e-06
3.11774e-06
3.11773e-06
3.11771e-06
3.11771e-06
3.1177e-06
3.1177e-06
3.11771e-06
3.11772e-06
3.11774e-06
3.11776e-06
3.11779e-06
3.11782e-06
3.11786e-06
3.1179e-06
3.11795e-06
3.11801e-06
3.11807e-06
3.11813e-06
3.1182e-06
3.11828e-06
3.11836e-06
3.11845e-06
3.11854e-06
3.11864e-06
3.11874e-06
3.11885e-06
3.11897e-06
3.11909e-06
3.11752e-06
3.11756e-06
3.1176e-06
3.11763e-06
3.11765e-06
3.11766e-06
3.11767e-06
3.11768e-06
3.11768e-06
3.11767e-06
3.11766e-06
3.11764e-06
3.11763e-06
3.11761e-06
3.11758e-06
3.11756e-06
3.11753e-06
3.1175e-06
3.11747e-06
3.11744e-06
3.11741e-06
3.11737e-06
3.11734e-06
3.1173e-06
3.11726e-06
3.11722e-06
3.11718e-06
3.11714e-06
3.11709e-06
3.11704e-06
3.11699e-06
3.11693e-06
3.11687e-06
3.11681e-06
3.11675e-06
3.11668e-06
3.11661e-06
3.11655e-06
3.11648e-06
3.11642e-06
3.11636e-06
3.11631e-06
3.11625e-06
3.1162e-06
3.11615e-06
3.1161e-06
3.11607e-06
3.11604e-06
3.11604e-06
3.11604e-06
3.11605e-06
3.11608e-06
3.11611e-06
3.11615e-06
3.11619e-06
3.11624e-06
3.1163e-06
3.11634e-06
3.11638e-06
3.1164e-06
3.1164e-06
3.11642e-06
3.11645e-06
3.11645e-06
3.11651e-06
3.11656e-06
3.11661e-06
3.11664e-06
3.11666e-06
3.1167e-06
3.11673e-06
3.11677e-06
3.11681e-06
3.11686e-06
3.11692e-06
3.117e-06
3.11612e-06
3.11614e-06
3.11616e-06
3.11617e-06
3.11618e-06
3.11619e-06
3.11619e-06
3.11619e-06
3.11619e-06
3.11618e-06
3.11617e-06
3.11615e-06
3.11614e-06
3.11612e-06
3.1161e-06
3.11608e-06
3.11606e-06
3.11604e-06
3.11602e-06
3.11599e-06
3.11596e-06
3.11594e-06
3.11591e-06
3.11587e-06
3.11584e-06
3.1158e-06
3.11576e-06
3.11572e-06
3.11567e-06
3.11562e-06
3.11557e-06
3.11551e-06
3.11545e-06
3.11537e-06
3.11529e-06
3.11521e-06
3.11516e-06
3.11513e-06
3.11514e-06
3.11516e-06
3.11519e-06
3.11521e-06
3.11524e-06
3.11527e-06
3.1153e-06
3.11536e-06
3.11544e-06
3.11553e-06
3.11564e-06
3.11575e-06
3.11587e-06
3.116e-06
3.11613e-06
3.11627e-06
3.11642e-06
3.11657e-06
3.11672e-06
3.11689e-06
3.11706e-06
3.11724e-06
3.11742e-06
3.11762e-06
3.11816e-06
3.11828e-06
3.11832e-06
3.11879e-06
3.11902e-06
3.11943e-06
3.11979e-06
3.1201e-06
3.12037e-06
3.12059e-06
3.12077e-06
3.12091e-06
3.12102e-06
3.12109e-06
)
;

boundaryField
{
    walls
    {
        type            fixedValue;
        value           uniform 0;
    }
    frontAndBack
    {
        type            empty;
    }
    farfield
    {
        type            calculated;
        value           nonuniform List<scalar> 
76
(
3.11449e-06
3.11449e-06
3.11449e-06
3.11449e-06
3.11449e-06
3.11449e-06
3.11449e-06
3.11449e-06
3.11449e-06
3.11449e-06
3.11449e-06
3.11449e-06
3.11449e-06
3.11449e-06
3.11449e-06
3.11449e-06
3.11449e-06
3.11449e-06
3.11449e-06
3.11449e-06
3.11449e-06
3.11449e-06
3.11449e-06
3.11449e-06
3.11449e-06
3.11449e-06
3.11449e-06
3.11449e-06
3.11449e-06
3.11449e-06
3.11449e-06
3.11449e-06
3.11449e-06
3.11449e-06
3.11449e-06
3.11449e-06
3.11449e-06
3.11449e-06
3.11449e-06
3.11449e-06
3.11449e-06
3.11449e-06
3.11449e-06
3.11449e-06
3.11449e-06
3.11449e-06
3.11449e-06
3.11449e-06
3.11449e-06
3.11449e-06
3.11449e-06
3.11449e-06
3.11449e-06
3.11449e-06
3.11449e-06
3.11449e-06
3.11449e-06
3.11449e-06
3.11449e-06
3.11449e-06
3.11449e-06
3.11449e-06
3.11449e-06
3.11449e-06
3.11832e-06
3.11879e-06
3.11902e-06
3.11943e-06
3.11979e-06
3.1201e-06
3.12037e-06
3.12059e-06
3.12077e-06
3.12091e-06
3.12102e-06
3.12109e-06
)
;
    }
    procBoundary0to1
    {
        type            processor;
        value           nonuniform List<scalar> 
101
(
2.0727e-11
1.88647e-09
1.68398e-08
7.31499e-08
2.19856e-07
5.2429e-07
1.06156e-06
1.8968e-06
3.06455e-06
4.55222e-06
6.29467e-06
8.1823e-06
1.00795e-05
1.16616e-05
1.16616e-05
1.3139e-05
1.42846e-05
1.50836e-05
1.55891e-05
1.59609e-05
1.65215e-05
1.79564e-05
2.398e-05
3.65855e-05
5.7764e-05
8.78032e-05
0.000121427
0.000152041
0.000152041
0.000184158
0.000215608
0.000246911
0.00027862
0.000311351
0.000345861
0.000383102
0.000424259
0.000470805
0.000524642
0.000588576
0.00066965
0.000784508
0.000930214
0.00110505
0.00130905
0.00150147
0.00167227
0.00181299
0.00190916
0.0019394
0.00187527
0.00168177
0.00132112
0.000803324
0.000352962
0.000115961
2.75441e-05
1.01453e-05
6.47923e-06
5.29675e-06
4.72933e-06
4.3685e-06
4.10451e-06
3.9002e-06
3.73857e-06
3.60952e-06
3.50614e-06
3.42339e-06
3.35745e-06
3.30527e-06
3.26433e-06
3.23252e-06
3.20803e-06
3.18932e-06
3.1751e-06
3.1643e-06
3.15607e-06
3.14972e-06
3.14472e-06
3.14065e-06
3.1372e-06
3.13417e-06
3.1315e-06
3.12921e-06
3.12734e-06
3.1259e-06
3.12486e-06
3.12421e-06
3.12391e-06
3.12384e-06
3.12394e-06
3.12411e-06
3.12412e-06
3.12392e-06
3.12354e-06
3.12297e-06
3.1222e-06
3.12099e-06
3.11921e-06
3.11708e-06
3.12113e-06
)
;
    }
    procBoundary0to2
    {
        type            processor;
        value           nonuniform List<scalar> 
113
(
8.2974e-11
6.91471e-09
5.47856e-08
2.08462e-07
5.42903e-07
1.10974e-06
1.90348e-06
2.84346e-06
3.78253e-06
1.01572e-05
1.01572e-05
2.99694e-05
2.99694e-05
7.20984e-05
7.20984e-05
8.07005e-05
8.59388e-05
8.69111e-05
8.27683e-05
7.28663e-05
5.74588e-05
3.88109e-05
2.12747e-05
9.34556e-06
4.53752e-06
2.9304e-06
2.65085e-06
2.77299e-06
2.87642e-06
2.919e-06
3.03311e-06
3.1369e-06
3.19335e-06
3.19335e-06
3.32276e-06
3.34032e-06
3.34515e-06
3.34099e-06
3.3537e-06
3.37432e-06
3.38599e-06
3.35304e-06
3.30137e-06
3.27972e-06
3.2751e-06
3.26529e-06
3.17196e-06
3.18541e-06
3.1997e-06
3.21427e-06
3.23033e-06
3.24554e-06
3.24554e-06
3.15757e-06
3.15555e-06
3.15389e-06
3.15234e-06
3.15094e-06
3.14971e-06
3.14871e-06
3.14871e-06
3.1366e-06
3.13761e-06
3.1368e-06
3.1368e-06
3.14669e-06
3.14619e-06
3.14576e-06
3.14525e-06
3.14468e-06
3.14407e-06
3.14341e-06
3.14268e-06
3.14186e-06
3.14091e-06
3.13981e-06
3.13854e-06
3.13707e-06
3.13543e-06
3.13373e-06
3.13207e-06
3.13036e-06
3.13036e-06
3.12938e-06
3.12845e-06
3.12759e-06
3.12681e-06
3.12611e-06
3.12548e-06
3.12493e-06
3.12445e-06
3.12405e-06
3.12371e-06
3.12346e-06
3.12327e-06
3.12315e-06
3.1231e-06
3.12311e-06
3.12317e-06
3.12316e-06
3.12308e-06
3.12293e-06
3.12271e-06
3.12242e-06
3.12205e-06
3.12159e-06
3.12111e-06
3.12111e-06
3.12041e-06
3.11959e-06
3.11862e-06
3.11747e-06
3.1161e-06
)
;
    }
}


// ************************************************************************* //
