/*--------------------------------*- C++ -*----------------------------------*\
| =========                 |                                                 |
| \\      /  F ield         | OpenFOAM: The Open Source CFD Toolbox           |
|  \\    /   O peration     | Version:  2412                                  |
|   \\  /    A nd           | Website:  www.openfoam.com                      |
|    \\/     M anipulation  |                                                 |
\*---------------------------------------------------------------------------*/
FoamFile
{
    version     2.0;
    format      ascii;
    arch        "LSB;label=32;scalar=64";
    class       volScalarField;
    location    "40";
    object      p;
}
// * * * * * * * * * * * * * * * * * * * * * * * * * * * * * * * * * * * * * //

dimensions      [0 2 -2 0 0 0 0];

internalField   nonuniform List<scalar> 
7423
(
-834.858
-1539.89
-2022.79
-2222.64
-2209.19
-2022.59
-1887.77
-1792.32
-1702.82
-1620.67
-1543.35
-1468.86
-1397.65
-1331.07
-1270
-1214.19
-1163.09
-1116
-1072.34
-1031.69
-993.614
-957.832
-924.028
-892.005
-861.553
-832.513
-804.738
-778.128
-752.569
-727.999
-704.335
-681.513
-659.478
-638.181
-617.569
-597.607
-578.252
-559.477
-541.251
-523.548
-506.344
-489.622
-473.361
-457.547
-442.162
-427.191
-412.632
-398.471
-384.694
-371.284
-358.254
-345.582
-333.251
-321.269
-309.618
-298.287
-287.271
-276.556
-266.119
-255.943
-246.025
-236.367
-226.964
-217.807
-208.892
-200.21
-191.757
-183.523
-175.503
-167.691
-160.079
-152.662
-145.433
-138.401
-131.538
-124.731
-834.85
-1539.9
-2022.78
-2222.63
-2209.18
-2022.58
-1887.77
-1792.32
-1702.82
-1620.67
-1543.35
-1468.86
-1397.65
-1331.07
-1270
-1214.19
-1163.09
-1116
-1072.34
-1031.69
-993.614
-957.832
-924.028
-892.005
-861.553
-832.512
-804.737
-778.127
-752.568
-727.998
-704.334
-681.512
-659.478
-638.18
-617.568
-597.606
-578.251
-559.476
-541.25
-523.547
-506.343
-489.621
-473.36
-457.546
-442.161
-427.19
-412.631
-398.47
-384.693
-371.283
-358.253
-345.581
-333.25
-321.268
-309.617
-298.285
-287.27
-276.555
-266.118
-255.942
-246.024
-236.366
-226.962
-217.806
-208.891
-200.209
-191.755
-183.522
-175.502
-167.69
-160.078
-152.661
-145.432
-138.399
-131.537
-124.73
-834.815
-1539.84
-2022.72
-2222.6
-2209.17
-2022.58
-1887.77
-1792.32
-1702.82
-1620.67
-1543.35
-1468.86
-1397.65
-1331.07
-1270
-1214.19
-1163.09
-1116
-1072.34
-1031.69
-993.613
-957.831
-924.027
-892.005
-861.552
-832.512
-804.737
-778.126
-752.568
-727.997
-704.333
-681.511
-659.477
-638.179
-617.567
-597.605
-578.25
-559.475
-541.249
-523.546
-506.342
-489.62
-473.358
-457.545
-442.159
-427.189
-412.629
-398.469
-384.692
-371.282
-358.252
-345.58
-333.248
-321.266
-309.616
-298.284
-287.268
-276.553
-266.116
-255.94
-246.023
-236.364
-226.961
-217.805
-208.889
-200.208
-191.754
-183.521
-175.501
-167.688
-160.077
-152.66
-145.43
-138.398
-131.535
-124.729
-834.717
-1539.68
-2022.58
-2222.52
-2209.13
-2022.57
-1887.76
-1792.32
-1702.82
-1620.67
-1543.35
-1468.86
-1397.65
-1331.07
-1270
-1214.19
-1163.09
-1116
-1072.34
-1031.69
-993.613
-957.831
-924.027
-892.004
-861.552
-832.511
-804.736
-778.126
-752.567
-727.996
-704.332
-681.51
-659.475
-638.178
-617.566
-597.603
-578.248
-559.473
-541.248
-523.544
-506.34
-489.618
-473.357
-457.543
-442.158
-427.187
-412.628
-398.467
-384.69
-371.28
-358.25
-345.578
-333.247
-321.264
-309.614
-298.282
-287.266
-276.552
-266.115
-255.939
-246.021
-236.363
-226.959
-217.803
-208.887
-200.206
-191.752
-183.519
-175.499
-167.687
-160.075
-152.658
-145.428
-138.396
-131.533
-124.727
-834.514
-1539.39
-2022.33
-2222.38
-2209.07
-2022.55
-1887.76
-1792.31
-1702.82
-1620.67
-1543.35
-1468.86
-1397.65
-1331.07
-1270
-1214.19
-1163.09
-1116
-1072.34
-1031.69
-993.612
-957.83
-924.026
-892.003
-861.551
-832.51
-804.735
-778.124
-752.565
-727.995
-704.331
-681.509
-659.474
-638.176
-617.564
-597.602
-578.247
-559.472
-541.246
-523.543
-506.339
-489.616
-473.355
-457.541
-442.156
-427.185
-412.626
-398.466
-384.688
-371.278
-358.248
-345.576
-333.245
-321.262
-309.612
-298.28
-287.264
-276.55
-266.113
-255.937
-246.019
-236.361
-226.957
-217.801
-208.885
-200.204
-191.75
-183.517
-175.497
-167.685
-160.073
-152.656
-145.426
-138.394
-131.531
-124.725
-834.15
-1538.9
-2021.9
-2222.13
-2208.95
-2022.51
-1887.73
-1792.3
-1702.81
-1620.66
-1543.35
-1468.86
-1397.65
-1331.07
-1270
-1214.19
-1163.08
-1116
-1072.34
-1031.69
-993.611
-957.829
-924.024
-892.002
-861.549
-832.508
-804.733
-778.123
-752.564
-727.993
-704.329
-681.507
-659.472
-638.174
-617.563
-597.6
-578.245
-559.47
-541.244
-523.541
-506.337
-489.614
-473.353
-457.539
-442.154
-427.183
-412.624
-398.463
-384.686
-371.276
-358.246
-345.574
-333.243
-321.26
-309.61
-298.278
-287.262
-276.547
-266.11
-255.934
-246.017
-236.358
-226.955
-217.799
-208.883
-200.202
-191.748
-183.515
-175.495
-167.682
-160.071
-152.654
-145.424
-138.392
-131.529
-124.723
-833.564
-1538.13
-2021.23
-2221.73
-2208.75
-2022.43
-1887.7
-1792.28
-1702.8
-1620.66
-1543.34
-1468.86
-1397.65
-1331.07
-1269.99
-1214.19
-1163.08
-1115.99
-1072.33
-1031.69
-993.608
-957.826
-924.022
-891.999
-861.547
-832.506
-804.731
-778.121
-752.562
-727.991
-704.327
-681.505
-659.47
-638.172
-617.56
-597.598
-578.243
-559.468
-541.242
-523.538
-506.334
-489.612
-473.351
-457.537
-442.152
-427.181
-412.622
-398.461
-384.684
-371.274
-358.244
-345.572
-333.24
-321.258
-309.608
-298.276
-287.26
-276.545
-266.108
-255.932
-246.014
-236.356
-226.953
-217.797
-208.881
-200.199
-191.746
-183.512
-175.493
-167.68
-160.069
-152.652
-145.422
-138.39
-131.527
-124.721
-832.693
-1537
-2020.26
-2221.14
-2208.44
-2022.29
-1887.63
-1792.24
-1702.78
-1620.64
-1543.34
-1468.85
-1397.64
-1331.06
-1269.99
-1214.18
-1163.08
-1115.99
-1072.33
-1031.69
-993.605
-957.823
-924.019
-891.996
-861.544
-832.503
-804.728
-778.118
-752.559
-727.988
-704.324
-681.502
-659.467
-638.169
-617.558
-597.595
-578.24
-559.465
-541.239
-523.536
-506.332
-489.609
-473.348
-457.534
-442.149
-427.178
-412.619
-398.458
-384.681
-371.271
-358.241
-345.569
-333.238
-321.255
-309.605
-298.273
-287.257
-276.543
-266.106
-255.93
-246.012
-236.354
-226.95
-217.794
-208.879
-200.197
-191.743
-183.51
-175.49
-167.678
-160.066
-152.649
-145.419
-138.387
-131.525
-124.718
-831.474
-1535.44
-2018.92
-2220.33
-2208.01
-2022.09
-1887.53
-1792.18
-1702.75
-1620.62
-1543.32
-1468.84
-1397.63
-1331.05
-1269.98
-1214.18
-1163.07
-1115.98
-1072.32
-1031.68
-993.6
-957.818
-924.014
-891.992
-861.54
-832.499
-804.724
-778.114
-752.555
-727.985
-704.321
-681.499
-659.464
-638.166
-617.555
-597.592
-578.237
-559.462
-541.236
-523.533
-506.329
-489.606
-473.345
-457.531
-442.146
-427.175
-412.616
-398.456
-384.678
-371.268
-358.238
-345.566
-333.235
-321.253
-309.602
-298.271
-287.255
-276.54
-266.103
-255.927
-246.009
-236.351
-226.948
-217.791
-208.876
-200.194
-191.741
-183.507
-175.488
-167.675
-160.064
-152.646
-145.417
-138.385
-131.522
-124.716
-1533.39
-2017.19
-2219.28
-2207.46
-2021.82
-1887.38
-1792.1
-1702.7
-1620.59
-1543.3
-1468.82
-1397.62
-1331.04
-1269.97
-1214.17
-1163.06
-1115.97
-1072.31
-1031.67
-993.592
-957.811
-924.008
-891.986
-861.534
-832.494
-804.719
-778.109
-752.551
-727.98
-704.316
-681.495
-659.46
-638.162
-617.55
-597.588
-578.233
-559.458
-541.232
-523.529
-506.325
-489.603
-473.341
-457.528
-442.142
-427.172
-412.612
-398.452
-384.675
-371.265
-358.235
-345.563
-333.232
-321.249
-309.599
-298.267
-287.252
-276.537
-266.1
-255.924
-246.006
-236.348
-226.945
-217.788
-208.873
-200.191
-191.738
-183.504
-175.485
-167.672
-160.061
-152.644
-145.414
-138.382
-131.519
-124.713
-2014.99
-2217.96
-2206.76
-2021.47
-1887.19
-1791.98
-1702.63
-1620.55
-1543.28
-1468.8
-1397.6
-1331.02
-1269.95
-1214.15
-1163.05
-1115.96
-1072.3
-1031.66
-993.582
-957.801
-923.999
-891.977
-861.526
-832.486
-804.712
-778.103
-752.544
-727.974
-704.311
-681.489
-659.454
-638.157
-617.545
-597.583
-578.228
-559.453
-541.227
-523.524
-506.321
-489.598
-473.337
-457.523
-442.138
-427.168
-412.609
-398.448
-384.671
-371.261
-358.231
-345.559
-333.228
-321.246
-309.595
-298.264
-287.248
-276.533
-266.096
-255.92
-246.003
-236.345
-226.941
-217.785
-208.87
-200.188
-191.734
-183.501
-175.482
-167.669
-160.058
-152.64
-145.411
-138.379
-131.516
-124.71
-2216.33
-2205.9
-2021.04
-1886.95
-1791.83
-1702.54
-1620.5
-1543.24
-1468.77
-1397.57
-1331
-1269.93
-1214.13
-1163.03
-1115.94
-1072.29
-1031.65
-993.568
-957.789
-923.987
-891.966
-861.516
-832.477
-804.703
-778.094
-752.536
-727.966
-704.303
-681.482
-659.448
-638.15
-617.539
-597.577
-578.222
-559.448
-541.222
-523.519
-506.315
-489.593
-473.332
-457.519
-442.133
-427.163
-412.604
-398.444
-384.667
-371.257
-358.227
-345.555
-333.224
-321.242
-309.591
-298.26
-287.244
-276.53
-266.093
-255.917
-245.999
-236.341
-226.938
-217.782
-208.866
-200.185
-191.731
-183.498
-175.478
-167.666
-160.054
-152.637
-145.408
-138.375
-131.513
-124.706
-2214.3
-2204.85
-2020.51
-1886.65
-1791.65
-1702.43
-1620.43
-1543.2
-1468.74
-1397.54
-1330.97
-1269.91
-1214.11
-1163
-1115.92
-1072.27
-1031.63
-993.55
-957.772
-923.972
-891.952
-861.502
-832.464
-804.691
-778.083
-752.526
-727.957
-704.294
-681.473
-659.439
-638.142
-617.531
-597.57
-578.215
-559.441
-541.215
-523.512
-506.309
-489.587
-473.326
-457.513
-442.128
-427.158
-412.599
-398.439
-384.662
-371.252
-358.222
-345.551
-333.219
-321.237
-309.587
-298.256
-287.24
-276.525
-266.088
-255.913
-245.995
-236.337
-226.934
-217.778
-208.862
-200.181
-191.727
-183.494
-175.474
-167.662
-160.05
-152.633
-145.404
-138.372
-131.509
-124.702
-2211.79
-2203.55
-2019.87
-1886.29
-1791.43
-1702.29
-1620.35
-1543.14
-1468.69
-1397.5
-1330.93
-1269.87
-1214.07
-1162.97
-1115.89
-1072.24
-1031.6
-993.528
-957.752
-923.953
-891.934
-861.486
-832.449
-804.677
-778.069
-752.513
-727.945
-704.282
-681.462
-659.429
-638.132
-617.522
-597.561
-578.206
-559.432
-541.207
-523.505
-506.302
-489.58
-473.319
-457.506
-442.121
-427.151
-412.593
-398.433
-384.656
-371.246
-358.217
-345.545
-333.214
-321.232
-309.582
-298.251
-287.235
-276.52
-266.084
-255.908
-245.991
-236.332
-226.929
-217.773
-208.858
-200.176
-191.723
-183.49
-175.47
-167.658
-160.046
-152.629
-145.4
-138.368
-131.505
-2208.67
-2201.95
-2019.07
-1885.85
-1791.15
-1702.12
-1620.24
-1543.07
-1468.64
-1397.46
-1330.89
-1269.83
-1214.04
-1162.94
-1115.86
-1072.21
-1031.57
-993.501
-957.726
-923.929
-891.912
-861.465
-832.429
-804.659
-778.052
-752.497
-727.93
-704.268
-681.449
-659.416
-638.121
-617.511
-597.55
-578.196
-559.423
-541.198
-523.496
-506.293
-489.572
-473.311
-457.498
-442.114
-427.144
-412.585
-398.426
-384.649
-371.239
-358.21
-345.539
-333.208
-321.226
-309.576
-298.245
-287.23
-276.515
-266.078
-255.903
-245.985
-236.327
-226.924
-217.768
-208.853
-200.172
-191.718
-183.485
-175.465
-167.653
-160.042
-152.625
-145.395
-138.363
-131.5
-2204.81
-2199.97
-2018.08
-1885.3
-1790.81
-1701.91
-1620.12
-1542.98
-1468.58
-1397.4
-1330.84
-1269.78
-1213.99
-1162.89
-1115.82
-1072.17
-1031.54
-993.469
-957.696
-923.901
-891.886
-861.44
-832.406
-804.637
-778.032
-752.478
-727.911
-704.251
-681.433
-659.401
-638.106
-617.497
-597.537
-578.184
-559.411
-541.187
-523.485
-506.283
-489.562
-473.302
-457.489
-442.105
-427.136
-412.577
-398.418
-384.642
-371.232
-358.203
-345.532
-333.201
-321.22
-309.57
-298.239
-287.223
-276.509
-266.072
-255.897
-245.98
-236.322
-226.919
-217.763
-208.848
-200.166
-191.713
-183.48
-175.46
-167.648
-160.037
-152.62
-145.39
-138.358
-131.495
-2200.03
-2197.51
-2016.86
-1884.62
-1790.4
-1701.65
-1619.96
-1542.88
-1468.5
-1397.33
-1330.78
-1269.72
-1213.93
-1162.84
-1115.77
-1072.13
-1031.5
-993.43
-957.66
-923.867
-891.854
-861.411
-832.378
-804.611
-778.007
-752.455
-727.89
-704.231
-681.414
-659.383
-638.089
-617.481
-597.522
-578.169
-559.397
-541.174
-523.473
-506.271
-489.55
-473.291
-457.479
-442.095
-427.126
-412.568
-398.409
-384.633
-371.223
-358.195
-345.524
-333.193
-321.212
-309.562
-298.231
-287.216
-276.502
-266.066
-255.89
-245.973
-236.316
-226.913
-217.757
-208.842
-200.161
-191.707
-183.474
-175.455
-167.642
-160.031
-152.614
-145.385
-138.353
-131.49
-2194.1
-2194.45
-2015.33
-1883.78
-1789.89
-1701.34
-1619.76
-1542.75
-1468.4
-1397.25
-1330.7
-1269.65
-1213.87
-1162.78
-1115.71
-1072.07
-1031.45
-993.384
-957.617
-923.827
-891.816
-861.376
-832.345
-804.58
-777.978
-752.427
-727.864
-704.207
-681.391
-659.362
-638.069
-617.462
-597.504
-578.152
-559.381
-541.158
-523.458
-506.257
-489.537
-473.278
-457.466
-442.083
-427.115
-412.557
-398.398
-384.623
-371.214
-358.185
-345.515
-333.185
-321.203
-309.554
-298.223
-287.208
-276.494
-266.058
-255.883
-245.966
-236.308
-226.906
-217.75
-208.835
-200.154
-191.701
-183.468
-175.448
-167.636
-160.025
-152.608
-145.378
-138.346
-131.483
-2186.77
-2190.64
-2013.42
-1882.74
-1789.27
-1700.95
-1619.51
-1542.59
-1468.28
-1397.16
-1330.62
-1269.57
-1213.79
-1162.71
-1115.65
-1072.01
-1031.39
-993.33
-957.567
-923.78
-891.773
-861.334
-832.307
-804.544
-777.944
-752.395
-727.834
-704.178
-681.364
-659.336
-638.045
-617.44
-597.482
-578.132
-559.362
-541.14
-523.441
-506.241
-489.521
-473.263
-457.452
-442.07
-427.102
-412.545
-398.386
-384.611
-371.203
-358.175
-345.505
-333.175
-321.194
-309.545
-298.214
-287.199
-276.486
-266.05
-255.875
-245.958
-236.301
-226.898
-217.742
-208.828
-200.147
-191.693
-183.46
-175.441
-167.629
-160.018
-152.601
-145.371
-138.339
-131.476
-2177.83
-2185.83
-2011.02
-1881.43
-1788.49
-1700.47
-1619.21
-1542.39
-1468.14
-1397.04
-1330.51
-1269.48
-1213.71
-1162.63
-1115.57
-1071.94
-1031.32
-993.268
-957.509
-923.726
-891.722
-861.287
-832.262
-804.501
-777.904
-752.358
-727.799
-704.145
-681.333
-659.307
-638.017
-617.413
-597.458
-578.109
-559.34
-541.119
-523.421
-506.222
-489.504
-473.246
-457.436
-442.054
-427.087
-412.53
-398.373
-384.598
-371.19
-358.163
-345.493
-333.163
-321.183
-309.534
-298.204
-287.189
-276.476
-266.04
-255.866
-245.949
-236.292
-226.889
-217.734
-208.819
-200.138
-191.685
-183.452
-175.433
-167.621
-160.01
-152.593
-145.364
-138.332
-131.469
-2167.51
-2179.55
-2008
-1879.79
-1787.53
-1699.87
-1618.83
-1542.14
-1467.97
-1396.9
-1330.39
-1269.37
-1213.61
-1162.54
-1115.48
-1071.86
-1031.25
-993.197
-957.442
-923.663
-891.663
-861.232
-832.21
-804.453
-777.859
-752.315
-727.758
-704.107
-681.297
-659.273
-637.985
-617.383
-597.429
-578.082
-559.315
-541.095
-523.398
-506.2
-489.483
-473.227
-457.418
-442.036
-427.07
-412.514
-398.357
-384.583
-371.176
-358.149
-345.48
-333.15
-321.17
-309.522
-298.192
-287.178
-276.465
-266.029
-255.855
-245.939
-236.281
-226.879
-217.724
-208.809
-200.129
-191.676
-183.443
-175.424
-167.612
-160.001
-152.584
-145.355
-138.323
-131.46
-2156.42
-2171.26
-2004.16
-1877.71
-1786.32
-1699.12
-1618.36
-1541.83
-1467.75
-1396.73
-1330.25
-1269.24
-1213.49
-1162.43
-1115.38
-1071.76
-1031.16
-993.115
-957.365
-923.591
-891.596
-861.169
-832.151
-804.397
-777.806
-752.265
-727.711
-704.063
-681.255
-659.234
-637.948
-617.348
-597.396
-578.051
-559.285
-541.068
-523.372
-506.175
-489.46
-473.204
-457.396
-442.016
-427.051
-412.496
-398.34
-384.566
-371.16
-358.133
-345.464
-333.136
-321.156
-309.508
-298.179
-287.165
-276.452
-266.017
-255.843
-245.927
-236.27
-226.868
-217.713
-208.799
-200.118
-191.665
-183.433
-175.414
-167.602
-159.991
-152.574
-145.345
-138.313
-131.45
-2143.76
-2161.29
-1999.29
-1875.07
-1784.8
-1698.18
-1617.76
-1541.44
-1467.48
-1396.53
-1330.08
-1269.09
-1213.35
-1162.3
-1115.27
-1071.66
-1031.06
-993.02
-957.277
-923.509
-891.519
-861.096
-832.083
-804.333
-777.746
-752.208
-727.658
-704.012
-681.207
-659.189
-637.906
-617.308
-597.358
-578.015
-559.251
-541.036
-523.342
-506.147
-489.432
-473.179
-457.372
-441.993
-427.029
-412.475
-398.32
-384.547
-371.141
-358.116
-345.448
-333.12
-321.141
-309.493
-298.164
-287.151
-276.439
-266.004
-255.83
-245.914
-236.257
-226.856
-217.701
-208.787
-200.106
-191.653
-183.421
-175.402
-167.59
-159.979
-152.563
-145.334
-138.302
-131.438
-2128.31
-2150.27
-1993.21
-1871.71
-1782.87
-1697
-1617
-1540.94
-1467.13
-1396.27
-1329.87
-1268.91
-1213.19
-1162.15
-1115.13
-1071.53
-1030.94
-992.911
-957.176
-923.414
-891.43
-861.013
-832.005
-804.26
-777.677
-752.143
-727.596
-703.954
-681.153
-659.137
-637.857
-617.262
-597.315
-577.974
-559.213
-540.999
-523.307
-506.114
-489.401
-473.149
-457.344
-441.966
-427.003
-412.451
-398.297
-384.525
-371.121
-358.096
-345.429
-333.102
-321.123
-309.476
-298.148
-287.135
-276.423
-265.988
-255.815
-245.899
-236.243
-226.842
-217.687
-208.773
-200.093
-191.64
-183.408
-175.389
-167.578
-159.967
-152.55
-145.321
-138.289
-131.425
-2110.24
-2138.27
-1985.53
-1867.46
-1780.4
-1695.48
-1616.03
-1540.3
-1466.69
-1395.94
-1329.61
-1268.69
-1212.99
-1161.98
-1114.97
-1071.38
-1030.81
-992.786
-957.059
-923.306
-891.329
-860.918
-831.916
-804.176
-777.598
-752.069
-727.526
-703.888
-681.09
-659.078
-637.801
-617.209
-597.265
-577.927
-559.168
-540.957
-523.268
-506.077
-489.366
-473.116
-457.312
-441.936
-426.975
-412.423
-398.271
-384.501
-371.097
-358.073
-345.407
-333.081
-321.103
-309.457
-298.13
-287.117
-276.406
-265.971
-255.798
-245.883
-236.227
-226.826
-217.672
-208.758
-200.078
-191.625
-183.394
-175.375
-167.563
-159.952
-152.536
-145.307
-138.275
-131.411
-2089.91
-2125.7
-1975.66
-1862.06
-1777.27
-1693.55
-1614.78
-1539.48
-1466.12
-1395.53
-1329.28
-1268.42
-1212.76
-1161.77
-1114.78
-1071.21
-1030.65
-992.641
-956.925
-923.181
-891.212
-860.81
-831.814
-804.08
-777.508
-751.985
-727.447
-703.813
-681.019
-659.011
-637.738
-617.15
-597.209
-577.874
-559.118
-540.909
-523.223
-506.034
-489.325
-473.077
-457.276
-441.902
-426.942
-412.392
-398.241
-384.473
-371.07
-358.048
-345.383
-333.057
-321.081
-309.436
-298.109
-287.097
-276.386
-265.952
-255.78
-245.865
-236.209
-226.808
-217.654
-208.741
-200.061
-191.609
-183.377
-175.359
-167.547
-159.936
-152.52
-145.291
-138.259
-131.395
-2067.09
-2111.69
-1964.01
-1855.33
-1773.27
-1691.05
-1613.16
-1538.41
-1465.39
-1395
-1328.87
-1268.08
-1212.47
-1161.52
-1114.56
-1071.01
-1030.46
-992.472
-956.769
-923.037
-891.078
-860.685
-831.697
-803.971
-777.405
-751.888
-727.355
-703.727
-680.938
-658.935
-637.666
-617.081
-597.144
-577.813
-559.06
-540.855
-523.171
-505.985
-489.279
-473.033
-457.234
-441.862
-426.904
-412.357
-398.207
-384.44
-371.04
-358.019
-345.355
-333.031
-321.055
-309.411
-298.085
-287.074
-276.364
-265.931
-255.759
-245.844
-236.189
-226.789
-217.635
-208.722
-200.042
-191.59
-183.359
-175.34
-167.529
-159.918
-152.502
-145.273
-138.242
-2041.63
-2094.89
-1951.57
-1847.08
-1768.22
-1687.84
-1611.05
-1537.01
-1464.44
-1394.31
-1328.35
-1267.66
-1212.12
-1161.21
-1114.29
-1070.77
-1030.25
-992.274
-956.587
-922.869
-890.923
-860.54
-831.563
-803.845
-777.287
-751.777
-727.251
-703.629
-680.846
-658.847
-637.584
-617.004
-597.071
-577.744
-558.995
-540.793
-523.113
-505.93
-489.227
-472.984
-457.187
-441.817
-426.862
-412.316
-398.169
-384.404
-371.005
-357.985
-345.323
-333.001
-321.026
-309.383
-298.058
-287.048
-276.339
-265.906
-255.735
-245.821
-236.166
-226.766
-217.613
-208.7
-200.021
-191.57
-183.338
-175.32
-167.509
-159.899
-152.482
-145.254
-138.222
-2013.39
-2076.09
-1938.18
-1837.15
-1761.9
-1683.72
-1608.31
-1535.18
-1463.2
-1393.43
-1327.69
-1267.13
-1211.68
-1160.84
-1113.96
-1070.48
-1029.99
-992.04
-956.374
-922.674
-890.743
-860.373
-831.407
-803.701
-777.152
-751.651
-727.132
-703.517
-680.741
-658.748
-637.49
-616.915
-596.988
-577.665
-558.921
-540.723
-523.046
-505.867
-489.168
-472.927
-457.133
-441.767
-426.814
-412.271
-398.125
-384.362
-370.965
-357.948
-345.287
-332.966
-320.994
-309.352
-298.028
-287.019
-276.31
-265.878
-255.708
-245.795
-236.141
-226.741
-217.589
-208.676
-199.998
-191.546
-183.315
-175.297
-167.487
-159.876
-152.46
-145.232
-138.2
-2055.86
-1922.98
-1825.99
-1754.2
-1678.57
-1604.73
-1532.78
-1461.56
-1392.27
-1326.83
-1266.46
-1211.13
-1160.37
-1113.56
-1070.13
-1029.68
-991.761
-956.121
-922.443
-890.531
-860.179
-831.227
-803.533
-776.996
-751.505
-726.996
-703.389
-680.62
-658.635
-637.383
-616.815
-596.893
-577.576
-558.836
-540.643
-522.971
-505.796
-489.1
-472.863
-457.073
-441.709
-426.759
-412.219
-398.076
-384.315
-370.921
-357.905
-345.247
-332.928
-320.957
-309.316
-297.994
-286.986
-276.278
-265.847
-255.677
-245.765
-236.112
-226.713
-217.561
-208.65
-199.971
-191.52
-183.29
-175.272
-167.462
-159.852
-152.436
-145.207
-138.176
-2033.06
-1905.56
-1813.83
-1745.05
-1672.27
-1600.15
-1529.62
-1459.4
-1390.75
-1325.71
-1265.59
-1210.44
-1159.8
-1113.07
-1069.7
-1029.3
-991.426
-955.819
-922.17
-890.282
-859.95
-831.016
-803.338
-776.815
-751.336
-726.838
-703.241
-680.481
-658.504
-637.26
-616.7
-596.784
-577.473
-558.74
-540.552
-522.885
-505.715
-489.023
-472.791
-457.004
-441.644
-426.697
-412.16
-398.02
-384.262
-370.87
-357.857
-345.201
-332.884
-320.914
-309.276
-297.955
-286.948
-276.241
-265.811
-255.642
-245.731
-236.079
-226.682
-217.53
-208.619
-199.942
-191.492
-183.261
-175.244
-167.434
-159.824
-152.409
-145.18
-138.149
-2007.02
-1886.1
-1800.23
-1734.61
-1664.64
-1594.47
-1525.52
-1456.56
-1388.76
-1324.25
-1264.48
-1209.55
-1159.07
-1112.46
-1069.18
-1028.84
-991.02
-955.456
-921.843
-889.986
-859.68
-830.768
-803.11
-776.603
-751.14
-726.655
-703.07
-680.322
-658.355
-637.12
-616.568
-596.66
-577.356
-558.63
-540.449
-522.787
-505.622
-488.936
-472.708
-456.925
-441.569
-426.627
-412.093
-397.957
-384.202
-370.813
-357.802
-345.148
-332.834
-320.867
-309.23
-297.911
-286.905
-276.199
-265.77
-255.603
-245.693
-236.043
-226.646
-217.496
-208.586
-199.909
-191.459
-183.23
-175.213
-167.403
-159.794
-152.378
-145.15
-138.119
-1977.9
-1864.68
-1784.86
-1723.06
-1655.61
-1587.64
-1520.31
-1452.84
-1386.13
-1322.34
-1263.03
-1208.41
-1158.14
-1111.69
-1068.52
-1028.27
-990.523
-955.015
-921.449
-889.631
-859.358
-830.475
-802.84
-776.355
-750.91
-726.442
-702.872
-680.137
-658.182
-636.958
-616.416
-596.517
-577.223
-558.504
-540.33
-522.675
-505.517
-488.836
-472.614
-456.836
-441.485
-426.547
-412.017
-397.885
-384.133
-370.747
-357.74
-345.089
-332.778
-320.813
-309.179
-297.861
-286.857
-276.152
-265.724
-255.558
-245.65
-236.001
-226.606
-217.457
-208.547
-199.871
-191.423
-183.194
-175.178
-167.369
-159.76
-152.345
-145.117
-138.085
-1945.45
-1840.99
-1767.57
-1710.15
-1645.29
-1579.56
-1513.97
-1448.08
-1382.69
-1319.84
-1261.15
-1206.94
-1156.96
-1110.71
-1067.7
-1027.57
-989.91
-954.476
-920.971
-889.202
-858.971
-830.124
-802.52
-776.062
-750.64
-726.193
-702.641
-679.922
-657.981
-636.771
-616.24
-596.353
-577.068
-558.359
-540.194
-522.547
-505.396
-488.723
-472.506
-456.735
-441.389
-426.456
-411.931
-397.803
-384.056
-370.674
-357.67
-345.022
-332.714
-320.752
-309.12
-297.805
-286.802
-276.099
-265.672
-255.507
-245.601
-235.954
-226.56
-217.412
-208.505
-199.83
-191.382
-183.154
-175.139
-167.33
-159.722
-152.307
-145.08
-138.048
-1909.27
-1814.75
-1748.23
-1695.64
-1633.72
-1570.2
-1506.47
-1442.2
-1378.28
-1316.57
-1258.69
-1205.04
-1155.44
-1109.46
-1066.66
-1026.68
-989.148
-953.81
-920.384
-888.68
-858.503
-829.701
-802.137
-775.712
-750.32
-725.898
-702.369
-679.67
-657.747
-636.553
-616.037
-596.163
-576.89
-558.192
-540.037
-522.4
-505.258
-488.592
-472.383
-456.619
-441.279
-426.352
-411.833
-397.71
-383.967
-370.59
-357.59
-344.946
-332.641
-320.683
-309.054
-297.741
-286.741
-276.038
-265.613
-255.45
-245.546
-235.9
-226.508
-217.363
-208.456
-199.782
-191.336
-183.109
-175.095
-167.287
-159.679
-152.265
-145.039
-138.007
-1869.1
-1785.81
-1726.68
-1679.37
-1620.74
-1559.6
-1497.81
-1435.21
-1372.82
-1312.4
-1255.5
-1202.57
-1153.48
-1107.87
-1065.34
-1025.57
-988.193
-952.982
-919.659
-888.038
-857.931
-829.188
-801.674
-775.292
-749.937
-725.547
-702.046
-679.372
-657.472
-636.297
-615.799
-595.941
-576.684
-557.999
-539.856
-522.23
-505.098
-488.442
-472.242
-456.485
-441.153
-426.233
-411.72
-397.603
-383.867
-370.494
-357.499
-344.86
-332.559
-320.604
-308.978
-297.668
-286.67
-275.97
-265.546
-255.386
-245.484
-235.84
-226.45
-217.306
-208.401
-199.729
-191.284
-183.058
-175.045
-167.238
-159.632
-152.218
-144.992
-137.961
-1824.52
-1753.89
-1702.72
-1661.11
-1606.15
-1547.66
-1487.99
-1427.17
-1366.33
-1307.25
-1251.45
-1199.38
-1150.95
-1105.82
-1063.65
-1024.15
-986.988
-951.944
-918.755
-887.244
-857.227
-828.56
-801.11
-774.783
-749.475
-725.126
-701.661
-679.018
-657.146
-635.996
-615.52
-595.682
-576.442
-557.773
-539.646
-522.034
-504.914
-488.269
-472.079
-456.332
-441.009
-426.096
-411.591
-397.482
-383.751
-370.385
-357.396
-344.761
-332.465
-320.514
-308.892
-297.586
-286.591
-275.892
-265.471
-255.313
-245.413
-235.772
-226.384
-217.242
-208.339
-199.669
-191.225
-183.001
-174.989
-167.184
-159.578
-152.166
-144.94
-137.909
-1775.17
-1718.62
-1676.03
-1640.5
-1589.75
-1534.19
-1476.89
-1418.04
-1358.86
-1301.16
-1246.51
-1195.38
-1147.71
-1103.19
-1061.49
-1022.34
-985.461
-950.635
-917.622
-886.253
-856.354
-827.785
-800.418
-774.16
-748.914
-724.617
-701.197
-678.594
-656.756
-635.637
-615.189
-595.375
-576.158
-557.509
-539.4
-521.804
-504.699
-488.068
-471.891
-456.155
-440.842
-425.939
-411.443
-397.342
-383.619
-370.259
-357.277
-344.649
-332.358
-320.412
-308.795
-297.492
-286.5
-275.804
-265.385
-255.23
-245.333
-235.695
-226.31
-217.17
-208.269
-199.601
-191.159
-182.937
-174.926
-167.122
-159.518
-152.106
-144.882
-137.85
-1721.19
-1680
-1646.52
-1617.31
-1571.36
-1519.04
-1464.38
-1407.71
-1350.35
-1294.16
-1240.7
-1190.56
-1143.71
-1099.87
-1058.73
-1020.04
-983.521
-948.979
-916.195
-885.011
-855.264
-826.822
-799.562
-773.395
-748.226
-723.995
-700.633
-678.08
-656.287
-635.206
-614.793
-595.01
-575.82
-557.196
-539.109
-521.534
-504.448
-487.833
-471.671
-455.949
-440.649
-425.758
-411.272
-397.181
-383.467
-370.115
-357.14
-344.519
-332.235
-320.295
-308.683
-297.385
-286.397
-275.704
-265.288
-255.136
-245.243
-235.607
-226.225
-217.088
-208.19
-199.524
-191.084
-182.864
-174.855
-167.053
-159.449
-152.039
-144.816
-137.784
-1662.46
-1638.08
-1614.13
-1591.37
-1550.71
-1502.03
-1450.29
-1396.05
-1340.72
-1286.18
-1234.04
-1184.95
-1138.95
-1095.84
-1055.31
-1017.14
-981.059
-946.88
-914.392
-883.448
-853.898
-825.619
-798.496
-772.445
-747.376
-723.231
-699.942
-677.454
-655.716
-634.685
-614.315
-594.571
-575.416
-556.823
-538.764
-521.214
-504.15
-487.556
-471.413
-455.708
-440.423
-425.546
-411.073
-396.994
-383.291
-369.949
-356.983
-344.37
-332.093
-320.16
-308.554
-297.262
-286.278
-275.589
-265.177
-255.029
-245.14
-235.508
-226.129
-216.995
-208.1
-199.436
-190.999
-182.781
-174.775
-166.974
-159.372
-151.963
-144.741
-137.71
-1598.05
-1592.63
-1578.83
-1562.66
-1527.69
-1483.05
-1434.48
-1382.92
-1329.84
-1277.13
-1226.45
-1178.52
-1133.45
-1091.1
-1051.23
-1013.61
-978.009
-944.244
-912.116
-881.475
-852.18
-824.111
-797.165
-771.263
-746.321
-722.285
-699.091
-676.684
-655.018
-634.049
-613.735
-594.04
-574.928
-556.374
-538.35
-520.831
-503.796
-487.227
-471.107
-455.422
-440.157
-425.297
-410.84
-396.775
-383.085
-369.755
-356.801
-344.198
-331.93
-320.005
-308.407
-297.12
-286.143
-275.458
-265.05
-254.906
-245.022
-235.394
-226.019
-216.889
-207.997
-199.337
-190.903
-182.687
-174.683
-166.884
-159.284
-151.878
-144.657
-137.625
-1527.51
-1542.91
-1539.87
-1530.66
-1501.98
-1461.87
-1416.79
-1368.19
-1317.59
-1266.92
-1217.85
-1171.21
-1127.18
-1085.67
-1046.49
-1009.46
-974.375
-941.052
-909.312
-879.014
-850.021
-822.216
-795.497
-769.786
-745.007
-721.11
-698.035
-675.733
-654.158
-633.268
-613.024
-593.391
-574.334
-555.829
-537.848
-520.369
-503.369
-486.832
-470.74
-455.082
-439.84
-425.001
-410.565
-396.517
-382.843
-369.528
-356.587
-343.996
-331.739
-319.825
-308.235
-296.957
-285.986
-275.307
-264.904
-254.766
-244.887
-235.265
-225.894
-216.769
-207.881
-199.224
-190.793
-182.58
-174.579
-166.783
-159.185
-151.78
-144.561
-137.529
-1454.29
-1490.46
-1497.55
-1495.24
-1473.27
-1438.19
-1396.98
-1351.65
-1303.79
-1255.39
-1208.13
-1162.93
-1120.05
-1079.48
-1041.07
-1004.69
-970.156
-937.31
-905.987
-876.056
-847.387
-819.872
-793.414
-767.936
-743.364
-719.644
-696.723
-674.553
-653.093
-632.304
-612.148
-592.593
-573.606
-555.163
-537.237
-519.807
-502.852
-486.355
-470.299
-454.673
-439.461
-424.648
-410.236
-396.211
-382.556
-369.259
-356.335
-343.759
-331.515
-319.613
-308.035
-296.766
-285.803
-275.132
-264.736
-254.604
-244.732
-235.116
-225.751
-216.63
-207.747
-199.095
-190.668
-182.459
-174.46
-166.667
-159.072
-151.67
-144.453
-137.421
482.794
215.075
-128.746
-503.085
-864.762
-1153.08
-1377.89
-1435.22
-1452.14
-1456.59
-1441.55
-1411.89
-1374.87
-1333.1
-1288.26
-1242.36
-1197.13
-1153.54
-1111.96
-1072.45
-1034.91
-999.254
-965.326
-933
-902.13
-872.595
-844.279
-817.078
-790.901
-765.675
-741.332
-717.819
-695.086
-673.083
-651.77
-631.109
-611.066
-591.609
-572.71
-554.344
-536.488
-519.12
-502.22
-485.774
-469.763
-454.178
-439.002
-424.222
-409.84
-395.843
-382.213
-368.937
-356.035
-343.477
-331.25
-319.363
-307.798
-296.541
-285.589
-274.927
-264.539
-254.416
-244.552
-234.943
-225.585
-216.471
-207.593
-198.946
-190.524
-182.319
-174.325
-166.535
-158.943
-151.543
-144.329
-137.297
479.435
227.319
-94.6745
-446.973
-792.38
-1075.7
-1295.8
-1374.07
-1402.33
-1414.2
-1406.47
-1382.74
-1350.3
-1312.39
-1270.85
-1227.69
-1184.69
-1142.9
-1102.78
-1064.45
-1027.9
-993.057
-959.819
-928.077
-897.71
-868.612
-840.679
-813.819
-787.949
-762.999
-738.905
-715.618
-693.088
-671.271
-650.128
-629.623
-609.72
-590.389
-571.602
-553.335
-535.566
-518.276
-501.446
-485.062
-469.108
-453.573
-438.444
-423.705
-409.361
-395.398
-381.799
-368.551
-355.674
-343.14
-330.932
-319.064
-307.516
-296.274
-285.335
-274.685
-264.308
-254.196
-244.341
-234.742
-225.392
-216.285
-207.415
-198.774
-190.358
-182.158
-174.169
-166.383
-158.795
-151.398
-144.186
-137.156
474.425
237.509
-62.875
-392.648
-719.94
-995.438
-1211.54
-1308.99
-1349.35
-1368.72
-1368.23
-1350.72
-1323.19
-1289.42
-1251.44
-1211.27
-1170.72
-1130.92
-1092.41
-1055.41
-1019.95
-986.025
-953.561
-922.477
-892.676
-864.067
-836.561
-810.078
-784.541
-759.891
-736.069
-713.028
-690.723
-669.11
-648.153
-627.818
-608.07
-588.883
-570.227
-552.082
-534.423
-517.233
-500.492
-484.188
-468.304
-452.834
-437.762
-423.075
-408.778
-394.858
-381.297
-368.082
-355.239
-342.733
-330.55
-318.706
-307.179
-295.955
-285.033
-274.397
-264.034
-253.935
-244.093
-234.504
-225.165
-216.068
-207.206
-198.573
-190.164
-181.971
-173.987
-166.207
-158.624
-151.231
-144.023
-136.993
468.113
246.224
-33.3691
-341.2
-650.01
-916.486
-1128.3
-1240.61
-1292.79
-1319.76
-1326.46
-1315.49
-1293.25
-1263.94
-1229.81
-1192.9
-1155.04
-1117.43
-1080.72
-1045.19
-1010.96
-978.066
-946.471
-916.128
-886.964
-858.905
-831.88
-805.817
-780.654
-756.336
-732.811
-710.038
-687.976
-666.586
-645.833
-625.685
-606.11
-587.08
-568.57
-550.558
-533.024
-515.947
-499.313
-483.106
-467.311
-451.923
-436.924
-422.302
-408.065
-394.2
-380.686
-367.513
-354.71
-342.24
-330.088
-318.273
-306.772
-295.571
-284.67
-274.053
-263.707
-253.624
-243.797
-234.223
-224.896
-215.811
-206.96
-198.336
-189.936
-181.751
-173.775
-166.001
-158.423
-151.036
-143.832
-136.805
460.149
252.922
-6.53145
-292.828
-582.707
-838.635
-1045.26
-1168.57
-1232.25
-1267.19
-1281.12
-1276.92
-1260.31
-1235.76
-1205.75
-1172.38
-1137.45
-1102.26
-1067.53
-1033.65
-1000.8
-969.058
-938.442
-908.932
-880.486
-853.049
-826.566
-800.979
-776.237
-752.292
-729.101
-706.627
-684.834
-663.687
-643.155
-623.21
-603.822
-584.966
-566.617
-548.754
-531.357
-514.408
-497.892
-481.794
-466.102
-450.805
-435.893
-421.35
-407.185
-393.389
-379.937
-366.817
-354.066
-341.64
-329.528
-317.75
-306.281
-295.108
-284.233
-273.639
-263.315
-253.252
-243.444
-233.887
-224.576
-215.505
-206.667
-198.056
-189.666
-181.491
-173.524
-165.758
-158.188
-150.807
-143.608
-136.585
451.021
257.497
17.4899
-247.911
-518.788
-762.963
-963.574
-1094.55
-1168.76
-1211.6
-1232.56
-1235.1
-1224.34
-1204.77
-1179.14
-1149.53
-1117.78
-1085.23
-1052.69
-1020.64
-989.317
-958.865
-929.346
-900.775
-873.137
-846.402
-820.532
-795.484
-771.218
-747.696
-724.882
-702.746
-681.256
-660.383
-640.099
-620.378
-601.196
-582.528
-564.353
-546.652
-529.406
-512.598
-496.212
-480.237
-464.66
-449.468
-434.655
-420.209
-406.127
-392.399
-379.021
-365.963
-353.275
-340.905
-328.842
-317.111
-305.683
-294.546
-283.704
-273.14
-262.843
-252.805
-243.021
-233.484
-224.193
-215.14
-206.318
-197.722
-189.345
-181.182
-173.226
-165.471
-157.909
-150.536
-143.345
-136.326
440.987
259.737
38.4828
-206.7
-458.702
-690.115
-883.787
-1019.32
-1102.49
-1152.9
-1180.69
-1189.92
-1185.17
-1170.82
-1149.77
-1124.17
-1095.84
-1066.16
-1036.02
-1005.98
-976.358
-947.344
-919.051
-891.533
-864.804
-838.86
-813.68
-789.241
-765.513
-742.47
-720.083
-698.329
-677.183
-656.619
-636.616
-617.15
-598.199
-579.743
-561.763
-544.24
-527.159
-510.504
-494.262
-478.42
-462.967
-447.892
-433.189
-418.854
-404.865
-391.216
-377.921
-364.957
-352.325
-340.016
-328.009
-316.334
-304.956
-293.863
-283.062
-272.535
-262.271
-252.265
-242.51
-233
-223.733
-214.702
-205.901
-197.322
-188.963
-180.815
-172.872
-165.129
-157.579
-150.216
-143.033
-136.021
554.403
429.701
259.967
56.4383
-169.355
-402.827
-620.753
-806.582
-943.951
-1034.23
-1091.62
-1125.92
-1141.6
-1142.88
-1133.88
-1117.6
-1096.2
-1071.49
-1044.89
-1017.36
-989.527
-961.771
-934.35
-907.422
-881.078
-855.367
-830.31
-805.908
-782.154
-759.033
-736.53
-714.626
-693.304
-672.547
-652.334
-632.649
-613.471
-594.783
-576.567
-558.806
-541.485
-524.59
-508.107
-492.024
-476.33
-461.015
-446.068
-431.485
-417.259
-403.373
-389.824
-376.621
-363.762
-351.191
-338.952
-327.025
-315.405
-304.083
-293.041
-282.29
-271.807
-261.583
-251.615
-241.894
-232.417
-223.179
-214.175
-205.399
-196.842
-188.503
-180.374
-172.449
-164.721
-157.185
-149.833
-142.661
-135.66
532.589
416.024
258.458
71.4404
-135.957
-351.408
-555.394
-732.547
-869.414
-964.774
-1028.23
-1068.55
-1090.34
-1097.53
-1093.94
-1082.52
-1065.48
-1044.59
-1021.27
-996.548
-971.105
-945.396
-919.729
-894.311
-869.274
-844.699
-820.633
-797.103
-774.119
-751.681
-729.785
-708.426
-687.592
-667.274
-647.459
-628.132
-609.281
-590.89
-572.946
-555.434
-538.342
-521.658
-505.369
-489.466
-473.939
-458.779
-443.976
-429.527
-415.424
-401.655
-388.217
-375.115
-362.339
-349.857
-337.701
-325.865
-314.304
-303.042
-292.066
-281.367
-270.935
-260.76
-250.836
-241.157
-231.716
-222.514
-213.542
-204.795
-196.265
-187.951
-179.845
-171.94
-164.231
-156.711
-149.376
-142.217
-135.228
509.916
400.264
255.129
83.5681
-106.474
-304.572
-494.431
-662.21
-796.605
-894.991
-963.394
-1009.04
-1036.49
-1049.33
-1051.07
-1044.56
-1031.96
-1015.03
-995.166
-973.431
-950.564
-927.076
-903.328
-879.57
-855.976
-832.661
-809.701
-787.145
-765.022
-743.349
-722.138
-701.39
-681.107
-661.284
-641.917
-622.996
-604.513
-586.459
-568.822
-551.592
-534.759
-518.314
-502.246
-486.547
-471.208
-456.223
-441.584
-427.286
-413.324
-399.687
-386.372
-373.381
-360.708
-348.33
-336.264
-324.503
-313.02
-301.83
-290.928
-280.283
-269.907
-259.788
-249.915
-240.284
-230.886
-221.724
-212.789
-204.076
-195.577
-187.292
-179.212
-171.331
-163.644
-156.145
-148.828
-141.687
-134.713
557.525
487.826
383.354
250.001
92.9616
-80.7928
-262.333
-438.126
-595.996
-726.312
-825.783
-897.822
-947.967
-980.465
-998.579
-1005.45
-1003.77
-995.644
-982.752
-966.477
-947.887
-927.76
-906.66
-884.99
-863.046
-841.037
-819.112
-797.377
-775.902
-754.74
-733.924
-713.477
-693.417
-673.751
-654.486
-635.623
-617.161
-599.094
-581.42
-564.13
-547.219
-530.68
-514.504
-498.686
-483.217
-468.093
-453.307
-438.853
-424.726
-410.923
-397.435
-384.26
-371.397
-358.841
-346.577
-334.613
-322.944
-311.552
-300.443
-289.611
-279.036
-268.723
-258.663
-248.845
-239.266
-229.921
-220.804
-211.911
-203.236
-194.773
-186.519
-178.47
-170.617
-162.955
-155.479
-148.183
-141.062
-134.107
529.193
464.405
365.687
243.25
99.779
-58.7399
-224.605
-386.603
-534.221
-659.194
-758.018
-832.294
-885.989
-922.797
-945.666
-957.357
-960.341
-956.607
-947.77
-935.157
-919.826
-902.581
-884.016
-864.576
-844.592
-824.308
-803.906
-783.518
-763.24
-743.143
-723.279
-703.687
-684.394
-665.42
-646.781
-628.485
-610.538
-592.941
-575.695
-558.798
-542.247
-526.038
-510.168
-494.632
-479.425
-464.543
-449.982
-435.737
-421.805
-408.183
-394.864
-381.846
-369.129
-356.708
-344.572
-332.724
-321.162
-309.872
-298.855
-288.106
-277.612
-267.372
-257.378
-247.623
-238.102
-228.813
-219.746
-210.899
-202.268
-193.848
-185.631
-177.616
-169.795
-162.162
-154.713
-147.441
-140.342
-133.41
500.295
439.985
347.372
235.056
104.222
-40.0912
-191.218
-339.867
-477.085
-595.77
-692.467
-767.592
-823.807
-864.104
-891.09
-907.157
-914.517
-915.015
-910.163
-901.221
-889.214
-874.948
-859.041
-841.962
-824.073
-805.65
-786.901
-767.984
-749.018
-730.095
-711.285
-692.64
-674.201
-656
-638.061
-620.4
-603.031
-585.961
-569.198
-552.742
-536.598
-520.763
-505.238
-490.02
-475.109
-460.501
-446.194
-432.187
-418.475
-405.058
-391.931
-379.092
-366.54
-354.272
-342.281
-330.567
-319.127
-307.952
-297.041
-286.389
-275.986
-265.83
-255.914
-246.232
-236.779
-227.552
-218.542
-209.748
-201.167
-192.794
-184.62
-176.642
-168.858
-161.26
-153.842
-146.6
-139.529
-132.621
471.479
414.946
328.509
225.64
106.527
-24.5893
-161.94
-297.816
-424.671
-536.41
-629.784
-704.477
-762.137
-805.047
-835.423
-855.317
-866.661
-871.125
-870.1
-864.758
-856.076
-844.84
-831.672
-817.058
-801.382
-784.939
-767.965
-750.638
-733.101
-715.462
-697.808
-680.208
-662.715
-645.371
-628.21
-611.258
-594.535
-578.056
-561.833
-545.875
-530.187
-514.773
-499.637
-484.779
-470.201
-455.903
-441.884
-428.145
-414.683
-401.498
-388.588
-375.952
-363.588
-351.495
-339.668
-328.105
-316.806
-305.762
-294.972
-284.431
-274.133
-264.074
-254.247
-244.649
-235.274
-226.118
-217.177
-208.446
-199.922
-191.601
-183.476
-175.544
-167.8
-160.241
-152.86
-145.653
-138.615
-131.737
442.575
389.569
309.275
215.217
106.944
-11.9532
-136.493
-260.264
-376.953
-481.348
-570.481
-643.62
-701.676
-746.302
-779.295
-802.383
-817.223
-825.29
-827.842
-825.949
-820.518
-812.3
-801.905
-789.822
-776.442
-762.081
-746.987
-731.361
-715.36
-699.112
-682.718
-666.261
-649.806
-633.407
-617.108
-600.942
-584.938
-569.118
-553.5
-538.098
-522.922
-507.981
-493.282
-478.83
-464.628
-450.679
-436.985
-423.548
-410.368
-397.447
-384.782
-372.375
-360.225
-348.331
-336.69
-325.301
-314.161
-303.267
-292.616
-282.204
-272.026
-262.077
-252.354
-242.852
-233.567
-224.495
-215.631
-206.972
-198.515
-190.255
-182.188
-174.309
-166.615
-159.102
-151.764
-144.595
-137.595
-130.754
413.843
364.147
289.849
204
105.731
-1.88779
-114.566
-226.962
-333.815
-430.686
-514.918
-585.583
-643.075
-688.534
-723.354
-748.952
-766.725
-777.95
-783.743
-785.062
-782.731
-777.451
-769.803
-760.266
-749.232
-737.02
-723.89
-710.055
-695.688
-680.929
-665.893
-650.674
-635.35
-619.985
-604.632
-589.333
-574.124
-559.035
-544.09
-529.307
-514.704
-500.292
-486.083
-472.085
-458.306
-444.75
-431.422
-418.326
-405.465
-392.84
-380.454
-368.307
-356.399
-344.731
-333.301
-322.109
-311.153
-300.43
-289.937
-279.673
-269.632
-259.812
-250.209
-240.818
-231.636
-222.661
-213.887
-205.312
-196.932
-188.745
-180.745
-172.929
-165.293
-157.833
-150.546
-143.426
-136.471
-129.675
385.431
338.914
270.415
192.198
103.146
5.90521
-95.8353
-197.616
-295.063
-384.411
-463.318
-530.792
-586.89
-632.353
-668.225
-695.637
-715.74
-729.615
-738.238
-742.454
-742.997
-740.502
-735.512
-728.481
-719.791
-709.756
-698.641
-686.665
-674.008
-660.82
-647.229
-633.336
-619.231
-604.986
-590.663
-576.312
-561.977
-547.693
-533.49
-519.395
-505.427
-491.605
-477.943
-464.453
-451.147
-438.031
-425.115
-412.403
-399.9
-387.611
-375.538
-363.684
-352.05
-340.639
-329.449
-318.481
-307.734
-297.206
-286.896
-276.801
-266.919
-257.247
-247.781
-238.52
-229.458
-220.595
-211.926
-203.449
-195.16
-187.058
-179.137
-171.395
-163.828
-156.434
-149.208
-142.146
-135.248
-128.507
357.528
314.085
251.151
180.007
99.4354
11.72
-79.9706
-171.904
-260.449
-342.418
-415.773
-479.538
-533.566
-578.3
-614.498
-643.042
-664.857
-680.842
-691.832
-698.564
-701.683
-701.752
-699.262
-694.636
-688.233
-680.357
-671.268
-661.182
-650.284
-638.73
-626.652
-614.161
-601.353
-588.307
-575.093
-561.768
-548.383
-534.978
-521.591
-508.251
-494.985
-481.816
-468.761
-455.836
-443.057
-430.434
-417.977
-405.695
-393.594
-381.682
-369.962
-358.439
-347.115
-335.994
-325.076
-314.363
-303.854
-293.549
-283.448
-273.548
-263.849
-254.347
-245.041
-235.929
-227.008
-218.276
-209.73
-201.367
-193.186
-185.183
-177.357
-169.703
-162.22
-154.904
-147.753
-140.762
-133.934
-127.26
330.299
289.843
232.218
167.616
94.8338
15.8395
-66.6463
-149.49
-229.682
-304.528
-372.265
-431.985
-483.423
-526.814
-562.691
-591.728
-614.651
-632.197
-645.065
-653.887
-659.227
-661.576
-661.368
-658.984
-654.756
-648.968
-641.867
-633.664
-624.54
-614.651
-604.132
-593.098
-581.648
-569.869
-557.834
-545.606
-533.242
-520.788
-508.286
-495.771
-483.274
-470.821
-458.434
-446.135
-433.94
-421.863
-409.918
-398.116
-386.465
-374.975
-363.651
-352.499
-341.525
-330.731
-320.121
-309.696
-299.458
-289.408
-279.545
-269.87
-260.38
-251.076
-241.956
-233.017
-224.259
-215.68
-207.278
-199.051
-190.997
-183.114
-175.4
-167.853
-160.47
-153.25
-146.191
-139.289
-132.548
-125.959
303.908
266.361
213.767
155.195
89.5573
18.5303
-55.5492
-130.041
-202.444
-270.502
-332.687
-388.179
-436.659
-478.22
-513.225
-542.179
-565.646
-584.223
-598.48
-608.95
-616.119
-620.417
-622.218
-621.86
-619.638
-615.814
-610.616
-604.241
-596.864
-588.637
-579.691
-570.143
-560.092
-549.628
-538.826
-527.756
-516.476
-505.037
-493.486
-481.86
-470.196
-458.522
-446.867
-435.253
-423.7
-412.227
-400.848
-389.577
-378.426
-367.406
-356.524
-345.789
-335.206
-324.781
-314.518
-304.42
-294.489
-284.728
-275.138
-265.719
-256.471
-247.395
-238.489
-229.753
-221.185
-212.786
-204.553
-196.486
-188.584
-180.844
-173.266
-165.848
-158.589
-151.487
-144.542
-137.752
-131.12
-124.641
278.532
243.79
195.922
142.888
83.7993
20.0379
-46.3837
-113.229
-178.418
-240.071
-296.867
-348.076
-393.363
-432.734
-466.423
-494.804
-518.314
-537.422
-552.595
-564.276
-572.874
-578.759
-582.259
-583.664
-583.233
-581.2
-577.769
-573.123
-567.424
-560.814
-553.42
-545.354
-536.714
-527.589
-518.057
-508.186
-498.038
-487.667
-477.122
-466.443
-455.671
-444.837
-433.972
-423.102
-412.249
-401.435
-390.677
-379.992
-369.393
-358.893
-348.503
-338.231
-328.085
-318.073
-308.199
-298.469
-288.887
-279.454
-270.174
-261.048
-252.078
-243.263
-234.606
-226.105
-217.76
-209.572
-201.54
-193.663
-185.941
-178.374
-170.96
-163.7
-156.593
-149.639
-142.837
-136.188
-129.696
-123.356
254.236
222.21
178.768
130.818
77.7327
20.5881
-38.874
-98.7427
-157.288
-212.949
-264.587
-311.555
-353.532
-390.464
-422.5
-449.91
-473.032
-492.23
-507.884
-520.36
-529.994
-537.102
-541.968
-544.844
-545.953
-545.496
-543.655
-540.595
-536.461
-531.384
-525.482
-518.859
-511.61
-503.82
-495.565
-486.913
-477.926
-468.659
-459.161
-449.477
-439.645
-429.703
-419.681
-409.609
-399.511
-389.411
-379.328
-369.282
-359.288
-349.36
-339.51
-329.751
-320.09
-310.538
-301.1
-291.782
-282.591
-273.529
-264.601
-255.809
-247.156
-238.643
-230.272
-222.044
-213.96
-206.02
-198.224
-190.574
-183.069
-175.71
-168.496
-161.43
-154.512
-147.742
-141.122
-134.652
-128.337
-122.175
230.881
201.622
162.399
119.106
71.5202
20.3894
-32.765
-86.2882
-138.743
-188.84
-235.594
-278.441
-317.081
-351.43
-381.574
-407.707
-430.088
-449.004
-464.755
-477.639
-487.943
-495.925
-501.827
-505.868
-508.242
-509.12
-508.661
-507.007
-504.288
-500.621
-496.112
-490.857
-484.945
-478.453
-471.455
-464.016
-456.194
-448.046
-439.618
-430.957
-422.103
-413.091
-403.957
-394.728
-385.433
-376.096
-366.739
-357.382
-348.043
-338.738
-329.48
-320.282
-311.157
-302.112
-293.157
-284.3
-275.546
-266.901
-258.37
-249.957
-241.666
-233.499
-225.458
-217.546
-209.765
-202.116
-194.6
-187.219
-179.974
-172.866
-165.898
-159.072
-152.388
-145.849
-139.458
-133.214
-127.125
-121.19
208.475
182.198
147.024
107.9
65.3057
19.6252
-27.8264
-75.5953
-122.49
-167.448
-209.624
-248.522
-283.873
-315.577
-343.677
-368.313
-389.68
-408.006
-423.528
-436.493
-447.132
-455.665
-462.292
-467.2
-470.558
-472.517
-473.209
-472.757
-471.273
-468.862
-465.616
-461.621
-456.956
-451.695
-445.901
-439.638
-432.96
-425.92
-418.564
-410.936
-403.075
-395.019
-386.801
-378.45
-369.996
-361.463
-352.875
-344.253
-335.615
-326.979
-318.361
-309.775
-301.232
-292.744
-284.321
-275.973
-267.705
-259.526
-251.441
-243.456
-235.575
-227.802
-220.14
-212.594
-205.164
-197.855
-190.669
-183.608
-176.676
-169.873
-163.205
-156.672
-150.278
-144.026
-137.919
-131.959
-126.155
-120.506
187.997
164.421
132.842
97.2884
59.1749
18.4379
-23.858
-66.4192
-108.253
-148.491
-186.406
-221.564
-253.727
-282.791
-308.771
-331.765
-351.921
-369.42
-384.454
-397.218
-407.902
-416.696
-423.767
-429.268
-433.344
-436.127
-437.734
-438.267
-437.823
-436.49
-434.351
-431.48
-427.947
-423.816
-419.147
-413.995
-408.411
-402.442
-396.133
-389.524
-382.654
-375.558
-368.268
-360.814
-353.225
-345.525
-337.739
-329.887
-321.99
-314.065
-306.13
-298.199
-290.286
-282.403
-274.56
-266.769
-259.038
-251.375
-243.787
-236.28
-228.861
-221.535
-214.306
-207.179
-200.157
-193.246
-186.447
-179.767
-173.207
-166.772
-160.464
-154.287
-148.247
-142.346
-136.59
-130.981
-125.527
-120.231
170.834
148.035
119.582
87.237
53.1762
16.9398
-20.6854
-58.5392
-95.7814
-131.701
-165.675
-197.324
-226.441
-252.922
-276.764
-298.035
-316.849
-333.348
-347.689
-360.03
-370.53
-379.335
-386.597
-392.446
-397
-400.371
-402.661
-403.963
-404.356
-403.916
-402.712
-400.811
-398.271
-395.15
-391.499
-387.367
-382.8
-377.84
-372.529
-366.902
-360.996
-354.843
-348.473
-341.917
-335.199
-328.346
-321.38
-314.324
-307.196
-300.015
-292.799
-285.562
-278.319
-271.083
-263.867
-256.681
-249.535
-242.438
-235.398
-228.424
-221.523
-214.699
-207.961
-201.313
-194.762
-188.31
-181.964
-175.728
-169.606
-163.603
-157.724
-151.973
-146.356
-140.877
-135.541
-130.352
-125.315
-120.435
130.841
106.775
77.8055
47.4163
15.2441
-18.1548
-51.7586
-84.8451
-116.826
-147.177
-175.56
-201.797
-225.79
-247.524
-267.046
-284.443
-299.828
-313.329
-325.076
-335.197
-343.824
-351.067
-357.048
-361.867
-365.616
-368.382
-370.246
-371.279
-371.546
-371.103
-370.008
-368.312
-366.063
-363.307
-360.085
-356.439
-352.404
-348.018
-343.313
-338.322
-333.074
-327.596
-321.917
-316.061
-310.051
-303.91
-297.658
-291.314
-284.898
-278.426
-271.913
-265.374
-258.823
-252.273
-245.735
-239.221
-232.739
-226.3
-219.912
-213.584
-207.322
-201.134
-195.027
-189.006
-183.078
-177.249
-171.523
-165.907
-160.405
-155.024
-149.768
-144.642
-139.65
-134.798
-130.089
-125.526
-121.113
116.15
94.9041
69.0853
41.9983
13.4564
-16.1338
-45.9056
-75.2391
-103.641
-130.674
-156.039
-179.579
-201.205
-220.896
-238.683
-254.635
-268.841
-281.405
-292.435
-302.039
-310.323
-317.388
-323.325
-328.227
-332.173
-335.234
-337.479
-338.971
-339.768
-339.918
-339.469
-338.464
-336.945
-334.951
-332.518
-329.68
-326.471
-322.921
-319.06
-314.915
-310.514
-305.881
-301.04
-296.015
-290.827
-285.497
-280.044
-274.486
-268.842
-263.126
-257.356
-251.546
-245.709
-239.857
-234.005
-228.161
-222.338
-216.546
-210.793
-205.089
-199.443
-193.861
-188.352
-182.922
-177.578
-172.327
-167.174
-162.125
-157.185
-152.361
-147.655
-143.073
-138.619
-134.296
-130.107
-126.052
-122.136
102.912
83.9429
61.0196
36.9473
11.6606
-14.5076
-40.8312
-66.782
-91.9435
-115.951
-138.541
-159.574
-178.972
-196.71
-212.811
-227.326
-240.327
-251.899
-262.133
-271.12
-278.949
-285.704
-291.464
-296.302
-300.292
-303.496
-305.968
-307.763
-308.932
-309.52
-309.566
-309.107
-308.179
-306.814
-305.044
-302.899
-300.406
-297.592
-294.483
-291.103
-287.476
-283.623
-279.567
-275.326
-270.922
-266.373
-261.696
-256.909
-252.028
-247.069
-242.047
-236.975
-231.867
-226.736
-221.594
-216.452
-211.322
-206.214
-201.137
-196.101
-191.115
-186.186
-181.323
-176.532
-171.82
-167.194
-162.66
-158.221
-153.884
-149.653
-145.53
-141.521
-137.627
-133.85
-130.192
-126.651
-123.232
90.9639
73.9656
53.6305
32.2867
9.92082
-13.1799
-36.4073
-59.315
-81.5508
-102.809
-122.86
-141.579
-158.899
-174.793
-189.277
-202.392
-214.195
-224.757
-234.152
-242.46
-249.754
-256.106
-261.585
-266.253
-270.167
-273.386
-275.959
-277.928
-279.337
-280.227
-280.634
-280.589
-280.123
-279.262
-278.035
-276.466
-274.58
-272.4
-269.947
-267.243
-264.307
-261.16
-257.821
-254.306
-250.634
-246.822
-242.885
-238.839
-234.699
-230.48
-226.195
-221.858
-217.481
-213.077
-208.657
-204.233
-199.815
-195.412
-191.036
-186.693
-182.394
-178.146
-173.955
-169.83
-165.774
-161.795
-157.897
-154.084
-150.36
-146.728
-143.191
-139.75
-136.407
-133.163
-130.018
-126.97
-124.02
80.109
64.9126
46.9048
28.0236
8.28074
-12.0726
-32.5254
-52.701
-72.3019
-91.0713
-108.809
-125.405
-140.801
-154.972
-167.927
-179.699
-190.335
-199.894
-208.439
-216.036
-222.748
-228.638
-233.762
-238.178
-241.93
-245.068
-247.638
-249.678
-251.222
-252.304
-252.958
-253.213
-253.095
-252.627
-251.833
-250.734
-249.351
-247.704
-245.812
-243.693
-241.365
-238.845
-236.148
-233.292
-230.291
-227.16
-223.914
-220.567
-217.132
-213.621
-210.048
-206.425
-202.764
-199.075
-195.369
-191.656
-187.947
-184.249
-180.573
-176.925
-173.313
-169.744
-166.224
-162.759
-159.353
-156.01
-152.735
-149.53
-146.398
-143.341
-140.36
-137.456
-134.629
-131.879
-129.205
-126.605
-124.078
70.2957
56.7454
40.8291
24.162
6.77143
-11.1242
-29.0947
-46.8224
-64.0559
-80.5792
-96.2187
-110.877
-124.504
-137.077
-148.602
-159.104
-168.624
-177.209
-184.914
-191.794
-197.904
-203.298
-208.024
-212.13
-215.661
-218.65
-221.141
-223.169
-224.764
-225.954
-226.766
-227.227
-227.361
-227.191
-226.735
-226.011
-225.039
-223.834
-222.415
-220.795
-218.992
-217.02
-214.892
-212.623
-210.226
-207.715
-205.102
-202.399
-199.617
-196.77
-193.867
-190.918
-187.935
-184.927
-181.903
-178.872
-175.842
-172.82
-169.814
-166.831
-163.875
-160.953
-158.07
-155.228
-152.433
-149.686
-146.991
-144.349
-141.763
-139.231
-136.756
-134.336
-131.972
-129.661
-127.404
-125.199
-123.044
61.4586
49.4113
35.3757
20.6964
5.41249
-10.2871
-26.0403
-41.579
-56.6907
-71.193
-84.9363
-97.8354
-109.847
-120.951
-131.15
-140.465
-148.931
-156.588
-163.481
-169.658
-175.167
-180.053
-184.359
-188.126
-191.389
-194.19
-196.55
-198.507
-200.09
-201.322
-202.225
-202.821
-203.134
-203.182
-202.985
-202.558
-201.916
-201.075
-200.049
-198.851
-197.496
-195.996
-194.363
-192.61
-190.748
-188.788
-186.741
-184.618
-182.429
-180.184
-177.891
-175.559
-173.197
-170.813
-168.415
-166.008
-163.6
-161.197
-158.804
-156.426
-154.067
-151.732
-149.423
-147.144
-144.896
-142.683
-140.504
-138.361
-136.256
-134.186
-132.154
-130.157
-128.195
-126.268
-124.372
-122.512
-120.678
53.5408
42.8605
30.5131
17.6152
4.21483
-9.52559
-23.3015
-36.8864
-50.1008
-62.7903
-74.8264
-86.1352
-96.6795
-106.441
-115.422
-123.64
-131.124
-137.908
-144.031
-149.534
-154.458
-158.843
-162.725
-166.14
-169.121
-171.696
-173.899
-175.749
-177.275
-178.501
-179.445
-180.125
-180.56
-180.769
-180.767
-180.571
-180.194
-179.649
-178.947
-178.103
-177.125
-176.027
-174.818
-173.509
-172.11
-170.629
-169.077
-167.462
-165.791
-164.074
-162.317
-160.527
-158.711
-156.875
-155.025
-153.166
-151.303
-149.44
-147.582
-145.73
-143.89
-142.063
-140.251
-138.456
-136.68
-134.923
-133.187
-131.471
-129.776
-128.102
-126.448
-124.814
-123.198
-121.6
-120.018
-118.457
-116.906
46.48
37.0395
26.205
14.9009
3.18175
-8.81358
-20.8293
-32.674
-44.196
-55.2639
-65.7687
-75.6463
-84.865
-93.4085
-101.279
-108.491
-115.07
-121.044
-126.448
-131.316
-135.684
-139.586
-143.055
-146.122
-148.814
-151.158
-153.181
-154.902
-156.348
-157.536
-158.485
-159.21
-159.728
-160.053
-160.201
-160.184
-160.016
-159.709
-159.273
-158.719
-158.055
-157.292
-156.439
-155.503
-154.494
-153.418
-152.283
-151.097
-149.865
-148.594
-147.289
-145.956
-144.6
-143.225
-141.836
-140.436
-139.03
-137.618
-136.206
-134.794
-133.385
-131.981
-130.582
-129.189
-127.805
-126.428
-125.06
-123.701
-122.351
-121.009
-119.675
-118.348
-117.029
-115.717
-114.405
-113.104
-111.809
40.2135
31.8942
22.4126
12.5319
2.31051
-8.13331
-18.5851
-28.8831
-38.8992
-48.5212
-57.6571
-66.2526
-74.2798
-81.7251
-88.5904
-94.8887
-100.641
-105.872
-110.613
-114.892
-118.741
-122.19
-125.267
-127.998
-130.41
-132.523
-134.362
-135.945
-137.295
-138.428
-139.358
-140.101
-140.67
-141.079
-141.338
-141.461
-141.457
-141.338
-141.114
-140.794
-140.384
-139.894
-139.33
-138.698
-138.007
-137.261
-136.467
-135.63
-134.755
-133.846
-132.909
-131.946
-130.963
-129.961
-128.944
-127.914
-126.875
-125.827
-124.774
-123.715
-122.653
-121.589
-120.524
-119.457
-118.391
-117.324
-116.258
-115.193
-114.128
-113.063
-111.999
-110.935
-109.866
-108.798
-107.73
-106.666
-105.598
34.678
27.3701
19.0956
10.4835
1.59358
-7.4737
-16.539
-25.4657
-34.1456
-42.4821
-50.3991
-57.8508
-64.8127
-71.2736
-77.2354
-82.7096
-87.7142
-92.272
-96.408
-100.149
-103.521
-106.551
-109.263
-111.681
-113.826
-115.719
-117.377
-118.821
-120.071
-121.137
-122.033
-122.774
-123.371
-123.835
-124.176
-124.404
-124.527
-124.555
-124.495
-124.356
-124.146
-123.869
-123.532
-123.14
-122.699
-122.213
-121.686
-121.123
-120.528
-119.904
-119.254
-118.581
-117.887
-117.176
-116.45
-115.709
-114.956
-114.193
-113.42
-112.639
-111.851
-111.056
-110.255
-109.448
-108.637
-107.821
-107
-106.175
-105.347
-104.512
-103.671
-102.827
-101.978
-101.125
-100.266
-99.4048
-98.537
29.8114
23.4129
16.2132
8.72887
1.0199
-6.82897
-14.6679
-22.382
-29.88
-37.078
-43.9135
-50.3494
-56.3638
-61.9475
-67.1028
-71.8398
-76.1745
-80.1267
-83.7184
-86.9728
-89.9129
-92.5615
-94.9401
-97.0693
-98.9683
-100.654
-102.141
-103.451
-104.599
-105.593
-106.446
-107.17
-107.776
-108.272
-108.667
-108.969
-109.185
-109.323
-109.388
-109.387
-109.325
-109.209
-109.044
-108.833
-108.581
-108.291
-107.968
-107.612
-107.229
-106.82
-106.388
-105.934
-105.462
-104.972
-104.466
-103.946
-103.412
-102.867
-102.311
-101.744
-101.168
-100.584
-99.9905
-99.3895
-98.7811
-98.1655
-97.5427
-96.9128
-96.275
-95.6303
-94.9788
-94.3202
-93.6542
-92.9809
-92.2995
-91.6125
-90.9165
25.5535
19.9698
13.7247
7.24038
0.575907
-6.19739
-12.9549
-19.5999
-26.0543
-32.2477
-38.129
-43.6672
-48.8433
-53.6502
-58.0903
-62.1728
-65.9117
-69.3246
-72.4307
-75.2501
-77.803
-80.109
-82.187
-84.0548
-85.729
-87.2242
-88.5524
-89.7356
-90.7826
-91.702
-92.5052
-93.2022
-93.8012
-94.31
-94.7355
-95.0844
-95.3629
-95.5764
-95.7302
-95.8289
-95.8771
-95.8789
-95.8384
-95.7593
-95.645
-95.4986
-95.3229
-95.1202
-94.8926
-94.6421
-94.3706
-94.0796
-93.7709
-93.4456
-93.105
-92.7504
-92.3826
-92.0025
-91.611
-91.2087
-90.7962
-90.374
-89.9427
-89.5024
-89.0537
-88.5966
-88.1312
-87.6573
-87.1753
-86.6852
-86.1868
-85.6802
-85.165
-84.6413
-84.1085
-83.5678
-83.0173
21.8465
16.9897
11.5902
5.99004
0.246618
-5.58014
-11.3871
-17.093
-22.6296
-27.9398
-32.983
-37.7316
-42.1701
-46.2931
-50.103
-53.6083
-56.8215
-59.758
-62.4346
-64.8687
-67.0779
-69.0791
-70.8888
-72.5222
-73.9936
-75.3152
-76.4982
-77.5615
-78.5115
-79.3558
-80.1041
-80.7647
-81.3446
-81.85
-82.2867
-82.6601
-82.9753
-83.2366
-83.4482
-83.614
-83.7374
-83.8217
-83.8698
-83.8844
-83.8683
-83.8239
-83.7534
-83.6589
-83.5425
-83.4059
-83.2505
-83.0775
-82.8882
-82.6837
-82.4648
-82.2327
-81.988
-81.7314
-81.4637
-81.1854
-80.8971
-80.599
-80.2917
-79.9755
-79.6505
-79.317
-78.9751
-78.6248
-78.266
-77.8988
-77.5232
-77.1392
-76.7465
-76.3448
-75.9339
-75.5141
-75.0844
18.636
14.4252
9.77179
4.95068
0.0164885
-4.98036
-9.95476
-14.8368
-19.5701
-24.1089
-28.4189
-32.4767
-36.2698
-39.7941
-43.0522
-46.052
-48.8045
-51.3232
-53.6226
-55.718
-57.6245
-59.3567
-60.9286
-62.3534
-63.6433
-64.808
-65.8585
-66.81
-67.667
-68.4367
-69.1272
-69.7452
-70.2964
-70.7859
-71.2184
-71.5985
-71.93
-72.2167
-72.4617
-72.6683
-72.8392
-72.9769
-73.0838
-73.162
-73.2136
-73.2404
-73.244
-73.2261
-73.1883
-73.1319
-73.0584
-72.969
-72.8651
-72.7473
-72.6166
-72.4735
-72.3189
-72.1532
-71.9771
-71.791
-71.5954
-71.3906
-71.1769
-70.9547
-70.7242
-70.4854
-70.2386
-69.9838
-69.721
-69.4503
-69.1715
-68.8842
-68.5887
-68.2846
-67.9719
-67.65
-67.3187
15.8691
12.2312
8.23356
4.09615
-0.129849
-4.40181
-8.64854
-12.8119
-16.8464
-20.7139
-24.3856
-27.8422
-31.0735
-34.0767
-36.8546
-39.4142
-41.7655
-43.92
-45.8905
-47.6901
-49.3316
-50.8277
-52.1902
-53.4303
-54.5582
-55.582
-56.512
-57.3596
-58.1287
-58.8256
-59.4569
-60.0282
-60.5439
-61.0083
-61.4254
-61.7987
-62.1313
-62.4264
-62.6864
-62.914
-63.1112
-63.2803
-63.4231
-63.5412
-63.6364
-63.71
-63.7635
-63.798
-63.8147
-63.8146
-63.7989
-63.7685
-63.7243
-63.6674
-63.5987
-63.519
-63.4287
-63.3285
-63.2186
-63.0996
-62.9719
-62.8356
-62.6912
-62.5389
-62.3788
-62.2112
-62.0361
-61.8536
-61.6637
-61.4665
-61.2619
-61.0497
-60.8299
-60.6023
-60.3666
-60.1222
-59.8694
13.4975
10.3642
6.94108
3.4017
-0.206535
-3.847
-7.46154
-11.0023
-14.4314
-17.7174
-20.8361
-23.772
-26.5169
-29.069
-31.4313
-33.6099
-35.6136
-37.4526
-39.1377
-40.6801
-42.0909
-43.3807
-44.5595
-45.6367
-46.621
-47.5184
-48.3394
-49.0911
-49.7776
-50.4044
-50.9769
-51.4993
-51.9754
-52.4087
-52.8025
-53.1595
-53.4824
-53.7736
-54.0353
-54.2694
-54.4778
-54.6621
-54.8238
-54.9645
-55.0852
-55.1873
-55.2718
-55.3397
-55.3919
-55.4294
-55.4529
-55.463
-55.4606
-55.4463
-55.4208
-55.3849
-55.3394
-55.2849
-55.2218
-55.1504
-55.071
-54.9839
-54.8894
-54.7877
-54.679
-54.5635
-54.4412
-54.3122
-54.1767
-54.0345
-53.8857
-53.7301
-53.5678
-53.3985
-53.2221
-53.0378
-52.8461
11.4777
8.78639
5.86348
2.84463
-0.227333
-3.3212
-6.38959
-9.393
-12.3
-15.0844
-17.7265
-20.2138
-22.5398
-24.7036
-26.7079
-28.5584
-30.2627
-31.8295
-33.2682
-34.5881
-35.7988
-36.909
-37.9271
-38.8611
-39.7181
-40.5028
-41.2251
-41.8891
-42.4988
-43.059
-43.574
-44.0473
-44.4818
-44.8804
-45.2458
-45.5804
-45.8861
-46.1651
-46.419
-46.6495
-46.858
-47.0459
-47.2145
-47.3648
-47.498
-47.6149
-47.7166
-47.8037
-47.8771
-47.9374
-47.9854
-48.0215
-48.0464
-48.0605
-48.0644
-48.0585
-48.0434
-48.0196
-47.9881
-47.9491
-47.903
-47.85
-47.7902
-47.724
-47.6514
-47.5728
-47.488
-47.3974
-47.3009
-47.1985
-47.0903
-46.9763
-46.8563
-46.7303
-46.5982
-46.4592
-46.3138
9.7684
7.4622
4.97237
2.4039
-0.205263
-2.82857
-5.42742
-7.96922
-10.4279
-12.7821
-15.0157
-17.1186
-19.0858
-20.9169
-22.6146
-24.1838
-25.6313
-26.9644
-28.191
-29.3192
-30.3568
-31.3111
-32.1893
-32.9977
-33.7421
-34.427
-35.0597
-35.6439
-36.1829
-36.6807
-37.1406
-37.5656
-37.958
-38.3203
-38.6546
-38.9628
-39.2466
-39.5077
-39.7475
-39.9672
-40.1682
-40.3515
-40.5181
-40.669
-40.805
-40.9269
-41.0355
-41.1314
-41.2152
-41.2875
-41.3488
-41.3997
-41.4405
-41.4718
-41.4938
-41.5069
-41.5116
-41.5081
-41.497
-41.4789
-41.4544
-41.4237
-41.387
-41.3444
-41.2961
-41.2424
-41.1832
-41.1188
-41.0492
-40.9745
-40.8948
-40.8099
-40.7199
-40.6248
-40.5246
-40.4183
-40.3068
8.3307
6.35851
4.24125
2.05994
-0.152113
-2.3724
-4.56963
-6.71701
-8.79303
-10.7802
-12.6653
-14.4405
-16.1019
-17.6494
-19.0857
-20.415
-21.6431
-22.7763
-23.8213
-24.7847
-25.673
-26.4925
-27.2488
-27.9473
-28.5926
-29.1888
-29.7413
-30.2531
-30.7273
-31.167
-31.5749
-31.9534
-32.3045
-32.6301
-32.932
-33.2117
-33.4707
-33.7103
-33.9316
-34.1358
-34.3239
-34.4967
-34.6552
-34.8
-34.9318
-35.0514
-35.1594
-35.2562
-35.3424
-35.4184
-35.4848
-35.5418
-35.59
-35.6295
-35.6608
-35.6841
-35.6998
-35.708
-35.7091
-35.7035
-35.6916
-35.6742
-35.6514
-35.6233
-35.5901
-35.552
-35.509
-35.4614
-35.4091
-35.3524
-35.2912
-35.2257
-35.1558
-35.0815
-35.0029
-34.9193
-34.8314
7.127
5.44309
3.64529
1.79509
-0.077999
-1.95491
-3.8105
-5.62279
-7.37398
-9.04974
-10.6395
-12.1369
-13.539
-14.8462
-16.0607
-17.1863
-18.2279
-19.1908
-20.0807
-20.9029
-21.663
-22.366
-23.0165
-23.6191
-24.1774
-24.6948
-25.1755
-25.6221
-26.0372
-26.4233
-26.7825
-27.1168
-27.4278
-27.7172
-27.9864
-28.2367
-28.4693
-28.6852
-28.8854
-29.0708
-29.2423
-29.4006
-29.5463
-29.6802
-29.8029
-29.9147
-30.0164
-30.1083
-30.1908
-30.2644
-30.3294
-30.3862
-30.435
-30.4762
-30.51
-30.5366
-30.5564
-30.5695
-30.5761
-30.5764
-30.5708
-30.5598
-30.5439
-30.5233
-30.4982
-30.4685
-30.4345
-30.3963
-30.354
-30.3078
-30.2576
-30.2036
-30.1459
-30.0845
-30.0195
-29.9503
-29.8776
6.12461
4.68804
3.16442
1.59643
0.0106669
-1.57594
-3.14317
-4.67293
-6.15045
-7.56398
-8.90503
-10.1685
-11.3523
-12.4569
-13.4843
-14.4378
-15.3216
-16.1401
-16.898
-17.5998
-18.2499
-18.8526
-19.4116
-19.9305
-20.4125
-20.8602
-21.277
-21.665
-22.0264
-22.3631
-22.677
-22.9697
-23.2425
-23.4968
-23.7337
-23.9543
-24.1596
-24.3505
-24.5277
-24.6921
-24.8444
-24.9851
-25.1148
-25.2342
-25.3436
-25.4435
-25.5345
-25.6167
-25.6907
-25.7568
-25.8153
-25.8664
-25.9104
-25.9476
-25.9783
-26.0025
-26.0206
-26.0327
-26.039
-26.0397
-26.0349
-26.025
-26.0104
-25.9916
-25.9688
-25.9419
-25.9112
-25.8766
-25.8385
-25.7968
-25.7517
-25.7033
-25.6517
-25.5969
-25.5392
-25.478
-25.414
5.30912
4.08064
2.7878
1.45591
0.109744
-1.23472
-2.56124
-3.85508
-5.10401
-6.29849
-7.43173
-8.49973
-9.50101
-10.436
-11.3067
-12.1158
-12.8668
-13.5635
-14.2096
-14.8091
-15.3654
-15.8819
-16.3619
-16.8082
-17.2233
-17.6096
-17.9695
-18.3049
-18.6176
-18.9092
-19.1812
-19.4348
-19.6714
-19.8918
-20.0972
-20.2883
-20.4661
-20.6312
-20.7844
-20.9263
-21.0575
-21.1785
-21.2898
-21.3918
-21.4851
-21.57
-21.6468
-21.716
-21.7778
-21.8325
-21.8804
-21.9219
-21.957
-21.9861
-22.0093
-22.0268
-22.0388
-22.0455
-22.0471
-22.0436
-22.0352
-22.0221
-22.0046
-21.9832
-21.9583
-21.9297
-21.8978
-21.8625
-21.8239
-21.7823
-21.7377
-21.6901
-21.6399
-21.5869
-21.5314
-21.4732
-21.4126
4.68357
3.61122
2.49793
1.35719
0.208459
-0.935364
-2.06211
-3.16016
-4.21951
-5.23239
-6.19337
-7.09934
-7.94921
-8.74349
-9.48384
-10.1727
-10.8128
-11.4075
-11.9598
-12.4728
-12.9495
-13.3926
-13.8047
-14.1881
-14.545
-14.8772
-15.1868
-15.4752
-15.7438
-15.9942
-16.2275
-16.4447
-16.6468
-16.8348
-17.0094
-17.1715
-17.3216
-17.4604
-17.5886
-17.7066
-17.8149
-17.9141
-18.0044
-18.0865
-18.1606
-18.227
-18.2861
-18.3383
-18.3838
-18.4229
-18.4558
-18.4828
-18.5042
-18.52
-18.5307
-18.5363
-18.537
-18.5331
-18.5247
-18.5119
-18.4948
-18.4737
-18.4487
-18.4203
-18.3888
-18.3543
-18.317
-18.2768
-18.234
-18.1887
-18.1408
-18.0906
-18.0382
-17.9836
-17.927
-17.8683
-17.8078
3.19818
2.25271
1.27875
0.29657
-0.680655
-1.64262
-2.57973
-3.48359
-4.34766
-5.16753
-5.9407
-6.66639
-7.3451
-7.97826
-8.56791
-9.11646
-9.62647
-10.1005
-10.5412
-10.9509
-11.3318
-11.686
-12.0156
-12.3221
-12.6071
-12.8723
-13.1189
-13.348
-13.5609
-13.7586
-13.9419
-14.1116
-14.2686
-14.4136
-14.5471
-14.6697
-14.7822
-14.8848
-14.9782
-15.0627
-15.1388
-15.2069
-15.2674
-15.3205
-15.3667
-15.4062
-15.4393
-15.4664
-15.4876
-15.5033
-15.5136
-15.5188
-15.5192
-15.5148
-15.5059
-15.4926
-15.4752
-15.4538
-15.4285
-15.3995
-15.367
-15.3309
-15.2917
-15.2498
-15.2054
-15.1586
-15.1096
-15.0584
-15.0052
-14.9501
-14.8932
-14.8346
-14.7745
-14.7129
-14.6498
-14.5855
2.89482
2.07217
1.22924
0.37941
-0.465376
-1.29591
-2.10433
-2.88371
-3.62862
-4.3354
-5.00205
-5.62799
-6.21368
-6.76035
-7.26972
-7.74378
-8.18467
-8.59453
-8.97544
-9.32938
-9.65819
-9.96361
-10.2472
-10.5104
-10.7545
-10.9809
-11.1904
-11.3842
-11.5631
-11.7281
-11.8799
-12.0191
-12.1464
-12.2624
-12.3677
-12.4626
-12.5477
-12.6234
-12.6901
-12.7483
-12.7982
-12.8402
-12.8747
-12.902
-12.9224
-12.9362
-12.9438
-12.9453
-12.9412
-12.9316
-12.9169
-12.8974
-12.8733
-12.8449
-12.8124
-12.7762
-12.7365
-12.6935
-12.6476
-12.5989
-12.5478
-12.4943
-12.4388
-12.3816
-12.323
-12.2632
-12.2022
-12.1401
-12.0771
-12.0133
-11.9486
-11.8832
-11.8172
-11.7507
-11.6835
-11.616
2.66214
1.93622
1.19574
0.450472
-0.289959
-1.01745
-1.72526
-2.40754
-3.05969
-3.67859
-4.26257
-4.81113
-5.32465
-5.80414
-6.25101
-6.66691
-7.05357
-7.41276
-7.74618
-8.05545
-8.34212
-8.60758
-8.85317
-9.08007
-9.28939
-9.48215
-9.65928
-9.82166
-9.97008
-10.1053
-10.2279
-10.3386
-10.438
-10.5265
-10.6047
-10.673
-10.7319
-10.7819
-10.8232
-10.8564
-10.8816
-10.8993
-10.9098
-10.9134
-10.9103
-10.9008
-10.8853
-10.864
-10.8371
-10.805
-10.7678
-10.7257
-10.6789
-10.6278
-10.5726
-10.5134
-10.4505
-10.3842
-10.3147
-10.2422
-10.167
-10.0893
-10.0093
-9.92765
-9.84484
-9.76142
-9.67782
-9.59434
-9.51121
-9.4286
-9.34669
-9.2656
-9.18541
-9.10621
-9.02792
-8.9507
2.49074
1.83925
1.17664
0.510711
-0.150569
-0.800083
-1.43192
-2.04101
-2.62339
-3.17636
-3.69846
-4.18924
-4.64897
-5.07847
-5.47887
-5.8515
-6.1978
-6.51919
-6.81708
-7.09279
-7.34757
-7.58259
-7.79893
-7.99755
-8.17936
-8.34517
-8.49577
-8.63179
-8.75387
-8.86261
-8.9585
-9.04202
-9.11364
-9.17359
-9.22222
-9.25991
-9.28695
-9.30364
-9.31029
-9.30714
-9.29453
-9.27292
-9.24283
-9.20468
-9.15889
-9.1058
-9.04575
-8.97909
-8.90618
-8.82743
-8.74334
-8.65438
-8.56097
-8.46357
-8.36268
-8.25884
-8.15263
-8.04454
-7.93546
-7.82622
-7.71748
-7.60984
-7.50379
-7.39987
-7.29821
-7.19867
-7.1015
-7.00647
-6.91339
-6.8226
-6.73455
-6.64922
-6.56645
-6.48613
-6.40811
-6.33238
2.38217
1.77896
1.16719
0.553611
-0.054985
-0.652273
-1.23296
-1.79254
-2.32748
-2.83543
-3.31509
-3.76603
-4.18848
-4.58308
-4.95078
-5.2927
-5.61003
-5.90398
-6.17574
-6.42645
-6.6572
-6.86902
-7.06286
-7.23962
-7.40015
-7.54522
-7.6756
-7.79198
-7.89504
-7.98544
-8.06375
-8.13073
-8.18643
-8.23067
-8.26473
-8.28927
-8.305
-8.31218
-8.31134
-8.30168
-8.28141
-8.24998
-8.20815
-8.15617
-8.09514
-8.02688
-7.95183
-7.86967
-7.77963
-7.68045
-7.57196
-7.45467
-7.32899
-7.19501
-7.05272
-6.90224
-6.74375
-6.57785
-6.40518
-6.22576
-6.03983
-5.84774
-5.65157
-5.45054
-5.25147
-5.05959
-4.89006
-4.73659
-4.59629
-4.46763
-4.34978
-4.24172
-4.14216
-4.04999
-3.9643
-3.88436
2.34251
1.75646
1.16281
0.568189
-0.0208584
-0.598282
-1.15915
-1.69932
-2.21556
-2.70566
-3.16841
-3.60338
-4.01076
-4.39116
-4.74541
-5.07451
-5.37951
-5.66146
-5.92139
-6.16024
-6.37891
-6.5782
-6.75884
-6.92148
-7.06669
-7.19497
-7.30677
-7.40244
-7.48232
-7.54671
-7.59581
-7.63022
-7.64926
-7.65315
-7.64344
-7.62095
-7.58476
-7.53352
-7.46892
-7.39159
-7.30206
-7.20066
-7.08758
-6.95918
-6.81762
-6.66816
-6.50848
-6.33564
-6.15753
-5.97568
-5.78119
-5.57407
-5.35725
-5.1322
-4.89927
-4.65872
-4.41103
-4.15696
-3.89693
-3.63127
-3.36082
-3.08482
-2.80686
-2.50985
-2.31257
-2.18674
-2.08513
-1.98637
-1.89127
-1.80093
-1.71471
-1.63275
-1.55557
-1.48348
-1.41658
-1.35472
)
;

boundaryField
{
    walls
    {
        type            zeroGradient;
    }
    frontAndBack
    {
        type            empty;
    }
    farfield
    {
        type            outletInlet;
        outletValue     uniform 0;
        value           nonuniform List<scalar> 
76
(
2.34251
1.75646
1.16281
0.568189
-0.0208584
-0.598282
-1.15915
-1.69932
-2.21556
-2.70566
-3.16841
-3.60338
-4.01076
-4.39116
-4.74541
-5.07451
-5.37951
-5.66146
-5.92139
-6.16024
-6.37891
-6.5782
-6.75884
-6.92148
-7.06669
-7.19497
-7.30677
-7.40244
-7.48232
-7.54671
-7.59581
-7.63022
-7.64926
-7.65315
-7.64344
-7.62095
-7.58476
-7.53352
-7.46892
-7.39159
-7.30206
-7.20066
-7.08758
-6.95918
-6.81762
-6.66816
-6.50848
-6.33564
-6.15753
-5.97568
-5.78119
-5.57407
-5.35725
-5.1322
-4.89927
-4.65872
-4.41103
-4.15696
-3.89693
-3.63127
-3.36082
-3.08482
-2.80686
0
0
0
0
0
0
0
0
0
0
0
0
0
)
;
    }
    procBoundary0to1
    {
        type            processor;
        value           nonuniform List<scalar> 
101
(
-118.077
-118.076
-118.074
-118.073
-118.071
-118.068
-118.066
-118.064
-118.061
-118.058
-118.055
-118.051
-118.048
-124.697
-124.697
-124.692
-124.686
-124.681
-124.674
-124.667
-124.659
-124.65
-124.64
-124.628
-124.615
-124.601
-124.585
-131.376
-131.376
-131.355
-131.333
-131.307
-131.28
-131.249
-131.215
-131.177
-131.135
-131.088
-131.036
-130.977
-130.911
-130.836
-130.752
-130.656
-130.548
-130.426
-130.286
-130.126
-129.941
-129.726
-129.474
-129.179
-128.829
-128.413
-127.916
-127.332
-126.661
-125.901
-125.051
-124.11
-123.082
-121.974
-120.802
-119.595
-118.392
-117.252
-116.251
-115.489
-115.078
-115.126
-115.706
-116.806
-118.287
-119.861
-121.124
-121.631
-120.999
-118.976
-115.49
-110.64
-104.632
-97.7411
-90.2639
-82.4861
-74.6561
-66.9765
-59.5984
-52.6333
-46.147
-40.1753
-34.7258
-29.79
-25.3377
-21.3423
-17.7399
-14.516
-11.5453
-8.87268
-6.25786
-3.80938
-1.29845
)
;
    }
    procBoundary0to2
    {
        type            processor;
        value           nonuniform List<scalar> 
113
(
-113.595
-113.588
-113.604
-113.598
-113.553
-113.446
-113.246
-112.916
-112.414
-829.847
-829.847
-1530.62
-1530.62
-2012.09
-2012.09
-2008.64
-2004.36
-1999.08
-1992.61
-1984.72
-1975.29
-1964.33
-1951.83
-1937.71
-1921.79
-1903.93
-1884.05
-1862.02
-1837.64
-1810.76
-1781.17
-1748.62
-1980.36
-1980.36
-1945.23
-1906.48
-1863.94
-1817.51
-1766.98
-1712.34
-1653.51
-1590.68
-1524.59
-1455.55
-1382.85
-1307.85
490.405
204.888
-165.298
-566.488
-946.241
-1235.36
-1235.36
660.844
650.423
638.492
624.542
609.01
594.516
581.291
581.291
629.942
609.728
590.042
590.042
597.129
571.495
544.326
515.952
486.77
457.145
427.409
397.865
368.772
340.361
312.846
286.379
260.956
236.635
214.074
193.482
152.188
152.188
136.85
121.994
108.212
95.5488
84.0523
73.6716
64.3494
56.0165
48.6019
42.0337
36.2411
31.1564
26.7132
22.848
19.5024
16.6222
14.1569
12.0598
10.2867
8.7952
7.54919
6.52807
5.71278
4.11506
4.11506
3.70037
3.37233
3.1275
2.97167
2.91501
)
;
    }
}


// ************************************************************************* //
