/*--------------------------------*- C++ -*----------------------------------*\
| =========                 |                                                 |
| \\      /  F ield         | OpenFOAM: The Open Source CFD Toolbox           |
|  \\    /   O peration     | Version:  2412                                  |
|   \\  /    A nd           | Website:  www.openfoam.com                      |
|    \\/     M anipulation  |                                                 |
\*---------------------------------------------------------------------------*/
FoamFile
{
    version     2.0;
    format      ascii;
    arch        "LSB;label=32;scalar=64";
    class       volScalarField;
    location    "360";
    object      p;
}
// * * * * * * * * * * * * * * * * * * * * * * * * * * * * * * * * * * * * * //

dimensions      [0 2 -2 0 0 0 0];

internalField   nonuniform List<scalar> 
8553
(
92.783
58.6846
66.7279
75.8035
75.3534
58.8392
43.6673
48.6884
62.651
65.0589
67.1658
66.867
66.0052
64.6903
64.4295
64.7344
65.4097
66.2732
66.9579
67.1276
67.0734
66.8237
66.5421
66.3677
66.195
66.0003
65.6889
65.2507
64.7007
64.0549
63.3239
62.495
61.5644
60.5345
59.4231
58.251
57.04
55.8114
54.5871
53.3827
52.2187
51.1168
50.0616
49.0534
48.1179
47.2372
46.3761
45.5533
44.7995
44.0715
43.3358
42.6255
41.9501
41.2796
40.6078
39.9281
39.2504
38.5874
37.9321
37.2789
36.6232
35.9639
35.3112
34.6593
34.0091
33.375
32.7508
32.1352
31.5302
30.9298
30.3319
29.7482
29.1868
28.6377
28.0948
27.5682
27.0607
26.5686
63.3398
63.9595
65.0371
65.7026
65.7831
64.3234
61.8985
52.0152
47.055
56.1556
66.133
72.4236
63.7354
45.2062
74.6029
92.6543
58.7501
66.7565
75.7961
75.3296
58.8756
43.7238
48.698
62.6398
65.0523
67.163
66.8656
66.0053
64.691
64.43
64.7345
65.4094
66.2727
66.9574
67.1273
67.0732
66.8236
66.5421
66.3677
66.1949
66.0002
65.6888
65.2506
64.7007
64.0548
63.3238
62.495
61.5644
60.5345
59.4231
58.2509
57.04
55.8114
54.5871
53.3826
52.2187
51.1168
50.0616
49.0534
48.1179
47.2372
46.3761
45.5533
44.7995
44.0715
43.3358
42.6255
41.9501
41.2796
40.6078
39.9281
39.2504
38.5874
37.9321
37.2789
36.6232
35.9639
35.3112
34.6593
34.0091
33.375
32.7508
32.1352
31.5303
30.9298
30.3319
29.7482
29.1868
28.6377
28.0948
27.5682
27.0607
26.5686
63.3401
63.9598
65.037
65.7014
65.7808
64.318
61.8898
52.02
47.0936
56.1885
66.1274
72.3916
63.7355
45.3331
74.5205
92.5212
58.8213
66.8244
75.793
75.3103
58.9188
43.79
48.7104
62.6277
65.0449
67.1597
66.8641
66.0053
64.6918
64.4306
64.7345
65.4091
66.2721
66.9568
67.1269
67.073
66.8235
66.5421
66.3676
66.1949
66.0001
65.6887
65.2505
64.7006
64.0548
63.3238
62.4949
61.5643
60.5344
59.4231
58.2509
57.04
55.8113
54.5871
53.3826
52.2187
51.1168
50.0616
49.0534
48.1179
47.2372
46.3761
45.5533
44.7995
44.0715
43.3358
42.6255
41.9501
41.2796
40.6078
39.9281
39.2504
38.5874
37.9322
37.2789
36.6232
35.9639
35.3112
34.6593
34.0091
33.375
32.7508
32.1352
31.5303
30.9298
30.3319
29.7482
29.1868
28.6377
28.0948
27.5682
27.0607
26.5686
63.3404
63.9602
65.0368
65.7001
65.7781
64.3122
61.8803
52.0265
47.1395
56.228
66.1229
72.379
63.7148
45.4745
74.4478
92.3662
58.9111
66.8965
75.7784
75.2944
58.9778
43.8756
48.7317
62.6155
65.037
67.1559
66.8623
66.0052
64.6927
64.4313
64.7348
65.4089
66.2716
66.9562
67.1265
67.0728
66.8234
66.542
66.3676
66.1948
66
65.6886
65.2505
64.7006
64.0548
63.3238
62.4949
61.5643
60.5344
59.423
58.2509
57.04
55.8113
54.5871
53.3826
52.2187
51.1168
50.0616
49.0534
48.1179
47.2372
46.3761
45.5533
44.7995
44.0715
43.3358
42.6255
41.9501
41.2796
40.6078
39.9281
39.2504
38.5874
37.9322
37.2789
36.6232
35.9639
35.3112
34.6593
34.0091
33.375
32.7508
32.1352
31.5303
30.9298
30.332
29.7482
29.1868
28.6377
28.0948
27.5682
27.0607
26.5686
63.3408
63.9607
65.0366
65.6987
65.7751
64.3059
61.8706
52.039
47.1996
56.2749
66.1248
72.3686
63.7168
45.6233
74.4178
92.1767
59.0167
66.9946
75.7523
75.289
59.0497
43.993
48.77
62.6034
65.0278
67.1509
66.8599
66.005
64.6939
64.4326
64.7354
65.4089
66.271
66.9554
67.1259
67.0725
66.8233
66.5421
66.3676
66.1947
66
65.6885
65.2504
64.7005
64.0547
63.3237
62.4949
61.5643
60.5344
59.423
58.2509
57.04
55.8113
54.5871
53.3826
52.2187
51.1168
50.0616
49.0534
48.1179
47.2372
46.3761
45.5533
44.7995
44.0715
43.3358
42.6255
41.9501
41.2796
40.6078
39.9281
39.2504
38.5875
37.9322
37.2789
36.6232
35.9639
35.3112
34.6593
34.0091
33.3751
32.7508
32.1352
31.5303
30.9298
30.332
29.7482
29.1868
28.6377
28.0948
27.5682
27.0607
26.5686
63.3416
63.9614
65.0364
65.6969
65.7714
64.2988
61.861
52.0631
47.284
56.3328
66.1324
72.348
63.7684
45.7845
74.392
91.9463
59.1216
67.1422
75.7304
75.2779
59.1362
44.1528
48.8345
62.592
65.0163
67.1439
66.8567
66.0046
64.6958
64.4345
64.7365
65.4091
66.2705
66.9546
67.1253
67.0722
66.8233
66.5421
66.3676
66.1947
65.9999
65.6885
65.2504
64.7005
64.0547
63.3237
62.4949
61.5643
60.5344
59.423
58.2509
57.04
55.8113
54.5871
53.3826
52.2187
51.1168
50.0616
49.0534
48.1179
47.2373
46.3761
45.5534
44.7995
44.0715
43.3358
42.6255
41.9501
41.2797
40.6079
39.9281
39.2504
38.5875
37.9322
37.2789
36.6233
35.9639
35.3112
34.6594
34.0091
33.3751
32.7508
32.1353
31.5303
30.9298
30.332
29.7483
29.1868
28.6377
28.0949
27.5683
27.0607
26.5686
63.3428
63.9626
65.036
65.6947
65.7666
64.2904
61.8519
52.1057
47.3979
56.4024
66.1224
72.3223
63.8677
45.9695
74.2536
91.6535
59.214
67.3464
75.7389
75.2366
59.2548
44.3624
48.9338
62.5815
65.0017
67.134
66.8521
66.0039
64.6987
64.4378
64.7386
65.4099
66.2701
66.9534
67.1244
67.0717
66.8232
66.5423
66.3678
66.1948
65.9998
65.6884
65.2503
64.7005
64.0547
63.3238
62.4949
61.5643
60.5344
59.423
58.2509
57.04
55.8114
54.5871
53.3827
52.2188
51.1169
50.0617
49.0535
48.118
47.2373
46.3762
45.5534
44.7996
44.0716
43.3359
42.6256
41.9502
41.2797
40.6079
39.9282
39.2505
38.5875
37.9323
37.279
36.6233
35.964
35.3113
34.6594
34.0092
33.3752
32.7509
32.1353
31.5304
30.9299
30.3321
29.7483
29.1869
28.6378
28.0949
27.5683
27.0608
26.5687
63.3448
63.9644
65.0356
65.6916
65.7602
64.2802
61.8438
52.1738
47.5451
56.4892
66.0965
72.3033
64.03
46.1519
73.9842
91.2552
59.3103
67.5845
75.7883
75.2002
59.4328
44.625
49.0765
62.5717
64.9828
67.1202
66.8456
66.003
64.7031
64.4428
64.7421
65.4115
66.2697
66.952
67.1232
67.0711
66.8231
66.5426
66.368
66.1949
65.9998
65.6883
65.2503
64.7005
64.0548
63.3238
62.4949
61.5643
60.5345
59.4231
58.251
57.0401
55.8114
54.5872
53.3827
52.2188
51.117
50.0618
49.0536
48.1181
47.2374
46.3763
45.5535
44.7997
44.0717
43.336
42.6257
41.9503
41.2798
40.608
39.9283
39.2506
38.5876
37.9324
37.2791
36.6234
35.9641
35.3114
34.6595
34.0093
33.3753
32.751
32.1354
31.5305
30.93
30.3322
29.7484
29.187
28.6379
28.095
27.5684
27.0609
26.5688
63.348
63.9672
65.0351
65.6875
65.7516
64.2678
61.837
52.2744
47.7412
56.6104
66.0822
72.2962
64.2595
46.2948
73.6623
90.7154
59.3722
67.8211
75.8891
75.1829
59.6857
44.9514
49.2753
62.5594
64.9587
67.1012
66.8366
66.0019
64.7099
64.4505
64.7476
65.4141
66.2695
66.9501
67.1216
67.0702
66.823
66.5431
66.3685
66.1952
65.9999
65.6883
65.2504
64.7006
64.055
63.324
62.495
61.5644
60.5346
59.4232
58.2511
57.0402
55.8115
54.5873
53.3829
52.219
51.1171
50.0619
49.0537
48.1182
47.2376
46.3764
45.5537
44.7998
44.0718
43.3362
42.6258
41.9504
41.28
40.6082
39.9284
39.2507
38.5878
37.9325
37.2792
36.6236
35.9642
35.3116
34.6597
34.0094
33.3754
32.7512
32.1356
31.5306
30.9301
30.3323
29.7486
29.1871
28.638
28.0952
27.5686
27.0611
26.5689
63.3528
63.9714
65.0346
65.6822
65.7405
64.2527
61.8319
52.4157
48.002
56.7911
66.0782
72.3041
64.5429
46.3757
73.2941
90.0036
59.3281
68.0507
76.0699
75.1959
60.0758
45.3472
49.5452
62.5425
64.929
67.0759
66.8247
66.0008
64.7198
64.4617
64.7557
65.4181
66.2696
66.9475
67.1195
67.0691
66.823
66.5439
66.3692
66.1956
66
65.6883
65.2504
64.7008
64.0552
63.3242
62.4952
61.5646
60.5348
59.4234
58.2513
57.0404
55.8117
54.5875
53.3831
52.2192
51.1173
50.0621
49.0539
48.1184
47.2378
46.3766
45.5539
44.8001
44.0721
43.3364
42.6261
41.9507
41.2802
40.6084
39.9287
39.251
38.588
37.9328
37.2795
36.6238
35.9645
35.3118
34.6599
34.0097
33.3756
32.7514
32.1358
31.5309
30.9304
30.3325
29.7488
29.1874
28.6383
28.0954
27.5688
27.0613
26.5692
63.9777
65.0343
65.6753
65.7262
64.2349
61.8293
52.6057
48.3356
57.0522
66.1008
72.3441
64.8717
46.4097
72.7452
89.0635
59.1578
68.2661
76.3333
75.2615
60.6138
45.8675
49.895
62.5207
64.8937
67.0433
66.8094
65.9997
64.7338
64.4775
64.7672
65.424
66.2699
66.9442
67.1168
67.0676
66.8231
66.5451
66.3703
66.1963
66.0002
65.6884
65.2506
64.7011
64.0556
63.3245
62.4956
61.5649
60.535
59.4237
58.2516
57.0407
55.812
54.5878
53.3834
52.2195
51.1176
50.0624
49.0542
48.1188
47.2381
46.377
45.5542
44.8004
44.0724
43.3367
42.6264
41.951
41.2806
40.6088
39.929
39.2513
38.5884
37.9331
37.2798
36.6241
35.9648
35.3121
34.6603
34.01
33.376
32.7517
32.1361
31.5312
30.9307
30.3329
29.7492
29.1877
28.6386
28.0958
27.5692
27.0616
26.5695
26.0928
25.6316
25.1875
63.9868
65.0343
65.6669
65.7084
64.2148
61.8308
52.8522
48.7512
57.4015
66.2001
72.4542
65.2287
46.3882
71.9469
87.9022
58.8912
68.4227
76.6266
75.3366
61.2452
46.5761
50.3315
62.4929
64.8538
67.0026
66.7903
65.9989
64.7529
64.4988
64.7829
65.4324
66.2708
66.9402
67.1133
67.0658
66.8233
66.5468
66.3718
66.1973
66.0006
65.6886
65.2509
64.7016
64.0561
63.3251
62.496
61.5654
60.5355
59.4241
58.252
57.0411
55.8125
54.5882
53.3838
52.2199
51.1181
50.0629
49.0547
48.1192
47.2386
46.3775
45.5547
44.8009
44.0729
43.3372
42.6269
41.9515
41.2811
40.6093
39.9295
39.2518
38.5889
37.9336
37.2803
36.6246
35.9653
35.3126
34.6607
34.0105
33.3765
32.7522
32.1366
31.5317
30.9312
30.3334
29.7496
29.1882
28.6391
28.0962
27.5697
27.0621
26.57
26.0933
25.6321
25.188
63.9995
65.035
65.6568
65.6872
64.1935
61.8384
53.1623
49.2609
57.8401
66.3988
72.6262
65.5817
46.2576
70.8894
86.4848
58.4958
68.4668
76.9302
75.3881
62.0063
47.4455
50.863
62.4592
64.811
66.9537
66.7674
65.9987
64.7783
64.5269
64.8039
65.444
66.2725
66.9352
67.109
67.0637
66.8237
66.5491
66.3739
66.1987
66.0012
65.6889
65.2513
64.7022
64.0569
63.3258
62.4967
61.566
60.5361
59.4248
58.2527
57.0417
55.8131
54.5889
53.3844
52.2205
51.1187
50.0635
49.0554
48.1199
47.2393
46.3781
45.5554
44.8016
44.0736
43.3379
42.6276
41.9522
41.2817
40.6099
39.9302
39.2525
38.5895
37.9343
37.281
36.6253
35.966
35.3133
34.6614
34.0111
33.3771
32.7529
32.1373
31.5323
30.9318
30.334
29.7503
29.1889
28.6398
28.0969
27.5703
27.0628
26.5707
26.094
25.6328
25.1886
64.0167
65.037
65.6455
65.663
64.1728
61.8553
53.5426
49.8791
58.3514
66.6161
72.828
65.9157
45.9927
69.5254
84.7421
57.8944
68.3871
77.2092
75.4845
62.904
48.4631
51.4962
62.4204
64.7681
66.8967
66.7408
65.9995
64.811
64.563
64.8312
65.4595
66.2755
66.9296
67.104
67.0611
66.8244
66.5523
66.3768
66.2007
66.0021
65.6894
65.252
64.7032
64.058
63.3269
62.4977
61.5669
60.537
59.4257
58.2536
57.0426
55.8139
54.5897
53.3853
52.2214
51.1196
50.0644
49.0562
48.1208
47.2402
46.379
45.5563
44.8025
44.0745
43.3388
42.6285
41.9531
41.2826
40.6108
39.9311
39.2534
38.5904
37.9351
37.2819
36.6262
35.9669
35.3142
34.6623
34.012
33.378
32.7538
32.1382
31.5332
30.9327
30.3349
29.7512
29.1897
28.6407
28.0978
27.5712
27.0637
26.5716
26.0949
25.6337
25.1896
64.0395
65.0408
65.6335
65.6365
64.1554
61.886
53.9995
50.6199
58.9701
66.8397
73.033
66.163
45.5857
67.8488
82.7071
57.0681
68.198
77.3521
75.7447
63.92
49.6343
52.2378
62.3776
64.7287
66.8326
66.7111
66.002
64.8523
64.6084
64.8661
65.4798
66.2804
66.9235
67.0984
67.0584
66.8256
66.5565
66.3806
66.2034
66.0035
65.6903
65.2531
64.7046
64.0596
63.3284
62.499
61.5681
60.5382
59.4269
58.2548
57.0438
55.8151
54.5908
53.3864
52.2225
51.1207
50.0656
49.0574
48.1219
47.2413
46.3802
45.5574
44.8037
44.0756
43.34
42.6297
41.9543
41.2838
40.612
39.9322
39.2545
38.5916
37.9363
37.283
36.6273
35.968
35.3153
34.6634
34.0132
33.3792
32.7549
32.1393
31.5344
30.9339
30.3361
29.7524
29.1909
28.6418
28.099
27.5724
27.0649
26.5728
26.0961
25.6349
25.1908
64.0692
65.0473
65.6216
65.6093
64.1449
61.9358
54.5393
51.4939
59.7634
67.1481
73.1968
66.2833
44.9927
65.8537
80.3629
56.003
67.8939
77.252
76.0999
64.9253
50.9556
53.0922
62.3361
64.6974
66.7631
66.6792
66.007
64.9036
64.6647
64.9098
65.5062
66.2876
66.9171
67.0923
67.0555
66.8273
66.562
66.3856
66.2072
66.0054
65.6916
65.2545
64.7064
64.0617
63.3304
62.5009
61.5698
60.5399
59.4285
58.2563
57.0453
55.8166
54.5923
53.3879
52.224
51.1222
50.067
49.0588
48.1234
47.2428
46.3817
45.5589
44.8052
44.0772
43.3415
42.6312
41.9558
41.2853
40.6135
39.9337
39.256
38.5931
37.9378
37.2845
36.6288
35.9695
35.3168
34.6649
34.0147
33.3807
32.7564
32.1408
31.5359
30.9354
30.3376
29.7539
29.1924
28.6433
28.1005
27.5739
27.0664
26.5744
26.0977
25.6365
25.1923
64.107
65.0577
65.6113
65.5836
64.1459
62.0113
55.1679
52.5067
60.7487
67.4973
73.26
66.3062
44.1202
63.5389
77.7207
54.6814
67.4295
76.7643
76.4746
65.8733
52.4124
54.054
62.3131
64.6808
66.6907
66.6467
66.016
64.9663
64.7332
64.9639
65.5396
66.2982
66.9109
67.0861
67.0527
66.83
66.5691
66.3921
66.2121
66.0083
65.6935
65.2567
64.709
64.0645
63.3331
62.5033
61.572
60.542
59.4306
58.2584
57.0474
55.8186
54.5943
53.3898
52.2259
51.1241
50.0689
49.0607
48.1253
47.2447
46.3835
45.5608
44.8071
44.079
43.3433
42.633
41.9576
41.2872
40.6154
39.9356
39.2579
38.595
37.9397
37.2864
36.6307
35.9714
35.3187
34.6668
34.0166
33.3826
32.7583
32.1427
31.5378
30.9373
30.3395
29.7558
29.1944
28.6453
28.1024
27.5759
27.0684
26.5763
26.0996
25.6385
25.1943
65.0737
65.6045
65.5623
64.164
62.1202
55.8896
53.6598
61.8867
67.8744
73.175
66.1922
42.9089
60.9171
74.7982
53.0936
66.7282
75.779
77.1954
66.8596
53.9737
55.1096
62.3393
64.6801
66.6195
66.6161
66.0307
65.0422
64.8157
65.0299
65.5815
66.3129
66.9057
67.0802
67.0504
66.8339
66.5782
66.4004
66.2185
66.0122
65.6964
65.2597
64.7124
64.0683
63.3366
62.5065
61.575
60.5449
59.4334
58.2612
57.05
55.8211
54.5967
53.3922
52.2282
51.1265
50.0713
49.063
48.1277
47.2471
46.3859
45.5631
44.8094
44.0814
43.3457
42.6354
41.96
41.2896
40.6178
39.938
39.2603
38.5973
37.9421
37.2888
36.6331
35.9738
35.3211
34.6692
34.019
33.385
32.7607
32.1451
31.5402
30.9397
30.3419
29.7582
29.1968
28.6477
28.1049
27.5783
27.0709
26.5788
26.1021
25.641
25.1969
65.5494
64.2059
62.2706
56.7083
54.9388
63.0743
68.2735
72.8509
65.8715
41.3272
58.0603
71.6652
51.238
65.7415
74.2499
78.3121
67.7293
55.625
56.2499
62.442
64.6941
66.5552
66.5906
66.0534
65.133
64.9138
65.1094
65.6333
66.3329
66.9021
67.0751
67.049
66.8395
66.5896
66.411
66.2269
66.0175
65.7004
65.2638
64.7171
64.0731
63.3412
62.5108
61.5789
60.5486
59.4371
58.2646
57.0533
55.8243
54.5998
53.3952
52.2312
51.1294
50.0742
49.0659
48.1306
47.25
46.3888
45.566
44.8123
44.0843
43.3486
42.6383
41.9629
41.2925
40.6207
39.9409
39.2632
38.6003
37.945
37.2917
36.6361
35.9767
35.3241
34.6722
34.0219
33.3879
32.7637
32.1481
31.5432
30.9427
30.3449
29.7612
29.1998
28.6508
28.1079
27.5814
27.074
26.5819
26.1052
25.6441
25.2
65.5502
64.279
62.472
57.6202
56.3634
64.218
68.7422
71.803
65.2889
39.3406
55.0758
68.3692
49.1154
64.3977
72.4927
79.4427
68.4629
57.3284
57.4597
62.6282
64.7428
66.5072
66.5742
66.0871
65.2405
65.0292
65.2041
65.6965
66.3595
66.9012
67.0718
67.0491
66.8474
66.604
66.4243
66.2377
66.0247
65.7059
65.2694
64.7231
64.0795
63.3472
62.5163
61.584
60.5534
59.4417
58.2691
57.0575
55.8283
54.6037
53.3989
52.2349
51.1331
50.0778
49.0695
48.1341
47.2536
46.3923
45.5695
44.8159
44.0879
43.3522
42.6419
41.9665
41.2961
40.6243
39.9445
39.2668
38.6039
37.9486
37.2954
36.6397
35.9804
35.3277
34.6759
34.0256
33.3916
32.7674
32.1518
31.5469
30.9464
30.3487
29.765
29.2036
28.6545
28.1117
27.5852
27.0778
26.5857
26.1091
25.648
25.2039
65.5708
64.3916
62.7323
58.6231
57.7686
65.333
69.389
70.1181
64.2744
37.0169
51.92
64.7545
46.7411
62.5129
71.0691
80.4223
69.222
59.0393
58.718
62.9069
64.8543
66.4744
66.5725
66.1355
65.3669
65.1634
65.3158
65.7728
66.3941
66.9045
67.0711
67.0516
66.8581
66.6219
66.441
66.2514
66.0342
65.7135
65.2768
64.731
64.0876
63.3549
62.5233
61.5905
60.5596
59.4476
58.2747
57.0628
55.8333
54.6085
53.4036
52.2394
51.1375
50.0821
49.0738
48.1385
47.258
46.3966
45.5738
44.8203
44.0923
43.3565
42.6463
41.9709
41.3005
40.6288
39.949
39.2713
38.6083
37.9531
37.2999
36.6442
35.9849
35.3322
34.6804
34.0302
33.3962
32.772
32.1564
31.5515
30.951
30.3533
29.7696
29.2082
28.6592
28.1164
27.5899
27.0825
26.5905
26.1138
25.6527
25.2087
65.6191
64.554
63.067
59.711
59.1857
66.3841
70.3399
68.5932
62.597
34.4916
48.5376
60.981
44.1755
60.0123
69.9512
80.6934
69.9957
60.732
60.0095
63.2993
65.0335
66.4602
66.5923
66.2029
65.5141
65.3182
65.4462
65.864
66.4381
66.9139
67.0745
67.0574
66.8727
66.644
66.4616
66.2687
66.0467
65.7236
65.2867
64.7413
64.0981
63.3647
62.5323
61.5987
60.5674
59.455
58.2817
57.0694
55.8395
54.6145
53.4092
52.2449
51.143
50.0875
49.079
48.1437
47.2632
46.4019
45.579
44.8255
44.0976
43.3618
42.6516
41.9763
41.3059
40.6342
39.9544
39.2767
38.6138
37.9586
37.3054
36.6497
35.9904
35.3378
34.6859
34.0357
33.4018
32.7775
32.162
31.5571
30.9567
30.3589
29.7753
29.2139
28.6649
28.1221
27.5956
27.0883
26.5962
26.1196
25.6585
25.2146
60.8471
60.8009
67.2161
71.4992
67.0308
60.3672
31.906
45.2623
57.5267
41.5545
57.1126
69.0136
80.2822
70.7612
62.3897
61.3243
63.8034
65.2741
66.4906
66.6401
66.2944
65.6844
65.4949
65.597
65.9719
66.4946
66.9301
67.0835
67.068
66.8921
66.6712
66.4871
66.2903
66.0629
65.737
65.2996
64.7545
64.1113
63.3772
62.5438
61.6092
60.5773
59.4643
58.2904
57.0776
55.8472
54.6217
53.4162
52.2515
51.1495
50.0939
49.0853
48.15
47.2696
46.4082
45.5853
44.8319
44.104
43.3682
42.658
41.9828
41.3125
40.6408
39.9609
39.2833
38.6204
37.9652
37.312
36.6564
35.9971
35.3445
34.6927
34.0425
33.4086
32.7844
32.1688
31.564
30.9635
30.3658
29.7822
29.2208
28.6718
28.1291
27.6026
27.0952
26.6032
26.1266
25.6656
25.2216
62.0301
62.4143
67.9786
72.7819
65.6579
57.7697
29.5519
42.4149
54.9284
39.0315
54.1781
68.6092
79.8488
71.5217
64.0167
62.6651
64.3958
65.5769
66.5853
66.7239
66.4155
65.8799
65.6951
65.7697
66.0984
66.5669
66.9545
67.1003
67.0847
66.9176
66.7045
66.5183
66.3172
66.0836
65.7545
65.3163
64.7713
64.1281
63.3929
62.5582
61.6225
60.5896
59.4759
58.3013
57.0877
55.8566
54.6306
53.4245
52.2595
51.1574
50.1016
49.0929
48.1576
47.2772
46.4157
45.5928
44.8396
44.1118
43.376
42.6658
41.9906
41.3204
40.6487
39.9689
39.2913
38.6284
37.9733
37.3201
36.6645
36.0053
35.3527
34.7009
34.0507
33.4168
32.7926
32.1771
31.5722
30.9719
30.3741
29.7905
29.2292
28.6802
28.1374
27.611
27.1037
26.6116
26.135
25.674
25.2302
63.2509
63.9586
68.7224
73.7018
65.2075
55.22
27.451
40.1455
53.697
36.8341
51.8943
69.268
79.099
72.3323
65.6166
64.0273
65.072
65.9504
66.7487
66.8525
66.572
66.1028
65.92
65.9656
66.2446
66.6545
66.9935
67.1269
67.1097
66.9508
66.745
66.5565
66.3505
66.1102
65.7772
65.3379
64.7927
64.1491
63.4127
62.5764
61.6392
60.6051
59.4903
58.3147
57.1
55.868
54.6413
53.4346
52.2691
51.1669
50.1108
49.1018
48.1666
47.2864
46.4248
45.6018
44.8488
44.1211
43.3853
42.6752
42.0001
41.33
40.6583
39.9785
39.3009
38.6381
37.983
37.33
36.6744
36.0151
35.3626
34.7108
34.0607
33.4268
32.8026
32.1871
31.5822
30.9819
30.3842
29.8006
29.2393
28.6903
28.1475
27.6211
27.1137
26.6217
26.1451
25.6842
25.2403
53.1734
25.9173
38.8385
54.2569
35.5261
50.7736
70.7449
78.2363
73.1723
67.1663
65.3986
65.8363
66.4061
66.9809
67.034
66.7691
66.3552
66.171
66.186
66.4124
66.7592
67.0502
67.1661
67.1452
66.9934
66.7943
66.603
66.3916
66.1438
65.8064
65.3654
64.8198
64.1756
63.4374
62.5992
61.66
60.6244
59.5081
58.3311
57.1151
55.8818
54.6542
53.4466
52.2805
51.178
50.1217
49.1124
48.1773
47.2972
46.4356
45.6125
44.8598
44.1322
43.3964
42.6864
42.0115
41.3414
40.6699
39.9901
39.3125
38.6498
37.9948
37.3418
36.6862
36.027
35.3745
34.7227
34.0726
33.4387
32.8146
32.1991
31.5942
30.9939
30.3962
29.8126
29.2513
28.7023
28.1595
27.6331
27.1258
26.6338
26.1572
25.6962
25.2525
52.2776
25.7972
39.0017
56.791
36.2369
51.6635
72.8732
77.6808
73.9566
68.6707
66.7621
66.6831
66.9459
67.2921
67.2755
67.0123
66.6397
66.4496
66.4325
66.6043
66.8856
67.1255
67.221
67.1937
67.0475
66.854
66.6595
66.442
66.186
65.8435
65.4004
64.8538
64.2085
63.4682
62.6275
61.6859
60.6481
59.5299
58.351
57.1331
55.8983
54.6694
53.4607
52.2938
51.1911
50.1344
49.1249
48.1899
47.3101
46.4483
45.6252
44.8729
44.1456
43.4097
42.6999
42.0251
41.3552
40.6838
40.004
39.3265
38.6638
38.0089
37.3559
36.7004
36.0412
35.3887
34.737
34.0869
33.453
32.8289
32.2134
31.6085
31.0082
30.4105
29.8269
29.2656
28.7165
28.1737
27.6474
27.14
26.648
26.1714
25.7105
25.2668
54.2094
27.9231
41.7251
61.5942
40.6896
55.8082
75.4133
77.5281
74.7231
70.1437
68.1173
67.6071
67.5686
67.6868
67.5837
67.3065
66.9588
66.7573
66.706
66.8217
67.0365
67.2235
67.2946
67.2583
67.1155
66.926
66.7276
66.5035
66.2386
65.8904
65.4443
64.8962
64.2492
63.5062
62.6624
61.7176
60.6771
59.5562
58.3748
57.1546
55.9177
54.6873
53.4772
52.3092
51.2063
50.1493
49.1394
48.2046
47.3252
46.4634
45.6402
44.8884
44.1614
43.4256
42.7159
42.0413
41.3716
40.7003
40.0206
39.3431
38.6805
38.0257
37.3728
36.7173
36.0581
35.4057
34.754
34.1038
33.47
32.8458
32.2303
31.6255
31.0251
30.4274
29.8438
29.2825
28.7334
28.1906
27.6642
27.1569
26.6648
26.1882
25.7273
25.2837
59.4669
33.1675
48.5302
69.9823
49.6155
63.6256
77.1586
78.1261
75.6156
71.6082
69.4695
68.6003
68.2727
68.1676
67.9633
67.6561
67.316
67.0966
67.0084
67.0666
67.2144
67.3473
67.3904
67.3418
67.1999
67.0124
66.8093
66.5778
66.3034
65.9486
65.4988
64.9483
64.299
63.5526
62.7048
61.756
60.7119
59.5876
58.4029
57.1797
55.9402
54.7079
53.496
52.3267
51.2237
50.1663
49.1559
48.2215
47.3428
46.4809
45.6577
44.9067
44.18
43.4443
42.7348
42.0605
41.3911
40.72
40.0403
39.3629
38.7004
38.0456
37.3928
36.7374
36.0782
35.4258
34.7741
34.1239
33.4901
32.8659
32.2504
31.6455
31.0451
30.4474
29.8637
29.3023
28.7533
28.2104
27.684
27.1767
26.6846
26.2079
25.7471
25.3034
67.84
41.7563
59.8913
82.6052
61.9884
72.738
78.2541
79.5932
76.7063
73.0953
70.8249
69.6537
69.0533
68.7339
68.4173
68.0643
67.7141
67.4695
67.3412
67.341
67.4222
67.5002
67.5116
67.4473
67.3032
67.1154
66.9066
66.6667
66.3821
66.0199
65.5654
65.0117
64.3591
63.6082
62.7556
61.8018
60.7529
59.6242
58.4354
57.2084
55.9656
54.731
53.517
52.3461
51.2432
50.1854
49.1746
48.2408
47.363
46.5012
45.678
44.928
44.2019
43.4663
42.757
42.0832
41.4141
40.7432
40.0636
39.3862
38.7238
38.0692
37.4165
36.7611
36.1019
35.4495
34.7978
34.1476
33.5137
32.8895
32.2739
31.669
31.0686
30.4708
29.887
29.3256
28.7766
28.2336
27.7071
27.1998
26.7076
26.2309
25.7701
25.3265
76.4578
54.1976
75.4481
98.3069
77.2495
82.7842
81.2093
81.6317
78.0412
74.6227
72.1917
70.7577
69.9037
69.3819
68.9453
68.5326
68.1556
67.8778
67.7057
67.6465
67.6622
67.6848
67.6614
67.578
67.428
67.2373
67.0214
66.7723
66.4767
66.1059
65.6455
65.0874
64.4304
63.674
62.8152
61.8551
60.8003
59.666
58.4719
57.2402
55.9933
54.7561
53.5394
52.3668
51.2642
50.2062
49.1951
48.2624
47.386
46.5244
45.7012
44.9526
44.2274
43.4919
42.783
42.1097
41.4411
40.7704
40.0909
39.4137
38.7514
38.0968
37.4442
36.7889
36.1297
35.4773
34.8255
34.1753
33.5414
32.9171
32.3015
31.6964
31.096
30.4981
29.9143
29.3528
28.8036
28.2606
27.7341
27.2267
26.7344
26.2577
25.7967
25.3532
84.1238
70.0275
92.6285
114.491
94.8621
93.3928
85.4352
83.8824
79.6413
76.1904
73.5749
71.9017
70.8147
70.1033
69.5429
69.059
68.6409
68.322
68.1025
67.9841
67.9357
67.9033
67.8424
67.7366
67.5771
67.3803
67.1559
66.8963
66.5887
66.2083
65.7406
65.1767
64.5137
63.7504
62.8841
61.916
60.8536
59.7121
58.5114
57.2738
56.0221
54.7818
53.5622
52.3877
51.2861
50.2282
49.2168
48.2857
47.4115
46.5503
45.7272
44.9806
44.2566
43.5214
42.8131
42.1405
41.4724
40.8022
40.1228
39.4457
38.7835
38.1291
37.4766
36.8214
36.1621
35.5098
34.8579
34.2076
33.5736
32.9493
32.3335
31.7283
31.1277
30.5297
29.9458
29.3843
28.8351
28.2919
27.7652
27.2577
26.7653
26.2885
25.8276
25.3841
90.1288
87.5389
111.286
130.139
111.063
100.507
90.2437
86.179
81.4631
77.7857
74.9729
73.0733
71.7737
70.8855
70.2014
69.6381
69.1676
68.8008
68.5305
68.3533
68.2431
68.1566
68.0564
67.9253
67.7525
67.5466
67.3118
67.0405
66.72
66.3285
65.8518
65.2803
64.6096
63.8375
62.9615
61.9836
60.9117
59.761
58.5522
57.3075
56.0499
54.8063
53.5832
52.4066
51.307
50.2498
49.2386
48.3101
47.4392
46.5788
45.756
45.0121
44.2899
43.555
42.8474
42.1758
41.5086
40.8391
40.1599
39.4829
38.8209
38.1667
37.5143
36.859
36.1996
35.5473
34.8955
34.245
33.6109
32.9863
32.3704
31.7652
31.1648
30.5666
29.9823
29.4205
28.8712
28.3279
27.801
27.2935
26.8011
26.3243
25.8634
25.4199
94.693
104.118
129.515
142.987
123.738
105.074
95.1576
88.5026
83.4132
79.3851
76.3729
74.2566
72.7637
71.7113
70.9066
70.2598
69.7294
69.3097
68.9864
68.7517
68.5827
68.4439
68.3037
68.1452
67.9557
67.7378
67.4909
67.2064
66.8718
66.4677
65.9802
65.3989
64.7182
63.9349
63.0467
62.0562
60.9721
59.8099
58.5908
57.3373
56.0728
54.8259
53.5993
52.4212
51.3252
50.2693
49.2585
48.3338
47.4678
46.6089
45.7866
45.0467
44.3272
43.5932
42.8867
42.2165
41.5502
40.8812
40.2023
39.5255
38.8637
38.2096
37.5576
36.9028
36.2435
35.5909
34.9387
34.288
33.654
33.0296
32.4137
31.8083
31.2069
30.6078
30.0235
29.4619
28.9126
28.3689
27.8418
27.3342
26.8417
26.3647
25.9037
25.4598
99.7566
116.157
142.122
148.969
131.826
108.661
99.4307
90.7862
85.3659
80.9522
77.747
75.4274
73.7621
72.5595
71.6401
70.9093
70.3156
69.8404
69.4637
69.174
68.9501
68.7621
68.5827
68.3954
68.1869
67.9544
67.6937
67.3948
67.045
66.6265
66.126
65.5322
64.8384
64.0407
63.1372
62.1307
61.0311
59.8544
58.6229
57.3591
56.0866
54.8364
53.6049
52.4245
51.3349
50.2826
49.2743
48.356
47.4971
46.6402
45.819
45.0846
44.3683
43.6351
42.9299
42.2615
41.5973
40.9302
40.2518
39.5749
38.9136
38.2606
37.6088
36.9527
36.2918
35.6397
34.9882
34.3373
33.7033
33.0787
32.4623
31.8558
31.2534
30.6544
30.0705
29.509
28.9592
28.4152
27.8879
27.38
26.8872
26.4099
25.9487
25.5048
105.1
122.604
149.135
150.225
136.262
111.253
102.424
92.821
87.1747
82.4364
79.059
76.5568
74.7394
73.4023
72.3775
71.5662
70.9097
70.3795
69.9511
69.6106
69.3372
69.1045
68.8881
68.6726
68.4436
68.195
67.9193
67.6047
67.2388
66.8045
66.2883
65.6789
64.9684
64.1525
63.2292
62.2023
61.0827
59.8871
58.6395
57.3624
56.0802
54.8285
53.5945
52.4156
51.3366
50.2876
49.2801
48.3703
47.5231
46.6704
45.85
45.1236
44.414
43.6831
42.9804
42.3155
41.6526
40.9842
40.3059
39.6306
38.9709
38.3176
37.664
37.0065
36.347
35.6967
35.0442
34.3927
33.7583
33.1333
32.5163
31.9094
31.3069
30.7082
30.1241
29.5616
29.0111
28.4673
27.9401
27.4316
26.9385
26.461
25.9996
25.5555
108.571
124.862
152.378
147.184
137.598
112.731
104.353
94.4701
88.7172
83.773
80.2622
77.6091
75.662
74.2088
73.0904
72.205
71.4896
70.9083
70.4327
70.047
69.7309
69.4596
69.2105
68.9688
68.7201
68.4554
68.1642
67.8333
67.45
66.9981
66.4637
65.8347
65.1027
64.2633
63.3148
62.2618
61.117
59.8979
58.6316
57.3405
56.0492
54.7973
53.5547
52.3716
51.3093
50.2736
49.2773
48.3829
47.549
46.6993
45.884
45.1691
44.4638
43.7339
43.0356
42.3734
41.7085
41.0438
40.3703
39.6944
39.034
38.3808
37.7274
37.0704
36.4108
35.7588
35.1064
34.4563
33.821
33.1951
32.5775
31.9697
31.3667
30.768
30.1839
29.6207
29.0696
28.5255
27.9981
27.4893
26.9957
26.5179
26.0564
25.612
109.862
124.019
151.887
140.46
134.968
113.246
105.23
95.6386
89.9003
84.8926
81.3026
78.5421
76.4922
74.9441
73.7454
72.7946
72.0272
71.4022
70.8867
70.4632
70.1124
69.8098
69.534
69.2712
69.006
68.7266
68.4205
68.0735
67.6721
67.2006
66.6451
65.9929
65.2343
64.365
63.3843
62.2971
61.1195
59.8698
58.5794
57.2676
55.9602
54.7143
53.4779
52.3121
51.2808
50.2459
49.2447
48.3676
47.5634
46.7256
45.9199
45.2137
44.5164
43.7931
43.0987
42.4394
41.7765
41.1123
40.4402
39.7679
39.1079
38.4533
37.7988
37.1414
36.4821
35.8296
35.1769
34.5266
33.8906
33.264
32.6457
32.037
31.4335
30.8348
30.2505
29.6864
29.1346
28.5905
28.0628
27.5534
27.0595
26.5814
26.1196
25.6751
110.074
121.14
147.482
134.476
130.137
112.684
105.125
96.2495
90.6577
85.7324
82.1286
79.3117
77.1911
75.5697
74.3051
73.3002
72.49
71.8302
71.2848
70.8333
70.4563
70.131
69.8371
69.5606
69.284
68.9933
68.6745
68.3123
67.8926
67.3994
66.8185
66.1369
65.3447
64.4372
63.4149
62.2848
61.0675
59.779
58.4612
57.1338
55.8273
54.6055
53.342
52.1541
51.1564
50.175
49.2317
48.3863
47.586
46.7437
45.954
45.2603
44.5732
43.8626
43.1762
42.5161
41.8541
41.1914
40.5217
39.8505
39.1898
38.5344
37.8792
37.2213
36.5618
35.9083
35.2553
34.6051
33.9682
33.3406
32.7214
32.1117
31.5076
30.9089
30.3244
29.7595
29.2069
28.6626
28.1347
27.6249
27.1305
26.6521
26.1901
25.7453
25.3184
109.289
117.797
140.54
128.49
124.51
111.073
104.183
96.2655
90.9526
86.2403
82.6947
79.8769
77.7209
76.0496
74.735
73.6881
72.8447
72.159
71.5938
71.1252
70.7322
70.3942
70.092
69.8092
69.5275
69.2309
68.9033
68.5279
68.0902
67.5733
66.9626
66.2448
65.4111
64.4583
63.3853
62.1974
60.9265
59.5887
58.251
56.902
55.5557
54.3281
53.1251
52.0427
51.1047
50.1338
49.1758
48.3348
47.567
46.7776
46.0228
45.3298
44.6448
43.9445
43.2634
42.6042
41.9436
41.2816
40.6133
39.9436
39.2824
38.6254
37.9689
37.3102
36.6504
35.996
35.3425
34.6921
34.0542
33.4256
32.8054
32.1947
31.5899
30.9912
30.4064
29.8405
29.2871
28.7426
28.2144
27.704
27.2092
26.7305
26.2683
25.8235
25.3965
107.567
114.11
132.321
122.378
118.542
108.663
102.553
95.7031
90.7783
86.383
82.9665
80.2031
78.0479
76.3519
75.0049
73.928
73.061
72.3576
71.7805
71.304
70.906
70.5656
70.2634
69.9818
69.701
69.4037
69.0722
68.6869
68.231
67.688
67.0414
66.2778
65.3877
64.3715
63.2317
61.9779
60.664
59.2668
57.8893
56.5013
55.2015
54.1108
52.9582
51.8495
50.904
50.0029
49.139
48.3525
47.6005
46.833
46.0951
45.4091
44.7319
44.0419
43.3657
42.7065
42.0461
41.3843
40.717
40.048
39.3857
38.7271
38.0691
37.4093
36.7489
36.0931
35.439
34.7883
34.1492
33.5194
32.8982
32.2863
31.6809
31.0821
30.4972
29.9304
29.3763
28.8318
28.3035
27.7927
27.2976
26.8186
26.3564
25.9115
25.4844
105.373
110.754
124.523
116.781
112.682
105.764
100.392
94.6248
90.1577
86.1519
82.9272
80.2698
78.1513
76.4566
75.0948
74.0001
73.1175
72.4029
71.8195
71.3407
70.9437
70.6073
70.3113
70.0363
69.7608
69.4658
69.132
68.7389
68.265
67.691
67.0001
66.1782
65.2188
64.1382
62.9398
61.5974
60.1927
58.7131
57.3503
56.1309
54.8567
53.7118
52.6333
51.6608
50.8022
49.9604
49.1375
48.3734
47.6437
46.9091
46.1933
45.512
44.8373
44.1546
43.4822
42.8226
42.162
41.4998
40.8328
40.164
39.5004
38.8399
38.18
37.519
36.8578
36.2009
35.5461
34.8952
34.2551
33.6242
33.002
32.389
31.7829
31.1842
30.599
30.0315
29.4766
28.932
28.4034
27.8921
27.3967
26.9175
26.4552
26.0103
25.5833
103.019
108.276
118.086
111.582
107.192
102.591
97.8645
93.1192
89.1385
85.5629
82.5785
80.0717
78.0245
76.3572
74.9994
73.8987
73.0079
72.2859
71.6984
71.2188
70.8236
70.4916
70.202
69.9334
69.6629
69.3689
69.0295
68.6239
68.1292
67.5202
66.7771
65.8899
64.8472
63.6853
62.3607
60.8999
59.5128
58.2046
56.8185
55.5487
54.3903
53.3813
52.4336
51.5413
50.7256
49.9386
49.1711
48.4399
47.727
47.0106
46.3085
45.6319
44.9614
44.2853
43.6158
42.9553
42.294
41.6309
40.9637
40.2948
39.6295
38.9669
38.305
37.6424
36.9802
36.3219
35.6661
35.0148
34.3735
33.7413
33.1179
32.5038
31.8972
31.2985
30.7132
30.1447
29.5891
29.0445
28.5158
28.0041
27.5084
27.0291
26.5667
26.1218
25.6948
100.683
105.313
112.032
106.75
102.215
99.2925
95.1185
91.2849
87.7866
84.6533
81.9421
79.6214
77.6771
76.0636
74.73
73.637
72.7458
72.02
71.4283
70.9451
70.5472
70.2135
69.923
69.653
69.3791
69.0773
68.7231
68.2924
67.7628
67.1117
66.3111
65.3501
64.1566
62.9269
61.6252
60.2068
58.8057
57.435
56.1842
55.082
54.0746
53.1575
52.3013
51.4925
50.7303
49.9824
49.2444
48.5313
47.8339
47.137
46.4489
45.7765
45.1082
44.4362
43.7684
43.1065
42.4438
41.7791
41.1109
40.4411
39.7739
39.1088
38.4446
37.7803
37.1169
36.4572
35.8006
35.1487
34.5063
33.8729
33.2484
32.6332
32.0258
31.427
30.8415
30.2722
29.7158
29.171
28.642
28.13
27.6339
27.1545
26.692
26.2472
25.8202
98.5486
102.06
106.023
102.222
97.6339
95.9736
92.2692
89.2195
86.1771
83.4759
81.055
78.9468
77.1336
75.6003
74.3138
73.2454
72.3651
71.6416
71.0472
70.558
70.1515
69.8075
69.5048
69.2203
68.9289
68.6047
68.2209
67.7521
67.172
66.4589
65.572
64.5461
63.3649
62.0676
60.7611
59.3724
58.0603
56.8594
55.7617
54.774
53.8792
53.0546
52.2687
51.5085
50.7756
50.0577
49.3506
48.6591
47.9756
47.2917
46.613
45.9442
45.278
44.609
43.9421
43.2785
42.6137
41.9469
41.2772
40.606
39.9365
39.2687
38.6019
37.9355
37.2704
36.6091
35.9512
35.2985
34.6547
34.02
33.3942
32.7778
32.1698
31.5709
30.9851
30.4149
29.8578
29.3129
28.7838
28.2714
27.7751
27.2954
26.833
26.3881
25.9613
96.6463
98.99
100.162
98.2309
93.4956
92.7373
89.4105
87.0135
84.3858
82.091
79.9647
78.0861
76.4283
75.0016
73.7879
72.766
71.9138
71.205
70.6158
70.124
69.7085
69.3497
69.0274
68.7183
68.3975
68.0389
67.6148
67.0985
66.4583
65.6773
64.761
63.6849
62.5325
61.2656
59.9755
58.7261
57.5589
56.4885
55.5176
54.6356
53.8182
53.0474
52.3057
51.5839
50.8806
50.187
49.5002
48.8225
48.1497
47.4769
46.8066
46.1406
45.4751
44.8071
44.1395
43.4733
42.8056
42.1359
41.4637
40.7902
40.1178
39.4469
38.7771
38.1084
37.4415
36.7784
36.1193
35.4656
34.8206
34.1845
33.5574
32.9398
32.3311
31.732
31.1459
30.5748
30.017
29.472
28.9426
28.4298
27.9333
27.4536
26.9912
26.5465
26.1198
94.6577
96.1186
95.4352
94.9466
89.8854
89.6644
86.622
84.7454
82.4836
80.5593
78.7218
77.0823
75.6015
74.3065
73.1919
72.2436
71.4435
70.7705
70.2041
69.724
69.3104
68.9449
68.6077
68.2767
67.9278
67.5357
67.0715
66.4991
65.8285
65.0156
64.0874
63.0302
61.8698
60.673
59.4927
58.3659
57.3184
56.3589
55.4771
54.6578
53.8841
53.144
52.4288
51.7298
51.0433
50.3657
49.6941
49.0279
48.3631
47.6969
47.0307
46.3659
45.7001
45.0316
44.3622
43.6925
43.0212
42.3479
41.6725
40.9959
40.3201
39.6457
38.9726
38.3011
37.6321
36.9669
36.3063
35.6515
35.0051
34.3675
33.7391
33.1204
32.511
31.9117
31.3253
30.7535
30.1951
29.65
29.1205
28.6074
28.1107
27.6309
27.1686
26.7241
26.2976
92.1199
93.4136
92.0945
91.8223
86.7135
86.7461
83.946
82.4708
80.5288
78.9353
77.3742
75.9766
74.6913
73.5513
72.5613
71.7164
70.9979
70.3895
69.8731
69.4305
69.0432
68.6933
68.3622
68.0283
67.6683
67.2454
66.7642
66.18
65.4833
64.677
63.7344
62.6981
61.5989
60.4772
59.3769
58.3351
57.3646
56.4632
55.6221
54.8296
54.0744
53.3468
52.6399
51.9504
51.2733
50.6036
49.9387
49.2768
48.6155
47.9525
47.2881
46.6225
45.9548
45.2841
44.6113
43.9372
43.2612
42.5833
41.9037
41.2233
40.5436
39.8654
39.1889
38.5145
37.8432
37.176
36.5138
35.8578
35.21
34.5711
33.9415
33.3217
32.7116
32.1121
31.5253
30.9529
30.394
29.8488
29.3192
28.8059
28.3092
27.8294
27.3674
26.9233
26.4971
89.3538
90.77
89.0588
88.5075
83.805
83.9233
81.3843
80.2176
78.5611
77.2601
75.96
74.8014
73.7236
72.7598
71.9201
71.2069
70.6016
70.0902
69.6567
69.2847
68.9568
68.6553
68.3606
68.0397
67.6963
67.2939
66.8076
66.2348
65.5319
64.7135
63.7912
62.7859
61.7301
60.6602
59.6094
58.6046
57.6598
56.7735
55.9374
55.1431
54.3827
53.6504
52.9403
52.247
51.5675
50.8973
50.2322
49.57
48.9079
48.244
47.5779
46.9094
46.2381
45.5638
44.8867
44.2073
43.5259
42.8428
42.1584
41.4737
40.7898
40.1075
39.4274
38.75
38.0761
37.4068
36.743
36.0857
35.4366
34.7965
34.1658
33.545
32.9344
32.3347
31.7478
31.1749
30.6156
30.0705
29.5409
29.0276
28.5309
28.0514
27.5897
27.1461
26.7204
86.6256
88.1584
86.1464
85.2585
81.1276
81.1876
78.9311
77.9995
76.6037
75.5613
74.5067
73.5805
72.7166
71.9461
71.2773
70.7186
70.2548
69.87
69.5504
69.2799
69.0416
68.8161
68.5814
68.324
68.0208
67.6559
67.1842
66.6024
65.9055
65.0934
64.1798
63.1896
62.1549
61.1083
60.0771
59.0804
58.1299
57.2296
56.3756
55.5616
54.7829
54.0349
53.3116
52.6083
51.9195
51.2414
50.5703
49.9023
49.2353
48.5671
47.8968
47.2237
46.5475
45.868
45.1857
44.5007
43.8135
43.1248
42.4354
41.7461
41.0579
40.3717
39.6881
39.0078
38.3316
37.6604
36.9951
36.3367
35.6865
35.0453
34.4137
33.7922
33.1812
32.5815
31.9945
31.4213
30.862
30.317
29.7876
29.2745
28.7781
28.299
27.838
27.395
26.97
84.1299
85.5607
83.4249
82.1574
78.5965
78.5476
76.5725
75.8218
74.6663
73.8541
73.0291
72.3244
71.6749
71.1078
70.6244
70.2358
69.9324
69.6963
69.5126
69.3651
69.2336
69.1037
68.9564
68.7775
68.5188
68.1679
67.712
67.1359
66.4361
65.6201
64.7058
63.7193
62.6909
61.65
60.6212
59.6216
58.6606
57.7422
56.8663
56.0277
55.228
54.4664
53.7253
53.006
52.306
51.6173
50.9364
50.2605
49.5864
48.9121
48.236
47.5575
46.8758
46.191
45.5033
44.8134
44.1211
43.4273
42.7331
42.0394
41.3473
40.6575
39.9708
39.2879
38.6096
37.9368
37.2703
36.6111
35.9602
35.3184
34.6863
34.0645
33.4534
32.8539
32.2672
31.6941
31.135
30.5905
30.0616
29.549
29.0531
28.5747
28.1145
27.6726
27.2485
81.6021
82.9095
80.8025
79.1095
76.0817
75.9643
74.2746
73.6758
72.745
72.1399
71.5297
71.0342
70.5931
70.2292
69.94
69.7295
69.592
69.5131
69.4737
69.4551
69.4422
69.4134
69.3451
69.2094
68.9863
68.6548
68.1994
67.6146
66.9034
66.0783
65.1604
64.1759
63.154
62.1211
61.0984
60.1008
59.1373
58.2128
57.3236
56.4698
55.6592
54.8799
54.1291
53.3991
52.6879
51.992
51.3044
50.6214
49.9411
49.2612
48.5804
47.8974
47.2116
46.5228
45.8311
45.1371
44.4414
43.7443
43.0465
42.3496
41.6545
40.9622
40.2734
39.5889
38.9094
38.2358
37.5688
36.9094
36.2584
35.6165
34.9845
34.3629
33.7524
33.1535
32.5674
31.9949
31.4365
30.8928
30.3648
29.8531
29.3582
28.8809
28.422
27.9814
27.5587
78.9824
80.1863
78.1798
76.11
73.5788
73.4189
72.0094
71.5472
70.8278
70.411
70.0006
69.7008
69.4575
69.2883
69.1884
69.156
69.1814
69.2526
69.3503
69.4554
69.5466
69.5956
69.5808
69.4788
69.2674
68.9307
68.4611
67.8591
67.1343
66.3036
65.3896
64.417
63.4118
62.3978
61.3939
60.4128
59.4617
58.5476
57.6679
56.8175
56.0023
55.2189
54.4642
53.7325
53.0189
52.3201
51.6325
50.95
50.2688
49.588
48.9063
48.2227
47.5363
46.847
46.1548
45.4601
44.7636
44.0663
43.3681
42.6703
41.9744
41.2814
40.5922
39.9076
39.2284
38.5553
37.889
37.2304
36.5804
35.9395
35.3085
34.688
34.0787
33.4812
32.8964
32.3251
31.768
31.2258
30.6992
30.1889
29.6956
29.2199
28.7629
28.3242
27.9032
76.2869
77.3862
75.517
73.1459
71.0724
70.8925
69.7541
69.4198
68.9
68.6557
68.4316
68.3122
68.2511
68.2621
68.336
68.4683
68.6449
68.8509
69.0672
69.27
69.4327
69.533
69.5459
69.4498
69.2288
68.8739
68.3841
67.767
67.0368
66.2134
65.319
64.3749
63.4026
62.4227
61.4514
60.4995
59.5747
58.6817
57.824
56.9976
56.1929
55.4222
54.6776
53.9536
53.2477
52.5557
51.8743
51.2008
50.5295
49.8565
49.1817
48.5045
47.8242
47.1406
46.4538
45.7641
45.072
44.3785
43.6848
42.9909
42.2978
41.6075
40.9209
40.2388
39.5622
38.8917
38.228
37.5721
36.9245
36.2861
35.6575
35.0394
34.4323
33.8372
33.2547
32.6857
32.1308
31.5907
31.0664
30.5584
30.0673
29.594
29.1395
28.7034
28.2849
73.5014
74.5219
72.7983
70.2073
68.5815
68.3758
67.4958
67.2797
66.9463
66.8597
66.8069
66.8519
66.9546
67.1264
67.3532
67.6269
67.9313
68.248
68.5544
68.8237
69.0289
69.1474
69.1595
69.0492
68.8066
68.4298
67.9246
67.303
66.582
65.7816
64.9228
64.0235
63.0997
62.1688
61.2441
60.3351
59.4487
58.5889
57.7595
56.957
56.1828
55.436
54.7125
54.0088
53.3222
52.649
51.9856
51.329
50.6772
50.0249
49.3685
48.708
48.0433
47.3745
46.7015
46.0248
45.3449
44.6626
43.979
43.2954
42.6117
41.929
41.2494
40.5739
39.9034
39.2387
38.5807
37.9299
37.2873
36.6535
36.0293
35.4153
34.8122
34.2209
33.6421
33.0766
32.5252
31.9886
31.4675
30.9628
30.4751
30.0052
29.5541
29.1215
28.7062
70.5955
71.5144
69.9613
67.264
65.9917
65.8337
65.2003
65.1062
64.9491
65.0087
65.1122
65.3054
65.5531
65.8621
66.2163
66.6038
67.0048
67.3976
67.759
68.0646
68.2872
68.4025
68.395
68.2594
67.9934
67.6009
67.0915
66.4799
65.7831
65.0196
64.2076
63.3634
62.4989
61.6266
60.7582
59.9018
59.0634
58.2472
57.4556
56.6891
55.949
55.2339
54.5409
53.8671
53.2094
52.5647
51.9297
51.3011
50.6762
50.0533
49.4279
48.7965
48.1591
47.516
46.8675
46.2139
45.5558
44.894
44.2295
43.5633
42.8968
42.23
41.564
40.9007
40.2415
39.5873
38.9389
38.2972
37.6629
37.0368
36.4198
35.8125
35.2158
34.6304
34.0573
33.4972
32.9509
32.4193
31.9031
31.4032
30.9201
30.4548
30.0085
29.5805
29.1696
67.5753
68.3517
67.0566
64.2862
63.3035
63.2568
62.8502
62.8863
62.8928
63.0887
63.3333
63.6583
64.0322
64.4555
64.911
65.3815
65.8471
66.2833
66.6667
66.9742
67.1865
67.2883
67.2643
67.1087
66.8258
66.4276
65.9275
65.3395
64.6796
63.9634
63.2061
62.4216
61.6209
60.8129
60.0063
59.2085
58.4249
57.6592
56.914
56.1906
55.4903
54.8131
54.1567
53.5186
52.8963
52.2868
51.6872
51.0945
50.5056
49.918
49.3303
48.7389
48.1404
47.5346
46.9217
46.3022
45.6767
45.046
44.4108
43.772
43.131
42.489
41.846
41.203
40.562
39.9244
39.2914
38.6638
38.0426
37.4285
36.8225
36.2255
35.6384
35.062
34.4973
33.9451
33.4063
32.8819
32.3726
31.8793
31.4027
30.9438
30.5038
30.082
29.6769
64.4758
65.1295
64.1035
61.2767
60.5603
60.6443
60.4415
60.6112
60.7695
61.0942
61.4694
61.9076
62.3749
62.8992
63.4278
63.9551
64.4565
64.9085
65.2898
65.5806
65.7662
65.837
65.7898
65.6256
65.3477
64.9643
64.4877
63.9341
63.3194
62.6573
61.96
61.2387
60.5032
59.7612
59.0193
58.2834
57.5583
56.8476
56.1538
55.4785
54.8233
54.1886
53.5729
52.9743
52.391
51.8206
51.2604
50.7077
50.1598
49.6139
49.0679
48.5202
47.9683
47.409
46.8416
46.2663
45.6837
45.0941
44.4984
43.8975
43.2922
42.6835
42.073
41.4605
40.8468
40.2339
39.6234
39.0165
38.4144
37.818
37.2283
36.6463
36.073
35.5096
34.9569
34.416
33.888
33.3736
32.874
32.39
31.9222
31.4719
31.0404
30.6268
30.2292
61.2976
61.8571
61.0733
58.2411
57.7681
57.9908
57.9741
58.2766
58.5745
59.0122
59.4939
60.0577
60.6106
61.1769
61.7704
62.3302
62.8455
63.2938
63.6578
63.9237
64.0818
64.1278
64.062
63.889
63.6174
63.2568
62.8185
62.3139
61.7551
61.153
60.5181
59.8609
59.1902
58.5133
57.8357
57.1624
56.4974
55.8441
55.2052
54.582
53.9759
53.3872
52.8151
52.2588
51.7168
51.1875
50.6685
50.1576
49.6523
49.1503
48.6492
48.1471
47.6425
47.1335
46.6176
46.0937
45.5616
45.0216
44.4741
43.9199
43.3596
42.794
42.2241
41.651
41.0751
40.4966
39.9173
39.3391
38.7635
38.1916
37.6246
37.0637
36.5099
35.9646
35.4288
34.9037
34.3905
33.8901
33.4037
32.9322
32.4764
32.0376
31.6173
31.2144
30.8268
58.0441
58.5401
57.965
55.1841
54.9277
55.2962
55.4499
55.8814
56.3081
56.8549
57.4403
58.0653
58.6974
59.3254
59.9459
60.5217
61.0371
61.4701
61.8099
62.0497
62.1849
62.2152
62.1436
61.9764
61.7223
61.3901
60.9881
60.5311
60.0284
59.487
58.9172
58.3275
57.7244
57.114
56.5016
55.8915
55.2878
54.6934
54.1108
53.5417
52.9867
52.4461
51.92
51.408
50.9091
50.4219
49.9448
49.4759
49.0132
48.5546
48.0982
47.642
47.1844
46.724
46.2594
45.7889
45.3109
44.8249
44.331
43.8295
43.3209
42.8057
42.2845
41.758
41.2273
40.693
40.1548
39.6141
39.0732
38.5337
37.9969
37.4642
36.9367
36.4159
35.903
35.3993
34.9061
34.4246
33.9559
33.5012
33.0614
32.6377
32.2322
31.8432
31.4684
54.7288
55.1957
54.7949
52.1108
52.0433
52.5643
52.8743
53.4321
53.9763
54.6226
55.2881
55.9893
56.6768
57.3417
57.9728
58.5473
59.0503
59.4695
59.7905
60.0095
60.1294
60.1535
60.0857
59.9306
59.7038
59.4366
59.0714
58.6361
58.2079
57.7366
57.2249
56.7012
56.163
55.6169
55.0682
54.5205
53.9772
53.441
52.9142
52.3984
51.8946
51.4033
50.9245
50.4581
50.0032
49.559
49.124
48.6969
48.2761
47.8599
47.4466
47.0346
46.6223
46.2084
45.7918
45.3716
44.9465
44.5147
44.0757
43.6293
43.1755
42.7145
42.2468
41.7727
41.2927
40.8078
40.3189
39.8251
39.3276
38.8286
38.33
37.8331
37.3395
36.8504
36.3674
35.8917
35.4248
34.9681
34.5228
34.0901
33.6711
33.2672
32.8806
32.5096
32.1514
51.3689
51.8405
51.5809
49.0324
49.133
49.8085
50.2558
50.9345
51.5852
52.3214
53.061
53.8128
54.5414
55.2334
55.8709
56.4391
56.9259
57.3247
57.6328
57.8469
57.9657
57.995
57.9429
57.8143
57.6217
57.3917
57.0663
56.6879
56.3215
55.9071
55.462
55.005
54.5322
54.0516
53.5672
53.0822
52.5998
52.1227
51.6527
51.1914
50.74
50.299
49.8686
49.4487
49.0387
48.6379
48.2454
47.8599
47.4802
47.105
46.7329
46.3626
45.9929
45.6225
45.2505
44.8759
44.4985
44.1172
43.7302
43.3369
42.937
42.5304
42.1171
41.6973
41.2712
40.8392
40.402
39.9605
39.5143
39.0637
38.6108
38.1573
37.705
37.2552
36.8094
36.3689
35.9354
35.5102
35.0947
34.6901
34.2976
33.919
33.5565
33.2083
32.871
47.9803
48.4868
48.3376
45.9647
46.2054
47.029
47.5986
48.3984
49.1431
49.9629
50.7657
51.5648
52.3226
53.0298
53.6688
54.2295
54.7045
55.0905
55.3874
55.5979
55.7263
55.7753
55.7484
55.6529
55.4979
55.293
55.0422
54.7492
54.4228
54.0668
53.688
53.2922
52.8835
52.4662
52.0442
51.6205
51.1981
50.7791
50.3654
49.9585
49.5594
49.1687
48.7868
48.4135
48.0485
47.6912
47.3408
46.9964
46.6571
46.3217
45.9892
45.6586
45.3288
44.9989
44.6681
44.3356
44.0009
43.6643
43.3243
42.9797
42.6299
42.2745
41.9134
41.5465
41.1738
40.7954
40.4116
40.0228
39.6301
39.2333
38.8324
38.4287
38.0242
37.6203
37.2186
36.8204
36.4271
36.0403
35.6613
35.2915
34.932
34.5847
34.2521
33.9321
33.621
44.5763
45.1384
45.0973
42.8949
43.3072
44.2674
44.9387
45.8593
46.6764
47.5655
48.4199
49.2569
50.0387
50.7555
51.3944
51.9501
52.4189
52.8015
53.0996
53.317
53.4587
53.5304
53.5378
53.4855
53.378
53.2201
53.0201
52.7846
52.5187
52.2266
51.9128
51.582
51.2382
50.8853
50.5265
50.1649
49.8028
49.4424
49.0855
48.7333
48.3869
48.0469
47.7137
47.3871
47.0671
46.7531
46.4446
46.1407
45.8409
45.5442
45.2497
44.9567
44.6645
44.3723
44.0795
43.7856
43.4901
43.1931
42.8945
42.593
42.2879
41.9787
41.6652
41.3472
41.0245
40.6971
40.3652
40.0288
39.6883
39.3444
38.9979
38.6481
38.2958
37.9427
37.5903
37.24
36.893
36.5507
36.2145
35.8858
35.5654
35.2557
34.9591
34.6733
34.394
41.1909
41.8007
41.8751
39.9228
40.4134
41.4584
42.2537
43.2581
44.1712
45.1281
46.0324
46.902
47.7034
48.4324
49.0745
49.6302
50.1005
50.4883
50.7973
51.0323
51.1982
51.3001
51.3433
51.333
51.2747
51.1736
51.0334
50.8584
50.6531
50.4235
50.1739
49.9077
49.6285
49.3396
49.0438
48.7439
48.4421
48.1402
47.84
47.5425
47.2488
46.9595
46.6748
46.3949
46.1196
45.8485
45.5814
45.3175
45.0563
44.7972
44.5396
44.2828
44.0264
43.7699
43.5128
43.2548
42.9955
42.7352
42.4739
42.2109
41.9456
41.6776
41.4067
41.1328
40.8556
40.575
40.2911
40.0039
39.7136
39.4205
39.125
38.8281
38.5296
38.2296
37.9294
37.6302
37.3333
37.0399
36.7512
36.4685
36.1927
35.9259
35.6708
35.4246
35.1827
37.8708
38.5235
38.7151
36.9205
37.5285
38.719
39.6134
40.7045
41.6779
42.6869
43.6298
44.5258
45.3426
46.0804
46.7325
47.2972
47.7771
48.1789
48.5076
48.7683
48.9661
49.1059
49.1922
49.2297
49.2229
49.1763
49.0946
48.9817
48.8418
48.678
48.4938
48.2919
48.077
47.8522
47.6198
47.3819
47.1407
46.8978
46.6545
46.4119
46.1711
45.9324
45.6963
45.4629
45.2321
45.0037
44.7775
44.5529
44.3297
44.1074
43.8856
43.6639
43.442
43.2196
42.9965
42.7724
42.5472
42.3213
42.0948
41.867
41.6378
41.407
41.1744
40.94
40.7037
40.4653
40.2249
39.9826
39.7384
39.4926
39.2454
38.9971
38.7486
38.5003
38.2519
38.0042
37.7584
37.5155
37.2767
37.0428
36.8148
36.5945
36.3849
36.1827
35.9827
34.63
35.3186
35.5876
34.0075
34.7355
36.0358
37.0068
38.1636
39.1979
40.253
41.2284
42.1472
42.9792
43.7278
44.3893
44.9692
45.4698
45.8942
46.2502
46.5437
46.7796
46.9626
47.0968
47.1864
47.2354
47.2476
47.2267
47.1762
47.0998
47.0007
46.882
46.7471
46.5984
46.4386
46.2697
46.0937
45.9125
45.7285
45.5424
45.3551
45.1673
44.9796
44.7924
44.6057
44.4196
44.2339
44.0486
43.8633
43.6779
43.4921
43.3057
43.1186
42.9305
42.7415
42.5514
42.3602
42.1683
41.9756
41.7823
41.5881
41.3929
41.1967
40.9996
40.8016
40.6025
40.4026
40.2017
40
39.7976
39.5947
39.3916
39.1886
38.9859
38.784
38.5838
38.3853
38.189
37.9957
37.8059
37.6209
37.4412
37.2688
37.1062
36.95
36.7946
31.4835
32.2011
32.5545
31.1812
32.0214
33.4001
34.4434
35.6626
36.7493
37.8427
38.8461
39.785
40.6328
41.3962
42.0734
42.6712
43.1951
43.6516
44.0435
44.3755
44.6547
44.8853
45.0711
45.216
45.3233
45.3964
45.4385
45.4528
45.4421
45.4094
45.3572
45.2883
45.2052
45.1101
45.005
44.8918
44.7723
44.6476
44.5188
44.3867
44.252
44.1152
43.9767
43.8365
43.6951
43.5524
43.4081
43.2623
43.1149
42.9658
42.815
42.6624
42.5084
42.3528
42.1959
42.0376
41.8784
41.7183
41.5573
41.3955
41.2331
41.0702
40.9068
40.7429
40.5789
40.4147
40.2505
40.0865
39.9229
39.7598
39.5972
39.4354
39.2746
39.1153
38.9582
38.8033
38.6519
38.5047
38.3614
38.2226
38.0896
37.964
37.8476
37.7368
37.6262
28.446
29.1813
29.6433
28.4416
29.4197
30.8431
31.9569
33.2241
34.3528
35.4761
36.5022
37.4588
38.3225
39.1029
39.8005
40.4226
40.9747
41.4634
41.8944
42.2726
42.6003
42.8816
43.1218
43.324
43.4913
43.6267
43.7328
43.8125
43.8682
43.9024
43.9175
43.9158
43.8992
43.8697
43.8291
43.779
43.7207
43.6554
43.5842
43.5077
43.4266
43.3413
43.2523
43.1597
43.0638
42.9646
42.8621
42.7565
42.6479
42.5364
42.4221
42.3049
42.1849
42.0627
41.9387
41.8134
41.6868
41.5593
41.431
41.3022
41.1733
41.0438
40.914
40.7841
40.6541
40.5244
40.395
40.2656
40.1369
40.0096
39.8841
39.7607
39.639
39.5189
39.4014
39.2872
39.1763
39.0698
38.9687
38.8724
38.7812
38.6982
38.6257
38.558
38.4899
25.5297
26.2665
26.8524
25.8095
26.9464
28.3804
29.563
30.8616
32.0247
33.1693
34.2138
35.1855
36.0656
36.865
37.5857
38.2358
38.8209
39.3469
39.8189
40.2418
40.6201
40.9571
41.2545
41.5152
41.7435
41.9417
42.1123
42.2576
42.3796
42.4807
42.5627
42.6277
42.6773
42.7133
42.7371
42.7501
42.7533
42.7479
42.7346
42.7141
42.6869
42.6535
42.6143
42.5695
42.5194
42.4643
42.4044
42.3399
42.271
42.198
42.1212
42.041
41.9577
41.8718
41.7835
41.6929
41.6
41.5054
41.4098
41.3132
41.2167
41.1205
41.0241
40.9275
40.8309
40.7347
40.6395
40.5449
40.4508
40.3576
40.2661
40.1768
40.0904
40.0069
39.9265
39.8498
39.7769
39.7085
39.6453
39.5878
39.5363
39.4917
39.4571
39.4285
39.3997
22.7751
23.4819
24.2043
23.295
24.6029
26.0242
27.2745
28.5883
29.78
30.9376
31.9961
32.9804
33.8764
34.6957
35.4412
36.1211
36.741
37.3065
37.8221
38.2923
38.7206
39.1106
39.4653
39.7874
40.0779
40.3384
40.5728
40.783
40.9707
41.1377
41.2858
41.4165
41.5313
41.6317
41.7189
41.7941
41.8581
41.9118
41.9559
41.9909
42.0173
42.0357
42.0463
42.0498
42.0464
42.0364
42.0201
41.9978
41.9698
41.9364
41.8982
41.8556
41.8097
41.761
41.7092
41.6549
41.5984
41.5398
41.4795
41.4177
41.3547
41.2914
41.2282
41.1648
41.1016
41.0386
40.9764
40.9151
40.8552
40.7966
40.7399
40.6852
40.633
40.5838
40.5379
40.4958
40.4579
40.4248
40.3968
40.3745
40.3581
40.3491
40.3499
40.3559
40.362
20.1781
20.7892
21.6539
20.9602
22.4041
23.7975
25.1045
26.4183
27.6293
28.7926
29.8613
30.8552
31.7662
32.605
33.3757
34.086
34.7412
35.3463
35.9057
36.4233
36.9023
37.3456
37.7556
38.1347
38.4852
38.8092
39.1075
39.381
39.6321
39.8631
40.0752
40.2698
40.4482
40.6116
40.7609
40.8969
41.0206
41.1325
41.2331
41.323
41.4026
41.4723
41.5325
41.5838
41.6266
41.6612
41.6882
41.7081
41.7215
41.7288
41.7308
41.7281
41.7213
41.7103
41.6955
41.6776
41.658
41.6362
41.6126
41.5873
41.5606
41.5329
41.5044
41.4756
41.4467
41.4179
41.3897
41.3621
41.3357
41.3105
41.2871
41.2658
41.2469
41.2309
41.2181
41.209
41.2041
41.2038
41.2086
41.2185
41.2351
41.2599
41.2895
41.3191
17.8189
18.3161
19.4078
18.9268
20.4218
21.7548
23.0862
24.3785
25.5931
26.7489
27.8216
28.8213
29.7445
30.6011
31.3956
32.1351
32.8244
33.468
34.0698
34.6331
35.161
35.6558
36.1197
36.5546
36.9621
37.344
37.7019
38.0375
38.3519
38.6455
38.9191
39.1748
39.4138
39.6368
39.8447
40.0383
40.2181
40.3847
40.5387
40.6807
40.8113
40.931
41.0403
41.1398
41.2298
41.3107
41.3829
41.4467
41.5028
41.5519
41.5949
41.6327
41.6653
41.693
41.7166
41.7368
41.7539
41.7685
41.7808
41.7911
41.7999
41.8073
41.8137
41.8194
41.8247
41.8299
41.8352
41.8411
41.8477
41.8556
41.8649
41.8761
41.8896
41.9057
41.9248
41.9473
41.9737
42.0045
42.04
42.0804
42.1268
42.1807
42.2396
42.2995
15.8552
16.1871
17.6379
17.062
18.6085
19.8644
21.2016
22.4601
23.6683
24.8094
25.8787
26.8803
27.814
28.6861
29.5023
30.2687
30.9897
31.6692
32.3104
32.9165
33.4899
34.0326
34.5465
35.0333
35.4943
35.9309
36.3444
36.736
37.1068
37.458
37.7907
38.1052
38.4016
38.6808
38.9439
39.1919
39.4253
39.6445
39.8503
40.0429
40.2228
40.3906
40.5466
40.6913
40.8253
40.9491
41.0633
41.1685
41.2657
41.3554
41.4384
41.5153
41.5867
41.6533
41.7155
41.7738
41.8286
41.8803
41.9293
41.976
42.0205
42.0634
42.1047
42.145
42.1843
42.2232
42.2618
42.3006
42.3398
42.3798
42.4209
42.4635
42.508
42.5547
42.6039
42.6562
42.7119
42.7713
42.835
42.9031
42.9764
43.0563
43.1408
43.2272
14.1047
14.3056
16.0008
15.2983
16.8675
18.0663
19.4096
20.6362
21.8364
22.9626
24.0279
25.0288
25.9706
26.8574
27.6934
28.4843
29.234
29.946
30.6231
31.268
31.8827
32.4689
33.0281
33.5618
34.0711
34.5572
35.0211
35.4637
35.8859
36.2884
36.672
37.0375
37.3855
37.717
38.0318
38.3299
38.6119
38.8786
39.1306
39.3686
39.5931
39.8045
40.0034
40.1903
40.3659
40.5307
40.6856
40.8312
40.9683
41.0975
41.2195
41.335
41.4446
41.5487
41.6481
41.743
41.8341
41.9215
42.0057
42.0871
42.166
42.2426
42.3173
42.3904
42.4623
42.5331
42.6033
42.6732
42.743
42.8132
42.884
42.9558
43.0289
43.1037
43.1805
43.2598
43.3417
43.4268
43.5154
43.6077
43.7044
43.8064
43.9125
44.0214
12.3552
12.5353
14.3455
13.4952
15.1158
16.3061
17.668
18.8809
20.0794
21.1965
22.2605
23.2624
24.211
25.1098
25.9641
26.7767
27.5517
28.292
29.0004
29.679
30.3296
30.9537
31.5525
32.1271
32.6786
33.2077
33.7154
34.2024
34.6692
35.1167
35.5452
35.9555
36.3479
36.723
37.0814
37.4233
37.7495
38.06
38.3544
38.6334
38.8974
39.1476
39.3844
39.6088
39.8214
40.023
40.2143
40.3961
40.5689
40.7337
40.891
41.0414
41.1856
41.3241
41.4575
41.586
41.7102
41.8303
41.9469
42.0601
42.1703
42.2779
42.3831
42.4862
42.5876
42.6875
42.7862
42.8841
42.9815
43.0786
43.1759
43.2735
43.3719
43.4712
43.5719
43.6743
43.7786
43.8853
43.9946
44.1068
44.2223
44.3417
44.4647
44.5907
10.4444
10.5071
12.5446
11.791
13.4218
14.6336
16.004
17.21
18.4056
19.5156
20.5777
21.5802
22.5344
23.4424
24.31
25.1411
25.9372
26.701
27.4351
28.1415
28.8218
29.477
30.1084
30.7168
31.3029
31.8675
32.4112
32.9346
33.4382
33.9224
34.3878
34.8348
35.2638
35.6751
36.0691
36.4462
36.8069
37.1514
37.4803
37.794
38.0936
38.3782
38.6486
38.9059
39.1504
39.3836
39.6061
39.8188
40.0226
40.2181
40.4059
40.5866
40.7609
40.9291
41.0918
41.2493
41.4021
41.5504
41.6947
41.8353
41.9724
42.1064
42.2376
42.3663
42.4926
42.6171
42.7399
42.8613
42.9816
43.1011
43.22
43.3387
43.4575
43.5765
43.6961
43.8167
43.9383
44.0613
44.186
44.3126
44.4414
44.5727
44.7068
44.8438
8.69912
8.59933
10.78
10.4605
12.0301
13.1879
14.5245
15.6962
16.8667
17.9559
19.0048
19.9994
20.9517
21.8624
22.7368
23.5777
24.3883
25.1695
25.9224
26.6495
27.3518
28.0306
28.6866
29.3206
29.9331
30.5247
31.096
31.6472
32.1789
32.6914
33.185
33.6601
34.117
34.5561
34.9775
35.3817
35.769
36.1398
36.4946
36.8339
37.1583
37.4685
37.765
38.0489
38.3209
38.5806
38.8291
39.0675
39.2961
39.5162
39.7282
39.9329
40.1309
40.3227
40.5086
40.689
40.8643
41.0349
41.201
41.3629
41.521
41.6756
41.8269
41.9751
42.1207
42.2638
42.4048
42.5438
42.6812
42.8171
42.9519
43.0858
43.219
43.3518
43.4844
43.6171
43.75
43.8833
44.0173
44.1522
44.2882
44.4254
44.5644
44.7058
7.38693
7.43194
9.44499
9.25628
10.7554
11.8962
13.1801
14.3144
15.4499
16.5117
17.5395
18.5192
19.4621
20.3683
21.2424
22.0863
22.9022
23.692
24.4569
25.1966
25.9129
26.6065
27.2784
27.9291
28.559
29.1686
29.7581
30.328
30.8786
31.41
31.9226
32.4167
32.8924
33.35
33.7899
34.2123
34.6176
35.0063
35.3788
35.7356
36.0775
36.4049
36.7188
37.0198
37.3087
37.5863
37.8533
38.1106
38.359
38.5978
38.8282
39.0509
39.2661
39.4746
39.6768
39.8732
40.0641
40.25
40.4311
40.6076
40.78
40.9484
41.1131
41.2744
41.4325
41.5876
41.7401
41.8902
42.038
42.1839
42.3279
42.4705
42.6117
42.7517
42.8908
43.0293
43.1671
43.3045
43.4416
43.5786
43.7158
43.8531
43.991
44.1303
6.09344
6.40799
8.15832
8.20049
9.54662
10.6931
11.9199
13.0258
14.1257
15.1606
16.1649
17.1265
18.0555
18.9517
19.8192
20.6593
21.4739
22.2639
23.0309
23.776
24.4981
25.1981
25.877
26.5353
27.1735
27.7917
28.3903
28.9695
29.5296
30.0707
30.593
31.0968
31.5821
32.0494
32.4988
32.9306
33.3453
33.7433
34.125
34.4912
34.8424
35.1794
35.5028
35.8134
36.1121
36.3995
36.6763
36.9433
37.2011
37.4504
37.6914
37.9249
38.1517
38.371
38.5833
38.7894
38.9895
39.1838
39.373
39.5571
39.7367
39.912
40.0832
40.2507
40.4146
40.5751
40.7324
40.8869
41.0386
41.1878
41.3347
41.4795
41.6223
41.7633
41.9027
42.0408
42.1776
42.3132
42.4476
42.5812
42.7139
42.846
42.9777
43.1094
4.8096
5.42836
7.00782
7.25612
8.48678
9.62538
10.7811
11.8521
12.9079
13.9103
14.8847
15.8221
16.7307
17.6102
18.4639
19.2928
20.0982
20.8809
21.6417
22.3815
23.1011
23.7996
24.4768
25.1339
25.7711
26.3889
26.9874
27.5669
28.1273
28.669
29.192
29.6965
30.1827
30.6508
31.101
31.5338
31.9495
32.3486
32.7316
33.0992
33.452
33.7907
34.1162
34.4291
34.7302
35.0202
35.2998
35.5697
35.8303
36.0823
36.3261
36.5622
36.791
37.013
37.2283
37.4373
37.6405
37.8383
38.0297
38.2158
38.397
38.5732
38.7448
38.9123
39.0757
39.2354
39.3915
39.5444
39.6941
39.8408
39.9848
40.1261
40.265
40.4016
40.536
40.6684
40.799
40.9279
41.055
41.1805
41.3045
41.4272
41.5486
41.6686
3.81256
4.69834
6.02508
6.42727
7.55275
8.6656
9.75291
10.7839
11.7913
12.7565
13.6954
14.6027
15.4844
16.3404
17.173
17.9831
18.7715
19.5387
20.2855
21.012
21.7189
22.4067
23.0746
23.7221
24.35
24.9588
25.5486
26.1197
26.6721
27.206
27.7214
28.2184
28.6973
29.1583
29.6016
30.0276
30.4368
30.8296
31.2066
31.5686
31.916
32.2498
32.5706
32.8792
33.1762
33.4624
33.7384
34.0048
34.2621
34.5108
34.7513
34.9841
35.2095
35.4279
35.6396
35.8448
36.044
36.2373
36.4251
36.6075
36.7848
36.9575
37.1255
37.2885
37.447
37.6015
37.752
37.8986
38.0417
38.1814
38.3179
38.4514
38.5821
38.71
38.8354
38.9583
39.0789
39.1973
39.3137
39.4279
39.5401
39.6505
39.7589
39.8646
3.01112
4.07324
5.17649
5.72581
6.73734
7.81441
8.82777
9.81221
10.7669
11.69
12.5882
13.4601
14.3089
15.135
15.9399
16.7242
17.4882
18.2324
18.9573
19.6631
20.3499
21.0179
21.6676
22.2985
22.9096
23.5017
24.0752
24.6303
25.1671
25.6857
26.1861
26.6686
27.1331
27.58
28.0096
28.4223
28.8185
29.1987
29.5637
29.9139
30.2502
30.5732
30.8837
31.1824
31.4699
31.747
32.014
32.2717
32.5205
32.7608
32.993
33.2175
33.4347
33.6449
33.8484
34.0454
34.2362
34.4211
34.6003
34.7741
34.9426
35.1062
35.265
35.4192
35.5689
35.7144
35.8558
35.9937
36.1274
36.2573
36.3836
36.5066
36.6264
36.7432
36.857
36.9678
37.0762
37.1818
37.2852
37.3861
37.4847
37.5813
37.6752
37.7656
2.19734
3.54737
4.4321
5.10844
6.02349
7.05788
7.99715
8.93135
9.83016
10.7066
11.5594
12.3903
13.2004
13.9904
14.761
15.5126
16.2454
16.9597
17.6556
18.3334
18.9932
19.6348
20.2584
20.8645
21.4527
22.0217
22.5724
23.1051
23.6199
24.1169
24.5963
25.0581
25.5025
25.9297
26.3401
26.7341
27.1121
27.4748
27.8228
28.1567
28.4772
28.785
29.0809
29.3655
29.6393
29.9031
30.1573
30.4024
30.6388
30.867
31.0873
31.3
31.5055
31.7041
31.896
32.0816
32.261
32.4345
32.6024
32.7648
32.922
33.0741
33.2214
33.364
33.5021
33.6358
33.7654
33.891
34.0126
34.1306
34.2449
34.3558
34.4634
34.5676
34.6689
34.7673
34.8625
34.9549
35.0446
35.1317
35.2164
35.299
35.3785
35.4537
1.4897
3.09578
3.8311
4.54505
5.3912
6.36809
7.23947
8.12031
8.96297
9.7901
10.5948
11.3809
12.148
12.897
13.6281
14.3415
15.0374
15.7158
16.3769
17.0207
17.6474
18.2568
18.8491
19.4241
19.9823
20.5233
21.046
21.5511
22.0388
22.5093
22.9627
23.3991
23.8187
24.2218
24.6087
24.9799
25.3358
25.6772
26.0045
26.3185
26.6198
26.9092
27.1872
27.4545
27.7117
27.9592
28.1976
28.4273
28.6487
28.8621
29.0678
29.2663
29.4578
29.6425
29.8207
29.9927
30.1586
30.3188
30.4735
30.6228
30.7669
30.906
31.0403
31.17
31.2952
31.4161
31.5328
31.6455
31.7542
31.8592
31.9606
32.0584
32.1528
32.2439
32.3319
32.4168
32.4987
32.5778
32.6541
32.7276
32.7987
32.8678
32.9337
32.9948
1.16068
2.65021
3.37527
4.05815
4.85062
5.75293
6.55915
7.3801
8.16457
8.93821
9.69113
10.4282
11.1479
11.8512
12.538
13.2083
13.8623
14.4998
15.1212
15.7262
16.315
16.8875
17.4438
17.9837
18.5073
19.0149
19.5058
19.9795
20.4363
20.8765
21.3003
21.7079
22.0995
22.4753
22.8357
23.1812
23.5124
23.8298
24.1341
24.4259
24.7059
24.9747
25.2329
25.4811
25.7198
25.9494
26.1704
26.3831
26.5879
26.7851
26.9751
27.158
27.3343
27.504
27.6676
27.8251
27.9769
28.1231
28.2639
28.3996
28.5302
28.656
28.7771
28.8937
29.0059
29.1139
29.2178
29.3177
29.4138
29.5062
29.595
29.6804
29.7624
29.8411
29.9167
29.9892
30.0588
30.1256
30.1895
30.2507
30.3094
30.3661
30.4197
30.4685
1.05729
2.2564
3.01196
3.60693
4.36729
5.18688
5.93472
6.69333
7.4202
8.13823
8.83735
9.52248
10.1916
10.8458
11.4846
12.1082
12.7164
13.3094
13.8872
14.4497
14.9971
15.5291
16.0459
16.5473
17.0333
17.504
17.9594
18.3988
18.822
19.2293
19.6209
19.9972
20.3583
20.7046
21.0364
21.3544
21.6589
21.9507
22.2303
22.4985
22.7557
23.0027
23.2398
23.4677
23.6867
23.8972
24.0997
24.2945
24.4818
24.6621
24.8354
25.0022
25.1626
25.3169
25.4653
25.608
25.7452
25.8771
26.0039
26.1258
26.2429
26.3553
26.4633
26.567
26.6665
26.7619
26.8534
26.9412
27.0252
27.1057
27.1828
27.2565
27.3269
27.3943
27.4586
27.5199
27.5784
27.6342
27.6872
27.7376
27.7855
27.8315
27.8746
27.9131
0.990805
1.92556
2.72618
3.16315
3.90698
4.64958
5.34907
6.04762
6.72007
7.38262
8.02769
8.65946
9.2762
9.87893
10.4673
11.0414
11.6013
12.1471
12.6787
13.1962
13.6996
14.1888
14.6638
15.1245
15.5709
16.0028
16.4202
16.8233
17.2111
17.5839
17.9419
18.2854
18.6148
18.9304
19.2326
19.522
19.7992
20.0648
20.3193
20.5633
20.7974
21.0222
21.238
21.4454
21.6446
21.8361
22.0201
22.197
22.367
22.5304
22.6874
22.8383
22.9833
23.1227
23.2565
23.385
23.5084
23.6269
23.7406
23.8496
23.9542
24.0545
24.1506
24.2426
24.3307
24.415
24.4956
24.5727
24.6463
24.7165
24.7835
24.8474
24.9082
24.9661
25.0211
25.0733
25.1229
25.1698
25.2142
25.256
25.2955
25.3332
25.368
25.3986
0.75752
1.4991
2.40382
2.7861
3.4965
4.16092
4.80939
5.44504
6.06158
6.66645
7.25575
7.83222
8.39476
8.94418
9.48028
10.0032
10.513
11.0098
11.4937
11.9645
12.4223
12.8672
13.2989
13.7175
14.1227
14.5146
14.8929
15.2577
15.609
15.9461
16.2693
16.5791
16.8759
17.16
17.432
17.6924
17.9418
18.1807
18.4097
18.6294
18.8402
19.0426
19.2369
19.4235
19.6028
19.775
19.9405
20.0994
20.2521
20.3987
20.5395
20.6747
20.8045
20.9291
21.0486
21.1633
21.2733
21.3787
21.4798
21.5765
21.6692
21.758
21.8428
21.924
22.0015
22.0756
22.1463
22.2137
22.278
22.3392
22.3974
22.4527
22.5052
22.5551
22.6023
22.6469
22.6891
22.7289
22.7664
22.8015
22.8346
22.8659
22.8946
22.9194
0.703585
1.25077
2.13466
2.66755
3.28303
3.84103
4.40821
4.95977
5.50285
6.03605
6.5585
7.07066
7.57177
8.06202
8.54108
9.00893
9.46545
9.91066
10.3445
10.7668
11.1776
11.5768
11.9641
12.3396
12.703
13.0541
13.3928
13.7189
14.0325
14.3337
14.622
14.898
15.1623
15.4151
15.6572
15.8891
16.1112
16.3241
16.5283
16.7243
16.9125
17.0932
17.2668
17.4336
17.5938
17.7477
17.8956
18.0376
18.174
18.3051
18.4309
18.5517
18.6677
18.779
18.8858
18.9882
19.0865
19.1806
19.2709
19.3573
19.4401
19.5194
19.5952
19.6677
19.737
19.8031
19.8663
19.9265
19.984
20.0387
20.0907
20.1401
20.1871
20.2317
20.2739
20.3138
20.3515
20.387
20.4205
20.4518
20.4813
20.5092
20.5347
20.5567
0.97801
1.40821
2.1466
2.38999
2.94524
3.44341
3.95363
4.4435
4.92769
5.40058
5.86422
6.31796
6.76188
7.19599
7.62019
8.03443
8.43869
8.83295
9.21715
9.59119
9.95497
10.3084
10.6512
10.9832
11.3043
11.6143
11.9128
12.1999
12.4756
12.74
12.9931
13.2352
13.4667
13.6884
13.9006
14.1039
14.2989
14.4859
14.6654
14.8378
15.0034
15.1624
15.3153
15.4621
15.6032
15.7388
15.8691
15.9942
16.1144
16.2299
16.3408
16.4473
16.5495
16.6477
16.7418
16.8322
16.9189
17.0021
17.0818
17.1583
17.2315
17.3017
17.3688
17.4331
17.4946
17.5535
17.6097
17.6634
17.7147
17.7637
17.8103
17.8548
17.8971
17.9374
17.9756
18.0119
18.0463
18.0789
18.1097
18.1386
18.166
18.192
18.2159
18.2369
0.771409
1.27769
1.90186
2.05056
2.5471
3.00404
3.46431
3.90389
4.33678
4.75711
5.16824
5.56921
5.96077
6.34294
6.7159
7.0797
7.43445
7.78019
8.11691
8.44453
8.76297
9.07209
9.37168
9.66153
9.94139
10.2111
10.4704
10.7194
10.9581
11.1867
11.4056
11.6149
11.8151
12.0068
12.1906
12.3669
12.5361
12.6986
12.8548
13.0049
13.1492
13.288
13.4215
13.5499
13.6734
13.7922
13.9065
14.0164
14.1222
14.224
14.3219
14.4162
14.5069
14.5941
14.6781
14.7589
14.8366
14.9114
14.9834
15.0527
15.1193
15.1834
15.2451
15.3045
15.3616
15.4165
15.4693
15.5201
15.5689
15.6157
15.6608
15.704
15.7455
15.7854
15.8235
15.8601
15.8951
15.9286
15.9605
15.991
16.0204
16.048
16.0729
0.458323
1.05249
1.56847
1.893
2.29368
2.68327
3.06867
3.44121
3.80795
4.16506
4.51494
4.85659
5.19065
5.51696
5.83565
6.14669
6.45014
6.74597
7.03411
7.31444
7.58679
7.85096
8.10669
8.3537
8.59174
8.82063
9.0403
9.25078
9.45223
9.64494
9.82933
10.0059
10.1748
10.3367
10.492
10.6411
10.7844
10.9222
11.0546
11.1821
11.3047
11.4227
11.5363
11.6456
11.7509
11.8522
11.9499
12.0439
12.1345
12.2219
12.3061
12.3872
12.4655
12.541
12.6138
12.6841
12.752
12.8175
12.8808
12.942
13.0011
13.0583
13.1135
13.167
13.2187
13.2688
13.3172
13.3641
13.4096
13.4536
13.4962
13.5375
13.5776
13.6163
13.6539
13.6903
13.7256
13.7597
13.7928
13.8248
13.856
13.8858
13.9136
0.542427
1.08919
1.46743
1.77442
2.08698
2.4073
2.71777
3.02316
3.32318
3.61707
3.90556
4.18809
4.46491
4.7358
5.00078
5.25973
5.51263
5.75935
5.99975
6.23361
6.46068
6.68066
6.89324
7.09812
7.29508
7.48401
7.66493
7.838
8.00349
8.16178
8.31327
8.45846
8.5977
8.73133
8.85974
8.98325
9.10213
9.21662
9.32691
9.43321
9.5357
9.63455
9.72995
9.82204
9.91099
9.99696
10.0801
10.1605
10.2384
10.3139
10.387
10.458
10.527
10.5939
10.6591
10.7225
10.7842
10.8445
10.9032
10.9606
11.0167
11.0715
11.1252
11.1778
11.2293
11.2799
11.3295
11.3782
11.4261
11.4732
11.5195
11.565
11.6098
11.6539
11.6973
11.74
11.782
11.8233
11.864
11.904
11.9434
11.982
12.019
0.708584
1.13617
1.42145
1.42575
1.69742
1.97469
2.23653
2.49384
2.74316
2.98652
3.22383
3.45546
3.68163
3.90245
4.11804
4.32842
4.53362
4.73357
4.92811
5.11698
5.29992
5.4766
5.64672
5.81005
5.96646
6.11598
6.25876
6.39507
6.52528
6.64979
6.76899
6.88328
6.99303
7.09845
7.19983
7.29739
7.39135
7.48188
7.56916
7.65334
7.73458
7.81303
7.88885
7.96219
8.03317
8.10194
8.16863
8.23337
8.29629
8.35749
8.4171
8.47522
8.53196
8.58743
8.64171
8.6949
8.7471
8.79838
8.84881
8.89849
8.94748
8.99583
9.04362
9.09091
9.13774
9.18417
9.23026
9.27605
9.32157
9.36686
9.41195
9.45685
9.5016
9.5462
9.59067
9.63503
9.67928
9.72343
9.76744
9.81138
9.85536
9.89903
9.94192
0.494299
0.835915
1.11566
1.17955
1.40205
1.62382
1.83371
2.03954
2.23796
2.43128
2.61899
2.80169
2.97948
3.15258
3.32107
3.48503
3.64446
3.79924
3.94917
4.09399
4.2334
4.36714
4.49501
4.61694
4.73299
4.84337
4.94838
5.04841
5.14386
5.23513
5.32257
5.4065
5.48719
5.56488
5.63969
5.71184
5.78148
5.84877
5.91386
5.97691
6.03805
6.09744
6.15521
6.2115
6.26644
6.32017
6.3728
6.42446
6.47528
6.52536
6.57483
6.62379
6.67234
6.7206
6.76865
6.8166
6.86454
6.91256
6.96074
7.00916
7.05791
7.10705
7.15671
7.20685
7.25731
7.30822
7.35958
7.41148
7.46414
7.51754
7.57169
7.62666
7.68248
7.73918
7.79674
7.85515
7.91445
7.97459
8.03552
8.09728
8.1599
8.22303
8.28624
0.465081
0.691134
0.94069
0.997877
1.13343
1.26514
1.39441
1.52261
1.64843
1.77284
1.89525
2.01591
2.13462
2.25139
2.36609
2.47859
2.58867
2.69602
2.80026
2.90097
2.99779
3.09041
3.17866
3.26253
3.34212
3.41766
3.48945
3.55781
3.62304
3.68542
3.74517
3.80249
3.85753
3.91045
3.96136
4.01036
4.0576
4.10321
4.14727
4.18989
4.23117
4.27124
4.31021
4.3482
4.38532
4.4217
4.45746
4.49272
4.5276
4.56222
4.59668
4.63109
4.66556
4.70019
4.73507
4.7703
4.80598
4.84218
4.879
4.91649
4.9548
4.99412
5.03412
5.07412
5.11474
5.15666
5.19996
5.24531
5.29243
5.34085
5.39101
5.44297
5.49621
5.55066
5.60654
5.66416
5.72301
5.78346
5.84544
5.90896
5.97413
6.04076
6.10863
0.608971
0.709217
0.868442
0.695519
0.837248
0.960593
1.07522
1.17974
1.27656
1.36676
1.4514
1.53148
1.60769
1.68057
1.75034
1.817
1.88031
1.93988
1.99526
2.04616
2.09248
2.13434
2.1721
2.20626
2.23742
2.26614
2.29294
2.31824
2.34235
2.36549
2.38782
2.40943
2.43041
2.45084
2.47077
2.49026
2.50936
2.52801
2.54603
2.56398
2.58197
2.60003
2.61837
2.637
2.65592
2.67522
2.695
2.71534
2.73629
2.75793
2.78032
2.80351
2.82755
2.85251
2.87842
2.90535
2.93335
2.96247
2.99278
3.02435
3.05726
3.09158
3.12736
3.16483
3.20442
3.24625
3.29047
3.33716
3.38624
3.43811
3.4928
3.54961
3.60941
3.67327
3.74133
3.81327
3.89001
3.97296
4.06223
4.15868
4.26259
4.37482
4.49551
0.205766
0.367145
0.552056
0.111726
0.0845684
0.068252
0.0638555
0.0673569
0.0776889
0.0929048
0.111723
0.132997
0.155981
0.180285
0.205805
0.232555
0.260513
0.289564
0.319509
0.350086
0.380933
0.411579
0.4415
0.470207
0.497325
0.522632
0.546057
0.567642
0.587497
0.60576
0.622574
0.638064
0.652344
0.665564
0.677729
0.68822
0.698415
0.712721
0.726952
0.736602
0.745414
0.754018
0.76089
0.765977
0.770129
0.774019
0.777597
0.781022
0.784463
0.788015
0.791793
0.795906
0.800461
0.805566
0.81133
0.817864
0.825283
0.833702
0.843242
0.854029
0.866192
0.879863
0.895181
0.912305
0.93139
0.952576
0.976018
1.00185
1.03026
1.06153
1.09581
1.13316
1.17447
1.22066
1.27133
1.32671
1.39148
1.46486
1.54484
1.63154
1.72489
1.82858
1.9418
0.290087
0.218619
0.158184
)
;

boundaryField
{
    walls
    {
        type            zeroGradient;
    }
    frontAndBack
    {
        type            empty;
    }
    farfield
    {
        type            outletInlet;
        outletValue     uniform 0;
        value           uniform 0;
    }
    procBoundary0to1
    {
        type            processor;
        value           nonuniform List<scalar> 
111
(
62.9256
62.9256
62.9256
62.9257
62.926
62.9268
62.9281
62.9303
62.9338
63.36
63.36
63.3702
63.3842
63.4031
63.4279
63.4597
63.5
64.1546
64.1546
65.0972
65.6039
65.6039
65.6128
65.6357
65.6774
65.6996
64.7659
63.4688
63.4688
63.9604
64.5327
64.4831
65.461
69.5639
73.5851
65.5726
65.5726
67.4109
69.8343
70.4998
70.4233
72.5283
78.1569
83.1847
87.2641
90.9723
94.067
96.3714
97.8539
98.6968
98.7696
98.6356
98.9229
98.7594
97.6503
96.086
94.5582
92.891
90.9907
88.927
86.7178
84.4127
81.9767
79.4004
76.6995
73.874
70.917
67.8242
64.6223
61.327
57.956
54.5276
51.0632
47.5833
44.108
40.663
37.2787
33.9732
30.7638
27.6694
24.7039
21.8962
19.2494
16.8134
14.6724
12.7151
10.8576
8.98762
7.27937
5.95448
4.81746
3.80629
3.06261
2.44835
1.77433
1.2129
0.859828
0.602912
0.396973
-0.0887314
-0.312933
0.0412867
0.0720312
-0.0202094
0.256858
0.463998
0.156567
0.120345
0.382843
-0.0204761
0.398026
)
;
    }
    procBoundary0to2
    {
        type            processor;
        value           nonuniform List<scalar> 
105
(
26.0919
26.0919
26.0919
26.0919
26.0919
26.0919
26.092
26.0921
26.0922
26.0925
26.0925
25.6313
25.1871
24.7615
24.762
24.7627
24.7636
24.7648
24.7664
24.7684
24.771
24.7742
24.7781
24.7829
24.7888
24.7959
24.8045
24.8147
24.8269
24.8412
24.8581
24.8779
24.901
24.9277
24.9587
24.9941
25.0336
25.0785
25.129
25.1855
25.2483
25.2483
24.9106
24.9888
25.0767
25.1758
25.2874
25.4131
25.5545
25.7134
25.8918
26.0919
26.3161
26.5668
26.8469
27.1589
27.5059
27.8907
28.3161
28.7847
29.2986
29.8593
30.4677
31.123
31.8232
32.5645
33.3411
34.1461
34.9722
35.814
36.6704
37.5466
38.4529
39.4012
40.3973
41.3744
41.3744
42.38
43.3303
44.1421
44.7241
44.9845
44.8481
44.2692
43.2404
41.7881
39.9706
37.8569
35.5305
33.0579
30.5194
27.9536
25.4312
22.9462
20.5804
18.2593
16.0992
16.0992
13.9426
12.057
9.98604
8.3512
6.17874
4.62547
2.05514
)
;
    }
}


// ************************************************************************* //
