/*--------------------------------*- C++ -*----------------------------------*\
| =========                 |                                                 |
| \\      /  F ield         | OpenFOAM: The Open Source CFD Toolbox           |
|  \\    /   O peration     | Version:  2412                                  |
|   \\  /    A nd           | Website:  www.openfoam.com                      |
|    \\/     M anipulation  |                                                 |
\*---------------------------------------------------------------------------*/
FoamFile
{
    version     2.0;
    format      ascii;
    arch        "LSB;label=32;scalar=64";
    class       volScalarField;
    location    "220";
    object      nut;
}
// * * * * * * * * * * * * * * * * * * * * * * * * * * * * * * * * * * * * * //

dimensions      [0 2 -1 0 0 0 0];

internalField   nonuniform List<scalar> 
7423
(
1.03887e-09
1.59318e-09
2.12645e-09
2.12942e-09
1.48841e-09
9.16367e-10
5.92089e-10
6.77956e-11
5.56185e-11
4.39075e-11
3.47409e-11
2.85696e-11
2.44637e-11
4.61986e-11
1.91533e-11
1.75474e-11
1.64224e-11
2.35188e-11
1.49487e-11
1.44474e-11
1.40375e-11
1.36857e-11
1.33652e-11
1.30662e-11
1.27789e-11
1.24984e-11
1.22216e-11
1.195e-11
1.16414e-11
1.13865e-11
1.10819e-11
1.07527e-11
1.06153e-11
1.05827e-11
1.04006e-11
1.0128e-11
9.82839e-12
9.5253e-12
9.22681e-12
8.93574e-12
8.65346e-12
8.37918e-12
8.11315e-12
7.85552e-12
7.60549e-12
7.36288e-12
7.12834e-12
6.90174e-12
6.6819e-12
6.46838e-12
6.26248e-12
6.0635e-12
5.87004e-12
5.68253e-12
5.50157e-12
5.32651e-12
5.15658e-12
4.99151e-12
4.83173e-12
4.67708e-12
4.52694e-12
4.38113e-12
4.23932e-12
4.10165e-12
3.9683e-12
3.83862e-12
3.71252e-12
3.58952e-12
3.46995e-12
3.35385e-12
3.24131e-12
3.13212e-12
3.02622e-12
2.9228e-12
2.82214e-12
2.72554e-12
9.34114e-08
1.42491e-07
1.9077e-07
1.98942e-07
1.51298e-07
1.01557e-07
6.94047e-08
4.66467e-09
3.67393e-09
2.84455e-09
2.25642e-09
1.91406e-09
1.71365e-09
5.58971e-09
1.44263e-09
1.35755e-09
1.30153e-09
2.65889e-09
1.22982e-09
1.20525e-09
1.18596e-09
1.16922e-09
1.15316e-09
1.13731e-09
1.12111e-09
1.10438e-09
1.08697e-09
1.06918e-09
1.04453e-09
1.02772e-09
1.00314e-09
9.76033e-10
9.79388e-10
9.99496e-10
9.95494e-10
9.74849e-10
9.48019e-10
9.19444e-10
8.90779e-10
8.62641e-10
8.35286e-10
8.087e-10
7.82908e-10
7.57947e-10
7.33739e-10
7.10254e-10
6.87558e-10
6.65627e-10
6.44368e-10
6.2372e-10
6.03809e-10
5.84584e-10
5.65899e-10
5.47782e-10
5.303e-10
5.13401e-10
4.96986e-10
4.81041e-10
4.65617e-10
4.50696e-10
4.36207e-10
4.22128e-10
4.08449e-10
3.95174e-10
3.82298e-10
3.69781e-10
3.57627e-10
3.45773e-10
3.34234e-10
3.23032e-10
3.12178e-10
3.01641e-10
2.91421e-10
2.81447e-10
2.71741e-10
2.6243e-10
6.46348e-07
1.00204e-06
1.36584e-06
1.47237e-06
1.20564e-06
8.68773e-07
6.23617e-07
5.81041e-08
4.52923e-08
3.47001e-08
2.67217e-08
2.12806e-08
1.74827e-08
6.0851e-08
1.30617e-08
1.19785e-08
1.13483e-08
2.91575e-08
1.0675e-08
1.04746e-08
1.03428e-08
1.02414e-08
1.01491e-08
1.00589e-08
9.96537e-09
9.86568e-09
9.75798e-09
9.6448e-09
9.44507e-09
9.3406e-09
9.14683e-09
8.95011e-09
9.17918e-09
9.62677e-09
9.73204e-09
9.5892e-09
9.34676e-09
9.07196e-09
8.79053e-09
8.51218e-09
8.24069e-09
7.97698e-09
7.72115e-09
7.47353e-09
7.23381e-09
7.00124e-09
6.77656e-09
6.5595e-09
6.34912e-09
6.14502e-09
5.94813e-09
5.75814e-09
5.57363e-09
5.3947e-09
5.22194e-09
5.05516e-09
4.89317e-09
4.73586e-09
4.58364e-09
4.43643e-09
4.2936e-09
4.15475e-09
4.0198e-09
3.88891e-09
3.76196e-09
3.6386e-09
3.51881e-09
3.40203e-09
3.28827e-09
3.17786e-09
3.07086e-09
2.96695e-09
2.86618e-09
2.7679e-09
2.67232e-09
2.58055e-09
1.93693e-06
3.11064e-06
4.43694e-06
4.96443e-06
4.39125e-06
3.38805e-06
2.55186e-06
3.80886e-07
2.91926e-07
2.20253e-07
1.66467e-07
1.29925e-07
1.04092e-07
3.14049e-07
7.31846e-08
6.42695e-08
5.81041e-08
1.5627e-07
5.0884e-08
4.8847e-08
4.75519e-08
4.6664e-08
4.60011e-08
4.54713e-08
4.50131e-08
4.45907e-08
4.41712e-08
4.37568e-08
4.29078e-08
4.25687e-08
4.1804e-08
4.1199e-08
4.33165e-08
4.67818e-08
4.80327e-08
4.76293e-08
4.65353e-08
4.52016e-08
4.38048e-08
4.24131e-08
4.10519e-08
3.97289e-08
3.84466e-08
3.72057e-08
3.60054e-08
3.48421e-08
3.37182e-08
3.26331e-08
3.15819e-08
3.05629e-08
2.958e-08
2.86315e-08
2.77111e-08
2.6819e-08
2.59574e-08
2.51259e-08
2.43188e-08
2.35354e-08
2.27772e-08
2.20437e-08
2.13327e-08
2.06415e-08
1.99695e-08
1.93178e-08
1.8686e-08
1.80722e-08
1.7476e-08
1.68951e-08
1.63291e-08
1.57797e-08
1.52472e-08
1.473e-08
1.42285e-08
1.37394e-08
1.32641e-08
1.28073e-08
3.9302e-06
6.41862e-06
9.51301e-06
1.11831e-05
1.07646e-05
8.88821e-06
7.02631e-06
1.7322e-06
1.31912e-06
9.90916e-07
7.43056e-07
5.71086e-07
4.50388e-07
1.10387e-06
3.0745e-07
2.65145e-07
2.34956e-07
5.77602e-07
1.96487e-07
1.83704e-07
1.74152e-07
1.668e-07
1.61111e-07
1.56709e-07
1.53261e-07
1.50498e-07
1.48182e-07
1.46196e-07
1.4306e-07
1.41694e-07
1.39213e-07
1.38037e-07
1.48136e-07
1.63742e-07
1.70133e-07
1.69515e-07
1.65914e-07
1.61245e-07
1.56269e-07
1.51281e-07
1.46394e-07
1.41644e-07
1.37043e-07
1.32592e-07
1.2829e-07
1.24125e-07
1.20102e-07
1.1622e-07
1.12462e-07
1.08821e-07
1.0531e-07
1.01923e-07
9.86375e-08
9.54546e-08
9.23805e-08
8.94134e-08
8.65358e-08
8.37435e-08
8.10411e-08
7.84266e-08
7.58925e-08
7.34303e-08
7.10363e-08
6.87145e-08
6.64633e-08
6.42772e-08
6.21538e-08
6.00858e-08
5.80699e-08
5.61122e-08
5.42148e-08
5.23725e-08
5.05851e-08
4.88424e-08
4.715e-08
4.55219e-08
6.51903e-06
1.07442e-05
1.64859e-05
2.04475e-05
2.08927e-05
1.83257e-05
1.52224e-05
6.30396e-06
4.78077e-06
3.58293e-06
2.67111e-06
2.03906e-06
1.59716e-06
3.04795e-06
1.06935e-06
9.11444e-07
7.9854e-07
1.68053e-06
6.52959e-07
6.02612e-07
5.63574e-07
5.32056e-07
5.06247e-07
4.8493e-07
4.67199e-07
4.52338e-07
4.39777e-07
4.29101e-07
4.16982e-07
4.09495e-07
4.00646e-07
3.97577e-07
4.28784e-07
4.76497e-07
4.96414e-07
4.95149e-07
4.84796e-07
4.71146e-07
4.56536e-07
4.41874e-07
4.27508e-07
4.13555e-07
4.00049e-07
3.86991e-07
3.7438e-07
3.6218e-07
3.50401e-07
3.39042e-07
3.28054e-07
3.1741e-07
3.07146e-07
2.97251e-07
2.8766e-07
2.78368e-07
2.69393e-07
2.60732e-07
2.52337e-07
2.44191e-07
2.36307e-07
2.28681e-07
2.21289e-07
2.1411e-07
2.0713e-07
2.00358e-07
1.93792e-07
1.87417e-07
1.81224e-07
1.75195e-07
1.69317e-07
1.63604e-07
1.58067e-07
1.5269e-07
1.47472e-07
1.42386e-07
1.37449e-07
1.32693e-07
9.3705e-06
1.57344e-05
2.51401e-05
3.26571e-05
3.50067e-05
3.27937e-05
2.87037e-05
1.85104e-05
1.46789e-05
1.11175e-05
8.27418e-06
6.30515e-06
4.92546e-06
7.09847e-06
3.26258e-06
2.76224e-06
2.40297e-06
4.1179e-06
1.93691e-06
1.7741e-06
1.64722e-06
1.54368e-06
1.45769e-06
1.38525e-06
1.32358e-06
1.27052e-06
1.2245e-06
1.18423e-06
1.14317e-06
1.11262e-06
1.08207e-06
1.06919e-06
1.13655e-06
1.23808e-06
1.27669e-06
1.2683e-06
1.23973e-06
1.20389e-06
1.16605e-06
1.12828e-06
1.09137e-06
1.05558e-06
1.02097e-06
9.8754e-07
9.55277e-07
9.24094e-07
8.93996e-07
8.64985e-07
8.36946e-07
8.09792e-07
7.83605e-07
7.5837e-07
7.33928e-07
7.10247e-07
6.8737e-07
6.65297e-07
6.43916e-07
6.23166e-07
6.03078e-07
5.83648e-07
5.6482e-07
5.46538e-07
5.2876e-07
5.11504e-07
4.94774e-07
4.78529e-07
4.62747e-07
4.47384e-07
4.32403e-07
4.17834e-07
4.03705e-07
3.89984e-07
3.76662e-07
3.63682e-07
3.51091e-07
3.38932e-07
1.19417e-05
2.06312e-05
3.45631e-05
4.67594e-05
5.22693e-05
5.18548e-05
4.79547e-05
3.87963e-05
3.33219e-05
2.73379e-05
2.16738e-05
1.70641e-05
1.3519e-05
1.47092e-05
8.99911e-06
7.60077e-06
6.59009e-06
8.8601e-06
5.271e-06
4.80739e-06
4.44553e-06
4.14946e-06
3.90247e-06
3.69297e-06
3.51294e-06
3.35617e-06
3.21828e-06
3.0955e-06
2.9749e-06
2.87713e-06
2.78475e-06
2.73504e-06
2.82844e-06
2.965e-06
2.99646e-06
2.95237e-06
2.87613e-06
2.78889e-06
2.69937e-06
2.611e-06
2.52504e-06
2.44189e-06
2.36164e-06
2.28422e-06
2.20956e-06
2.13746e-06
2.06789e-06
2.00087e-06
1.93615e-06
1.87349e-06
1.81306e-06
1.75484e-06
1.69849e-06
1.6439e-06
1.59114e-06
1.54025e-06
1.49097e-06
1.44315e-06
1.39684e-06
1.35204e-06
1.30863e-06
1.26649e-06
1.2255e-06
1.1857e-06
1.1471e-06
1.10962e-06
1.0732e-06
1.03775e-06
1.00317e-06
9.69507e-07
9.36842e-07
9.05115e-07
8.74299e-07
8.44271e-07
8.15162e-07
7.86979e-07
1.36393e-05
2.45115e-05
4.35663e-05
6.13009e-05
7.10429e-05
7.37437e-05
7.15033e-05
6.47298e-05
5.91673e-05
5.20972e-05
4.43258e-05
3.70312e-05
3.07406e-05
2.86741e-05
2.16506e-05
1.85677e-05
1.62338e-05
1.74917e-05
1.30586e-05
1.19226e-05
1.10183e-05
1.02706e-05
9.64104e-06
9.10187e-06
8.63403e-06
8.22231e-06
7.85625e-06
7.52629e-06
7.21153e-06
6.94114e-06
6.69019e-06
6.51163e-06
6.52249e-06
6.57974e-06
6.51321e-06
6.36056e-06
6.17321e-06
5.97638e-06
5.78047e-06
5.58948e-06
5.40475e-06
5.22658e-06
5.05491e-06
4.8895e-06
4.73014e-06
4.57637e-06
4.42806e-06
4.28522e-06
4.1474e-06
4.01402e-06
3.88532e-06
3.76137e-06
3.64149e-06
3.52532e-06
3.41303e-06
3.30467e-06
3.1998e-06
3.09804e-06
2.99944e-06
2.90402e-06
2.81158e-06
2.72184e-06
2.63453e-06
2.54969e-06
2.46739e-06
2.38746e-06
2.30975e-06
2.23411e-06
2.1603e-06
2.08839e-06
2.01853e-06
1.95065e-06
1.88469e-06
1.8204e-06
1.75813e-06
1.69762e-06
2.64862e-05
5.10058e-05
7.49414e-05
8.97574e-05
9.65719e-05
9.71984e-05
9.34924e-05
8.93137e-05
8.28164e-05
7.44698e-05
6.5575e-05
5.70851e-05
5.13436e-05
4.32257e-05
3.80206e-05
3.38412e-05
3.26581e-05
2.77863e-05
2.55439e-05
2.37028e-05
2.21525e-05
2.08281e-05
1.96794e-05
1.86717e-05
1.77762e-05
1.6973e-05
1.62429e-05
1.55583e-05
1.49497e-05
1.43853e-05
1.39158e-05
1.36473e-05
1.34335e-05
1.31176e-05
1.27345e-05
1.23304e-05
1.19278e-05
1.15353e-05
1.1156e-05
1.07906e-05
1.04388e-05
1.01001e-05
9.77397e-06
9.45977e-06
9.15668e-06
8.86422e-06
8.5825e-06
8.31073e-06
8.04765e-06
7.79352e-06
7.54869e-06
7.31196e-06
7.08244e-06
6.86033e-06
6.64588e-06
6.43834e-06
6.23685e-06
6.04141e-06
5.85214e-06
5.66872e-06
5.49061e-06
5.31721e-06
5.14852e-06
4.98477e-06
4.82563e-06
4.67082e-06
4.52011e-06
4.37291e-06
4.22928e-06
4.08959e-06
3.95376e-06
3.82164e-06
3.69284e-06
3.56816e-06
3.44632e-06
5.58907e-05
8.66023e-05
0.000107226
0.000118942
0.000123311
0.000123077
0.000121317
0.0001167
0.000109248
0.000100138
9.05669e-05
8.22438e-05
7.31486e-05
6.59802e-05
5.99068e-05
5.59943e-05
5.05394e-05
4.69185e-05
4.38539e-05
4.12195e-05
3.89308e-05
3.69179e-05
3.51313e-05
3.35276e-05
3.20769e-05
3.07485e-05
2.95121e-05
2.83888e-05
2.73443e-05
2.64141e-05
2.56721e-05
2.49977e-05
2.42709e-05
2.35173e-05
2.27693e-05
2.20414e-05
2.13386e-05
2.06618e-05
2.00102e-05
1.93827e-05
1.87781e-05
1.81951e-05
1.76328e-05
1.70897e-05
1.65646e-05
1.6058e-05
1.55688e-05
1.50944e-05
1.46351e-05
1.41919e-05
1.37628e-05
1.33461e-05
1.2942e-05
1.2551e-05
1.21722e-05
1.18038e-05
1.14458e-05
1.10985e-05
1.07613e-05
1.04336e-05
1.01139e-05
9.80234e-06
9.49933e-06
9.20445e-06
8.91712e-06
8.63708e-06
8.36312e-06
8.09522e-06
7.83407e-06
7.57978e-06
7.332e-06
7.0902e-06
6.85624e-06
6.62538e-06
9.53979e-05
0.00012258
0.000139947
0.000148773
0.000152366
0.000153719
0.000151864
0.000146393
0.000138217
0.00012863
0.000119084
0.000109269
0.000100643
9.30039e-05
8.68745e-05
8.05734e-05
7.55674e-05
7.12209e-05
6.74117e-05
6.40489e-05
6.10509e-05
5.8359e-05
5.59191e-05
5.36931e-05
5.16407e-05
4.97341e-05
4.79748e-05
4.63327e-05
4.48249e-05
4.34879e-05
4.22333e-05
4.09823e-05
3.97495e-05
3.85523e-05
3.73971e-05
3.62844e-05
3.52125e-05
3.41793e-05
3.31823e-05
3.22195e-05
3.1289e-05
3.03892e-05
2.95181e-05
2.86734e-05
2.7856e-05
2.70649e-05
2.62956e-05
2.55482e-05
2.48247e-05
2.41228e-05
2.34391e-05
2.27736e-05
2.21278e-05
2.15005e-05
2.08889e-05
2.02924e-05
1.97118e-05
1.91467e-05
1.8596e-05
1.80574e-05
1.75304e-05
1.70164e-05
1.65149e-05
1.60247e-05
1.55458e-05
1.5076e-05
1.46149e-05
1.41638e-05
1.37233e-05
1.32928e-05
1.28716e-05
1.24641e-05
1.20555e-05
0.000100515
0.000135105
0.000158951
0.000172949
0.000180804
0.000185821
0.00018737
0.000184682
0.000178324
0.000169558
0.000159791
0.000149582
0.000139984
0.000131164
0.000123444
0.000116185
0.000109945
0.00010442
9.9502e-05
9.5102e-05
9.11349e-05
8.75375e-05
8.42497e-05
8.1228e-05
7.84258e-05
7.58216e-05
7.33906e-05
7.11129e-05
6.89902e-05
6.70284e-05
6.51641e-05
6.33501e-05
6.15925e-05
5.98973e-05
5.82641e-05
5.66899e-05
5.5171e-05
5.37036e-05
5.22841e-05
5.09098e-05
4.9578e-05
4.82865e-05
4.70325e-05
4.58126e-05
4.46282e-05
4.3479e-05
4.23579e-05
4.12642e-05
4.02019e-05
3.91686e-05
3.81585e-05
3.71712e-05
3.62096e-05
3.52728e-05
3.43562e-05
3.34587e-05
3.25815e-05
3.1725e-05
3.08875e-05
3.00654e-05
2.92577e-05
2.84666e-05
2.76918e-05
2.69318e-05
2.61868e-05
2.54531e-05
2.47295e-05
2.40183e-05
2.3321e-05
2.26366e-05
2.19648e-05
2.13141e-05
2.06471e-05
0.000101117
0.000144097
0.000175391
0.000195362
0.000208051
0.000217293
0.000222822
0.000223606
0.000219844
0.00021264
0.00020339
0.000193125
0.000182894
0.00017315
0.000164228
0.000155985
0.000148638
0.000142039
0.000136097
0.000130731
0.000125853
0.000121399
0.000117303
0.00011352
0.000109998
0.000106722
0.000103641
0.000100745
9.80248e-05
9.54664e-05
9.30223e-05
9.0664e-05
8.83913e-05
8.62026e-05
8.40932e-05
8.20576e-05
8.00899e-05
7.81853e-05
7.63391e-05
7.45476e-05
7.28076e-05
7.1116e-05
6.94696e-05
6.78632e-05
6.62992e-05
6.4778e-05
6.32896e-05
6.18324e-05
6.04125e-05
5.90276e-05
5.76696e-05
5.6337e-05
5.50344e-05
5.37617e-05
5.25121e-05
5.12837e-05
5.00786e-05
4.88976e-05
4.7739e-05
4.65977e-05
4.54711e-05
4.43632e-05
4.32739e-05
4.22011e-05
4.11456e-05
4.01018e-05
3.90671e-05
3.8045e-05
3.70382e-05
3.60455e-05
3.50668e-05
3.41176e-05
9.62969e-05
0.000148781
0.000188651
0.000215518
0.00023377
0.000247878
0.000257997
0.000262932
0.00026254
0.000257683
0.000249674
0.000239792
0.000229234
0.000218742
0.000208793
0.000199529
0.000191094
0.000183432
0.000176473
0.000170144
0.000164361
0.000159056
0.000154163
0.000149629
0.0001454
0.000141466
0.00013775
0.000134251
0.000130953
0.000127828
0.000124839
0.000121965
0.000119201
0.000116541
0.000113977
0.000111501
0.000109106
0.000106786
0.000104534
0.000102347
0.000100219
9.81479e-05
9.61292e-05
9.41556e-05
9.22302e-05
9.03548e-05
8.85161e-05
8.67109e-05
8.49478e-05
8.3225e-05
8.15314e-05
7.98644e-05
7.82301e-05
7.66294e-05
7.50537e-05
7.34996e-05
7.19698e-05
7.0466e-05
6.89867e-05
6.75247e-05
6.60759e-05
6.46458e-05
6.32347e-05
6.18399e-05
6.04629e-05
5.9096e-05
5.77344e-05
5.63828e-05
5.50453e-05
5.37205e-05
5.24089e-05
5.11353e-05
8.50428e-05
0.000148313
0.000198007
0.000232804
0.000257503
0.000277239
0.000292638
0.000302441
0.000306216
0.000304565
0.000298633
0.000289767
0.000279321
0.000268321
0.000257473
0.000247164
0.000237595
0.000228798
0.000220741
0.000213369
0.000206604
0.000200379
0.000194624
0.000189284
0.000184303
0.000179667
0.000175283
0.000171153
0.000167254
0.000163552
0.000160013
0.000156619
0.000153362
0.000150231
0.000147214
0.000144303
0.000141488
0.000138762
0.000136117
0.000133547
0.000131048
0.000128615
0.000126243
0.000123922
0.000121656
0.000119448
0.000117282
0.000115152
0.000113069
0.000111032
0.000109027
0.00010705
0.000105107
0.000103203
0.000101324
9.94677e-05
9.76358e-05
9.58313e-05
9.40528e-05
9.22911e-05
9.054e-05
8.88065e-05
8.70915e-05
8.53914e-05
8.37083e-05
8.20326e-05
8.03568e-05
7.86863e-05
7.70266e-05
7.53763e-05
7.37362e-05
7.21419e-05
6.74477e-05
0.000141852
0.000202599
0.00024644
0.000278618
0.000304878
0.000326352
0.000341808
0.00035059
0.000353054
0.00035014
0.000343134
0.000333461
0.000322387
0.000310882
0.000299593
0.000288868
0.000278855
0.000269587
0.000261044
0.000253163
0.000245887
0.000239144
0.00023288
0.000227036
0.000221595
0.00021645
0.000211603
0.000207027
0.000202682
0.000198536
0.00019457
0.000190771
0.000187125
0.000183618
0.000180238
0.000176974
0.000173818
0.00017076
0.000167792
0.000164908
0.000162103
0.00015937
0.000156699
0.000154091
0.000151552
0.000149062
0.000146613
0.000144218
0.000141876
0.000139571
0.000137296
0.00013506
0.000132867
0.000130702
0.000128561
0.000126446
0.00012436
0.000122302
0.000120262
0.00011823
0.000116215
0.000114219
0.000112236
0.00011027
0.000108308
0.000106341
0.000104374
0.000102414
0.000100459
9.85106e-05
9.66158e-05
4.55783e-05
0.000128731
0.000201436
0.000255452
0.00029628
0.000330095
0.000358559
0.000380552
0.000395236
0.00040276
0.00040387
0.000399717
0.000391702
0.000381238
0.000369538
0.000357516
0.000345733
0.000334495
0.000323938
0.000314102
0.000304963
0.00029648
0.000288593
0.000281248
0.00027439
0.000267996
0.000261953
0.000256258
0.000250881
0.00024578
0.000240922
0.000236285
0.000231852
0.000227604
0.000223526
0.000219603
0.000215822
0.000212172
0.000208642
0.000205222
0.000201905
0.000198683
0.00019555
0.00019249
0.000189507
0.000186607
0.000183767
0.000180976
0.000178247
0.000175582
0.000172961
0.000170376
0.000167835
0.000165344
0.000162888
0.000160458
0.000158056
0.000155688
0.000153353
0.000151038
0.00014873
0.00014644
0.00014417
0.000141913
0.000139674
0.000137439
0.000135194
0.000132944
0.000130698
0.000128454
0.000126214
0.000124035
2.52313e-05
0.000108629
0.000193392
0.000258671
0.000309429
0.000351966
0.000388459
0.000417984
0.00043956
0.000453143
0.000459316
0.000459087
0.000453775
0.00044484
0.000433663
0.000421403
0.000408858
0.000396536
0.000384717
0.000373539
0.00036304
0.000353217
0.000344032
0.000335444
0.000327404
0.00031989
0.000312784
0.000306082
0.000299752
0.000293749
0.00028804
0.000282598
0.000277403
0.000272433
0.000267669
0.000263095
0.000258695
0.000254454
0.00025036
0.000246402
0.00024257
0.000238854
0.000235247
0.000231731
0.000228308
0.000224986
0.000221739
0.000218551
0.000215438
0.000212403
0.000209422
0.000206485
0.0002036
0.000200775
0.000197993
0.000195243
0.000192527
0.000189851
0.000187213
0.0001846
0.000181997
0.000179414
0.000176853
0.000174308
0.000171784
0.000169264
0.000166732
0.000164193
0.000161655
0.000159118
0.000156583
0.000154119
1.13067e-05
8.21262e-05
0.000177257
0.000254759
0.000316781
0.000369316
0.000414998
0.000453177
0.000482754
0.000503487
0.00051581
0.000520616
0.000519135
0.000512809
0.000503107
0.000491366
0.000478608
0.000465558
0.000452677
0.000440238
0.000428375
0.000417146
0.000406557
0.000396591
0.000387219
0.00037842
0.000370085
0.000362208
0.000354758
0.000347691
0.00034097
0.000334568
0.000328461
0.000322624
0.000317036
0.000311677
0.000306528
0.000301575
0.0002968
0.000292191
0.000287736
0.000283423
0.000279245
0.000275178
0.000271225
0.000267395
0.000263658
0.000259995
0.000256422
0.000252943
0.000249534
0.000246178
0.000242886
0.000239666
0.0002365
0.000233374
0.000230289
0.000227252
0.000224264
0.000221307
0.000218363
0.000215444
0.000212551
0.00020968
0.000206832
0.000203993
0.000201141
0.000198281
0.000195422
0.000192562
0.000189705
0.00018693
5.82271e-06
5.29898e-05
0.000152082
0.000242318
0.000316839
0.000380706
0.000436848
0.000484924
0.000523747
0.000552849
0.000572504
0.000583509
0.000587029
0.000584479
0.000577361
0.00056712
0.000554953
0.000541788
0.000528275
0.00051485
0.000501773
0.000489195
0.000477186
0.000465778
0.000454971
0.000444759
0.000435049
0.000425843
0.000417111
0.000408814
0.000400917
0.000393392
0.00038621
0.000379348
0.00037278
0.000366486
0.000360444
0.000354635
0.000349044
0.000343652
0.000338447
0.000333415
0.000328547
0.000323815
0.000319222
0.000314777
0.000310447
0.00030621
0.000302081
0.000298066
0.000294138
0.000290278
0.000286494
0.000282798
0.000279169
0.000275591
0.000272064
0.000268595
0.000265186
0.000261817
0.000258468
0.000255148
0.000251863
0.000248604
0.000245376
0.000242161
0.000238934
0.000235698
0.000232465
0.000229232
0.000226004
0.000222867
3.492e-06
2.72684e-05
0.000118126
0.000220179
0.000307973
0.000384428
0.000452372
0.000511708
0.000561164
0.000600007
0.000628312
0.000646775
0.000656524
0.000658968
0.000655629
0.000648019
0.000637459
0.000625034
0.000611571
0.000597673
0.000583743
0.00057005
0.000556754
0.000543955
0.000531703
0.00052002
0.000508846
0.000498195
0.000488049
0.000478378
0.000469152
0.000460344
0.000451928
0.000443879
0.000436172
0.000428783
0.000421692
0.000414877
0.000408318
0.000401998
0.000395902
0.000390014
0.000384322
0.000378796
0.000373435
0.000368253
0.000363213
0.000358286
0.000353488
0.000348828
0.000344277
0.000339808
0.000335432
0.000331162
0.000326976
0.000322853
0.000318793
0.000314804
0.000310888
0.000307025
0.000303188
0.000299388
0.00029563
0.000291906
0.000288222
0.000284557
0.000280883
0.0002772
0.000273522
0.000269846
0.000266178
0.000262609
2.53292e-06
1.17907e-05
7.90685e-05
0.00018781
0.00028857
0.000378546
0.000459615
0.00053166
0.000593269
0.00064339
0.000681836
0.000709168
0.000726481
0.000735199
0.000736892
0.00073313
0.000725328
0.000714693
0.000702192
0.000688578
0.000674397
0.000660046
0.000645794
0.000631824
0.00061826
0.000605169
0.000592537
0.000580402
0.000568771
0.000557628
0.000546956
0.000536734
0.000526943
0.000517559
0.000508559
0.000499922
0.000491625
0.000483648
0.000475969
0.000468568
0.000461431
0.000454538
0.000447878
0.000441417
0.000435151
0.000429097
0.000423214
0.00041747
0.000411877
0.00040645
0.000401155
0.000395963
0.00039088
0.000385924
0.000381072
0.000376299
0.000371602
0.00036699
0.000362468
0.000358012
0.000353592
0.000349217
0.000344894
0.000340615
0.000336384
0.000332182
0.000327974
0.000323759
0.000319551
0.000315347
0.000311156
0.000307064
2.36274e-06
6.02603e-06
4.31777e-05
0.000145508
0.000257297
0.00036101
0.00045632
0.000542534
0.000617925
0.000681024
0.000731291
0.000769094
0.000795467
0.000811864
0.000819918
0.000821286
0.000817478
0.000809803
0.000799346
0.000786983
0.000773386
0.000759074
0.000744426
0.000729723
0.000715172
0.000700903
0.000686963
0.00067343
0.000660344
0.000647717
0.000635551
0.000623841
0.000612578
0.000601746
0.000591329
0.000581309
0.000571666
0.000562381
0.000553434
0.000544803
0.000536475
0.000528428
0.000520652
0.000513109
0.000505792
0.000498722
0.000491857
0.000485157
0.000478635
0.000472307
0.000466138
0.000460094
0.00045418
0.000448415
0.000442775
0.000437234
0.000431785
0.000426436
0.000421195
0.000416037
0.000410927
0.000405871
0.000400879
0.000395941
0.000391062
0.000386223
0.000381384
0.000376539
0.000371703
0.000366874
0.000362066
0.000357339
2.46807e-06
4.0898e-06
1.912e-05
9.54491e-05
0.000213466
0.000329927
0.000440024
0.000541715
0.000632551
0.000710461
0.000774424
0.000824517
0.000861662
0.00088732
0.000903207
0.000911084
0.000912579
0.000909119
0.000901897
0.000891899
0.000879906
0.00086654
0.000852286
0.000837519
0.00082253
0.000807524
0.000792621
0.000777946
0.000763587
0.000749594
0.000735999
0.000722822
0.00071007
0.000697746
0.000685842
0.000674351
0.000663259
0.00065255
0.00064221
0.000632219
0.000622563
0.000613223
0.000604189
0.00059542
0.000586909
0.000578679
0.000570689
0.000562892
0.000555299
0.000547929
0.000540749
0.000533719
0.000526839
0.000520132
0.000513576
0.000507139
0.000500812
0.000494602
0.00048852
0.00048254
0.000476622
0.000470769
0.000464993
0.000459283
0.000453644
0.000448057
0.000442478
0.000436896
0.000431327
0.000425766
0.000420235
0.000414739
2.65139e-06
3.26799e-06
8.63806e-06
4.78554e-05
0.000157673
0.000284056
0.000408343
0.000526304
0.000634115
0.000728735
0.000808438
0.000872866
0.000922739
0.00095948
0.000984874
0.0010008
0.00100903
0.00101113
0.00100842
0.001002
0.000992753
0.000981402
0.000968518
0.000954563
0.000939909
0.000924833
0.000909528
0.000894178
0.000878923
0.000863861
0.000849062
0.000834579
0.000820449
0.000806696
0.000793331
0.000780361
0.000767785
0.000755598
0.00074379
0.000732348
0.000721264
0.000710519
0.000700108
0.000689989
0.000680154
0.00067063
0.000661379
0.00065235
0.000643548
0.000634998
0.000626668
0.000618514
0.000610532
0.000602747
0.000595139
0.000587673
0.000580335
0.000573134
0.000566081
0.000559151
0.000552299
0.000545525
0.000538842
0.000532237
0.000525717
0.000519263
0.000512828
0.000506393
0.000499975
0.000493568
0.000487202
0.000480784
2.96589e-06
3.00792e-06
4.81952e-06
1.90104e-05
9.52368e-05
0.000223969
0.000359614
0.000493392
0.000619208
0.00073233
0.00082992
0.000910939
0.000975756
0.00102568
0.00106251
0.00108826
0.00110484
0.00111399
0.00111718
0.00111565
0.00111039
0.00110223
0.00109183
0.00107972
0.00106636
0.00105208
0.00103715
0.00102181
0.00100625
0.000990628
0.00097505
0.000959611
0.000944382
0.000929418
0.000914758
0.000900427
0.000886444
0.000872818
0.000859554
0.000846646
0.000834097
0.000821892
0.000810033
0.000798481
0.000787227
0.000776306
0.000765683
0.000755305
0.000745174
0.000735319
0.000725711
0.000716304
0.00070709
0.000698094
0.000689301
0.000680672
0.000672192
0.000663866
0.000655709
0.000647699
0.000639783
0.00063196
0.000624241
0.000616614
0.000609087
0.000601641
0.000594226
0.000586817
0.000579429
0.000572056
0.000564736
3.09693e-06
3.09638e-06
3.77283e-06
8.20839e-06
4.29905e-05
0.000153554
0.00029414
0.000440752
0.000584315
0.000717248
0.000834803
0.000934813
0.00101704
0.00108253
0.00113306
0.00117068
0.0011975
0.0012154
0.00122606
0.00123086
0.00123095
0.00122726
0.00122055
0.00121144
0.00120046
0.001188
0.0011744
0.00115995
0.00114489
0.00112942
0.00111369
0.00109786
0.00108201
0.00106625
0.00105064
0.00103524
0.00102008
0.0010052
0.00099062
0.000976348
0.000962401
0.000948774
0.000935478
0.000922484
0.000909784
0.000897417
0.000885361
0.000873564
0.000862021
0.000850768
0.000839782
0.000829018
0.000818461
0.000808139
0.000798042
0.000788131
0.000778386
0.000768811
0.000759424
0.000750206
0.0007411
0.0007321
0.000723218
0.000714443
0.00070578
0.000697216
0.000688697
0.000680192
0.000671711
0.000663248
0.000654853
3.01683e-06
3.05129e-06
3.36019e-06
4.89307e-06
1.61734e-05
8.26534e-05
0.000215517
0.000368171
0.000526514
0.000679266
0.000818409
0.000939787
0.00104209
0.00112583
0.00119262
0.00124453
0.00128377
0.00131244
0.00133238
0.00134517
0.00135213
0.00135432
0.00135264
0.00134779
0.00134038
0.00133088
0.0013197
0.00130715
0.00129355
0.00127913
0.0012641
0.00124862
0.00123285
0.00121692
0.00120091
0.00118492
0.00116901
0.00115324
0.00113765
0.00112228
0.00110715
0.00109228
0.00107768
0.00106335
0.00104928
0.00103551
0.00102205
0.00100884
0.000995868
0.000983187
0.000970778
0.0009586
0.000946635
0.000934911
0.000923425
0.000912141
0.000901035
0.000890111
0.000879387
0.000868851
0.000858445
0.000848156
0.000837996
0.000827955
0.000818038
0.000808235
0.000798493
0.000788772
0.000779082
0.00076941
0.000759821
3.02044e-06
3.15564e-06
3.72995e-06
7.16777e-06
3.21686e-05
0.000131204
0.000279153
0.000444928
0.000614677
0.000775726
0.00092042
0.00104546
0.00115038
0.00123634
0.0013053
0.00135955
0.00140134
0.00143271
0.00145544
0.00147104
0.00148075
0.00148558
0.00148639
0.00148387
0.00147859
0.001471
0.00146151
0.00145045
0.00143811
0.00142475
0.00141056
0.00139574
0.00138043
0.00136478
0.00134889
0.00133285
0.00131676
0.00130068
0.00128466
0.00126875
0.00125298
0.00123739
0.00122198
0.00120676
0.00119179
0.00117706
0.00116256
0.00114826
0.00113422
0.00112043
0.00110687
0.0010935
0.00108037
0.00106748
0.00105478
0.00104227
0.00102995
0.00101782
0.0010059
0.000994112
0.000982451
0.000970926
0.000959528
0.00094826
0.000937119
0.000926053
0.000915017
0.000904014
0.00089303
0.000882139
3.10684e-06
3.08116e-06
3.29929e-06
4.43359e-06
1.15556e-05
5.77077e-05
0.000181637
0.000342981
0.000521913
0.0007022
0.000870821
0.00102087
0.00114993
0.00125823
0.00134739
0.00141963
0.00147731
0.00152265
0.00155764
0.00158398
0.00160311
0.00161623
0.00162431
0.00162818
0.0016285
0.00162583
0.00162064
0.00161331
0.00160421
0.0015936
0.00158176
0.00156888
0.00155517
0.00154078
0.00152585
0.0015105
0.00149485
0.00147898
0.00146296
0.00144687
0.00143075
0.00141467
0.00139863
0.00138267
0.00136684
0.00135117
0.00133565
0.00132027
0.00130508
0.0012901
0.0012753
0.00126066
0.00124622
0.00123199
0.00121795
0.00120408
0.00119037
0.00117686
0.00116354
0.00115036
0.00113731
0.00112438
0.00111158
0.00109891
0.00108637
0.00107392
0.0010615
0.00104912
0.00103675
0.00102448
3.17304e-06
3.11183e-06
3.18301e-06
3.58506e-06
5.67064e-06
1.90874e-05
8.91736e-05
0.000230112
0.00040442
0.000595622
0.000785564
0.000961456
0.00111719
0.00125109
0.00136389
0.00145752
0.00153431
0.0015966
0.00164659
0.00168619
0.00171703
0.00174051
0.00175777
0.00176978
0.00177734
0.0017811
0.00178162
0.00177937
0.00177476
0.00176813
0.00175978
0.00174997
0.00173891
0.00172682
0.00171384
0.00170014
0.00168583
0.00167103
0.00165585
0.00164035
0.00162462
0.00160873
0.00159271
0.0015766
0.00156047
0.00154438
0.00152831
0.00151227
0.00149632
0.00148049
0.00146476
0.00144914
0.00143364
0.0014183
0.0014031
0.00138803
0.00137309
0.00135831
0.0013437
0.00132921
0.00131482
0.00130055
0.00128639
0.00127234
0.00125842
0.00124458
0.00123078
0.001217
0.00120323
0.00118955
3.19905e-06
3.18092e-06
3.19431e-06
3.34506e-06
4.00948e-06
7.54286e-06
2.967e-05
0.000120724
0.000273644
0.000459753
0.00066195
0.000860946
0.00104431
0.00120656
0.00134652
0.00146525
0.0015648
0.00164752
0.00171575
0.00177158
0.00181687
0.00185322
0.00188195
0.0019042
0.00192092
0.00193289
0.00194077
0.00194513
0.00194646
0.00194517
0.00194162
0.0019361
0.0019289
0.00192023
0.00191031
0.0018993
0.00188737
0.00187464
0.00186124
0.00184726
0.0018328
0.00181795
0.00180276
0.00178728
0.00177158
0.00175574
0.00173978
0.0017237
0.00170757
0.00169142
0.00167528
0.00165913
0.001643
0.00162694
0.00161095
0.00159502
0.00157915
0.00156337
0.0015477
0.00153213
0.00151661
0.00150117
0.00148581
0.00147052
0.00145533
0.00144021
0.00142512
0.00141003
0.00139492
0.00137989
3.20924e-06
3.21418e-06
3.22051e-06
3.28219e-06
3.50641e-06
4.55014e-06
9.9157e-06
4.15582e-05
0.000147371
0.000308749
0.000504616
0.000716438
0.000924229
0.00111571
0.00128571
0.00143327
0.00155957
0.00166667
0.00175688
0.00183246
0.00189546
0.00194766
0.00199061
0.00202563
0.00205384
0.00207615
0.00209338
0.00210618
0.00211516
0.0021208
0.00212353
0.00212373
0.00212171
0.00211775
0.0021121
0.00210497
0.00209653
0.00208696
0.0020764
0.00206497
0.00205277
0.00203992
0.00202649
0.00201254
0.00199816
0.00198342
0.00196837
0.00195303
0.00193746
0.00192171
0.00190582
0.00188979
0.00187365
0.00185745
0.00184121
0.00182493
0.00180861
0.00179229
0.00177599
0.00175972
0.00174344
0.00172717
0.00171092
0.00169469
0.0016785
0.00166234
0.00164617
0.00162998
0.00161374
0.00159753
3.22054e-06
3.23016e-06
3.23929e-06
3.267e-06
3.35011e-06
3.68863e-06
5.13745e-06
1.23605e-05
5.1692e-05
0.000165319
0.000331589
0.000534404
0.00075439
0.000970946
0.00117151
0.00135077
0.00150771
0.00164341
0.00175984
0.00185923
0.00194375
0.00201536
0.00207583
0.00212666
0.00216914
0.00220439
0.00223334
0.0022568
0.00227547
0.00228994
0.00230074
0.00230831
0.00231304
0.00231527
0.00231529
0.00231335
0.00230969
0.0023045
0.00229795
0.0022902
0.00228136
0.00227157
0.00226094
0.00224952
0.00223742
0.00222473
0.00221153
0.00219782
0.00218368
0.00216918
0.00215437
0.00213925
0.00212386
0.00210825
0.00209247
0.00207652
0.00206041
0.00204417
0.00202784
0.00201143
0.00199494
0.00197836
0.00196171
0.00194499
0.00192824
0.00191145
0.00189461
0.00187769
0.00186066
0.00184361
3.22912e-06
3.23954e-06
3.25185e-06
3.26814e-06
3.30371e-06
3.42134e-06
3.86433e-06
5.64404e-06
1.41461e-05
5.69444e-05
0.000171724
0.000338548
0.00054465
0.000770969
0.0009962
0.00120689
0.00139708
0.0015653
0.00171239
0.0018401
0.00195052
0.00204571
0.00212759
0.00219784
0.00225798
0.00230927
0.00235283
0.00238961
0.00242045
0.00244607
0.00246708
0.00248403
0.00249738
0.00250755
0.00251489
0.00251972
0.00252231
0.0025229
0.0025217
0.0025189
0.00251465
0.00250911
0.0025024
0.00249463
0.00248589
0.00247629
0.00246593
0.00245485
0.00244311
0.00243079
0.00241797
0.00240466
0.00239089
0.00237674
0.00236225
0.00234743
0.00233231
0.00231692
0.0023013
0.00228548
0.00226945
0.00225323
0.00223683
0.00222026
0.00220355
0.00218671
0.00216975
0.00215263
0.00213534
0.00211794
3.23092e-06
3.24212e-06
3.25931e-06
3.27304e-06
3.29316e-06
3.33958e-06
3.48587e-06
3.99676e-06
5.92545e-06
1.4572e-05
5.54976e-05
0.000164873
0.000326989
0.00053153
0.000761417
0.000994694
0.00121632
0.00141902
0.00160051
0.00176106
0.00190214
0.00202561
0.00213341
0.00222737
0.00230914
0.00238021
0.00244185
0.00249519
0.00254121
0.00258076
0.00261459
0.00264335
0.0026676
0.00268784
0.0027045
0.00271796
0.00272857
0.00273661
0.00274234
0.00274598
0.00274775
0.00274781
0.00274633
0.00274344
0.00273926
0.00273391
0.00272752
0.00272014
0.00271185
0.00270275
0.00269292
0.00268239
0.0026712
0.00265943
0.00264714
0.00263436
0.00262111
0.00260742
0.00259335
0.00257893
0.00256417
0.00254909
0.00253371
0.00251803
0.00250208
0.00248591
0.00246951
0.00245287
0.00243596
0.00241885
3.22702e-06
3.23879e-06
3.25518e-06
3.27004e-06
3.28765e-06
3.31364e-06
3.36987e-06
3.53209e-06
4.05575e-06
5.89018e-06
1.3459e-05
4.76018e-05
0.000144726
0.000296145
0.000492709
0.000721613
0.000960994
0.0011936
0.00141005
0.00160662
0.00178275
0.00193938
0.00207808
0.00220061
0.00230869
0.00240394
0.0024878
0.00256156
0.00262638
0.00268325
0.00273306
0.00277658
0.00281449
0.00284739
0.0028758
0.00290018
0.00292095
0.00293845
0.00295301
0.0029649
0.00297438
0.00298166
0.00298694
0.0029904
0.00299216
0.0029924
0.00299126
0.00298882
0.00298516
0.00298042
0.00297468
0.002968
0.00296044
0.00295207
0.00294297
0.00293319
0.00292274
0.00291169
0.00290006
0.00288793
0.00287532
0.00286223
0.0028487
0.00283473
0.00282036
0.00280563
0.00279057
0.00277516
0.00275939
0.0027433
3.22069e-06
3.23221e-06
3.24399e-06
3.25833e-06
3.27495e-06
3.29538e-06
3.32563e-06
3.38695e-06
3.54828e-06
4.0256e-06
5.55984e-06
1.12831e-05
3.57247e-05
0.000113538
0.000247943
0.000428657
0.000649246
0.000890301
0.00113228
0.00136276
0.0015758
0.00176943
0.00194381
0.00210003
0.00223958
0.00236405
0.00247495
0.00257373
0.00266166
0.00273992
0.00280951
0.00287137
0.00292629
0.00297499
0.0030181
0.00305618
0.00308971
0.00311914
0.00314484
0.00316717
0.00318643
0.00320288
0.00321678
0.00322833
0.00323772
0.00324514
0.00325075
0.00325469
0.00325706
0.003258
0.00325763
0.00325603
0.00325327
0.00324945
0.00324464
0.00323891
0.00323232
0.0032249
0.00321671
0.00320783
0.00319829
0.00318811
0.00317732
0.00316594
0.003154
0.00314156
0.00312866
0.00311529
0.00310144
0.00308716
3.21466e-06
3.2248e-06
3.23597e-06
3.2484e-06
3.26262e-06
3.2795e-06
3.30075e-06
3.33207e-06
3.39196e-06
3.53564e-06
3.92417e-06
5.063e-06
8.85456e-06
2.37023e-05
7.67953e-05
0.000187299
0.000344226
0.000546
0.000780202
0.00102676
0.00126956
0.00149929
0.0017118
0.00190589
0.00208191
0.00224089
0.00238419
0.0025132
0.00262927
0.00273369
0.00282762
0.00291209
0.00298807
0.00305638
0.00311777
0.00317291
0.00322239
0.00326673
0.00330641
0.00334184
0.00337339
0.0034014
0.00342617
0.00344797
0.00346701
0.00348353
0.00349774
0.0035098
0.00351986
0.00352807
0.00353458
0.00353952
0.00354296
0.003545
0.00354578
0.00354535
0.00354379
0.00354116
0.00353752
0.00353296
0.00352753
0.00352126
0.0035142
0.00350636
0.00349779
0.00348855
0.00347869
0.00346822
0.00345714
0.00344548
3.21451e-06
3.22259e-06
3.2309e-06
3.24007e-06
3.25076e-06
3.26363e-06
3.27936e-06
3.29953e-06
3.32897e-06
3.38182e-06
3.49733e-06
3.78228e-06
4.54327e-06
6.79418e-06
1.45662e-05
4.35315e-05
0.000121787
0.000248996
0.00042038
0.000634024
0.000874834
0.0011242
0.00136839
0.00159973
0.00181476
0.00201251
0.00219327
0.00235794
0.00250766
0.00264366
0.00276716
0.00287928
0.0029811
0.00307356
0.00315753
0.0032338
0.00330307
0.00336597
0.00342306
0.00347484
0.00352176
0.00356424
0.00360264
0.00363729
0.00366846
0.00369644
0.00372149
0.00374381
0.00376358
0.00378099
0.00379624
0.00380947
0.00382078
0.00383032
0.00383821
0.00384456
0.00384946
0.00385298
0.0038552
0.00385622
0.00385612
0.00385494
0.00385274
0.00384954
0.00384539
0.00384038
0.00383455
0.00382794
0.00382055
0.00381243
3.22081e-06
3.23715e-06
3.25019e-06
3.26087e-06
3.27043e-06
3.27996e-06
3.29038e-06
3.30267e-06
3.31845e-06
3.34155e-06
3.38179e-06
3.4643e-06
3.65313e-06
4.11709e-06
5.34678e-06
9.01933e-06
2.16608e-05
6.35293e-05
0.000154634
0.000288486
0.000465593
0.000682966
0.000925782
0.00117692
0.00142375
0.00165905
0.00187944
0.00208378
0.00227213
0.00244517
0.00260385
0.00274922
0.00288234
0.00300424
0.00311586
0.0032181
0.00331176
0.00339758
0.00347622
0.00354828
0.00361431
0.00367479
0.00373018
0.00378086
0.0038272
0.00386952
0.00390814
0.00394332
0.00397528
0.00400428
0.00403052
0.00405419
0.00407544
0.00409443
0.00411133
0.00412626
0.00413934
0.00415067
0.00416034
0.00416847
0.00417517
0.00418049
0.0041845
0.00418724
0.00418878
0.00418921
0.00418859
0.00418697
0.00418437
0.00418083
3.19582e-06
3.2105e-06
3.22793e-06
3.24619e-06
3.26427e-06
3.28185e-06
3.29884e-06
3.31541e-06
3.33208e-06
3.35004e-06
3.37193e-06
3.40398e-06
3.46099e-06
3.57838e-06
3.84267e-06
4.47782e-06
6.13372e-06
1.10125e-05
2.71081e-05
7.48617e-05
0.000167882
0.000299901
0.000473582
0.000687062
0.000927562
0.00117921
0.00142942
0.00167053
0.00189861
0.00211206
0.00231056
0.00249449
0.00266454
0.00282157
0.0029665
0.00310023
0.00322362
0.0033375
0.00344261
0.00353966
0.00362927
0.00371202
0.00378845
0.00385904
0.00392422
0.00398439
0.00403992
0.00409114
0.00413833
0.0041818
0.00422179
0.00425854
0.00429225
0.00432312
0.00435133
0.00437705
0.00440043
0.0044216
0.00444067
0.00445779
0.00447308
0.00448662
0.00449851
0.0045088
0.00451756
0.00452492
0.00453094
0.00453569
0.0045392
0.00454152
3.15847e-06
3.15497e-06
3.15571e-06
3.15858e-06
3.16214e-06
3.16303e-06
3.16971e-06
3.18242e-06
3.19572e-06
3.20745e-06
3.21405e-06
3.22746e-06
3.24491e-06
3.2651e-06
3.28717e-06
3.31067e-06
3.33567e-06
3.36322e-06
3.39641e-06
3.44283e-06
3.5203e-06
3.67019e-06
3.99065e-06
4.72971e-06
6.5876e-06
1.18321e-05
2.81094e-05
7.34942e-05
0.000159951
0.000282303
0.000443479
0.000644644
0.000876768
0.0011257
0.00137841
0.00162592
0.00186315
0.00208762
0.0022984
0.00249541
0.00267905
0.00284994
0.00300882
0.00315647
0.00329365
0.0034211
0.00353954
0.00364961
0.00375193
0.00384705
0.0039355
0.00401775
0.00409423
0.00416535
0.00423147
0.00429293
0.00435005
0.00440311
0.00445236
0.00449805
0.00454041
0.00457963
0.00461591
0.00464941
0.00468028
0.00470869
0.00473478
0.00475867
0.00478048
0.00480028
0.00481818
0.00483429
0.00484871
0.00486152
0.00487278
0.00488254
3.1543e-06
3.15059e-06
3.15145e-06
3.1545e-06
3.15881e-06
3.15656e-06
3.15418e-06
3.15844e-06
3.167e-06
3.17774e-06
3.18857e-06
3.19968e-06
3.2108e-06
3.22158e-06
3.22896e-06
3.24209e-06
3.25952e-06
3.28068e-06
3.30569e-06
3.33569e-06
3.37394e-06
3.42834e-06
3.51693e-06
3.68048e-06
4.01267e-06
4.74092e-06
6.47486e-06
1.10601e-05
2.43581e-05
6.07434e-05
0.000133621
0.000239903
0.000380427
0.000559682
0.000774193
0.00101328
0.00126421
0.00151631
0.00176247
0.00199873
0.00222314
0.00243495
0.00263407
0.00282082
0.0029957
0.00315932
0.00331233
0.00345539
0.00358913
0.00371416
0.00383108
0.00394042
0.00404268
0.00413833
0.00422781
0.00431153
0.00438986
0.00446314
0.00453169
0.0045958
0.00465575
0.0047118
0.00476416
0.00481305
0.00485865
0.00490117
0.00494078
0.00497764
0.00501188
0.00504362
0.00507297
0.00510009
0.00512509
0.00514806
0.00516909
0.00518825
3.15023e-06
3.14779e-06
3.14926e-06
3.15253e-06
3.1575e-06
3.16097e-06
3.16757e-06
3.17169e-06
3.17415e-06
3.17641e-06
3.17816e-06
3.17954e-06
3.18566e-06
3.19337e-06
3.20141e-06
3.21011e-06
3.21949e-06
3.22942e-06
3.23941e-06
3.24891e-06
3.2659e-06
3.28914e-06
3.32179e-06
3.37115e-06
3.45309e-06
3.60205e-06
3.8937e-06
4.50192e-06
5.86098e-06
9.17931e-06
1.80709e-05
4.21439e-05
9.55636e-05
0.000181048
0.000295615
0.000444013
0.00062895
0.000845802
0.00108474
0.00133465
0.00158612
0.00183269
0.00207058
0.00229785
0.00251369
0.00271785
0.00291051
0.00309202
0.00326286
0.00342354
0.00357464
0.00371671
0.00385025
0.0039758
0.00409386
0.00420487
0.00430927
0.00440746
0.00449982
0.0045867
0.00466843
0.00474531
0.00481762
0.00488561
0.00494954
0.00500962
0.00506608
0.0051191
0.00516886
0.00521551
0.0052592
0.00530011
0.00533835
0.00537407
0.00540737
0.00543833
3.14694e-06
3.14625e-06
3.14781e-06
3.15037e-06
3.15387e-06
3.15572e-06
3.15858e-06
3.16066e-06
3.16309e-06
3.16615e-06
3.16927e-06
3.17207e-06
3.17504e-06
3.17802e-06
3.17946e-06
3.18181e-06
3.18742e-06
3.19414e-06
3.20157e-06
3.20929e-06
3.21796e-06
3.22788e-06
3.23964e-06
3.25426e-06
3.27303e-06
3.30705e-06
3.36894e-06
3.48288e-06
3.70161e-06
4.13881e-06
5.05532e-06
7.10768e-06
1.2103e-05
2.50236e-05
5.64905e-05
0.000116462
0.000203512
0.000316988
0.000462101
0.0006413
0.000851112
0.00108363
0.00132927
0.00157926
0.00182695
0.00206808
0.00230027
0.00252235
0.00273386
0.00293469
0.00312505
0.00330527
0.00347571
0.00363684
0.00378915
0.00393307
0.00406906
0.00419755
0.00431897
0.00443372
0.00454217
0.00464468
0.00474156
0.00483314
0.00491971
0.00500153
0.00507886
0.00515194
0.00522098
0.00528618
0.00534772
0.0054058
0.00546059
0.00551222
0.00556085
0.0056066
3.14547e-06
3.14526e-06
3.14641e-06
3.14833e-06
3.15105e-06
3.15275e-06
3.15521e-06
3.15706e-06
3.15842e-06
3.16006e-06
3.16208e-06
3.16441e-06
3.16706e-06
3.16991e-06
3.1726e-06
3.17514e-06
3.17782e-06
3.18061e-06
3.18335e-06
3.18461e-06
3.18649e-06
3.18925e-06
3.19503e-06
3.20207e-06
3.21049e-06
3.22153e-06
3.23748e-06
3.26255e-06
3.30502e-06
3.38012e-06
3.52113e-06
3.79532e-06
4.34265e-06
5.47411e-06
7.95133e-06
1.37798e-05
2.80134e-05
6.00615e-05
0.000117341
0.000198156
0.000302014
0.000433653
0.000596476
0.0007894
0.00100726
0.00124246
0.00148703
0.00173393
0.00197796
0.00221567
0.00244516
0.00266545
0.00287609
0.00307703
0.00326842
0.00345048
0.00362349
0.00378784
0.00394392
0.00409212
0.00423281
0.00436637
0.00449314
0.0046135
0.00472777
0.00483625
0.00493924
0.00503702
0.00512984
0.00521796
0.0053016
0.00538096
0.00545626
0.00552768
0.00559539
0.00565955
3.1446e-06
3.14443e-06
3.14507e-06
3.14653e-06
3.14869e-06
3.15011e-06
3.15179e-06
3.15303e-06
3.15384e-06
3.15469e-06
3.15573e-06
3.15702e-06
3.15868e-06
3.1607e-06
3.16302e-06
3.16557e-06
3.16831e-06
3.17117e-06
3.17407e-06
3.17677e-06
3.1793e-06
3.1817e-06
3.18422e-06
3.18689e-06
3.18975e-06
3.19283e-06
3.19533e-06
3.19976e-06
3.20764e-06
3.22154e-06
3.24816e-06
3.29584e-06
3.38301e-06
3.54472e-06
3.84873e-06
4.43243e-06
5.59275e-06
8.02172e-06
1.34166e-05
2.5777e-05
5.23756e-05
0.00010022
0.000169066
0.000257193
0.000367744
0.000504978
0.000670579
0.000862756
0.00107694
0.00130663
0.00154568
0.00178792
0.0020286
0.00226445
0.00249344
0.00271445
0.00292689
0.00313057
0.00332555
0.00351196
0.00368997
0.00385986
0.00402194
0.00417652
0.00432395
0.00446452
0.00459853
0.00472627
0.00484805
0.00496415
0.00507483
0.00518032
0.00528085
0.00537664
0.0054679
0.00555482
3.14437e-06
3.14348e-06
3.14379e-06
3.14512e-06
3.14698e-06
3.1483e-06
3.14964e-06
3.15063e-06
3.15118e-06
3.15156e-06
3.15189e-06
3.15202e-06
3.15245e-06
3.1534e-06
3.15468e-06
3.15626e-06
3.15812e-06
3.16024e-06
3.16261e-06
3.16516e-06
3.16786e-06
3.17066e-06
3.17354e-06
3.17648e-06
3.17945e-06
3.18243e-06
3.18533e-06
3.18829e-06
3.19155e-06
3.19558e-06
3.20134e-06
3.21042e-06
3.22572e-06
3.25257e-06
3.30054e-06
3.38573e-06
3.54111e-06
3.82493e-06
4.3502e-06
5.34508e-06
7.29935e-06
1.13398e-05
2.00066e-05
3.82416e-05
7.23102e-05
0.000125008
0.000194478
0.000280748
0.00038724
0.000517335
0.000672638
0.000852116
0.00105239
0.00126892
0.00149689
0.00173098
0.00196657
0.00220012
0.00242916
0.00265206
0.00286784
0.003076
0.00327636
0.00346892
0.00365383
0.00383118
0.00400117
0.00416403
0.00431999
0.00446934
0.00461236
0.00474924
0.00488022
0.00500554
0.00512543
0.00524011
3.14591e-06
3.14324e-06
3.14244e-06
3.14289e-06
3.14417e-06
3.14576e-06
3.14691e-06
3.14795e-06
3.14874e-06
3.14919e-06
3.1494e-06
3.14938e-06
3.14897e-06
3.14865e-06
3.14848e-06
3.14846e-06
3.14894e-06
3.14989e-06
3.15108e-06
3.15248e-06
3.1541e-06
3.15593e-06
3.15796e-06
3.16019e-06
3.16261e-06
3.16521e-06
3.16798e-06
3.17089e-06
3.17392e-06
3.17709e-06
3.18042e-06
3.18402e-06
3.18811e-06
3.19313e-06
3.19989e-06
3.20986e-06
3.22561e-06
3.25185e-06
3.29672e-06
3.37434e-06
3.50906e-06
3.74314e-06
4.153e-06
4.88075e-06
6.21666e-06
8.76808e-06
1.38245e-05
2.40145e-05
4.37337e-05
7.75731e-05
0.000126798
0.000189882
0.000266837
0.000360177
0.000473012
0.000607335
0.000763423
0.000939724
0.00113342
0.00134136
0.0015595
0.00178379
0.00201043
0.00223644
0.00245939
0.00267792
0.00289074
0.00309718
0.00329689
0.00348971
0.00367571
0.00385498
0.00402757
0.00419361
0.00435327
0.00450673
0.00465421
3.14436e-06
3.1421e-06
3.1418e-06
3.14233e-06
3.14343e-06
3.1447e-06
3.14565e-06
3.14644e-06
3.14702e-06
3.14737e-06
3.14746e-06
3.14704e-06
3.14664e-06
3.14626e-06
3.14589e-06
3.14555e-06
3.14529e-06
3.14514e-06
3.14511e-06
3.14551e-06
3.14626e-06
3.1472e-06
3.14831e-06
3.14958e-06
3.15101e-06
3.15262e-06
3.1544e-06
3.15637e-06
3.15853e-06
3.16087e-06
3.1634e-06
3.16614e-06
3.16911e-06
3.17235e-06
3.17598e-06
3.18021e-06
3.18541e-06
3.19228e-06
3.20203e-06
3.2168e-06
3.24016e-06
3.27808e-06
3.34039e-06
3.44315e-06
3.61332e-06
3.89661e-06
4.37246e-06
5.18552e-06
6.60946e-06
9.18786e-06
1.40102e-05
2.31257e-05
3.98069e-05
6.76034e-05
0.000108025
0.00016027
0.00022345
0.000298696
0.0003884
0.000494882
0.000619507
0.000762518
0.000923016
0.00109937
0.00128877
0.00148965
0.00169826
0.00191169
0.00212719
0.00234234
0.00255547
0.00276536
0.00297074
0.00317091
0.00336544
0.00355406
0.00373671
3.14402e-06
3.14216e-06
3.1414e-06
3.1418e-06
3.14271e-06
3.14375e-06
3.14453e-06
3.14514e-06
3.14558e-06
3.14582e-06
3.14587e-06
3.14547e-06
3.14508e-06
3.14469e-06
3.1443e-06
3.14392e-06
3.14354e-06
3.14317e-06
3.14283e-06
3.14254e-06
3.14234e-06
3.14223e-06
3.14249e-06
3.14301e-06
3.14368e-06
3.14448e-06
3.14539e-06
3.14644e-06
3.14761e-06
3.14893e-06
3.15039e-06
3.15202e-06
3.15381e-06
3.15578e-06
3.15796e-06
3.16038e-06
3.16309e-06
3.1662e-06
3.16989e-06
3.17446e-06
3.18047e-06
3.1888e-06
3.20095e-06
3.21932e-06
3.24778e-06
3.29249e-06
3.36313e-06
3.475e-06
3.65235e-06
3.93454e-06
4.38734e-06
5.12448e-06
6.34915e-06
8.43318e-06
1.20688e-05
1.85319e-05
2.98859e-05
4.88043e-05
7.74811e-05
0.000116284
0.000164305
0.000221005
0.000287303
0.00036498
0.000455691
0.000560853
0.000681113
0.000816473
0.000966256
0.00112879
0.00130274
0.00148719
0.0016791
0.00187641
0.00207708
0.00227909
0.00248085
3.14475e-06
3.1433e-06
3.14169e-06
3.14093e-06
3.14128e-06
3.14206e-06
3.14292e-06
3.14356e-06
3.14403e-06
3.14436e-06
3.14455e-06
3.14463e-06
3.14427e-06
3.14392e-06
3.14357e-06
3.14323e-06
3.14287e-06
3.14251e-06
3.14214e-06
3.14177e-06
3.14139e-06
3.14103e-06
3.14068e-06
3.14037e-06
3.14012e-06
3.14009e-06
3.14031e-06
3.14067e-06
3.14112e-06
3.14167e-06
3.14229e-06
3.14301e-06
3.14382e-06
3.14473e-06
3.14575e-06
3.14689e-06
3.14815e-06
3.14956e-06
3.15113e-06
3.1529e-06
3.15492e-06
3.15727e-06
3.16009e-06
3.1636e-06
3.16818e-06
3.17441e-06
3.18323e-06
3.19613e-06
3.21537e-06
3.24443e-06
3.28859e-06
3.35579e-06
3.4581e-06
3.61383e-06
3.85108e-06
4.21416e-06
4.77559e-06
5.65615e-06
7.06192e-06
9.35249e-06
1.31519e-05
1.95173e-05
3.00213e-05
4.66025e-05
7.08822e-05
0.000103243
0.000143127
0.000189844
0.000243588
0.000305355
0.000376397
0.000457882
0.000550841
0.000655821
0.000772961
0.000901974
0.00104187
0.00119156
3.14302e-06
3.14299e-06
3.14118e-06
3.14052e-06
3.14081e-06
3.14147e-06
3.14217e-06
3.14268e-06
3.14302e-06
3.14325e-06
3.1434e-06
3.14346e-06
3.14321e-06
3.14292e-06
3.14264e-06
3.14235e-06
3.14206e-06
3.14176e-06
3.14145e-06
3.14113e-06
3.1408e-06
3.14046e-06
3.14011e-06
3.13976e-06
3.13941e-06
3.13909e-06
3.1389e-06
3.13893e-06
3.13906e-06
3.13926e-06
3.13952e-06
3.13983e-06
3.1402e-06
3.14063e-06
3.14112e-06
3.14166e-06
3.14228e-06
3.14297e-06
3.14373e-06
3.14459e-06
3.14554e-06
3.14661e-06
3.14782e-06
3.14921e-06
3.15083e-06
3.15279e-06
3.15522e-06
3.15834e-06
3.16253e-06
3.16831e-06
3.1765e-06
3.18833e-06
3.20562e-06
3.23105e-06
3.26847e-06
3.3235e-06
3.4043e-06
3.52273e-06
3.69613e-06
3.95033e-06
4.32467e-06
4.88059e-06
5.71555e-06
6.98817e-06
8.95967e-06
1.2054e-05
1.69594e-05
2.46861e-05
3.65499e-05
5.38988e-05
7.75858e-05
0.000107586
0.000143312
0.000184358
0.000230779
0.000283181
0.000342377
0.000409171
3.14199e-06
3.14266e-06
3.14081e-06
3.14011e-06
3.14036e-06
3.14093e-06
3.14148e-06
3.14185e-06
3.14207e-06
3.14221e-06
3.14229e-06
3.14232e-06
3.14227e-06
3.14203e-06
3.14179e-06
3.14156e-06
3.14132e-06
3.14108e-06
3.14083e-06
3.14057e-06
3.14031e-06
3.14003e-06
3.13975e-06
3.13945e-06
3.13915e-06
3.13885e-06
3.13868e-06
3.13863e-06
3.13865e-06
3.13871e-06
3.13881e-06
3.13894e-06
3.13911e-06
3.13931e-06
3.13955e-06
3.13982e-06
3.14013e-06
3.14048e-06
3.14088e-06
3.14131e-06
3.14179e-06
3.14233e-06
3.14292e-06
3.14357e-06
3.1443e-06
3.14512e-06
3.14605e-06
3.14714e-06
3.14843e-06
3.15001e-06
3.15201e-06
3.15461e-06
3.15811e-06
3.16292e-06
3.16966e-06
3.17922e-06
3.19286e-06
3.21237e-06
3.24028e-06
3.28011e-06
3.33677e-06
3.41714e-06
3.53084e-06
3.6915e-06
3.91867e-06
4.24067e-06
4.69975e-06
5.35974e-06
6.3189e-06
7.73042e-06
9.83177e-06
1.29924e-05
1.7761e-05
2.49019e-05
3.53584e-05
5.00831e-05
6.97327e-05
9.4412e-05
3.14118e-06
3.14235e-06
3.14046e-06
3.13972e-06
3.13995e-06
3.1404e-06
3.1408e-06
3.14103e-06
3.14113e-06
3.14118e-06
3.14119e-06
3.14118e-06
3.14109e-06
3.14089e-06
3.14071e-06
3.14053e-06
3.14036e-06
3.14019e-06
3.14e-06
3.13982e-06
3.13962e-06
3.13942e-06
3.13921e-06
3.13899e-06
3.13877e-06
3.13854e-06
3.13844e-06
3.13843e-06
3.13844e-06
3.13849e-06
3.13855e-06
3.13864e-06
3.13875e-06
3.13888e-06
3.13903e-06
3.1392e-06
3.1394e-06
3.13962e-06
3.13986e-06
3.14013e-06
3.14042e-06
3.14075e-06
3.1411e-06
3.14148e-06
3.1419e-06
3.14235e-06
3.14284e-06
3.14338e-06
3.14398e-06
3.14464e-06
3.1454e-06
3.14627e-06
3.1473e-06
3.14856e-06
3.15015e-06
3.15219e-06
3.1549e-06
3.15856e-06
3.16359e-06
3.17054e-06
3.18021e-06
3.1937e-06
3.2125e-06
3.23862e-06
3.27482e-06
3.3248e-06
3.39356e-06
3.48791e-06
3.61712e-06
3.79399e-06
4.03632e-06
4.36925e-06
4.82893e-06
5.46812e-06
6.36467e-06
7.6344e-06
9.44868e-06
1.20622e-05
3.14057e-06
3.14202e-06
3.14e-06
3.13934e-06
3.13954e-06
3.13987e-06
3.14013e-06
3.14023e-06
3.14022e-06
3.14018e-06
3.14013e-06
3.14006e-06
3.13981e-06
3.13963e-06
3.13947e-06
3.13933e-06
3.1392e-06
3.13907e-06
3.13894e-06
3.13881e-06
3.13868e-06
3.13854e-06
3.13839e-06
3.13824e-06
3.13808e-06
3.13791e-06
3.13775e-06
3.13767e-06
3.13769e-06
3.13775e-06
3.13782e-06
3.13792e-06
3.13802e-06
3.13815e-06
3.13829e-06
3.13844e-06
3.13861e-06
3.1388e-06
3.139e-06
3.13922e-06
3.13945e-06
3.1397e-06
3.13997e-06
3.14026e-06
3.14057e-06
3.1409e-06
3.14125e-06
3.14162e-06
3.14202e-06
3.14244e-06
3.14289e-06
3.14338e-06
3.14391e-06
3.14449e-06
3.14514e-06
3.14587e-06
3.14672e-06
3.14773e-06
3.14897e-06
3.15052e-06
3.15251e-06
3.15513e-06
3.15861e-06
3.1633e-06
3.16964e-06
3.17826e-06
3.18998e-06
3.2059e-06
3.22747e-06
3.2566e-06
3.29581e-06
3.34842e-06
3.41876e-06
3.51259e-06
3.63755e-06
3.80385e-06
4.02529e-06
4.32068e-06
3.13985e-06
3.14164e-06
3.1395e-06
3.13896e-06
3.13912e-06
3.13933e-06
3.13946e-06
3.13946e-06
3.13937e-06
3.13927e-06
3.13916e-06
3.139e-06
3.13877e-06
3.13858e-06
3.13843e-06
3.13831e-06
3.1382e-06
3.1381e-06
3.13799e-06
3.13789e-06
3.13778e-06
3.13767e-06
3.13756e-06
3.13744e-06
3.13731e-06
3.13719e-06
3.13706e-06
3.13693e-06
3.13682e-06
3.13671e-06
3.13671e-06
3.13677e-06
3.13686e-06
3.13697e-06
3.13709e-06
3.13723e-06
3.13738e-06
3.13754e-06
3.13772e-06
3.13791e-06
3.13812e-06
3.13834e-06
3.13857e-06
3.13882e-06
3.13908e-06
3.13936e-06
3.13965e-06
3.13996e-06
3.14029e-06
3.14063e-06
3.14098e-06
3.14136e-06
3.14175e-06
3.14217e-06
3.14261e-06
3.14307e-06
3.14357e-06
3.1441e-06
3.14468e-06
3.14532e-06
3.14603e-06
3.14686e-06
3.14783e-06
3.149e-06
3.15044e-06
3.15225e-06
3.15457e-06
3.1576e-06
3.16156e-06
3.1668e-06
3.17375e-06
3.18297e-06
3.19521e-06
3.21142e-06
3.23285e-06
3.26108e-06
3.29816e-06
3.34669e-06
3.13919e-06
3.14121e-06
3.13899e-06
3.1386e-06
3.1387e-06
3.13879e-06
3.13881e-06
3.13874e-06
3.13861e-06
3.13847e-06
3.13831e-06
3.13805e-06
3.13783e-06
3.13765e-06
3.13752e-06
3.13741e-06
3.13732e-06
3.13723e-06
3.13715e-06
3.13707e-06
3.13699e-06
3.1369e-06
3.13681e-06
3.13672e-06
3.13662e-06
3.13652e-06
3.13641e-06
3.1363e-06
3.13619e-06
3.13609e-06
3.13598e-06
3.13589e-06
3.13581e-06
3.13576e-06
3.13582e-06
3.1359e-06
3.13601e-06
3.13613e-06
3.13626e-06
3.13641e-06
3.13658e-06
3.13675e-06
3.13694e-06
3.13714e-06
3.13736e-06
3.13759e-06
3.13783e-06
3.13808e-06
3.13835e-06
3.13863e-06
3.13893e-06
3.13923e-06
3.13956e-06
3.13989e-06
3.14025e-06
3.14061e-06
3.141e-06
3.1414e-06
3.14182e-06
3.14226e-06
3.14272e-06
3.14321e-06
3.14373e-06
3.14429e-06
3.14491e-06
3.14559e-06
3.14636e-06
3.14725e-06
3.1483e-06
3.14956e-06
3.1511e-06
3.15303e-06
3.15546e-06
3.15858e-06
3.16259e-06
3.16779e-06
3.17453e-06
3.18329e-06
3.13861e-06
3.14072e-06
3.13849e-06
3.13825e-06
3.13827e-06
3.13826e-06
3.13821e-06
3.13811e-06
3.13796e-06
3.13781e-06
3.13761e-06
3.13737e-06
3.13718e-06
3.13702e-06
3.13689e-06
3.13679e-06
3.13671e-06
3.13663e-06
3.13655e-06
3.13648e-06
3.13641e-06
3.13633e-06
3.13626e-06
3.13618e-06
3.1361e-06
3.13602e-06
3.13593e-06
3.13584e-06
3.13574e-06
3.13565e-06
3.13555e-06
3.13545e-06
3.13535e-06
3.13526e-06
3.13518e-06
3.1351e-06
3.13505e-06
3.13508e-06
3.13514e-06
3.13522e-06
3.13532e-06
3.13544e-06
3.13556e-06
3.1357e-06
3.13585e-06
3.13602e-06
3.13619e-06
3.13638e-06
3.13658e-06
3.13679e-06
3.13701e-06
3.13725e-06
3.13749e-06
3.13775e-06
3.13803e-06
3.13831e-06
3.13861e-06
3.13892e-06
3.13924e-06
3.13958e-06
3.13993e-06
3.1403e-06
3.14068e-06
3.14108e-06
3.14149e-06
3.14193e-06
3.14238e-06
3.14287e-06
3.14339e-06
3.14395e-06
3.14457e-06
3.14525e-06
3.14603e-06
3.14692e-06
3.14796e-06
3.14921e-06
3.15072e-06
3.15258e-06
3.13812e-06
3.14018e-06
3.13807e-06
3.13791e-06
3.13784e-06
3.13776e-06
3.13768e-06
3.13758e-06
3.13744e-06
3.1373e-06
3.13705e-06
3.13685e-06
3.13669e-06
3.13656e-06
3.13644e-06
3.13634e-06
3.13626e-06
3.13619e-06
3.13612e-06
3.13605e-06
3.13599e-06
3.13592e-06
3.13585e-06
3.13579e-06
3.13572e-06
3.13565e-06
3.13558e-06
3.1355e-06
3.13542e-06
3.13534e-06
3.13526e-06
3.13518e-06
3.13509e-06
3.13501e-06
3.13492e-06
3.13484e-06
3.13476e-06
3.13469e-06
3.13467e-06
3.1347e-06
3.13474e-06
3.13479e-06
3.13486e-06
3.13493e-06
3.13502e-06
3.13512e-06
3.13523e-06
3.13534e-06
3.13547e-06
3.13561e-06
3.13575e-06
3.13591e-06
3.13608e-06
3.13626e-06
3.13645e-06
3.13664e-06
3.13685e-06
3.13707e-06
3.1373e-06
3.13755e-06
3.1378e-06
3.13806e-06
3.13834e-06
3.13863e-06
3.13893e-06
3.13924e-06
3.13956e-06
3.1399e-06
3.14025e-06
3.14062e-06
3.141e-06
3.14141e-06
3.14183e-06
3.14229e-06
3.14277e-06
3.1433e-06
3.14387e-06
3.14451e-06
3.13771e-06
3.13958e-06
3.13784e-06
3.13758e-06
3.13742e-06
3.13731e-06
3.13723e-06
3.13715e-06
3.13704e-06
3.13691e-06
3.1367e-06
3.13653e-06
3.13638e-06
3.13627e-06
3.13616e-06
3.13608e-06
3.136e-06
3.13593e-06
3.13586e-06
3.1358e-06
3.13573e-06
3.13567e-06
3.13561e-06
3.13555e-06
3.13549e-06
3.13542e-06
3.13536e-06
3.13529e-06
3.13523e-06
3.13516e-06
3.1351e-06
3.13503e-06
3.13496e-06
3.13489e-06
3.13483e-06
3.13479e-06
3.13478e-06
3.13478e-06
3.13479e-06
3.1348e-06
3.13482e-06
3.13484e-06
3.13488e-06
3.13492e-06
3.13496e-06
3.13501e-06
3.13507e-06
3.13514e-06
3.13521e-06
3.13529e-06
3.13538e-06
3.13548e-06
3.13558e-06
3.13569e-06
3.13581e-06
3.13593e-06
3.13607e-06
3.13621e-06
3.13636e-06
3.13652e-06
3.13668e-06
3.13686e-06
3.13704e-06
3.13724e-06
3.13744e-06
3.13765e-06
3.13787e-06
3.1381e-06
3.13834e-06
3.13859e-06
3.13885e-06
3.13912e-06
3.1394e-06
3.13969e-06
3.14e-06
3.14031e-06
3.14065e-06
3.14099e-06
3.13738e-06
3.13895e-06
3.13752e-06
3.13722e-06
3.13702e-06
3.13692e-06
3.13687e-06
3.13681e-06
3.13672e-06
3.13662e-06
3.13643e-06
3.13628e-06
3.13615e-06
3.13605e-06
3.13596e-06
3.13588e-06
3.13581e-06
3.13574e-06
3.13568e-06
3.13563e-06
3.13557e-06
3.13551e-06
3.13546e-06
3.13541e-06
3.13535e-06
3.1353e-06
3.13525e-06
3.13519e-06
3.13514e-06
3.13509e-06
3.13504e-06
3.13503e-06
3.13503e-06
3.13503e-06
3.13503e-06
3.13504e-06
3.13505e-06
3.13506e-06
3.13508e-06
3.1351e-06
3.13512e-06
3.13515e-06
3.13518e-06
3.13521e-06
3.13525e-06
3.13529e-06
3.13533e-06
3.13538e-06
3.13544e-06
3.13549e-06
3.13556e-06
3.13562e-06
3.13569e-06
3.13577e-06
3.13585e-06
3.13594e-06
3.13603e-06
3.13613e-06
3.13623e-06
3.13634e-06
3.13645e-06
3.13657e-06
3.13669e-06
3.13682e-06
3.13696e-06
3.1371e-06
3.13725e-06
3.1374e-06
3.13757e-06
3.13773e-06
3.13791e-06
3.13809e-06
3.13828e-06
3.13847e-06
3.13867e-06
3.13888e-06
3.1391e-06
3.13932e-06
3.1371e-06
3.1383e-06
3.13718e-06
3.13686e-06
3.13668e-06
3.13661e-06
3.13659e-06
3.13655e-06
3.13648e-06
3.13638e-06
3.13621e-06
3.13608e-06
3.13597e-06
3.13588e-06
3.1358e-06
3.13573e-06
3.13567e-06
3.13561e-06
3.13556e-06
3.13551e-06
3.13546e-06
3.13541e-06
3.13536e-06
3.13532e-06
3.13527e-06
3.13523e-06
3.13519e-06
3.13514e-06
3.13513e-06
3.13512e-06
3.13513e-06
3.13513e-06
3.13514e-06
3.13516e-06
3.13517e-06
3.13519e-06
3.13522e-06
3.13524e-06
3.13527e-06
3.1353e-06
3.13534e-06
3.13537e-06
3.13541e-06
3.13545e-06
3.1355e-06
3.13555e-06
3.1356e-06
3.13565e-06
3.1357e-06
3.13576e-06
3.13582e-06
3.13589e-06
3.13596e-06
3.13603e-06
3.1361e-06
3.13618e-06
3.13626e-06
3.13634e-06
3.13643e-06
3.13652e-06
3.13661e-06
3.13671e-06
3.13681e-06
3.13691e-06
3.13702e-06
3.13713e-06
3.13724e-06
3.13736e-06
3.13748e-06
3.13761e-06
3.13773e-06
3.13787e-06
3.138e-06
3.13814e-06
3.13829e-06
3.13844e-06
3.13859e-06
3.13875e-06
3.13687e-06
3.13767e-06
3.13685e-06
3.13655e-06
3.1364e-06
3.13637e-06
3.13638e-06
3.13635e-06
3.13628e-06
3.13618e-06
3.13603e-06
3.13592e-06
3.13583e-06
3.13575e-06
3.13569e-06
3.13563e-06
3.13558e-06
3.13553e-06
3.13548e-06
3.13544e-06
3.13539e-06
3.13535e-06
3.13531e-06
3.13527e-06
3.13524e-06
3.1352e-06
3.13516e-06
3.13515e-06
3.13515e-06
3.13515e-06
3.13516e-06
3.13517e-06
3.13519e-06
3.13521e-06
3.13523e-06
3.13525e-06
3.13528e-06
3.13531e-06
3.13534e-06
3.13538e-06
3.13542e-06
3.13546e-06
3.13551e-06
3.13556e-06
3.13561e-06
3.13566e-06
3.13571e-06
3.13577e-06
3.13583e-06
3.1359e-06
3.13596e-06
3.13603e-06
3.1361e-06
3.13618e-06
3.13625e-06
3.13633e-06
3.13641e-06
3.1365e-06
3.13658e-06
3.13667e-06
3.13676e-06
3.13685e-06
3.13695e-06
3.13705e-06
3.13715e-06
3.13725e-06
3.13735e-06
3.13746e-06
3.13757e-06
3.13768e-06
3.13779e-06
3.13791e-06
3.13802e-06
3.13814e-06
3.13826e-06
3.13839e-06
3.13851e-06
3.13864e-06
3.13665e-06
3.13709e-06
3.13653e-06
3.1363e-06
3.1362e-06
3.13619e-06
3.1362e-06
3.13618e-06
3.13611e-06
3.13601e-06
3.13589e-06
3.1358e-06
3.13574e-06
3.13568e-06
3.13564e-06
3.13559e-06
3.13555e-06
3.13552e-06
3.13548e-06
3.13544e-06
3.1354e-06
3.13537e-06
3.13533e-06
3.1353e-06
3.13526e-06
3.13523e-06
3.1352e-06
3.13518e-06
3.13518e-06
3.13519e-06
3.13519e-06
3.1352e-06
3.13522e-06
3.13523e-06
3.13525e-06
3.13528e-06
3.1353e-06
3.13533e-06
3.13536e-06
3.1354e-06
3.13544e-06
3.13548e-06
3.13552e-06
3.13557e-06
3.13561e-06
3.13567e-06
3.13572e-06
3.13578e-06
3.13584e-06
3.1359e-06
3.13597e-06
3.13603e-06
3.1361e-06
3.13618e-06
3.13625e-06
3.13633e-06
3.13641e-06
3.13649e-06
3.13658e-06
3.13667e-06
3.13676e-06
3.13685e-06
3.13694e-06
3.13704e-06
3.13713e-06
3.13723e-06
3.13734e-06
3.13744e-06
3.13754e-06
3.13765e-06
3.13776e-06
3.13787e-06
3.13798e-06
3.13809e-06
3.1382e-06
3.13831e-06
3.13843e-06
3.13854e-06
3.13644e-06
3.13658e-06
3.13627e-06
3.13611e-06
3.13604e-06
3.13605e-06
3.13606e-06
3.13604e-06
3.13598e-06
3.13587e-06
3.13579e-06
3.13575e-06
3.13572e-06
3.13569e-06
3.13567e-06
3.13565e-06
3.13562e-06
3.1356e-06
3.13557e-06
3.13554e-06
3.13551e-06
3.13548e-06
3.13545e-06
3.13542e-06
3.13539e-06
3.13536e-06
3.13533e-06
3.1353e-06
3.13529e-06
3.13529e-06
3.13529e-06
3.1353e-06
3.13531e-06
3.13532e-06
3.13533e-06
3.13535e-06
3.13537e-06
3.13539e-06
3.13541e-06
3.13544e-06
3.13547e-06
3.1355e-06
3.13554e-06
3.13558e-06
3.13562e-06
3.13566e-06
3.13571e-06
3.13576e-06
3.13581e-06
3.13587e-06
3.13592e-06
3.13599e-06
3.13605e-06
3.13611e-06
3.13618e-06
3.13625e-06
3.13633e-06
3.1364e-06
3.13648e-06
3.13656e-06
3.13664e-06
3.13673e-06
3.13681e-06
3.1369e-06
3.13699e-06
3.13709e-06
3.13718e-06
3.13728e-06
3.13738e-06
3.13747e-06
3.13758e-06
3.13768e-06
3.13778e-06
3.13788e-06
3.13799e-06
3.13809e-06
3.1382e-06
3.1383e-06
3.13623e-06
3.13618e-06
3.13607e-06
3.13599e-06
3.13593e-06
3.13594e-06
3.13595e-06
3.13592e-06
3.13588e-06
3.13581e-06
3.13579e-06
3.13579e-06
3.1358e-06
3.1358e-06
3.13581e-06
3.1358e-06
3.13579e-06
3.13578e-06
3.13576e-06
3.13574e-06
3.13572e-06
3.13569e-06
3.13567e-06
3.13564e-06
3.13561e-06
3.13558e-06
3.13555e-06
3.13552e-06
3.1355e-06
3.13549e-06
3.13548e-06
3.13548e-06
3.13548e-06
3.13549e-06
3.13549e-06
3.1355e-06
3.13551e-06
3.13553e-06
3.13554e-06
3.13556e-06
3.13558e-06
3.1356e-06
3.13563e-06
3.13566e-06
3.13569e-06
3.13572e-06
3.13576e-06
3.1358e-06
3.13584e-06
3.13588e-06
3.13593e-06
3.13598e-06
3.13603e-06
3.13608e-06
3.13614e-06
3.1362e-06
3.13626e-06
3.13632e-06
3.13639e-06
3.13646e-06
3.13653e-06
3.1366e-06
3.13667e-06
3.13675e-06
3.13683e-06
3.13691e-06
3.13699e-06
3.13707e-06
3.13716e-06
3.13725e-06
3.13733e-06
3.13742e-06
3.13751e-06
3.1376e-06
3.13769e-06
3.13779e-06
3.13788e-06
3.13797e-06
3.13593e-06
3.13597e-06
3.13591e-06
3.13586e-06
3.13585e-06
3.13586e-06
3.13584e-06
3.13581e-06
3.13581e-06
3.13586e-06
3.13592e-06
3.13596e-06
3.136e-06
3.13603e-06
3.13604e-06
3.13603e-06
3.13602e-06
3.13601e-06
3.136e-06
3.13598e-06
3.13597e-06
3.13595e-06
3.13592e-06
3.1359e-06
3.13587e-06
3.13585e-06
3.13582e-06
3.13579e-06
3.13577e-06
3.13575e-06
3.13574e-06
3.13573e-06
3.13573e-06
3.13573e-06
3.13573e-06
3.13573e-06
3.13574e-06
3.13574e-06
3.13575e-06
3.13576e-06
3.13578e-06
3.13579e-06
3.13581e-06
3.13583e-06
3.13585e-06
3.13588e-06
3.13591e-06
3.13594e-06
3.13597e-06
3.136e-06
3.13604e-06
3.13608e-06
3.13612e-06
3.13616e-06
3.13621e-06
3.13625e-06
3.1363e-06
3.13636e-06
3.13641e-06
3.13647e-06
3.13652e-06
3.13658e-06
3.13665e-06
3.13671e-06
3.13677e-06
3.13684e-06
3.13691e-06
3.13698e-06
3.13705e-06
3.13712e-06
3.13719e-06
3.13726e-06
3.13734e-06
3.13741e-06
3.13749e-06
3.13756e-06
3.13764e-06
3.13581e-06
3.13603e-06
3.13588e-06
3.1358e-06
3.13579e-06
3.13579e-06
3.1358e-06
3.13581e-06
3.13588e-06
3.13596e-06
3.13603e-06
3.13609e-06
3.13614e-06
3.13618e-06
3.13621e-06
3.13623e-06
3.13624e-06
3.13625e-06
3.13626e-06
3.13626e-06
3.13624e-06
3.13624e-06
3.13622e-06
3.1362e-06
3.13618e-06
3.13615e-06
3.13613e-06
3.13611e-06
3.13608e-06
3.13606e-06
3.13603e-06
3.13601e-06
3.136e-06
3.13599e-06
3.13598e-06
3.13598e-06
3.13598e-06
3.13598e-06
3.13598e-06
3.13598e-06
3.13599e-06
3.136e-06
3.136e-06
3.13602e-06
3.13603e-06
3.13605e-06
3.13606e-06
3.13608e-06
3.1361e-06
3.13613e-06
3.13615e-06
3.13618e-06
3.13621e-06
3.13624e-06
3.13628e-06
3.13631e-06
3.13635e-06
3.13639e-06
3.13643e-06
3.13647e-06
3.13651e-06
3.13656e-06
3.13661e-06
3.13666e-06
3.13671e-06
3.13676e-06
3.13681e-06
3.13686e-06
3.13692e-06
3.13697e-06
3.13703e-06
3.13708e-06
3.13714e-06
3.13719e-06
3.13725e-06
3.13731e-06
3.13736e-06
3.13575e-06
3.13603e-06
3.13581e-06
3.13575e-06
3.13574e-06
3.13576e-06
3.13579e-06
3.13588e-06
3.13597e-06
3.13606e-06
3.13614e-06
3.1362e-06
3.13626e-06
3.1363e-06
3.13634e-06
3.13637e-06
3.13639e-06
3.13641e-06
3.13643e-06
3.13644e-06
3.13645e-06
3.13645e-06
3.13646e-06
3.13646e-06
3.13646e-06
3.13646e-06
3.13645e-06
3.13644e-06
3.13643e-06
3.1364e-06
3.13638e-06
3.13636e-06
3.13633e-06
3.13631e-06
3.13629e-06
3.13627e-06
3.13626e-06
3.13626e-06
3.13625e-06
3.13625e-06
3.13624e-06
3.13624e-06
3.13624e-06
3.13625e-06
3.13625e-06
3.13626e-06
3.13626e-06
3.13627e-06
3.13629e-06
3.1363e-06
3.13631e-06
3.13633e-06
3.13635e-06
3.13637e-06
3.13639e-06
3.13641e-06
3.13644e-06
3.13647e-06
3.1365e-06
3.13652e-06
3.13656e-06
3.13659e-06
3.13662e-06
3.13666e-06
3.13669e-06
3.13673e-06
3.13676e-06
3.1368e-06
3.13684e-06
3.13688e-06
3.13692e-06
3.13696e-06
3.137e-06
3.13704e-06
3.13708e-06
3.13712e-06
3.13716e-06
3.13573e-06
3.13598e-06
3.13577e-06
3.13572e-06
3.13573e-06
3.13577e-06
3.13586e-06
3.13595e-06
3.13605e-06
3.13614e-06
3.13622e-06
3.13629e-06
3.13635e-06
3.1364e-06
3.13645e-06
3.13649e-06
3.13652e-06
3.13654e-06
3.13657e-06
3.13659e-06
3.1366e-06
3.13662e-06
3.13663e-06
3.13664e-06
3.13664e-06
3.13665e-06
3.13665e-06
3.13665e-06
3.13665e-06
3.13665e-06
3.13665e-06
3.13664e-06
3.13663e-06
3.13662e-06
3.1366e-06
3.13657e-06
3.13655e-06
3.13653e-06
3.13652e-06
3.1365e-06
3.1365e-06
3.13649e-06
3.13649e-06
3.13648e-06
3.13648e-06
3.13648e-06
3.13648e-06
3.13648e-06
3.13649e-06
3.13649e-06
3.1365e-06
3.13651e-06
3.13652e-06
3.13653e-06
3.13654e-06
3.13655e-06
3.13657e-06
3.13658e-06
3.1366e-06
3.13662e-06
3.13664e-06
3.13666e-06
3.13668e-06
3.1367e-06
3.13672e-06
3.13675e-06
3.13677e-06
3.13679e-06
3.13682e-06
3.13684e-06
3.13686e-06
3.13689e-06
3.13691e-06
3.13694e-06
3.13696e-06
3.13699e-06
3.13702e-06
3.1357e-06
3.13591e-06
3.13577e-06
3.13575e-06
3.13577e-06
3.13583e-06
3.13591e-06
3.136e-06
3.1361e-06
3.13619e-06
3.13628e-06
3.13636e-06
3.13642e-06
3.13648e-06
3.13653e-06
3.13658e-06
3.13662e-06
3.13665e-06
3.13668e-06
3.13671e-06
3.13674e-06
3.13676e-06
3.13677e-06
3.13679e-06
3.1368e-06
3.13682e-06
3.13683e-06
3.13683e-06
3.13684e-06
3.13685e-06
3.13685e-06
3.13685e-06
3.13685e-06
3.13685e-06
3.13685e-06
3.13684e-06
3.13683e-06
3.13682e-06
3.13681e-06
3.13679e-06
3.13677e-06
3.13676e-06
3.13674e-06
3.13673e-06
3.13672e-06
3.13671e-06
3.13671e-06
3.1367e-06
3.1367e-06
3.1367e-06
3.1367e-06
3.1367e-06
3.1367e-06
3.1367e-06
3.13671e-06
3.13671e-06
3.13672e-06
3.13672e-06
3.13673e-06
3.13674e-06
3.13675e-06
3.13676e-06
3.13677e-06
3.13678e-06
3.13679e-06
3.1368e-06
3.13681e-06
3.13682e-06
3.13683e-06
3.13684e-06
3.13686e-06
3.13687e-06
3.13688e-06
3.13689e-06
3.13691e-06
3.13692e-06
3.13693e-06
3.13565e-06
3.13582e-06
3.13572e-06
3.13572e-06
3.13576e-06
3.13583e-06
3.13592e-06
3.13602e-06
3.13612e-06
3.13622e-06
3.13631e-06
3.13639e-06
3.13647e-06
3.13654e-06
3.1366e-06
3.13665e-06
3.1367e-06
3.13674e-06
3.13678e-06
3.13682e-06
3.13685e-06
3.13688e-06
3.13691e-06
3.13693e-06
3.13695e-06
3.13697e-06
3.13699e-06
3.137e-06
3.13701e-06
3.13702e-06
3.13703e-06
3.13704e-06
3.13705e-06
3.13705e-06
3.13706e-06
3.13706e-06
3.13706e-06
3.13706e-06
3.13706e-06
3.13705e-06
3.13705e-06
3.13704e-06
3.13703e-06
3.13702e-06
3.13701e-06
3.13699e-06
3.13698e-06
3.13696e-06
3.13695e-06
3.13694e-06
3.13693e-06
3.13692e-06
3.13691e-06
3.13691e-06
3.1369e-06
3.1369e-06
3.13689e-06
3.13689e-06
3.13689e-06
3.13689e-06
3.13689e-06
3.13689e-06
3.13689e-06
3.13689e-06
3.13689e-06
3.13689e-06
3.13689e-06
3.13689e-06
3.13689e-06
3.13689e-06
3.13689e-06
3.13689e-06
3.1369e-06
3.1369e-06
3.1369e-06
3.13691e-06
3.13691e-06
3.13558e-06
3.13572e-06
3.13565e-06
3.13567e-06
3.13573e-06
3.13581e-06
3.1359e-06
3.13601e-06
3.13612e-06
3.13622e-06
3.13632e-06
3.13641e-06
3.13649e-06
3.13657e-06
3.13664e-06
3.1367e-06
3.13676e-06
3.13682e-06
3.13686e-06
3.13691e-06
3.13695e-06
3.13699e-06
3.13702e-06
3.13705e-06
3.13708e-06
3.13711e-06
3.13713e-06
3.13715e-06
3.13717e-06
3.13719e-06
3.13721e-06
3.13722e-06
3.13724e-06
3.13725e-06
3.13726e-06
3.13727e-06
3.13728e-06
3.13728e-06
3.13729e-06
3.13729e-06
3.13729e-06
3.13729e-06
3.13729e-06
3.13729e-06
3.13729e-06
3.13728e-06
3.13728e-06
3.13727e-06
3.13727e-06
3.13726e-06
3.13725e-06
3.13724e-06
3.13723e-06
3.13722e-06
3.13721e-06
3.1372e-06
3.13719e-06
3.13718e-06
3.13717e-06
3.13715e-06
3.13714e-06
3.13713e-06
3.13712e-06
3.13711e-06
3.1371e-06
3.13709e-06
3.13708e-06
3.13707e-06
3.13706e-06
3.13706e-06
3.13705e-06
3.13704e-06
3.13703e-06
3.13702e-06
3.13701e-06
3.137e-06
3.13699e-06
3.13548e-06
3.1356e-06
3.13556e-06
3.1356e-06
3.13567e-06
3.13576e-06
3.13586e-06
3.13597e-06
3.13608e-06
3.1362e-06
3.1363e-06
3.1364e-06
3.13649e-06
3.13658e-06
3.13666e-06
3.13673e-06
3.1368e-06
3.13686e-06
3.13692e-06
3.13698e-06
3.13703e-06
3.13707e-06
3.13712e-06
3.13716e-06
3.13719e-06
3.13723e-06
3.13726e-06
3.13729e-06
3.13732e-06
3.13735e-06
3.13737e-06
3.13739e-06
3.13741e-06
3.13743e-06
3.13745e-06
3.13747e-06
3.13748e-06
3.13749e-06
3.13751e-06
3.13752e-06
3.13753e-06
3.13753e-06
3.13754e-06
3.13755e-06
3.13755e-06
3.13756e-06
3.13756e-06
3.13756e-06
3.13756e-06
3.13756e-06
3.13756e-06
3.13756e-06
3.13756e-06
3.13756e-06
3.13756e-06
3.13755e-06
3.13755e-06
3.13755e-06
3.13754e-06
3.13754e-06
3.13753e-06
3.13753e-06
3.13752e-06
3.13751e-06
3.13751e-06
3.1375e-06
3.13749e-06
3.13748e-06
3.13748e-06
3.13747e-06
3.13746e-06
3.13745e-06
3.13744e-06
3.13743e-06
3.13742e-06
3.1374e-06
3.13739e-06
3.13536e-06
3.13546e-06
3.13544e-06
3.1355e-06
3.13558e-06
3.13568e-06
3.13579e-06
3.13591e-06
3.13603e-06
3.13614e-06
3.13626e-06
3.13636e-06
3.13647e-06
3.13656e-06
3.13665e-06
3.13673e-06
3.13681e-06
3.13688e-06
3.13695e-06
3.13702e-06
3.13708e-06
3.13713e-06
3.13719e-06
3.13724e-06
3.13728e-06
3.13733e-06
3.13737e-06
3.13741e-06
3.13745e-06
3.13748e-06
3.13751e-06
3.13754e-06
3.13757e-06
3.1376e-06
3.13763e-06
3.13765e-06
3.13767e-06
3.13769e-06
3.13771e-06
3.13773e-06
3.13775e-06
3.13776e-06
3.13778e-06
3.13779e-06
3.13781e-06
3.13782e-06
3.13783e-06
3.13784e-06
3.13785e-06
3.13786e-06
3.13787e-06
3.13787e-06
3.13788e-06
3.13789e-06
3.13789e-06
3.1379e-06
3.1379e-06
3.13791e-06
3.13791e-06
3.13791e-06
3.13792e-06
3.13792e-06
3.13792e-06
3.13792e-06
3.13792e-06
3.13792e-06
3.13792e-06
3.13792e-06
3.13792e-06
3.13791e-06
3.13791e-06
3.1379e-06
3.1379e-06
3.13789e-06
3.13788e-06
3.13787e-06
3.13786e-06
3.1352e-06
3.1353e-06
3.1353e-06
3.13538e-06
3.13547e-06
3.13557e-06
3.13569e-06
3.13581e-06
3.13594e-06
3.13606e-06
3.13618e-06
3.1363e-06
3.13641e-06
3.13651e-06
3.13661e-06
3.1367e-06
3.13679e-06
3.13687e-06
3.13695e-06
3.13703e-06
3.1371e-06
3.13716e-06
3.13723e-06
3.13729e-06
3.13734e-06
3.1374e-06
3.13745e-06
3.1375e-06
3.13754e-06
3.13759e-06
3.13763e-06
3.13767e-06
3.13771e-06
3.13774e-06
3.13778e-06
3.13781e-06
3.13784e-06
3.13787e-06
3.1379e-06
3.13793e-06
3.13795e-06
3.13798e-06
3.138e-06
3.13802e-06
3.13804e-06
3.13806e-06
3.13808e-06
3.1381e-06
3.13812e-06
3.13814e-06
3.13816e-06
3.13817e-06
3.13819e-06
3.1382e-06
3.13821e-06
3.13823e-06
3.13824e-06
3.13825e-06
3.13826e-06
3.13827e-06
3.13828e-06
3.13829e-06
3.1383e-06
3.13831e-06
3.13832e-06
3.13832e-06
3.13833e-06
3.13833e-06
3.13834e-06
3.13834e-06
3.13834e-06
3.13834e-06
3.13834e-06
3.13834e-06
3.13833e-06
3.13833e-06
3.13832e-06
3.13502e-06
3.13511e-06
3.13514e-06
3.13522e-06
3.13532e-06
3.13543e-06
3.13555e-06
3.13568e-06
3.13581e-06
3.13595e-06
3.13607e-06
3.1362e-06
3.13631e-06
3.13643e-06
3.13653e-06
3.13664e-06
3.13673e-06
3.13683e-06
3.13691e-06
3.137e-06
3.13708e-06
3.13715e-06
3.13723e-06
3.1373e-06
3.13736e-06
3.13743e-06
3.13749e-06
3.13755e-06
3.1376e-06
3.13766e-06
3.13771e-06
3.13776e-06
3.13781e-06
3.13785e-06
3.1379e-06
3.13794e-06
3.13798e-06
3.13802e-06
3.13806e-06
3.13809e-06
3.13813e-06
3.13816e-06
3.13819e-06
3.13823e-06
3.13826e-06
3.13829e-06
3.13831e-06
3.13834e-06
3.13837e-06
3.13839e-06
3.13842e-06
3.13844e-06
3.13847e-06
3.13849e-06
3.13851e-06
3.13853e-06
3.13855e-06
3.13857e-06
3.13859e-06
3.13861e-06
3.13862e-06
3.13864e-06
3.13865e-06
3.13867e-06
3.13868e-06
3.13869e-06
3.13871e-06
3.13872e-06
3.13873e-06
3.13873e-06
3.13874e-06
3.13875e-06
3.13875e-06
3.13876e-06
3.13876e-06
3.13877e-06
3.13877e-06
3.1348e-06
3.13488e-06
3.13493e-06
3.13503e-06
3.13513e-06
3.13525e-06
3.13538e-06
3.13552e-06
3.13566e-06
3.13579e-06
3.13593e-06
3.13606e-06
3.13618e-06
3.1363e-06
3.13642e-06
3.13653e-06
3.13663e-06
3.13674e-06
3.13683e-06
3.13693e-06
3.13702e-06
3.1371e-06
3.13719e-06
3.13727e-06
3.13734e-06
3.13742e-06
3.13749e-06
3.13756e-06
3.13762e-06
3.13769e-06
3.13775e-06
3.13781e-06
3.13786e-06
3.13792e-06
3.13797e-06
3.13803e-06
3.13808e-06
3.13813e-06
3.13817e-06
3.13822e-06
3.13826e-06
3.13831e-06
3.13835e-06
3.13839e-06
3.13843e-06
3.13847e-06
3.1385e-06
3.13854e-06
3.13857e-06
3.13861e-06
3.13864e-06
3.13867e-06
3.1387e-06
3.13873e-06
3.13876e-06
3.13879e-06
3.13882e-06
3.13885e-06
3.13887e-06
3.1389e-06
3.13892e-06
3.13894e-06
3.13896e-06
3.13898e-06
3.139e-06
3.13902e-06
3.13904e-06
3.13906e-06
3.13908e-06
3.13909e-06
3.13911e-06
3.13912e-06
3.13913e-06
3.13914e-06
3.13916e-06
3.13917e-06
3.13918e-06
3.13455e-06
3.13463e-06
3.13469e-06
3.1348e-06
3.13491e-06
3.13504e-06
3.13517e-06
3.13531e-06
3.13546e-06
3.1356e-06
3.13574e-06
3.13587e-06
3.136e-06
3.13613e-06
3.13625e-06
3.13637e-06
3.13649e-06
3.1366e-06
3.1367e-06
3.13681e-06
3.13691e-06
3.137e-06
3.1371e-06
3.13718e-06
3.13727e-06
3.13735e-06
3.13743e-06
3.13751e-06
3.13759e-06
3.13766e-06
3.13773e-06
3.1378e-06
3.13786e-06
3.13793e-06
3.13799e-06
3.13805e-06
3.13811e-06
3.13817e-06
3.13823e-06
3.13828e-06
3.13834e-06
3.13839e-06
3.13844e-06
3.13849e-06
3.13854e-06
3.13858e-06
3.13863e-06
3.13867e-06
3.13872e-06
3.13876e-06
3.1388e-06
3.13884e-06
3.13888e-06
3.13891e-06
3.13895e-06
3.13899e-06
3.13902e-06
3.13905e-06
3.13909e-06
3.13912e-06
3.13915e-06
3.13918e-06
3.13921e-06
3.13924e-06
3.13927e-06
3.13929e-06
3.13932e-06
3.13934e-06
3.13937e-06
3.13939e-06
3.13941e-06
3.13943e-06
3.13945e-06
3.13947e-06
3.13949e-06
3.13951e-06
3.13953e-06
3.13425e-06
3.13434e-06
3.13442e-06
3.13453e-06
3.13465e-06
3.13478e-06
3.13492e-06
3.13507e-06
3.13521e-06
3.13536e-06
3.1355e-06
3.13564e-06
3.13578e-06
3.13591e-06
3.13604e-06
3.13617e-06
3.13629e-06
3.1364e-06
3.13652e-06
3.13663e-06
3.13674e-06
3.13684e-06
3.13694e-06
3.13704e-06
3.13713e-06
3.13722e-06
3.13731e-06
3.1374e-06
3.13748e-06
3.13756e-06
3.13764e-06
3.13772e-06
3.13779e-06
3.13786e-06
3.13793e-06
3.138e-06
3.13807e-06
3.13814e-06
3.1382e-06
3.13826e-06
3.13832e-06
3.13838e-06
3.13844e-06
3.1385e-06
3.13856e-06
3.13861e-06
3.13866e-06
3.13872e-06
3.13877e-06
3.13882e-06
3.13887e-06
3.13891e-06
3.13896e-06
3.13901e-06
3.13905e-06
3.13909e-06
3.13914e-06
3.13918e-06
3.13922e-06
3.13926e-06
3.1393e-06
3.13933e-06
3.13937e-06
3.13941e-06
3.13944e-06
3.13948e-06
3.13951e-06
3.13954e-06
3.13958e-06
3.13961e-06
3.13964e-06
3.13967e-06
3.1397e-06
3.13973e-06
3.13976e-06
3.13978e-06
3.13981e-06
3.13391e-06
3.134e-06
3.13409e-06
3.13421e-06
3.13434e-06
3.13447e-06
3.13462e-06
3.13477e-06
3.13492e-06
3.13506e-06
3.13521e-06
3.13535e-06
3.1355e-06
3.13563e-06
3.13577e-06
3.1359e-06
3.13602e-06
3.13615e-06
3.13627e-06
3.13638e-06
3.13649e-06
3.1366e-06
3.13671e-06
3.13681e-06
3.13691e-06
3.13701e-06
3.13711e-06
3.1372e-06
3.13729e-06
3.13738e-06
3.13746e-06
3.13755e-06
3.13763e-06
3.13771e-06
3.13779e-06
3.13786e-06
3.13794e-06
3.13801e-06
3.13808e-06
3.13815e-06
3.13822e-06
3.13829e-06
3.13835e-06
3.13841e-06
3.13848e-06
3.13854e-06
3.1386e-06
3.13866e-06
3.13872e-06
3.13878e-06
3.13883e-06
3.13889e-06
3.13894e-06
3.139e-06
3.13905e-06
3.1391e-06
3.13915e-06
3.1392e-06
3.13925e-06
3.1393e-06
3.13934e-06
3.13939e-06
3.13944e-06
3.13948e-06
3.13952e-06
3.13957e-06
3.13961e-06
3.13965e-06
3.1397e-06
3.13974e-06
3.13978e-06
3.13982e-06
3.13985e-06
3.13989e-06
3.13993e-06
3.13997e-06
3.14e-06
3.13351e-06
3.13361e-06
3.13372e-06
3.13384e-06
3.13397e-06
3.13411e-06
3.13426e-06
3.13441e-06
3.13456e-06
3.13471e-06
3.13486e-06
3.13501e-06
3.13515e-06
3.13529e-06
3.13542e-06
3.13556e-06
3.13568e-06
3.13581e-06
3.13593e-06
3.13605e-06
3.13617e-06
3.13628e-06
3.13639e-06
3.1365e-06
3.13661e-06
3.13671e-06
3.13681e-06
3.13691e-06
3.137e-06
3.1371e-06
3.13719e-06
3.13728e-06
3.13737e-06
3.13745e-06
3.13753e-06
3.13762e-06
3.1377e-06
3.13777e-06
3.13785e-06
3.13793e-06
3.138e-06
3.13808e-06
3.13815e-06
3.13822e-06
3.13829e-06
3.13836e-06
3.13842e-06
3.13849e-06
3.13856e-06
3.13862e-06
3.13869e-06
3.13875e-06
3.13881e-06
3.13887e-06
3.13893e-06
3.13899e-06
3.13905e-06
3.13911e-06
3.13917e-06
3.13923e-06
3.13928e-06
3.13934e-06
3.13939e-06
3.13945e-06
3.1395e-06
3.13956e-06
3.13961e-06
3.13966e-06
3.13971e-06
3.13976e-06
3.13981e-06
3.13986e-06
3.13991e-06
3.13996e-06
3.14001e-06
3.14006e-06
3.14011e-06
3.13307e-06
3.13317e-06
3.13328e-06
3.13341e-06
3.13355e-06
3.13369e-06
3.13384e-06
3.13399e-06
3.13414e-06
3.13429e-06
3.13444e-06
3.13458e-06
3.13473e-06
3.13486e-06
3.135e-06
3.13513e-06
3.13526e-06
3.13539e-06
3.13551e-06
3.13563e-06
3.13575e-06
3.13587e-06
3.13598e-06
3.13609e-06
3.1362e-06
3.13631e-06
3.13641e-06
3.13651e-06
3.13661e-06
3.13671e-06
3.1368e-06
3.13689e-06
3.13698e-06
3.13707e-06
3.13716e-06
3.13725e-06
3.13733e-06
3.13742e-06
3.1375e-06
3.13758e-06
3.13766e-06
3.13774e-06
3.13782e-06
3.1379e-06
3.13797e-06
3.13805e-06
3.13812e-06
3.1382e-06
3.13827e-06
3.13834e-06
3.13841e-06
3.13849e-06
3.13856e-06
3.13863e-06
3.1387e-06
3.13877e-06
3.13884e-06
3.1389e-06
3.13897e-06
3.13904e-06
3.13911e-06
3.13917e-06
3.13924e-06
3.1393e-06
3.13937e-06
3.13943e-06
3.1395e-06
3.13956e-06
3.13962e-06
3.13969e-06
3.13975e-06
3.13981e-06
3.13987e-06
3.13993e-06
3.13999e-06
3.14005e-06
3.14011e-06
3.13255e-06
3.13267e-06
3.13279e-06
3.13292e-06
3.13306e-06
3.1332e-06
3.13335e-06
3.1335e-06
3.13365e-06
3.1338e-06
3.13394e-06
3.13408e-06
3.13422e-06
3.13435e-06
3.13449e-06
3.13462e-06
3.13474e-06
3.13487e-06
3.13499e-06
3.13511e-06
3.13523e-06
3.13534e-06
3.13546e-06
3.13557e-06
3.13567e-06
3.13578e-06
3.13588e-06
3.13599e-06
3.13609e-06
3.13619e-06
3.13628e-06
3.13638e-06
3.13647e-06
3.13656e-06
3.13666e-06
3.13675e-06
3.13683e-06
3.13692e-06
3.13701e-06
3.1371e-06
3.13718e-06
3.13727e-06
3.13735e-06
3.13743e-06
3.13752e-06
3.1376e-06
3.13768e-06
3.13776e-06
3.13784e-06
3.13792e-06
3.138e-06
3.13808e-06
3.13816e-06
3.13824e-06
3.13832e-06
3.1384e-06
3.13848e-06
3.13856e-06
3.13864e-06
3.13872e-06
3.13879e-06
3.13887e-06
3.13895e-06
3.13903e-06
3.1391e-06
3.13918e-06
3.13926e-06
3.13933e-06
3.13941e-06
3.13948e-06
3.13956e-06
3.13964e-06
3.13971e-06
3.13979e-06
3.13986e-06
3.13994e-06
3.14001e-06
3.13197e-06
3.1321e-06
3.13222e-06
3.13235e-06
3.1325e-06
3.13264e-06
3.13278e-06
3.13293e-06
3.13307e-06
3.13321e-06
3.13335e-06
3.13348e-06
3.13362e-06
3.13374e-06
3.13387e-06
3.134e-06
3.13412e-06
3.13424e-06
3.13435e-06
3.13447e-06
3.13458e-06
3.13469e-06
3.1348e-06
3.13491e-06
3.13502e-06
3.13512e-06
3.13522e-06
3.13532e-06
3.13542e-06
3.13552e-06
3.13562e-06
3.13571e-06
3.13581e-06
3.1359e-06
3.13599e-06
3.13609e-06
3.13618e-06
3.13627e-06
3.13636e-06
3.13645e-06
3.13654e-06
3.13663e-06
3.13672e-06
3.1368e-06
3.13689e-06
3.13698e-06
3.13707e-06
3.13716e-06
3.13725e-06
3.13733e-06
3.13742e-06
3.13751e-06
3.1376e-06
3.13769e-06
3.13778e-06
3.13787e-06
3.13796e-06
3.13805e-06
3.13814e-06
3.13823e-06
3.13832e-06
3.13841e-06
3.1385e-06
3.13859e-06
3.13868e-06
3.13877e-06
3.13886e-06
3.13895e-06
3.13904e-06
3.13913e-06
3.13923e-06
3.13932e-06
3.13941e-06
3.1395e-06
3.13959e-06
3.13968e-06
3.13977e-06
3.13131e-06
3.13144e-06
3.13157e-06
3.13171e-06
3.13185e-06
3.13199e-06
3.13213e-06
3.13227e-06
3.1324e-06
3.13253e-06
3.13266e-06
3.13278e-06
3.13291e-06
3.13302e-06
3.13314e-06
3.13326e-06
3.13337e-06
3.13348e-06
3.13359e-06
3.1337e-06
3.1338e-06
3.13391e-06
3.13401e-06
3.13411e-06
3.13421e-06
3.13431e-06
3.1344e-06
3.1345e-06
3.1346e-06
3.13469e-06
3.13479e-06
3.13488e-06
3.13497e-06
3.13506e-06
3.13516e-06
3.13525e-06
3.13534e-06
3.13543e-06
3.13552e-06
3.13562e-06
3.13571e-06
3.1358e-06
3.13589e-06
3.13598e-06
3.13608e-06
3.13617e-06
3.13626e-06
3.13636e-06
3.13645e-06
3.13655e-06
3.13665e-06
3.13674e-06
3.13684e-06
3.13694e-06
3.13704e-06
3.13714e-06
3.13724e-06
3.13734e-06
3.13744e-06
3.13754e-06
3.13765e-06
3.13775e-06
3.13786e-06
3.13796e-06
3.13807e-06
3.13817e-06
3.13828e-06
3.13839e-06
3.13849e-06
3.1386e-06
3.13871e-06
3.13882e-06
3.13893e-06
3.13904e-06
3.13914e-06
3.13925e-06
3.13937e-06
3.13057e-06
3.1307e-06
3.13083e-06
3.13096e-06
3.1311e-06
3.13124e-06
3.13137e-06
3.1315e-06
3.13162e-06
3.13174e-06
3.13185e-06
3.13197e-06
3.13207e-06
3.13218e-06
3.13228e-06
3.13239e-06
3.13249e-06
3.13258e-06
3.13268e-06
3.13278e-06
3.13287e-06
3.13296e-06
3.13305e-06
3.13315e-06
3.13324e-06
3.13333e-06
3.13341e-06
3.1335e-06
3.13359e-06
3.13368e-06
3.13377e-06
3.13386e-06
3.13394e-06
3.13403e-06
3.13412e-06
3.13421e-06
3.1343e-06
3.13439e-06
3.13448e-06
3.13457e-06
3.13466e-06
3.13475e-06
3.13485e-06
3.13494e-06
3.13504e-06
3.13513e-06
3.13523e-06
3.13533e-06
3.13543e-06
3.13553e-06
3.13563e-06
3.13574e-06
3.13584e-06
3.13595e-06
3.13606e-06
3.13617e-06
3.13628e-06
3.13639e-06
3.1365e-06
3.13662e-06
3.13674e-06
3.13686e-06
3.13697e-06
3.1371e-06
3.13722e-06
3.13734e-06
3.13746e-06
3.13758e-06
3.13771e-06
3.13783e-06
3.13796e-06
3.13809e-06
3.13822e-06
3.13834e-06
3.13847e-06
3.13861e-06
3.13874e-06
3.12972e-06
3.12985e-06
3.12998e-06
3.13011e-06
3.13025e-06
3.13037e-06
3.13049e-06
3.13061e-06
3.13072e-06
3.13082e-06
3.13092e-06
3.13102e-06
3.13111e-06
3.1312e-06
3.13128e-06
3.13137e-06
3.13145e-06
3.13153e-06
3.13161e-06
3.13169e-06
3.13177e-06
3.13185e-06
3.13193e-06
3.132e-06
3.13208e-06
3.13216e-06
3.13223e-06
3.13231e-06
3.13239e-06
3.13247e-06
3.13254e-06
3.13262e-06
3.1327e-06
3.13278e-06
3.13286e-06
3.13294e-06
3.13303e-06
3.13311e-06
3.1332e-06
3.13329e-06
3.13337e-06
3.13346e-06
3.13356e-06
3.13365e-06
3.13374e-06
3.13384e-06
3.13394e-06
3.13404e-06
3.13414e-06
3.13425e-06
3.13435e-06
3.13446e-06
3.13457e-06
3.13469e-06
3.1348e-06
3.13492e-06
3.13504e-06
3.13516e-06
3.13528e-06
3.13541e-06
3.13554e-06
3.13567e-06
3.13581e-06
3.13594e-06
3.13608e-06
3.13622e-06
3.13636e-06
3.1365e-06
3.13664e-06
3.13679e-06
3.13693e-06
3.13708e-06
3.13723e-06
3.13738e-06
3.13753e-06
3.13768e-06
3.13784e-06
3.12876e-06
3.12889e-06
3.12902e-06
3.12914e-06
3.12927e-06
3.12938e-06
3.12949e-06
3.12959e-06
3.12968e-06
3.12976e-06
3.12985e-06
3.12992e-06
3.12999e-06
3.13006e-06
3.13013e-06
3.13019e-06
3.13025e-06
3.13032e-06
3.13038e-06
3.13044e-06
3.13049e-06
3.13055e-06
3.13061e-06
3.13067e-06
3.13073e-06
3.13079e-06
3.13085e-06
3.13091e-06
3.13097e-06
3.13103e-06
3.1311e-06
3.13116e-06
3.13123e-06
3.13129e-06
3.13136e-06
3.13143e-06
3.13151e-06
3.13158e-06
3.13166e-06
3.13174e-06
3.13182e-06
3.1319e-06
3.13198e-06
3.13207e-06
3.13216e-06
3.13226e-06
3.13235e-06
3.13245e-06
3.13255e-06
3.13265e-06
3.13276e-06
3.13287e-06
3.13298e-06
3.1331e-06
3.13322e-06
3.13334e-06
3.13346e-06
3.13359e-06
3.13372e-06
3.13386e-06
3.134e-06
3.13414e-06
3.13429e-06
3.13444e-06
3.13459e-06
3.13474e-06
3.1349e-06
3.13505e-06
3.13521e-06
3.13538e-06
3.13554e-06
3.13571e-06
3.13588e-06
3.13605e-06
3.13623e-06
3.1364e-06
3.13658e-06
3.12767e-06
3.12779e-06
3.12792e-06
3.12803e-06
3.12814e-06
3.12824e-06
3.12833e-06
3.12841e-06
3.12849e-06
3.12855e-06
3.12861e-06
3.12866e-06
3.12871e-06
3.12876e-06
3.1288e-06
3.12884e-06
3.12888e-06
3.12892e-06
3.12895e-06
3.12899e-06
3.12902e-06
3.12906e-06
3.12909e-06
3.12913e-06
3.12917e-06
3.12921e-06
3.12924e-06
3.12928e-06
3.12932e-06
3.12937e-06
3.12941e-06
3.12946e-06
3.12951e-06
3.12956e-06
3.12961e-06
3.12966e-06
3.12972e-06
3.12978e-06
3.12984e-06
3.1299e-06
3.12997e-06
3.13004e-06
3.13011e-06
3.13019e-06
3.13027e-06
3.13035e-06
3.13044e-06
3.13053e-06
3.13062e-06
3.13072e-06
3.13082e-06
3.13092e-06
3.13103e-06
3.13115e-06
3.13126e-06
3.13139e-06
3.13151e-06
3.13165e-06
3.13178e-06
3.13192e-06
3.13207e-06
3.13222e-06
3.13238e-06
3.13254e-06
3.1327e-06
3.13287e-06
3.13304e-06
3.13322e-06
3.13339e-06
3.13357e-06
3.13376e-06
3.13394e-06
3.13413e-06
3.13433e-06
3.13452e-06
3.13472e-06
3.13493e-06
3.12655e-06
3.12666e-06
3.12677e-06
3.12686e-06
3.12694e-06
3.12701e-06
3.12707e-06
3.12712e-06
3.12717e-06
3.1272e-06
3.12723e-06
3.12725e-06
3.12727e-06
3.12729e-06
3.1273e-06
3.12732e-06
3.12733e-06
3.12734e-06
3.12735e-06
3.12735e-06
3.12736e-06
3.12737e-06
3.12738e-06
3.12739e-06
3.12741e-06
3.12742e-06
3.12743e-06
3.12745e-06
3.12747e-06
3.12749e-06
3.12751e-06
3.12753e-06
3.12756e-06
3.12759e-06
3.12762e-06
3.12765e-06
3.12769e-06
3.12773e-06
3.12777e-06
3.12782e-06
3.12786e-06
3.12792e-06
3.12797e-06
3.12803e-06
3.1281e-06
3.12817e-06
3.12824e-06
3.12832e-06
3.1284e-06
3.12849e-06
3.12858e-06
3.12867e-06
3.12878e-06
3.12888e-06
3.129e-06
3.12912e-06
3.12924e-06
3.12937e-06
3.12951e-06
3.12965e-06
3.1298e-06
3.12996e-06
3.13012e-06
3.13029e-06
3.13046e-06
3.13064e-06
3.13082e-06
3.13101e-06
3.13121e-06
3.1314e-06
3.13161e-06
3.13182e-06
3.13203e-06
3.13225e-06
3.13247e-06
3.1327e-06
3.12513e-06
3.12523e-06
3.12532e-06
3.1254e-06
3.12546e-06
3.12551e-06
3.12555e-06
3.12557e-06
3.12559e-06
3.1256e-06
3.12561e-06
3.12561e-06
3.1256e-06
3.12559e-06
3.12557e-06
3.12556e-06
3.12554e-06
3.12552e-06
3.12551e-06
3.12549e-06
3.12547e-06
3.12545e-06
3.12543e-06
3.12541e-06
3.1254e-06
3.12538e-06
3.12537e-06
3.12536e-06
3.12534e-06
3.12533e-06
3.12533e-06
3.12532e-06
3.12532e-06
3.12531e-06
3.12531e-06
3.12532e-06
3.12532e-06
3.12533e-06
3.12534e-06
3.12535e-06
3.12537e-06
3.12539e-06
3.12542e-06
3.12545e-06
3.12548e-06
3.12552e-06
3.12556e-06
3.12561e-06
3.12567e-06
3.12572e-06
3.12579e-06
3.12586e-06
3.12594e-06
3.12602e-06
3.12611e-06
3.12621e-06
3.12632e-06
3.12643e-06
3.12656e-06
3.12669e-06
3.12683e-06
3.12698e-06
3.12714e-06
3.12731e-06
3.12749e-06
3.12767e-06
3.12785e-06
3.12805e-06
3.12825e-06
3.12845e-06
3.12866e-06
3.12888e-06
3.12911e-06
3.12934e-06
3.12958e-06
3.12983e-06
3.12351e-06
3.1236e-06
3.12367e-06
3.12373e-06
3.12377e-06
3.1238e-06
3.12381e-06
3.12382e-06
3.12382e-06
3.1238e-06
3.12378e-06
3.12376e-06
3.12373e-06
3.12369e-06
3.12365e-06
3.12361e-06
3.12357e-06
3.12352e-06
3.12348e-06
3.12344e-06
3.12339e-06
3.12334e-06
3.1233e-06
3.12325e-06
3.12321e-06
3.12316e-06
3.12311e-06
3.12307e-06
3.12302e-06
3.12298e-06
3.12294e-06
3.12289e-06
3.12285e-06
3.12281e-06
3.12277e-06
3.12273e-06
3.1227e-06
3.12266e-06
3.12263e-06
3.1226e-06
3.12257e-06
3.12254e-06
3.12252e-06
3.1225e-06
3.12249e-06
3.12248e-06
3.12247e-06
3.12247e-06
3.12247e-06
3.12248e-06
3.1225e-06
3.12252e-06
3.12255e-06
3.12259e-06
3.12263e-06
3.12268e-06
3.12274e-06
3.1228e-06
3.12287e-06
3.12295e-06
3.12304e-06
3.12314e-06
3.12324e-06
3.12336e-06
3.12349e-06
3.12362e-06
3.12377e-06
3.12393e-06
3.1241e-06
3.12428e-06
3.12448e-06
3.12468e-06
3.1249e-06
3.12513e-06
3.12538e-06
3.12563e-06
3.12167e-06
3.12174e-06
3.12179e-06
3.12183e-06
3.12185e-06
3.12186e-06
3.12186e-06
3.12184e-06
3.12182e-06
3.12179e-06
3.12175e-06
3.12171e-06
3.12166e-06
3.1216e-06
3.12155e-06
3.12149e-06
3.12142e-06
3.12136e-06
3.1213e-06
3.12123e-06
3.12116e-06
3.12109e-06
3.12102e-06
3.12095e-06
3.12088e-06
3.1208e-06
3.12073e-06
3.12065e-06
3.12057e-06
3.12049e-06
3.12041e-06
3.12032e-06
3.12024e-06
3.12015e-06
3.12006e-06
3.11998e-06
3.11989e-06
3.11981e-06
3.11972e-06
3.11964e-06
3.11956e-06
3.11948e-06
3.1194e-06
3.11933e-06
3.11928e-06
3.11923e-06
3.11918e-06
3.11915e-06
3.11912e-06
3.1191e-06
3.11909e-06
3.11909e-06
3.11909e-06
3.1191e-06
3.11912e-06
3.11913e-06
3.11916e-06
3.11919e-06
3.11922e-06
3.11925e-06
3.11929e-06
3.11933e-06
3.11937e-06
3.11942e-06
3.11948e-06
3.11955e-06
3.11963e-06
3.11973e-06
3.11985e-06
3.12e-06
3.12016e-06
3.12033e-06
3.12051e-06
3.1207e-06
3.1209e-06
3.1211e-06
3.11958e-06
3.11962e-06
3.11965e-06
3.11967e-06
3.11968e-06
3.11967e-06
3.11966e-06
3.11963e-06
3.1196e-06
3.11956e-06
3.11951e-06
3.11946e-06
3.1194e-06
3.11934e-06
3.11928e-06
3.11921e-06
3.11915e-06
3.11908e-06
3.119e-06
3.11893e-06
3.11885e-06
3.11877e-06
3.11869e-06
3.1186e-06
3.11851e-06
3.11842e-06
3.11832e-06
3.11821e-06
3.11811e-06
3.118e-06
3.11788e-06
3.11775e-06
3.11763e-06
3.1175e-06
3.11738e-06
3.11727e-06
3.11716e-06
3.11705e-06
3.11695e-06
3.11686e-06
3.11676e-06
3.1167e-06
3.11667e-06
3.11666e-06
3.11669e-06
3.11673e-06
3.1168e-06
3.1169e-06
3.11701e-06
3.11713e-06
3.11728e-06
3.11743e-06
3.1176e-06
3.11779e-06
3.11798e-06
3.11818e-06
3.11839e-06
3.11859e-06
3.11877e-06
3.11892e-06
3.11903e-06
3.11911e-06
3.11914e-06
3.11917e-06
3.1192e-06
3.11923e-06
3.11927e-06
3.11931e-06
3.11933e-06
3.11935e-06
3.11937e-06
3.11941e-06
3.11946e-06
3.11955e-06
3.11966e-06
3.1198e-06
3.1172e-06
3.11722e-06
3.11723e-06
3.11723e-06
3.11723e-06
3.11722e-06
3.1172e-06
3.11718e-06
3.11715e-06
3.11712e-06
3.11708e-06
3.11704e-06
3.117e-06
3.11695e-06
3.1169e-06
3.11685e-06
3.1168e-06
3.11675e-06
3.11669e-06
3.11663e-06
3.11656e-06
3.1165e-06
3.11643e-06
3.11635e-06
3.11627e-06
3.11619e-06
3.1161e-06
3.116e-06
3.1159e-06
3.11579e-06
3.11566e-06
3.11552e-06
3.1154e-06
3.11534e-06
3.11534e-06
3.11537e-06
3.11542e-06
3.11547e-06
3.11553e-06
3.11558e-06
3.11564e-06
3.11573e-06
3.11585e-06
3.116e-06
3.11618e-06
3.11637e-06
3.11657e-06
3.11679e-06
3.11702e-06
3.11726e-06
3.11751e-06
3.11777e-06
3.11804e-06
3.11833e-06
3.11862e-06
3.11894e-06
3.11926e-06
3.1196e-06
3.11996e-06
3.12034e-06
3.12074e-06
3.12116e-06
3.12156e-06
3.12225e-06
3.12297e-06
3.1237e-06
3.12443e-06
3.12516e-06
3.12586e-06
3.1265e-06
3.1271e-06
3.12763e-06
3.12811e-06
3.12853e-06
3.12891e-06
3.12923e-06
)
;

boundaryField
{
    walls
    {
        type            fixedValue;
        value           uniform 0;
    }
    frontAndBack
    {
        type            empty;
    }
    farfield
    {
        type            calculated;
        value           nonuniform List<scalar> 
76
(
3.11449e-06
3.11449e-06
3.11449e-06
3.11449e-06
3.11449e-06
3.11449e-06
3.11449e-06
3.11449e-06
3.11449e-06
3.11449e-06
3.11449e-06
3.11449e-06
3.11449e-06
3.11449e-06
3.11449e-06
3.11449e-06
3.11449e-06
3.11449e-06
3.11449e-06
3.11449e-06
3.11449e-06
3.11449e-06
3.11449e-06
3.11449e-06
3.11449e-06
3.11449e-06
3.11449e-06
3.11449e-06
3.11449e-06
3.11449e-06
3.11449e-06
3.11449e-06
3.11449e-06
3.11449e-06
3.11449e-06
3.11449e-06
3.11449e-06
3.11449e-06
3.11449e-06
3.11449e-06
3.11449e-06
3.11449e-06
3.11449e-06
3.11449e-06
3.11449e-06
3.11449e-06
3.11449e-06
3.11449e-06
3.11449e-06
3.11449e-06
3.11449e-06
3.11449e-06
3.11449e-06
3.11449e-06
3.11449e-06
3.11449e-06
3.11449e-06
3.11449e-06
3.11449e-06
3.11449e-06
3.11449e-06
3.11449e-06
3.11449e-06
3.11449e-06
3.12297e-06
3.1237e-06
3.12443e-06
3.12516e-06
3.12586e-06
3.1265e-06
3.1271e-06
3.12763e-06
3.12811e-06
3.12853e-06
3.12891e-06
3.12923e-06
)
;
    }
    procBoundary0to1
    {
        type            processor;
        value           nonuniform List<scalar> 
101
(
2.63001e-12
2.53212e-10
2.48967e-09
1.23549e-08
4.39085e-08
1.27978e-07
3.26879e-07
7.59035e-07
1.63764e-06
3.32583e-06
6.39855e-06
1.16592e-05
2.0013e-05
3.31231e-05
3.31231e-05
4.97761e-05
7.0419e-05
9.45552e-05
0.000121659
0.000151431
0.000183907
0.000219462
0.000258755
0.000302681
0.000352341
0.000409039
0.000474298
0.000557255
0.000557255
0.000646221
0.000749931
0.000870926
0.00101188
0.00117555
0.00136453
0.00158099
0.00182618
0.00210011
0.00240125
0.00272664
0.00307221
0.00343305
0.00380339
0.00417621
0.00454256
0.00489076
0.00520555
0.00546705
0.00564961
0.00572035
0.00563765
0.00534987
0.00479597
0.0039135
0.00268134
0.00135103
0.000484338
0.000123738
1.58382e-05
4.71604e-06
3.41002e-06
3.19465e-06
3.15489e-06
3.14523e-06
3.14136e-06
3.13955e-06
3.13891e-06
3.13877e-06
3.13866e-06
3.13841e-06
3.13806e-06
3.13771e-06
3.13742e-06
3.1372e-06
3.13704e-06
3.13695e-06
3.13691e-06
3.13699e-06
3.13737e-06
3.13785e-06
3.13832e-06
3.13877e-06
3.13918e-06
3.13955e-06
3.13984e-06
3.14004e-06
3.14016e-06
3.14017e-06
3.14009e-06
3.13986e-06
3.13948e-06
3.13887e-06
3.13799e-06
3.13677e-06
3.13514e-06
3.13294e-06
3.13008e-06
3.1259e-06
3.12131e-06
3.11996e-06
3.1295e-06
)
;
    }
    procBoundary0to2
    {
        type            processor;
        value           nonuniform List<scalar> 
113
(
3.68509e-10
2.91615e-08
2.12467e-07
7.21659e-07
1.6397e-06
2.87164e-06
4.15571e-06
5.15824e-06
5.59301e-06
1.39737e-05
1.39737e-05
2.58298e-05
2.58298e-05
5.73761e-05
5.73761e-05
5.48326e-05
4.79203e-05
3.71703e-05
2.45386e-05
1.31997e-05
5.76096e-06
2.81646e-06
1.8829e-06
1.73664e-06
1.90533e-06
2.16953e-06
2.43811e-06
2.65764e-06
2.81539e-06
3.01846e-06
3.08216e-06
3.01204e-06
3.0037e-06
3.0037e-06
3.09811e-06
3.15238e-06
3.17822e-06
3.19548e-06
3.20931e-06
3.21699e-06
3.21808e-06
3.21453e-06
3.20919e-06
3.20467e-06
3.20371e-06
3.20106e-06
3.16215e-06
3.15882e-06
3.16027e-06
3.16463e-06
3.17184e-06
3.18375e-06
3.18375e-06
3.17047e-06
3.16612e-06
3.16166e-06
3.15721e-06
3.15297e-06
3.14923e-06
3.14728e-06
3.14728e-06
3.15342e-06
3.14945e-06
3.1469e-06
3.1469e-06
3.16062e-06
3.15715e-06
3.15454e-06
3.15228e-06
3.15034e-06
3.1486e-06
3.14699e-06
3.14543e-06
3.14394e-06
3.14252e-06
3.14116e-06
3.1399e-06
3.13877e-06
3.13781e-06
3.13703e-06
3.13643e-06
3.13601e-06
3.13601e-06
3.13577e-06
3.13568e-06
3.13565e-06
3.13566e-06
3.13565e-06
3.1356e-06
3.13552e-06
3.1354e-06
3.13525e-06
3.13506e-06
3.13483e-06
3.13456e-06
3.13425e-06
3.13389e-06
3.13348e-06
3.13301e-06
3.13248e-06
3.13188e-06
3.13121e-06
3.13045e-06
3.12959e-06
3.12863e-06
3.12753e-06
3.12643e-06
3.12643e-06
3.12502e-06
3.12342e-06
3.1216e-06
3.11952e-06
3.11717e-06
)
;
    }
}


// ************************************************************************* //
