/*--------------------------------*- C++ -*----------------------------------*\
| =========                 |                                                 |
| \\      /  F ield         | OpenFOAM: The Open Source CFD Toolbox           |
|  \\    /   O peration     | Version:  2412                                  |
|   \\  /    A nd           | Website:  www.openfoam.com                      |
|    \\/     M anipulation  |                                                 |
\*---------------------------------------------------------------------------*/
FoamFile
{
    version     2.0;
    format      ascii;
    arch        "LSB;label=32;scalar=64";
    class       volScalarField;
    location    "220";
    object      nuTilda;
}
// * * * * * * * * * * * * * * * * * * * * * * * * * * * * * * * * * * * * * //

dimensions      [0 2 -1 0 0 0 0];

internalField   nonuniform List<scalar> 
7423
(
5.8925e-06
6.55741e-06
7.04833e-06
7.0508e-06
6.44682e-06
5.71051e-06
5.11976e-06
2.97813e-06
2.83431e-06
2.67163e-06
2.51972e-06
2.39948e-06
2.30819e-06
2.70582e-06
2.17121e-06
2.12419e-06
2.0893e-06
2.28557e-06
2.04076e-06
2.02343e-06
2.00892e-06
1.99622e-06
1.98443e-06
1.97323e-06
1.9623e-06
1.95144e-06
1.94054e-06
1.92967e-06
1.91709e-06
1.90651e-06
1.89362e-06
1.87941e-06
1.87337e-06
1.87193e-06
1.86383e-06
1.85149e-06
1.83764e-06
1.82331e-06
1.80885e-06
1.79442e-06
1.78007e-06
1.7658e-06
1.75161e-06
1.73754e-06
1.72354e-06
1.70963e-06
1.69585e-06
1.68221e-06
1.66865e-06
1.65516e-06
1.64183e-06
1.62863e-06
1.61548e-06
1.60242e-06
1.58951e-06
1.57671e-06
1.56398e-06
1.55131e-06
1.53874e-06
1.52628e-06
1.51388e-06
1.50154e-06
1.48924e-06
1.477e-06
1.46484e-06
1.45273e-06
1.44065e-06
1.42856e-06
1.41651e-06
1.40451e-06
1.39258e-06
1.3807e-06
1.36888e-06
1.35703e-06
1.34519e-06
1.33353e-06
1.81677e-05
2.02002e-05
2.17382e-05
2.19689e-05
2.0507e-05
1.8553e-05
1.6863e-05
8.57836e-06
8.08113e-06
7.58026e-06
7.15368e-06
6.86529e-06
6.67803e-06
8.97543e-06
6.39666e-06
6.30017e-06
6.23414e-06
7.45339e-06
6.14642e-06
6.11549e-06
6.09086e-06
6.06925e-06
6.0483e-06
6.0274e-06
6.00582e-06
5.98329e-06
5.95957e-06
5.93502e-06
5.90051e-06
5.87662e-06
5.84116e-06
5.80129e-06
5.80627e-06
5.83585e-06
5.83e-06
5.79953e-06
5.7592e-06
5.7153e-06
5.67022e-06
5.62489e-06
5.57975e-06
5.53481e-06
5.49014e-06
5.44584e-06
5.40182e-06
5.35806e-06
5.31473e-06
5.27183e-06
5.22922e-06
5.18681e-06
5.14491e-06
5.10345e-06
5.06217e-06
5.02116e-06
4.9806e-06
4.94044e-06
4.90046e-06
4.86067e-06
4.82123e-06
4.78213e-06
4.74322e-06
4.70447e-06
4.66588e-06
4.6275e-06
4.58933e-06
4.5513e-06
4.51343e-06
4.47555e-06
4.43773e-06
4.40007e-06
4.36263e-06
4.32534e-06
4.28823e-06
4.25105e-06
4.21392e-06
4.17734e-06
2.95906e-05
3.30902e-05
3.5827e-05
3.65268e-05
3.46964e-05
3.19054e-05
2.93227e-05
1.61281e-05
1.5152e-05
1.41739e-05
1.32762e-05
1.25407e-05
1.19385e-05
1.6316e-05
1.10986e-05
1.08608e-05
1.07149e-05
1.35694e-05
1.05522e-05
1.05023e-05
1.0469e-05
1.04433e-05
1.04197e-05
1.03964e-05
1.03721e-05
1.03461e-05
1.03177e-05
1.02876e-05
1.02339e-05
1.02055e-05
1.01521e-05
1.0097e-05
1.01611e-05
1.02828e-05
1.03108e-05
1.02728e-05
1.02072e-05
1.01312e-05
1.00517e-05
9.9711e-06
9.89057e-06
9.81043e-06
9.73076e-06
9.65174e-06
9.57335e-06
9.49541e-06
9.41826e-06
9.34188e-06
9.26601e-06
9.19059e-06
9.11603e-06
9.04232e-06
8.96896e-06
8.89606e-06
8.82393e-06
8.75259e-06
8.68158e-06
8.61092e-06
8.54085e-06
8.4714e-06
8.40235e-06
8.33356e-06
8.26502e-06
8.19688e-06
8.12912e-06
8.06163e-06
7.99442e-06
7.92722e-06
7.86009e-06
7.79324e-06
7.72678e-06
7.66055e-06
7.59463e-06
7.52866e-06
7.46279e-06
7.39786e-06
3.9212e-05
4.43855e-05
4.87825e-05
5.02799e-05
4.86473e-05
4.53992e-05
4.21345e-05
2.58791e-05
2.41978e-05
2.25391e-05
2.10057e-05
1.9737e-05
1.86682e-05
2.4648e-05
1.70888e-05
1.65411e-05
1.61281e-05
2.06744e-05
1.56006e-05
1.54416e-05
1.5338e-05
1.52657e-05
1.52111e-05
1.5167e-05
1.51286e-05
1.50929e-05
1.50572e-05
1.50217e-05
1.49481e-05
1.49184e-05
1.48508e-05
1.47967e-05
1.49837e-05
1.52754e-05
1.53767e-05
1.53443e-05
1.52552e-05
1.51444e-05
1.50258e-05
1.49047e-05
1.47834e-05
1.46626e-05
1.45426e-05
1.44236e-05
1.43056e-05
1.41884e-05
1.40723e-05
1.39575e-05
1.38436e-05
1.37303e-05
1.36184e-05
1.35077e-05
1.33976e-05
1.32883e-05
1.31801e-05
1.30731e-05
1.29667e-05
1.28608e-05
1.27558e-05
1.26518e-05
1.25483e-05
1.24453e-05
1.23426e-05
1.22406e-05
1.21391e-05
1.20381e-05
1.19374e-05
1.18368e-05
1.17363e-05
1.16362e-05
1.15367e-05
1.14375e-05
1.13388e-05
1.124e-05
1.11414e-05
1.10441e-05
4.72256e-05
5.39214e-05
6.01733e-05
6.30216e-05
6.23337e-05
5.90286e-05
5.52816e-05
3.80928e-05
3.55076e-05
3.29959e-05
3.06591e-05
2.86747e-05
2.7e-05
3.39204e-05
2.45162e-05
2.36177e-05
2.2909e-05
2.87574e-05
2.19004e-05
2.15328e-05
2.12454e-05
2.10162e-05
2.08336e-05
2.0689e-05
2.05736e-05
2.04797e-05
2.04e-05
2.0331e-05
2.02204e-05
2.01718e-05
2.00824e-05
2.00396e-05
2.03984e-05
2.09186e-05
2.1121e-05
2.11017e-05
2.09881e-05
2.0838e-05
2.06743e-05
2.05064e-05
2.03379e-05
2.017e-05
2.00032e-05
1.9838e-05
1.96743e-05
1.95118e-05
1.9351e-05
1.9192e-05
1.90342e-05
1.88776e-05
1.87227e-05
1.85697e-05
1.84176e-05
1.82666e-05
1.81172e-05
1.79693e-05
1.78225e-05
1.76764e-05
1.75315e-05
1.73879e-05
1.72452e-05
1.71031e-05
1.69616e-05
1.68208e-05
1.66809e-05
1.65416e-05
1.64028e-05
1.62643e-05
1.61257e-05
1.59877e-05
1.58504e-05
1.57137e-05
1.55775e-05
1.54413e-05
1.53054e-05
1.51713e-05
5.41518e-05
6.22998e-05
7.06736e-05
7.55232e-05
7.60361e-05
7.29949e-05
6.89961e-05
5.36554e-05
4.97713e-05
4.60774e-05
4.26419e-05
3.9739e-05
3.73017e-05
4.41478e-05
3.36455e-05
3.22984e-05
3.12268e-05
3.77955e-05
2.96673e-05
2.90686e-05
2.85786e-05
2.81644e-05
2.78116e-05
2.751e-05
2.72517e-05
2.70295e-05
2.68375e-05
2.66711e-05
2.64785e-05
2.63574e-05
2.62121e-05
2.61612e-05
2.66661e-05
2.7388e-05
2.76736e-05
2.76558e-05
2.75081e-05
2.73098e-05
2.70928e-05
2.68698e-05
2.6646e-05
2.64232e-05
2.62023e-05
2.59833e-05
2.57666e-05
2.55518e-05
2.53392e-05
2.51292e-05
2.4921e-05
2.47143e-05
2.45101e-05
2.43084e-05
2.41081e-05
2.39093e-05
2.37125e-05
2.35179e-05
2.33247e-05
2.31326e-05
2.29421e-05
2.27533e-05
2.25658e-05
2.23791e-05
2.21932e-05
2.20082e-05
2.18244e-05
2.16415e-05
2.14593e-05
2.12774e-05
2.10955e-05
2.09142e-05
2.07339e-05
2.05543e-05
2.03754e-05
2.01964e-05
2.00181e-05
1.98418e-05
5.99164e-05
6.96848e-05
8.0681e-05
8.80895e-05
9.02541e-05
8.82171e-05
8.42987e-05
7.32209e-05
6.82505e-05
6.29149e-05
5.78534e-05
5.36582e-05
5.01731e-05
5.5438e-05
4.49481e-05
4.3019e-05
4.1477e-05
4.78174e-05
3.92118e-05
3.83292e-05
3.76003e-05
3.69751e-05
3.64325e-05
3.59573e-05
3.55385e-05
3.51666e-05
3.48349e-05
3.45372e-05
3.4226e-05
3.39891e-05
3.37476e-05
3.36442e-05
3.41751e-05
3.49337e-05
3.52104e-05
3.51508e-05
3.49456e-05
3.46834e-05
3.44004e-05
3.41112e-05
3.38216e-05
3.3534e-05
3.3249e-05
3.29671e-05
3.26883e-05
3.24123e-05
3.21393e-05
3.18698e-05
3.1603e-05
3.13383e-05
3.10769e-05
3.08188e-05
3.05628e-05
3.03087e-05
3.00573e-05
2.98088e-05
2.95623e-05
2.93173e-05
2.90743e-05
2.88335e-05
2.85946e-05
2.83569e-05
2.812e-05
2.78845e-05
2.76504e-05
2.74176e-05
2.71857e-05
2.69543e-05
2.67229e-05
2.64921e-05
2.62626e-05
2.6034e-05
2.58062e-05
2.55785e-05
2.53518e-05
2.51271e-05
6.42303e-05
7.57355e-05
8.98498e-05
0.000100387
0.000104863
0.000104531
0.00010137
9.36326e-05
8.8708e-05
8.29375e-05
7.6923e-05
7.14176e-05
6.66052e-05
6.82925e-05
5.92353e-05
5.64991e-05
5.43134e-05
5.89759e-05
5.11014e-05
4.98458e-05
4.88079e-05
4.79151e-05
4.71366e-05
4.64492e-05
4.58369e-05
4.52857e-05
4.4786e-05
4.43284e-05
4.38665e-05
4.34823e-05
4.31108e-05
4.29074e-05
4.32876e-05
4.3828e-05
4.395e-05
4.37787e-05
4.34783e-05
4.31277e-05
4.27598e-05
4.23881e-05
4.20181e-05
4.16516e-05
4.12894e-05
4.09316e-05
4.05784e-05
4.02293e-05
3.98843e-05
3.95441e-05
3.92079e-05
3.88746e-05
3.85455e-05
3.8221e-05
3.78996e-05
3.75807e-05
3.72653e-05
3.69539e-05
3.66452e-05
3.63386e-05
3.60346e-05
3.57334e-05
3.54348e-05
3.51379e-05
3.48423e-05
3.45482e-05
3.42561e-05
3.39657e-05
3.36765e-05
3.33881e-05
3.30998e-05
3.28121e-05
3.25259e-05
3.22409e-05
3.19571e-05
3.16733e-05
3.13912e-05
3.11109e-05
6.67795e-05
8.00189e-05
9.77262e-05
0.000111969
0.000119431
0.000121476
0.00011978
0.000114613
0.000110311
0.000104725
9.83643e-05
9.20748e-05
8.62774e-05
8.42695e-05
7.68969e-05
7.32908e-05
7.03447e-05
7.1959e-05
6.59296e-05
6.42004e-05
6.27526e-05
6.15004e-05
6.0402e-05
5.94255e-05
5.85485e-05
5.77516e-05
5.70215e-05
5.63447e-05
5.56809e-05
5.50957e-05
5.45392e-05
5.41349e-05
5.41597e-05
5.42899e-05
5.41385e-05
5.37871e-05
5.33482e-05
5.28776e-05
5.23989e-05
5.19217e-05
5.14499e-05
5.09844e-05
5.05258e-05
5.0074e-05
4.96288e-05
4.91895e-05
4.87563e-05
4.83297e-05
4.79088e-05
4.74923e-05
4.70812e-05
4.66765e-05
4.62763e-05
4.58797e-05
4.54876e-05
4.51008e-05
4.47179e-05
4.4338e-05
4.39615e-05
4.35889e-05
4.32196e-05
4.28529e-05
4.2488e-05
4.21251e-05
4.17649e-05
4.14068e-05
4.10505e-05
4.06955e-05
4.03408e-05
3.99868e-05
3.96346e-05
3.92839e-05
3.89347e-05
3.85859e-05
3.82396e-05
3.78945e-05
8.20733e-05
0.000103848
0.000122381
0.000133514
0.00013863
0.0001391
0.000136317
0.000133182
0.000128307
0.000122025
0.000115262
0.000108681
0.00010412
9.74389e-05
9.29512e-05
8.91877e-05
8.80905e-05
8.33877e-05
8.11022e-05
7.91553e-05
7.74587e-05
7.5962e-05
7.46244e-05
7.34173e-05
7.23153e-05
7.13013e-05
7.03566e-05
6.94494e-05
6.8624e-05
6.78412e-05
6.71769e-05
6.67911e-05
6.64808e-05
6.60168e-05
6.54455e-05
6.48319e-05
6.42085e-05
6.35887e-05
6.29776e-05
6.23769e-05
6.17868e-05
6.12072e-05
6.06375e-05
6.00776e-05
5.95264e-05
5.89836e-05
5.84501e-05
5.79248e-05
5.74059e-05
5.68943e-05
5.63912e-05
5.58947e-05
5.54033e-05
5.4918e-05
5.44395e-05
5.39668e-05
5.34982e-05
5.30342e-05
5.25752e-05
5.2121e-05
5.16705e-05
5.12225e-05
5.07772e-05
5.03354e-05
4.98967e-05
4.94605e-05
4.90263e-05
4.85927e-05
4.816e-05
4.77294e-05
4.7301e-05
4.68744e-05
4.64488e-05
4.6027e-05
4.56048e-05
0.000107741
0.000131148
0.000146662
0.000155585
0.000158943
0.000158762
0.000157409
0.000153869
0.000148195
0.000141312
0.000134122
0.000127877
0.000121026
0.000115572
0.000110887
0.000107823
0.000103472
0.000100519
9.79683e-05
9.57317e-05
9.37503e-05
9.19739e-05
9.03672e-05
8.88984e-05
8.75456e-05
8.6285e-05
8.5091e-05
8.39875e-05
8.2944e-05
8.19996e-05
8.12353e-05
8.05317e-05
7.97635e-05
7.89552e-05
7.81404e-05
7.73348e-05
7.65445e-05
7.57708e-05
7.50137e-05
7.42724e-05
7.35463e-05
7.28344e-05
7.21361e-05
7.14502e-05
7.07758e-05
7.01138e-05
6.94634e-05
6.88219e-05
6.81898e-05
6.75691e-05
6.69576e-05
6.6353e-05
6.57562e-05
6.51683e-05
6.45884e-05
6.40141e-05
6.34456e-05
6.28838e-05
6.23283e-05
6.17779e-05
6.1231e-05
6.06875e-05
6.01487e-05
5.9614e-05
5.90826e-05
5.85543e-05
5.80269e-05
5.75005e-05
5.69766e-05
5.64556e-05
5.59371e-05
5.54201e-05
5.49089e-05
5.43933e-05
0.000137747
0.00015838
0.000171908
0.000178914
0.000181792
0.000182879
0.000181389
0.000177015
0.000170546
0.000163057
0.000155694
0.000148211
0.000141693
0.00013595
0.000131352
0.000126622
0.000122853
0.000119566
0.000116667
0.00011409
0.000111775
0.00010968
0.000107764
0.000106
0.000104359
0.00010282
0.000101386
0.000100035
9.87819e-05
9.76601e-05
9.65977e-05
9.55282e-05
9.44635e-05
9.34189e-05
9.23999e-05
9.14075e-05
9.04409e-05
8.94985e-05
8.85785e-05
8.76797e-05
8.68006e-05
8.59402e-05
8.50968e-05
8.42688e-05
8.34573e-05
8.26618e-05
8.18782e-05
8.11067e-05
8.03498e-05
7.96056e-05
7.88706e-05
7.81451e-05
7.74312e-05
7.67277e-05
7.60318e-05
7.53431e-05
7.46627e-05
7.39905e-05
7.33252e-05
7.26644e-05
7.20077e-05
7.13568e-05
7.07112e-05
7.00698e-05
6.94327e-05
6.87968e-05
6.81617e-05
6.75294e-05
6.69007e-05
6.62749e-05
6.56512e-05
6.50362e-05
6.44075e-05
0.000141596
0.000168104
0.000187106
0.000198576
0.000205114
0.000209327
0.000210633
0.000208368
0.000203042
0.000195776
0.000187787
0.00017956
0.000171938
0.000165026
0.000159045
0.000153475
0.000148724
0.000144541
0.000140833
0.000137525
0.000134548
0.000131849
0.000129383
0.000127114
0.000125007
0.000123045
0.000121209
0.000119484
0.00011787
0.000116374
0.000114947
0.000113552
0.000112195
0.000110879
0.000109605
0.000108371
0.000107173
0.000106008
0.000104875
0.000103771
0.000102693
0.000101641
0.000100612
9.96041e-05
9.86175e-05
9.76526e-05
9.67037e-05
9.57701e-05
9.48556e-05
9.3958e-05
9.30727e-05
9.21993e-05
9.13405e-05
9.04956e-05
8.96606e-05
8.88346e-05
8.8019e-05
8.72138e-05
8.64179e-05
8.56279e-05
8.48426e-05
8.40645e-05
8.32931e-05
8.2527e-05
8.17665e-05
8.10078e-05
8.02494e-05
7.94939e-05
7.87425e-05
7.79945e-05
7.72493e-05
7.65166e-05
7.57538e-05
0.000142049
0.000175191
0.000200601
0.000217417
0.00022833
0.000236381
0.000241237
0.000241929
0.000238619
0.000232317
0.000224302
0.000215512
0.000206865
0.000198743
0.000191403
0.000184706
0.000178805
0.000173561
0.000168882
0.000164689
0.000160905
0.000157471
0.00015433
0.000151442
0.000148764
0.000146282
0.000143953
0.000141769
0.000139722
0.000137799
0.000135964
0.000134194
0.00013249
0.000130848
0.000129266
0.000127737
0.000126259
0.000124826
0.000123435
0.000122084
0.000120768
0.000119486
0.000118235
0.000117012
0.000115817
0.00011465
0.000113506
0.00011238
0.00011128
0.000110202
0.00010914
0.000108093
0.000107065
0.000106055
0.000105058
0.000104072
0.000103099
0.00010214
0.000101193
0.000100254
9.93204e-05
9.83957e-05
9.74796e-05
9.65703e-05
9.56684e-05
9.47689e-05
9.38695e-05
9.29727e-05
9.20809e-05
9.1193e-05
9.03086e-05
8.94419e-05
0.000138423
0.00017892
0.000211717
0.000234828
0.000250936
0.000263583
0.00027275
0.000277248
0.000276889
0.000272464
0.000265205
0.000256314
0.000246905
0.000237651
0.000228973
0.000220983
0.000213786
0.000207317
0.0002015
0.000196259
0.000191511
0.000187192
0.000183237
0.000179598
0.000176226
0.000173108
0.000170179
0.000167436
0.000164862
0.000162434
0.000160121
0.000157906
0.000155784
0.000153748
0.00015179
0.000149906
0.000148087
0.00014633
0.000144627
0.000142976
0.000141373
0.000139814
0.000138297
0.000136814
0.000135369
0.000133962
0.000132583
0.000131229
0.000129907
0.000128614
0.000127342
0.000126089
0.00012486
0.000123654
0.000122466
0.000121291
0.000120133
0.000118993
0.000117868
0.000116753
0.000115646
0.000114549
0.000113463
0.000112386
0.000111319
0.000110255
0.000109191
0.000108129
0.000107073
0.000106022
0.000104975
0.000103953
0.000129978
0.000178546
0.000219678
0.000250076
0.000272301
0.000290377
0.000304646
0.000313797
0.000317335
0.000315787
0.000310237
0.000301977
0.000292298
0.000282178
0.000272274
0.00026294
0.000254349
0.000246518
0.000239407
0.000232953
0.000227077
0.000221712
0.000216788
0.000212252
0.000208049
0.000204163
0.000200511
0.000197091
0.000193881
0.00019085
0.000187968
0.000185219
0.000182592
0.00018008
0.00017767
0.000175355
0.000173125
0.000170975
0.000168897
0.000166886
0.000164936
0.000163045
0.000161206
0.000159414
0.000157669
0.000155973
0.000154314
0.000152687
0.000151099
0.000149549
0.000148027
0.000146529
0.00014506
0.000143622
0.000142206
0.000140807
0.000139429
0.000138073
0.000136737
0.000135415
0.000134101
0.000132801
0.000131515
0.00013024
0.000128977
0.000127719
0.00012646
0.000125203
0.000123954
0.000122709
0.00012147
0.000120264
0.000116694
0.000173413
0.00022362
0.000262287
0.00029165
0.00031608
0.000336307
0.000350981
0.000359355
0.00036171
0.000358926
0.000352244
0.000343045
0.000332557
0.000321715
0.000311134
0.000301141
0.000291868
0.000283339
0.000275525
0.000268362
0.000261788
0.000255735
0.000250143
0.000244957
0.000240157
0.000235644
0.000231415
0.000227443
0.000223692
0.000220131
0.000216742
0.000213512
0.000210427
0.000207473
0.00020464
0.000201917
0.000199296
0.000196767
0.000194323
0.000191959
0.000189668
0.000187446
0.000185282
0.000183179
0.000181139
0.000179145
0.000177191
0.000175287
0.000173432
0.000171612
0.000169823
0.000168069
0.000166354
0.000164667
0.000163003
0.000161363
0.000159752
0.000158166
0.000156598
0.00015504
0.000153498
0.000151975
0.000150465
0.00014897
0.000147482
0.000145993
0.000144506
0.000143027
0.000141554
0.000140087
0.000138662
9.94095e-05
0.000163135
0.00022262
0.000270437
0.000308041
0.000339853
0.000366977
0.000388105
0.00040228
0.000409562
0.000410638
0.000406615
0.000398864
0.000388766
0.000377508
0.000365979
0.000354721
0.000344027
0.000334023
0.000324744
0.00031616
0.000308228
0.000300886
0.000294079
0.000287752
0.00028188
0.000276353
0.000271169
0.000266296
0.000261693
0.000257327
0.000253179
0.000249229
0.00024546
0.000241858
0.000238407
0.000235095
0.00023191
0.000228842
0.000225882
0.000223023
0.000220257
0.000217578
0.000214971
0.000212441
0.00020999
0.000207599
0.000205257
0.000202978
0.000200759
0.000198586
0.00019645
0.000194359
0.000192316
0.000190308
0.000188329
0.000186381
0.000184467
0.000182585
0.000180726
0.00017888
0.000177053
0.000175249
0.000173461
0.000171694
0.000169934
0.000168173
0.000166414
0.000164663
0.00016292
0.000161184
0.000159501
8.07765e-05
0.000147726
0.000215739
0.000273363
0.00032035
0.00036067
0.000395732
0.000424332
0.000445335
0.000458595
0.000464629
0.000464405
0.000459212
0.000450485
0.000439587
0.000427655
0.000415473
0.000403538
0.00039212
0.000381353
0.00037127
0.000361866
0.000353099
0.000344928
0.000337303
0.000330199
0.000323503
0.000317209
0.000311283
0.000305682
0.000300372
0.000295328
0.000290528
0.000285952
0.00028158
0.000277396
0.000273385
0.000269532
0.000265825
0.000262252
0.000258805
0.000255474
0.000252252
0.000249121
0.000246084
0.000243146
0.000240284
0.000237484
0.000234758
0.00023211
0.000229519
0.000226974
0.000224483
0.000222052
0.000219666
0.000217316
0.000215003
0.000212732
0.000210501
0.000208299
0.000206113
0.000203952
0.000201816
0.000199702
0.000197612
0.000195534
0.000193453
0.000191374
0.000189304
0.000187242
0.000185189
0.000183201
6.32218e-05
0.000127789
0.000202153
0.000269809
0.000327267
0.000377294
0.000421432
0.000458627
0.000487586
0.000507944
0.000520065
0.000524796
0.000523337
0.000517112
0.000507571
0.000496037
0.00048352
0.000470737
0.000458139
0.000445996
0.000434436
0.000423517
0.000413241
0.000403591
0.000394535
0.000386051
0.000378033
0.000370473
0.00036334
0.000356588
0.000350183
0.000344096
0.000338304
0.000332781
0.000327507
0.000322462
0.000317627
0.000312987
0.000308526
0.00030423
0.00030009
0.000296092
0.000292228
0.000288478
0.000284842
0.000281329
0.00027791
0.000274568
0.000271318
0.000268162
0.000265078
0.000262051
0.00025909
0.000256202
0.00025337
0.000250583
0.000247841
0.000245149
0.000242509
0.000239904
0.000237319
0.000234763
0.00023224
0.000229742
0.000227275
0.000224822
0.000222367
0.000219912
0.000217468
0.000215033
0.000212608
0.000210262
5.2503e-05
0.000105439
0.000181563
0.00025858
0.000327322
0.000388253
0.00044269
0.000489715
0.000527879
0.00055657
0.000575981
0.000586858
0.000590339
0.000587818
0.000580781
0.000570661
0.000558646
0.000545657
0.000532338
0.00051912
0.000506259
0.000493906
0.000482127
0.000470952
0.000460381
0.000450406
0.000440937
0.000431972
0.000423484
0.00041543
0.000407778
0.000400497
0.000393561
0.000386945
0.000380624
0.000374576
0.000368782
0.000363222
0.000357879
0.000352737
0.000347782
0.000343002
0.000338385
0.000333907
0.000329569
0.000325379
0.000321306
0.000317329
0.00031346
0.000309708
0.000306044
0.000302451
0.000298937
0.000295512
0.000292158
0.000288858
0.000285613
0.000282428
0.000279307
0.00027623
0.000273179
0.000270162
0.000267184
0.000264238
0.000261328
0.000258438
0.000255546
0.000252654
0.000249774
0.000246903
0.000244045
0.000241277
4.57642e-05
8.28675e-05
0.00015496
0.000238912
0.000318983
0.000391842
0.000457841
0.000516029
0.000564778
0.000603179
0.000631211
0.000649514
0.000659184
0.000661608
0.000658296
0.000650748
0.000640277
0.000627963
0.000614628
0.00060087
0.00058709
0.000573555
0.000560424
0.000547794
0.000535715
0.000524208
0.000513214
0.000502744
0.000492781
0.000483295
0.000474255
0.000465635
0.000457407
0.000449548
0.000442031
0.000434834
0.000427935
0.000421313
0.000414949
0.000408824
0.000402925
0.000397233
0.000391739
0.000386413
0.000381254
0.000376274
0.000371436
0.000366715
0.000362125
0.000357674
0.000353332
0.000349077
0.000344917
0.000340864
0.000336897
0.000332998
0.000329165
0.000325405
0.000321721
0.000318093
0.000314497
0.000310942
0.000307434
0.000303966
0.000300541
0.000297142
0.000293742
0.000290341
0.000286954
0.000283576
0.000280214
0.000276953
4.20524e-05
6.39935e-05
0.000125491
0.000211005
0.000300865
0.000386172
0.000464922
0.000535673
0.000596512
0.000646157
0.000684305
0.000711453
0.000728659
0.000737327
0.00073901
0.00073527
0.000727514
0.000716943
0.000704522
0.000690999
0.00067692
0.000662678
0.000648541
0.000634692
0.000621252
0.000608288
0.000595788
0.000583787
0.000572292
0.000561287
0.000550754
0.000540674
0.000531026
0.000521786
0.000512932
0.000504441
0.000496292
0.000488463
0.000480933
0.000473684
0.000466698
0.000459958
0.000453452
0.000447146
0.000441036
0.000435139
0.000429415
0.000423832
0.000418402
0.000413138
0.000408008
0.000402983
0.00039807
0.000393285
0.000388606
0.000384009
0.000379491
0.000375061
0.000370722
0.000366453
0.000362224
0.000358044
0.000353921
0.000349845
0.000345821
0.000341831
0.000337843
0.000333854
0.000329879
0.000325916
0.000321972
0.00031813
4.12944e-05
5.29972e-05
9.73983e-05
0.000176312
0.000272114
0.000369324
0.000461699
0.000546393
0.00062092
0.000683498
0.000733442
0.000771041
0.000797289
0.000813613
0.000821633
0.000822996
0.000819203
0.000811561
0.00080115
0.000788843
0.000775312
0.000761072
0.000746502
0.000731883
0.00071742
0.000703241
0.000689396
0.00067596
0.000662974
0.000650448
0.000638386
0.000626781
0.000615624
0.000604901
0.000594593
0.000584683
0.000575152
0.00056598
0.000557147
0.000548631
0.000540419
0.000532489
0.000524831
0.000517407
0.000510211
0.000503262
0.000496519
0.000489944
0.000483547
0.000477345
0.000471304
0.00046539
0.000459608
0.000453976
0.000448471
0.000443067
0.000437757
0.00043255
0.000427452
0.00042244
0.000417479
0.000412577
0.000407741
0.000402962
0.000398246
0.000393574
0.000388907
0.00038424
0.000379589
0.00037495
0.000370337
0.000365809
4.17679e-05
4.773e-05
7.39584e-05
0.000137786
0.000233037
0.000339693
0.000445787
0.000545586
0.000635412
0.000712738
0.000776344
0.000826213
0.000863216
0.000888787
0.000904623
0.000912475
0.000913966
0.000910516
0.000903317
0.00089335
0.000881397
0.000868077
0.000853874
0.000839163
0.000824234
0.000809292
0.000794455
0.000779849
0.000765562
0.000751642
0.000738123
0.000725022
0.000712349
0.000700105
0.000688283
0.000676874
0.000665865
0.000655242
0.000644987
0.000635082
0.000625515
0.000616263
0.000607319
0.00059864
0.000590221
0.000582083
0.000574186
0.000566485
0.000558988
0.000551715
0.000544633
0.000537702
0.000530924
0.000524319
0.000517867
0.000511535
0.000505315
0.000499215
0.000493244
0.000487377
0.000481573
0.000475839
0.000470184
0.000464597
0.000459084
0.000453626
0.000448181
0.000442737
0.000437311
0.000431898
0.000426519
0.00042118
4.25591e-05
4.49678e-05
5.85562e-05
0.000101289
0.000186071
0.000296678
0.000414973
0.000530396
0.000636962
0.0007309
0.000810202
0.000874381
0.000924095
0.000960736
0.000986065
0.00100195
0.00101016
0.00101226
0.00100955
0.00100315
0.000993926
0.000982602
0.00096975
0.000955831
0.000941217
0.000926183
0.000910924
0.000895622
0.000880417
0.000865407
0.000850662
0.000836235
0.000822162
0.000808467
0.000795162
0.000782253
0.000769739
0.000757614
0.00074587
0.000734492
0.000723474
0.000712795
0.000702451
0.000692401
0.000682635
0.000673181
0.000664
0.000655043
0.000646314
0.000637837
0.000629582
0.000621503
0.000613599
0.000605891
0.000598362
0.000590976
0.000583721
0.000576603
0.000569634
0.000562791
0.000556027
0.000549343
0.000542752
0.000536242
0.000529818
0.000523464
0.00051713
0.000510802
0.000504493
0.0004982
0.00049195
0.000485654
4.38315e-05
4.39942e-05
4.98797e-05
7.38268e-05
0.000137626
0.000242249
0.000367987
0.000498026
0.000622191
0.000734475
0.000831594
0.000912331
0.00097697
0.00102678
0.00106354
0.00108924
0.00110579
0.00111492
0.00111811
0.00111658
0.00111133
0.00110318
0.0010928
0.00108071
0.00106738
0.00105313
0.00103823
0.00102292
0.0010074
0.000991806
0.000976265
0.000960866
0.000945678
0.000930756
0.000916138
0.000901851
0.000887913
0.000874334
0.000861116
0.000848256
0.000835755
0.000823599
0.00081179
0.000800289
0.000789086
0.000778217
0.000767647
0.000757323
0.000747247
0.000737447
0.000727894
0.000718544
0.000709388
0.000700451
0.000691717
0.000683149
0.000674731
0.000666468
0.000658375
0.00065043
0.000642581
0.000634826
0.000627176
0.000619622
0.000612167
0.000604797
0.000597459
0.00059013
0.000582825
0.000575538
0.000568306
4.43338e-05
4.43318e-05
4.67143e-05
5.77242e-05
9.72401e-05
0.000182747
0.000306046
0.000446497
0.000587656
0.000719482
0.000836458
0.000936135
0.00101816
0.00108352
0.00113396
0.00117153
0.0011983
0.00121619
0.00122683
0.00123162
0.00123171
0.00122803
0.00122132
0.00121223
0.00120126
0.00118882
0.00117524
0.00116081
0.00114577
0.00113032
0.00111463
0.00109882
0.001083
0.00106727
0.00105169
0.00103632
0.00102119
0.00100635
0.000991798
0.000977561
0.000963648
0.000950057
0.000936799
0.000923842
0.000911179
0.000898851
0.000886834
0.000875076
0.000863574
0.000852362
0.000841418
0.000830696
0.000820182
0.000809904
0.000799851
0.000789986
0.000780287
0.000770759
0.00076142
0.00075225
0.000743195
0.000734246
0.000725416
0.000716695
0.000708087
0.000699579
0.000691118
0.000682672
0.000674254
0.000665855
0.000657526
4.40286e-05
4.41606e-05
4.53001e-05
5.00838e-05
7.02656e-05
0.000128185
0.000234828
0.000376194
0.000530603
0.000681753
0.000820131
0.000941095
0.00104315
0.00112675
0.00119343
0.00124528
0.00128447
0.00131311
0.00133303
0.00134581
0.00135276
0.00135496
0.00135327
0.00134843
0.00134102
0.00133154
0.00132036
0.00130783
0.00129424
0.00127984
0.00126482
0.00124936
0.00123362
0.0012177
0.00120171
0.00118574
0.00116986
0.00115411
0.00113855
0.0011232
0.00110809
0.00109325
0.00107868
0.00106437
0.00105033
0.00103659
0.00102316
0.00100997
0.000997034
0.000984382
0.000972005
0.000959858
0.000947924
0.000936233
0.00092478
0.000913529
0.000902458
0.000891568
0.00088088
0.00087038
0.000860011
0.000849759
0.000839638
0.000829637
0.000819761
0.00081
0.0008003
0.000790624
0.000780979
0.000771355
0.000761815
4.40424e-05
4.45541e-05
4.65725e-05
5.55872e-05
8.76319e-05
0.000165057
0.000292143
0.000450572
0.000617703
0.00077764
0.000921783
0.00104652
0.00115126
0.00123709
0.00130598
0.00136018
0.00140193
0.00143328
0.00145599
0.00147158
0.00148128
0.00148611
0.00148692
0.0014844
0.00147912
0.00147154
0.00146205
0.001451
0.00143867
0.00142532
0.00141114
0.00139633
0.00138104
0.0013654
0.00134952
0.00133351
0.00131743
0.00130137
0.00128536
0.00126947
0.00125372
0.00123815
0.00122276
0.00120756
0.0011926
0.0011779
0.00116341
0.00114914
0.00113512
0.00112135
0.00110781
0.00109447
0.00108136
0.00106849
0.00105582
0.00104334
0.00103104
0.00101894
0.00100704
0.000995282
0.000983649
0.000972152
0.000960783
0.000949545
0.000938435
0.0009274
0.000916396
0.000905427
0.000894478
0.000883622
4.43712e-05
4.42742e-05
4.50814e-05
4.87727e-05
6.36211e-05
0.00010917
0.000205811
0.000352098
0.000526072
0.00070453
0.000872343
0.00102198
0.0011508
0.00125896
0.00134803
0.00142021
0.00147784
0.00152315
0.00155812
0.00158444
0.00160357
0.00161667
0.00162475
0.00162861
0.00162894
0.00162627
0.00162108
0.00161376
0.00160466
0.00159406
0.00158222
0.00156935
0.00155565
0.00154127
0.00152635
0.00151101
0.00149537
0.00147951
0.0014635
0.00144742
0.00143132
0.00141525
0.00139923
0.00138328
0.00136746
0.00135181
0.0013363
0.00132094
0.00130576
0.0012908
0.00127601
0.00126139
0.00124697
0.00123276
0.00121873
0.00120488
0.00119119
0.0011777
0.00116439
0.00115124
0.0011382
0.0011253
0.00111252
0.00109987
0.00108735
0.00107492
0.00106253
0.00105017
0.00103783
0.00102558
4.46189e-05
4.439e-05
4.46558e-05
4.60847e-05
5.21258e-05
7.39193e-05
0.000133076
0.000247683
0.00041117
0.00059884
0.000787431
0.000962707
0.00111812
0.00125183
0.00136452
0.00145807
0.0015348
0.00159706
0.00164702
0.0016866
0.00171743
0.00174089
0.00175815
0.00177016
0.00177771
0.00178147
0.00178198
0.00177973
0.00177512
0.0017685
0.00176015
0.00175034
0.0017393
0.00172721
0.00171424
0.00170054
0.00168624
0.00167145
0.00165627
0.00164078
0.00162506
0.00160918
0.00159317
0.00157707
0.00156095
0.00154486
0.0015288
0.00151278
0.00149684
0.00148102
0.0014653
0.00144969
0.0014342
0.00141887
0.00140369
0.00138864
0.00137371
0.00135894
0.00134434
0.00132986
0.00131549
0.00130124
0.00128709
0.00127306
0.00125915
0.00124533
0.00123154
0.00121778
0.00120403
0.00119037
4.47152e-05
4.46481e-05
4.46977e-05
4.5246e-05
4.74779e-05
5.63791e-05
8.52447e-05
0.000156952
0.000287066
0.000465057
0.000664567
0.000862502
0.00104537
0.00120735
0.00134716
0.00146579
0.00156527
0.00164795
0.00171614
0.00177195
0.00181723
0.00185355
0.00188228
0.00190452
0.00192124
0.0019332
0.00194108
0.00194544
0.00194677
0.00194548
0.00194193
0.00193641
0.00192921
0.00192055
0.00191063
0.00189963
0.00188769
0.00187497
0.00186157
0.0018476
0.00183315
0.0018183
0.00180311
0.00178764
0.00177195
0.00175612
0.00174016
0.00172409
0.00170797
0.00169183
0.00167569
0.00165955
0.00164343
0.00162738
0.0016114
0.00159547
0.00157961
0.00156384
0.00154819
0.00153262
0.00151712
0.00150169
0.00148634
0.00147106
0.00145588
0.00144077
0.00142569
0.00141061
0.00139552
0.0013805
4.47527e-05
4.47709e-05
4.47942e-05
4.50194e-05
4.58143e-05
4.91136e-05
6.08865e-05
9.60218e-05
0.000177795
0.000319711
0.000509055
0.000718677
0.000925582
0.00111664
0.00128641
0.00143384
0.00156005
0.00166708
0.00175726
0.00183281
0.00189578
0.00194797
0.00199091
0.00202592
0.00205411
0.00207642
0.00209364
0.00210644
0.00211542
0.00212106
0.00212379
0.00212398
0.00212197
0.00211801
0.00211236
0.00210523
0.0020968
0.00208723
0.00207667
0.00206524
0.00205305
0.0020402
0.00202677
0.00201283
0.00199845
0.00198371
0.00196867
0.00195334
0.00193777
0.00192203
0.00190614
0.00189012
0.00187398
0.00185779
0.00184155
0.00182528
0.00180896
0.00179265
0.00177636
0.00176009
0.00174382
0.00172756
0.00171132
0.00169509
0.00167891
0.00166276
0.0016466
0.00163042
0.00161419
0.00159799
4.47943e-05
4.48297e-05
4.48631e-05
4.49642e-05
4.52641e-05
4.64347e-05
5.07476e-05
6.4878e-05
0.0001044
0.000192295
0.000341269
0.000538378
0.000756413
0.000972172
0.00117236
0.00135141
0.00150822
0.00164383
0.00176021
0.00185956
0.00194405
0.00201565
0.0020761
0.00212691
0.00216939
0.00220463
0.00223357
0.00225703
0.00227569
0.00229016
0.00230096
0.00230853
0.00231326
0.00231548
0.0023155
0.00231357
0.00230991
0.00230472
0.00229817
0.00229042
0.00228158
0.0022718
0.00226116
0.00224975
0.00223766
0.00222497
0.00221176
0.00219806
0.00218393
0.00216943
0.00215462
0.0021395
0.00212411
0.00210851
0.00209274
0.00207679
0.00206068
0.00204445
0.00202812
0.00201172
0.00199523
0.00197865
0.00196201
0.0019453
0.00192855
0.00191177
0.00189493
0.00187801
0.00186099
0.00184395
4.48258e-05
4.4864e-05
4.4909e-05
4.49684e-05
4.50973e-05
4.5517e-05
4.70134e-05
5.20592e-05
6.75043e-05
0.000108571
0.000197563
0.000347878
0.00054848
0.000772907
0.000997365
0.00120769
0.00139767
0.00156578
0.00171278
0.00184044
0.00195082
0.00204599
0.00212784
0.00219808
0.0022582
0.00230949
0.00235304
0.00238982
0.00242065
0.00244626
0.00246727
0.00248421
0.00249756
0.00250773
0.00251508
0.0025199
0.00252249
0.00252308
0.00252188
0.00251908
0.00251483
0.00250929
0.00250259
0.00249482
0.00248607
0.00247648
0.00246612
0.00245504
0.0024433
0.00243099
0.00241816
0.00240486
0.0023911
0.00237694
0.00236245
0.00234764
0.00233253
0.00231714
0.00230152
0.0022857
0.00226968
0.00225346
0.00223707
0.0022205
0.00220378
0.00218696
0.00216999
0.00215288
0.00213559
0.00211819
4.48324e-05
4.48735e-05
4.49362e-05
4.49862e-05
4.50592e-05
4.52264e-05
4.57429e-05
4.74377e-05
5.27541e-05
6.81021e-05
0.000107431
0.00019193
0.00033691
0.000535545
0.000763403
0.000995863
0.0012171
0.0014196
0.00160096
0.00176144
0.00190246
0.00202589
0.00213366
0.0022276
0.00230936
0.00238041
0.00244205
0.00249538
0.00254139
0.00258093
0.00261476
0.00264351
0.00266776
0.002688
0.00270466
0.00271812
0.00272873
0.00273676
0.00274249
0.00274614
0.0027479
0.00274796
0.00274648
0.0027436
0.00273941
0.00273406
0.00272767
0.0027203
0.00271201
0.00270291
0.00269307
0.00268255
0.00267137
0.0026596
0.00264731
0.00263453
0.00262128
0.00260759
0.00259352
0.0025791
0.00256435
0.00254927
0.00253389
0.00251821
0.00250227
0.0024861
0.0024697
0.00245306
0.00243616
0.00241905
4.48181e-05
4.48613e-05
4.49212e-05
4.49753e-05
4.50392e-05
4.51332e-05
4.53346e-05
4.5903e-05
4.76236e-05
5.26682e-05
6.65179e-05
0.00010108
0.00017569
0.000307915
0.000497356
0.000723821
0.000962246
0.00119441
0.00141063
0.00160707
0.00178312
0.00193969
0.00207835
0.00220085
0.00230891
0.00240414
0.00248798
0.00256174
0.00262655
0.00268342
0.00273322
0.00277673
0.00281464
0.00284753
0.00287594
0.00290032
0.00292108
0.00293858
0.00295314
0.00296503
0.00297451
0.00298179
0.00298707
0.00299053
0.00299229
0.00299253
0.00299139
0.00298894
0.00298529
0.00298055
0.00297481
0.00296814
0.00296058
0.00295221
0.00294311
0.00293332
0.00292288
0.00291182
0.0029002
0.00288807
0.00287546
0.00286237
0.00284884
0.00283487
0.0028205
0.00280578
0.00279072
0.00277531
0.00275954
0.00274346
4.47949e-05
4.48372e-05
4.48803e-05
4.49327e-05
4.49931e-05
4.50672e-05
4.51763e-05
4.53953e-05
4.59588e-05
4.75288e-05
5.18468e-05
6.31838e-05
9.09042e-05
0.000151456
0.000263642
0.000434711
0.000651965
0.000891757
0.00113319
0.00136339
0.00157626
0.0017698
0.00194412
0.00210029
0.00223981
0.00236425
0.00247514
0.00257391
0.00266183
0.00274007
0.00280966
0.00287151
0.00292643
0.00297513
0.00301823
0.0030563
0.00308983
0.00311926
0.00314496
0.00316729
0.00318654
0.00320299
0.00321689
0.00322845
0.00323783
0.00324525
0.00325086
0.0032548
0.00325717
0.00325811
0.00325774
0.00325614
0.00325338
0.00324956
0.00324475
0.00323903
0.00323243
0.00322501
0.00321683
0.00320794
0.0031984
0.00318822
0.00317744
0.00316605
0.00315411
0.00314168
0.00312878
0.00311541
0.00310156
0.00308728
4.47727e-05
4.481e-05
4.4851e-05
4.48964e-05
4.49483e-05
4.50097e-05
4.50866e-05
4.51994e-05
4.54131e-05
4.59153e-05
4.72063e-05
5.05477e-05
5.89655e-05
7.91548e-05
0.000123779
0.000210574
0.000353284
0.000549812
0.000782094
0.00102786
0.00127027
0.00149981
0.00171219
0.00190621
0.00208217
0.00224112
0.00238439
0.00251338
0.00262944
0.00273385
0.00282776
0.00291223
0.0029882
0.0030565
0.00311789
0.00317302
0.0032225
0.00326684
0.00330652
0.00334194
0.00337349
0.0034015
0.00342627
0.00344807
0.00346711
0.00348362
0.00349783
0.0035099
0.00351995
0.00352816
0.00353468
0.00353961
0.00354305
0.0035451
0.00354587
0.00354544
0.00354389
0.00354125
0.00353761
0.00353305
0.00352762
0.00352136
0.0035143
0.00350646
0.00349788
0.00348865
0.00347879
0.00346832
0.00345724
0.00344558
4.47721e-05
4.48019e-05
4.48324e-05
4.4866e-05
4.4905e-05
4.4952e-05
4.50092e-05
4.50822e-05
4.51883e-05
4.53771e-05
4.57828e-05
4.67454e-05
4.90937e-05
5.47714e-05
6.8094e-05
9.76969e-05
0.00015777
0.000264593
0.00042666
0.000636872
0.000876342
0.00112511
0.00136901
0.00160018
0.00181511
0.0020128
0.00219352
0.00235815
0.00250784
0.00264383
0.00276731
0.00287942
0.00298123
0.00307368
0.00315765
0.00323391
0.00330318
0.00336607
0.00342316
0.00347494
0.00352186
0.00356433
0.00360273
0.00363738
0.00366855
0.00369653
0.00372157
0.00374389
0.00376366
0.00378107
0.00379632
0.00380955
0.00382086
0.0038304
0.00383829
0.00384464
0.00384954
0.00385306
0.00385528
0.0038563
0.0038562
0.00385502
0.00385282
0.00384962
0.00384547
0.00384046
0.00383463
0.00382802
0.00382063
0.00381251
4.47953e-05
4.48553e-05
4.49029e-05
4.49419e-05
4.49767e-05
4.50113e-05
4.50491e-05
4.50936e-05
4.51505e-05
4.52334e-05
4.5377e-05
4.56677e-05
4.63155e-05
4.78149e-05
5.12995e-05
5.92729e-05
7.69084e-05
0.00011369
0.000183617
0.000300786
0.000470771
0.000685426
0.00092713
0.00117776
0.00142432
0.00165947
0.00187977
0.00208404
0.00227235
0.00244537
0.00260402
0.00274938
0.00288248
0.00300437
0.00311598
0.00321821
0.00331187
0.00339768
0.00347632
0.00354838
0.0036144
0.00367488
0.00373026
0.00378094
0.00382728
0.0038696
0.00390821
0.00394339
0.00397536
0.00400435
0.00403059
0.00405426
0.00407551
0.0040945
0.0041114
0.00412633
0.00413941
0.00415073
0.0041604
0.00416854
0.00417523
0.00418055
0.00418456
0.00418731
0.00418885
0.00418928
0.00418866
0.00418704
0.00418444
0.0041809
4.47033e-05
4.47574e-05
4.48215e-05
4.48884e-05
4.49543e-05
4.50182e-05
4.50797e-05
4.51395e-05
4.51995e-05
4.52638e-05
4.53419e-05
4.54557e-05
4.56561e-05
4.60619e-05
4.6943e-05
4.89027e-05
5.32546e-05
6.27431e-05
8.27056e-05
0.000122321
0.000194397
0.000311422
0.000478594
0.000689494
0.000928905
0.00118004
0.00142999
0.00167094
0.00189893
0.00211232
0.00231078
0.00249467
0.0026647
0.00282171
0.00296663
0.00310035
0.00322373
0.00333761
0.00344271
0.00353975
0.00362936
0.00371211
0.00378853
0.00385912
0.0039243
0.00398446
0.00403999
0.0040912
0.0041384
0.00418186
0.00422185
0.00425861
0.00429232
0.00432318
0.00435139
0.00437711
0.00440049
0.00442166
0.00444073
0.00445785
0.00447314
0.00448668
0.00449857
0.00450885
0.00451762
0.00452498
0.004531
0.00453575
0.00453926
0.00454158
4.45646e-05
4.45516e-05
4.45544e-05
4.45651e-05
4.45783e-05
4.45816e-05
4.46065e-05
4.46536e-05
4.47029e-05
4.47461e-05
4.47705e-05
4.48197e-05
4.48837e-05
4.49573e-05
4.50375e-05
4.51224e-05
4.52123e-05
4.53109e-05
4.54289e-05
4.55925e-05
4.58623e-05
4.63729e-05
4.74183e-05
4.96276e-05
5.43078e-05
6.40586e-05
8.371e-05
0.000121287
0.000187918
0.000295055
0.000449158
0.000647401
0.00087827
0.00112661
0.00137902
0.00162636
0.00186348
0.00208789
0.00229862
0.0024956
0.00267921
0.00285008
0.00300895
0.00315658
0.00329375
0.0034212
0.00353963
0.0036497
0.00375201
0.00384713
0.00393558
0.00401782
0.0040943
0.00416542
0.00423154
0.00429299
0.00435011
0.00440317
0.00445242
0.00449811
0.00454046
0.00457969
0.00461597
0.00464946
0.00468033
0.00470874
0.00473483
0.00475872
0.00478053
0.00480033
0.00481823
0.00483434
0.00484876
0.00486157
0.00487282
0.00488259
4.45491e-05
4.45353e-05
4.45385e-05
4.45499e-05
4.45659e-05
4.45575e-05
4.45487e-05
4.45645e-05
4.45964e-05
4.46363e-05
4.46764e-05
4.47175e-05
4.47585e-05
4.47981e-05
4.48252e-05
4.48734e-05
4.4937e-05
4.5014e-05
4.51045e-05
4.52124e-05
4.53491e-05
4.55416e-05
4.58507e-05
4.64074e-05
4.7488e-05
4.96592e-05
5.40507e-05
6.28211e-05
7.98561e-05
0.000111537
0.000166943
0.000256414
0.000387985
0.000563315
0.000776115
0.00101441
0.00126493
0.00151681
0.00176285
0.00199902
0.00222338
0.00243515
0.00263424
0.00282097
0.00299583
0.00315944
0.00331244
0.00345548
0.00358922
0.00371425
0.00383116
0.00394049
0.00404275
0.00413839
0.00422787
0.00431159
0.00438992
0.0044632
0.00453175
0.00459586
0.00465581
0.00471185
0.00476421
0.0048131
0.0048587
0.00490122
0.00494083
0.00497768
0.00501192
0.00504366
0.00507302
0.00510014
0.00512514
0.00514811
0.00516913
0.00518829
4.45339e-05
4.45248e-05
4.45303e-05
4.45425e-05
4.45611e-05
4.4574e-05
4.45985e-05
4.46139e-05
4.4623e-05
4.46314e-05
4.46379e-05
4.4643e-05
4.46657e-05
4.46942e-05
4.47239e-05
4.4756e-05
4.47905e-05
4.48269e-05
4.48635e-05
4.48983e-05
4.49602e-05
4.50446e-05
4.51625e-05
4.53391e-05
4.56285e-05
4.61426e-05
4.71083e-05
4.89733e-05
5.25969e-05
5.95679e-05
7.26812e-05
9.65216e-05
0.000137872
0.000205318
0.00030742
0.000449678
0.000631843
0.000847415
0.00108573
0.0013353
0.00158659
0.00183304
0.00207085
0.00229807
0.00251387
0.00271801
0.00291065
0.00309214
0.00326296
0.00342364
0.00357474
0.00371679
0.00385033
0.00397588
0.00409392
0.00420494
0.00430933
0.00440752
0.00449988
0.00458676
0.00466848
0.00474536
0.00481767
0.00488566
0.00494959
0.00500967
0.00506612
0.00511914
0.0051689
0.00521555
0.00525925
0.00530015
0.0053384
0.00537411
0.00540741
0.00543837
4.45217e-05
4.45191e-05
4.45249e-05
4.45344e-05
4.45475e-05
4.45544e-05
4.45651e-05
4.45728e-05
4.45819e-05
4.45932e-05
4.46048e-05
4.46153e-05
4.46263e-05
4.46373e-05
4.46427e-05
4.46514e-05
4.46722e-05
4.4697e-05
4.47244e-05
4.4753e-05
4.47848e-05
4.48213e-05
4.48644e-05
4.49178e-05
4.49862e-05
4.51094e-05
4.53313e-05
4.57325e-05
4.64781e-05
4.78822e-05
5.05269e-05
5.54579e-05
6.44813e-05
8.05589e-05
0.000108214
0.000153687
0.000224407
0.000327463
0.000467353
0.000644085
0.000852705
0.00108461
0.00132993
0.00157972
0.0018273
0.00206835
0.00230049
0.00252253
0.00273401
0.00293482
0.00312517
0.00330538
0.00347581
0.00363693
0.00378923
0.00393315
0.00406913
0.00419761
0.00431903
0.00443378
0.00454223
0.00464473
0.00474161
0.00483319
0.00491976
0.00500158
0.00507891
0.00515198
0.00522102
0.00528622
0.00534776
0.00540584
0.00546063
0.00551226
0.00556089
0.00560664
4.45162e-05
4.45154e-05
4.45197e-05
4.45268e-05
4.4537e-05
4.45433e-05
4.45525e-05
4.45594e-05
4.45645e-05
4.45706e-05
4.45781e-05
4.45868e-05
4.45966e-05
4.46072e-05
4.46172e-05
4.46266e-05
4.46366e-05
4.4647e-05
4.46571e-05
4.46618e-05
4.46687e-05
4.46789e-05
4.47003e-05
4.47263e-05
4.47574e-05
4.4798e-05
4.48565e-05
4.4948e-05
4.5102e-05
4.53711e-05
4.58652e-05
4.67883e-05
4.85024e-05
5.16283e-05
5.72132e-05
6.6982e-05
8.36144e-05
0.000111007
0.000154359
0.000219806
0.000313398
0.000439576
0.000599685
0.000791249
0.0010084
0.00124321
0.00148755
0.00173432
0.00197826
0.0022159
0.00244535
0.00266561
0.00287623
0.00307716
0.00326853
0.00345057
0.00362358
0.00378792
0.00394399
0.00409219
0.00423288
0.00436643
0.0044932
0.00461355
0.00472782
0.0048363
0.00493929
0.00503707
0.00512989
0.005218
0.00530164
0.005381
0.0054563
0.00552772
0.00559543
0.00565959
4.45129e-05
4.45123e-05
4.45147e-05
4.45201e-05
4.45282e-05
4.45335e-05
4.45398e-05
4.45444e-05
4.45474e-05
4.45506e-05
4.45544e-05
4.45593e-05
4.45654e-05
4.4573e-05
4.45816e-05
4.45911e-05
4.46013e-05
4.46119e-05
4.46227e-05
4.46327e-05
4.46421e-05
4.4651e-05
4.46603e-05
4.46702e-05
4.46808e-05
4.46922e-05
4.47014e-05
4.47178e-05
4.47469e-05
4.4798e-05
4.48955e-05
4.50689e-05
4.53813e-05
4.59465e-05
4.69627e-05
4.87692e-05
5.193e-05
5.73542e-05
6.64561e-05
8.1344e-05
0.000104948
0.000141374
0.000195371
0.000272019
0.000375785
0.00050941
0.00067313
0.000864306
0.00107793
0.00130731
0.00154617
0.00178829
0.00202888
0.00226467
0.00249363
0.00271461
0.00292703
0.00313069
0.00332566
0.00351205
0.00369006
0.00385994
0.00402201
0.00417659
0.00432401
0.00446458
0.00459858
0.00472633
0.0048481
0.00496419
0.00507487
0.00518036
0.00528089
0.00537668
0.00546794
0.00555486
4.4512e-05
4.45087e-05
4.45099e-05
4.45148e-05
4.45218e-05
4.45267e-05
4.45317e-05
4.45354e-05
4.45375e-05
4.45389e-05
4.45401e-05
4.45406e-05
4.45422e-05
4.45457e-05
4.45505e-05
4.45564e-05
4.45633e-05
4.45713e-05
4.45801e-05
4.45896e-05
4.45996e-05
4.461e-05
4.46207e-05
4.46316e-05
4.46426e-05
4.46537e-05
4.46644e-05
4.46754e-05
4.46875e-05
4.47023e-05
4.47236e-05
4.47571e-05
4.48134e-05
4.49116e-05
4.50859e-05
4.5391e-05
4.59341e-05
4.68852e-05
4.85249e-05
5.12951e-05
5.5868e-05
6.32753e-05
7.50094e-05
9.31458e-05
0.000120391
0.000160252
0.000216664
0.000293617
0.000394555
0.000521566
0.000675174
0.000853705
0.00105343
0.00126964
0.0014974
0.00173137
0.00196687
0.00220036
0.00242936
0.00265222
0.00286798
0.00307612
0.00327647
0.00346902
0.00365392
0.00383126
0.00400124
0.00416409
0.00432005
0.0044694
0.00461241
0.00474929
0.00488027
0.00500559
0.00512547
0.00524016
4.45178e-05
4.45078e-05
4.45048e-05
4.45065e-05
4.45113e-05
4.45172e-05
4.45216e-05
4.45254e-05
4.45284e-05
4.453e-05
4.45309e-05
4.45308e-05
4.45292e-05
4.4528e-05
4.45274e-05
4.45273e-05
4.45291e-05
4.45327e-05
4.45371e-05
4.45423e-05
4.45484e-05
4.45552e-05
4.45627e-05
4.4571e-05
4.45801e-05
4.45898e-05
4.46001e-05
4.46109e-05
4.46221e-05
4.46339e-05
4.46462e-05
4.46596e-05
4.46747e-05
4.46933e-05
4.47183e-05
4.4755e-05
4.4813e-05
4.4909e-05
4.5072e-05
4.53505e-05
4.58234e-05
4.66162e-05
4.79261e-05
5.00498e-05
5.34508e-05
5.88028e-05
6.70461e-05
7.94898e-05
9.78671e-05
0.000124365
0.000161636
0.000212758
0.000280818
0.000368527
0.000478036
0.000610433
0.000765398
0.000941033
0.00113432
0.001342
0.00155998
0.00178415
0.00201072
0.00223667
0.00245959
0.00267808
0.00289088
0.0030973
0.003297
0.00348981
0.00367579
0.00385506
0.00402764
0.00419367
0.00435333
0.00450679
0.00465426
4.4512e-05
4.45036e-05
4.45025e-05
4.45044e-05
4.45085e-05
4.45133e-05
4.45168e-05
4.45198e-05
4.45219e-05
4.45232e-05
4.45236e-05
4.4522e-05
4.45205e-05
4.45191e-05
4.45177e-05
4.45165e-05
4.45155e-05
4.45149e-05
4.45148e-05
4.45163e-05
4.45191e-05
4.45226e-05
4.45268e-05
4.45315e-05
4.45368e-05
4.45428e-05
4.45495e-05
4.45568e-05
4.45649e-05
4.45736e-05
4.4583e-05
4.45932e-05
4.46042e-05
4.46163e-05
4.46298e-05
4.46455e-05
4.46647e-05
4.46901e-05
4.47262e-05
4.47806e-05
4.48663e-05
4.50045e-05
4.52293e-05
4.55937e-05
4.61809e-05
4.71177e-05
4.85914e-05
5.08756e-05
5.43573e-05
5.95836e-05
6.73114e-05
7.85302e-05
9.45134e-05
0.000116813
0.000147268
0.000188177
0.000241791
0.000310296
0.000395675
0.00049949
0.000622487
0.000764498
0.000924372
0.00110033
0.00128947
0.00149017
0.00169866
0.00191201
0.00212745
0.00234255
0.00255565
0.00276551
0.00297087
0.00317103
0.00336554
0.00355415
0.00373679
4.45107e-05
4.45038e-05
4.4501e-05
4.45024e-05
4.45058e-05
4.45097e-05
4.45127e-05
4.45149e-05
4.45166e-05
4.45175e-05
4.45177e-05
4.45161e-05
4.45147e-05
4.45132e-05
4.45118e-05
4.45104e-05
4.45089e-05
4.45076e-05
4.45063e-05
4.45052e-05
4.45045e-05
4.45041e-05
4.4505e-05
4.4507e-05
4.45095e-05
4.45124e-05
4.45159e-05
4.45198e-05
4.45242e-05
4.45291e-05
4.45345e-05
4.45406e-05
4.45473e-05
4.45546e-05
4.45628e-05
4.45718e-05
4.45819e-05
4.45934e-05
4.46071e-05
4.46241e-05
4.46464e-05
4.46773e-05
4.47222e-05
4.47898e-05
4.48942e-05
4.50568e-05
4.53106e-05
4.57051e-05
4.63129e-05
4.72395e-05
4.86357e-05
5.07129e-05
5.37606e-05
5.81628e-05
6.44283e-05
7.32471e-05
8.54541e-05
0.000102064
0.000124296
0.000153551
0.000191466
0.000239639
0.000299687
0.000373132
0.000461085
0.000564471
0.000683587
0.000818203
0.000967494
0.0011297
0.00130342
0.00148771
0.00167951
0.00187674
0.00207735
0.00227931
0.00248104
4.45134e-05
4.45081e-05
4.4502e-05
4.44992e-05
4.45005e-05
4.45034e-05
4.45066e-05
4.4509e-05
4.45108e-05
4.4512e-05
4.45127e-05
4.4513e-05
4.45117e-05
4.45104e-05
4.45091e-05
4.45078e-05
4.45064e-05
4.45051e-05
4.45037e-05
4.45023e-05
4.45009e-05
4.44995e-05
4.44982e-05
4.44971e-05
4.44962e-05
4.4496e-05
4.44969e-05
4.44982e-05
4.44999e-05
4.45019e-05
4.45043e-05
4.4507e-05
4.451e-05
4.45134e-05
4.45172e-05
4.45214e-05
4.45262e-05
4.45314e-05
4.45373e-05
4.45439e-05
4.45514e-05
4.45602e-05
4.45707e-05
4.45838e-05
4.46008e-05
4.46239e-05
4.46567e-05
4.47044e-05
4.47753e-05
4.48819e-05
4.50426e-05
4.52844e-05
4.5646e-05
4.61827e-05
4.69703e-05
4.81138e-05
4.97568e-05
5.20895e-05
5.53589e-05
5.98838e-05
6.60676e-05
7.44325e-05
8.55853e-05
0.000100258
0.000119309
0.000143652
0.000174422
0.000212726
0.000259721
0.000316527
0.000384103
0.000463227
0.000554588
0.000658486
0.000774889
0.000903393
0.00104293
0.00119238
4.4507e-05
4.45069e-05
4.45001e-05
4.44976e-05
4.44987e-05
4.45012e-05
4.45038e-05
4.45057e-05
4.4507e-05
4.45079e-05
4.45084e-05
4.45087e-05
4.45077e-05
4.45066e-05
4.45056e-05
4.45045e-05
4.45034e-05
4.45023e-05
4.45011e-05
4.44999e-05
4.44987e-05
4.44974e-05
4.44961e-05
4.44948e-05
4.44935e-05
4.44923e-05
4.44916e-05
4.44917e-05
4.44922e-05
4.44929e-05
4.44939e-05
4.44951e-05
4.44965e-05
4.44981e-05
4.44999e-05
4.45019e-05
4.45042e-05
4.45068e-05
4.45097e-05
4.45129e-05
4.45164e-05
4.45204e-05
4.45249e-05
4.45301e-05
4.45362e-05
4.45435e-05
4.45525e-05
4.45642e-05
4.45798e-05
4.46013e-05
4.46317e-05
4.46755e-05
4.47394e-05
4.48329e-05
4.49696e-05
4.51686e-05
4.54568e-05
4.58707e-05
4.64598e-05
4.729e-05
4.84485e-05
5.00493e-05
5.22379e-05
5.51986e-05
5.9162e-05
6.44053e-05
7.12839e-05
8.02037e-05
9.16453e-05
0.000106164
0.000124375
0.000146935
0.000174569
0.000208096
0.000248276
0.000295867
0.000351522
0.000415776
4.45031e-05
4.45057e-05
4.44987e-05
4.44961e-05
4.44971e-05
4.44992e-05
4.45012e-05
4.45026e-05
4.45034e-05
4.4504e-05
4.45043e-05
4.45044e-05
4.45042e-05
4.45033e-05
4.45024e-05
4.45015e-05
4.45006e-05
4.44997e-05
4.44988e-05
4.44979e-05
4.44969e-05
4.44958e-05
4.44948e-05
4.44937e-05
4.44925e-05
4.44914e-05
4.44908e-05
4.44906e-05
4.44907e-05
4.44909e-05
4.44912e-05
4.44917e-05
4.44924e-05
4.44931e-05
4.4494e-05
4.4495e-05
4.44962e-05
4.44975e-05
4.4499e-05
4.45006e-05
4.45024e-05
4.45044e-05
4.45066e-05
4.45091e-05
4.45118e-05
4.45148e-05
4.45183e-05
4.45224e-05
4.45272e-05
4.45331e-05
4.45406e-05
4.45503e-05
4.45633e-05
4.45812e-05
4.46063e-05
4.46418e-05
4.46923e-05
4.47643e-05
4.48667e-05
4.50119e-05
4.52163e-05
4.55021e-05
4.58987e-05
4.64443e-05
4.71886e-05
4.81946e-05
4.95427e-05
5.13333e-05
5.36902e-05
5.67656e-05
6.07393e-05
6.58312e-05
7.22964e-05
8.04311e-05
9.05731e-05
0.000103103
0.000118435
0.000137007
4.45001e-05
4.45045e-05
4.44974e-05
4.44947e-05
4.44955e-05
4.44972e-05
4.44987e-05
4.44996e-05
4.44999e-05
4.45001e-05
4.45002e-05
4.45001e-05
4.44998e-05
4.4499e-05
4.44984e-05
4.44977e-05
4.44971e-05
4.44964e-05
4.44957e-05
4.4495e-05
4.44943e-05
4.44935e-05
4.44928e-05
4.44919e-05
4.44911e-05
4.44903e-05
4.44899e-05
4.44898e-05
4.44899e-05
4.449e-05
4.44903e-05
4.44906e-05
4.4491e-05
4.44915e-05
4.44921e-05
4.44927e-05
4.44935e-05
4.44943e-05
4.44952e-05
4.44962e-05
4.44973e-05
4.44985e-05
4.44998e-05
4.45012e-05
4.45028e-05
4.45045e-05
4.45063e-05
4.45084e-05
4.45106e-05
4.45131e-05
4.45159e-05
4.45191e-05
4.4523e-05
4.45277e-05
4.45336e-05
4.45413e-05
4.45514e-05
4.4565e-05
4.45837e-05
4.46096e-05
4.46455e-05
4.46954e-05
4.47647e-05
4.48607e-05
4.49927e-05
4.51733e-05
4.54188e-05
4.575e-05
4.61938e-05
4.67839e-05
4.75625e-05
4.85818e-05
4.99059e-05
5.16129e-05
5.37966e-05
5.65685e-05
6.00576e-05
6.4418e-05
4.44978e-05
4.45033e-05
4.44957e-05
4.44932e-05
4.4494e-05
4.44952e-05
4.44962e-05
4.44966e-05
4.44965e-05
4.44964e-05
4.44962e-05
4.44959e-05
4.4495e-05
4.44943e-05
4.44937e-05
4.44932e-05
4.44927e-05
4.44922e-05
4.44918e-05
4.44913e-05
4.44908e-05
4.44902e-05
4.44897e-05
4.44891e-05
4.44885e-05
4.44879e-05
4.44873e-05
4.4487e-05
4.44871e-05
4.44873e-05
4.44876e-05
4.44879e-05
4.44883e-05
4.44888e-05
4.44893e-05
4.44899e-05
4.44905e-05
4.44912e-05
4.4492e-05
4.44928e-05
4.44936e-05
4.44946e-05
4.44956e-05
4.44967e-05
4.44978e-05
4.44991e-05
4.45004e-05
4.45018e-05
4.45032e-05
4.45048e-05
4.45065e-05
4.45084e-05
4.45103e-05
4.45125e-05
4.45149e-05
4.45177e-05
4.45208e-05
4.45246e-05
4.45292e-05
4.4535e-05
4.45425e-05
4.45522e-05
4.45652e-05
4.45826e-05
4.46062e-05
4.46382e-05
4.46817e-05
4.47404e-05
4.48198e-05
4.49263e-05
4.50688e-05
4.5258e-05
4.55079e-05
4.58357e-05
4.6263e-05
4.68163e-05
4.75278e-05
4.84365e-05
4.44951e-05
4.45018e-05
4.44938e-05
4.44918e-05
4.44924e-05
4.44932e-05
4.44937e-05
4.44937e-05
4.44934e-05
4.4493e-05
4.44926e-05
4.4492e-05
4.44911e-05
4.44904e-05
4.44898e-05
4.44894e-05
4.4489e-05
4.44886e-05
4.44882e-05
4.44878e-05
4.44874e-05
4.4487e-05
4.44866e-05
4.44861e-05
4.44857e-05
4.44852e-05
4.44847e-05
4.44842e-05
4.44838e-05
4.44834e-05
4.44834e-05
4.44836e-05
4.4484e-05
4.44844e-05
4.44848e-05
4.44853e-05
4.44859e-05
4.44865e-05
4.44872e-05
4.44879e-05
4.44887e-05
4.44895e-05
4.44904e-05
4.44913e-05
4.44923e-05
4.44933e-05
4.44944e-05
4.44956e-05
4.44968e-05
4.4498e-05
4.44994e-05
4.45008e-05
4.45023e-05
4.45038e-05
4.45055e-05
4.45072e-05
4.4509e-05
4.4511e-05
4.45132e-05
4.45156e-05
4.45183e-05
4.45213e-05
4.4525e-05
4.45293e-05
4.45347e-05
4.45415e-05
4.45501e-05
4.45614e-05
4.45762e-05
4.45957e-05
4.46215e-05
4.46557e-05
4.4701e-05
4.47608e-05
4.48395e-05
4.49427e-05
4.50773e-05
4.52518e-05
4.44927e-05
4.45002e-05
4.44919e-05
4.44905e-05
4.44909e-05
4.44912e-05
4.44913e-05
4.4491e-05
4.44905e-05
4.449e-05
4.44894e-05
4.44884e-05
4.44876e-05
4.44869e-05
4.44864e-05
4.4486e-05
4.44857e-05
4.44854e-05
4.4485e-05
4.44847e-05
4.44844e-05
4.44841e-05
4.44838e-05
4.44834e-05
4.44831e-05
4.44827e-05
4.44823e-05
4.44819e-05
4.44815e-05
4.44811e-05
4.44807e-05
4.44803e-05
4.448e-05
4.44799e-05
4.448e-05
4.44804e-05
4.44808e-05
4.44812e-05
4.44817e-05
4.44823e-05
4.44829e-05
4.44836e-05
4.44843e-05
4.4485e-05
4.44858e-05
4.44867e-05
4.44876e-05
4.44885e-05
4.44895e-05
4.44906e-05
4.44917e-05
4.44928e-05
4.44941e-05
4.44953e-05
4.44966e-05
4.4498e-05
4.44994e-05
4.45009e-05
4.45025e-05
4.45041e-05
4.45059e-05
4.45077e-05
4.45097e-05
4.45118e-05
4.45141e-05
4.45166e-05
4.45195e-05
4.45228e-05
4.45267e-05
4.45314e-05
4.45372e-05
4.45444e-05
4.45535e-05
4.45651e-05
4.458e-05
4.45993e-05
4.46244e-05
4.46569e-05
4.44905e-05
4.44984e-05
4.44901e-05
4.44892e-05
4.44892e-05
4.44892e-05
4.4489e-05
4.44886e-05
4.44881e-05
4.44875e-05
4.44868e-05
4.44859e-05
4.44852e-05
4.44846e-05
4.44841e-05
4.44837e-05
4.44834e-05
4.44831e-05
4.44828e-05
4.44825e-05
4.44823e-05
4.4482e-05
4.44817e-05
4.44814e-05
4.44811e-05
4.44808e-05
4.44805e-05
4.44801e-05
4.44798e-05
4.44794e-05
4.4479e-05
4.44787e-05
4.44783e-05
4.4478e-05
4.44777e-05
4.44774e-05
4.44772e-05
4.44773e-05
4.44775e-05
4.44778e-05
4.44782e-05
4.44786e-05
4.44791e-05
4.44796e-05
4.44802e-05
4.44808e-05
4.44815e-05
4.44822e-05
4.44829e-05
4.44837e-05
4.44845e-05
4.44854e-05
4.44863e-05
4.44873e-05
4.44883e-05
4.44894e-05
4.44905e-05
4.44917e-05
4.44929e-05
4.44941e-05
4.44955e-05
4.44968e-05
4.44982e-05
4.44997e-05
4.45013e-05
4.45029e-05
4.45046e-05
4.45064e-05
4.45084e-05
4.45105e-05
4.45128e-05
4.45154e-05
4.45182e-05
4.45216e-05
4.45255e-05
4.45301e-05
4.45358e-05
4.45427e-05
4.44887e-05
4.44964e-05
4.44885e-05
4.44879e-05
4.44876e-05
4.44873e-05
4.4487e-05
4.44866e-05
4.44861e-05
4.44856e-05
4.44847e-05
4.44839e-05
4.44833e-05
4.44828e-05
4.44824e-05
4.4482e-05
4.44817e-05
4.44814e-05
4.44812e-05
4.44809e-05
4.44807e-05
4.44804e-05
4.44802e-05
4.44799e-05
4.44797e-05
4.44794e-05
4.44792e-05
4.44789e-05
4.44786e-05
4.44783e-05
4.4478e-05
4.44777e-05
4.44773e-05
4.4477e-05
4.44767e-05
4.44764e-05
4.44761e-05
4.44758e-05
4.44758e-05
4.44759e-05
4.4476e-05
4.44762e-05
4.44765e-05
4.44768e-05
4.44771e-05
4.44774e-05
4.44778e-05
4.44783e-05
4.44788e-05
4.44793e-05
4.44798e-05
4.44804e-05
4.4481e-05
4.44817e-05
4.44824e-05
4.44832e-05
4.44839e-05
4.44848e-05
4.44856e-05
4.44865e-05
4.44875e-05
4.44885e-05
4.44895e-05
4.44906e-05
4.44917e-05
4.44929e-05
4.44941e-05
4.44953e-05
4.44967e-05
4.4498e-05
4.44995e-05
4.4501e-05
4.45026e-05
4.45043e-05
4.45061e-05
4.4508e-05
4.45102e-05
4.45126e-05
4.44871e-05
4.44942e-05
4.44876e-05
4.44866e-05
4.4486e-05
4.44856e-05
4.44854e-05
4.4485e-05
4.44846e-05
4.44842e-05
4.44834e-05
4.44827e-05
4.44822e-05
4.44817e-05
4.44814e-05
4.4481e-05
4.44807e-05
4.44805e-05
4.44802e-05
4.448e-05
4.44797e-05
4.44795e-05
4.44793e-05
4.44791e-05
4.44788e-05
4.44786e-05
4.44783e-05
4.44781e-05
4.44779e-05
4.44776e-05
4.44774e-05
4.44771e-05
4.44769e-05
4.44766e-05
4.44764e-05
4.44762e-05
4.44762e-05
4.44762e-05
4.44762e-05
4.44762e-05
4.44763e-05
4.44764e-05
4.44765e-05
4.44767e-05
4.44769e-05
4.44771e-05
4.44773e-05
4.44775e-05
4.44778e-05
4.44781e-05
4.44784e-05
4.44788e-05
4.44792e-05
4.44796e-05
4.448e-05
4.44805e-05
4.4481e-05
4.44815e-05
4.44821e-05
4.44827e-05
4.44833e-05
4.4484e-05
4.44846e-05
4.44854e-05
4.44861e-05
4.44869e-05
4.44877e-05
4.44886e-05
4.44895e-05
4.44904e-05
4.44914e-05
4.44924e-05
4.44935e-05
4.44946e-05
4.44957e-05
4.44969e-05
4.44981e-05
4.44994e-05
4.44859e-05
4.44918e-05
4.44864e-05
4.44853e-05
4.44846e-05
4.44842e-05
4.4484e-05
4.44838e-05
4.44834e-05
4.44831e-05
4.44823e-05
4.44818e-05
4.44813e-05
4.44809e-05
4.44806e-05
4.44803e-05
4.448e-05
4.44798e-05
4.44796e-05
4.44793e-05
4.44791e-05
4.44789e-05
4.44787e-05
4.44785e-05
4.44783e-05
4.44781e-05
4.44779e-05
4.44777e-05
4.44775e-05
4.44773e-05
4.44771e-05
4.44771e-05
4.44771e-05
4.44771e-05
4.44771e-05
4.44771e-05
4.44772e-05
4.44772e-05
4.44773e-05
4.44774e-05
4.44774e-05
4.44775e-05
4.44777e-05
4.44778e-05
4.44779e-05
4.44781e-05
4.44782e-05
4.44784e-05
4.44786e-05
4.44788e-05
4.44791e-05
4.44793e-05
4.44796e-05
4.44799e-05
4.44802e-05
4.44805e-05
4.44808e-05
4.44812e-05
4.44816e-05
4.4482e-05
4.44824e-05
4.44829e-05
4.44833e-05
4.44838e-05
4.44843e-05
4.44849e-05
4.44854e-05
4.4486e-05
4.44866e-05
4.44872e-05
4.44879e-05
4.44886e-05
4.44893e-05
4.449e-05
4.44907e-05
4.44915e-05
4.44923e-05
4.44932e-05
4.44849e-05
4.44894e-05
4.44852e-05
4.4484e-05
4.44833e-05
4.4483e-05
4.4483e-05
4.44828e-05
4.44825e-05
4.44822e-05
4.44815e-05
4.4481e-05
4.44806e-05
4.44803e-05
4.448e-05
4.44797e-05
4.44795e-05
4.44793e-05
4.44791e-05
4.44789e-05
4.44787e-05
4.44785e-05
4.44784e-05
4.44782e-05
4.4478e-05
4.44779e-05
4.44777e-05
4.44775e-05
4.44775e-05
4.44775e-05
4.44775e-05
4.44775e-05
4.44775e-05
4.44776e-05
4.44776e-05
4.44777e-05
4.44778e-05
4.44779e-05
4.4478e-05
4.44781e-05
4.44783e-05
4.44784e-05
4.44785e-05
4.44787e-05
4.44789e-05
4.4479e-05
4.44792e-05
4.44794e-05
4.44796e-05
4.44799e-05
4.44801e-05
4.44803e-05
4.44806e-05
4.44808e-05
4.44811e-05
4.44814e-05
4.44817e-05
4.4482e-05
4.44823e-05
4.44827e-05
4.4483e-05
4.44834e-05
4.44838e-05
4.44841e-05
4.44845e-05
4.4485e-05
4.44854e-05
4.44858e-05
4.44863e-05
4.44867e-05
4.44872e-05
4.44877e-05
4.44882e-05
4.44888e-05
4.44893e-05
4.44899e-05
4.44904e-05
4.4491e-05
4.4484e-05
4.4487e-05
4.44839e-05
4.44828e-05
4.44822e-05
4.44821e-05
4.44821e-05
4.4482e-05
4.44818e-05
4.44814e-05
4.44809e-05
4.44804e-05
4.44801e-05
4.44798e-05
4.44796e-05
4.44794e-05
4.44792e-05
4.4479e-05
4.44788e-05
4.44786e-05
4.44785e-05
4.44783e-05
4.44782e-05
4.4478e-05
4.44779e-05
4.44777e-05
4.44776e-05
4.44775e-05
4.44775e-05
4.44776e-05
4.44776e-05
4.44776e-05
4.44777e-05
4.44778e-05
4.44778e-05
4.44779e-05
4.4478e-05
4.44782e-05
4.44783e-05
4.44784e-05
4.44786e-05
4.44787e-05
4.44789e-05
4.44791e-05
4.44793e-05
4.44795e-05
4.44797e-05
4.44799e-05
4.44801e-05
4.44804e-05
4.44806e-05
4.44809e-05
4.44811e-05
4.44814e-05
4.44817e-05
4.4482e-05
4.44823e-05
4.44826e-05
4.44829e-05
4.44832e-05
4.44836e-05
4.44839e-05
4.44843e-05
4.44847e-05
4.4485e-05
4.44854e-05
4.44858e-05
4.44862e-05
4.44866e-05
4.4487e-05
4.44875e-05
4.44879e-05
4.44883e-05
4.44888e-05
4.44892e-05
4.44897e-05
4.44901e-05
4.44906e-05
4.44832e-05
4.44848e-05
4.44827e-05
4.44819e-05
4.44815e-05
4.44815e-05
4.44815e-05
4.44814e-05
4.44812e-05
4.44808e-05
4.44803e-05
4.448e-05
4.44797e-05
4.44795e-05
4.44794e-05
4.44792e-05
4.44791e-05
4.44789e-05
4.44788e-05
4.44786e-05
4.44785e-05
4.44784e-05
4.44782e-05
4.44781e-05
4.4478e-05
4.44779e-05
4.44777e-05
4.44777e-05
4.44777e-05
4.44777e-05
4.44777e-05
4.44778e-05
4.44778e-05
4.44779e-05
4.44779e-05
4.4478e-05
4.44781e-05
4.44782e-05
4.44784e-05
4.44785e-05
4.44786e-05
4.44788e-05
4.44789e-05
4.44791e-05
4.44793e-05
4.44795e-05
4.44797e-05
4.44799e-05
4.44801e-05
4.44804e-05
4.44806e-05
4.44809e-05
4.44811e-05
4.44814e-05
4.44817e-05
4.4482e-05
4.44823e-05
4.44826e-05
4.44829e-05
4.44832e-05
4.44836e-05
4.44839e-05
4.44843e-05
4.44846e-05
4.4485e-05
4.44854e-05
4.44857e-05
4.44861e-05
4.44865e-05
4.44869e-05
4.44873e-05
4.44877e-05
4.44881e-05
4.44886e-05
4.4489e-05
4.44894e-05
4.44898e-05
4.44903e-05
4.44824e-05
4.44829e-05
4.44817e-05
4.44812e-05
4.44809e-05
4.44809e-05
4.4481e-05
4.44809e-05
4.44807e-05
4.44802e-05
4.448e-05
4.44798e-05
4.44797e-05
4.44796e-05
4.44795e-05
4.44794e-05
4.44793e-05
4.44792e-05
4.44791e-05
4.4479e-05
4.44789e-05
4.44788e-05
4.44787e-05
4.44786e-05
4.44784e-05
4.44783e-05
4.44782e-05
4.44781e-05
4.44781e-05
4.44781e-05
4.44781e-05
4.44781e-05
4.44781e-05
4.44782e-05
4.44782e-05
4.44783e-05
4.44784e-05
4.44784e-05
4.44785e-05
4.44786e-05
4.44788e-05
4.44789e-05
4.4479e-05
4.44792e-05
4.44793e-05
4.44795e-05
4.44797e-05
4.44798e-05
4.448e-05
4.44802e-05
4.44805e-05
4.44807e-05
4.44809e-05
4.44812e-05
4.44814e-05
4.44817e-05
4.4482e-05
4.44822e-05
4.44825e-05
4.44828e-05
4.44831e-05
4.44835e-05
4.44838e-05
4.44841e-05
4.44845e-05
4.44848e-05
4.44852e-05
4.44855e-05
4.44859e-05
4.44863e-05
4.44866e-05
4.4487e-05
4.44874e-05
4.44878e-05
4.44882e-05
4.44886e-05
4.4489e-05
4.44894e-05
4.44816e-05
4.44814e-05
4.4481e-05
4.44807e-05
4.44805e-05
4.44805e-05
4.44805e-05
4.44805e-05
4.44803e-05
4.448e-05
4.44799e-05
4.448e-05
4.448e-05
4.448e-05
4.448e-05
4.448e-05
4.448e-05
4.44799e-05
4.44798e-05
4.44798e-05
4.44797e-05
4.44796e-05
4.44795e-05
4.44794e-05
4.44793e-05
4.44792e-05
4.44791e-05
4.4479e-05
4.44789e-05
4.44788e-05
4.44788e-05
4.44788e-05
4.44788e-05
4.44788e-05
4.44788e-05
4.44789e-05
4.44789e-05
4.4479e-05
4.4479e-05
4.44791e-05
4.44792e-05
4.44793e-05
4.44794e-05
4.44795e-05
4.44796e-05
4.44797e-05
4.44798e-05
4.448e-05
4.44801e-05
4.44803e-05
4.44805e-05
4.44807e-05
4.44808e-05
4.4481e-05
4.44813e-05
4.44815e-05
4.44817e-05
4.44819e-05
4.44822e-05
4.44824e-05
4.44827e-05
4.4483e-05
4.44833e-05
4.44835e-05
4.44838e-05
4.44841e-05
4.44844e-05
4.44848e-05
4.44851e-05
4.44854e-05
4.44857e-05
4.44861e-05
4.44864e-05
4.44867e-05
4.44871e-05
4.44874e-05
4.44878e-05
4.44881e-05
4.44805e-05
4.44806e-05
4.44804e-05
4.44802e-05
4.44802e-05
4.44802e-05
4.44802e-05
4.448e-05
4.448e-05
4.44802e-05
4.44804e-05
4.44806e-05
4.44807e-05
4.44808e-05
4.44809e-05
4.44809e-05
4.44808e-05
4.44808e-05
4.44807e-05
4.44807e-05
4.44806e-05
4.44805e-05
4.44805e-05
4.44804e-05
4.44803e-05
4.44802e-05
4.44801e-05
4.448e-05
4.44799e-05
4.44798e-05
4.44798e-05
4.44797e-05
4.44797e-05
4.44797e-05
4.44797e-05
4.44797e-05
4.44797e-05
4.44798e-05
4.44798e-05
4.44799e-05
4.44799e-05
4.448e-05
4.448e-05
4.44801e-05
4.44802e-05
4.44803e-05
4.44804e-05
4.44805e-05
4.44806e-05
4.44807e-05
4.44809e-05
4.4481e-05
4.44812e-05
4.44813e-05
4.44815e-05
4.44817e-05
4.44819e-05
4.44821e-05
4.44823e-05
4.44825e-05
4.44827e-05
4.44829e-05
4.44832e-05
4.44834e-05
4.44836e-05
4.44839e-05
4.44841e-05
4.44844e-05
4.44847e-05
4.44849e-05
4.44852e-05
4.44855e-05
4.44858e-05
4.4486e-05
4.44863e-05
4.44866e-05
4.44869e-05
4.448e-05
4.44809e-05
4.44803e-05
4.448e-05
4.44799e-05
4.448e-05
4.448e-05
4.448e-05
4.44803e-05
4.44806e-05
4.44809e-05
4.44811e-05
4.44813e-05
4.44814e-05
4.44815e-05
4.44816e-05
4.44817e-05
4.44817e-05
4.44817e-05
4.44817e-05
4.44816e-05
4.44816e-05
4.44816e-05
4.44815e-05
4.44814e-05
4.44813e-05
4.44812e-05
4.44811e-05
4.4481e-05
4.44809e-05
4.44809e-05
4.44808e-05
4.44807e-05
4.44807e-05
4.44807e-05
4.44807e-05
4.44807e-05
4.44807e-05
4.44807e-05
4.44807e-05
4.44807e-05
4.44807e-05
4.44808e-05
4.44808e-05
4.44809e-05
4.44809e-05
4.4481e-05
4.4481e-05
4.44811e-05
4.44812e-05
4.44813e-05
4.44814e-05
4.44815e-05
4.44816e-05
4.44818e-05
4.44819e-05
4.4482e-05
4.44822e-05
4.44823e-05
4.44825e-05
4.44827e-05
4.44828e-05
4.4483e-05
4.44832e-05
4.44834e-05
4.44836e-05
4.44838e-05
4.4484e-05
4.44842e-05
4.44844e-05
4.44846e-05
4.44848e-05
4.4485e-05
4.44852e-05
4.44854e-05
4.44856e-05
4.44858e-05
4.44798e-05
4.44809e-05
4.448e-05
4.44798e-05
4.44798e-05
4.44799e-05
4.448e-05
4.44803e-05
4.44806e-05
4.4481e-05
4.44813e-05
4.44815e-05
4.44817e-05
4.44819e-05
4.4482e-05
4.44821e-05
4.44822e-05
4.44823e-05
4.44823e-05
4.44824e-05
4.44824e-05
4.44824e-05
4.44825e-05
4.44825e-05
4.44825e-05
4.44825e-05
4.44824e-05
4.44824e-05
4.44823e-05
4.44823e-05
4.44822e-05
4.44821e-05
4.4482e-05
4.44819e-05
4.44818e-05
4.44818e-05
4.44817e-05
4.44817e-05
4.44817e-05
4.44817e-05
4.44817e-05
4.44816e-05
4.44817e-05
4.44817e-05
4.44817e-05
4.44817e-05
4.44817e-05
4.44818e-05
4.44818e-05
4.44819e-05
4.44819e-05
4.4482e-05
4.4482e-05
4.44821e-05
4.44822e-05
4.44823e-05
4.44824e-05
4.44825e-05
4.44826e-05
4.44827e-05
4.44828e-05
4.44829e-05
4.44831e-05
4.44832e-05
4.44833e-05
4.44835e-05
4.44836e-05
4.44837e-05
4.44839e-05
4.4484e-05
4.44842e-05
4.44843e-05
4.44845e-05
4.44846e-05
4.44848e-05
4.44849e-05
4.44851e-05
4.44797e-05
4.44807e-05
4.44799e-05
4.44797e-05
4.44797e-05
4.44799e-05
4.44802e-05
4.44806e-05
4.44809e-05
4.44813e-05
4.44816e-05
4.44818e-05
4.44821e-05
4.44823e-05
4.44824e-05
4.44826e-05
4.44827e-05
4.44828e-05
4.44829e-05
4.44829e-05
4.4483e-05
4.4483e-05
4.44831e-05
4.44831e-05
4.44831e-05
4.44832e-05
4.44832e-05
4.44832e-05
4.44832e-05
4.44832e-05
4.44832e-05
4.44831e-05
4.44831e-05
4.4483e-05
4.4483e-05
4.44829e-05
4.44828e-05
4.44827e-05
4.44827e-05
4.44826e-05
4.44826e-05
4.44826e-05
4.44826e-05
4.44825e-05
4.44825e-05
4.44825e-05
4.44825e-05
4.44825e-05
4.44826e-05
4.44826e-05
4.44826e-05
4.44826e-05
4.44827e-05
4.44827e-05
4.44828e-05
4.44828e-05
4.44829e-05
4.44829e-05
4.4483e-05
4.44831e-05
4.44831e-05
4.44832e-05
4.44833e-05
4.44834e-05
4.44834e-05
4.44835e-05
4.44836e-05
4.44837e-05
4.44838e-05
4.44839e-05
4.4484e-05
4.44841e-05
4.44842e-05
4.44843e-05
4.44844e-05
4.44844e-05
4.44845e-05
4.44796e-05
4.44804e-05
4.44799e-05
4.44798e-05
4.44799e-05
4.44801e-05
4.44804e-05
4.44807e-05
4.44811e-05
4.44815e-05
4.44818e-05
4.44821e-05
4.44823e-05
4.44825e-05
4.44827e-05
4.44829e-05
4.44831e-05
4.44832e-05
4.44833e-05
4.44834e-05
4.44835e-05
4.44836e-05
4.44836e-05
4.44837e-05
4.44837e-05
4.44838e-05
4.44838e-05
4.44839e-05
4.44839e-05
4.44839e-05
4.44839e-05
4.44839e-05
4.44839e-05
4.44839e-05
4.44839e-05
4.44839e-05
4.44839e-05
4.44838e-05
4.44838e-05
4.44837e-05
4.44836e-05
4.44836e-05
4.44835e-05
4.44835e-05
4.44834e-05
4.44834e-05
4.44834e-05
4.44834e-05
4.44834e-05
4.44833e-05
4.44833e-05
4.44833e-05
4.44834e-05
4.44834e-05
4.44834e-05
4.44834e-05
4.44834e-05
4.44834e-05
4.44835e-05
4.44835e-05
4.44835e-05
4.44836e-05
4.44836e-05
4.44836e-05
4.44837e-05
4.44837e-05
4.44838e-05
4.44838e-05
4.44839e-05
4.44839e-05
4.44839e-05
4.4484e-05
4.4484e-05
4.44841e-05
4.44841e-05
4.44842e-05
4.44842e-05
4.44794e-05
4.44801e-05
4.44797e-05
4.44797e-05
4.44799e-05
4.44801e-05
4.44804e-05
4.44808e-05
4.44812e-05
4.44816e-05
4.44819e-05
4.44822e-05
4.44825e-05
4.44828e-05
4.4483e-05
4.44832e-05
4.44834e-05
4.44835e-05
4.44837e-05
4.44838e-05
4.44839e-05
4.4484e-05
4.44841e-05
4.44842e-05
4.44843e-05
4.44844e-05
4.44844e-05
4.44845e-05
4.44845e-05
4.44846e-05
4.44846e-05
4.44846e-05
4.44847e-05
4.44847e-05
4.44847e-05
4.44847e-05
4.44847e-05
4.44847e-05
4.44847e-05
4.44847e-05
4.44847e-05
4.44846e-05
4.44846e-05
4.44846e-05
4.44845e-05
4.44845e-05
4.44844e-05
4.44843e-05
4.44843e-05
4.44842e-05
4.44842e-05
4.44842e-05
4.44842e-05
4.44841e-05
4.44841e-05
4.44841e-05
4.44841e-05
4.44841e-05
4.44841e-05
4.44841e-05
4.44841e-05
4.44841e-05
4.44841e-05
4.44841e-05
4.44841e-05
4.44841e-05
4.44841e-05
4.44841e-05
4.44841e-05
4.44841e-05
4.44841e-05
4.44841e-05
4.44841e-05
4.44841e-05
4.44841e-05
4.44841e-05
4.44842e-05
4.44792e-05
4.44797e-05
4.44794e-05
4.44795e-05
4.44797e-05
4.448e-05
4.44804e-05
4.44808e-05
4.44812e-05
4.44816e-05
4.44819e-05
4.44823e-05
4.44826e-05
4.44829e-05
4.44831e-05
4.44834e-05
4.44836e-05
4.44838e-05
4.4484e-05
4.44841e-05
4.44843e-05
4.44844e-05
4.44846e-05
4.44847e-05
4.44848e-05
4.44849e-05
4.4485e-05
4.44851e-05
4.44851e-05
4.44852e-05
4.44853e-05
4.44853e-05
4.44854e-05
4.44854e-05
4.44855e-05
4.44855e-05
4.44855e-05
4.44855e-05
4.44856e-05
4.44856e-05
4.44856e-05
4.44856e-05
4.44856e-05
4.44856e-05
4.44856e-05
4.44855e-05
4.44855e-05
4.44855e-05
4.44855e-05
4.44854e-05
4.44854e-05
4.44854e-05
4.44853e-05
4.44853e-05
4.44853e-05
4.44852e-05
4.44852e-05
4.44851e-05
4.44851e-05
4.44851e-05
4.4485e-05
4.4485e-05
4.44849e-05
4.44849e-05
4.44849e-05
4.44848e-05
4.44848e-05
4.44848e-05
4.44847e-05
4.44847e-05
4.44847e-05
4.44846e-05
4.44846e-05
4.44846e-05
4.44845e-05
4.44845e-05
4.44845e-05
4.44788e-05
4.44792e-05
4.44791e-05
4.44792e-05
4.44795e-05
4.44798e-05
4.44802e-05
4.44806e-05
4.44811e-05
4.44815e-05
4.44819e-05
4.44822e-05
4.44826e-05
4.44829e-05
4.44832e-05
4.44835e-05
4.44837e-05
4.4484e-05
4.44842e-05
4.44844e-05
4.44846e-05
4.44848e-05
4.44849e-05
4.44851e-05
4.44852e-05
4.44853e-05
4.44855e-05
4.44856e-05
4.44857e-05
4.44858e-05
4.44859e-05
4.4486e-05
4.4486e-05
4.44861e-05
4.44862e-05
4.44862e-05
4.44863e-05
4.44863e-05
4.44864e-05
4.44864e-05
4.44865e-05
4.44865e-05
4.44865e-05
4.44865e-05
4.44866e-05
4.44866e-05
4.44866e-05
4.44866e-05
4.44866e-05
4.44866e-05
4.44866e-05
4.44866e-05
4.44866e-05
4.44866e-05
4.44866e-05
4.44866e-05
4.44865e-05
4.44865e-05
4.44865e-05
4.44865e-05
4.44865e-05
4.44864e-05
4.44864e-05
4.44864e-05
4.44864e-05
4.44864e-05
4.44863e-05
4.44863e-05
4.44863e-05
4.44862e-05
4.44862e-05
4.44862e-05
4.44861e-05
4.44861e-05
4.44861e-05
4.4486e-05
4.44859e-05
4.44783e-05
4.44787e-05
4.44787e-05
4.44789e-05
4.44792e-05
4.44795e-05
4.44799e-05
4.44804e-05
4.44808e-05
4.44813e-05
4.44817e-05
4.44821e-05
4.44825e-05
4.44828e-05
4.44832e-05
4.44835e-05
4.44838e-05
4.44841e-05
4.44843e-05
4.44845e-05
4.44848e-05
4.4485e-05
4.44852e-05
4.44854e-05
4.44855e-05
4.44857e-05
4.44859e-05
4.4486e-05
4.44861e-05
4.44863e-05
4.44864e-05
4.44865e-05
4.44866e-05
4.44867e-05
4.44868e-05
4.44869e-05
4.4487e-05
4.44871e-05
4.44871e-05
4.44872e-05
4.44873e-05
4.44873e-05
4.44874e-05
4.44875e-05
4.44875e-05
4.44875e-05
4.44876e-05
4.44876e-05
4.44877e-05
4.44877e-05
4.44877e-05
4.44878e-05
4.44878e-05
4.44878e-05
4.44878e-05
4.44878e-05
4.44879e-05
4.44879e-05
4.44879e-05
4.44879e-05
4.44879e-05
4.44879e-05
4.44879e-05
4.44879e-05
4.44879e-05
4.44879e-05
4.44879e-05
4.44879e-05
4.44879e-05
4.44879e-05
4.44879e-05
4.44879e-05
4.44878e-05
4.44878e-05
4.44878e-05
4.44877e-05
4.44877e-05
4.44778e-05
4.44781e-05
4.44781e-05
4.44784e-05
4.44787e-05
4.44791e-05
4.44796e-05
4.448e-05
4.44805e-05
4.4481e-05
4.44814e-05
4.44819e-05
4.44823e-05
4.44827e-05
4.4483e-05
4.44834e-05
4.44837e-05
4.4484e-05
4.44843e-05
4.44846e-05
4.44848e-05
4.44851e-05
4.44853e-05
4.44856e-05
4.44858e-05
4.4486e-05
4.44862e-05
4.44863e-05
4.44865e-05
4.44867e-05
4.44868e-05
4.4487e-05
4.44871e-05
4.44873e-05
4.44874e-05
4.44875e-05
4.44876e-05
4.44877e-05
4.44878e-05
4.44879e-05
4.4488e-05
4.44881e-05
4.44882e-05
4.44883e-05
4.44884e-05
4.44885e-05
4.44885e-05
4.44886e-05
4.44887e-05
4.44887e-05
4.44888e-05
4.44889e-05
4.44889e-05
4.4489e-05
4.4489e-05
4.44891e-05
4.44891e-05
4.44892e-05
4.44892e-05
4.44893e-05
4.44893e-05
4.44893e-05
4.44894e-05
4.44894e-05
4.44894e-05
4.44894e-05
4.44894e-05
4.44895e-05
4.44895e-05
4.44895e-05
4.44895e-05
4.44895e-05
4.44895e-05
4.44895e-05
4.44895e-05
4.44895e-05
4.44894e-05
4.44771e-05
4.44774e-05
4.44775e-05
4.44778e-05
4.44782e-05
4.44786e-05
4.44791e-05
4.44795e-05
4.448e-05
4.44805e-05
4.4481e-05
4.44815e-05
4.44819e-05
4.44823e-05
4.44827e-05
4.44831e-05
4.44835e-05
4.44838e-05
4.44842e-05
4.44845e-05
4.44848e-05
4.44851e-05
4.44853e-05
4.44856e-05
4.44858e-05
4.44861e-05
4.44863e-05
4.44865e-05
4.44867e-05
4.44869e-05
4.44871e-05
4.44873e-05
4.44875e-05
4.44877e-05
4.44878e-05
4.4488e-05
4.44882e-05
4.44883e-05
4.44884e-05
4.44886e-05
4.44887e-05
4.44888e-05
4.4489e-05
4.44891e-05
4.44892e-05
4.44893e-05
4.44894e-05
4.44895e-05
4.44896e-05
4.44897e-05
4.44898e-05
4.44899e-05
4.449e-05
4.44901e-05
4.44901e-05
4.44902e-05
4.44903e-05
4.44904e-05
4.44904e-05
4.44905e-05
4.44906e-05
4.44906e-05
4.44907e-05
4.44907e-05
4.44908e-05
4.44908e-05
4.44909e-05
4.44909e-05
4.44909e-05
4.4491e-05
4.4491e-05
4.4491e-05
4.4491e-05
4.44911e-05
4.44911e-05
4.44911e-05
4.44911e-05
4.44763e-05
4.44766e-05
4.44767e-05
4.44771e-05
4.44775e-05
4.44779e-05
4.44784e-05
4.44789e-05
4.44795e-05
4.448e-05
4.44805e-05
4.4481e-05
4.44814e-05
4.44819e-05
4.44823e-05
4.44827e-05
4.44831e-05
4.44835e-05
4.44839e-05
4.44842e-05
4.44845e-05
4.44849e-05
4.44852e-05
4.44855e-05
4.44858e-05
4.4486e-05
4.44863e-05
4.44866e-05
4.44868e-05
4.44871e-05
4.44873e-05
4.44875e-05
4.44877e-05
4.44879e-05
4.44881e-05
4.44883e-05
4.44885e-05
4.44887e-05
4.44889e-05
4.4489e-05
4.44892e-05
4.44894e-05
4.44895e-05
4.44897e-05
4.44898e-05
4.449e-05
4.44901e-05
4.44902e-05
4.44904e-05
4.44905e-05
4.44906e-05
4.44907e-05
4.44909e-05
4.4491e-05
4.44911e-05
4.44912e-05
4.44913e-05
4.44914e-05
4.44915e-05
4.44916e-05
4.44917e-05
4.44918e-05
4.44918e-05
4.44919e-05
4.4492e-05
4.44921e-05
4.44921e-05
4.44922e-05
4.44923e-05
4.44923e-05
4.44924e-05
4.44924e-05
4.44925e-05
4.44925e-05
4.44926e-05
4.44926e-05
4.44926e-05
4.44753e-05
4.44756e-05
4.44759e-05
4.44762e-05
4.44767e-05
4.44771e-05
4.44776e-05
4.44782e-05
4.44787e-05
4.44792e-05
4.44798e-05
4.44803e-05
4.44808e-05
4.44812e-05
4.44817e-05
4.44821e-05
4.44826e-05
4.4483e-05
4.44834e-05
4.44838e-05
4.44841e-05
4.44845e-05
4.44848e-05
4.44852e-05
4.44855e-05
4.44858e-05
4.44861e-05
4.44864e-05
4.44867e-05
4.44869e-05
4.44872e-05
4.44875e-05
4.44877e-05
4.4488e-05
4.44882e-05
4.44884e-05
4.44886e-05
4.44889e-05
4.44891e-05
4.44893e-05
4.44895e-05
4.44897e-05
4.44899e-05
4.44901e-05
4.44902e-05
4.44904e-05
4.44906e-05
4.44907e-05
4.44909e-05
4.44911e-05
4.44912e-05
4.44914e-05
4.44915e-05
4.44916e-05
4.44918e-05
4.44919e-05
4.4492e-05
4.44922e-05
4.44923e-05
4.44924e-05
4.44925e-05
4.44926e-05
4.44928e-05
4.44929e-05
4.4493e-05
4.44931e-05
4.44932e-05
4.44932e-05
4.44933e-05
4.44934e-05
4.44935e-05
4.44936e-05
4.44937e-05
4.44937e-05
4.44938e-05
4.44939e-05
4.44939e-05
4.44742e-05
4.44745e-05
4.44748e-05
4.44752e-05
4.44757e-05
4.44762e-05
4.44767e-05
4.44772e-05
4.44778e-05
4.44783e-05
4.44789e-05
4.44794e-05
4.44799e-05
4.44804e-05
4.44809e-05
4.44814e-05
4.44818e-05
4.44823e-05
4.44827e-05
4.44831e-05
4.44835e-05
4.44839e-05
4.44843e-05
4.44846e-05
4.4485e-05
4.44853e-05
4.44856e-05
4.4486e-05
4.44863e-05
4.44866e-05
4.44869e-05
4.44872e-05
4.44874e-05
4.44877e-05
4.4488e-05
4.44882e-05
4.44885e-05
4.44887e-05
4.4489e-05
4.44892e-05
4.44894e-05
4.44897e-05
4.44899e-05
4.44901e-05
4.44903e-05
4.44905e-05
4.44907e-05
4.44909e-05
4.44911e-05
4.44913e-05
4.44915e-05
4.44916e-05
4.44918e-05
4.4492e-05
4.44922e-05
4.44923e-05
4.44925e-05
4.44926e-05
4.44928e-05
4.44929e-05
4.44931e-05
4.44932e-05
4.44934e-05
4.44935e-05
4.44936e-05
4.44938e-05
4.44939e-05
4.4494e-05
4.44941e-05
4.44942e-05
4.44944e-05
4.44945e-05
4.44946e-05
4.44947e-05
4.44948e-05
4.44949e-05
4.4495e-05
4.44729e-05
4.44732e-05
4.44736e-05
4.4474e-05
4.44745e-05
4.4475e-05
4.44756e-05
4.44761e-05
4.44767e-05
4.44772e-05
4.44778e-05
4.44783e-05
4.44788e-05
4.44794e-05
4.44799e-05
4.44804e-05
4.44808e-05
4.44813e-05
4.44817e-05
4.44822e-05
4.44826e-05
4.4483e-05
4.44834e-05
4.44838e-05
4.44842e-05
4.44845e-05
4.44849e-05
4.44852e-05
4.44856e-05
4.44859e-05
4.44862e-05
4.44865e-05
4.44868e-05
4.44871e-05
4.44874e-05
4.44877e-05
4.4488e-05
4.44883e-05
4.44885e-05
4.44888e-05
4.4489e-05
4.44893e-05
4.44895e-05
4.44898e-05
4.449e-05
4.44902e-05
4.44905e-05
4.44907e-05
4.44909e-05
4.44911e-05
4.44913e-05
4.44915e-05
4.44918e-05
4.44919e-05
4.44921e-05
4.44923e-05
4.44925e-05
4.44927e-05
4.44929e-05
4.44931e-05
4.44933e-05
4.44934e-05
4.44936e-05
4.44938e-05
4.44939e-05
4.44941e-05
4.44943e-05
4.44944e-05
4.44946e-05
4.44947e-05
4.44949e-05
4.4495e-05
4.44952e-05
4.44953e-05
4.44955e-05
4.44956e-05
4.44957e-05
4.44714e-05
4.44718e-05
4.44722e-05
4.44726e-05
4.44731e-05
4.44737e-05
4.44742e-05
4.44748e-05
4.44754e-05
4.44759e-05
4.44765e-05
4.4477e-05
4.44775e-05
4.44781e-05
4.44786e-05
4.44791e-05
4.44796e-05
4.448e-05
4.44805e-05
4.44809e-05
4.44814e-05
4.44818e-05
4.44822e-05
4.44826e-05
4.4483e-05
4.44834e-05
4.44838e-05
4.44841e-05
4.44845e-05
4.44848e-05
4.44852e-05
4.44855e-05
4.44858e-05
4.44862e-05
4.44865e-05
4.44868e-05
4.44871e-05
4.44874e-05
4.44877e-05
4.4488e-05
4.44882e-05
4.44885e-05
4.44888e-05
4.4489e-05
4.44893e-05
4.44896e-05
4.44898e-05
4.44901e-05
4.44903e-05
4.44905e-05
4.44908e-05
4.4491e-05
4.44913e-05
4.44915e-05
4.44917e-05
4.44919e-05
4.44922e-05
4.44924e-05
4.44926e-05
4.44928e-05
4.4493e-05
4.44932e-05
4.44934e-05
4.44936e-05
4.44938e-05
4.4494e-05
4.44942e-05
4.44944e-05
4.44946e-05
4.44948e-05
4.4495e-05
4.44952e-05
4.44954e-05
4.44956e-05
4.44958e-05
4.44959e-05
4.44961e-05
4.44697e-05
4.44702e-05
4.44706e-05
4.4471e-05
4.44716e-05
4.44721e-05
4.44727e-05
4.44732e-05
4.44738e-05
4.44743e-05
4.44749e-05
4.44754e-05
4.4476e-05
4.44765e-05
4.4477e-05
4.44775e-05
4.4478e-05
4.44784e-05
4.44789e-05
4.44794e-05
4.44798e-05
4.44802e-05
4.44807e-05
4.44811e-05
4.44815e-05
4.44819e-05
4.44823e-05
4.44826e-05
4.4483e-05
4.44834e-05
4.44837e-05
4.44841e-05
4.44844e-05
4.44848e-05
4.44851e-05
4.44854e-05
4.44857e-05
4.4486e-05
4.44864e-05
4.44867e-05
4.4487e-05
4.44873e-05
4.44876e-05
4.44878e-05
4.44881e-05
4.44884e-05
4.44887e-05
4.4489e-05
4.44892e-05
4.44895e-05
4.44898e-05
4.449e-05
4.44903e-05
4.44906e-05
4.44908e-05
4.44911e-05
4.44914e-05
4.44916e-05
4.44919e-05
4.44921e-05
4.44924e-05
4.44926e-05
4.44929e-05
4.44931e-05
4.44933e-05
4.44936e-05
4.44938e-05
4.44941e-05
4.44943e-05
4.44945e-05
4.44948e-05
4.4495e-05
4.44952e-05
4.44955e-05
4.44957e-05
4.44959e-05
4.44961e-05
4.44678e-05
4.44683e-05
4.44687e-05
4.44692e-05
4.44697e-05
4.44703e-05
4.44708e-05
4.44714e-05
4.44719e-05
4.44725e-05
4.4473e-05
4.44736e-05
4.44741e-05
4.44746e-05
4.44751e-05
4.44756e-05
4.4476e-05
4.44765e-05
4.4477e-05
4.44774e-05
4.44778e-05
4.44783e-05
4.44787e-05
4.44791e-05
4.44795e-05
4.44799e-05
4.44803e-05
4.44807e-05
4.44811e-05
4.44814e-05
4.44818e-05
4.44822e-05
4.44825e-05
4.44829e-05
4.44832e-05
4.44835e-05
4.44839e-05
4.44842e-05
4.44845e-05
4.44848e-05
4.44852e-05
4.44855e-05
4.44858e-05
4.44861e-05
4.44864e-05
4.44867e-05
4.4487e-05
4.44873e-05
4.44876e-05
4.44879e-05
4.44882e-05
4.44885e-05
4.44888e-05
4.44891e-05
4.44894e-05
4.44897e-05
4.449e-05
4.44903e-05
4.44906e-05
4.44909e-05
4.44912e-05
4.44915e-05
4.44918e-05
4.44921e-05
4.44924e-05
4.44926e-05
4.44929e-05
4.44932e-05
4.44935e-05
4.44938e-05
4.44941e-05
4.44943e-05
4.44946e-05
4.44949e-05
4.44952e-05
4.44955e-05
4.44958e-05
4.44657e-05
4.44661e-05
4.44666e-05
4.44671e-05
4.44676e-05
4.44682e-05
4.44687e-05
4.44692e-05
4.44698e-05
4.44703e-05
4.44708e-05
4.44713e-05
4.44718e-05
4.44723e-05
4.44728e-05
4.44732e-05
4.44737e-05
4.44741e-05
4.44746e-05
4.4475e-05
4.44754e-05
4.44758e-05
4.44763e-05
4.44767e-05
4.44771e-05
4.44774e-05
4.44778e-05
4.44782e-05
4.44786e-05
4.44789e-05
4.44793e-05
4.44797e-05
4.448e-05
4.44804e-05
4.44807e-05
4.44811e-05
4.44814e-05
4.44817e-05
4.44821e-05
4.44824e-05
4.44828e-05
4.44831e-05
4.44834e-05
4.44838e-05
4.44841e-05
4.44844e-05
4.44847e-05
4.44851e-05
4.44854e-05
4.44857e-05
4.44861e-05
4.44864e-05
4.44867e-05
4.44871e-05
4.44874e-05
4.44877e-05
4.44881e-05
4.44884e-05
4.44887e-05
4.44891e-05
4.44894e-05
4.44898e-05
4.44901e-05
4.44904e-05
4.44908e-05
4.44911e-05
4.44915e-05
4.44918e-05
4.44921e-05
4.44925e-05
4.44928e-05
4.44932e-05
4.44935e-05
4.44938e-05
4.44942e-05
4.44945e-05
4.44949e-05
4.44632e-05
4.44637e-05
4.44641e-05
4.44647e-05
4.44652e-05
4.44657e-05
4.44662e-05
4.44668e-05
4.44673e-05
4.44677e-05
4.44682e-05
4.44687e-05
4.44692e-05
4.44696e-05
4.447e-05
4.44705e-05
4.44709e-05
4.44713e-05
4.44717e-05
4.44721e-05
4.44725e-05
4.44729e-05
4.44733e-05
4.44737e-05
4.4474e-05
4.44744e-05
4.44748e-05
4.44751e-05
4.44755e-05
4.44758e-05
4.44762e-05
4.44765e-05
4.44769e-05
4.44772e-05
4.44776e-05
4.44779e-05
4.44783e-05
4.44786e-05
4.4479e-05
4.44793e-05
4.44796e-05
4.448e-05
4.44803e-05
4.44807e-05
4.4481e-05
4.44814e-05
4.44817e-05
4.44821e-05
4.44824e-05
4.44828e-05
4.44832e-05
4.44835e-05
4.44839e-05
4.44842e-05
4.44846e-05
4.4485e-05
4.44854e-05
4.44857e-05
4.44861e-05
4.44865e-05
4.44869e-05
4.44873e-05
4.44877e-05
4.44881e-05
4.44885e-05
4.44889e-05
4.44893e-05
4.44897e-05
4.44901e-05
4.44905e-05
4.44909e-05
4.44913e-05
4.44917e-05
4.44921e-05
4.44925e-05
4.44929e-05
4.44933e-05
4.44604e-05
4.44609e-05
4.44614e-05
4.44619e-05
4.44624e-05
4.44629e-05
4.44634e-05
4.44639e-05
4.44643e-05
4.44648e-05
4.44652e-05
4.44656e-05
4.4466e-05
4.44664e-05
4.44668e-05
4.44672e-05
4.44676e-05
4.44679e-05
4.44683e-05
4.44687e-05
4.4469e-05
4.44694e-05
4.44697e-05
4.44701e-05
4.44704e-05
4.44707e-05
4.44711e-05
4.44714e-05
4.44717e-05
4.4472e-05
4.44724e-05
4.44727e-05
4.4473e-05
4.44734e-05
4.44737e-05
4.4474e-05
4.44744e-05
4.44747e-05
4.4475e-05
4.44754e-05
4.44757e-05
4.44761e-05
4.44764e-05
4.44768e-05
4.44771e-05
4.44775e-05
4.44779e-05
4.44782e-05
4.44786e-05
4.4479e-05
4.44794e-05
4.44798e-05
4.44802e-05
4.44806e-05
4.4481e-05
4.44814e-05
4.44818e-05
4.44822e-05
4.44826e-05
4.44831e-05
4.44835e-05
4.44839e-05
4.44844e-05
4.44848e-05
4.44853e-05
4.44857e-05
4.44862e-05
4.44867e-05
4.44871e-05
4.44876e-05
4.44881e-05
4.44886e-05
4.4489e-05
4.44895e-05
4.449e-05
4.44905e-05
4.4491e-05
4.44572e-05
4.44577e-05
4.44582e-05
4.44587e-05
4.44592e-05
4.44597e-05
4.44601e-05
4.44605e-05
4.4461e-05
4.44613e-05
4.44617e-05
4.44621e-05
4.44624e-05
4.44628e-05
4.44631e-05
4.44634e-05
4.44637e-05
4.4464e-05
4.44643e-05
4.44646e-05
4.44649e-05
4.44652e-05
4.44655e-05
4.44658e-05
4.44661e-05
4.44663e-05
4.44666e-05
4.44669e-05
4.44672e-05
4.44675e-05
4.44678e-05
4.44681e-05
4.44684e-05
4.44687e-05
4.4469e-05
4.44693e-05
4.44696e-05
4.44699e-05
4.44702e-05
4.44706e-05
4.44709e-05
4.44712e-05
4.44716e-05
4.44719e-05
4.44723e-05
4.44727e-05
4.4473e-05
4.44734e-05
4.44738e-05
4.44742e-05
4.44746e-05
4.4475e-05
4.44754e-05
4.44758e-05
4.44762e-05
4.44767e-05
4.44771e-05
4.44776e-05
4.44781e-05
4.44785e-05
4.4479e-05
4.44795e-05
4.448e-05
4.44805e-05
4.4481e-05
4.44816e-05
4.44821e-05
4.44826e-05
4.44831e-05
4.44837e-05
4.44842e-05
4.44848e-05
4.44853e-05
4.44859e-05
4.44865e-05
4.4487e-05
4.44876e-05
4.44536e-05
4.44541e-05
4.44546e-05
4.44551e-05
4.44555e-05
4.44559e-05
4.44563e-05
4.44567e-05
4.44571e-05
4.44574e-05
4.44577e-05
4.4458e-05
4.44582e-05
4.44585e-05
4.44587e-05
4.4459e-05
4.44592e-05
4.44594e-05
4.44597e-05
4.44599e-05
4.44601e-05
4.44603e-05
4.44606e-05
4.44608e-05
4.4461e-05
4.44612e-05
4.44614e-05
4.44617e-05
4.44619e-05
4.44621e-05
4.44624e-05
4.44626e-05
4.44629e-05
4.44631e-05
4.44634e-05
4.44636e-05
4.44639e-05
4.44642e-05
4.44645e-05
4.44648e-05
4.44651e-05
4.44654e-05
4.44657e-05
4.4466e-05
4.44664e-05
4.44667e-05
4.44671e-05
4.44674e-05
4.44678e-05
4.44682e-05
4.44686e-05
4.4469e-05
4.44694e-05
4.44699e-05
4.44703e-05
4.44708e-05
4.44712e-05
4.44717e-05
4.44722e-05
4.44727e-05
4.44732e-05
4.44738e-05
4.44743e-05
4.44749e-05
4.44754e-05
4.4476e-05
4.44766e-05
4.44772e-05
4.44778e-05
4.44784e-05
4.4479e-05
4.44797e-05
4.44803e-05
4.44809e-05
4.44816e-05
4.44823e-05
4.44829e-05
4.44495e-05
4.445e-05
4.44504e-05
4.44509e-05
4.44513e-05
4.44517e-05
4.4452e-05
4.44523e-05
4.44526e-05
4.44528e-05
4.44531e-05
4.44533e-05
4.44534e-05
4.44536e-05
4.44538e-05
4.44539e-05
4.44541e-05
4.44542e-05
4.44543e-05
4.44545e-05
4.44546e-05
4.44547e-05
4.44549e-05
4.4455e-05
4.44551e-05
4.44553e-05
4.44554e-05
4.44556e-05
4.44557e-05
4.44559e-05
4.44561e-05
4.44562e-05
4.44564e-05
4.44566e-05
4.44568e-05
4.4457e-05
4.44572e-05
4.44574e-05
4.44577e-05
4.44579e-05
4.44581e-05
4.44584e-05
4.44587e-05
4.4459e-05
4.44593e-05
4.44596e-05
4.44599e-05
4.44602e-05
4.44606e-05
4.44609e-05
4.44613e-05
4.44617e-05
4.44621e-05
4.44626e-05
4.4463e-05
4.44635e-05
4.44639e-05
4.44644e-05
4.44649e-05
4.44655e-05
4.4466e-05
4.44666e-05
4.44672e-05
4.44678e-05
4.44684e-05
4.4469e-05
4.44697e-05
4.44703e-05
4.4471e-05
4.44717e-05
4.44723e-05
4.4473e-05
4.44738e-05
4.44745e-05
4.44752e-05
4.4476e-05
4.44767e-05
4.44453e-05
4.44457e-05
4.44461e-05
4.44465e-05
4.44468e-05
4.44471e-05
4.44473e-05
4.44475e-05
4.44476e-05
4.44478e-05
4.44479e-05
4.4448e-05
4.4448e-05
4.44481e-05
4.44482e-05
4.44482e-05
4.44482e-05
4.44483e-05
4.44483e-05
4.44483e-05
4.44484e-05
4.44484e-05
4.44484e-05
4.44485e-05
4.44485e-05
4.44486e-05
4.44486e-05
4.44487e-05
4.44488e-05
4.44488e-05
4.44489e-05
4.4449e-05
4.44491e-05
4.44492e-05
4.44493e-05
4.44495e-05
4.44496e-05
4.44497e-05
4.44499e-05
4.44501e-05
4.44503e-05
4.44505e-05
4.44507e-05
4.44509e-05
4.44511e-05
4.44514e-05
4.44517e-05
4.44519e-05
4.44523e-05
4.44526e-05
4.44529e-05
4.44533e-05
4.44537e-05
4.44541e-05
4.44545e-05
4.44549e-05
4.44554e-05
4.44559e-05
4.44564e-05
4.4457e-05
4.44575e-05
4.44581e-05
4.44587e-05
4.44593e-05
4.446e-05
4.44607e-05
4.44613e-05
4.44621e-05
4.44628e-05
4.44635e-05
4.44643e-05
4.44651e-05
4.44659e-05
4.44667e-05
4.44675e-05
4.44684e-05
4.444e-05
4.44404e-05
4.44407e-05
4.4441e-05
4.44412e-05
4.44414e-05
4.44416e-05
4.44417e-05
4.44417e-05
4.44418e-05
4.44418e-05
4.44418e-05
4.44418e-05
4.44417e-05
4.44417e-05
4.44416e-05
4.44415e-05
4.44415e-05
4.44414e-05
4.44413e-05
4.44413e-05
4.44412e-05
4.44411e-05
4.44411e-05
4.4441e-05
4.44409e-05
4.44409e-05
4.44408e-05
4.44408e-05
4.44408e-05
4.44407e-05
4.44407e-05
4.44407e-05
4.44407e-05
4.44407e-05
4.44407e-05
4.44407e-05
4.44407e-05
4.44408e-05
4.44408e-05
4.44409e-05
4.4441e-05
4.44411e-05
4.44412e-05
4.44413e-05
4.44415e-05
4.44416e-05
4.44418e-05
4.4442e-05
4.44422e-05
4.44425e-05
4.44427e-05
4.4443e-05
4.44433e-05
4.44437e-05
4.44441e-05
4.44445e-05
4.44449e-05
4.44454e-05
4.44458e-05
4.44464e-05
4.44469e-05
4.44476e-05
4.44482e-05
4.44488e-05
4.44495e-05
4.44502e-05
4.44509e-05
4.44517e-05
4.44525e-05
4.44532e-05
4.44541e-05
4.44549e-05
4.44558e-05
4.44567e-05
4.44576e-05
4.44339e-05
4.44342e-05
4.44345e-05
4.44347e-05
4.44349e-05
4.4435e-05
4.44351e-05
4.44351e-05
4.44351e-05
4.4435e-05
4.44349e-05
4.44348e-05
4.44347e-05
4.44346e-05
4.44344e-05
4.44343e-05
4.44341e-05
4.4434e-05
4.44338e-05
4.44336e-05
4.44335e-05
4.44333e-05
4.44331e-05
4.44329e-05
4.44328e-05
4.44326e-05
4.44324e-05
4.44323e-05
4.44321e-05
4.44319e-05
4.44318e-05
4.44316e-05
4.44314e-05
4.44313e-05
4.44311e-05
4.4431e-05
4.44309e-05
4.44307e-05
4.44306e-05
4.44305e-05
4.44304e-05
4.44303e-05
4.44302e-05
4.44301e-05
4.44301e-05
4.443e-05
4.443e-05
4.443e-05
4.443e-05
4.44301e-05
4.44301e-05
4.44302e-05
4.44303e-05
4.44305e-05
4.44306e-05
4.44308e-05
4.4431e-05
4.44313e-05
4.44315e-05
4.44318e-05
4.44322e-05
4.44325e-05
4.44329e-05
4.44333e-05
4.44338e-05
4.44343e-05
4.44349e-05
4.44355e-05
4.44361e-05
4.44368e-05
4.44375e-05
4.44383e-05
4.44391e-05
4.444e-05
4.44409e-05
4.44419e-05
4.4427e-05
4.44273e-05
4.44275e-05
4.44276e-05
4.44277e-05
4.44277e-05
4.44277e-05
4.44277e-05
4.44276e-05
4.44274e-05
4.44273e-05
4.44271e-05
4.44269e-05
4.44267e-05
4.44265e-05
4.44263e-05
4.44261e-05
4.44258e-05
4.44256e-05
4.44253e-05
4.44251e-05
4.44248e-05
4.44246e-05
4.44243e-05
4.4424e-05
4.44238e-05
4.44235e-05
4.44232e-05
4.44229e-05
4.44226e-05
4.44223e-05
4.44219e-05
4.44216e-05
4.44213e-05
4.4421e-05
4.44206e-05
4.44203e-05
4.442e-05
4.44197e-05
4.44194e-05
4.44191e-05
4.44188e-05
4.44185e-05
4.44182e-05
4.4418e-05
4.44178e-05
4.44177e-05
4.44175e-05
4.44174e-05
4.44174e-05
4.44173e-05
4.44173e-05
4.44173e-05
4.44174e-05
4.44174e-05
4.44175e-05
4.44176e-05
4.44177e-05
4.44178e-05
4.44179e-05
4.44181e-05
4.44182e-05
4.44184e-05
4.44186e-05
4.44188e-05
4.4419e-05
4.44193e-05
4.44197e-05
4.44202e-05
4.44207e-05
4.44213e-05
4.4422e-05
4.44226e-05
4.44234e-05
4.44241e-05
4.44249e-05
4.44192e-05
4.44193e-05
4.44194e-05
4.44195e-05
4.44195e-05
4.44195e-05
4.44194e-05
4.44193e-05
4.44192e-05
4.44191e-05
4.44189e-05
4.44187e-05
4.44185e-05
4.44183e-05
4.4418e-05
4.44178e-05
4.44175e-05
4.44173e-05
4.4417e-05
4.44167e-05
4.44164e-05
4.44161e-05
4.44158e-05
4.44155e-05
4.44151e-05
4.44148e-05
4.44144e-05
4.4414e-05
4.44136e-05
4.44132e-05
4.44128e-05
4.44123e-05
4.44118e-05
4.44113e-05
4.44109e-05
4.44105e-05
4.441e-05
4.44097e-05
4.44093e-05
4.44089e-05
4.44086e-05
4.44083e-05
4.44082e-05
4.44082e-05
4.44083e-05
4.44085e-05
4.44087e-05
4.44091e-05
4.44095e-05
4.441e-05
4.44105e-05
4.44111e-05
4.44117e-05
4.44124e-05
4.44131e-05
4.44139e-05
4.44147e-05
4.44154e-05
4.44161e-05
4.44167e-05
4.44171e-05
4.44174e-05
4.44175e-05
4.44176e-05
4.44177e-05
4.44179e-05
4.4418e-05
4.44181e-05
4.44182e-05
4.44183e-05
4.44184e-05
4.44185e-05
4.44187e-05
4.4419e-05
4.44194e-05
4.442e-05
4.44102e-05
4.44103e-05
4.44103e-05
4.44103e-05
4.44103e-05
4.44103e-05
4.44102e-05
4.44101e-05
4.441e-05
4.44099e-05
4.44098e-05
4.44096e-05
4.44094e-05
4.44093e-05
4.44091e-05
4.44089e-05
4.44087e-05
4.44085e-05
4.44083e-05
4.44081e-05
4.44078e-05
4.44076e-05
4.44073e-05
4.4407e-05
4.44067e-05
4.44064e-05
4.44061e-05
4.44057e-05
4.44053e-05
4.44049e-05
4.44044e-05
4.44039e-05
4.44035e-05
4.44032e-05
4.44032e-05
4.44033e-05
4.44035e-05
4.44037e-05
4.44039e-05
4.44041e-05
4.44043e-05
4.44047e-05
4.44051e-05
4.44057e-05
4.44064e-05
4.44071e-05
4.44078e-05
4.44087e-05
4.44095e-05
4.44104e-05
4.44114e-05
4.44123e-05
4.44134e-05
4.44144e-05
4.44156e-05
4.44167e-05
4.4418e-05
4.44192e-05
4.44206e-05
4.4422e-05
4.44235e-05
4.44251e-05
4.44266e-05
4.44292e-05
4.44319e-05
4.44346e-05
4.44374e-05
4.44401e-05
4.44427e-05
4.44451e-05
4.44474e-05
4.44494e-05
4.44512e-05
4.44528e-05
4.44542e-05
4.44554e-05
)
;

boundaryField
{
    walls
    {
        type            fixedValue;
        value           uniform 0;
    }
    frontAndBack
    {
        type            empty;
    }
    farfield
    {
        type            inletOutlet;
        inletValue      uniform 4.44e-05;
        value           nonuniform List<scalar> 
76
(
4.44e-05
4.44e-05
4.44e-05
4.44e-05
4.44e-05
4.44e-05
4.44e-05
4.44e-05
4.44e-05
4.44e-05
4.44e-05
4.44e-05
4.44e-05
4.44e-05
4.44e-05
4.44e-05
4.44e-05
4.44e-05
4.44e-05
4.44e-05
4.44e-05
4.44e-05
4.44e-05
4.44e-05
4.44e-05
4.44e-05
4.44e-05
4.44e-05
4.44e-05
4.44e-05
4.44e-05
4.44e-05
4.44e-05
4.44e-05
4.44e-05
4.44e-05
4.44e-05
4.44e-05
4.44e-05
4.44e-05
4.44e-05
4.44e-05
4.44e-05
4.44e-05
4.44e-05
4.44e-05
4.44e-05
4.44e-05
4.44e-05
4.44e-05
4.44e-05
4.44e-05
4.44e-05
4.44e-05
4.44e-05
4.44e-05
4.44e-05
4.44e-05
4.44e-05
4.44e-05
4.44e-05
4.44e-05
4.44e-05
4.44e-05
4.44319e-05
4.44346e-05
4.44374e-05
4.44401e-05
4.44427e-05
4.44451e-05
4.44474e-05
4.44494e-05
4.44512e-05
4.44528e-05
4.44542e-05
4.44554e-05
)
;
    }
    procBoundary0to1
    {
        type            processor;
        value           nonuniform List<scalar> 
101
(
1.32169e-06
4.14017e-06
7.33183e-06
1.09452e-05
1.50347e-05
1.96622e-05
2.48984e-05
3.08257e-05
3.75437e-05
4.5177e-05
5.3875e-05
6.37857e-05
7.5017e-05
8.85236e-05
8.85236e-05
0.000102854
0.000118957
0.000137115
0.000157671
0.000181041
0.000207716
0.000238283
0.00027344
0.000314022
0.000361028
0.000415648
0.000479296
0.000560919
0.000560919
0.000648965
0.000751977
0.000872448
0.00101301
0.00117639
0.00136515
0.00158145
0.00182653
0.00210038
0.00240146
0.0027268
0.00307233
0.00343315
0.00380347
0.00417628
0.00454262
0.00489081
0.00520559
0.00546709
0.00564964
0.00572039
0.00563769
0.00534991
0.00479602
0.00391358
0.0026815
0.00135166
0.00048914
0.000159272
6.98229e-05
4.95889e-05
4.5477e-05
4.46989e-05
4.45513e-05
4.45152e-05
4.45008e-05
4.4494e-05
4.44916e-05
4.44911e-05
4.44907e-05
4.44898e-05
4.44885e-05
4.44871e-05
4.44861e-05
4.44852e-05
4.44846e-05
4.44843e-05
4.44842e-05
4.44844e-05
4.44859e-05
4.44877e-05
4.44894e-05
4.44911e-05
4.44927e-05
4.4494e-05
4.44951e-05
4.44959e-05
4.44963e-05
4.44964e-05
4.4496e-05
4.44952e-05
4.44937e-05
4.44915e-05
4.44882e-05
4.44836e-05
4.44775e-05
4.44693e-05
4.44586e-05
4.44429e-05
4.44256e-05
4.44206e-05
4.44564e-05
)
;
    }
    procBoundary0to2
    {
        type            processor;
        value           nonuniform List<scalar> 
113
(
4.54737e-06
1.35699e-05
2.23357e-05
3.04319e-05
3.75559e-05
4.34605e-05
4.79344e-05
5.08031e-05
5.19307e-05
6.72595e-05
6.72595e-05
8.13985e-05
8.13985e-05
0.00010891
0.00010891
0.000106905
0.000101342
9.21984e-05
8.00477e-05
6.6138e-05
5.23506e-05
4.32393e-05
3.89251e-05
3.8118e-05
3.90449e-05
4.03856e-05
4.16347e-05
4.25854e-05
4.3235e-05
4.40348e-05
4.4278e-05
4.40101e-05
4.3978e-05
4.3978e-05
4.43383e-05
4.45419e-05
4.46381e-05
4.4702e-05
4.4753e-05
4.47813e-05
4.47853e-05
4.47722e-05
4.47526e-05
4.47359e-05
4.47324e-05
4.47226e-05
4.45784e-05
4.4566e-05
4.45714e-05
4.45876e-05
4.46144e-05
4.46586e-05
4.46586e-05
4.46093e-05
4.45931e-05
4.45765e-05
4.456e-05
4.45441e-05
4.45302e-05
4.45229e-05
4.45229e-05
4.45458e-05
4.4531e-05
4.45215e-05
4.45215e-05
4.45727e-05
4.45597e-05
4.455e-05
4.45416e-05
4.45343e-05
4.45279e-05
4.45218e-05
4.4516e-05
4.45105e-05
4.45051e-05
4.45001e-05
4.44953e-05
4.44911e-05
4.44875e-05
4.44846e-05
4.44824e-05
4.44808e-05
4.44808e-05
4.44799e-05
4.44795e-05
4.44794e-05
4.44795e-05
4.44794e-05
4.44792e-05
4.44789e-05
4.44785e-05
4.44779e-05
4.44772e-05
4.44764e-05
4.44754e-05
4.44742e-05
4.44728e-05
4.44713e-05
4.44695e-05
4.44676e-05
4.44653e-05
4.44628e-05
4.44599e-05
4.44567e-05
4.44531e-05
4.4449e-05
4.44449e-05
4.44449e-05
4.44396e-05
4.44336e-05
4.44267e-05
4.44189e-05
4.44101e-05
)
;
    }
}


// ************************************************************************* //
