/*--------------------------------*- C++ -*----------------------------------*\
| =========                 |                                                 |
| \\      /  F ield         | OpenFOAM: The Open Source CFD Toolbox           |
|  \\    /   O peration     | Version:  2412                                  |
|   \\  /    A nd           | Website:  www.openfoam.com                      |
|    \\/     M anipulation  |                                                 |
\*---------------------------------------------------------------------------*/
FoamFile
{
    version     2.0;
    format      ascii;
    arch        "LSB;label=32;scalar=64";
    class       volScalarField;
    location    "500";
    object      nuTilda;
}
// * * * * * * * * * * * * * * * * * * * * * * * * * * * * * * * * * * * * * //

dimensions      [0 2 -1 0 0 0 0];

internalField   nonuniform List<scalar> 
7418
(
6.28506e-07
8.34018e-07
8.99641e-07
8.99965e-07
8.97914e-07
8.90178e-07
1.59021e-06
1.94688e-06
1.94169e-06
1.82313e-06
1.75299e-06
1.71537e-06
1.69861e-06
1.7007e-06
1.71494e-06
1.7266e-06
1.72978e-06
1.72765e-06
1.72028e-06
1.71195e-06
1.7073e-06
1.70616e-06
1.70768e-06
1.70983e-06
1.711e-06
1.71141e-06
1.7116e-06
1.71234e-06
1.71364e-06
1.71524e-06
1.71689e-06
1.71855e-06
1.7203e-06
1.72218e-06
1.72421e-06
1.72631e-06
1.7285e-06
1.73077e-06
1.73309e-06
1.73544e-06
1.73784e-06
1.7403e-06
1.74278e-06
1.74529e-06
1.74781e-06
1.75035e-06
1.7529e-06
1.75547e-06
1.75799e-06
1.76047e-06
1.76298e-06
1.76546e-06
1.76791e-06
1.77035e-06
1.77272e-06
1.77509e-06
1.77744e-06
1.77975e-06
1.782e-06
1.78418e-06
1.78634e-06
1.78849e-06
1.79056e-06
1.79257e-06
1.79456e-06
1.79652e-06
1.79845e-06
1.80032e-06
1.80212e-06
1.80393e-06
1.80572e-06
1.80745e-06
1.80918e-06
1.81085e-06
1.81244e-06
1.81406e-06
1.81564e-06
1.81718e-06
1.81871e-06
1.8202e-06
1.82172e-06
5.09296e-07
5.97422e-07
1.97053e-06
2.5694e-06
2.77376e-06
2.79083e-06
2.76524e-06
2.8003e-06
5.01886e-06
6.02214e-06
5.99524e-06
5.67371e-06
5.47543e-06
5.3688e-06
5.32294e-06
5.33061e-06
5.37103e-06
5.40338e-06
5.41165e-06
5.40449e-06
5.38275e-06
5.35883e-06
5.34574e-06
5.34291e-06
5.34757e-06
5.35391e-06
5.35739e-06
5.35877e-06
5.35964e-06
5.36212e-06
5.36629e-06
5.37129e-06
5.37644e-06
5.38165e-06
5.38714e-06
5.39308e-06
5.39943e-06
5.40602e-06
5.41286e-06
5.41993e-06
5.42718e-06
5.43455e-06
5.44209e-06
5.44973e-06
5.45749e-06
5.46534e-06
5.4732e-06
5.48112e-06
5.48909e-06
5.49706e-06
5.50497e-06
5.5128e-06
5.52061e-06
5.52837e-06
5.53603e-06
5.54364e-06
5.55109e-06
5.55848e-06
5.56578e-06
5.57298e-06
5.58005e-06
5.58689e-06
5.59363e-06
5.60029e-06
5.60681e-06
5.61314e-06
5.61938e-06
5.62549e-06
5.63147e-06
5.63733e-06
5.64303e-06
5.64865e-06
5.6542e-06
5.65965e-06
5.66503e-06
5.67027e-06
5.67529e-06
5.68031e-06
5.68524e-06
5.69007e-06
5.69485e-06
5.69957e-06
5.70431e-06
1.58603e-06
1.85772e-06
3.51921e-06
4.44036e-06
4.795e-06
4.8651e-06
4.77773e-06
5.17694e-06
8.98957e-06
1.04552e-05
1.03882e-05
9.94551e-06
9.65266e-06
9.49558e-06
9.43143e-06
9.44713e-06
9.50768e-06
9.55389e-06
9.56377e-06
9.54991e-06
9.51544e-06
9.47932e-06
9.46019e-06
9.45702e-06
9.465e-06
9.47517e-06
9.48091e-06
9.48359e-06
9.48584e-06
9.49072e-06
9.49822e-06
9.50702e-06
9.51613e-06
9.5254e-06
9.53515e-06
9.54573e-06
9.55697e-06
9.56861e-06
9.58067e-06
9.59313e-06
9.60588e-06
9.6189e-06
9.63223e-06
9.6457e-06
9.65939e-06
9.67324e-06
9.68712e-06
9.70109e-06
9.7151e-06
9.72912e-06
9.7431e-06
9.75695e-06
9.77072e-06
9.78439e-06
9.79791e-06
9.81129e-06
9.8245e-06
9.83752e-06
9.85035e-06
9.86302e-06
9.87548e-06
9.88763e-06
9.89952e-06
9.91123e-06
9.92272e-06
9.93394e-06
9.94494e-06
9.95568e-06
9.96625e-06
9.97664e-06
9.98672e-06
9.99659e-06
1.00064e-05
1.00161e-05
1.00255e-05
1.00348e-05
1.00437e-05
1.00525e-05
1.00612e-05
1.00697e-05
1.00781e-05
1.00865e-05
1.00949e-05
2.78971e-06
3.26102e-06
5.36073e-06
6.43521e-06
6.94641e-06
7.11527e-06
6.93598e-06
8.39281e-06
1.35576e-05
1.52263e-05
1.51152e-05
1.46677e-05
1.43332e-05
1.41557e-05
1.40897e-05
1.41153e-05
1.41849e-05
1.42337e-05
1.424e-05
1.42177e-05
1.41741e-05
1.41317e-05
1.41106e-05
1.41091e-05
1.41205e-05
1.41336e-05
1.41415e-05
1.41459e-05
1.41505e-05
1.41586e-05
1.41701e-05
1.41831e-05
1.41966e-05
1.42105e-05
1.42252e-05
1.4241e-05
1.42577e-05
1.42749e-05
1.42928e-05
1.43113e-05
1.43302e-05
1.43495e-05
1.43693e-05
1.43893e-05
1.44096e-05
1.44301e-05
1.44507e-05
1.44714e-05
1.44922e-05
1.45129e-05
1.45336e-05
1.45542e-05
1.45746e-05
1.45949e-05
1.4615e-05
1.46348e-05
1.46544e-05
1.46738e-05
1.46928e-05
1.47116e-05
1.473e-05
1.47481e-05
1.47658e-05
1.47832e-05
1.48002e-05
1.48169e-05
1.48332e-05
1.48492e-05
1.48649e-05
1.48803e-05
1.48953e-05
1.491e-05
1.49246e-05
1.49389e-05
1.4953e-05
1.49668e-05
1.498e-05
1.49932e-05
1.5006e-05
1.50187e-05
1.50312e-05
1.50437e-05
1.50562e-05
4.13437e-06
4.82969e-06
7.65314e-06
8.56007e-06
9.22438e-06
9.53985e-06
9.28139e-06
1.25867e-05
1.87244e-05
2.033e-05
2.01953e-05
1.98841e-05
1.95764e-05
1.9418e-05
1.937e-05
1.9405e-05
1.94679e-05
1.95047e-05
1.95007e-05
1.9469e-05
1.94218e-05
1.93814e-05
1.93638e-05
1.93667e-05
1.93812e-05
1.93962e-05
1.94058e-05
1.94128e-05
1.94209e-05
1.94332e-05
1.94493e-05
1.94671e-05
1.94855e-05
1.95046e-05
1.95248e-05
1.95465e-05
1.95693e-05
1.95928e-05
1.96172e-05
1.96423e-05
1.96681e-05
1.96944e-05
1.97213e-05
1.97485e-05
1.97761e-05
1.9804e-05
1.9832e-05
1.98603e-05
1.98885e-05
1.99168e-05
1.99449e-05
1.99729e-05
2.00007e-05
2.00283e-05
2.00557e-05
2.00828e-05
2.01095e-05
2.01359e-05
2.01618e-05
2.01874e-05
2.02126e-05
2.02372e-05
2.02614e-05
2.02851e-05
2.03083e-05
2.0331e-05
2.03534e-05
2.03753e-05
2.03967e-05
2.04177e-05
2.04381e-05
2.04583e-05
2.04782e-05
2.04978e-05
2.0517e-05
2.05359e-05
2.05539e-05
2.05719e-05
2.05895e-05
2.06068e-05
2.06239e-05
2.0641e-05
2.0658e-05
5.6461e-06
6.68029e-06
1.05461e-05
1.08415e-05
1.16438e-05
1.21486e-05
1.22501e-05
1.79465e-05
2.44423e-05
2.57777e-05
2.56681e-05
2.56518e-05
2.5454e-05
2.53615e-05
2.53525e-05
2.53929e-05
2.54289e-05
2.54363e-05
2.54144e-05
2.53734e-05
2.53308e-05
2.53027e-05
2.52955e-05
2.53056e-05
2.53228e-05
2.53381e-05
2.53493e-05
2.53597e-05
2.53729e-05
2.53908e-05
2.54121e-05
2.54351e-05
2.5459e-05
2.5484e-05
2.55105e-05
2.55387e-05
2.55683e-05
2.55988e-05
2.56303e-05
2.56629e-05
2.56962e-05
2.57303e-05
2.5765e-05
2.58003e-05
2.58359e-05
2.5872e-05
2.59083e-05
2.59447e-05
2.59813e-05
2.60178e-05
2.60542e-05
2.60904e-05
2.61265e-05
2.61623e-05
2.61977e-05
2.62327e-05
2.62673e-05
2.63015e-05
2.63352e-05
2.63683e-05
2.64009e-05
2.64329e-05
2.64643e-05
2.64951e-05
2.65253e-05
2.65547e-05
2.65837e-05
2.66121e-05
2.66399e-05
2.66672e-05
2.66938e-05
2.672e-05
2.67459e-05
2.67713e-05
2.67963e-05
2.68209e-05
2.68444e-05
2.68677e-05
2.68906e-05
2.69131e-05
2.69354e-05
2.69576e-05
2.69797e-05
7.37713e-06
9.08698e-06
1.41146e-05
1.3615e-05
1.42487e-05
1.49761e-05
1.63287e-05
2.46747e-05
3.06344e-05
3.16065e-05
3.1594e-05
3.20448e-05
3.2053e-05
3.20787e-05
3.21285e-05
3.21657e-05
3.21512e-05
3.21099e-05
3.20625e-05
3.20145e-05
3.19868e-05
3.19834e-05
3.19944e-05
3.20148e-05
3.20341e-05
3.20481e-05
3.20606e-05
3.20756e-05
3.20957e-05
3.21205e-05
3.2148e-05
3.21768e-05
3.22067e-05
3.22384e-05
3.22721e-05
3.23076e-05
3.23447e-05
3.2383e-05
3.24225e-05
3.24633e-05
3.2505e-05
3.25476e-05
3.25911e-05
3.26351e-05
3.26798e-05
3.27248e-05
3.27702e-05
3.28159e-05
3.28616e-05
3.29073e-05
3.29529e-05
3.29983e-05
3.30434e-05
3.30883e-05
3.31326e-05
3.31766e-05
3.322e-05
3.32629e-05
3.33051e-05
3.33467e-05
3.33877e-05
3.34278e-05
3.34672e-05
3.3506e-05
3.35439e-05
3.3581e-05
3.36174e-05
3.36531e-05
3.36881e-05
3.37224e-05
3.37559e-05
3.37889e-05
3.38215e-05
3.38535e-05
3.3885e-05
3.3916e-05
3.39456e-05
3.3975e-05
3.40038e-05
3.40322e-05
3.40603e-05
3.40883e-05
3.41162e-05
9.46326e-06
1.21336e-05
1.84497e-05
1.732e-05
1.71307e-05
1.81203e-05
2.17194e-05
3.2657e-05
3.72265e-05
3.78895e-05
3.80568e-05
3.91653e-05
3.94867e-05
3.96843e-05
3.98085e-05
3.98288e-05
3.97379e-05
3.96284e-05
3.95488e-05
3.94986e-05
3.94987e-05
3.95335e-05
3.95714e-05
3.96052e-05
3.96256e-05
3.96366e-05
3.96504e-05
3.96716e-05
3.97007e-05
3.97342e-05
3.97689e-05
3.98041e-05
3.9841e-05
3.98803e-05
3.99221e-05
3.9966e-05
4.00116e-05
4.00585e-05
4.0107e-05
4.01569e-05
4.02081e-05
4.02602e-05
4.03134e-05
4.03673e-05
4.04219e-05
4.04771e-05
4.05327e-05
4.05886e-05
4.06445e-05
4.07006e-05
4.07565e-05
4.08121e-05
4.08675e-05
4.09224e-05
4.09769e-05
4.10309e-05
4.10842e-05
4.11369e-05
4.11889e-05
4.124e-05
4.12903e-05
4.13397e-05
4.13882e-05
4.14359e-05
4.14826e-05
4.15283e-05
4.15732e-05
4.16173e-05
4.16604e-05
4.17027e-05
4.1744e-05
4.17848e-05
4.1825e-05
4.18644e-05
4.19032e-05
4.19415e-05
4.19782e-05
4.20144e-05
4.205e-05
4.20851e-05
4.21199e-05
4.21545e-05
4.21889e-05
1.21475e-05
1.59298e-05
2.36552e-05
2.19836e-05
2.05229e-05
2.19395e-05
2.87045e-05
4.13203e-05
4.41735e-05
4.47489e-05
4.51807e-05
4.71679e-05
4.79121e-05
4.83266e-05
4.85285e-05
4.85117e-05
4.8319e-05
4.81248e-05
4.80102e-05
4.79664e-05
4.80094e-05
4.80966e-05
4.81694e-05
4.82191e-05
4.82395e-05
4.82461e-05
4.82618e-05
4.82911e-05
4.83319e-05
4.83759e-05
4.84189e-05
4.84615e-05
4.85063e-05
4.85545e-05
4.86056e-05
4.8659e-05
4.87141e-05
4.87708e-05
4.88294e-05
4.88896e-05
4.89514e-05
4.90143e-05
4.90784e-05
4.91435e-05
4.92093e-05
4.92759e-05
4.9343e-05
4.94104e-05
4.94779e-05
4.95456e-05
4.96131e-05
4.96803e-05
4.97472e-05
4.98137e-05
4.98796e-05
4.9945e-05
5.00095e-05
5.00733e-05
5.01363e-05
5.01982e-05
5.02592e-05
5.03192e-05
5.03781e-05
5.04359e-05
5.04926e-05
5.05481e-05
5.06027e-05
5.06562e-05
5.07087e-05
5.07601e-05
5.08104e-05
5.086e-05
5.09088e-05
5.09567e-05
5.10039e-05
5.10507e-05
5.10954e-05
5.11395e-05
5.11828e-05
5.12255e-05
5.12679e-05
5.131e-05
5.13518e-05
1.55324e-05
2.05999e-05
2.97914e-05
2.76456e-05
2.51868e-05
2.73136e-05
3.76321e-05
5.02916e-05
5.14916e-05
5.23745e-05
5.31788e-05
5.62983e-05
5.75394e-05
5.8177e-05
5.84305e-05
5.83466e-05
5.80346e-05
5.77519e-05
5.76095e-05
5.75874e-05
5.76898e-05
5.78402e-05
5.79522e-05
5.80177e-05
5.80366e-05
5.80384e-05
5.80574e-05
5.80976e-05
5.81523e-05
5.82084e-05
5.82608e-05
5.83117e-05
5.83654e-05
5.84236e-05
5.84853e-05
5.85492e-05
5.86149e-05
5.86825e-05
5.87522e-05
5.88239e-05
5.88972e-05
5.8972e-05
5.90482e-05
5.91255e-05
5.92037e-05
5.92829e-05
5.93625e-05
5.94426e-05
5.95229e-05
5.96033e-05
5.96836e-05
5.97636e-05
5.98433e-05
5.99225e-05
6.0001e-05
6.00789e-05
6.01558e-05
6.02319e-05
6.0307e-05
6.0381e-05
6.04538e-05
6.05254e-05
6.05958e-05
6.06649e-05
6.07327e-05
6.07991e-05
6.08643e-05
6.09284e-05
6.09911e-05
6.10526e-05
6.11128e-05
6.11721e-05
6.12306e-05
6.12877e-05
6.13441e-05
6.14003e-05
6.14537e-05
6.15064e-05
6.15582e-05
6.16092e-05
6.16599e-05
6.17102e-05
6.176e-05
1.97712e-05
2.62578e-05
3.69223e-05
3.43482e-05
3.11941e-05
3.44407e-05
4.89144e-05
5.94702e-05
5.9246e-05
6.10545e-05
6.24555e-05
6.69036e-05
6.85861e-05
6.93651e-05
6.9599e-05
6.94141e-05
6.89875e-05
6.86387e-05
6.84929e-05
6.8515e-05
6.86891e-05
6.89027e-05
6.90488e-05
6.91254e-05
6.91409e-05
6.91397e-05
6.9165e-05
6.92185e-05
6.92884e-05
6.93571e-05
6.94192e-05
6.9479e-05
6.95423e-05
6.96112e-05
6.96841e-05
6.9759e-05
6.98358e-05
6.99147e-05
6.9996e-05
7.00796e-05
7.01651e-05
7.02522e-05
7.03409e-05
7.04308e-05
7.05219e-05
7.0614e-05
7.07067e-05
7.08e-05
7.08935e-05
7.09871e-05
7.10807e-05
7.1174e-05
7.12669e-05
7.13592e-05
7.14509e-05
7.15417e-05
7.16316e-05
7.17205e-05
7.18082e-05
7.18946e-05
7.19797e-05
7.20635e-05
7.21458e-05
7.22266e-05
7.23059e-05
7.23836e-05
7.24599e-05
7.25348e-05
7.26082e-05
7.26801e-05
7.27505e-05
7.28199e-05
7.2888e-05
7.29545e-05
7.30202e-05
7.3086e-05
7.31485e-05
7.32099e-05
7.32702e-05
7.33296e-05
7.33885e-05
7.3447e-05
7.35047e-05
2.50023e-05
3.30298e-05
4.51192e-05
4.21539e-05
3.85961e-05
4.35778e-05
6.28431e-05
6.88747e-05
6.77971e-05
7.1213e-05
7.37105e-05
7.932e-05
8.11804e-05
8.19329e-05
8.20548e-05
8.17476e-05
8.12381e-05
8.08712e-05
8.07602e-05
8.08497e-05
8.10972e-05
8.13589e-05
8.15238e-05
8.16028e-05
8.1614e-05
8.16142e-05
8.165e-05
8.17187e-05
8.18037e-05
8.18841e-05
8.19555e-05
8.20244e-05
8.2098e-05
8.2178e-05
8.2262e-05
8.23481e-05
8.24361e-05
8.25264e-05
8.26195e-05
8.27151e-05
8.28127e-05
8.29122e-05
8.30134e-05
8.31161e-05
8.32201e-05
8.33252e-05
8.3431e-05
8.35375e-05
8.36443e-05
8.37513e-05
8.38582e-05
8.39649e-05
8.40711e-05
8.41768e-05
8.42816e-05
8.43856e-05
8.44885e-05
8.45902e-05
8.46907e-05
8.47897e-05
8.48872e-05
8.49832e-05
8.50776e-05
8.51702e-05
8.5261e-05
8.535e-05
8.54375e-05
8.55233e-05
8.56073e-05
8.56895e-05
8.577e-05
8.58492e-05
8.59269e-05
8.60025e-05
8.60771e-05
8.61524e-05
8.62235e-05
8.62933e-05
8.63617e-05
8.6429e-05
8.64956e-05
8.65616e-05
8.66264e-05
3.13875e-05
4.10433e-05
5.4456e-05
5.11366e-05
4.75766e-05
5.51963e-05
7.61606e-05
7.8668e-05
7.76998e-05
8.34104e-05
8.75717e-05
9.36835e-05
9.53599e-05
9.59096e-05
9.58477e-05
9.54204e-05
9.48768e-05
9.45486e-05
9.45109e-05
9.46828e-05
9.49931e-05
9.52793e-05
9.54445e-05
9.55175e-05
9.55253e-05
9.55326e-05
9.55833e-05
9.56685e-05
9.57674e-05
9.58582e-05
9.59388e-05
9.60175e-05
9.6102e-05
9.61935e-05
9.62891e-05
9.63866e-05
9.64861e-05
9.65882e-05
9.66934e-05
9.68014e-05
9.69116e-05
9.70238e-05
9.7138e-05
9.72538e-05
9.73711e-05
9.74896e-05
9.7609e-05
9.77291e-05
9.78496e-05
9.79703e-05
9.8091e-05
9.82114e-05
9.83314e-05
9.84508e-05
9.85692e-05
9.86867e-05
9.8803e-05
9.8918e-05
9.90315e-05
9.91435e-05
9.92538e-05
9.93623e-05
9.9469e-05
9.95736e-05
9.96762e-05
9.97768e-05
9.98756e-05
9.99723e-05
0.000100067
0.000100159
0.00010025
0.000100339
0.000100426
0.00010051
0.000100593
0.000100678
0.000100757
0.000100835
0.000100911
0.000100985
0.000101058
0.000101131
0.000101202
3.91364e-05
5.04249e-05
6.50091e-05
6.1382e-05
5.8374e-05
6.99767e-05
8.8903e-05
8.91896e-05
8.96433e-05
9.81795e-05
0.000104107
0.000109956
0.00011117
0.000111392
0.000111112
0.000110589
0.000110065
0.000109827
0.000109891
0.000110149
0.000110504
0.000110789
0.000110938
0.000111
0.000111007
0.000111028
0.000111097
0.000111199
0.000111311
0.000111411
0.000111501
0.000111591
0.000111687
0.000111791
0.000111899
0.000112008
0.00011212
0.000112235
0.000112353
0.000112474
0.000112598
0.000112724
0.000112852
0.000112981
0.000113113
0.000113246
0.000113379
0.000113514
0.000113649
0.000113784
0.000113919
0.000114054
0.000114189
0.000114323
0.000114456
0.000114587
0.000114718
0.000114847
0.000114974
0.000115099
0.000115223
0.000115345
0.000115464
0.000115581
0.000115696
0.000115808
0.000115918
0.000116026
0.000116132
0.000116235
0.000116335
0.000116433
0.000116529
0.000116621
0.000116712
0.000116805
0.000116892
0.000116977
0.000117059
0.00011714
0.000117218
0.000117296
0.000117371
4.84998e-05
6.13256e-05
7.68516e-05
7.29988e-05
7.13082e-05
8.86878e-05
0.000101267
0.000100919
0.000104406
0.000115775
0.000123096
0.0001281
0.000128721
0.00012855
0.000128054
0.000127473
0.000127021
0.000126913
0.000127094
0.000127429
0.000127806
0.000128069
0.00012819
0.000128237
0.000128248
0.000128288
0.000128379
0.000128498
0.000128621
0.000128731
0.000128831
0.000128932
0.000129042
0.000129159
0.00012928
0.000129403
0.000129528
0.000129656
0.000129789
0.000129924
0.000130062
0.000130202
0.000130345
0.00013049
0.000130637
0.000130785
0.000130934
0.000131084
0.000131234
0.000131385
0.000131536
0.000131687
0.000131837
0.000131986
0.000132134
0.000132281
0.000132426
0.000132569
0.000132711
0.000132851
0.000132988
0.000133123
0.000133256
0.000133385
0.000133512
0.000133637
0.000133758
0.000133877
0.000133993
0.000134106
0.000134216
0.000134323
0.000134426
0.000134526
0.000134623
0.000134723
0.000134816
0.000134906
0.000134993
0.000135078
0.00013516
0.00013524
0.000135317
5.97866e-05
7.39402e-05
9.00416e-05
8.61333e-05
8.70028e-05
0.000107043
0.000113694
0.000114365
0.000122469
0.000136165
0.00014432
0.000148194
0.000148187
0.000147608
0.000146923
0.00014633
0.000145993
0.000146039
0.000146339
0.000146736
0.000147113
0.000147335
0.000147418
0.000147453
0.000147473
0.000147536
0.000147651
0.000147787
0.00014792
0.000148038
0.000148149
0.000148265
0.000148389
0.00014852
0.000148655
0.000148792
0.000148931
0.000149075
0.000149222
0.000149373
0.000149526
0.000149682
0.000149841
0.000150002
0.000150165
0.000150329
0.000150495
0.000150661
0.000150828
0.000150996
0.000151163
0.00015133
0.000151496
0.000151661
0.000151825
0.000151988
0.000152148
0.000152307
0.000152463
0.000152617
0.000152768
0.000152917
0.000153062
0.000153205
0.000153344
0.00015348
0.000153612
0.000153741
0.000153867
0.000153988
0.000154106
0.000154221
0.00015433
0.000154435
0.000154536
0.00015464
0.000154737
0.00015483
0.000154919
0.000155004
0.000155086
0.000155165
0.000155239
7.3344e-05
8.86004e-05
0.000104617
0.000100995
0.000106039
0.000124355
0.000126699
0.000129956
0.000143764
0.000159235
0.000167719
0.000170404
0.000169792
0.000168824
0.000167991
0.000167432
0.000167242
0.000167451
0.000167861
0.0001683
0.000168654
0.000168821
0.000168865
0.000168889
0.000168923
0.000169014
0.000169152
0.000169304
0.000169447
0.000169574
0.000169698
0.000169828
0.000169968
0.000170114
0.000170264
0.000170415
0.000170571
0.00017073
0.000170893
0.00017106
0.00017123
0.000171403
0.000171579
0.000171757
0.000171937
0.000172118
0.000172301
0.000172485
0.000172669
0.000172853
0.000173037
0.000173221
0.000173403
0.000173585
0.000173765
0.000173943
0.000174119
0.000174292
0.000174463
0.000174631
0.000174796
0.000174957
0.000175115
0.000175269
0.000175419
0.000175565
0.000175706
0.000175844
0.000175977
0.000176105
0.000176229
0.000176348
0.000176461
0.000176567
0.000176668
0.000176772
0.000176869
0.00017696
0.000177046
0.000177126
0.000177202
0.000177273
0.000177338
8.96596e-05
0.000105662
0.000120584
0.000117809
0.000129604
0.000140792
0.000140816
0.000148159
0.000167985
0.000184921
0.00019339
0.000194948
0.000193794
0.00019248
0.000191546
0.000191058
0.000191033
0.000191402
0.000191904
0.000192361
0.000192673
0.000192778
0.000192781
0.000192799
0.000192852
0.000192973
0.000193135
0.000193302
0.000193453
0.00019359
0.000193726
0.000193872
0.000194029
0.000194191
0.000194356
0.000194524
0.000194695
0.000194871
0.000195052
0.000195236
0.000195423
0.000195613
0.000195806
0.000196001
0.000196199
0.000196398
0.000196598
0.000196799
0.000197
0.000197201
0.000197402
0.000197603
0.000197801
0.000197999
0.000198194
0.000198387
0.000198577
0.000198765
0.000198949
0.000199129
0.000199306
0.000199479
0.000199647
0.00019981
0.000199969
0.000200122
0.000200271
0.000200414
0.000200551
0.000200682
0.000200808
0.000200927
0.000201038
0.00020114
0.000201236
0.000201331
0.000201422
0.000201505
0.000201581
0.000201649
0.00020171
0.000201765
0.000201811
0.00010689
0.000125376
0.000137909
0.000136917
0.000152954
0.00015669
0.000156622
0.00016948
0.000194877
0.000213252
0.000221539
0.000222096
0.000220466
0.000218869
0.000217877
0.000217487
0.000217629
0.000218143
0.000218713
0.000219167
0.000219423
0.000219461
0.000219425
0.000219442
0.000219518
0.000219669
0.000219855
0.000220034
0.000220194
0.00022034
0.000220491
0.000220654
0.000220827
0.000221006
0.000221187
0.000221371
0.000221559
0.000221753
0.00022195
0.000222152
0.000222356
0.000222564
0.000222774
0.000222987
0.000223202
0.000223418
0.000223635
0.000223853
0.000224071
0.000224288
0.000224505
0.000224721
0.000224935
0.000225147
0.000225356
0.000225562
0.000225765
0.000225964
0.000226159
0.00022635
0.000226536
0.000226717
0.000226892
0.000227061
0.000227224
0.000227381
0.000227532
0.000227675
0.000227811
0.00022794
0.000228061
0.000228173
0.000228275
0.000228366
0.000228447
0.000228524
0.0002286
0.000228665
0.00022872
0.000228765
0.0002288
0.000228825
0.000228839
0.00012406
0.000146443
0.000156594
0.000159008
0.000175479
0.000172731
0.00017469
0.000194249
0.000224439
0.000244335
0.000252426
0.000252152
0.000250065
0.000248286
0.000247269
0.000246987
0.000247287
0.000247924
0.000248537
0.000248967
0.000249159
0.000249129
0.00024906
0.00024908
0.00024918
0.000249362
0.000249569
0.00024976
0.000249927
0.000250084
0.000250249
0.000250429
0.00025062
0.000250815
0.000251012
0.000251213
0.000251418
0.000251629
0.000251844
0.000252062
0.000252284
0.000252508
0.000252735
0.000252965
0.000253196
0.000253428
0.000253661
0.000253895
0.000254128
0.00025436
0.000254591
0.00025482
0.000255046
0.00025527
0.00025549
0.000255707
0.000255919
0.000256126
0.000256328
0.000256525
0.000256715
0.000256899
0.000257076
0.000257245
0.000257407
0.000257561
0.000257707
0.000257843
0.000257971
0.000258088
0.000258196
0.000258292
0.000258375
0.000258443
0.000258498
0.000258542
0.000258591
0.000258623
0.000258643
0.00025865
0.000258642
0.000258621
0.000258584
0.000141525
0.000167018
0.000176696
0.000185279
0.000196727
0.000189614
0.000195638
0.00022265
0.000257032
0.000278336
0.000286302
0.000285425
0.000282892
0.000281014
0.000279991
0.000279817
0.000280254
0.000280987
0.00028162
0.000282012
0.000282134
0.00028204
0.000281943
0.000281968
0.000282094
0.000282306
0.000282532
0.000282732
0.000282906
0.000283073
0.000283253
0.000283451
0.000283659
0.00028387
0.000284083
0.000284299
0.000284522
0.000284749
0.00028498
0.000285215
0.000285452
0.000285692
0.000285935
0.00028618
0.000286425
0.000286672
0.000286918
0.000287165
0.00028741
0.000287653
0.000287895
0.000288134
0.000288369
0.000288601
0.000288827
0.000289049
0.000289265
0.000289475
0.000289678
0.000289874
0.000290063
0.000290243
0.000290414
0.000290575
0.000290727
0.000290869
0.000291
0.000291119
0.000291226
0.000291321
0.000291403
0.00029147
0.000291519
0.00029155
0.000291563
0.000159863
0.000187276
0.000198382
0.000217495
0.000217027
0.000208101
0.000219959
0.000254695
0.000292936
0.000315476
0.000323416
0.000322167
0.000319242
0.000317309
0.000316291
0.000316214
0.000316764
0.000317564
0.000318197
0.000318541
0.000318593
0.00031844
0.000318323
0.000318353
0.000318505
0.000318743
0.000318985
0.000319193
0.000319374
0.000319551
0.000319746
0.00031996
0.000320185
0.000320411
0.000320638
0.00032087
0.000321108
0.00032135
0.000321596
0.000321845
0.000322097
0.00032235
0.000322606
0.000322863
0.00032312
0.000323377
0.000323634
0.000323889
0.000324142
0.000324393
0.00032464
0.000324883
0.000325121
0.000325354
0.000325581
0.000325801
0.000326013
0.000326218
0.000326414
0.0003266
0.000326777
0.000326943
0.000327098
0.00032724
0.00032737
0.000327487
0.00032759
0.000327678
0.00032775
0.000327806
0.000327845
0.000327865
0.000327864
0.000327838
0.000327788
0.000179781
0.000207696
0.000221885
0.000248572
0.000236821
0.000228868
0.000248037
0.000290624
0.000332346
0.000356005
0.000364048
0.000362607
0.000359402
0.000357392
0.000356389
0.000356389
0.000357024
0.000357868
0.000358484
0.000358775
0.00035876
0.000358555
0.000358421
0.000358458
0.000358633
0.000358894
0.00035915
0.000359365
0.000359551
0.000359738
0.000359947
0.000360177
0.000360416
0.000360656
0.000360897
0.000361142
0.000361393
0.000361648
0.000361906
0.000362167
0.000362429
0.000362693
0.000362958
0.000363223
0.000363487
0.00036375
0.000364011
0.000364269
0.000364524
0.000364775
0.000365021
0.000365261
0.000365494
0.00036572
0.000365937
0.000366146
0.000366344
0.000366533
0.00036671
0.000366875
0.000367027
0.000367165
0.000367289
0.000367397
0.000367489
0.000367565
0.000367622
0.00036766
0.000367678
0.000367675
0.00036765
0.0003676
0.000367523
0.000367416
0.000367279
0.000202084
0.000228759
0.0002477
0.000277235
0.00025694
0.000252543
0.000280341
0.000330644
0.000375411
0.000400135
0.000408385
0.00040689
0.000403558
0.000401444
0.000400462
0.000400518
0.000401212
0.000402078
0.000402667
0.000402905
0.000402827
0.000402577
0.00040243
0.000402474
0.000402669
0.00040295
0.000403216
0.000403436
0.000403627
0.000403822
0.000404044
0.000404287
0.000404539
0.00040479
0.000405042
0.000405297
0.000405558
0.000405823
0.00040609
0.000406358
0.000406626
0.000406895
0.000407164
0.000407431
0.000407696
0.000407958
0.000408216
0.00040847
0.000408718
0.00040896
0.000409195
0.000409422
0.000409639
0.000409846
0.000410042
0.000410227
0.000410398
0.000410556
0.000410699
0.000410826
0.000410937
0.000411031
0.000411105
0.000411159
0.000411193
0.000411205
0.000411194
0.000411158
0.000411097
0.000411009
0.000410892
0.000410744
0.000410561
0.000410342
0.000410085
0.000227663
0.000250834
0.000276824
0.000303897
0.000278189
0.000279735
0.000317403
0.000374872
0.000422247
0.000448013
0.000456546
0.000455127
0.000451783
0.000449596
0.000448637
0.000448731
0.000449461
0.000450332
0.000450885
0.000451071
0.000450939
0.000450651
0.000450494
0.000450545
0.000450756
0.000451052
0.000451326
0.000451549
0.000451742
0.000451945
0.000452176
0.00045243
0.000452691
0.000452951
0.000453209
0.000453472
0.000453739
0.000454008
0.000454278
0.000454548
0.000454816
0.000455084
0.000455349
0.00045561
0.000455867
0.000456119
0.000456365
0.000456604
0.000456835
0.000457056
0.000457268
0.000457468
0.000457655
0.000457829
0.000457989
0.000458132
0.000458259
0.000458368
0.000458458
0.000458528
0.000458576
0.000458602
0.000458603
0.000458579
0.000458529
0.000458451
0.000458343
0.000458204
0.000458033
0.000457827
0.000457584
0.000457302
0.000456977
0.000456607
0.000456191
0.000257427
0.000274006
0.000311403
0.000329129
0.000301438
0.000311108
0.000359437
0.000423331
0.000472926
0.000499703
0.000508586
0.000507365
0.000504091
0.000501912
0.000500979
0.000501095
0.000501842
0.000502703
0.000503217
0.000503355
0.000503177
0.000502858
0.000502694
0.000502749
0.000502972
0.000503279
0.000503558
0.000503782
0.000503976
0.000504183
0.000504421
0.000504682
0.000504948
0.000505211
0.000505472
0.000505736
0.000506003
0.000506271
0.000506537
0.000506801
0.000507062
0.000507319
0.000507571
0.000507817
0.000508055
0.000508286
0.000508507
0.000508718
0.000508917
0.000509104
0.000509276
0.000509433
0.000509573
0.000509695
0.000509798
0.00050988
0.00050994
0.000509978
0.000509991
0.000509978
0.000509938
0.000509868
0.000509768
0.000509636
0.00050947
0.000509269
0.00050903
0.000508751
0.000508431
0.000508068
0.000507659
0.0005072
0.000506688
0.00050612
0.000505498
0.000292215
0.000297844
0.000345547
0.000353605
0.000327496
0.000347145
0.000406373
0.00047598
0.000527451
0.00055519
0.000564483
0.000563585
0.000560481
0.000558372
0.000557474
0.000557602
0.00055835
0.000559189
0.000559662
0.000559757
0.00055954
0.000559199
0.000559032
0.000559088
0.000559319
0.000559633
0.000559912
0.000560134
0.000560327
0.000560534
0.000560775
0.000561037
0.000561303
0.000561564
0.000561821
0.000562079
0.000562339
0.000562597
0.000562851
0.0005631
0.000563343
0.000563578
0.000563806
0.000564023
0.00056423
0.000564425
0.000564606
0.000564773
0.000564923
0.000565056
0.00056517
0.000565263
0.000565335
0.000565382
0.000565405
0.000565401
0.000565368
0.000565307
0.000565214
0.000565088
0.000564927
0.000564729
0.000564492
0.000564215
0.000563895
0.000563531
0.000563119
0.000562658
0.000562145
0.000561578
0.000560953
0.000560265
0.000559513
0.000558694
0.000557808
0.00033283
0.000321665
0.000381398
0.000378281
0.000357003
0.00038817
0.000458183
0.000532696
0.000585747
0.000614379
0.000624134
0.000623675
0.000620843
0.000618859
0.000618014
0.000618149
0.000618884
0.000619691
0.00062012
0.000620178
0.000619932
0.000619577
0.000619409
0.000619465
0.000619699
0.000620014
0.000620291
0.000620508
0.000620696
0.000620899
0.000621136
0.000621394
0.000621654
0.000621904
0.00062215
0.000622394
0.000622637
0.000622875
0.000623106
0.000623328
0.00062354
0.00062374
0.000623929
0.000624103
0.000624261
0.000624402
0.000624525
0.000624628
0.000624708
0.000624766
0.000624798
0.000624803
0.000624779
0.000624725
0.000624639
0.000624518
0.000624362
0.000624167
0.000623934
0.000623658
0.000623339
0.000622973
0.000622558
0.000622093
0.000621575
0.000621001
0.000620367
0.000619672
0.000618912
0.000618085
0.000617187
0.000616212
0.000615158
0.000614022
0.000612806
0.000380287
0.000358755
0.000418098
0.000404226
0.000390404
0.000434291
0.000514717
0.000593262
0.000647649
0.000677089
0.000687354
0.000687403
0.000684945
0.000683147
0.000682381
0.000682519
0.00068323
0.000683997
0.000684382
0.000684407
0.000684141
0.00068378
0.000683614
0.000683668
0.0006839
0.000684211
0.00068448
0.000684689
0.000684867
0.00068506
0.000685287
0.000685533
0.000685777
0.000686009
0.000686233
0.000686452
0.000686667
0.000686873
0.000687067
0.000687247
0.000687412
0.000687562
0.000687693
0.000687805
0.000687895
0.000687961
0.000688003
0.000688018
0.000688004
0.000687959
0.000687882
0.000687769
0.00068762
0.000687431
0.000687202
0.000686929
0.000686611
0.000686246
0.000685831
0.000685363
0.00068484
0.00068426
0.000683619
0.000682915
0.000682145
0.000681305
0.000680393
0.000679404
0.000678336
0.000677185
0.000675946
0.000674613
0.000673186
0.000671659
0.000670034
0.000435386
0.000405319
0.0004594
0.000432509
0.000428221
0.000485757
0.000575651
0.000657384
0.000712874
0.00074305
0.000753922
0.000754416
0.000752426
0.000750878
0.00075022
0.000750364
0.000751041
0.000751758
0.000752098
0.000752096
0.000751821
0.000751462
0.000751297
0.000751346
0.000751571
0.000751872
0.000752128
0.000752322
0.000752485
0.000752663
0.000752871
0.000753094
0.000753312
0.000753514
0.000753704
0.000753886
0.000754058
0.000754216
0.000754356
0.000754477
0.000754578
0.000754656
0.000754709
0.000754736
0.000754733
0.0007547
0.000754634
0.000754533
0.000754395
0.000754216
0.000753996
0.000753731
0.00075342
0.000753059
0.000752647
0.00075218
0.000751657
0.000751074
0.000750429
0.00074972
0.000748942
0.000748092
0.000747168
0.000746167
0.000745084
0.000743915
0.000742657
0.000741306
0.000739857
0.000738307
0.00073665
0.00073488
0.000732995
0.00073099
0.000728865
0.000498726
0.000462905
0.000503733
0.00046395
0.000470756
0.000542383
0.000640508
0.000724637
0.000780965
0.00081178
0.000823405
0.000824219
0.000822778
0.000821542
0.000821021
0.000821175
0.000821811
0.000822472
0.000822767
0.000822738
0.000822464
0.000822117
0.000821947
0.000821988
0.0008222
0.000822482
0.000822719
0.000822892
0.000823032
0.000823184
0.000823363
0.000823553
0.000823732
0.00082389
0.000824031
0.000824159
0.00082427
0.000824362
0.000824429
0.00082447
0.000824483
0.000824465
0.000824415
0.00082433
0.000824207
0.000824043
0.000823838
0.000823587
0.000823289
0.00082294
0.000822538
0.000822081
0.000821564
0.000820986
0.000820344
0.000819635
0.000818855
0.000818002
0.000817072
0.000816062
0.000814968
0.000813787
0.000812514
0.000811146
0.000809679
0.000808108
0.000806427
0.000804634
0.000802722
0.000800687
0.000798522
0.000796222
0.000793783
0.000791199
0.000788468
0.000570376
0.000534298
0.000547584
0.00049878
0.000518128
0.000603674
0.000708695
0.000794441
0.000851242
0.000882473
0.000894685
0.000896146
0.000895317
0.000894442
0.000894084
0.000894253
0.000894844
0.000895446
0.000895703
0.000895636
0.000895367
0.000895048
0.000894858
0.000894886
0.000895077
0.000895332
0.00089554
0.000895684
0.000895793
0.000895908
0.000896044
0.000896185
0.000896309
0.000896407
0.000896481
0.000896534
0.000896565
0.000896567
0.000896537
0.000896471
0.000896369
0.000896228
0.000896043
0.000895814
0.000895536
0.000895207
0.000894824
0.000894384
0.000893885
0.000893322
0.000892693
0.000891994
0.000891223
0.000890376
0.000889449
0.00088844
0.000887344
0.000886158
0.000884879
0.000883501
0.000882021
0.000880434
0.000878737
0.000876924
0.00087499
0.00087293
0.000870739
0.00086841
0.00086594
0.00086332
0.000860545
0.000857608
0.000854504
0.000851226
0.000847765
0.000649277
0.00060218
0.000588838
0.000537081
0.000570279
0.000669046
0.000779493
0.000866072
0.000922917
0.000954335
0.000967136
0.000969396
0.000969168
0.000968674
0.000968485
0.000968673
0.000969212
0.000969745
0.000969954
0.000969855
0.00096959
0.000969285
0.000969089
0.000969101
0.00096926
0.000969477
0.000969645
0.000969748
0.000969812
0.000969877
0.000969955
0.000970029
0.000970079
0.000970095
0.000970079
0.000970034
0.000969957
0.000969842
0.000969685
0.000969483
0.000969233
0.000968932
0.000968578
0.000968165
0.000967692
0.000967155
0.00096655
0.000965875
0.000965125
0.000964296
0.000963386
0.000962391
0.000961306
0.000960128
0.000958853
0.000957477
0.000955996
0.000954405
0.0009527
0.000950876
0.000948929
0.000946852
0.000944642
0.000942292
0.000939796
0.000937149
0.000934344
0.000931374
0.000928234
0.000924916
0.000921412
0.000917715
0.000913818
0.000909712
0.000734105
0.000667933
0.000628883
0.00057893
0.00062693
0.000737724
0.000852043
0.00093866
0.000995104
0.00102651
0.00103997
0.00104322
0.00104328
0.00104313
0.00104303
0.00104323
0.00104371
0.00104417
0.00104432
0.00104419
0.00104392
0.00104362
0.00104342
0.00104341
0.00104352
0.00104369
0.0010438
0.00104385
0.00104385
0.00104385
0.00104385
0.00104383
0.00104378
0.00104369
0.00104356
0.00104339
0.00104317
0.0010429
0.00104258
0.00104221
0.00104177
0.00104127
0.0010407
0.00104006
0.00103934
0.00103855
0.00103767
0.0010367
0.00103564
0.00103449
0.00103323
0.00103187
0.00103041
0.00102883
0.00102713
0.00102531
0.00102336
0.00102128
0.00101906
0.0010167
0.00101419
0.00101153
0.0010087
0.00100571
0.00100254
0.000999192
0.000995655
0.000991922
0.000987985
0.000983836
0.000979466
0.000974867
0.00097003
0.000964947
0.000822282
0.000732726
0.000669794
0.00062454
0.000687588
0.000808757
0.000925311
0.00101103
0.00106646
0.00109749
0.00111139
0.00111547
0.0011162
0.0011162
0.00111619
0.0011164
0.00111682
0.00111719
0.00111728
0.00111713
0.00111684
0.00111651
0.00111629
0.00111624
0.0011163
0.00111639
0.00111643
0.0011164
0.00111632
0.00111623
0.00111612
0.00111599
0.00111581
0.00111558
0.0011153
0.00111496
0.00111457
0.00111411
0.00111358
0.00111299
0.00111232
0.00111156
0.00111073
0.0011098
0.00110879
0.00110767
0.00110645
0.00110513
0.0011037
0.00110214
0.00110047
0.00109867
0.00109674
0.00109467
0.00109247
0.00109011
0.0010876
0.00108493
0.0010821
0.0010791
0.00107591
0.00107255
0.00106899
0.00106523
0.00106126
0.00105708
0.00105267
0.00104803
0.00104315
0.00103802
0.00103263
0.00102697
0.00102102
0.00101478
0.000908863
0.00079617
0.000712691
0.000673834
0.00075155
0.000881043
0.000998086
0.00108183
0.0011354
0.00116551
0.00117949
0.00118422
0.00118554
0.00118587
0.00118601
0.00118624
0.00118658
0.00118685
0.00118687
0.00118668
0.00118634
0.00118598
0.00118573
0.00118561
0.00118559
0.0011856
0.00118554
0.00118541
0.00118522
0.001185
0.00118476
0.00118447
0.00118413
0.00118372
0.00118324
0.0011827
0.00118208
0.00118138
0.0011806
0.00117973
0.00117877
0.00117771
0.00117654
0.00117527
0.00117388
0.00117237
0.00117074
0.00116899
0.00116709
0.00116506
0.00116288
0.00116055
0.00115806
0.00115541
0.00115259
0.00114959
0.00114641
0.00114304
0.00113948
0.0011357
0.00113172
0.00112752
0.00112309
0.00111842
0.00111351
0.00110834
0.00110291
0.0010972
0.00109121
0.00108492
0.00107832
0.00107141
0.00106416
0.00105657
0.00101488
0.000861362
0.000758138
0.000726539
0.00081793
0.000953318
0.00106895
0.00114942
0.0012001
0.00122858
0.0012422
0.00124735
0.00124916
0.00124981
0.0012501
0.00125033
0.00125057
0.00125071
0.00125063
0.00125037
0.00124999
0.00124959
0.00124927
0.00124907
0.00124894
0.00124882
0.00124863
0.00124837
0.00124803
0.00124765
0.00124723
0.00124675
0.0012462
0.00124556
0.00124484
0.00124403
0.00124313
0.00124213
0.00124103
0.00123982
0.0012385
0.00123705
0.00123549
0.00123378
0.00123195
0.00122997
0.00122784
0.00122555
0.00122311
0.00122049
0.0012177
0.00121474
0.00121158
0.00120823
0.00120467
0.00120091
0.00119693
0.00119273
0.00118829
0.00118361
0.00117868
0.00117349
0.00116803
0.00116229
0.00115626
0.00114994
0.00114329
0.00113633
0.00112903
0.00112139
0.00111338
0.001105
0.00109623
0.00108705
0.00113742
0.000931243
0.000806799
0.00078223
0.000885626
0.00102415
0.00113626
0.00121186
0.00125841
0.00128433
0.00129698
0.00130216
0.00130422
0.00130511
0.00130549
0.00130568
0.00130579
0.00130578
0.00130557
0.00130522
0.00130477
0.0013043
0.00130389
0.00130356
0.00130328
0.00130298
0.00130262
0.00130218
0.00130166
0.00130107
0.00130041
0.00129968
0.00129886
0.00129793
0.00129691
0.00129577
0.00129452
0.00129315
0.00129166
0.00129003
0.00128826
0.00128635
0.00128429
0.00128207
0.00127968
0.00127713
0.00127439
0.00127147
0.00126836
0.00126505
0.00126153
0.0012578
0.00125385
0.00124966
0.00124524
0.00124056
0.00123564
0.00123044
0.00122497
0.00121922
0.00121317
0.00120682
0.00120015
0.00119315
0.00118582
0.00117813
0.00117007
0.00116164
0.00115282
0.00114358
0.00113393
0.00112384
0.00111329
0.00110228
0.0012804
0.00101139
0.000858846
0.00084025
0.000953332
0.00109191
0.00119812
0.00126695
0.0013078
0.00132998
0.00134078
0.0013454
0.00134737
0.00134824
0.00134857
0.00134863
0.00134857
0.00134836
0.001348
0.00134752
0.00134697
0.00134639
0.00134585
0.00134535
0.00134485
0.00134433
0.00134373
0.00134305
0.00134228
0.00134141
0.00134046
0.00133941
0.00133825
0.00133696
0.00133555
0.00133401
0.00133233
0.0013305
0.00132852
0.00132638
0.00132407
0.00132159
0.00131893
0.00131608
0.00131303
0.00130978
0.00130632
0.00130264
0.00129874
0.00129459
0.00129021
0.00128556
0.00128066
0.00127549
0.00127003
0.00126428
0.00125824
0.00125188
0.00124519
0.00123818
0.00123082
0.0012231
0.00121501
0.00120654
0.00119768
0.0011884
0.0011787
0.00116856
0.00115796
0.00114688
0.00113532
0.00112325
0.00111065
0.0010975
0.00145269
0.00110475
0.000914102
0.000899768
0.00101957
0.0011548
0.00125237
0.00131213
0.00134535
0.00136221
0.00136997
0.00137317
0.00137446
0.00137493
0.00137496
0.00137475
0.00137442
0.00137397
0.00137342
0.00137277
0.00137207
0.00137134
0.00137061
0.00136988
0.00136911
0.00136828
0.00136738
0.00136637
0.00136527
0.00136405
0.00136272
0.00136126
0.00135967
0.00135793
0.00135604
0.00135399
0.00135177
0.00134938
0.00134681
0.00134404
0.00134108
0.00133791
0.00133452
0.00133092
0.00132708
0.001323
0.00131867
0.00131408
0.00130922
0.00130409
0.00129867
0.00129296
0.00128693
0.00128059
0.00127392
0.00126691
0.00125954
0.00125182
0.00124371
0.00123522
0.00122633
0.00121702
0.00120728
0.0011971
0.00118645
0.00117534
0.00116372
0.0011516
0.00113895
0.00112576
0.00111199
0.00109764
0.00108269
0.0010671
0.00164162
0.00120921
0.000972159
0.000959772
0.00108268
0.00121078
0.00129655
0.00134444
0.00136765
0.00137722
0.00138034
0.00138092
0.00138066
0.00138011
0.00137943
0.0013787
0.00137795
0.00137717
0.00137636
0.00137551
0.00137462
0.0013737
0.00137271
0.00137167
0.00137055
0.00136934
0.00136803
0.00136661
0.00136506
0.00136338
0.00136156
0.00135959
0.00135745
0.00135514
0.00135266
0.00134998
0.00134711
0.00134403
0.00134073
0.00133721
0.00133345
0.00132945
0.0013252
0.00132069
0.0013159
0.00131083
0.00130547
0.0012998
0.00129382
0.00128752
0.00128088
0.0012739
0.00126656
0.00125885
0.00125075
0.00124226
0.00123336
0.00122404
0.00121429
0.00120408
0.00119341
0.00118226
0.00117061
0.00115845
0.00114576
0.00113252
0.00111872
0.00110433
0.00108933
0.00107371
0.00105744
0.00104051
0.00102288
0.00100453
0.00183741
0.00132201
0.00103261
0.00101905
0.00114082
0.00125754
0.00132784
0.00136054
0.00137085
0.00137062
0.00136705
0.00136339
0.00136033
0.00135784
0.00135582
0.00135415
0.00135272
0.00135145
0.0013503
0.00134919
0.00134808
0.00134691
0.00134562
0.0013442
0.00134264
0.00134095
0.00133912
0.00133716
0.00133504
0.00133276
0.00133031
0.00132768
0.00132486
0.00132185
0.00131862
0.00131517
0.00131149
0.00130757
0.0013034
0.00129897
0.00129426
0.00128927
0.00128398
0.00127839
0.00127247
0.00126623
0.00125965
0.00125272
0.00124542
0.00123775
0.00122969
0.00122122
0.00121235
0.00120304
0.00119329
0.00118309
0.00117242
0.00116126
0.0011496
0.00113742
0.00112471
0.00111145
0.00109762
0.0010832
0.00106818
0.00105254
0.00103626
0.00101931
0.00100167
0.000983332
0.000964263
0.000944442
0.000923845
0.00090245
0.00203698
0.00144057
0.00109463
0.00107619
0.00119194
0.0012925
0.00134305
0.00135664
0.00135055
0.00133747
0.00132461
0.00131458
0.00130703
0.00130131
0.00129701
0.00129375
0.00129121
0.0012892
0.00128756
0.00128611
0.00128473
0.00128327
0.00128164
0.00127978
0.0012777
0.00127541
0.00127294
0.0012703
0.00126747
0.00126443
0.00126118
0.00125771
0.00125403
0.00125013
0.00124599
0.00124159
0.00123693
0.001232
0.00122677
0.00122125
0.0012154
0.00120923
0.00120272
0.00119586
0.00118863
0.00118102
0.00117301
0.0011646
0.00115578
0.00114652
0.00113681
0.00112665
0.00111601
0.00110488
0.00109324
0.00108108
0.00106839
0.00105514
0.00104133
0.00102692
0.00101191
0.000996283
0.00098001
0.000963078
0.000945468
0.000927161
0.000908138
0.000888379
0.000867862
0.000846566
0.000824471
0.000801554
0.000777793
0.000753166
0.00224109
0.0015614
0.00115707
0.00112957
0.00123374
0.00131275
0.00133862
0.00132853
0.00130191
0.00127234
0.001247
0.0012279
0.00121364
0.00120293
0.00119501
0.00118919
0.00118489
0.0011817
0.00117932
0.0011774
0.00117568
0.00117391
0.00117191
0.00116958
0.00116692
0.00116395
0.00116071
0.00115725
0.00115353
0.00114955
0.0011453
0.0011408
0.00113604
0.00113103
0.00112577
0.00112022
0.00111438
0.00110822
0.00110174
0.00109492
0.00108774
0.00108019
0.00107226
0.00106392
0.00105517
0.00104598
0.00103635
0.00102626
0.0010157
0.00100464
0.000993079
0.000980999
0.000968383
0.000955215
0.000941479
0.000927159
0.000912237
0.000896696
0.000880517
0.000863683
0.000846176
0.000827979
0.000809073
0.000789441
0.000769067
0.000747937
0.000726037
0.000703354
0.000679874
0.000655586
0.000630476
0.000604529
0.000577725
0.00055005
0.00245074
0.00168063
0.00121876
0.00117736
0.00126365
0.00131507
0.00131062
0.00127161
0.00121972
0.0011694
0.00112781
0.00109633
0.00107261
0.00105464
0.00104133
0.00103161
0.00102459
0.00101958
0.00101603
0.0010134
0.00101122
0.0010091
0.00100673
0.00100394
0.00100069
0.000997006
0.00099293
0.000988493
0.000983735
0.000978631
0.000973184
0.000967416
0.000961351
0.000954997
0.000948355
0.000941433
0.000934181
0.000926585
0.000918633
0.000910309
0.000901592
0.000892467
0.000882913
0.000872915
0.000862456
0.000851516
0.00084008
0.000828133
0.000815661
0.000802647
0.000789079
0.000774941
0.000760219
0.000744896
0.000728959
0.00071239
0.000695174
0.000677292
0.000658727
0.000639461
0.000619477
0.00059875
0.000577259
0.000554982
0.000531902
0.000508011
0.000483304
0.000457796
0.000431518
0.000404529
0.000376923
0.000348832
0.000320427
0.000292062
0.00266621
0.00179889
0.00127843
0.00121744
0.00127883
0.00129593
0.00125489
0.00118115
0.00109873
0.00102296
0.000960908
0.000913274
0.000876873
0.000848955
0.000828053
0.00081273
0.000801688
0.000793913
0.000788576
0.000784839
0.000781995
0.000779455
0.000776725
0.000773531
0.000769767
0.000765416
0.000760525
0.000755107
0.00074919
0.000742833
0.000736032
0.000728823
0.000721251
0.00071334
0.000705102
0.00069655
0.000687694
0.000678471
0.000668868
0.000658868
0.000648449
0.00063759
0.00062627
0.000614466
0.000602157
0.000589327
0.000575951
0.000562014
0.000547502
0.000532403
0.000516707
0.000500407
0.0004835
0.000465989
0.000447881
0.000429192
0.000409946
0.000390177
0.000369933
0.000349341
0.000328499
0.0003075
0.000286449
0.00026547
0.000244705
0.000224308
0.000204443
0.000185282
0.000166999
0.000149763
0.000133733
0.000119043
0.000105797
9.415e-05
0.00288721
0.00191667
0.00133442
0.00124746
0.00127626
0.00125176
0.00116749
0.00105311
0.000934968
0.000829207
0.000742584
0.000674943
0.000622576
0.000581891
0.000551064
0.000528246
0.000511714
0.000500076
0.000492168
0.000486826
0.000483064
0.000480042
0.000477052
0.000473658
0.000469647
0.000464937
0.000459537
0.000453442
0.000446658
0.000439244
0.000431313
0.000422902
0.000414086
0.000404924
0.000395458
0.000385732
0.000375807
0.000365695
0.000355342
0.000344752
0.000333931
0.000322881
0.000311606
0.000300116
0.000288424
0.000276551
0.000264523
0.000252362
0.000240104
0.000227794
0.000215478
0.00020321
0.000191048
0.000179054
0.000167292
0.000155823
0.000144712
0.000134029
0.00012384
0.000114208
0.000105183
9.68073e-05
8.91122e-05
8.21187e-05
7.5836e-05
7.02606e-05
6.53755e-05
6.11518e-05
5.75507e-05
5.45254e-05
5.20226e-05
4.99846e-05
4.8345e-05
4.70624e-05
0.00311318
0.00203314
0.0013851
0.00126495
0.00125308
0.00118002
0.00104745
0.000889974
0.000736663
0.000604375
0.000498698
0.000417579
0.000356017
0.000309295
0.000274636
0.000249498
0.000231674
0.00021945
0.000211458
0.000206437
0.000203349
0.000201334
0.000199669
0.000197882
0.00019571
0.000193021
0.000189785
0.000185983
0.000181618
0.000176726
0.000171436
0.000165879
0.000160132
0.000154273
0.000148371
0.00014248
0.000136652
0.000130965
0.000125418
0.000119986
0.000114683
0.000109522
0.000104511
9.96591e-05
9.49769e-05
9.04736e-05
8.61616e-05
8.2049e-05
7.8141e-05
7.44479e-05
7.09785e-05
6.77398e-05
6.47367e-05
6.19719e-05
5.94452e-05
5.71547e-05
5.50957e-05
5.32615e-05
5.16427e-05
5.02286e-05
4.9011e-05
4.79676e-05
4.70826e-05
4.63402e-05
4.57245e-05
4.52201e-05
4.48119e-05
4.44858e-05
4.42289e-05
4.40298e-05
4.38782e-05
4.37652e-05
4.36829e-05
4.36252e-05
0.00334337
0.00214755
0.00142865
0.00126758
0.00120761
0.00108164
0.000901666
0.000709051
0.000535839
0.00039796
0.000296725
0.000225563
0.000176113
0.000142014
0.000118821
0.000103253
9.29208e-05
8.62082e-05
8.20141e-05
7.95144e-05
7.81198e-05
7.73863e-05
7.69597e-05
7.66014e-05
7.61622e-05
7.55547e-05
7.47418e-05
7.37007e-05
7.24293e-05
7.09448e-05
6.92877e-05
6.75377e-05
6.57508e-05
6.3964e-05
6.22098e-05
6.0515e-05
5.89011e-05
5.73833e-05
5.59883e-05
5.46994e-05
5.35072e-05
5.24085e-05
5.14e-05
5.04779e-05
4.96375e-05
4.88741e-05
4.81831e-05
4.75612e-05
4.70032e-05
4.65044e-05
4.60614e-05
4.56706e-05
4.53283e-05
4.50308e-05
4.47742e-05
4.45551e-05
4.43696e-05
4.42144e-05
4.40859e-05
4.39809e-05
4.38963e-05
4.38291e-05
4.37768e-05
4.3737e-05
4.37076e-05
4.36869e-05
4.36733e-05
4.36653e-05
4.3662e-05
4.36623e-05
4.36654e-05
4.36708e-05
4.36778e-05
4.36862e-05
0.00357638
0.00225901
0.00146337
0.00125368
0.00114028
0.000962265
0.000744479
0.000535138
0.00036565
0.000245762
0.000168184
0.000120402
9.12658e-05
7.3858e-05
6.34897e-05
5.73305e-05
5.36531e-05
5.14548e-05
5.01545e-05
4.94002e-05
4.89825e-05
4.87685e-05
4.86646e-05
4.86086e-05
4.85588e-05
4.84873e-05
4.83779e-05
4.82197e-05
4.80086e-05
4.77473e-05
4.7445e-05
4.71154e-05
4.67789e-05
4.64466e-05
4.61268e-05
4.58259e-05
4.55485e-05
4.52972e-05
4.5073e-05
4.48788e-05
4.47081e-05
4.45586e-05
4.44285e-05
4.43159e-05
4.42189e-05
4.41358e-05
4.40648e-05
4.40047e-05
4.39543e-05
4.39121e-05
4.38773e-05
4.38489e-05
4.38262e-05
4.38085e-05
4.3795e-05
4.37852e-05
4.37786e-05
4.37748e-05
4.37732e-05
4.37735e-05
4.37754e-05
4.37786e-05
4.37829e-05
4.37881e-05
4.3794e-05
4.38005e-05
4.38074e-05
4.38148e-05
4.38225e-05
4.38304e-05
4.38386e-05
4.38469e-05
4.38554e-05
4.38641e-05
0.0014877
0.0012226
0.00105405
0.000831133
0.000591918
0.000387196
0.000240664
0.000150411
9.99748e-05
7.32323e-05
5.92327e-05
5.20551e-05
4.83999e-05
4.65178e-05
4.5529e-05
4.49971e-05
4.47052e-05
4.45425e-05
4.44526e-05
4.44048e-05
4.43809e-05
4.43699e-05
4.43643e-05
4.43589e-05
4.43501e-05
4.43351e-05
4.43124e-05
4.4282e-05
4.4245e-05
4.42033e-05
4.41596e-05
4.41166e-05
4.4076e-05
4.40388e-05
4.40059e-05
4.39774e-05
4.39534e-05
4.39337e-05
4.39182e-05
4.39058e-05
4.38963e-05
4.38891e-05
4.3884e-05
4.38806e-05
4.38787e-05
4.38781e-05
4.38785e-05
4.38797e-05
4.38817e-05
4.38844e-05
4.38876e-05
4.38912e-05
4.38953e-05
4.38997e-05
4.39043e-05
4.39092e-05
4.39143e-05
4.39197e-05
4.39251e-05
4.39307e-05
4.39364e-05
4.39423e-05
4.39482e-05
4.39543e-05
4.39604e-05
4.39666e-05
4.39729e-05
4.39793e-05
4.39858e-05
4.39923e-05
4.39989e-05
4.40056e-05
0.00150037
0.00117496
0.000953908
0.000698433
0.000456209
0.000272869
0.000158156
9.70972e-05
6.7821e-05
5.45311e-05
4.85994e-05
4.60045e-05
4.48904e-05
4.44032e-05
4.41844e-05
4.40828e-05
4.40341e-05
4.40098e-05
4.39975e-05
4.39913e-05
4.39885e-05
4.39874e-05
4.39873e-05
4.39875e-05
4.39877e-05
4.39876e-05
4.3987e-05
4.39857e-05
4.39838e-05
4.39817e-05
4.39794e-05
4.39774e-05
4.39759e-05
4.3975e-05
4.39747e-05
4.3975e-05
4.3976e-05
4.39776e-05
4.39795e-05
4.39819e-05
4.39845e-05
4.39874e-05
4.39905e-05
4.39937e-05
4.39971e-05
4.40006e-05
4.40042e-05
4.40078e-05
4.40116e-05
4.40154e-05
4.40193e-05
4.40232e-05
4.40272e-05
4.40313e-05
4.40354e-05
4.40397e-05
4.40439e-05
4.40482e-05
4.40526e-05
4.40571e-05
4.40616e-05
4.40661e-05
4.40707e-05
4.40754e-05
4.40801e-05
4.40849e-05
4.40897e-05
4.40946e-05
4.40996e-05
4.41046e-05
4.41097e-05
4.41148e-05
0.00150053
0.00111256
0.000845897
0.000572904
0.000343689
0.000190982
0.000107792
6.94985e-05
5.37794e-05
4.76729e-05
4.53572e-05
4.45057e-05
4.42025e-05
4.40975e-05
4.40626e-05
4.40528e-05
4.40517e-05
4.40532e-05
4.40552e-05
4.40571e-05
4.40586e-05
4.40597e-05
4.40606e-05
4.40614e-05
4.4062e-05
4.40627e-05
4.40634e-05
4.40644e-05
4.40655e-05
4.40668e-05
4.40684e-05
4.40702e-05
4.40724e-05
4.40747e-05
4.40773e-05
4.40801e-05
4.4083e-05
4.40859e-05
4.4089e-05
4.4092e-05
4.40951e-05
4.40981e-05
4.41012e-05
4.41042e-05
4.41072e-05
4.41103e-05
4.41133e-05
4.41163e-05
4.41194e-05
4.41224e-05
4.41255e-05
4.41286e-05
4.41318e-05
4.41349e-05
4.41382e-05
4.41414e-05
4.41447e-05
4.4148e-05
4.41514e-05
4.41548e-05
4.41582e-05
4.41617e-05
4.41653e-05
4.41689e-05
4.41725e-05
4.41761e-05
4.41799e-05
4.41836e-05
4.41874e-05
4.41913e-05
4.41951e-05
4.41991e-05
0.00148788
0.00103813
0.000735992
0.000460442
0.000255661
0.000135606
7.86528e-05
5.59608e-05
4.79574e-05
4.53013e-05
4.44523e-05
4.41983e-05
4.41315e-05
4.41202e-05
4.4124e-05
4.41308e-05
4.41372e-05
4.41425e-05
4.41466e-05
4.41496e-05
4.41518e-05
4.41534e-05
4.41545e-05
4.41553e-05
4.4156e-05
4.41565e-05
4.41571e-05
4.41578e-05
4.41587e-05
4.41598e-05
4.41612e-05
4.41627e-05
4.41645e-05
4.41665e-05
4.41687e-05
4.4171e-05
4.41734e-05
4.41759e-05
4.41784e-05
4.41809e-05
4.41834e-05
4.41859e-05
4.41884e-05
4.41908e-05
4.41932e-05
4.41956e-05
4.4198e-05
4.42004e-05
4.42028e-05
4.42052e-05
4.42076e-05
4.421e-05
4.42124e-05
4.42149e-05
4.42173e-05
4.42198e-05
4.42224e-05
4.42249e-05
4.42275e-05
4.42301e-05
4.42328e-05
4.42354e-05
4.42381e-05
4.42409e-05
4.42437e-05
4.42465e-05
4.42493e-05
4.42522e-05
4.42551e-05
4.4258e-05
4.4261e-05
4.4264e-05
0.00146259
0.000955049
0.000629501
0.000364421
0.000189883
9.97592e-05
6.24568e-05
4.9566e-05
4.56391e-05
4.45328e-05
4.42427e-05
4.41806e-05
4.41772e-05
4.41864e-05
4.41967e-05
4.42054e-05
4.42123e-05
4.42177e-05
4.42217e-05
4.42248e-05
4.4227e-05
4.42286e-05
4.42298e-05
4.42307e-05
4.42313e-05
4.42318e-05
4.42323e-05
4.42328e-05
4.42334e-05
4.42341e-05
4.4235e-05
4.42361e-05
4.42373e-05
4.42387e-05
4.42403e-05
4.4242e-05
4.42439e-05
4.42457e-05
4.42477e-05
4.42497e-05
4.42517e-05
4.42537e-05
4.42556e-05
4.42575e-05
4.42595e-05
4.42614e-05
4.42633e-05
4.42651e-05
4.4267e-05
4.42689e-05
4.42707e-05
4.42726e-05
4.42745e-05
4.42764e-05
4.42783e-05
4.42802e-05
4.42821e-05
4.42841e-05
4.42861e-05
4.42881e-05
4.42901e-05
4.42921e-05
4.42942e-05
4.42963e-05
4.42984e-05
4.43006e-05
4.43028e-05
4.4305e-05
4.43072e-05
4.43094e-05
4.43117e-05
4.4314e-05
0.00142523
0.000866696
0.000530168
0.0002856
0.000142497
7.73285e-05
5.37225e-05
4.66234e-05
4.47548e-05
4.43138e-05
4.42273e-05
4.42231e-05
4.42346e-05
4.42468e-05
4.42571e-05
4.42652e-05
4.42714e-05
4.42763e-05
4.428e-05
4.42828e-05
4.4285e-05
4.42866e-05
4.42878e-05
4.42886e-05
4.42893e-05
4.42898e-05
4.42902e-05
4.42906e-05
4.4291e-05
4.42915e-05
4.42921e-05
4.42928e-05
4.42936e-05
4.42946e-05
4.42957e-05
4.42969e-05
4.42983e-05
4.42997e-05
4.43011e-05
4.43027e-05
4.43042e-05
4.43058e-05
4.43073e-05
4.43088e-05
4.43104e-05
4.43119e-05
4.43134e-05
4.43149e-05
4.43163e-05
4.43178e-05
4.43192e-05
4.43207e-05
4.43221e-05
4.43236e-05
4.43251e-05
4.43266e-05
4.4328e-05
4.43295e-05
4.43311e-05
4.43326e-05
4.43342e-05
4.43357e-05
4.43373e-05
4.43389e-05
4.43406e-05
4.43422e-05
4.43439e-05
4.43456e-05
4.43473e-05
4.4349e-05
4.43507e-05
4.43525e-05
0.0013767
0.000776295
0.000440934
0.000222965
0.00010937
6.36613e-05
4.91201e-05
4.53027e-05
4.44391e-05
4.4275e-05
4.42595e-05
4.42709e-05
4.42844e-05
4.42957e-05
4.43047e-05
4.43117e-05
4.43173e-05
4.43216e-05
4.43249e-05
4.43275e-05
4.43295e-05
4.4331e-05
4.43322e-05
4.43331e-05
4.43337e-05
4.43342e-05
4.43346e-05
4.4335e-05
4.43353e-05
4.43357e-05
4.43361e-05
4.43365e-05
4.43371e-05
4.43377e-05
4.43385e-05
4.43393e-05
4.43403e-05
4.43413e-05
4.43424e-05
4.43435e-05
4.43447e-05
4.43459e-05
4.43471e-05
4.43483e-05
4.43495e-05
4.43507e-05
4.43519e-05
4.43531e-05
4.43542e-05
4.43554e-05
4.43565e-05
4.43577e-05
4.43588e-05
4.43599e-05
4.43611e-05
4.43622e-05
4.43634e-05
4.43645e-05
4.43657e-05
4.43669e-05
4.43681e-05
4.43693e-05
4.43705e-05
4.43718e-05
4.4373e-05
4.43743e-05
4.43756e-05
4.43769e-05
4.43782e-05
4.43795e-05
4.43808e-05
4.43822e-05
0.00131798
0.000686137
0.000363081
0.000174504
8.67727e-05
5.55062e-05
4.674e-05
4.47282e-05
4.43423e-05
4.42906e-05
4.4298e-05
4.43122e-05
4.43245e-05
4.43343e-05
4.4342e-05
4.4348e-05
4.43528e-05
4.43566e-05
4.43595e-05
4.43619e-05
4.43637e-05
4.43651e-05
4.43663e-05
4.43671e-05
4.43678e-05
4.43683e-05
4.43687e-05
4.4369e-05
4.43693e-05
4.43696e-05
4.43699e-05
4.43703e-05
4.43706e-05
4.43711e-05
4.43716e-05
4.43722e-05
4.43728e-05
4.43735e-05
4.43743e-05
4.43751e-05
4.4376e-05
4.43769e-05
4.43779e-05
4.43788e-05
4.43798e-05
4.43807e-05
4.43816e-05
4.43826e-05
4.43835e-05
4.43844e-05
4.43853e-05
4.43862e-05
4.43871e-05
4.4388e-05
4.43889e-05
4.43898e-05
4.43907e-05
4.43916e-05
4.43925e-05
4.43934e-05
4.43944e-05
4.43953e-05
4.43962e-05
4.43972e-05
4.43982e-05
4.43991e-05
4.44001e-05
4.44011e-05
4.44021e-05
4.44032e-05
4.44042e-05
4.44052e-05
0.00125006
0.000599541
0.000296912
0.00013784
7.16771e-05
5.0723e-05
4.55309e-05
4.44909e-05
4.43272e-05
4.43191e-05
4.43325e-05
4.43458e-05
4.43564e-05
4.43646e-05
4.43711e-05
4.43763e-05
4.43804e-05
4.43836e-05
4.43862e-05
4.43883e-05
4.439e-05
4.43913e-05
4.43923e-05
4.43932e-05
4.43938e-05
4.43943e-05
4.43947e-05
4.43951e-05
4.43953e-05
4.43956e-05
4.43958e-05
4.43961e-05
4.43964e-05
4.43967e-05
4.4397e-05
4.43974e-05
4.43979e-05
4.43984e-05
4.43989e-05
4.43995e-05
4.44002e-05
4.44008e-05
4.44015e-05
4.44022e-05
4.4403e-05
4.44037e-05
4.44045e-05
4.44052e-05
4.44059e-05
4.44066e-05
4.44074e-05
4.44081e-05
4.44088e-05
4.44095e-05
4.44102e-05
4.44109e-05
4.44116e-05
4.44123e-05
4.4413e-05
4.44137e-05
4.44145e-05
4.44152e-05
4.44159e-05
4.44167e-05
4.44174e-05
4.44182e-05
4.44189e-05
4.44197e-05
4.44205e-05
4.44213e-05
4.44221e-05
4.44229e-05
0.00117207
0.000518701
0.000241891
0.00011064
6.17709e-05
4.79581e-05
4.49292e-05
4.44026e-05
4.43401e-05
4.43476e-05
4.43612e-05
4.43725e-05
4.43814e-05
4.43883e-05
4.43937e-05
4.4398e-05
4.44014e-05
4.44042e-05
4.44064e-05
4.44082e-05
4.44096e-05
4.44108e-05
4.44118e-05
4.44125e-05
4.44131e-05
4.44136e-05
4.4414e-05
4.44144e-05
4.44146e-05
4.44149e-05
4.44151e-05
4.44153e-05
4.44155e-05
4.44157e-05
4.4416e-05
4.44162e-05
4.44166e-05
4.44169e-05
4.44173e-05
4.44177e-05
4.44181e-05
4.44186e-05
4.44191e-05
4.44196e-05
4.44202e-05
4.44207e-05
4.44213e-05
4.44218e-05
4.44224e-05
4.4423e-05
4.44235e-05
4.44241e-05
4.44246e-05
4.44252e-05
4.44257e-05
4.44262e-05
4.44268e-05
4.44273e-05
4.44279e-05
4.44284e-05
4.4429e-05
4.44295e-05
4.44301e-05
4.44307e-05
4.44312e-05
4.44318e-05
4.44324e-05
4.4433e-05
4.44336e-05
4.44342e-05
4.44348e-05
4.44355e-05
0.0010875
0.000444881
0.000196918
9.08082e-05
5.53482e-05
4.63823e-05
4.46374e-05
4.43781e-05
4.43603e-05
4.43722e-05
4.43842e-05
4.43936e-05
4.44008e-05
4.44065e-05
4.4411e-05
4.44146e-05
4.44175e-05
4.44198e-05
4.44217e-05
4.44232e-05
4.44244e-05
4.44255e-05
4.44263e-05
4.4427e-05
4.44275e-05
4.4428e-05
4.44284e-05
4.44287e-05
4.4429e-05
4.44292e-05
4.44294e-05
4.44296e-05
4.44298e-05
4.44299e-05
4.44301e-05
4.44303e-05
4.44305e-05
4.44308e-05
4.4431e-05
4.44313e-05
4.44316e-05
4.44319e-05
4.44323e-05
4.44327e-05
4.44331e-05
4.44335e-05
4.44339e-05
4.44343e-05
4.44347e-05
4.44352e-05
4.44356e-05
4.4436e-05
4.44364e-05
4.44369e-05
4.44373e-05
4.44377e-05
4.44381e-05
4.44386e-05
4.4439e-05
4.44394e-05
4.44398e-05
4.44403e-05
4.44407e-05
4.44411e-05
4.44416e-05
4.4442e-05
4.44425e-05
4.4443e-05
4.44434e-05
4.44439e-05
4.44444e-05
4.44449e-05
0.000999368
0.00037873
0.000160797
7.65646e-05
5.12361e-05
4.54935e-05
4.45019e-05
4.43794e-05
4.43803e-05
4.43923e-05
4.44025e-05
4.44102e-05
4.44161e-05
4.44209e-05
4.44246e-05
4.44276e-05
4.443e-05
4.4432e-05
4.44336e-05
4.4435e-05
4.44361e-05
4.4437e-05
4.44378e-05
4.44384e-05
4.44389e-05
4.44393e-05
4.44397e-05
4.444e-05
4.44403e-05
4.44405e-05
4.44407e-05
4.44408e-05
4.4441e-05
4.44412e-05
4.44413e-05
4.44415e-05
4.44416e-05
4.44418e-05
4.4442e-05
4.44422e-05
4.44424e-05
4.44427e-05
4.44429e-05
4.44432e-05
4.44435e-05
4.44438e-05
4.44441e-05
4.44444e-05
4.44448e-05
4.44451e-05
4.44454e-05
4.44458e-05
4.44461e-05
4.44465e-05
4.44468e-05
4.44472e-05
4.44475e-05
4.44479e-05
4.44482e-05
4.44485e-05
4.44489e-05
4.44492e-05
4.44496e-05
4.44499e-05
4.44503e-05
4.44506e-05
4.4451e-05
4.44513e-05
4.44517e-05
4.44521e-05
4.44525e-05
4.44528e-05
0.000910217
0.000320572
0.000132245
6.6472e-05
4.86329e-05
4.4999e-05
4.44436e-05
4.439e-05
4.43978e-05
4.44086e-05
4.4417e-05
4.44233e-05
4.44283e-05
4.44323e-05
4.44354e-05
4.4438e-05
4.44401e-05
4.44418e-05
4.44432e-05
4.44444e-05
4.44454e-05
4.44462e-05
4.44469e-05
4.44475e-05
4.4448e-05
4.44484e-05
4.44487e-05
4.4449e-05
4.44493e-05
4.44495e-05
4.44497e-05
4.44498e-05
4.445e-05
4.44501e-05
4.44502e-05
4.44504e-05
4.44505e-05
4.44506e-05
4.44508e-05
4.44509e-05
4.44511e-05
4.44513e-05
4.44515e-05
4.44517e-05
4.44519e-05
4.44521e-05
4.44524e-05
4.44526e-05
4.44529e-05
4.44531e-05
4.44534e-05
4.44537e-05
4.44539e-05
4.44542e-05
4.44545e-05
4.44548e-05
4.4455e-05
4.44553e-05
4.44556e-05
4.44559e-05
4.44561e-05
4.44564e-05
4.44567e-05
4.4457e-05
4.44572e-05
4.44575e-05
4.44578e-05
4.44581e-05
4.44584e-05
4.44587e-05
4.4459e-05
4.44593e-05
0.000822046
0.000270195
0.000109997
5.94068e-05
4.70021e-05
4.47282e-05
4.44225e-05
4.44028e-05
4.44124e-05
4.44216e-05
4.44286e-05
4.44339e-05
4.44382e-05
4.44415e-05
4.44442e-05
4.44464e-05
4.44482e-05
4.44497e-05
4.44509e-05
4.4452e-05
4.44529e-05
4.44536e-05
4.44542e-05
4.44547e-05
4.44552e-05
4.44556e-05
4.44559e-05
4.44562e-05
4.44564e-05
4.44566e-05
4.44568e-05
4.4457e-05
4.44571e-05
4.44572e-05
4.44573e-05
4.44575e-05
4.44576e-05
4.44577e-05
4.44578e-05
4.44579e-05
4.4458e-05
4.44582e-05
4.44583e-05
4.44585e-05
4.44586e-05
4.44588e-05
4.4459e-05
4.44592e-05
4.44593e-05
4.44595e-05
4.44598e-05
4.446e-05
4.44602e-05
4.44604e-05
4.44606e-05
4.44608e-05
4.44611e-05
4.44613e-05
4.44615e-05
4.44617e-05
4.44619e-05
4.44622e-05
4.44624e-05
4.44626e-05
4.44628e-05
4.4463e-05
4.44633e-05
4.44635e-05
4.44637e-05
4.4464e-05
4.44642e-05
4.44644e-05
0.000736324
0.000227128
9.28948e-05
5.45151e-05
4.59906e-05
4.45832e-05
4.44187e-05
4.4415e-05
4.44244e-05
4.44322e-05
4.4438e-05
4.44426e-05
4.44462e-05
4.44491e-05
4.44514e-05
4.44533e-05
4.44548e-05
4.44561e-05
4.44572e-05
4.44581e-05
4.44589e-05
4.44596e-05
4.44601e-05
4.44606e-05
4.4461e-05
4.44614e-05
4.44617e-05
4.44619e-05
4.44622e-05
4.44624e-05
4.44625e-05
4.44627e-05
4.44628e-05
4.44629e-05
4.44631e-05
4.44632e-05
4.44633e-05
4.44634e-05
4.44635e-05
4.44636e-05
4.44637e-05
4.44638e-05
4.44639e-05
4.4464e-05
4.44641e-05
4.44642e-05
4.44644e-05
4.44645e-05
4.44646e-05
4.44648e-05
4.4465e-05
4.44651e-05
4.44653e-05
4.44655e-05
4.44656e-05
4.44658e-05
4.4466e-05
4.44662e-05
4.44663e-05
4.44665e-05
4.44667e-05
4.44669e-05
4.44671e-05
4.44672e-05
4.44674e-05
4.44676e-05
4.44678e-05
4.4468e-05
4.44681e-05
4.44683e-05
4.44685e-05
4.44687e-05
0.000654174
0.000190799
7.99062e-05
5.11627e-05
4.53695e-05
4.45081e-05
4.44225e-05
4.44259e-05
4.44343e-05
4.44409e-05
4.44459e-05
4.44498e-05
4.44529e-05
4.44554e-05
4.44574e-05
4.4459e-05
4.44604e-05
4.44616e-05
4.44626e-05
4.44634e-05
4.44641e-05
4.44648e-05
4.44653e-05
4.44657e-05
4.44661e-05
4.44665e-05
4.44668e-05
4.4467e-05
4.44673e-05
4.44674e-05
4.44676e-05
4.44678e-05
4.44679e-05
4.4468e-05
4.44681e-05
4.44682e-05
4.44683e-05
4.44684e-05
4.44685e-05
4.44686e-05
4.44686e-05
4.44687e-05
4.44688e-05
4.44689e-05
4.4469e-05
4.44691e-05
4.44692e-05
4.44693e-05
4.44694e-05
4.44695e-05
4.44696e-05
4.44698e-05
4.44699e-05
4.447e-05
4.44702e-05
4.44703e-05
4.44705e-05
4.44706e-05
4.44707e-05
4.44709e-05
4.4471e-05
4.44712e-05
4.44713e-05
4.44715e-05
4.44716e-05
4.44718e-05
4.44719e-05
4.4472e-05
4.44722e-05
4.44723e-05
4.44725e-05
4.44726e-05
0.000576463
0.000160464
7.01534e-05
4.88873e-05
4.49924e-05
4.44713e-05
4.44291e-05
4.44352e-05
4.44425e-05
4.44482e-05
4.44526e-05
4.4456e-05
4.44587e-05
4.44609e-05
4.44627e-05
4.44643e-05
4.44656e-05
4.44667e-05
4.44676e-05
4.44685e-05
4.44692e-05
4.44698e-05
4.44704e-05
4.44709e-05
4.44713e-05
4.44716e-05
4.44719e-05
4.44722e-05
4.44725e-05
4.44727e-05
4.44728e-05
4.4473e-05
4.44731e-05
4.44732e-05
4.44734e-05
4.44735e-05
4.44735e-05
4.44736e-05
4.44737e-05
4.44738e-05
4.44738e-05
4.44739e-05
4.4474e-05
4.4474e-05
4.44741e-05
4.44742e-05
4.44743e-05
4.44743e-05
4.44743e-05
4.44744e-05
4.44744e-05
4.44745e-05
4.44747e-05
4.44748e-05
4.44749e-05
4.4475e-05
4.44751e-05
4.44752e-05
4.44754e-05
4.44755e-05
4.44756e-05
4.44757e-05
4.44758e-05
4.4476e-05
4.44761e-05
4.44762e-05
4.44763e-05
4.44764e-05
4.44765e-05
4.44767e-05
4.44768e-05
4.44769e-05
0.000503755
0.000135441
6.29076e-05
4.73573e-05
4.47662e-05
4.4455e-05
4.44363e-05
4.44432e-05
4.44496e-05
4.44547e-05
4.44586e-05
4.44617e-05
4.44643e-05
4.44666e-05
4.44685e-05
4.44701e-05
4.44716e-05
4.4473e-05
4.44742e-05
4.44752e-05
4.44762e-05
4.44771e-05
4.44778e-05
4.44784e-05
4.4479e-05
4.44795e-05
4.44799e-05
4.44803e-05
4.44806e-05
4.44808e-05
4.4481e-05
4.44812e-05
4.44814e-05
4.44815e-05
4.44816e-05
4.44817e-05
4.44817e-05
4.44818e-05
4.44818e-05
4.44818e-05
4.44819e-05
4.44819e-05
4.44819e-05
4.44819e-05
4.4482e-05
4.4482e-05
4.4482e-05
4.44821e-05
4.44821e-05
4.44821e-05
4.44822e-05
4.44822e-05
4.44823e-05
4.44824e-05
4.44824e-05
4.44825e-05
4.44826e-05
4.44827e-05
4.44828e-05
4.44828e-05
4.44829e-05
4.4483e-05
4.44831e-05
4.44831e-05
4.44832e-05
4.44832e-05
4.44833e-05
4.44833e-05
4.44834e-05
4.44834e-05
4.44834e-05
4.44834e-05
0.000436618
0.000115067
5.75805e-05
4.63389e-05
4.46326e-05
4.44497e-05
4.44435e-05
4.44503e-05
4.44561e-05
4.44608e-05
4.44645e-05
4.44676e-05
4.44703e-05
4.44726e-05
4.44746e-05
4.44764e-05
4.44779e-05
4.44792e-05
4.44803e-05
4.44813e-05
4.44821e-05
4.44828e-05
4.44834e-05
4.44839e-05
4.44843e-05
4.44846e-05
4.44849e-05
4.44852e-05
4.44853e-05
4.44855e-05
4.44856e-05
4.44857e-05
4.44858e-05
4.44858e-05
4.44859e-05
4.44859e-05
4.44859e-05
4.4486e-05
4.4486e-05
4.4486e-05
4.4486e-05
4.4486e-05
4.4486e-05
4.4486e-05
4.4486e-05
4.44859e-05
4.44859e-05
4.44859e-05
4.44859e-05
4.44859e-05
4.44859e-05
4.44859e-05
4.44859e-05
4.4486e-05
4.4486e-05
4.4486e-05
4.4486e-05
4.4486e-05
4.4486e-05
4.4486e-05
4.4486e-05
4.4486e-05
4.4486e-05
4.4486e-05
4.4486e-05
4.44861e-05
4.4486e-05
4.4486e-05
4.4486e-05
4.4486e-05
4.4486e-05
4.4486e-05
0.000375468
9.8671e-05
5.37066e-05
4.56676e-05
4.45553e-05
4.445e-05
4.44502e-05
4.44568e-05
4.44623e-05
4.44667e-05
4.44704e-05
4.44734e-05
4.4476e-05
4.44782e-05
4.448e-05
4.44815e-05
4.44828e-05
4.44838e-05
4.44847e-05
4.44854e-05
4.44859e-05
4.44864e-05
4.44868e-05
4.4487e-05
4.44873e-05
4.44875e-05
4.44876e-05
4.44877e-05
4.44878e-05
4.44879e-05
4.44879e-05
4.4488e-05
4.4488e-05
4.4488e-05
4.4488e-05
4.4488e-05
4.4488e-05
4.4488e-05
4.4488e-05
4.4488e-05
4.4488e-05
4.4488e-05
4.44879e-05
4.44879e-05
4.44879e-05
4.44879e-05
4.44878e-05
4.44878e-05
4.44878e-05
4.44878e-05
4.44877e-05
4.44877e-05
4.44877e-05
4.44877e-05
4.44877e-05
4.44876e-05
4.44876e-05
4.44876e-05
4.44876e-05
4.44876e-05
4.44875e-05
4.44875e-05
4.44875e-05
4.44875e-05
4.44875e-05
4.44874e-05
4.44874e-05
4.44874e-05
4.44873e-05
4.44873e-05
4.44873e-05
4.44872e-05
0.000320499
8.56275e-05
5.0914e-05
4.52295e-05
4.45119e-05
4.44531e-05
4.44568e-05
4.44631e-05
4.44683e-05
4.44724e-05
4.44758e-05
4.44786e-05
4.44808e-05
4.44826e-05
4.44841e-05
4.44853e-05
4.44862e-05
4.4487e-05
4.44875e-05
4.4488e-05
4.44883e-05
4.44886e-05
4.44888e-05
4.4489e-05
4.44891e-05
4.44892e-05
4.44893e-05
4.44893e-05
4.44893e-05
4.44894e-05
4.44894e-05
4.44894e-05
4.44894e-05
4.44894e-05
4.44894e-05
4.44893e-05
4.44893e-05
4.44893e-05
4.44893e-05
4.44892e-05
4.44892e-05
4.44892e-05
4.44891e-05
4.44891e-05
4.44891e-05
4.4489e-05
4.4489e-05
4.4489e-05
4.44889e-05
4.44889e-05
4.44888e-05
4.44888e-05
4.44888e-05
4.44887e-05
4.44887e-05
4.44887e-05
4.44886e-05
4.44886e-05
4.44886e-05
4.44885e-05
4.44885e-05
4.44885e-05
4.44884e-05
4.44884e-05
4.44883e-05
4.44883e-05
4.44883e-05
4.44882e-05
4.44882e-05
4.44881e-05
4.44881e-05
4.4488e-05
0.000271747
7.53753e-05
4.89212e-05
4.49464e-05
4.44889e-05
4.44578e-05
4.44631e-05
4.4469e-05
4.44738e-05
4.44775e-05
4.44805e-05
4.44828e-05
4.44846e-05
4.4486e-05
4.44871e-05
4.4488e-05
4.44886e-05
4.44891e-05
4.44894e-05
4.44897e-05
4.44899e-05
4.44901e-05
4.44902e-05
4.44903e-05
4.44903e-05
4.44903e-05
4.44904e-05
4.44904e-05
4.44904e-05
4.44904e-05
4.44904e-05
4.44904e-05
4.44903e-05
4.44903e-05
4.44903e-05
4.44902e-05
4.44902e-05
4.44902e-05
4.44901e-05
4.44901e-05
4.449e-05
4.449e-05
4.449e-05
4.44899e-05
4.44899e-05
4.44898e-05
4.44898e-05
4.44897e-05
4.44897e-05
4.44896e-05
4.44896e-05
4.44895e-05
4.44895e-05
4.44895e-05
4.44894e-05
4.44894e-05
4.44893e-05
4.44893e-05
4.44892e-05
4.44892e-05
4.44891e-05
4.44891e-05
4.4489e-05
4.4489e-05
4.44889e-05
4.44889e-05
4.44888e-05
4.44888e-05
4.44887e-05
4.44887e-05
4.44886e-05
4.44886e-05
0.000229141
6.74187e-05
4.75135e-05
4.47658e-05
4.44779e-05
4.44631e-05
4.44689e-05
4.44744e-05
4.44786e-05
4.44818e-05
4.44842e-05
4.44861e-05
4.44875e-05
4.44885e-05
4.44893e-05
4.44899e-05
4.44903e-05
4.44906e-05
4.44908e-05
4.44909e-05
4.4491e-05
4.44911e-05
4.44912e-05
4.44912e-05
4.44912e-05
4.44912e-05
4.44912e-05
4.44912e-05
4.44912e-05
4.44912e-05
4.44911e-05
4.44911e-05
4.44911e-05
4.4491e-05
4.4491e-05
4.44909e-05
4.44909e-05
4.44908e-05
4.44908e-05
4.44907e-05
4.44907e-05
4.44906e-05
4.44906e-05
4.44905e-05
4.44905e-05
4.44904e-05
4.44904e-05
4.44903e-05
4.44902e-05
4.44902e-05
4.44901e-05
4.44901e-05
4.449e-05
4.449e-05
4.44899e-05
4.44899e-05
4.44898e-05
4.44898e-05
4.44897e-05
4.44896e-05
4.44896e-05
4.44895e-05
4.44895e-05
4.44894e-05
4.44894e-05
4.44893e-05
4.44892e-05
4.44892e-05
4.44891e-05
4.44891e-05
4.4489e-05
4.44889e-05
0.000192464
6.13221e-05
4.65296e-05
4.46522e-05
4.44739e-05
4.44685e-05
4.44742e-05
4.4479e-05
4.44826e-05
4.44853e-05
4.44872e-05
4.44886e-05
4.44897e-05
4.44904e-05
4.44909e-05
4.44913e-05
4.44915e-05
4.44917e-05
4.44918e-05
4.44919e-05
4.4492e-05
4.4492e-05
4.4492e-05
4.4492e-05
4.4492e-05
4.4492e-05
4.4492e-05
4.4492e-05
4.44919e-05
4.44919e-05
4.44918e-05
4.44918e-05
4.44917e-05
4.44917e-05
4.44916e-05
4.44916e-05
4.44915e-05
4.44915e-05
4.44914e-05
4.44913e-05
4.44913e-05
4.44912e-05
4.44911e-05
4.44911e-05
4.4491e-05
4.44909e-05
4.44909e-05
4.44908e-05
4.44908e-05
4.44907e-05
4.44906e-05
4.44906e-05
4.44905e-05
4.44904e-05
4.44904e-05
4.44903e-05
4.44902e-05
4.44902e-05
4.44901e-05
4.449e-05
4.449e-05
4.44899e-05
4.44898e-05
4.44898e-05
4.44897e-05
4.44896e-05
4.44896e-05
4.44895e-05
4.44894e-05
4.44893e-05
4.44893e-05
4.44892e-05
0.000161397
5.67055e-05
4.58491e-05
4.45821e-05
4.44738e-05
4.44736e-05
4.44789e-05
4.4483e-05
4.4486e-05
4.44881e-05
4.44896e-05
4.44906e-05
4.44913e-05
4.44918e-05
4.44922e-05
4.44924e-05
4.44926e-05
4.44927e-05
4.44928e-05
4.44929e-05
4.44929e-05
4.44929e-05
4.44929e-05
4.44929e-05
4.44929e-05
4.44929e-05
4.44928e-05
4.44928e-05
4.44927e-05
4.44927e-05
4.44926e-05
4.44926e-05
4.44925e-05
4.44924e-05
4.44924e-05
4.44923e-05
4.44922e-05
4.44922e-05
4.44921e-05
4.4492e-05
4.4492e-05
4.44919e-05
4.44918e-05
4.44917e-05
4.44916e-05
4.44916e-05
4.44915e-05
4.44914e-05
4.44913e-05
4.44913e-05
4.44912e-05
4.44911e-05
4.4491e-05
4.44909e-05
4.44909e-05
4.44908e-05
4.44907e-05
4.44906e-05
4.44906e-05
4.44905e-05
4.44904e-05
4.44903e-05
4.44902e-05
4.44902e-05
4.44901e-05
4.449e-05
4.44899e-05
4.44898e-05
4.44897e-05
4.44897e-05
4.44896e-05
4.44895e-05
0.000135544
5.32515e-05
4.53843e-05
4.45399e-05
4.44758e-05
4.44783e-05
4.44829e-05
4.44864e-05
4.44888e-05
4.44904e-05
4.44915e-05
4.44922e-05
4.44928e-05
4.44931e-05
4.44934e-05
4.44935e-05
4.44937e-05
4.44938e-05
4.44938e-05
4.44939e-05
4.44939e-05
4.44939e-05
4.44939e-05
4.44939e-05
4.44939e-05
4.44938e-05
4.44938e-05
4.44938e-05
4.44937e-05
4.44936e-05
4.44936e-05
4.44935e-05
4.44934e-05
4.44934e-05
4.44933e-05
4.44932e-05
4.44931e-05
4.4493e-05
4.44929e-05
4.44928e-05
4.44928e-05
4.44927e-05
4.44926e-05
4.44925e-05
4.44924e-05
4.44923e-05
4.44922e-05
4.44921e-05
4.4492e-05
4.44919e-05
4.44918e-05
4.44917e-05
4.44916e-05
4.44915e-05
4.44914e-05
4.44913e-05
4.44912e-05
4.44912e-05
4.44911e-05
4.4491e-05
4.44909e-05
4.44908e-05
4.44907e-05
4.44906e-05
4.44905e-05
4.44904e-05
4.44903e-05
4.44902e-05
4.44901e-05
4.449e-05
4.44899e-05
4.44898e-05
0.000114351
5.06991e-05
4.50714e-05
4.45154e-05
4.44789e-05
4.44824e-05
4.44864e-05
4.44892e-05
4.44911e-05
4.44923e-05
4.44931e-05
4.44937e-05
4.44941e-05
4.44944e-05
4.44946e-05
4.44947e-05
4.44948e-05
4.44949e-05
4.4495e-05
4.4495e-05
4.44951e-05
4.44951e-05
4.44951e-05
4.4495e-05
4.4495e-05
4.44949e-05
4.44949e-05
4.44948e-05
4.44947e-05
4.44947e-05
4.44946e-05
4.44945e-05
4.44944e-05
4.44943e-05
4.44942e-05
4.44941e-05
4.4494e-05
4.44939e-05
4.44938e-05
4.44936e-05
4.44935e-05
4.44934e-05
4.44933e-05
4.44932e-05
4.44931e-05
4.4493e-05
4.44928e-05
4.44927e-05
4.44926e-05
4.44925e-05
4.44924e-05
4.44923e-05
4.44922e-05
4.4492e-05
4.44919e-05
4.44918e-05
4.44917e-05
4.44916e-05
4.44915e-05
4.44914e-05
4.44912e-05
4.44911e-05
4.4491e-05
4.44909e-05
4.44908e-05
4.44907e-05
4.44906e-05
4.44904e-05
4.44903e-05
4.44902e-05
4.44901e-05
4.449e-05
9.72513e-05
4.88366e-05
4.48636e-05
4.4502e-05
4.44824e-05
4.44861e-05
4.44894e-05
4.44916e-05
4.44931e-05
4.4494e-05
4.44947e-05
4.44951e-05
4.44955e-05
4.44957e-05
4.44959e-05
4.4496e-05
4.44962e-05
4.44962e-05
4.44963e-05
4.44963e-05
4.44963e-05
4.44963e-05
4.44962e-05
4.44962e-05
4.44961e-05
4.4496e-05
4.44959e-05
4.44958e-05
4.44957e-05
4.44956e-05
4.44954e-05
4.44953e-05
4.44952e-05
4.4495e-05
4.44949e-05
4.44948e-05
4.44946e-05
4.44945e-05
4.44943e-05
4.44942e-05
4.4494e-05
4.44939e-05
4.44938e-05
4.44936e-05
4.44935e-05
4.44933e-05
4.44932e-05
4.44931e-05
4.44929e-05
4.44928e-05
4.44927e-05
4.44925e-05
4.44924e-05
4.44923e-05
4.44921e-05
4.4492e-05
4.44919e-05
4.44917e-05
4.44916e-05
4.44915e-05
4.44913e-05
4.44912e-05
4.44911e-05
4.4491e-05
4.44908e-05
4.44907e-05
4.44906e-05
4.44904e-05
4.44903e-05
4.44902e-05
4.449e-05
4.44899e-05
8.3706e-05
4.74947e-05
4.47275e-05
4.44954e-05
4.44858e-05
4.44893e-05
4.4492e-05
4.44938e-05
4.44949e-05
4.44957e-05
4.44962e-05
4.44966e-05
4.44969e-05
4.44972e-05
4.44973e-05
4.44975e-05
4.44975e-05
4.44976e-05
4.44976e-05
4.44975e-05
4.44975e-05
4.44974e-05
4.44973e-05
4.44971e-05
4.4497e-05
4.44968e-05
4.44967e-05
4.44965e-05
4.44963e-05
4.44961e-05
4.4496e-05
4.44958e-05
4.44956e-05
4.44954e-05
4.44952e-05
4.4495e-05
4.44949e-05
4.44947e-05
4.44945e-05
4.44943e-05
4.44941e-05
4.4494e-05
4.44938e-05
4.44936e-05
4.44935e-05
4.44933e-05
4.44931e-05
4.4493e-05
4.44928e-05
4.44927e-05
4.44925e-05
4.44923e-05
4.44922e-05
4.4492e-05
4.44919e-05
4.44917e-05
4.44916e-05
4.44915e-05
4.44913e-05
4.44912e-05
4.4491e-05
4.44909e-05
4.44907e-05
4.44906e-05
4.44905e-05
4.44903e-05
4.44902e-05
4.449e-05
4.44899e-05
4.44898e-05
4.44896e-05
4.44895e-05
7.31727e-05
4.65405e-05
4.464e-05
4.44929e-05
4.44891e-05
4.44922e-05
4.44944e-05
4.44958e-05
4.44967e-05
4.44974e-05
4.44979e-05
4.44983e-05
4.44985e-05
4.44987e-05
4.44988e-05
4.44989e-05
4.44989e-05
4.44988e-05
4.44987e-05
4.44986e-05
4.44984e-05
4.44982e-05
4.4498e-05
4.44978e-05
4.44976e-05
4.44973e-05
4.44971e-05
4.44968e-05
4.44966e-05
4.44963e-05
4.44961e-05
4.44958e-05
4.44956e-05
4.44953e-05
4.44951e-05
4.44949e-05
4.44946e-05
4.44944e-05
4.44942e-05
4.4494e-05
4.44938e-05
4.44936e-05
4.44933e-05
4.44931e-05
4.4493e-05
4.44928e-05
4.44926e-05
4.44924e-05
4.44922e-05
4.4492e-05
4.44919e-05
4.44917e-05
4.44915e-05
4.44913e-05
4.44912e-05
4.4491e-05
4.44909e-05
4.44907e-05
4.44905e-05
4.44904e-05
4.44902e-05
4.44901e-05
4.44899e-05
4.44898e-05
4.44896e-05
4.44895e-05
4.44893e-05
4.44892e-05
4.4489e-05
4.44889e-05
4.44887e-05
4.44886e-05
6.5129e-05
4.5871e-05
4.45847e-05
4.44928e-05
4.44923e-05
4.44948e-05
4.44966e-05
4.44978e-05
4.44986e-05
4.44992e-05
4.44996e-05
4.44999e-05
4.45001e-05
4.45002e-05
4.45002e-05
4.45001e-05
4.45e-05
4.44998e-05
4.44996e-05
4.44993e-05
4.4499e-05
4.44987e-05
4.44984e-05
4.44981e-05
4.44977e-05
4.44974e-05
4.44971e-05
4.44967e-05
4.44964e-05
4.44961e-05
4.44957e-05
4.44954e-05
4.44951e-05
4.44948e-05
4.44945e-05
4.44942e-05
4.4494e-05
4.44937e-05
4.44934e-05
4.44932e-05
4.44929e-05
4.44927e-05
4.44925e-05
4.44922e-05
4.4492e-05
4.44918e-05
4.44916e-05
4.44914e-05
4.44912e-05
4.4491e-05
4.44908e-05
4.44906e-05
4.44904e-05
4.44902e-05
4.449e-05
4.44898e-05
4.44897e-05
4.44895e-05
4.44893e-05
4.44892e-05
4.4489e-05
4.44888e-05
4.44887e-05
4.44885e-05
4.44883e-05
4.44882e-05
4.4488e-05
4.44879e-05
4.44877e-05
4.44876e-05
4.44874e-05
4.44873e-05
5.90962e-05
4.54076e-05
4.45506e-05
4.44941e-05
4.44952e-05
4.44974e-05
4.44989e-05
4.44999e-05
4.45006e-05
4.45011e-05
4.45015e-05
4.45016e-05
4.45017e-05
4.45016e-05
4.45014e-05
4.45012e-05
4.45009e-05
4.45005e-05
4.45001e-05
4.44997e-05
4.44993e-05
4.44988e-05
4.44984e-05
4.4498e-05
4.44975e-05
4.44971e-05
4.44967e-05
4.44962e-05
4.44958e-05
4.44954e-05
4.44951e-05
4.44947e-05
4.44943e-05
4.4494e-05
4.44936e-05
4.44933e-05
4.4493e-05
4.44927e-05
4.44924e-05
4.44921e-05
4.44918e-05
4.44915e-05
4.44912e-05
4.4491e-05
4.44907e-05
4.44905e-05
4.44902e-05
4.449e-05
4.44898e-05
4.44895e-05
4.44893e-05
4.44891e-05
4.44889e-05
4.44887e-05
4.44885e-05
4.44883e-05
4.44881e-05
4.44879e-05
4.44878e-05
4.44876e-05
4.44874e-05
4.44872e-05
4.4487e-05
4.44869e-05
4.44867e-05
4.44865e-05
4.44864e-05
4.44862e-05
4.44861e-05
4.44859e-05
4.44857e-05
4.44856e-05
5.46599e-05
4.50915e-05
4.45302e-05
4.44963e-05
4.44981e-05
4.44999e-05
4.45012e-05
4.45021e-05
4.45027e-05
4.45031e-05
4.45032e-05
4.45032e-05
4.4503e-05
4.45027e-05
4.45024e-05
4.45019e-05
4.45014e-05
4.45009e-05
4.45004e-05
4.44998e-05
4.44992e-05
4.44987e-05
4.44981e-05
4.44976e-05
4.4497e-05
4.44965e-05
4.4496e-05
4.44955e-05
4.4495e-05
4.44946e-05
4.44941e-05
4.44937e-05
4.44933e-05
4.44929e-05
4.44925e-05
4.44921e-05
4.44917e-05
4.44914e-05
4.4491e-05
4.44907e-05
4.44904e-05
4.44901e-05
4.44898e-05
4.44895e-05
4.44892e-05
4.44889e-05
4.44887e-05
4.44884e-05
4.44882e-05
4.44879e-05
4.44877e-05
4.44874e-05
4.44872e-05
4.4487e-05
4.44868e-05
4.44865e-05
4.44863e-05
4.44861e-05
4.44859e-05
4.44857e-05
4.44855e-05
4.44854e-05
4.44852e-05
4.4485e-05
4.44848e-05
4.44846e-05
4.44844e-05
4.44843e-05
4.44841e-05
4.44839e-05
4.44838e-05
4.44836e-05
5.14582e-05
4.48793e-05
4.45187e-05
4.44989e-05
4.4501e-05
4.45026e-05
4.45037e-05
4.45044e-05
4.45048e-05
4.45049e-05
4.45048e-05
4.45046e-05
4.45041e-05
4.45036e-05
4.4503e-05
4.45024e-05
4.45017e-05
4.4501e-05
4.45003e-05
4.44996e-05
4.44989e-05
4.44982e-05
4.44976e-05
4.4497e-05
4.44963e-05
4.44957e-05
4.44952e-05
4.44946e-05
4.44941e-05
4.44936e-05
4.44931e-05
4.44926e-05
4.44921e-05
4.44917e-05
4.44912e-05
4.44908e-05
4.44904e-05
4.449e-05
4.44896e-05
4.44892e-05
4.44889e-05
4.44885e-05
4.44882e-05
4.44879e-05
4.44876e-05
4.44873e-05
4.4487e-05
4.44867e-05
4.44864e-05
4.44861e-05
4.44859e-05
4.44856e-05
4.44853e-05
4.44851e-05
4.44848e-05
4.44846e-05
4.44844e-05
4.44842e-05
4.44839e-05
4.44837e-05
4.44835e-05
4.44833e-05
4.44831e-05
4.44829e-05
4.44827e-05
4.44825e-05
4.44823e-05
4.44821e-05
4.44819e-05
4.44818e-05
4.44816e-05
4.44814e-05
4.91891e-05
4.4741e-05
4.45128e-05
4.45019e-05
4.45039e-05
4.45053e-05
4.45062e-05
4.45067e-05
4.45068e-05
4.45066e-05
4.45062e-05
4.45057e-05
4.4505e-05
4.45042e-05
4.45034e-05
4.45026e-05
4.45017e-05
4.45009e-05
4.45001e-05
4.44993e-05
4.44985e-05
4.44977e-05
4.4497e-05
4.44962e-05
4.44956e-05
4.44949e-05
4.44943e-05
4.44936e-05
4.4493e-05
4.44925e-05
4.44919e-05
4.44914e-05
4.44909e-05
4.44904e-05
4.44899e-05
4.44894e-05
4.4489e-05
4.44885e-05
4.44881e-05
4.44877e-05
4.44873e-05
4.44869e-05
4.44866e-05
4.44862e-05
4.44858e-05
4.44855e-05
4.44852e-05
4.44848e-05
4.44845e-05
4.44842e-05
4.44839e-05
4.44836e-05
4.44834e-05
4.44831e-05
4.44828e-05
4.44825e-05
4.44823e-05
4.4482e-05
4.44818e-05
4.44815e-05
4.44813e-05
4.44811e-05
4.44809e-05
4.44806e-05
4.44804e-05
4.44802e-05
4.448e-05
4.44798e-05
4.44796e-05
4.44794e-05
4.44792e-05
4.4479e-05
4.76088e-05
4.4653e-05
4.45106e-05
4.45051e-05
4.4507e-05
4.45081e-05
4.45087e-05
4.45088e-05
4.45086e-05
4.45081e-05
4.45074e-05
4.45065e-05
4.45056e-05
4.45046e-05
4.45036e-05
4.45026e-05
4.45016e-05
4.45007e-05
4.44997e-05
4.44988e-05
4.44979e-05
4.44971e-05
4.44963e-05
4.44955e-05
4.44947e-05
4.4494e-05
4.44933e-05
4.44926e-05
4.4492e-05
4.44914e-05
4.44907e-05
4.44902e-05
4.44896e-05
4.4489e-05
4.44885e-05
4.4488e-05
4.44875e-05
4.4487e-05
4.44866e-05
4.44861e-05
4.44857e-05
4.44852e-05
4.44848e-05
4.44844e-05
4.4484e-05
4.44836e-05
4.44833e-05
4.44829e-05
4.44826e-05
4.44822e-05
4.44819e-05
4.44816e-05
4.44812e-05
4.44809e-05
4.44806e-05
4.44803e-05
4.448e-05
4.44798e-05
4.44795e-05
4.44792e-05
4.44789e-05
4.44787e-05
4.44784e-05
4.44782e-05
4.44779e-05
4.44777e-05
4.44775e-05
4.44772e-05
4.4477e-05
4.44768e-05
4.44766e-05
4.44763e-05
4.65284e-05
4.45984e-05
4.45108e-05
4.45086e-05
4.45102e-05
4.45109e-05
4.45111e-05
4.45108e-05
4.45102e-05
4.45093e-05
4.45083e-05
4.45072e-05
4.4506e-05
4.45049e-05
4.45037e-05
4.45026e-05
4.45015e-05
4.45004e-05
4.44994e-05
4.44984e-05
4.44974e-05
4.44965e-05
4.44956e-05
4.44947e-05
4.44939e-05
4.44931e-05
4.44924e-05
4.44916e-05
4.44909e-05
4.44902e-05
4.44895e-05
4.44889e-05
4.44883e-05
4.44877e-05
4.44871e-05
4.44865e-05
4.4486e-05
4.44854e-05
4.44849e-05
4.44844e-05
4.44839e-05
4.44834e-05
4.4483e-05
4.44825e-05
4.44821e-05
4.44817e-05
4.44812e-05
4.44808e-05
4.44804e-05
4.44801e-05
4.44797e-05
4.44793e-05
4.4479e-05
4.44786e-05
4.44783e-05
4.44779e-05
4.44776e-05
4.44773e-05
4.4477e-05
4.44767e-05
4.44764e-05
4.44761e-05
4.44758e-05
4.44755e-05
4.44752e-05
4.4475e-05
4.44747e-05
4.44744e-05
4.44742e-05
4.44739e-05
4.44737e-05
4.44734e-05
4.58031e-05
4.45658e-05
4.45126e-05
4.45123e-05
4.45134e-05
4.45137e-05
4.45134e-05
4.45126e-05
4.45116e-05
4.45104e-05
4.45091e-05
4.45078e-05
4.45064e-05
4.45051e-05
4.45038e-05
4.45025e-05
4.45013e-05
4.45002e-05
4.4499e-05
4.44979e-05
4.44969e-05
4.44959e-05
4.44949e-05
4.4494e-05
4.44931e-05
4.44922e-05
4.44914e-05
4.44906e-05
4.44898e-05
4.4489e-05
4.44883e-05
4.44876e-05
4.44869e-05
4.44862e-05
4.44855e-05
4.44849e-05
4.44843e-05
4.44837e-05
4.44831e-05
4.44825e-05
4.4482e-05
4.44815e-05
4.44809e-05
4.44804e-05
4.44799e-05
4.44795e-05
4.4479e-05
4.44785e-05
4.44781e-05
4.44776e-05
4.44772e-05
4.44768e-05
4.44764e-05
4.4476e-05
4.44756e-05
4.44752e-05
4.44749e-05
4.44745e-05
4.44742e-05
4.44738e-05
4.44735e-05
4.44732e-05
4.44728e-05
4.44725e-05
4.44722e-05
4.44719e-05
4.44716e-05
4.44713e-05
4.4471e-05
4.44708e-05
4.44705e-05
4.44702e-05
4.53251e-05
4.45473e-05
4.45156e-05
4.4516e-05
4.45165e-05
4.45163e-05
4.45154e-05
4.45143e-05
4.45129e-05
4.45113e-05
4.45098e-05
4.45083e-05
4.45068e-05
4.45053e-05
4.45039e-05
4.45025e-05
4.45012e-05
4.44999e-05
4.44987e-05
4.44975e-05
4.44964e-05
4.44953e-05
4.44942e-05
4.44932e-05
4.44922e-05
4.44912e-05
4.44903e-05
4.44894e-05
4.44885e-05
4.44877e-05
4.44868e-05
4.4486e-05
4.44853e-05
4.44845e-05
4.44838e-05
4.44831e-05
4.44824e-05
4.44817e-05
4.44811e-05
4.44804e-05
4.44798e-05
4.44792e-05
4.44786e-05
4.4478e-05
4.44775e-05
4.44769e-05
4.44764e-05
4.44759e-05
4.44754e-05
4.44749e-05
4.44744e-05
4.4474e-05
4.44735e-05
4.44731e-05
4.44726e-05
4.44722e-05
4.44718e-05
4.44714e-05
4.4471e-05
4.44706e-05
4.44702e-05
4.44699e-05
4.44695e-05
4.44692e-05
4.44688e-05
4.44685e-05
4.44681e-05
4.44678e-05
4.44675e-05
4.44672e-05
4.44669e-05
4.44666e-05
4.5016e-05
4.45379e-05
4.45192e-05
4.45197e-05
4.45195e-05
4.45187e-05
4.45173e-05
4.45157e-05
4.4514e-05
4.45122e-05
4.45105e-05
4.45088e-05
4.45071e-05
4.45055e-05
4.4504e-05
4.45025e-05
4.45011e-05
4.44997e-05
4.44983e-05
4.44971e-05
4.44958e-05
4.44946e-05
4.44934e-05
4.44923e-05
4.44912e-05
4.44901e-05
4.44891e-05
4.44881e-05
4.44871e-05
4.44861e-05
4.44852e-05
4.44843e-05
4.44834e-05
4.44826e-05
4.44818e-05
4.44809e-05
4.44802e-05
4.44794e-05
4.44787e-05
4.4478e-05
4.44773e-05
4.44766e-05
4.44759e-05
4.44753e-05
4.44746e-05
4.4474e-05
4.44734e-05
4.44728e-05
4.44723e-05
4.44717e-05
4.44712e-05
4.44707e-05
4.44701e-05
4.44696e-05
4.44692e-05
4.44687e-05
4.44682e-05
4.44678e-05
4.44673e-05
4.44669e-05
4.44665e-05
4.4466e-05
4.44656e-05
4.44653e-05
4.44649e-05
4.44645e-05
4.44641e-05
4.44638e-05
4.44634e-05
4.44631e-05
4.44627e-05
4.44624e-05
4.48229e-05
4.45341e-05
4.45232e-05
4.45232e-05
4.45223e-05
4.45209e-05
4.45191e-05
4.45171e-05
4.45151e-05
4.45131e-05
4.45112e-05
4.45093e-05
4.45075e-05
4.45058e-05
4.45041e-05
4.45025e-05
4.45009e-05
4.44994e-05
4.44979e-05
4.44965e-05
4.44951e-05
4.44937e-05
4.44924e-05
4.44911e-05
4.44899e-05
4.44887e-05
4.44875e-05
4.44864e-05
4.44853e-05
4.44842e-05
4.44832e-05
4.44821e-05
4.44812e-05
4.44802e-05
4.44793e-05
4.44784e-05
4.44775e-05
4.44766e-05
4.44758e-05
4.4475e-05
4.44742e-05
4.44734e-05
4.44727e-05
4.44719e-05
4.44712e-05
4.44705e-05
4.44699e-05
4.44692e-05
4.44686e-05
4.4468e-05
4.44674e-05
4.44668e-05
4.44662e-05
4.44656e-05
4.44651e-05
4.44646e-05
4.4464e-05
4.44635e-05
4.4463e-05
4.44626e-05
4.44621e-05
4.44616e-05
4.44612e-05
4.44608e-05
4.44603e-05
4.44599e-05
4.44595e-05
4.44591e-05
4.44587e-05
4.44584e-05
4.4458e-05
4.44576e-05
4.47058e-05
4.45339e-05
4.45272e-05
4.45266e-05
4.4525e-05
4.4523e-05
4.45207e-05
4.45185e-05
4.45162e-05
4.45141e-05
4.4512e-05
4.45099e-05
4.4508e-05
4.45061e-05
4.45042e-05
4.45024e-05
4.45007e-05
4.4499e-05
4.44973e-05
4.44957e-05
4.44941e-05
4.44926e-05
4.44911e-05
4.44897e-05
4.44883e-05
4.44869e-05
4.44856e-05
4.44843e-05
4.44831e-05
4.44819e-05
4.44807e-05
4.44795e-05
4.44784e-05
4.44773e-05
4.44763e-05
4.44752e-05
4.44742e-05
4.44732e-05
4.44723e-05
4.44714e-05
4.44705e-05
4.44696e-05
4.44688e-05
4.44679e-05
4.44671e-05
4.44663e-05
4.44656e-05
4.44648e-05
4.44641e-05
4.44634e-05
4.44628e-05
4.44621e-05
4.44614e-05
4.44608e-05
4.44602e-05
4.44596e-05
4.4459e-05
4.44585e-05
4.44579e-05
4.44574e-05
4.44569e-05
4.44564e-05
4.44559e-05
4.44554e-05
4.4455e-05
4.44545e-05
4.44541e-05
4.44537e-05
4.44533e-05
4.44529e-05
4.44525e-05
4.44521e-05
4.4637e-05
4.45357e-05
4.45313e-05
4.45298e-05
4.45275e-05
4.4525e-05
4.45224e-05
4.45199e-05
4.45174e-05
4.45151e-05
4.45128e-05
4.45105e-05
4.45083e-05
4.45062e-05
4.45042e-05
4.45021e-05
4.45002e-05
4.44983e-05
4.44964e-05
4.44946e-05
4.44928e-05
4.44911e-05
4.44894e-05
4.44877e-05
4.44862e-05
4.44846e-05
4.44831e-05
4.44816e-05
4.44802e-05
4.44788e-05
4.44774e-05
4.44761e-05
4.44748e-05
4.44736e-05
4.44724e-05
4.44712e-05
4.44701e-05
4.4469e-05
4.44679e-05
4.44669e-05
4.44659e-05
4.44649e-05
4.44639e-05
4.4463e-05
4.44621e-05
4.44612e-05
4.44604e-05
4.44596e-05
4.44588e-05
4.4458e-05
4.44572e-05
4.44565e-05
4.44558e-05
4.44551e-05
4.44545e-05
4.44538e-05
4.44532e-05
4.44526e-05
4.4452e-05
4.44514e-05
4.44508e-05
4.44503e-05
4.44498e-05
4.44493e-05
4.44488e-05
4.44483e-05
4.44478e-05
4.44474e-05
4.44469e-05
4.44465e-05
4.44461e-05
4.44457e-05
4.45983e-05
4.45387e-05
4.45351e-05
4.45328e-05
4.45299e-05
4.4527e-05
4.45242e-05
4.45214e-05
4.45187e-05
4.4516e-05
4.45135e-05
4.4511e-05
4.45085e-05
4.45062e-05
4.45038e-05
4.45016e-05
4.44993e-05
4.44971e-05
4.4495e-05
4.44929e-05
4.44909e-05
4.44889e-05
4.4487e-05
4.44852e-05
4.44833e-05
4.44816e-05
4.44798e-05
4.44782e-05
4.44765e-05
4.44749e-05
4.44734e-05
4.44719e-05
4.44704e-05
4.4469e-05
4.44676e-05
4.44663e-05
4.4465e-05
4.44637e-05
4.44625e-05
4.44613e-05
4.44602e-05
4.4459e-05
4.4458e-05
4.44569e-05
4.44559e-05
4.44549e-05
4.44539e-05
4.4453e-05
4.44521e-05
4.44512e-05
4.44503e-05
4.44495e-05
4.44487e-05
4.44479e-05
4.44472e-05
4.44465e-05
4.44458e-05
4.44451e-05
4.44445e-05
4.44438e-05
4.44432e-05
4.44427e-05
4.44421e-05
4.44416e-05
4.44411e-05
4.44406e-05
4.44401e-05
4.44397e-05
4.44392e-05
4.44388e-05
4.44384e-05
4.4438e-05
4.45779e-05
4.45423e-05
4.45388e-05
4.45357e-05
4.45324e-05
4.45291e-05
4.4526e-05
4.45229e-05
4.45199e-05
4.45169e-05
4.4514e-05
4.45112e-05
4.45084e-05
4.45057e-05
4.4503e-05
4.45004e-05
4.44979e-05
4.44954e-05
4.44929e-05
4.44905e-05
4.44882e-05
4.44859e-05
4.44837e-05
4.44815e-05
4.44794e-05
4.44774e-05
4.44754e-05
4.44734e-05
4.44715e-05
4.44697e-05
4.44679e-05
4.44661e-05
4.44644e-05
4.44628e-05
4.44612e-05
4.44596e-05
4.44581e-05
4.44567e-05
4.44553e-05
4.44539e-05
4.44526e-05
4.44513e-05
4.445e-05
4.44488e-05
4.44477e-05
4.44466e-05
4.44455e-05
4.44445e-05
4.44435e-05
4.44425e-05
4.44416e-05
4.44407e-05
4.44399e-05
4.4439e-05
4.44382e-05
4.44375e-05
4.44368e-05
4.44361e-05
4.44354e-05
4.44348e-05
4.44342e-05
4.44336e-05
4.4433e-05
4.44325e-05
4.4432e-05
4.44315e-05
4.4431e-05
4.44306e-05
4.44302e-05
4.44298e-05
4.44294e-05
4.4429e-05
4.45683e-05
4.45463e-05
4.45424e-05
4.45387e-05
4.45349e-05
4.45313e-05
4.45277e-05
4.45243e-05
4.45209e-05
4.45175e-05
4.45143e-05
4.4511e-05
4.45078e-05
4.45047e-05
4.45016e-05
4.44986e-05
4.44957e-05
4.44928e-05
4.44899e-05
4.44872e-05
4.44845e-05
4.44818e-05
4.44792e-05
4.44767e-05
4.44742e-05
4.44718e-05
4.44695e-05
4.44672e-05
4.44649e-05
4.44627e-05
4.44606e-05
4.44585e-05
4.44565e-05
4.44546e-05
4.44526e-05
4.44508e-05
4.4449e-05
4.44473e-05
4.44456e-05
4.44439e-05
4.44424e-05
4.44408e-05
4.44394e-05
4.4438e-05
4.44366e-05
4.44353e-05
4.4434e-05
4.44328e-05
4.44317e-05
4.44306e-05
4.44295e-05
4.44285e-05
4.44276e-05
4.44267e-05
4.44259e-05
4.44251e-05
4.44243e-05
4.44236e-05
4.4423e-05
4.44224e-05
4.44218e-05
4.44213e-05
4.44208e-05
4.44204e-05
4.442e-05
4.44196e-05
4.44193e-05
4.4419e-05
4.44188e-05
4.44186e-05
4.44184e-05
4.44182e-05
4.45649e-05
4.45503e-05
4.4546e-05
4.45416e-05
4.45374e-05
4.45333e-05
4.45292e-05
4.45252e-05
4.45213e-05
4.45174e-05
4.45136e-05
4.45098e-05
4.45061e-05
4.45024e-05
4.44987e-05
4.44952e-05
4.44917e-05
4.44882e-05
4.44849e-05
4.44816e-05
4.44783e-05
4.44752e-05
4.44721e-05
4.4469e-05
4.44661e-05
4.44632e-05
4.44603e-05
4.44576e-05
4.44549e-05
4.44523e-05
4.44498e-05
4.44474e-05
4.4445e-05
4.44428e-05
4.44406e-05
4.44385e-05
4.44365e-05
4.44346e-05
4.44328e-05
4.44311e-05
4.44294e-05
4.44279e-05
4.44264e-05
4.44251e-05
4.44238e-05
4.44226e-05
4.44215e-05
4.44205e-05
4.44196e-05
4.44188e-05
4.4418e-05
4.44173e-05
4.44167e-05
4.44161e-05
4.44156e-05
4.44152e-05
4.44148e-05
4.44144e-05
4.44141e-05
4.44138e-05
4.44135e-05
4.44132e-05
4.4413e-05
4.44128e-05
4.44126e-05
4.44124e-05
4.44122e-05
4.4412e-05
4.44118e-05
4.44118e-05
4.44117e-05
4.44116e-05
4.45653e-05
4.45547e-05
4.45498e-05
4.45449e-05
4.45402e-05
4.45355e-05
4.45309e-05
4.45264e-05
4.45219e-05
4.45175e-05
4.45131e-05
4.45088e-05
4.45045e-05
4.45004e-05
4.44962e-05
4.44922e-05
4.44882e-05
4.44843e-05
4.44804e-05
4.44767e-05
4.4473e-05
4.44694e-05
4.44659e-05
4.44625e-05
4.44592e-05
4.44559e-05
4.44528e-05
4.44499e-05
4.4447e-05
4.44443e-05
4.44417e-05
4.44392e-05
4.4437e-05
4.44348e-05
4.44328e-05
4.4431e-05
4.44294e-05
4.44279e-05
4.44266e-05
4.44254e-05
4.44244e-05
4.44236e-05
4.44229e-05
4.44224e-05
4.4422e-05
4.44218e-05
4.44217e-05
4.44217e-05
4.44217e-05
4.44217e-05
4.44216e-05
4.44216e-05
4.44215e-05
4.44214e-05
4.44212e-05
4.4421e-05
4.44208e-05
4.44205e-05
4.44201e-05
4.44197e-05
4.44193e-05
4.4419e-05
4.44187e-05
4.44186e-05
4.44184e-05
4.44184e-05
4.44184e-05
4.44185e-05
4.44184e-05
4.44184e-05
4.44183e-05
4.44183e-05
4.45689e-05
4.45593e-05
4.45524e-05
4.45459e-05
4.45396e-05
4.45335e-05
4.45276e-05
4.45217e-05
4.4516e-05
4.45105e-05
4.45051e-05
4.44999e-05
4.44949e-05
4.44902e-05
4.44858e-05
4.44818e-05
4.44783e-05
4.44748e-05
4.44716e-05
4.44684e-05
4.44655e-05
4.44628e-05
4.44602e-05
4.44579e-05
4.44557e-05
4.44538e-05
4.44521e-05
4.44506e-05
4.44494e-05
4.44483e-05
4.44475e-05
4.44469e-05
4.44465e-05
4.44464e-05
4.44465e-05
4.44467e-05
4.44471e-05
4.44476e-05
4.44483e-05
4.4449e-05
4.44499e-05
4.44507e-05
4.44516e-05
4.44525e-05
4.44534e-05
4.44542e-05
4.4455e-05
4.44557e-05
4.44562e-05
4.44567e-05
4.4457e-05
4.44572e-05
4.44573e-05
4.44572e-05
4.4457e-05
4.44566e-05
4.4456e-05
4.44553e-05
4.44544e-05
4.44534e-05
4.44522e-05
4.44507e-05
4.44492e-05
4.44474e-05
4.44454e-05
4.44432e-05
4.44408e-05
4.44383e-05
4.44356e-05
4.4433e-05
4.44303e-05
4.44277e-05
)
;

boundaryField
{
    walls
    {
        type            fixedValue;
        value           uniform 0;
    }
    frontAndBack
    {
        type            empty;
    }
    farfield
    {
        type            inletOutlet;
        inletValue      uniform 4.44e-05;
        value           nonuniform List<scalar> 
72
(
4.45689e-05
4.45593e-05
4.45524e-05
4.45459e-05
4.45396e-05
4.45335e-05
4.45276e-05
4.45217e-05
4.4516e-05
4.45105e-05
4.45051e-05
4.44999e-05
4.44949e-05
4.44902e-05
4.44858e-05
4.44818e-05
4.44783e-05
4.44748e-05
4.44716e-05
4.44684e-05
4.44655e-05
4.44628e-05
4.44602e-05
4.44579e-05
4.44557e-05
4.44538e-05
4.44521e-05
4.44506e-05
4.44494e-05
4.44483e-05
4.44475e-05
4.44469e-05
4.44465e-05
4.44464e-05
4.44465e-05
4.44467e-05
4.44471e-05
4.44476e-05
4.44483e-05
4.4449e-05
4.44499e-05
4.44507e-05
4.44516e-05
4.44525e-05
4.44534e-05
4.44542e-05
4.4455e-05
4.44557e-05
4.44562e-05
4.44567e-05
4.4457e-05
4.44572e-05
4.44573e-05
4.44572e-05
4.4457e-05
4.44566e-05
4.4456e-05
4.44553e-05
4.44544e-05
4.44534e-05
4.44522e-05
4.44507e-05
4.44492e-05
4.44474e-05
4.44454e-05
4.44432e-05
4.44408e-05
4.44383e-05
4.44356e-05
4.4433e-05
4.44303e-05
4.44e-05
)
;
    }
    procBoundary3to1
    {
        type            processor;
        value           nonuniform List<scalar> 
101
(
4.03759e-07
1.25965e-06
2.22321e-06
3.31092e-06
4.54727e-06
5.97509e-06
7.68361e-06
9.84252e-06
1.2552e-05
1.59305e-05
2.01437e-05
2.53562e-05
3.17785e-05
3.96982e-05
4.9476e-05
6.15494e-05
7.42629e-05
8.73544e-05
0.00010113
0.000116096
0.000132921
0.000152396
0.000175394
0.000203063
0.000236606
0.000276823
0.00032426
0.00037983
0.000444938
0.000520816
0.00060841
0.000708479
0.000821631
0.000948313
0.00108882
0.00124433
0.00141537
0.00160233
0.00180554
0.00202417
0.00225666
0.00250134
0.00275704
0.00302282
0.00329774
0.00358082
0.00387092
0.00416669
0.00446653
0.00380806
0.00236975
0.00236975
0.00247891
0.00258453
0.0026848
0.00277813
0.00286302
0.0029379
0.00300105
0.00305061
0.0030841
0.00309825
0.00309099
0.00306153
0.00300992
0.00293684
0.00284319
0.00273018
0.00259924
0.00245191
0.00229029
0.00211348
0.00192087
0.00172041
0.00151903
0.0013225
0.00113548
0.00096182
0.000804152
0.000663551
0.000540661
0.000435543
0.000347467
0.000275054
0.000216733
0.000170798
0.000135404
0.000108703
8.89589e-05
7.46896e-05
6.46066e-05
5.76352e-05
5.29229e-05
4.98062e-05
4.77877e-05
4.65095e-05
4.57178e-05
4.52382e-05
4.49542e-05
4.47899e-05
4.4699e-05
)
;
    }
    procBoundary3to2
    {
        type            processor;
        value           nonuniform List<scalar> 
108
(
1.82325e-06
5.70909e-06
1.01033e-05
1.50686e-05
2.0675e-05
2.70018e-05
3.41439e-05
4.2223e-05
5.1393e-05
6.18089e-05
7.35606e-05
8.66884e-05
0.000101268
0.00011744
0.000135386
0.000155302
0.00017739
0.000201842
0.000228836
0.000291557
0.000291561
0.000291544
0.00029151
0.000291457
0.000291384
0.000291293
0.000258529
0.000291182
0.000291557
0.000327716
0.000367113
0.000409795
0.000455737
0.000504829
0.000556866
0.000611519
0.000668321
0.000726633
0.00078561
0.00084416
0.000905382
0.000905382
0.00095961
0.00100825
0.00104862
0.00107746
0.00109077
0.00108379
0.00105087
0.000985454
0.000880237
0.000727658
0.000521486
0.00026405
8.4e-05
4.60639e-05
4.35863e-05
4.36957e-05
4.38728e-05
4.40124e-05
4.412e-05
4.42031e-05
4.42671e-05
4.43164e-05
4.43543e-05
4.43836e-05
4.44063e-05
4.44237e-05
4.44361e-05
4.44454e-05
4.44532e-05
4.44596e-05
4.44647e-05
4.44689e-05
4.44728e-05
4.4477e-05
4.44835e-05
4.4486e-05
4.44872e-05
4.4488e-05
4.44885e-05
4.44889e-05
4.44891e-05
4.44894e-05
4.44897e-05
4.44899e-05
4.44898e-05
4.44893e-05
4.44884e-05
4.44871e-05
4.44854e-05
4.44834e-05
4.44812e-05
4.44788e-05
4.44761e-05
4.44732e-05
4.447e-05
4.44663e-05
4.44621e-05
4.44573e-05
4.44517e-05
4.44453e-05
4.44377e-05
4.44287e-05
4.44181e-05
4.44115e-05
4.44183e-05
4.44253e-05
)
;
    }
}


// ************************************************************************* //
