/*--------------------------------*- C++ -*----------------------------------*\
| =========                 |                                                 |
| \\      /  F ield         | OpenFOAM: The Open Source CFD Toolbox           |
|  \\    /   O peration     | Version:  2412                                  |
|   \\  /    A nd           | Website:  www.openfoam.com                      |
|    \\/     M anipulation  |                                                 |
\*---------------------------------------------------------------------------*/
FoamFile
{
    version     2.0;
    format      ascii;
    arch        "LSB;label=32;scalar=64";
    class       volScalarField;
    location    "300";
    object      nut;
}
// * * * * * * * * * * * * * * * * * * * * * * * * * * * * * * * * * * * * * //

dimensions      [0 2 -1 0 0 0 0];

internalField   nonuniform List<scalar> 
7418
(
2.60003e-13
8.59591e-13
8.15978e-13
7.1152e-13
7.97933e-13
7.07154e-13
7.09371e-12
1.66246e-11
1.65818e-11
1.28725e-11
1.09898e-11
1.00755e-11
9.69006e-12
9.74152e-12
1.00823e-11
1.03703e-11
1.04536e-11
1.04051e-11
1.02297e-11
1.00331e-11
9.92471e-12
9.89865e-12
9.93437e-12
9.98451e-12
1.00108e-11
1.00183e-11
1.00199e-11
1.00336e-11
1.00598e-11
1.00924e-11
1.01254e-11
1.01581e-11
1.01924e-11
1.02292e-11
1.0269e-11
1.03102e-11
1.0353e-11
1.03973e-11
1.04425e-11
1.04881e-11
1.05346e-11
1.05821e-11
1.06302e-11
1.06787e-11
1.07272e-11
1.07759e-11
1.08249e-11
1.08742e-11
1.09222e-11
1.09691e-11
1.10166e-11
1.10634e-11
1.11094e-11
1.1155e-11
1.11988e-11
1.12426e-11
1.12857e-11
1.13277e-11
1.13682e-11
1.14067e-11
1.14445e-11
1.1482e-11
1.15174e-11
1.15507e-11
1.15838e-11
1.16156e-11
1.16464e-11
1.16754e-11
1.17025e-11
1.17294e-11
1.17554e-11
1.17798e-11
1.1804e-11
1.18255e-11
1.18423e-11
1.18592e-11
1.1874e-11
1.1887e-11
1.18983e-11
1.19072e-11
1.19149e-11
1.84885e-13
4.56382e-13
2.54952e-11
7.61093e-11
7.34072e-11
6.56652e-11
7.10852e-11
6.84806e-11
7.08883e-10
1.51745e-09
1.49877e-09
1.20365e-09
1.04422e-09
9.66151e-10
9.34467e-10
9.39895e-10
9.693e-10
9.9353e-10
1.00007e-09
9.94963e-10
9.79179e-10
9.61986e-10
9.52681e-10
9.50724e-10
9.54048e-10
9.58506e-10
9.60865e-10
9.61629e-10
9.61969e-10
9.63389e-10
9.65955e-10
9.69056e-10
9.72207e-10
9.75348e-10
9.78632e-10
9.82198e-10
9.86011e-10
9.89956e-10
9.94049e-10
9.98282e-10
1.00261e-09
1.007e-09
1.01149e-09
1.01603e-09
1.02063e-09
1.02529e-09
1.02993e-09
1.03461e-09
1.03931e-09
1.04401e-09
1.04865e-09
1.05322e-09
1.05777e-09
1.06228e-09
1.06671e-09
1.07109e-09
1.07536e-09
1.07956e-09
1.08368e-09
1.08772e-09
1.09165e-09
1.0954e-09
1.09905e-09
1.10263e-09
1.10608e-09
1.10937e-09
1.11257e-09
1.11564e-09
1.1186e-09
1.12143e-09
1.12411e-09
1.12669e-09
1.12918e-09
1.13158e-09
1.1339e-09
1.13601e-09
1.13767e-09
1.13928e-09
1.14072e-09
1.14198e-09
1.14309e-09
1.14398e-09
1.14473e-09
1.70013e-11
4.12343e-11
2.7117e-10
6.63564e-10
6.49934e-10
6.03883e-10
6.25397e-10
7.97517e-10
7.36147e-09
1.37216e-08
1.34094e-08
1.13107e-08
1.00549e-08
9.4367e-09
9.19952e-09
9.25711e-09
9.49765e-09
9.68567e-09
9.72747e-09
9.67164e-09
9.5343e-09
9.39234e-09
9.31801e-09
9.30618e-09
9.33704e-09
9.37569e-09
9.39651e-09
9.40462e-09
9.41056e-09
9.42621e-09
9.4516e-09
9.48145e-09
9.51203e-09
9.54273e-09
9.57487e-09
9.60986e-09
9.64704e-09
9.68548e-09
9.72525e-09
9.76632e-09
9.80831e-09
9.85109e-09
9.89491e-09
9.93912e-09
9.98399e-09
1.00294e-08
1.00747e-08
1.01204e-08
1.01661e-08
1.02117e-08
1.02572e-08
1.0302e-08
1.03465e-08
1.03905e-08
1.04339e-08
1.04767e-08
1.05187e-08
1.05598e-08
1.06001e-08
1.06395e-08
1.06781e-08
1.07152e-08
1.07511e-08
1.07861e-08
1.082e-08
1.08526e-08
1.08841e-08
1.09142e-08
1.09434e-08
1.09715e-08
1.0998e-08
1.10232e-08
1.10478e-08
1.10716e-08
1.10944e-08
1.11154e-08
1.11318e-08
1.11476e-08
1.11617e-08
1.1174e-08
1.1185e-08
1.11941e-08
1.12015e-08
1.55802e-10
3.70651e-10
1.60677e-09
2.86017e-09
2.82693e-09
2.74439e-09
2.74125e-09
5.56854e-09
3.83246e-08
6.13125e-08
5.95654e-08
5.31637e-08
4.86419e-08
4.64306e-08
4.56705e-08
4.59602e-08
4.68539e-08
4.74908e-08
4.75691e-08
4.72695e-08
4.67004e-08
4.6158e-08
4.58914e-08
4.5875e-08
4.60161e-08
4.61759e-08
4.62651e-08
4.63092e-08
4.6353e-08
4.64397e-08
4.65661e-08
4.67107e-08
4.68587e-08
4.70089e-08
4.71677e-08
4.73392e-08
4.75206e-08
4.77078e-08
4.79015e-08
4.81013e-08
4.83062e-08
4.85154e-08
4.87289e-08
4.89449e-08
4.91638e-08
4.9385e-08
4.96072e-08
4.98303e-08
5.00535e-08
5.02766e-08
5.04983e-08
5.07178e-08
5.09357e-08
5.11515e-08
5.13647e-08
5.15747e-08
5.17809e-08
5.19833e-08
5.2181e-08
5.23748e-08
5.25639e-08
5.27472e-08
5.29248e-08
5.30974e-08
5.32642e-08
5.34245e-08
5.35805e-08
5.37299e-08
5.38739e-08
5.40122e-08
5.41429e-08
5.42681e-08
5.43894e-08
5.45066e-08
5.46194e-08
5.4724e-08
5.48053e-08
5.48832e-08
5.49526e-08
5.50135e-08
5.50674e-08
5.51128e-08
5.51492e-08
7.06459e-10
1.66411e-09
7.32235e-09
8.77418e-09
8.65009e-09
8.78312e-09
8.69076e-09
2.84752e-08
1.39529e-07
1.93019e-07
1.87732e-07
1.77908e-07
1.67922e-07
1.63218e-07
1.61999e-07
1.6294e-07
1.64918e-07
1.66064e-07
1.6587e-07
1.64772e-07
1.63214e-07
1.61917e-07
1.61363e-07
1.61459e-07
1.61905e-07
1.62346e-07
1.62611e-07
1.62785e-07
1.62993e-07
1.63331e-07
1.63778e-07
1.64275e-07
1.64784e-07
1.65308e-07
1.65864e-07
1.6646e-07
1.67087e-07
1.67735e-07
1.68404e-07
1.69095e-07
1.69805e-07
1.7053e-07
1.71269e-07
1.72017e-07
1.72774e-07
1.7354e-07
1.7431e-07
1.75084e-07
1.75858e-07
1.76631e-07
1.774e-07
1.78162e-07
1.7892e-07
1.7967e-07
1.80412e-07
1.81142e-07
1.81859e-07
1.82564e-07
1.83253e-07
1.83928e-07
1.84587e-07
1.85226e-07
1.85846e-07
1.86448e-07
1.8703e-07
1.87591e-07
1.88135e-07
1.88658e-07
1.89161e-07
1.89642e-07
1.901e-07
1.90539e-07
1.90963e-07
1.9137e-07
1.91763e-07
1.92132e-07
1.92418e-07
1.92689e-07
1.92931e-07
1.93145e-07
1.93334e-07
1.93492e-07
1.93618e-07
2.26603e-09
5.395e-09
2.76256e-08
2.22584e-08
2.15525e-08
2.28033e-08
2.57394e-08
1.1852e-07
4.02082e-07
4.92384e-07
4.83014e-07
4.86184e-07
4.73774e-07
4.68901e-07
4.69251e-07
4.71411e-07
4.73538e-07
4.73684e-07
4.71839e-07
4.68736e-07
4.6569e-07
4.63786e-07
4.63327e-07
4.64019e-07
4.6512e-07
4.66031e-07
4.66647e-07
4.6721e-07
4.67969e-07
4.69034e-07
4.70316e-07
4.71693e-07
4.73111e-07
4.74594e-07
4.76172e-07
4.7785e-07
4.79612e-07
4.8143e-07
4.83308e-07
4.85249e-07
4.87238e-07
4.8927e-07
4.91342e-07
4.93442e-07
4.95568e-07
4.97716e-07
4.99878e-07
5.0205e-07
5.04222e-07
5.0639e-07
5.0855e-07
5.10695e-07
5.12826e-07
5.14936e-07
5.17017e-07
5.1907e-07
5.21087e-07
5.23068e-07
5.2501e-07
5.26908e-07
5.28759e-07
5.30558e-07
5.32307e-07
5.34003e-07
5.35642e-07
5.37221e-07
5.38749e-07
5.40222e-07
5.41637e-07
5.4299e-07
5.44279e-07
5.45517e-07
5.46707e-07
5.4785e-07
5.48953e-07
5.49995e-07
5.50802e-07
5.51563e-07
5.52244e-07
5.52851e-07
5.53384e-07
5.53831e-07
5.54186e-07
5.94518e-09
1.6911e-08
9.05282e-08
5.83282e-08
4.74202e-08
5.18031e-08
8.09674e-08
4.24614e-07
9.74543e-07
1.09288e-06
1.08799e-06
1.16063e-06
1.16689e-06
1.17451e-06
1.1834e-06
1.18667e-06
1.18317e-06
1.17618e-06
1.16878e-06
1.16171e-06
1.15788e-06
1.15759e-06
1.15917e-06
1.16182e-06
1.16406e-06
1.16546e-06
1.16667e-06
1.16825e-06
1.17053e-06
1.17341e-06
1.17659e-06
1.17988e-06
1.1833e-06
1.18692e-06
1.19079e-06
1.19488e-06
1.19915e-06
1.20356e-06
1.20811e-06
1.21281e-06
1.21763e-06
1.22254e-06
1.22756e-06
1.23264e-06
1.23779e-06
1.24299e-06
1.24822e-06
1.25348e-06
1.25874e-06
1.26399e-06
1.26921e-06
1.27441e-06
1.27957e-06
1.28468e-06
1.28971e-06
1.29468e-06
1.29957e-06
1.30436e-06
1.30906e-06
1.31364e-06
1.31812e-06
1.32247e-06
1.32669e-06
1.3308e-06
1.33476e-06
1.33857e-06
1.34226e-06
1.34582e-06
1.34923e-06
1.35249e-06
1.3556e-06
1.35858e-06
1.36145e-06
1.36419e-06
1.36685e-06
1.36937e-06
1.37132e-06
1.37316e-06
1.3748e-06
1.37626e-06
1.37755e-06
1.37864e-06
1.37951e-06
1.38392e-08
5.22941e-08
2.65161e-07
1.57564e-07
9.77682e-08
1.08805e-07
2.53459e-07
1.28085e-06
2.06241e-06
2.20159e-06
2.23255e-06
2.51415e-06
2.60138e-06
2.65613e-06
2.68881e-06
2.68947e-06
2.66329e-06
2.63348e-06
2.61226e-06
2.59922e-06
2.59922e-06
2.60786e-06
2.6169e-06
2.62445e-06
2.62826e-06
2.62958e-06
2.6317e-06
2.63568e-06
2.64161e-06
2.64847e-06
2.65547e-06
2.66252e-06
2.66988e-06
2.6778e-06
2.68625e-06
2.69514e-06
2.70438e-06
2.7139e-06
2.72374e-06
2.73389e-06
2.7443e-06
2.75492e-06
2.76573e-06
2.7767e-06
2.78781e-06
2.79903e-06
2.81032e-06
2.82166e-06
2.833e-06
2.84434e-06
2.85562e-06
2.86682e-06
2.87793e-06
2.88893e-06
2.89979e-06
2.91049e-06
2.92102e-06
2.93134e-06
2.94145e-06
2.9513e-06
2.96093e-06
2.97027e-06
2.97935e-06
2.98815e-06
2.99664e-06
3.00484e-06
3.01275e-06
3.02037e-06
3.02767e-06
3.03465e-06
3.0413e-06
3.04767e-06
3.05378e-06
3.05961e-06
3.06526e-06
3.0707e-06
3.07488e-06
3.07881e-06
3.08232e-06
3.08547e-06
3.08823e-06
3.0906e-06
3.09249e-06
3.06898e-08
1.54259e-07
7.01547e-07
4.13929e-07
2.08482e-07
2.28118e-07
7.67757e-07
3.11688e-06
3.91557e-06
4.13751e-06
4.28118e-06
5.06017e-06
5.35866e-06
5.52549e-06
5.60247e-06
5.58539e-06
5.5007e-06
5.41903e-06
5.37149e-06
5.35364e-06
5.37054e-06
5.40432e-06
5.43152e-06
5.4488e-06
5.45394e-06
5.4536e-06
5.45713e-06
5.46623e-06
5.47974e-06
5.49428e-06
5.50821e-06
5.52182e-06
5.53617e-06
5.55181e-06
5.56852e-06
5.58597e-06
5.604e-06
5.62258e-06
5.64178e-06
5.66158e-06
5.68188e-06
5.70258e-06
5.72366e-06
5.74504e-06
5.76669e-06
5.78856e-06
5.81056e-06
5.83263e-06
5.8547e-06
5.87677e-06
5.89873e-06
5.92052e-06
5.94214e-06
5.96352e-06
5.98465e-06
6.00546e-06
6.02588e-06
6.04594e-06
6.06556e-06
6.08468e-06
6.10334e-06
6.12145e-06
6.13904e-06
6.15609e-06
6.17252e-06
6.18835e-06
6.20365e-06
6.21835e-06
6.23244e-06
6.2459e-06
6.25871e-06
6.27095e-06
6.28266e-06
6.29378e-06
6.30458e-06
6.31517e-06
6.32324e-06
6.33081e-06
6.33761e-06
6.34368e-06
6.34905e-06
6.35367e-06
6.35738e-06
7.28281e-08
4.25417e-07
1.69178e-06
1.02689e-06
4.81882e-07
5.35994e-07
2.21571e-06
6.34235e-06
6.8194e-06
7.39077e-06
7.82049e-06
9.59903e-06
1.02916e-05
1.06386e-05
1.07604e-05
1.06867e-05
1.04915e-05
1.03238e-05
1.02415e-05
1.02305e-05
1.02896e-05
1.03732e-05
1.04324e-05
1.0464e-05
1.04686e-05
1.04642e-05
1.04705e-05
1.04892e-05
1.0516e-05
1.05432e-05
1.05678e-05
1.05915e-05
1.06168e-05
1.06445e-05
1.06742e-05
1.07049e-05
1.07365e-05
1.07691e-05
1.08028e-05
1.08375e-05
1.0873e-05
1.09092e-05
1.09461e-05
1.09836e-05
1.10214e-05
1.10597e-05
1.10982e-05
1.11368e-05
1.11754e-05
1.12139e-05
1.12523e-05
1.12904e-05
1.13282e-05
1.13655e-05
1.14024e-05
1.14387e-05
1.14744e-05
1.15093e-05
1.15435e-05
1.15768e-05
1.16094e-05
1.16409e-05
1.16715e-05
1.17011e-05
1.17297e-05
1.17572e-05
1.17837e-05
1.18092e-05
1.18335e-05
1.18568e-05
1.18789e-05
1.18999e-05
1.192e-05
1.19388e-05
1.19573e-05
1.19758e-05
1.19897e-05
1.20028e-05
1.20145e-05
1.2025e-05
1.20343e-05
1.20424e-05
1.20489e-05
1.76583e-07
1.09304e-06
3.73802e-06
2.38196e-06
1.12876e-06
1.3151e-06
5.97712e-06
1.12698e-05
1.10835e-05
1.27009e-05
1.38235e-05
1.72203e-05
1.83926e-05
1.8901e-05
1.90076e-05
1.88158e-05
1.8469e-05
1.8205e-05
1.81017e-05
1.81261e-05
1.82593e-05
1.84128e-05
1.85107e-05
1.85557e-05
1.8556e-05
1.85465e-05
1.85589e-05
1.85928e-05
1.86385e-05
1.86824e-05
1.87209e-05
1.87577e-05
1.87974e-05
1.88413e-05
1.8888e-05
1.8936e-05
1.89854e-05
1.90362e-05
1.90887e-05
1.91429e-05
1.91982e-05
1.92547e-05
1.93122e-05
1.93704e-05
1.94294e-05
1.9489e-05
1.95488e-05
1.96089e-05
1.9669e-05
1.9729e-05
1.97886e-05
1.98479e-05
1.99067e-05
1.99648e-05
2.00221e-05
2.00785e-05
2.01339e-05
2.01882e-05
2.02412e-05
2.02929e-05
2.03433e-05
2.03922e-05
2.04397e-05
2.04854e-05
2.05296e-05
2.0572e-05
2.06129e-05
2.06521e-05
2.06895e-05
2.07251e-05
2.07589e-05
2.07909e-05
2.08211e-05
2.08493e-05
2.08769e-05
2.09057e-05
2.0927e-05
2.09468e-05
2.09646e-05
2.09805e-05
2.09947e-05
2.10072e-05
2.1017e-05
4.23695e-07
2.61389e-06
7.58508e-06
5.14592e-06
2.58004e-06
3.21166e-06
1.36591e-05
1.80726e-05
1.73189e-05
2.11088e-05
2.37584e-05
2.89646e-05
3.04019e-05
3.09065e-05
3.08824e-05
3.05196e-05
3.00269e-05
2.97048e-05
2.96248e-05
2.97231e-05
2.99505e-05
3.0172e-05
3.02978e-05
3.03473e-05
3.03395e-05
3.03278e-05
3.03517e-05
3.04056e-05
3.04726e-05
3.05341e-05
3.05872e-05
3.06386e-05
3.06946e-05
3.07565e-05
3.0822e-05
3.08892e-05
3.0958e-05
3.10287e-05
3.1102e-05
3.11775e-05
3.12546e-05
3.13332e-05
3.14132e-05
3.14943e-05
3.15764e-05
3.16593e-05
3.17426e-05
3.18262e-05
3.19097e-05
3.19932e-05
3.20763e-05
3.21587e-05
3.22404e-05
3.23212e-05
3.24009e-05
3.24793e-05
3.25562e-05
3.26316e-05
3.27052e-05
3.27769e-05
3.28468e-05
3.29145e-05
3.29801e-05
3.30434e-05
3.31043e-05
3.31628e-05
3.3219e-05
3.32728e-05
3.3324e-05
3.33725e-05
3.34182e-05
3.34613e-05
3.35015e-05
3.35385e-05
3.35749e-05
3.36145e-05
3.36433e-05
3.36698e-05
3.36935e-05
3.37148e-05
3.37338e-05
3.37506e-05
3.37633e-05
9.90585e-07
5.79728e-06
1.41414e-05
1.03139e-05
5.64771e-06
7.6175e-06
2.45801e-05
2.6891e-05
2.64251e-05
3.38132e-05
3.89278e-05
4.52064e-05
4.64546e-05
4.67176e-05
4.64536e-05
4.59114e-05
4.53347e-05
4.50337e-05
4.50349e-05
4.52355e-05
4.55498e-05
4.581e-05
4.59383e-05
4.59791e-05
4.59626e-05
4.59555e-05
4.59966e-05
4.60718e-05
4.61582e-05
4.62346e-05
4.63007e-05
4.63661e-05
4.6438e-05
4.65172e-05
4.66003e-05
4.66853e-05
4.67722e-05
4.68619e-05
4.69546e-05
4.705e-05
4.71475e-05
4.72469e-05
4.7348e-05
4.74505e-05
4.75542e-05
4.7659e-05
4.77642e-05
4.78698e-05
4.79754e-05
4.80808e-05
4.81857e-05
4.82898e-05
4.8393e-05
4.8495e-05
4.85955e-05
4.86944e-05
4.87913e-05
4.88863e-05
4.89789e-05
4.90691e-05
4.9157e-05
4.9242e-05
4.93243e-05
4.94035e-05
4.94795e-05
4.95525e-05
4.96224e-05
4.9689e-05
4.97521e-05
4.98116e-05
4.98673e-05
4.99193e-05
4.9967e-05
5.001e-05
5.00525e-05
5.01011e-05
5.01359e-05
5.01673e-05
5.01953e-05
5.02202e-05
5.02424e-05
5.0262e-05
5.02762e-05
2.24138e-06
1.18407e-05
2.42302e-05
1.90834e-05
1.16607e-05
1.71079e-05
3.77085e-05
3.79733e-05
3.95537e-05
5.15995e-05
5.93427e-05
6.54343e-05
6.60847e-05
6.59205e-05
6.53704e-05
6.46947e-05
6.41293e-05
6.39348e-05
6.40611e-05
6.43657e-05
6.4733e-05
6.49884e-05
6.50906e-05
6.5112e-05
6.50901e-05
6.50959e-05
6.51577e-05
6.52522e-05
6.53524e-05
6.54387e-05
6.55147e-05
6.55919e-05
6.56776e-05
6.57712e-05
6.58686e-05
6.59678e-05
6.60696e-05
6.61747e-05
6.62833e-05
6.63948e-05
6.65089e-05
6.66251e-05
6.67433e-05
6.68632e-05
6.69845e-05
6.71069e-05
6.72299e-05
6.73534e-05
6.74768e-05
6.76e-05
6.77225e-05
6.78441e-05
6.79647e-05
6.80837e-05
6.82009e-05
6.83161e-05
6.84291e-05
6.85396e-05
6.86473e-05
6.87521e-05
6.8854e-05
6.89525e-05
6.90476e-05
6.91389e-05
6.92264e-05
6.93101e-05
6.939e-05
6.94657e-05
6.9537e-05
6.96037e-05
6.96656e-05
6.97226e-05
6.97736e-05
6.98182e-05
6.98623e-05
6.99158e-05
6.99537e-05
6.99869e-05
7.00161e-05
7.00417e-05
7.00642e-05
7.0084e-05
7.0097e-05
4.86116e-06
2.21594e-05
3.82453e-05
3.24898e-05
2.23457e-05
3.51188e-05
5.2111e-05
5.16813e-05
5.76992e-05
7.41875e-05
8.37226e-05
8.86491e-05
8.85225e-05
8.78632e-05
8.70548e-05
8.63249e-05
8.5862e-05
8.58326e-05
8.60968e-05
8.64808e-05
8.68555e-05
8.70658e-05
8.71211e-05
8.71193e-05
8.70981e-05
8.71234e-05
8.72063e-05
8.73152e-05
8.74226e-05
8.75136e-05
8.75963e-05
8.76829e-05
8.77793e-05
8.78834e-05
8.7991e-05
8.81005e-05
8.82129e-05
8.83291e-05
8.84492e-05
8.85724e-05
8.86983e-05
8.88266e-05
8.89571e-05
8.90894e-05
8.92233e-05
8.93583e-05
8.9494e-05
8.96301e-05
8.97661e-05
8.99019e-05
9.00369e-05
9.01708e-05
9.03035e-05
9.04344e-05
9.05632e-05
9.06898e-05
9.08136e-05
9.09347e-05
9.10526e-05
9.11671e-05
9.12782e-05
9.13854e-05
9.14885e-05
9.15873e-05
9.16816e-05
9.17713e-05
9.18566e-05
9.19368e-05
9.20116e-05
9.20809e-05
9.21444e-05
9.22016e-05
9.22511e-05
9.22924e-05
9.23329e-05
9.23857e-05
9.24229e-05
9.24541e-05
9.24807e-05
9.25032e-05
9.25223e-05
9.25387e-05
9.25471e-05
1.00226e-05
3.78632e-05
5.59211e-05
5.09636e-05
3.94577e-05
5.71492e-05
6.7451e-05
6.83111e-05
8.08442e-05
0.000100365
0.000110533
0.000113921
0.000113036
0.000111917
0.000110925
0.000110222
0.000109922
0.000110077
0.000110463
0.000110888
0.000111229
0.000111368
0.000111368
0.000111346
0.000111332
0.00011138
0.000111482
0.0001116
0.000111709
0.000111801
0.000111888
0.000111981
0.000112086
0.000112197
0.000112311
0.000112427
0.000112547
0.000112671
0.000112799
0.000112929
0.000113063
0.000113199
0.000113338
0.000113478
0.00011362
0.000113763
0.000113907
0.000114051
0.000114195
0.000114339
0.000114482
0.000114623
0.000114763
0.000114902
0.000115037
0.00011517
0.000115301
0.000115428
0.000115551
0.000115671
0.000115786
0.000115898
0.000116004
0.000116106
0.000116203
0.000116294
0.00011638
0.00011646
0.000116534
0.000116601
0.000116662
0.000116714
0.000116758
0.000116791
0.000116822
0.000116868
0.0001169
0.000116925
0.000116945
0.00011696
0.000116971
0.00011698
0.00011698
1.94303e-05
5.91741e-05
7.64514e-05
7.41855e-05
6.4203e-05
7.9613e-05
8.37715e-05
8.78882e-05
0.000107775
0.000128796
0.000138746
0.000140658
0.000139134
0.000137645
0.000136553
0.000135937
0.000135824
0.000136151
0.000136625
0.000137055
0.000137335
0.000137391
0.000137338
0.0001373
0.000137299
0.000137371
0.000137489
0.000137611
0.000137718
0.000137808
0.000137898
0.000137998
0.000138108
0.000138225
0.000138343
0.000138464
0.000138589
0.000138717
0.00013885
0.000138986
0.000139125
0.000139266
0.00013941
0.000139555
0.000139702
0.00013985
0.000139999
0.000140148
0.000140296
0.000140444
0.000140592
0.000140737
0.000140881
0.000141023
0.000141162
0.000141298
0.000141431
0.00014156
0.000141685
0.000141806
0.000141923
0.000142034
0.000142141
0.000142242
0.000142336
0.000142425
0.000142508
0.000142584
0.000142653
0.000142714
0.000142767
0.00014281
0.000142843
0.000142862
0.000142879
0.00014291
0.000142934
0.000142948
0.000142956
0.000142959
0.000142958
0.000142953
0.00014294
3.49975e-05
8.51691e-05
9.87855e-05
0.00010143
9.65635e-05
0.000100929
0.000101307
0.000110455
0.000137013
0.000158609
0.00016793
0.00016861
0.0001666
0.00016484
0.00016372
0.000163223
0.000163294
0.000163762
0.000164289
0.000164694
0.000164897
0.000164872
0.000164772
0.000164726
0.000164741
0.000164836
0.000164966
0.00016509
0.000165193
0.000165282
0.000165375
0.00016548
0.000165595
0.000165716
0.000165837
0.000165962
0.00016609
0.000166223
0.000166359
0.000166499
0.000166641
0.000166786
0.000166933
0.000167081
0.000167231
0.000167382
0.000167534
0.000167685
0.000167837
0.000167987
0.000168136
0.000168284
0.000168429
0.000168572
0.000168711
0.000168848
0.00016898
0.000169109
0.000169233
0.000169352
0.000169467
0.000169575
0.000169678
0.000169774
0.000169864
0.000169947
0.000170022
0.00017009
0.00017015
0.0001702
0.000170241
0.000170271
0.000170287
0.000170289
0.000170284
0.000170292
0.000170301
0.000170299
0.00017029
0.000170275
0.000170255
0.000170232
0.000170199
5.55549e-05
0.000114212
0.000121901
0.000132126
0.000126988
0.000120898
0.000120408
0.000135921
0.000167558
0.000189456
0.000198065
0.000197792
0.00019543
0.000193492
0.000192393
0.000192025
0.000192255
0.00019283
0.000193379
0.000193739
0.000193861
0.000193762
0.000193624
0.000193576
0.00019361
0.000193726
0.000193866
0.000193989
0.000194088
0.000194176
0.000194273
0.000194383
0.000194503
0.000194627
0.000194752
0.000194879
0.000195011
0.000195147
0.000195287
0.00019543
0.000195575
0.000195722
0.000195872
0.000196023
0.000196175
0.000196328
0.000196481
0.000196634
0.000196786
0.000196938
0.000197087
0.000197234
0.000197379
0.000197521
0.000197659
0.000197794
0.000197924
0.000198049
0.000198169
0.000198284
0.000198393
0.000198496
0.000198591
0.00019868
0.00019876
0.000198833
0.000198897
0.000198953
0.000198998
0.000199033
0.000199057
0.000199068
0.000199062
0.000199039
0.000199006
0.000198979
0.000198969
0.000198943
0.000198911
0.00019887
0.000198824
0.000198773
0.000198714
7.65542e-05
0.000140401
0.000145038
0.0001661
0.000154206
0.000140123
0.0001414
0.000164015
0.000199172
0.000221339
0.000229341
0.000228369
0.000225727
0.000223719
0.000222662
0.000222417
0.000222777
0.000223425
0.000223971
0.000224277
0.00022432
0.000224156
0.00022399
0.000223945
0.000223998
0.000224133
0.00022428
0.000224403
0.000224499
0.000224587
0.000224688
0.000224804
0.00022493
0.000225057
0.000225186
0.000225317
0.000225452
0.000225592
0.000225735
0.000225881
0.000226029
0.000226179
0.00022633
0.000226483
0.000226637
0.000226791
0.000226945
0.000227098
0.00022725
0.0002274
0.000227548
0.000227694
0.000227836
0.000227975
0.00022811
0.00022824
0.000228365
0.000228484
0.000228597
0.000228704
0.000228805
0.000228897
0.000228982
0.000229058
0.000229126
0.000229184
0.000229232
0.000229269
0.000229295
0.000229308
0.000229308
0.000229293
0.000229259
0.000229204
0.000229134
0.000229058
0.00022902
0.000228964
0.000228898
0.000228823
0.00022874
0.000228651
0.000228554
9.66701e-05
0.00016298
0.00016782
0.000198835
0.00017812
0.000159338
0.00016465
0.000194439
0.000232076
0.000254433
0.000261998
0.000260581
0.000257702
0.000255697
0.000254687
0.000254548
0.000255008
0.0002557
0.000256225
0.000256473
0.000256445
0.000256228
0.000256042
0.000256003
0.000256075
0.000256227
0.000256381
0.000256502
0.000256596
0.000256687
0.000256793
0.000256916
0.000257047
0.000257179
0.000257311
0.000257446
0.000257586
0.00025773
0.000257876
0.000258025
0.000258175
0.000258327
0.000258481
0.000258635
0.000258789
0.000258943
0.000259096
0.000259249
0.000259399
0.000259547
0.000259692
0.000259834
0.000259971
0.000260104
0.000260233
0.000260355
0.000260471
0.000260581
0.000260684
0.000260779
0.000260866
0.000260944
0.000261013
0.000261072
0.00026112
0.000261157
0.000261182
0.000261194
0.000261193
0.000261178
0.000261146
0.000261096
0.000261024
0.000260928
0.00026081
0.000115515
0.000182607
0.000190246
0.000228179
0.000199187
0.000179317
0.000190335
0.00022688
0.000266501
0.000288977
0.000296264
0.000294628
0.000291575
0.000289609
0.000288645
0.000288592
0.000289121
0.000289835
0.00029033
0.00029052
0.000290431
0.000290172
0.000289976
0.000289943
0.000290033
0.0002902
0.00029036
0.000290482
0.000290575
0.000290669
0.000290782
0.000290912
0.000291049
0.000291186
0.000291323
0.000291463
0.000291607
0.000291755
0.000291905
0.000292056
0.000292209
0.000292362
0.000292517
0.000292671
0.000292825
0.000292978
0.000293129
0.000293278
0.000293424
0.000293568
0.000293707
0.000293842
0.000293972
0.000294096
0.000294213
0.000294324
0.000294428
0.000294523
0.00029461
0.000294688
0.000294756
0.000294813
0.000294859
0.000294893
0.000294915
0.000294923
0.000294917
0.000294895
0.000294857
0.000294803
0.000294729
0.000294633
0.000294512
0.000294363
0.000294186
0.000133348
0.000200036
0.000212718
0.00025521
0.000218644
0.000200666
0.000218492
0.000261435
0.000302644
0.000325225
0.000332389
0.000330695
0.000327556
0.000325619
0.000324701
0.00032471
0.000325284
0.000326002
0.000326463
0.000326602
0.000326463
0.000326172
0.000325972
0.000325948
0.000326055
0.000326235
0.000326401
0.000326524
0.000326619
0.000326718
0.000326838
0.000326976
0.00032712
0.000327263
0.000327405
0.00032755
0.000327698
0.00032785
0.000328003
0.000328156
0.00032831
0.000328465
0.000328619
0.000328772
0.000328923
0.000329072
0.000329219
0.000329363
0.000329502
0.000329637
0.000329767
0.000329891
0.000330009
0.000330119
0.000330221
0.000330315
0.000330399
0.000330474
0.000330539
0.000330592
0.000330633
0.000330662
0.000330676
0.000330676
0.000330661
0.00033063
0.000330582
0.000330515
0.000330428
0.000330322
0.000330192
0.000330037
0.000329852
0.000329635
0.000329387
0.000150892
0.000216014
0.000235609
0.000279687
0.000237613
0.000223899
0.000249455
0.000298241
0.00034066
0.00036337
0.000370528
0.000368899
0.000365786
0.000363852
0.000362982
0.000363034
0.000363634
0.000364346
0.000364771
0.000364867
0.000364689
0.000364377
0.000364178
0.000364164
0.000364287
0.00036448
0.000364652
0.000364778
0.000364877
0.000364982
0.00036511
0.000365257
0.000365408
0.000365557
0.000365704
0.000365854
0.000366007
0.000366162
0.000366317
0.000366471
0.000366626
0.000366779
0.00036693
0.00036708
0.000367226
0.000367369
0.000367508
0.000367642
0.000367771
0.000367893
0.000368009
0.000368117
0.000368216
0.000368306
0.000368386
0.000368455
0.000368513
0.000368559
0.000368592
0.000368612
0.000368616
0.000368605
0.000368577
0.000368532
0.000368468
0.000368384
0.00036828
0.000368153
0.000368003
0.000367828
0.000367627
0.000367395
0.000367128
0.000366826
0.000366489
0.000169167
0.000231285
0.000260273
0.000301634
0.000256905
0.000249493
0.000283583
0.000337374
0.000380656
0.00040353
0.000410761
0.0004093
0.000406303
0.000404389
0.000403567
0.000403648
0.00040426
0.000404959
0.000405352
0.000405414
0.000405208
0.000404885
0.000404692
0.000404689
0.000404828
0.000405034
0.000405213
0.000405343
0.000405447
0.00040556
0.000405698
0.000405853
0.000406012
0.000406166
0.000406319
0.000406473
0.000406629
0.000406786
0.000406942
0.000407096
0.000407249
0.000407398
0.000407545
0.000407687
0.000407825
0.000407957
0.000408084
0.000408204
0.000408316
0.00040842
0.000408514
0.000408599
0.000408672
0.000408734
0.000408783
0.000408819
0.000408841
0.000408847
0.000408838
0.000408812
0.000408767
0.000408703
0.000408619
0.000408513
0.000408385
0.000408232
0.000408055
0.00040785
0.000407618
0.000407355
0.000407061
0.000406731
0.000406361
0.000405951
0.000405506
0.000189337
0.000246557
0.000288352
0.000321917
0.000277263
0.000277982
0.000320954
0.000378831
0.000422691
0.00044574
0.000453106
0.000451905
0.000449085
0.000447249
0.000446478
0.000446579
0.000447193
0.000447875
0.00044824
0.000448278
0.000448057
0.000447732
0.00044755
0.000447561
0.000447714
0.000447932
0.000448119
0.000448256
0.000448367
0.000448489
0.000448636
0.0004488
0.000448966
0.000449126
0.000449283
0.00044944
0.000449599
0.000449756
0.000449911
0.000450062
0.000450209
0.000450352
0.000450489
0.00045062
0.000450744
0.000450861
0.000450969
0.000451068
0.000451157
0.000451234
0.000451299
0.000451352
0.00045139
0.000451413
0.00045142
0.000451411
0.000451384
0.000451338
0.000451272
0.000451185
0.000451076
0.000450943
0.000450785
0.000450601
0.000450389
0.000450148
0.000449876
0.000449572
0.000449234
0.00044886
0.000448448
0.000447994
0.000447495
0.000446951
0.000446371
0.00021255
0.000262372
0.000317012
0.000341253
0.00029951
0.000309647
0.000361328
0.000422561
0.000466751
0.000489966
0.000497519
0.000496663
0.000494089
0.000492376
0.000491666
0.000491783
0.000492394
0.000493056
0.000493397
0.000493421
0.000493195
0.000492879
0.000492713
0.000492739
0.000492907
0.000493138
0.000493334
0.000493479
0.000493598
0.000493729
0.000493886
0.000494058
0.00049423
0.000494395
0.000494555
0.000494714
0.000494872
0.000495027
0.000495178
0.000495322
0.00049546
0.000495591
0.000495714
0.000495828
0.000495932
0.000496025
0.000496107
0.000496177
0.000496233
0.000496274
0.0004963
0.000496309
0.0004963
0.000496272
0.000496224
0.000496155
0.000496063
0.000495949
0.00049581
0.000495644
0.000495451
0.000495229
0.000494976
0.000494691
0.000494373
0.000494019
0.000493628
0.000493197
0.000492726
0.000492211
0.000491652
0.000491043
0.000490383
0.000489673
0.000488924
0.000239923
0.00027947
0.000344384
0.000360247
0.000324151
0.000344512
0.00040461
0.000468436
0.000512749
0.000536099
0.00054388
0.000543443
0.000541182
0.000539634
0.000538998
0.000539133
0.000539735
0.000540376
0.0005407
0.000540717
0.000540499
0.000540201
0.000540057
0.0005401
0.000540283
0.000540525
0.000540732
0.000540886
0.000541015
0.000541155
0.00054132
0.000541499
0.000541676
0.000541844
0.000542004
0.000542162
0.000542317
0.000542466
0.000542607
0.000542739
0.000542862
0.000542975
0.000543077
0.000543166
0.000543242
0.000543304
0.00054335
0.000543379
0.000543391
0.000543384
0.000543357
0.000543309
0.000543238
0.000543143
0.000543023
0.000542876
0.000542702
0.000542499
0.000542265
0.000542
0.0005417
0.000541364
0.000540991
0.000540579
0.000540126
0.00053963
0.000539088
0.000538499
0.000537861
0.000537172
0.000536429
0.000535628
0.000534769
0.000533853
0.000532893
0.000272467
0.000300585
0.000374274
0.000379755
0.000351538
0.000382765
0.000450626
0.00051625
0.00056052
0.000583956
0.000591996
0.000592013
0.000590129
0.000588786
0.000588245
0.0005884
0.00058899
0.000589611
0.00058992
0.000589941
0.00058974
0.00058947
0.000589354
0.000589415
0.000589613
0.000589867
0.000590083
0.000590248
0.000590386
0.000590535
0.000590707
0.000590891
0.00059107
0.000591237
0.000591395
0.000591547
0.000591693
0.000591831
0.000591957
0.00059207
0.000592171
0.000592257
0.000592329
0.000592384
0.000592421
0.000592439
0.000592437
0.000592413
0.000592367
0.000592297
0.000592201
0.000592078
0.000591926
0.000591745
0.000591532
0.000591287
0.000591007
0.000590692
0.000590339
0.000589946
0.000589511
0.000589033
0.000588509
0.000587938
0.000587317
0.000586643
0.000585915
0.00058513
0.000584286
0.00058338
0.00058241
0.000581374
0.000580269
0.000579099
0.000577877
0.000311006
0.000329851
0.000403179
0.000400727
0.000381969
0.00042456
0.000499048
0.000565724
0.000609797
0.000633276
0.000641643
0.000642029
0.000640578
0.000639483
0.00063906
0.000639239
0.000639816
0.000640414
0.000640715
0.000640747
0.000640573
0.000640339
0.000640254
0.000640335
0.000640547
0.000640812
0.000641038
0.000641212
0.00064136
0.000641516
0.000641692
0.000641877
0.000642054
0.000642216
0.000642366
0.000642507
0.000642637
0.000642755
0.000642858
0.000642944
0.000643012
0.000643062
0.000643091
0.000643099
0.000643084
0.000643044
0.000642978
0.000642885
0.000642763
0.000642611
0.000642426
0.000642208
0.000641954
0.000641663
0.000641333
0.000640963
0.00064055
0.000640093
0.00063959
0.000639038
0.000638436
0.00063778
0.000637069
0.0006363
0.000635471
0.000634578
0.00063362
0.000632593
0.000631496
0.000630325
0.000629078
0.000627752
0.000626346
0.000624863
0.000623316
0.000356123
0.000362549
0.000435756
0.000424005
0.000415642
0.000469701
0.000549415
0.00061647
0.000660159
0.000683599
0.000692367
0.00069302
0.000692047
0.000691238
0.000690953
0.000691163
0.000691727
0.000692302
0.000692597
0.000692645
0.000692508
0.000692318
0.000692267
0.000692368
0.000692593
0.000692867
0.0006931
0.000693283
0.000693437
0.000693597
0.000693773
0.000693954
0.000694123
0.000694273
0.000694407
0.000694528
0.000694634
0.000694723
0.000694791
0.000694837
0.000694861
0.00069486
0.000694832
0.000694777
0.000694692
0.000694577
0.000694428
0.000694245
0.000694026
0.000693768
0.000693471
0.000693131
0.000692748
0.000692318
0.000691842
0.000691315
0.000690736
0.000690103
0.000689414
0.000688665
0.000687854
0.000686979
0.000686037
0.000685025
0.000683941
0.00068278
0.00068154
0.000680218
0.000678811
0.000677317
0.000675731
0.000674053
0.000672279
0.000670413
0.000668462
0.000408527
0.000398651
0.000471769
0.000449798
0.000452556
0.000517536
0.000601179
0.000667963
0.000710981
0.000734191
0.000743208
0.00074436
0.000743895
0.000743401
0.000743272
0.00074352
0.000744071
0.000744623
0.000744915
0.000744981
0.000744887
0.000744751
0.000744726
0.000744848
0.000745083
0.000745361
0.000745599
0.000745786
0.000745943
0.000746102
0.000746271
0.00074644
0.000746593
0.000746722
0.00074683
0.00074692
0.000746989
0.000747035
0.000747055
0.000747046
0.000747008
0.000746939
0.000746836
0.000746698
0.000746523
0.000746309
0.000746053
0.000745755
0.000745412
0.000745021
0.000744581
0.000744089
0.000743544
0.000742942
0.000742281
0.00074156
0.000740776
0.000739925
0.000739006
0.000738014
0.000736948
0.000735804
0.000734579
0.00073327
0.000731874
0.000730386
0.000728803
0.000727122
0.00072534
0.000723452
0.000721457
0.00071935
0.000717129
0.000714793
0.000712345
0.000469251
0.00045378
0.000507513
0.000478047
0.000492532
0.000567469
0.000653698
0.000719557
0.000761557
0.000784335
0.000793565
0.000795288
0.000795302
0.000795128
0.00079516
0.000795452
0.000795991
0.00079652
0.000796815
0.000796891
0.000796843
0.000796762
0.000796761
0.000796902
0.000797143
0.00079742
0.000797656
0.000797841
0.000797995
0.000798144
0.000798297
0.000798444
0.000798568
0.000798664
0.000798733
0.000798776
0.000798793
0.000798779
0.000798731
0.000798648
0.000798528
0.000798368
0.000798166
0.00079792
0.000797628
0.000797287
0.000796896
0.000796452
0.000795952
0.000795394
0.000794775
0.000794093
0.000793345
0.000792529
0.000791642
0.000790681
0.000789643
0.000788524
0.000787323
0.000786035
0.000784656
0.000783184
0.000781615
0.000779944
0.000778169
0.000776284
0.000774285
0.00077217
0.000769933
0.000767571
0.00076508
0.000762454
0.000759692
0.000756789
0.000538388
0.000511154
0.00054143
0.000508597
0.000535018
0.000618787
0.000706218
0.000770484
0.000811088
0.000833234
0.000842676
0.000845051
0.000845278
0.000845384
0.000845521
0.000845856
0.000846378
0.000846878
0.000847168
0.000847263
0.000847255
0.000847222
0.000847252
0.000847407
0.000847649
0.000847915
0.000848141
0.000848316
0.000848455
0.000848584
0.000848708
0.000848818
0.000848898
0.000848944
0.000848955
0.000848933
0.000848876
0.00084878
0.000848642
0.000848459
0.00084823
0.000847951
0.000847621
0.000847236
0.000846794
0.000846293
0.000845729
0.0008451
0.000844404
0.000843637
0.000842795
0.000841878
0.00084088
0.000839799
0.000838633
0.000837377
0.000836028
0.000834582
0.000833036
0.000831386
0.000829628
0.000827757
0.00082577
0.000823662
0.000821428
0.000819063
0.000816563
0.000813924
0.000811139
0.000808205
0.000805116
0.000801867
0.000798453
0.000794872
0.000615897
0.00056876
0.00057436
0.000541548
0.00057973
0.000670651
0.000757838
0.000819721
0.000858389
0.000879543
0.000888958
0.000891837
0.000892526
0.00089275
0.000892972
0.000893346
0.000893846
0.000894311
0.000894591
0.000894702
0.000894727
0.000894732
0.000894788
0.000894949
0.000895179
0.000895425
0.000895627
0.000895777
0.000895888
0.000895979
0.000896057
0.00089611
0.000896126
0.0008961
0.00089603
0.000895917
0.00089576
0.000895554
0.000895295
0.000894981
0.000894609
0.000894177
0.000893682
0.000893119
0.000892487
0.000891783
0.000891002
0.000890143
0.000889201
0.000888174
0.000887057
0.000885848
0.000884542
0.000883137
0.000881627
0.000880011
0.000878283
0.000876439
0.000874474
0.000872385
0.000870167
0.000867814
0.000865321
0.000862685
0.000859899
0.000856957
0.000853853
0.000850584
0.000847141
0.00084352
0.000839713
0.000835715
0.000831519
0.000827123
0.000701581
0.000626515
0.00060756
0.000576756
0.000626208
0.000722102
0.00080751
0.000866079
0.00090206
0.000921699
0.000930733
0.000933904
0.000934968
0.000935432
0.000935785
0.000936194
0.000936665
0.000937087
0.000937352
0.000937477
0.000937521
0.000937536
0.000937606
0.000937757
0.000937959
0.000938167
0.000938328
0.000938434
0.000938495
0.000938528
0.000938534
0.000938506
0.000938431
0.000938303
0.000938122
0.000937887
0.000937595
0.000937243
0.000936826
0.000936342
0.000935787
0.000935158
0.000934451
0.000933664
0.000932792
0.000931832
0.000930781
0.000929634
0.000928388
0.000927039
0.000925582
0.000924015
0.000922331
0.000920528
0.000918601
0.000916546
0.000914357
0.000912029
0.000909558
0.000906938
0.000904164
0.000901229
0.000898129
0.000894858
0.000891407
0.000887772
0.000883945
0.00087992
0.000875689
0.000871245
0.000866579
0.000861684
0.000856552
0.000851175
0.000794444
0.000683912
0.000641517
0.000613985
0.000673648
0.000772052
0.000854016
0.000908133
0.000940506
0.000957977
0.000966198
0.00096941
0.000970714
0.000971373
0.000971829
0.000972251
0.000972676
0.000973039
0.000973271
0.000973392
0.00097344
0.000973464
0.000973529
0.000973649
0.000973799
0.000973941
0.000974035
0.000974072
0.000974056
0.000973999
0.000973903
0.000973759
0.000973557
0.000973292
0.000972961
0.000972563
0.000972094
0.000971551
0.00097093
0.000970226
0.000969436
0.000968556
0.000967583
0.000966512
0.00096534
0.000964061
0.000962673
0.00096117
0.000959548
0.000957803
0.000955929
0.000953923
0.000951779
0.000949492
0.000947057
0.000944468
0.000941721
0.000938809
0.000935726
0.000932467
0.000929024
0.000925391
0.000921562
0.000917528
0.000913283
0.000908818
0.000904126
0.000899198
0.000894026
0.000888599
0.000882908
0.000876942
0.000870691
0.000864143
0.000891379
0.000740565
0.00067652
0.000652779
0.000720833
0.000819269
0.000895951
0.000944228
0.00097188
0.000986334
0.000993141
0.000996002
0.000997301
0.000998029
0.000998508
0.000998896
0.000999243
0.000999524
0.000999704
0.0009998
0.00099984
0.000999857
0.000999892
0.000999951
0.00100001
0.00100006
0.00100005
0.000999975
0.000999845
0.00099966
0.000999419
0.000999115
0.000998741
0.00099829
0.00099776
0.000997148
0.000996449
0.00099566
0.000994775
0.000993791
0.000992703
0.000991508
0.0009902
0.000988774
0.000987227
0.000985554
0.000983748
0.000981806
0.000979723
0.000977492
0.000975109
0.000972568
0.000969863
0.000966989
0.000963939
0.000960707
0.000957286
0.000953671
0.000949853
0.000945825
0.000941581
0.000937112
0.00093241
0.000927466
0.000922272
0.000916819
0.000911096
0.000905093
0.0008988
0.000892205
0.000885296
0.000878059
0.000870481
0.000862544
0.000993289
0.000796681
0.000712552
0.000692502
0.000766633
0.000862384
0.000931715
0.000972487
0.000994034
0.00100438
0.00100895
0.00101087
0.0010118
0.00101234
0.00101269
0.00101296
0.00101318
0.00101335
0.00101345
0.0010135
0.00101351
0.00101349
0.00101346
0.00101342
0.00101335
0.00101324
0.00101308
0.00101285
0.00101255
0.00101219
0.00101175
0.00101123
0.00101062
0.00100993
0.00100913
0.00100824
0.00100725
0.00100614
0.00100492
0.00100358
0.00100212
0.00100053
0.000998804
0.000996939
0.000994928
0.000992767
0.000990449
0.000987969
0.000985321
0.000982499
0.000979496
0.000976307
0.000972923
0.000969339
0.000965548
0.000961542
0.000957313
0.000952853
0.000948155
0.00094321
0.000938009
0.000932542
0.000926801
0.000920775
0.000914454
0.000907826
0.000900881
0.000893605
0.000885987
0.000878011
0.000869663
0.000860928
0.000851788
0.000842224
0.00111169
0.000855408
0.000749752
0.000732379
0.000809787
0.00089987
0.000959481
0.000990742
0.00100448
0.00100931
0.00101055
0.00101072
0.0010107
0.00101067
0.00101064
0.00101064
0.00101064
0.00101064
0.00101063
0.00101061
0.00101055
0.00101046
0.00101033
0.00101014
0.00100989
0.00100958
0.0010092
0.00100874
0.00100821
0.00100759
0.00100688
0.00100607
0.00100516
0.00100414
0.001003
0.00100175
0.00100038
0.000998872
0.00099723
0.000995447
0.000993517
0.000991433
0.000989189
0.00098678
0.000984199
0.00098144
0.000978497
0.000975361
0.000972028
0.000968489
0.000964737
0.000960765
0.000956565
0.000952129
0.000947449
0.000942516
0.000937322
0.000931856
0.00092611
0.000920074
0.000913737
0.000907089
0.000900118
0.000892812
0.00088516
0.000877149
0.000868764
0.000859993
0.000850818
0.000841225
0.000831196
0.000820713
0.000809757
0.000798307
0.00125756
0.000924114
0.000787945
0.000771452
0.000848918
0.000930018
0.00097719
0.000996527
0.00100039
0.000997943
0.000994406
0.000991732
0.000989939
0.000988736
0.000987941
0.000987412
0.000987046
0.000986793
0.000986624
0.000986491
0.000986349
0.000986155
0.000985869
0.000985476
0.00098498
0.000984389
0.000983712
0.000982947
0.000982087
0.00098112
0.000980041
0.000978847
0.000977534
0.000976095
0.000974523
0.000972811
0.000970953
0.000968941
0.000966771
0.000964433
0.000961923
0.000959231
0.000956352
0.000953278
0.000950002
0.000946516
0.000942813
0.000938886
0.000934726
0.000930324
0.000925674
0.000920766
0.00091559
0.000910139
0.000904402
0.000898369
0.00089203
0.000885375
0.000878392
0.00087107
0.000863397
0.00085536
0.000846947
0.000838144
0.000828937
0.000819312
0.000809252
0.000798743
0.000787766
0.000776303
0.000764338
0.000751849
0.000738816
0.000725218
0.00142392
0.00100344
0.000826959
0.000808467
0.000882484
0.000950917
0.000982498
0.000987074
0.000978548
0.000966665
0.000956538
0.000949559
0.000944864
0.000941649
0.000939485
0.000938036
0.000937053
0.0009364
0.000935989
0.000935701
0.000935436
0.000935106
0.000934631
0.000933981
0.000933165
0.000932212
0.000931147
0.000929969
0.000928672
0.000927243
0.000925676
0.000923972
0.000922134
0.000920154
0.000918019
0.000915723
0.000913257
0.000910613
0.000907785
0.000904764
0.00090154
0.000898107
0.000894454
0.000890574
0.000886459
0.000882098
0.000877485
0.00087261
0.000867463
0.000862036
0.000856319
0.000850303
0.000843976
0.000837328
0.000830349
0.000823027
0.00081535
0.000807306
0.000798882
0.000790065
0.000780843
0.000771199
0.000761121
0.000750592
0.000739598
0.000728123
0.000716149
0.000703659
0.000690635
0.00067706
0.000662913
0.000648176
0.000632825
0.00061684
0.00160252
0.00109173
0.000866265
0.000842459
0.000908772
0.000960434
0.000972799
0.000959306
0.00093544
0.000911522
0.000892568
0.000879425
0.000870326
0.000863937
0.000859549
0.000856581
0.000854588
0.000853292
0.000852498
0.00085198
0.000851553
0.000851061
0.000850367
0.000849419
0.000848225
0.000846819
0.000845261
0.000843556
0.000841694
0.000839663
0.000837462
0.000835096
0.000832573
0.0008299
0.000827055
0.000824024
0.0008208
0.000817374
0.000813737
0.00080988
0.000805792
0.000801462
0.000796881
0.000792038
0.000786922
0.000781525
0.000775835
0.000769843
0.000763539
0.000756912
0.000749951
0.000742645
0.000734982
0.000726952
0.000718541
0.000709737
0.000700527
0.000690897
0.000680833
0.00067032
0.000659343
0.000647886
0.000635933
0.000623467
0.000610471
0.000596928
0.000582821
0.000568132
0.000552846
0.000536945
0.000520412
0.00050323
0.000485376
0.00046683
0.00179038
0.00118721
0.000905204
0.000872248
0.000925882
0.000956214
0.000945248
0.000909912
0.000867312
0.000828343
0.000797907
0.000776308
0.00076091
0.000749823
0.00074204
0.000736698
0.000733101
0.000730773
0.00072936
0.000728483
0.000727831
0.00072715
0.000726223
0.000724956
0.000723347
0.000721432
0.000719272
0.000716917
0.000714353
0.000711567
0.000708564
0.000705362
0.000701975
0.000698408
0.000694674
0.000690734
0.000686577
0.000682195
0.000677578
0.000672714
0.000667591
0.000662195
0.000656515
0.00065054
0.000644255
0.000637649
0.000630711
0.000623428
0.00061579
0.000607785
0.000599402
0.000590628
0.000581452
0.000571862
0.000561844
0.000551385
0.00054047
0.000529086
0.000517216
0.000504843
0.000491954
0.000478526
0.000464538
0.000449965
0.000434782
0.000418961
0.000402474
0.000385292
0.000367389
0.00034874
0.000329327
0.000309138
0.000288168
0.000266427
0.00198611
0.00128823
0.000942805
0.000896385
0.000931744
0.000935726
0.000896879
0.000835528
0.00077047
0.000713109
0.000668192
0.000635456
0.00061149
0.000593819
0.000581137
0.000572269
0.000566224
0.000562277
0.000559864
0.000558403
0.000557414
0.000556501
0.000555337
0.000553761
0.000551736
0.000549291
0.000546486
0.000543357
0.000539957
0.000536263
0.000532286
0.000528056
0.000523603
0.000518941
0.000514075
0.000509023
0.000503732
0.000498194
0.000492397
0.000486328
0.000479971
0.00047331
0.000466328
0.00045901
0.000451342
0.000443303
0.000434878
0.000426052
0.00041681
0.000407138
0.000397021
0.000386444
0.000375394
0.000363856
0.000351816
0.000339261
0.000326183
0.000312574
0.000298427
0.00028374
0.000268561
0.000252909
0.000236798
0.000220245
0.000203277
0.000185931
0.000168261
0.00015035
0.000132326
0.000114384
9.68067e-05
7.99708e-05
6.43296e-05
5.03754e-05
0.0021899
0.00138893
0.000978023
0.000913065
0.000924174
0.000896451
0.000824991
0.000733452
0.000642285
0.000563249
0.000500762
0.000453925
0.00041874
0.000392153
0.000372604
0.000358625
0.000348912
0.000342456
0.000338436
0.000336015
0.00033449
0.000333277
0.000331884
0.000330044
0.000327657
0.000324717
0.000321275
0.000317355
0.00031299
0.000308256
0.000303154
0.000297732
0.00029204
0.000286115
0.000279974
0.000273641
0.000267139
0.00026041
0.00025345
0.000246254
0.000238811
0.00023111
0.000223142
0.0002149
0.000206376
0.000197569
0.00018847
0.000179084
0.000169418
0.000159483
0.000149299
0.000138892
0.000128302
0.000117572
0.000106767
9.59782e-05
8.53171e-05
7.49179e-05
6.49307e-05
5.55151e-05
4.68222e-05
3.89762e-05
3.20627e-05
2.61186e-05
2.11297e-05
1.70361e-05
1.37436e-05
1.11403e-05
9.11051e-06
7.54531e-06
6.34853e-06
5.44229e-06
4.75788e-06
4.24051e-06
0.00240191
0.00148852
0.00100951
0.000920338
0.00090123
0.000836932
0.000729746
0.000607197
0.000491471
0.000394161
0.000318154
0.000260753
0.000217179
0.000183699
0.000158637
0.000140466
0.000127765
0.000119351
0.000114203
0.000111292
0.000109751
0.000108853
0.000107991
0.000106804
0.000105124
0.000102898
0.000100156
9.69123e-05
9.31961e-05
8.90837e-05
8.46982e-05
8.00982e-05
7.53718e-05
7.05945e-05
6.58269e-05
6.11197e-05
5.65422e-05
5.21265e-05
4.78515e-05
4.374e-05
3.98107e-05
3.60794e-05
3.25586e-05
2.92591e-05
2.61888e-05
2.33541e-05
2.07581e-05
1.83967e-05
1.62669e-05
1.43621e-05
1.26725e-05
1.11849e-05
9.88488e-06
8.75675e-06
7.78415e-06
6.9507e-06
6.2405e-06
5.63865e-06
5.13321e-06
4.70914e-06
4.3542e-06
4.05835e-06
3.81284e-06
3.61012e-06
3.44366e-06
3.30787e-06
3.19782e-06
3.10935e-06
3.03891e-06
2.98347e-06
2.94044e-06
2.90757e-06
2.88294e-06
2.86497e-06
0.0026217
0.00158665
0.00103591
0.000916627
0.00086201
0.000758698
0.00061782
0.000471733
0.000343492
0.000241835
0.000165273
0.000109256
7.03591e-05
4.53972e-05
3.07162e-05
2.24148e-05
1.7732e-05
1.50956e-05
1.36523e-05
1.29048e-05
1.25608e-05
1.2427e-05
1.23584e-05
1.22651e-05
1.20989e-05
1.18395e-05
1.14887e-05
1.10514e-05
1.05394e-05
9.9703e-06
9.37537e-06
8.78248e-06
8.20598e-06
7.65819e-06
7.14671e-06
6.67583e-06
6.24735e-06
5.86491e-06
5.52297e-06
5.21481e-06
4.93777e-06
4.6891e-06
4.46611e-06
4.2663e-06
4.08737e-06
3.9273e-06
3.78445e-06
3.65718e-06
3.54386e-06
3.44334e-06
3.35456e-06
3.27647e-06
3.20815e-06
3.14874e-06
3.09741e-06
3.05338e-06
3.01593e-06
2.98436e-06
2.95803e-06
2.9363e-06
2.91861e-06
2.90443e-06
2.89329e-06
2.88476e-06
2.87846e-06
2.87404e-06
2.87119e-06
2.86965e-06
2.86919e-06
2.86961e-06
2.87074e-06
2.87245e-06
2.87462e-06
2.87716e-06
0.00284845
0.00168264
0.00105592
0.000900902
0.00080737
0.000666865
0.00050074
0.00034487
0.000218486
0.000124022
6.13869e-05
2.88509e-05
1.48297e-05
8.96538e-06
6.36342e-06
5.10905e-06
4.45828e-06
4.10571e-06
3.91359e-06
3.81162e-06
3.76214e-06
3.74226e-06
3.73577e-06
3.73211e-06
3.72466e-06
3.70956e-06
3.68527e-06
3.65111e-06
3.60749e-06
3.5558e-06
3.49845e-06
3.4393e-06
3.38085e-06
3.32459e-06
3.27168e-06
3.22286e-06
3.17857e-06
3.13896e-06
3.10446e-06
3.07415e-06
3.04746e-06
3.02408e-06
3.00368e-06
2.98597e-06
2.97066e-06
2.95748e-06
2.9462e-06
2.93665e-06
2.92861e-06
2.92191e-06
2.91643e-06
2.91202e-06
2.90858e-06
2.906e-06
2.90417e-06
2.90302e-06
2.90244e-06
2.90237e-06
2.90274e-06
2.90349e-06
2.90456e-06
2.9059e-06
2.90747e-06
2.90924e-06
2.91118e-06
2.91325e-06
2.91544e-06
2.91773e-06
2.92011e-06
2.92256e-06
2.92507e-06
2.92765e-06
2.93027e-06
2.93295e-06
0.00308123
0.00177556
0.00106839
0.000872961
0.000740024
0.00056875
0.000389726
0.000237046
0.00012122
4.83132e-05
1.80339e-05
8.45984e-06
5.253e-06
4.02707e-06
3.49932e-06
3.25328e-06
3.1313e-06
3.06818e-06
3.03478e-06
3.01704e-06
3.00802e-06
3.00395e-06
3.00248e-06
3.00215e-06
3.00195e-06
3.00121e-06
2.99956e-06
2.99672e-06
2.99265e-06
2.98745e-06
2.98142e-06
2.97494e-06
2.96854e-06
2.96247e-06
2.95691e-06
2.95199e-06
2.94776e-06
2.94423e-06
2.94138e-06
2.9392e-06
2.93755e-06
2.93636e-06
2.93557e-06
2.93513e-06
2.93499e-06
2.93511e-06
2.93546e-06
2.93601e-06
2.93672e-06
2.93759e-06
2.93858e-06
2.93969e-06
2.9409e-06
2.9422e-06
2.94358e-06
2.94503e-06
2.94654e-06
2.94811e-06
2.94973e-06
2.95139e-06
2.9531e-06
2.95484e-06
2.95662e-06
2.95844e-06
2.96028e-06
2.96216e-06
2.96407e-06
2.966e-06
2.96797e-06
2.96996e-06
2.97198e-06
2.97403e-06
2.97611e-06
2.97821e-06
0.00107251
0.000833548
0.00066402
0.000471645
0.000291757
0.000149865
5.51143e-05
1.69446e-05
7.05717e-06
4.38639e-06
3.50618e-06
3.18127e-06
3.05399e-06
3.00213e-06
2.98037e-06
2.97107e-06
2.96707e-06
2.96536e-06
2.96469e-06
2.9645e-06
2.96454e-06
2.9647e-06
2.9649e-06
2.96509e-06
2.96526e-06
2.96538e-06
2.96545e-06
2.96547e-06
2.96549e-06
2.96554e-06
2.96566e-06
2.96588e-06
2.96622e-06
2.96667e-06
2.96725e-06
2.96792e-06
2.96869e-06
2.96953e-06
2.97042e-06
2.97136e-06
2.97235e-06
2.97336e-06
2.97441e-06
2.97548e-06
2.97657e-06
2.97768e-06
2.97882e-06
2.97997e-06
2.98114e-06
2.98233e-06
2.98354e-06
2.98477e-06
2.98603e-06
2.9873e-06
2.98859e-06
2.9899e-06
2.99124e-06
2.99259e-06
2.99396e-06
2.99535e-06
2.99676e-06
2.99819e-06
2.99964e-06
3.00111e-06
3.0026e-06
3.00412e-06
3.00565e-06
3.0072e-06
3.00878e-06
3.01037e-06
3.01199e-06
3.01362e-06
0.00106787
0.000784243
0.000583865
0.000381053
0.000208826
8.3357e-05
2.25416e-05
7.55869e-06
4.27902e-06
3.39367e-06
3.116e-06
3.02628e-06
2.99873e-06
2.99143e-06
2.99059e-06
2.99161e-06
2.99295e-06
2.99412e-06
2.99503e-06
2.99567e-06
2.99612e-06
2.99644e-06
2.99668e-06
2.99688e-06
2.99708e-06
2.99732e-06
2.99761e-06
2.99797e-06
2.99843e-06
2.99897e-06
2.9996e-06
3.00031e-06
3.0011e-06
3.00194e-06
3.00282e-06
3.00374e-06
3.00468e-06
3.00563e-06
3.00658e-06
3.00752e-06
3.00845e-06
3.00939e-06
3.01032e-06
3.01126e-06
3.01219e-06
3.01312e-06
3.01406e-06
3.015e-06
3.01594e-06
3.0169e-06
3.01786e-06
3.01884e-06
3.01982e-06
3.02082e-06
3.02183e-06
3.02286e-06
3.0239e-06
3.02495e-06
3.02602e-06
3.0271e-06
3.0282e-06
3.02931e-06
3.03044e-06
3.03158e-06
3.03274e-06
3.03391e-06
3.0351e-06
3.03631e-06
3.03753e-06
3.03876e-06
3.04002e-06
3.04128e-06
0.00105441
0.000727231
0.000503728
0.000300025
0.000140199
4.08047e-05
1.04054e-05
4.68995e-06
3.44616e-06
3.12295e-06
3.03554e-06
3.01497e-06
3.01296e-06
3.01539e-06
3.01842e-06
3.02107e-06
3.02314e-06
3.0247e-06
3.02582e-06
3.02661e-06
3.02716e-06
3.02754e-06
3.0278e-06
3.02799e-06
3.02815e-06
3.02832e-06
3.02853e-06
3.02879e-06
3.02912e-06
3.02953e-06
3.03002e-06
3.03058e-06
3.03121e-06
3.03189e-06
3.03261e-06
3.03336e-06
3.03414e-06
3.03492e-06
3.03571e-06
3.03649e-06
3.03726e-06
3.03802e-06
3.03878e-06
3.03954e-06
3.04029e-06
3.04103e-06
3.04178e-06
3.04252e-06
3.04327e-06
3.04402e-06
3.04477e-06
3.04553e-06
3.0463e-06
3.04708e-06
3.04787e-06
3.04867e-06
3.04947e-06
3.05029e-06
3.05112e-06
3.05195e-06
3.0528e-06
3.05366e-06
3.05454e-06
3.05542e-06
3.05632e-06
3.05722e-06
3.05814e-06
3.05907e-06
3.06002e-06
3.06097e-06
3.06194e-06
3.06292e-06
0.00103249
0.000665001
0.000426975
0.000229534
8.59753e-05
1.95625e-05
6.0762e-06
3.68958e-06
3.17442e-06
3.05597e-06
3.03252e-06
3.03193e-06
3.0359e-06
3.04003e-06
3.04343e-06
3.04609e-06
3.04812e-06
3.04963e-06
3.05075e-06
3.05155e-06
3.05212e-06
3.05252e-06
3.0528e-06
3.05299e-06
3.05314e-06
3.05327e-06
3.05341e-06
3.05358e-06
3.05379e-06
3.05406e-06
3.05439e-06
3.05478e-06
3.05523e-06
3.05574e-06
3.05628e-06
3.05686e-06
3.05746e-06
3.05808e-06
3.05871e-06
3.05934e-06
3.05997e-06
3.06058e-06
3.06119e-06
3.0618e-06
3.0624e-06
3.06299e-06
3.06359e-06
3.06418e-06
3.06477e-06
3.06535e-06
3.06594e-06
3.06654e-06
3.06713e-06
3.06774e-06
3.06835e-06
3.06896e-06
3.06959e-06
3.07022e-06
3.07086e-06
3.0715e-06
3.07216e-06
3.07282e-06
3.07349e-06
3.07417e-06
3.07486e-06
3.07556e-06
3.07627e-06
3.07698e-06
3.07771e-06
3.07844e-06
3.07918e-06
3.07993e-06
0.00100213
0.000599736
0.000355684
0.000169038
4.81563e-05
1.04481e-05
4.39447e-06
3.30869e-06
3.08924e-06
3.04942e-06
3.04719e-06
3.05182e-06
3.05674e-06
3.0608e-06
3.06398e-06
3.06642e-06
3.06829e-06
3.0697e-06
3.07076e-06
3.07155e-06
3.07212e-06
3.07253e-06
3.07282e-06
3.07302e-06
3.07316e-06
3.07327e-06
3.07337e-06
3.07348e-06
3.07361e-06
3.07378e-06
3.07399e-06
3.07425e-06
3.07456e-06
3.07491e-06
3.07531e-06
3.07573e-06
3.07619e-06
3.07667e-06
3.07716e-06
3.07766e-06
3.07816e-06
3.07866e-06
3.07915e-06
3.07963e-06
3.08011e-06
3.08059e-06
3.08106e-06
3.08153e-06
3.08199e-06
3.08246e-06
3.08292e-06
3.08338e-06
3.08384e-06
3.08431e-06
3.08478e-06
3.08525e-06
3.08573e-06
3.08621e-06
3.0867e-06
3.08719e-06
3.08769e-06
3.0882e-06
3.08871e-06
3.08923e-06
3.08975e-06
3.09028e-06
3.09082e-06
3.09136e-06
3.09192e-06
3.09247e-06
3.09304e-06
3.09361e-06
0.000963092
0.00053367
0.000291207
0.000117961
2.60216e-05
6.57928e-06
3.67918e-06
3.16089e-06
3.06967e-06
3.06014e-06
3.06459e-06
3.07029e-06
3.07511e-06
3.07893e-06
3.08191e-06
3.08423e-06
3.08601e-06
3.08737e-06
3.08839e-06
3.08915e-06
3.08971e-06
3.0901e-06
3.09037e-06
3.09054e-06
3.09065e-06
3.09071e-06
3.09075e-06
3.09079e-06
3.09083e-06
3.09089e-06
3.09099e-06
3.09112e-06
3.09129e-06
3.09151e-06
3.09176e-06
3.09206e-06
3.09238e-06
3.09273e-06
3.0931e-06
3.09348e-06
3.09387e-06
3.09427e-06
3.09465e-06
3.09504e-06
3.09542e-06
3.09579e-06
3.09616e-06
3.09653e-06
3.09689e-06
3.09725e-06
3.0976e-06
3.09795e-06
3.0983e-06
3.09864e-06
3.09899e-06
3.09935e-06
3.0997e-06
3.10005e-06
3.10041e-06
3.10078e-06
3.10114e-06
3.10151e-06
3.10189e-06
3.10227e-06
3.10265e-06
3.10304e-06
3.10343e-06
3.10383e-06
3.10423e-06
3.10464e-06
3.10505e-06
3.10546e-06
0.000916501
0.000469054
0.000233818
7.70296e-05
1.46884e-05
4.8365e-06
3.35861e-06
3.10804e-06
3.07389e-06
3.07623e-06
3.08302e-06
3.08924e-06
3.0944e-06
3.09859e-06
3.102e-06
3.10475e-06
3.10695e-06
3.1087e-06
3.11002e-06
3.11101e-06
3.11174e-06
3.11225e-06
3.11258e-06
3.11278e-06
3.11287e-06
3.11288e-06
3.11285e-06
3.11279e-06
3.11272e-06
3.11267e-06
3.11264e-06
3.11263e-06
3.11268e-06
3.11276e-06
3.1129e-06
3.11309e-06
3.11331e-06
3.11358e-06
3.11387e-06
3.11419e-06
3.11453e-06
3.11488e-06
3.11523e-06
3.11557e-06
3.11591e-06
3.11623e-06
3.11654e-06
3.11683e-06
3.1171e-06
3.11735e-06
3.11759e-06
3.11781e-06
3.11802e-06
3.11821e-06
3.11839e-06
3.11856e-06
3.11871e-06
3.11886e-06
3.119e-06
3.11913e-06
3.11925e-06
3.11937e-06
3.11949e-06
3.11959e-06
3.1197e-06
3.1198e-06
3.1199e-06
3.11999e-06
3.12009e-06
3.12018e-06
3.12027e-06
3.12037e-06
0.00086398
0.000407547
0.000183089
4.74626e-05
9.15124e-06
3.99775e-06
3.21402e-06
3.09511e-06
3.08634e-06
3.09301e-06
3.1003e-06
3.10633e-06
3.11114e-06
3.11495e-06
3.11794e-06
3.12027e-06
3.12207e-06
3.12344e-06
3.12448e-06
3.12525e-06
3.12581e-06
3.12621e-06
3.12648e-06
3.12665e-06
3.12674e-06
3.12678e-06
3.12677e-06
3.12674e-06
3.12669e-06
3.12664e-06
3.12659e-06
3.12656e-06
3.12654e-06
3.12656e-06
3.1266e-06
3.12667e-06
3.12677e-06
3.12689e-06
3.12704e-06
3.1272e-06
3.12739e-06
3.12758e-06
3.12777e-06
3.12797e-06
3.12816e-06
3.12835e-06
3.12853e-06
3.1287e-06
3.12885e-06
3.129e-06
3.12914e-06
3.12927e-06
3.12939e-06
3.1295e-06
3.1296e-06
3.12969e-06
3.12978e-06
3.12986e-06
3.12994e-06
3.13001e-06
3.13008e-06
3.13014e-06
3.1302e-06
3.13026e-06
3.13031e-06
3.13036e-06
3.13041e-06
3.13046e-06
3.1305e-06
3.13054e-06
3.13058e-06
3.13062e-06
0.000807399
0.00035012
0.000138549
2.85461e-05
6.39741e-06
3.57457e-06
3.15143e-06
3.09806e-06
3.09997e-06
3.10748e-06
3.11398e-06
3.11898e-06
3.12271e-06
3.12548e-06
3.12753e-06
3.12903e-06
3.13014e-06
3.13094e-06
3.13153e-06
3.13195e-06
3.13225e-06
3.13246e-06
3.13261e-06
3.1327e-06
3.13275e-06
3.13277e-06
3.13277e-06
3.13275e-06
3.13272e-06
3.13269e-06
3.13265e-06
3.13262e-06
3.13259e-06
3.13257e-06
3.13256e-06
3.13256e-06
3.13257e-06
3.1326e-06
3.13263e-06
3.13268e-06
3.13273e-06
3.13279e-06
3.13285e-06
3.13291e-06
3.13298e-06
3.13304e-06
3.1331e-06
3.13315e-06
3.1332e-06
3.13325e-06
3.13329e-06
3.13333e-06
3.13337e-06
3.1334e-06
3.13342e-06
3.13345e-06
3.13347e-06
3.13349e-06
3.1335e-06
3.13352e-06
3.13353e-06
3.13354e-06
3.13355e-06
3.13355e-06
3.13356e-06
3.13357e-06
3.13357e-06
3.13358e-06
3.13358e-06
3.13359e-06
3.13359e-06
3.13359e-06
0.000748431
0.000297215
0.000100381
1.75398e-05
4.96607e-06
3.35598e-06
3.12733e-06
3.10616e-06
3.11173e-06
3.11839e-06
3.12344e-06
3.12703e-06
3.12953e-06
3.13124e-06
3.13242e-06
3.13322e-06
3.13378e-06
3.13416e-06
3.13443e-06
3.13461e-06
3.13474e-06
3.13482e-06
3.13487e-06
3.1349e-06
3.13491e-06
3.13491e-06
3.1349e-06
3.13488e-06
3.13485e-06
3.13483e-06
3.1348e-06
3.13477e-06
3.13474e-06
3.13471e-06
3.13469e-06
3.13467e-06
3.13465e-06
3.13464e-06
3.13463e-06
3.13462e-06
3.13462e-06
3.13462e-06
3.13462e-06
3.13463e-06
3.13463e-06
3.13464e-06
3.13464e-06
3.13465e-06
3.13465e-06
3.13466e-06
3.13466e-06
3.13466e-06
3.13466e-06
3.13466e-06
3.13465e-06
3.13465e-06
3.13465e-06
3.13464e-06
3.13463e-06
3.13463e-06
3.13462e-06
3.13461e-06
3.13461e-06
3.1346e-06
3.13459e-06
3.13458e-06
3.13457e-06
3.13456e-06
3.13456e-06
3.13455e-06
3.13454e-06
3.13453e-06
0.000688521
0.000248978
6.93717e-05
1.14207e-05
4.18573e-06
3.24301e-06
3.12073e-06
3.11466e-06
3.12066e-06
3.12582e-06
3.12934e-06
3.13164e-06
3.13311e-06
3.13404e-06
3.13463e-06
3.135e-06
3.13523e-06
3.13538e-06
3.13547e-06
3.13552e-06
3.13555e-06
3.13557e-06
3.13557e-06
3.13556e-06
3.13555e-06
3.13553e-06
3.13551e-06
3.13549e-06
3.13546e-06
3.13543e-06
3.13541e-06
3.13538e-06
3.13535e-06
3.13533e-06
3.1353e-06
3.13527e-06
3.13525e-06
3.13523e-06
3.1352e-06
3.13518e-06
3.13516e-06
3.13514e-06
3.13513e-06
3.13511e-06
3.13509e-06
3.13508e-06
3.13506e-06
3.13505e-06
3.13503e-06
3.13502e-06
3.135e-06
3.13499e-06
3.13497e-06
3.13496e-06
3.13495e-06
3.13493e-06
3.13492e-06
3.1349e-06
3.13489e-06
3.13488e-06
3.13486e-06
3.13485e-06
3.13484e-06
3.13482e-06
3.13481e-06
3.1348e-06
3.13478e-06
3.13477e-06
3.13476e-06
3.13475e-06
3.13473e-06
3.13472e-06
0.000628835
0.0002052
4.61158e-05
8.0253e-06
3.74538e-06
3.18526e-06
3.12138e-06
3.12176e-06
3.12683e-06
3.13046e-06
3.1327e-06
3.13403e-06
3.1348e-06
3.13524e-06
3.13549e-06
3.13562e-06
3.13569e-06
3.13572e-06
3.13572e-06
3.13571e-06
3.1357e-06
3.13567e-06
3.13565e-06
3.13562e-06
3.1356e-06
3.13557e-06
3.13554e-06
3.13551e-06
3.13549e-06
3.13546e-06
3.13543e-06
3.13541e-06
3.13538e-06
3.13535e-06
3.13533e-06
3.1353e-06
3.13527e-06
3.13525e-06
3.13522e-06
3.1352e-06
3.13517e-06
3.13515e-06
3.13512e-06
3.1351e-06
3.13507e-06
3.13505e-06
3.13503e-06
3.135e-06
3.13498e-06
3.13496e-06
3.13494e-06
3.13491e-06
3.13489e-06
3.13487e-06
3.13485e-06
3.13484e-06
3.13482e-06
3.1348e-06
3.13478e-06
3.13477e-06
3.13475e-06
3.13473e-06
3.13472e-06
3.1347e-06
3.13469e-06
3.13467e-06
3.13466e-06
3.13464e-06
3.13463e-06
3.13462e-06
3.1346e-06
3.13459e-06
0.000570224
0.000165579
3.01315e-05
6.09762e-06
3.49126e-06
3.15663e-06
3.12442e-06
3.12701e-06
3.1308e-06
3.13316e-06
3.13446e-06
3.13515e-06
3.1355e-06
3.13566e-06
3.13572e-06
3.13572e-06
3.13571e-06
3.13567e-06
3.13563e-06
3.13559e-06
3.13555e-06
3.13551e-06
3.13547e-06
3.13543e-06
3.1354e-06
3.13536e-06
3.13533e-06
3.1353e-06
3.13527e-06
3.13524e-06
3.13521e-06
3.13518e-06
3.13515e-06
3.13513e-06
3.1351e-06
3.13507e-06
3.13504e-06
3.13502e-06
3.13499e-06
3.13496e-06
3.13494e-06
3.13491e-06
3.13488e-06
3.13485e-06
3.13483e-06
3.1348e-06
3.13477e-06
3.13474e-06
3.13471e-06
3.13469e-06
3.13466e-06
3.13463e-06
3.13461e-06
3.13458e-06
3.13456e-06
3.13454e-06
3.13451e-06
3.13449e-06
3.13447e-06
3.13445e-06
3.13444e-06
3.13442e-06
3.1344e-06
3.13439e-06
3.13437e-06
3.13436e-06
3.13434e-06
3.13433e-06
3.13431e-06
3.1343e-06
3.13429e-06
3.13428e-06
0.000513325
0.000130046
1.98819e-05
4.96828e-06
3.34293e-06
3.14314e-06
3.12772e-06
3.13059e-06
3.13319e-06
3.13459e-06
3.13527e-06
3.13557e-06
3.13567e-06
3.13567e-06
3.13563e-06
3.13557e-06
3.1355e-06
3.13543e-06
3.13536e-06
3.1353e-06
3.13524e-06
3.13519e-06
3.13513e-06
3.13508e-06
3.13504e-06
3.135e-06
3.13496e-06
3.13492e-06
3.13488e-06
3.13485e-06
3.13481e-06
3.13478e-06
3.13475e-06
3.13472e-06
3.13469e-06
3.13466e-06
3.13463e-06
3.1346e-06
3.13457e-06
3.13454e-06
3.13451e-06
3.13447e-06
3.13444e-06
3.13441e-06
3.13438e-06
3.13434e-06
3.13431e-06
3.13428e-06
3.13424e-06
3.13421e-06
3.13417e-06
3.13414e-06
3.1341e-06
3.13407e-06
3.13404e-06
3.13401e-06
3.13398e-06
3.13395e-06
3.13393e-06
3.1339e-06
3.13389e-06
3.13387e-06
3.13385e-06
3.13384e-06
3.13382e-06
3.13381e-06
3.1338e-06
3.13379e-06
3.13378e-06
3.13377e-06
3.13376e-06
3.13375e-06
0.000458579
9.87625e-05
1.35683e-05
4.28648e-06
3.25598e-06
3.13731e-06
3.13047e-06
3.13286e-06
3.1345e-06
3.13525e-06
3.13553e-06
3.13559e-06
3.13554e-06
3.13544e-06
3.13533e-06
3.13522e-06
3.13511e-06
3.13501e-06
3.13491e-06
3.13481e-06
3.13472e-06
3.13464e-06
3.13457e-06
3.1345e-06
3.13443e-06
3.13437e-06
3.13431e-06
3.13425e-06
3.1342e-06
3.13415e-06
3.1341e-06
3.13405e-06
3.134e-06
3.13396e-06
3.13391e-06
3.13387e-06
3.13382e-06
3.13378e-06
3.13374e-06
3.13369e-06
3.13364e-06
3.1336e-06
3.13355e-06
3.1335e-06
3.13345e-06
3.1334e-06
3.13335e-06
3.1333e-06
3.13325e-06
3.1332e-06
3.13315e-06
3.1331e-06
3.13305e-06
3.13301e-06
3.13297e-06
3.13293e-06
3.1329e-06
3.13287e-06
3.13284e-06
3.13282e-06
3.13279e-06
3.13278e-06
3.13276e-06
3.13275e-06
3.13275e-06
3.13275e-06
3.13275e-06
3.13275e-06
3.13277e-06
3.13278e-06
3.1328e-06
3.13282e-06
0.000406295
7.2355e-05
9.72595e-06
3.86486e-06
3.20511e-06
3.13514e-06
3.13246e-06
3.13419e-06
3.13511e-06
3.13542e-06
3.13543e-06
3.13532e-06
3.13516e-06
3.13498e-06
3.13479e-06
3.13462e-06
3.13445e-06
3.13429e-06
3.13414e-06
3.13401e-06
3.13388e-06
3.13377e-06
3.13367e-06
3.13358e-06
3.1335e-06
3.13343e-06
3.13337e-06
3.13332e-06
3.13328e-06
3.13324e-06
3.1332e-06
3.13317e-06
3.13315e-06
3.13312e-06
3.1331e-06
3.13309e-06
3.13307e-06
3.13306e-06
3.13304e-06
3.13303e-06
3.13303e-06
3.13302e-06
3.13302e-06
3.13302e-06
3.13302e-06
3.13302e-06
3.13302e-06
3.13303e-06
3.13303e-06
3.13304e-06
3.13304e-06
3.13305e-06
3.13306e-06
3.13307e-06
3.13308e-06
3.1331e-06
3.13311e-06
3.13313e-06
3.13315e-06
3.13318e-06
3.1332e-06
3.13323e-06
3.13325e-06
3.13328e-06
3.13331e-06
3.13335e-06
3.13338e-06
3.13341e-06
3.13345e-06
3.13348e-06
3.13352e-06
3.13356e-06
0.000356637
5.13125e-05
7.36963e-06
3.59973e-06
3.17551e-06
3.1346e-06
3.13376e-06
3.13485e-06
3.13526e-06
3.13527e-06
3.13512e-06
3.13491e-06
3.13469e-06
3.13448e-06
3.13428e-06
3.13411e-06
3.13396e-06
3.13383e-06
3.13373e-06
3.13365e-06
3.13359e-06
3.13354e-06
3.1335e-06
3.13347e-06
3.13346e-06
3.13344e-06
3.13344e-06
3.13344e-06
3.13344e-06
3.13344e-06
3.13345e-06
3.13346e-06
3.13347e-06
3.13349e-06
3.1335e-06
3.13352e-06
3.13353e-06
3.13355e-06
3.13356e-06
3.13358e-06
3.13359e-06
3.13361e-06
3.13362e-06
3.13364e-06
3.13365e-06
3.13367e-06
3.13369e-06
3.1337e-06
3.13372e-06
3.13373e-06
3.13373e-06
3.13374e-06
3.13376e-06
3.13378e-06
3.13381e-06
3.13383e-06
3.13386e-06
3.13389e-06
3.13391e-06
3.13394e-06
3.13397e-06
3.134e-06
3.13403e-06
3.13406e-06
3.13409e-06
3.13412e-06
3.13415e-06
3.13419e-06
3.13422e-06
3.13425e-06
3.13428e-06
3.13431e-06
0.000309785
3.56235e-05
5.89859e-06
3.43128e-06
3.15839e-06
3.13464e-06
3.13451e-06
3.13507e-06
3.13515e-06
3.135e-06
3.13477e-06
3.13453e-06
3.13433e-06
3.13415e-06
3.13402e-06
3.13391e-06
3.13384e-06
3.1338e-06
3.13378e-06
3.13377e-06
3.13378e-06
3.1338e-06
3.13382e-06
3.13385e-06
3.13389e-06
3.13394e-06
3.13398e-06
3.13402e-06
3.13406e-06
3.1341e-06
3.13413e-06
3.13416e-06
3.13419e-06
3.13422e-06
3.13424e-06
3.13427e-06
3.13429e-06
3.13431e-06
3.13433e-06
3.13435e-06
3.13437e-06
3.13439e-06
3.13441e-06
3.13443e-06
3.13445e-06
3.13446e-06
3.13448e-06
3.1345e-06
3.13453e-06
3.13455e-06
3.13457e-06
3.13459e-06
3.13462e-06
3.13464e-06
3.13467e-06
3.13469e-06
3.13472e-06
3.13475e-06
3.13478e-06
3.1348e-06
3.13483e-06
3.13486e-06
3.13489e-06
3.13492e-06
3.13495e-06
3.13498e-06
3.13501e-06
3.13504e-06
3.13507e-06
3.1351e-06
3.13512e-06
3.13515e-06
0.000265829
2.46217e-05
4.96091e-06
3.32368e-06
3.14855e-06
3.13482e-06
3.13485e-06
3.13506e-06
3.13495e-06
3.13473e-06
3.13452e-06
3.13434e-06
3.13422e-06
3.13415e-06
3.13412e-06
3.13413e-06
3.13418e-06
3.13424e-06
3.13432e-06
3.13442e-06
3.13452e-06
3.13464e-06
3.13475e-06
3.13486e-06
3.13497e-06
3.13506e-06
3.13516e-06
3.13524e-06
3.13532e-06
3.13539e-06
3.13546e-06
3.13552e-06
3.13558e-06
3.13563e-06
3.13566e-06
3.13567e-06
3.13569e-06
3.1357e-06
3.13572e-06
3.13573e-06
3.13575e-06
3.13577e-06
3.13579e-06
3.13582e-06
3.13585e-06
3.13588e-06
3.13591e-06
3.13594e-06
3.13597e-06
3.13599e-06
3.13602e-06
3.13604e-06
3.13607e-06
3.13609e-06
3.13612e-06
3.13614e-06
3.13617e-06
3.13619e-06
3.13622e-06
3.13625e-06
3.13627e-06
3.1363e-06
3.13632e-06
3.13635e-06
3.13637e-06
3.1364e-06
3.13642e-06
3.13644e-06
3.13645e-06
3.13647e-06
3.13649e-06
3.1365e-06
0.000224617
1.72413e-05
4.35191e-06
3.25484e-06
3.14291e-06
3.13496e-06
3.13497e-06
3.13495e-06
3.13479e-06
3.13461e-06
3.13448e-06
3.13442e-06
3.13442e-06
3.13448e-06
3.13458e-06
3.13472e-06
3.13487e-06
3.13505e-06
3.13523e-06
3.13541e-06
3.13558e-06
3.13574e-06
3.13589e-06
3.13603e-06
3.13615e-06
3.13627e-06
3.13637e-06
3.13646e-06
3.13655e-06
3.13662e-06
3.13668e-06
3.13674e-06
3.13679e-06
3.13684e-06
3.13687e-06
3.1369e-06
3.13693e-06
3.13695e-06
3.13697e-06
3.13699e-06
3.137e-06
3.13701e-06
3.13702e-06
3.13703e-06
3.13704e-06
3.13705e-06
3.13706e-06
3.13706e-06
3.13707e-06
3.13708e-06
3.13708e-06
3.13709e-06
3.1371e-06
3.1371e-06
3.13711e-06
3.13712e-06
3.13712e-06
3.13713e-06
3.13714e-06
3.13715e-06
3.13715e-06
3.13716e-06
3.13717e-06
3.13717e-06
3.13718e-06
3.13718e-06
3.13719e-06
3.13719e-06
3.13719e-06
3.13719e-06
3.13719e-06
3.13719e-06
0.000186083
1.24134e-05
3.94959e-06
3.21086e-06
3.13968e-06
3.13503e-06
3.13498e-06
3.13489e-06
3.13475e-06
3.13467e-06
3.13468e-06
3.13475e-06
3.13489e-06
3.13507e-06
3.13527e-06
3.1355e-06
3.13574e-06
3.13596e-06
3.13618e-06
3.13637e-06
3.13655e-06
3.13671e-06
3.13685e-06
3.13697e-06
3.13708e-06
3.13716e-06
3.13724e-06
3.1373e-06
3.13735e-06
3.13739e-06
3.13743e-06
3.13746e-06
3.13748e-06
3.1375e-06
3.13752e-06
3.13753e-06
3.13754e-06
3.13755e-06
3.13756e-06
3.13756e-06
3.13756e-06
3.13757e-06
3.13757e-06
3.13757e-06
3.13757e-06
3.13757e-06
3.13757e-06
3.13757e-06
3.13757e-06
3.13757e-06
3.13757e-06
3.13757e-06
3.13756e-06
3.13756e-06
3.13756e-06
3.13756e-06
3.13756e-06
3.13755e-06
3.13755e-06
3.13755e-06
3.13755e-06
3.13755e-06
3.13754e-06
3.13754e-06
3.13754e-06
3.13753e-06
3.13753e-06
3.13752e-06
3.13752e-06
3.13751e-06
3.13751e-06
3.1375e-06
0.000150271
9.28689e-06
3.68082e-06
3.18279e-06
3.13783e-06
3.13507e-06
3.135e-06
3.13492e-06
3.13489e-06
3.13494e-06
3.13507e-06
3.13527e-06
3.13551e-06
3.13578e-06
3.13605e-06
3.13632e-06
3.13657e-06
3.1368e-06
3.137e-06
3.13716e-06
3.1373e-06
3.13741e-06
3.13751e-06
3.13759e-06
3.13765e-06
3.1377e-06
3.13774e-06
3.13778e-06
3.1378e-06
3.13783e-06
3.13784e-06
3.13786e-06
3.13787e-06
3.13788e-06
3.13789e-06
3.13789e-06
3.1379e-06
3.1379e-06
3.1379e-06
3.1379e-06
3.1379e-06
3.1379e-06
3.13789e-06
3.13789e-06
3.13789e-06
3.13788e-06
3.13788e-06
3.13787e-06
3.13787e-06
3.13786e-06
3.13786e-06
3.13785e-06
3.13785e-06
3.13784e-06
3.13784e-06
3.13783e-06
3.13782e-06
3.13782e-06
3.13781e-06
3.13781e-06
3.1378e-06
3.13779e-06
3.13778e-06
3.13778e-06
3.13777e-06
3.13776e-06
3.13775e-06
3.13775e-06
3.13774e-06
3.13773e-06
3.13772e-06
3.13771e-06
0.000117451
7.25391e-06
3.50003e-06
3.16495e-06
3.13677e-06
3.13513e-06
3.13508e-06
3.13509e-06
3.13517e-06
3.13535e-06
3.13559e-06
3.13589e-06
3.13621e-06
3.13652e-06
3.13681e-06
3.13706e-06
3.13727e-06
3.13745e-06
3.13759e-06
3.13771e-06
3.1378e-06
3.13788e-06
3.13794e-06
3.13799e-06
3.13802e-06
3.13806e-06
3.13808e-06
3.1381e-06
3.13812e-06
3.13813e-06
3.13814e-06
3.13815e-06
3.13815e-06
3.13816e-06
3.13816e-06
3.13816e-06
3.13816e-06
3.13816e-06
3.13815e-06
3.13815e-06
3.13814e-06
3.13814e-06
3.13813e-06
3.13813e-06
3.13812e-06
3.13811e-06
3.13811e-06
3.1381e-06
3.13809e-06
3.13808e-06
3.13808e-06
3.13807e-06
3.13806e-06
3.13805e-06
3.13804e-06
3.13803e-06
3.13802e-06
3.13801e-06
3.138e-06
3.13799e-06
3.13798e-06
3.13797e-06
3.13796e-06
3.13795e-06
3.13794e-06
3.13793e-06
3.13792e-06
3.13791e-06
3.1379e-06
3.13788e-06
3.13787e-06
3.13786e-06
8.82916e-05
5.91743e-06
3.37809e-06
3.15372e-06
3.13619e-06
3.13523e-06
3.13527e-06
3.13538e-06
3.13559e-06
3.13587e-06
3.13621e-06
3.13657e-06
3.1369e-06
3.13719e-06
3.13743e-06
3.13763e-06
3.13779e-06
3.13792e-06
3.13802e-06
3.13811e-06
3.13817e-06
3.13822e-06
3.13826e-06
3.1383e-06
3.13832e-06
3.13834e-06
3.13836e-06
3.13837e-06
3.13838e-06
3.13839e-06
3.1384e-06
3.1384e-06
3.1384e-06
3.1384e-06
3.1384e-06
3.13839e-06
3.13839e-06
3.13839e-06
3.13838e-06
3.13837e-06
3.13836e-06
3.13836e-06
3.13835e-06
3.13834e-06
3.13833e-06
3.13832e-06
3.13831e-06
3.1383e-06
3.13829e-06
3.13827e-06
3.13826e-06
3.13825e-06
3.13824e-06
3.13823e-06
3.13822e-06
3.1382e-06
3.13819e-06
3.13818e-06
3.13816e-06
3.13815e-06
3.13814e-06
3.13813e-06
3.13811e-06
3.1381e-06
3.13808e-06
3.13807e-06
3.13805e-06
3.13804e-06
3.13803e-06
3.13801e-06
3.13799e-06
3.13798e-06
6.36994e-05
5.02697e-06
3.29588e-06
3.14675e-06
3.13593e-06
3.13542e-06
3.13555e-06
3.13577e-06
3.13609e-06
3.13647e-06
3.13685e-06
3.1372e-06
3.13749e-06
3.13773e-06
3.13793e-06
3.13808e-06
3.13821e-06
3.1383e-06
3.13838e-06
3.13844e-06
3.13849e-06
3.13853e-06
3.13857e-06
3.13859e-06
3.13861e-06
3.13863e-06
3.13864e-06
3.13865e-06
3.13866e-06
3.13866e-06
3.13867e-06
3.13867e-06
3.13866e-06
3.13866e-06
3.13865e-06
3.13865e-06
3.13864e-06
3.13863e-06
3.13862e-06
3.13861e-06
3.1386e-06
3.13859e-06
3.13858e-06
3.13856e-06
3.13855e-06
3.13854e-06
3.13852e-06
3.13851e-06
3.13849e-06
3.13848e-06
3.13846e-06
3.13845e-06
3.13843e-06
3.13841e-06
3.1384e-06
3.13838e-06
3.13837e-06
3.13835e-06
3.13833e-06
3.13831e-06
3.1383e-06
3.13828e-06
3.13826e-06
3.13825e-06
3.13823e-06
3.13821e-06
3.13819e-06
3.13817e-06
3.13815e-06
3.13813e-06
3.13811e-06
3.13809e-06
4.43177e-05
4.42614e-06
3.24092e-06
3.14248e-06
3.13587e-06
3.13568e-06
3.13592e-06
3.13626e-06
3.13667e-06
3.13708e-06
3.13744e-06
3.13775e-06
3.138e-06
3.1382e-06
3.13836e-06
3.13848e-06
3.13858e-06
3.13866e-06
3.13873e-06
3.13878e-06
3.13882e-06
3.13886e-06
3.13889e-06
3.13891e-06
3.13893e-06
3.13895e-06
3.13896e-06
3.13896e-06
3.13897e-06
3.13897e-06
3.13897e-06
3.13896e-06
3.13896e-06
3.13895e-06
3.13894e-06
3.13893e-06
3.13892e-06
3.1389e-06
3.13889e-06
3.13887e-06
3.13886e-06
3.13884e-06
3.13882e-06
3.13881e-06
3.13879e-06
3.13877e-06
3.13875e-06
3.13873e-06
3.13871e-06
3.13869e-06
3.13867e-06
3.13865e-06
3.13863e-06
3.13861e-06
3.13859e-06
3.13857e-06
3.13855e-06
3.13853e-06
3.1385e-06
3.13848e-06
3.13846e-06
3.13844e-06
3.13842e-06
3.13839e-06
3.13837e-06
3.13835e-06
3.13833e-06
3.1383e-06
3.13828e-06
3.13825e-06
3.13823e-06
3.13821e-06
3.01323e-05
4.01689e-06
3.20441e-06
3.13994e-06
3.13597e-06
3.13603e-06
3.13638e-06
3.13682e-06
3.13725e-06
3.13764e-06
3.13797e-06
3.13824e-06
3.13845e-06
3.13862e-06
3.13876e-06
3.13887e-06
3.13896e-06
3.13903e-06
3.13909e-06
3.13914e-06
3.13918e-06
3.13921e-06
3.13924e-06
3.13926e-06
3.13927e-06
3.13928e-06
3.13928e-06
3.13929e-06
3.13928e-06
3.13928e-06
3.13927e-06
3.13926e-06
3.13925e-06
3.13923e-06
3.13922e-06
3.1392e-06
3.13918e-06
3.13916e-06
3.13914e-06
3.13912e-06
3.1391e-06
3.13908e-06
3.13905e-06
3.13903e-06
3.139e-06
3.13898e-06
3.13896e-06
3.13893e-06
3.13891e-06
3.13888e-06
3.13885e-06
3.13883e-06
3.1388e-06
3.13878e-06
3.13875e-06
3.13872e-06
3.1387e-06
3.13867e-06
3.13864e-06
3.13862e-06
3.13859e-06
3.13856e-06
3.13854e-06
3.13851e-06
3.13848e-06
3.13845e-06
3.13843e-06
3.1384e-06
3.13837e-06
3.13834e-06
3.13831e-06
3.13829e-06
2.04377e-05
3.73634e-06
3.18038e-06
3.13851e-06
3.1362e-06
3.13646e-06
3.13692e-06
3.13739e-06
3.13781e-06
3.13818e-06
3.13847e-06
3.13871e-06
3.1389e-06
3.13905e-06
3.13917e-06
3.13927e-06
3.13935e-06
3.13942e-06
3.13947e-06
3.13952e-06
3.13955e-06
3.13957e-06
3.13959e-06
3.1396e-06
3.1396e-06
3.1396e-06
3.13959e-06
3.13958e-06
3.13957e-06
3.13955e-06
3.13953e-06
3.13951e-06
3.13949e-06
3.13946e-06
3.13944e-06
3.13941e-06
3.13938e-06
3.13935e-06
3.13933e-06
3.1393e-06
3.13927e-06
3.13923e-06
3.1392e-06
3.13917e-06
3.13914e-06
3.13911e-06
3.13908e-06
3.13905e-06
3.13902e-06
3.13899e-06
3.13896e-06
3.13892e-06
3.13889e-06
3.13886e-06
3.13883e-06
3.1388e-06
3.13877e-06
3.13874e-06
3.13871e-06
3.13867e-06
3.13864e-06
3.13861e-06
3.13858e-06
3.13855e-06
3.13852e-06
3.13848e-06
3.13845e-06
3.13842e-06
3.13839e-06
3.13836e-06
3.13832e-06
3.13829e-06
1.41278e-05
3.54344e-06
3.16473e-06
3.13779e-06
3.13656e-06
3.13697e-06
3.13748e-06
3.13795e-06
3.13836e-06
3.13869e-06
3.13896e-06
3.13918e-06
3.13935e-06
3.13949e-06
3.1396e-06
3.13969e-06
3.13976e-06
3.13981e-06
3.13985e-06
3.13988e-06
3.13989e-06
3.1399e-06
3.13989e-06
3.13988e-06
3.13987e-06
3.13985e-06
3.13982e-06
3.1398e-06
3.13977e-06
3.13973e-06
3.1397e-06
3.13966e-06
3.13963e-06
3.13959e-06
3.13955e-06
3.13951e-06
3.13947e-06
3.13943e-06
3.13939e-06
3.13935e-06
3.13932e-06
3.13928e-06
3.13924e-06
3.1392e-06
3.13916e-06
3.13912e-06
3.13908e-06
3.13905e-06
3.13901e-06
3.13897e-06
3.13893e-06
3.1389e-06
3.13886e-06
3.13883e-06
3.13879e-06
3.13875e-06
3.13872e-06
3.13868e-06
3.13865e-06
3.13861e-06
3.13858e-06
3.13854e-06
3.13851e-06
3.13847e-06
3.13844e-06
3.1384e-06
3.13837e-06
3.13833e-06
3.1383e-06
3.13826e-06
3.13823e-06
3.13819e-06
1.01266e-05
3.41081e-06
3.15469e-06
3.13755e-06
3.13703e-06
3.13753e-06
3.13806e-06
3.13852e-06
3.13891e-06
3.13922e-06
3.13946e-06
3.13966e-06
3.13982e-06
3.13994e-06
3.14003e-06
3.1401e-06
3.14015e-06
3.14018e-06
3.14019e-06
3.14019e-06
3.14017e-06
3.14015e-06
3.14012e-06
3.14009e-06
3.14005e-06
3.14e-06
3.13996e-06
3.13991e-06
3.13986e-06
3.1398e-06
3.13975e-06
3.1397e-06
3.13964e-06
3.13959e-06
3.13954e-06
3.13949e-06
3.13943e-06
3.13938e-06
3.13933e-06
3.13928e-06
3.13923e-06
3.13918e-06
3.13914e-06
3.13909e-06
3.13904e-06
3.139e-06
3.13895e-06
3.13891e-06
3.13887e-06
3.13882e-06
3.13878e-06
3.13874e-06
3.1387e-06
3.13866e-06
3.13861e-06
3.13857e-06
3.13854e-06
3.1385e-06
3.13846e-06
3.13842e-06
3.13838e-06
3.13834e-06
3.1383e-06
3.13827e-06
3.13823e-06
3.13819e-06
3.13815e-06
3.13812e-06
3.13808e-06
3.13804e-06
3.13801e-06
3.13797e-06
7.60776e-06
3.31991e-06
3.14837e-06
3.13762e-06
3.13757e-06
3.13812e-06
3.13866e-06
3.1391e-06
3.13946e-06
3.13975e-06
3.13998e-06
3.14015e-06
3.14028e-06
3.14038e-06
3.14044e-06
3.14047e-06
3.14048e-06
3.14047e-06
3.14045e-06
3.14041e-06
3.14037e-06
3.14031e-06
3.14025e-06
3.14019e-06
3.14012e-06
3.14005e-06
3.13998e-06
3.1399e-06
3.13983e-06
3.13976e-06
3.13969e-06
3.13961e-06
3.13954e-06
3.13948e-06
3.13941e-06
3.13934e-06
3.13928e-06
3.13921e-06
3.13915e-06
3.13909e-06
3.13903e-06
3.13897e-06
3.13892e-06
3.13886e-06
3.13881e-06
3.13875e-06
3.1387e-06
3.13865e-06
3.1386e-06
3.13855e-06
3.1385e-06
3.13846e-06
3.13841e-06
3.13836e-06
3.13832e-06
3.13828e-06
3.13823e-06
3.13819e-06
3.13815e-06
3.1381e-06
3.13806e-06
3.13802e-06
3.13798e-06
3.13794e-06
3.1379e-06
3.13786e-06
3.13782e-06
3.13778e-06
3.13774e-06
3.13771e-06
3.13767e-06
3.13763e-06
6.01675e-06
3.25797e-06
3.14449e-06
3.1379e-06
3.13818e-06
3.13875e-06
3.13928e-06
3.1397e-06
3.14004e-06
3.1403e-06
3.1405e-06
3.14064e-06
3.14073e-06
3.14078e-06
3.14079e-06
3.14078e-06
3.14074e-06
3.14069e-06
3.14062e-06
3.14055e-06
3.14046e-06
3.14037e-06
3.14028e-06
3.14018e-06
3.14009e-06
3.13999e-06
3.13989e-06
3.1398e-06
3.13971e-06
3.13961e-06
3.13952e-06
3.13944e-06
3.13935e-06
3.13927e-06
3.13918e-06
3.1391e-06
3.13903e-06
3.13895e-06
3.13888e-06
3.13881e-06
3.13874e-06
3.13867e-06
3.1386e-06
3.13854e-06
3.13848e-06
3.13842e-06
3.13836e-06
3.1383e-06
3.13824e-06
3.13819e-06
3.13813e-06
3.13808e-06
3.13803e-06
3.13798e-06
3.13793e-06
3.13788e-06
3.13783e-06
3.13779e-06
3.13774e-06
3.13769e-06
3.13765e-06
3.13761e-06
3.13756e-06
3.13752e-06
3.13748e-06
3.13743e-06
3.13739e-06
3.13735e-06
3.13731e-06
3.13727e-06
3.13723e-06
3.13719e-06
5.00252e-06
3.21614e-06
3.14222e-06
3.13831e-06
3.13884e-06
3.13942e-06
3.13993e-06
3.14033e-06
3.14063e-06
3.14085e-06
3.141e-06
3.14108e-06
3.14112e-06
3.14111e-06
3.14107e-06
3.141e-06
3.14092e-06
3.14082e-06
3.14071e-06
3.14059e-06
3.14047e-06
3.14035e-06
3.14022e-06
3.1401e-06
3.13998e-06
3.13986e-06
3.13974e-06
3.13962e-06
3.13951e-06
3.1394e-06
3.1393e-06
3.13919e-06
3.13909e-06
3.13899e-06
3.1389e-06
3.13881e-06
3.13872e-06
3.13863e-06
3.13855e-06
3.13846e-06
3.13839e-06
3.13831e-06
3.13823e-06
3.13816e-06
3.13809e-06
3.13802e-06
3.13795e-06
3.13789e-06
3.13783e-06
3.13776e-06
3.1377e-06
3.13764e-06
3.13759e-06
3.13753e-06
3.13747e-06
3.13742e-06
3.13737e-06
3.13732e-06
3.13727e-06
3.13722e-06
3.13717e-06
3.13712e-06
3.13707e-06
3.13702e-06
3.13698e-06
3.13693e-06
3.13689e-06
3.13684e-06
3.1368e-06
3.13675e-06
3.13671e-06
3.13667e-06
4.34855e-06
3.18825e-06
3.14102e-06
3.13889e-06
3.13955e-06
3.14013e-06
3.14061e-06
3.14097e-06
3.14122e-06
3.14138e-06
3.14146e-06
3.14148e-06
3.14144e-06
3.14137e-06
3.14127e-06
3.14115e-06
3.14101e-06
3.14087e-06
3.14072e-06
3.14057e-06
3.14041e-06
3.14026e-06
3.14011e-06
3.13996e-06
3.13982e-06
3.13968e-06
3.13954e-06
3.13941e-06
3.13928e-06
3.13915e-06
3.13903e-06
3.13891e-06
3.1388e-06
3.13868e-06
3.13858e-06
3.13847e-06
3.13837e-06
3.13827e-06
3.13818e-06
3.13809e-06
3.138e-06
3.13791e-06
3.13783e-06
3.13774e-06
3.13766e-06
3.13759e-06
3.13751e-06
3.13744e-06
3.13737e-06
3.1373e-06
3.13723e-06
3.13716e-06
3.1371e-06
3.13704e-06
3.13697e-06
3.13691e-06
3.13685e-06
3.1368e-06
3.13674e-06
3.13668e-06
3.13663e-06
3.13658e-06
3.13652e-06
3.13647e-06
3.13642e-06
3.13637e-06
3.13632e-06
3.13627e-06
3.13622e-06
3.13618e-06
3.13613e-06
3.13609e-06
3.92312e-06
3.1702e-06
3.14055e-06
3.1396e-06
3.14032e-06
3.14087e-06
3.14131e-06
3.14161e-06
3.14178e-06
3.14186e-06
3.14186e-06
3.1418e-06
3.1417e-06
3.14156e-06
3.1414e-06
3.14123e-06
3.14105e-06
3.14087e-06
3.14068e-06
3.1405e-06
3.14032e-06
3.14014e-06
3.13996e-06
3.13979e-06
3.13963e-06
3.13947e-06
3.13932e-06
3.13916e-06
3.13902e-06
3.13888e-06
3.13874e-06
3.13861e-06
3.13848e-06
3.13836e-06
3.13824e-06
3.13812e-06
3.13801e-06
3.1379e-06
3.13779e-06
3.13769e-06
3.13759e-06
3.13749e-06
3.1374e-06
3.1373e-06
3.13722e-06
3.13713e-06
3.13704e-06
3.13696e-06
3.13688e-06
3.1368e-06
3.13673e-06
3.13665e-06
3.13658e-06
3.13651e-06
3.13644e-06
3.13637e-06
3.1363e-06
3.13624e-06
3.13617e-06
3.13611e-06
3.13605e-06
3.13599e-06
3.13593e-06
3.13587e-06
3.13582e-06
3.13576e-06
3.13571e-06
3.13565e-06
3.1356e-06
3.13555e-06
3.1355e-06
3.13545e-06
3.64499e-06
3.15894e-06
3.1406e-06
3.14042e-06
3.14113e-06
3.14165e-06
3.14201e-06
3.14222e-06
3.1423e-06
3.14229e-06
3.1422e-06
3.14207e-06
3.14189e-06
3.1417e-06
3.14149e-06
3.14127e-06
3.14106e-06
3.14084e-06
3.14062e-06
3.14041e-06
3.1402e-06
3.14e-06
3.13981e-06
3.13962e-06
3.13943e-06
3.13926e-06
3.13908e-06
3.13892e-06
3.13876e-06
3.1386e-06
3.13845e-06
3.1383e-06
3.13816e-06
3.13802e-06
3.13789e-06
3.13776e-06
3.13763e-06
3.13751e-06
3.13739e-06
3.13727e-06
3.13716e-06
3.13705e-06
3.13695e-06
3.13684e-06
3.13674e-06
3.13664e-06
3.13655e-06
3.13645e-06
3.13636e-06
3.13628e-06
3.13619e-06
3.1361e-06
3.13602e-06
3.13594e-06
3.13586e-06
3.13579e-06
3.13571e-06
3.13564e-06
3.13557e-06
3.1355e-06
3.13543e-06
3.13536e-06
3.13529e-06
3.13523e-06
3.13516e-06
3.1351e-06
3.13504e-06
3.13498e-06
3.13492e-06
3.13486e-06
3.1348e-06
3.13475e-06
3.46327e-06
3.15218e-06
3.14103e-06
3.14133e-06
3.14199e-06
3.14243e-06
3.14269e-06
3.14279e-06
3.14277e-06
3.14266e-06
3.14249e-06
3.14228e-06
3.14205e-06
3.1418e-06
3.14155e-06
3.14129e-06
3.14104e-06
3.1408e-06
3.14055e-06
3.14032e-06
3.14009e-06
3.13986e-06
3.13965e-06
3.13944e-06
3.13924e-06
3.13904e-06
3.13885e-06
3.13866e-06
3.13849e-06
3.13831e-06
3.13814e-06
3.13798e-06
3.13782e-06
3.13767e-06
3.13752e-06
3.13737e-06
3.13723e-06
3.13709e-06
3.13696e-06
3.13683e-06
3.1367e-06
3.13658e-06
3.13646e-06
3.13634e-06
3.13623e-06
3.13612e-06
3.13601e-06
3.13591e-06
3.13581e-06
3.13571e-06
3.13561e-06
3.13551e-06
3.13542e-06
3.13533e-06
3.13524e-06
3.13515e-06
3.13507e-06
3.13498e-06
3.1349e-06
3.13482e-06
3.13474e-06
3.13467e-06
3.13459e-06
3.13452e-06
3.13445e-06
3.13438e-06
3.13431e-06
3.13424e-06
3.13417e-06
3.13411e-06
3.13404e-06
3.13398e-06
3.3451e-06
3.14835e-06
3.14174e-06
3.1423e-06
3.14287e-06
3.1432e-06
3.14333e-06
3.14331e-06
3.14318e-06
3.14298e-06
3.14274e-06
3.14246e-06
3.14218e-06
3.14189e-06
3.1416e-06
3.14131e-06
3.14103e-06
3.14076e-06
3.14049e-06
3.14023e-06
3.13998e-06
3.13973e-06
3.13949e-06
3.13926e-06
3.13903e-06
3.13882e-06
3.13861e-06
3.1384e-06
3.1382e-06
3.13801e-06
3.13782e-06
3.13764e-06
3.13746e-06
3.13729e-06
3.13712e-06
3.13695e-06
3.1368e-06
3.13664e-06
3.13649e-06
3.13634e-06
3.1362e-06
3.13606e-06
3.13593e-06
3.1358e-06
3.13567e-06
3.13554e-06
3.13542e-06
3.1353e-06
3.13518e-06
3.13507e-06
3.13496e-06
3.13485e-06
3.13475e-06
3.13464e-06
3.13454e-06
3.13444e-06
3.13435e-06
3.13425e-06
3.13416e-06
3.13407e-06
3.13398e-06
3.1339e-06
3.13381e-06
3.13373e-06
3.13365e-06
3.13357e-06
3.13349e-06
3.13341e-06
3.13334e-06
3.13326e-06
3.13319e-06
3.13312e-06
3.26889e-06
3.14643e-06
3.14265e-06
3.14331e-06
3.14375e-06
3.14393e-06
3.14393e-06
3.14378e-06
3.14356e-06
3.14327e-06
3.14296e-06
3.14264e-06
3.14231e-06
3.14198e-06
3.14166e-06
3.14134e-06
3.14103e-06
3.14072e-06
3.14043e-06
3.14014e-06
3.13986e-06
3.13959e-06
3.13932e-06
3.13907e-06
3.13882e-06
3.13857e-06
3.13834e-06
3.13811e-06
3.13788e-06
3.13766e-06
3.13745e-06
3.13725e-06
3.13705e-06
3.13685e-06
3.13666e-06
3.13648e-06
3.1363e-06
3.13612e-06
3.13595e-06
3.13579e-06
3.13563e-06
3.13547e-06
3.13532e-06
3.13517e-06
3.13502e-06
3.13488e-06
3.13474e-06
3.13461e-06
3.13448e-06
3.13435e-06
3.13422e-06
3.1341e-06
3.13398e-06
3.13386e-06
3.13375e-06
3.13364e-06
3.13353e-06
3.13342e-06
3.13332e-06
3.13322e-06
3.13312e-06
3.13302e-06
3.13293e-06
3.13283e-06
3.13274e-06
3.13265e-06
3.13257e-06
3.13248e-06
3.1324e-06
3.13231e-06
3.13223e-06
3.13215e-06
3.22036e-06
3.14574e-06
3.14372e-06
3.14433e-06
3.1446e-06
3.14463e-06
3.14448e-06
3.14423e-06
3.14391e-06
3.14356e-06
3.14319e-06
3.14282e-06
3.14245e-06
3.14208e-06
3.14172e-06
3.14137e-06
3.14103e-06
3.14069e-06
3.14036e-06
3.14004e-06
3.13973e-06
3.13943e-06
3.13913e-06
3.13884e-06
3.13856e-06
3.13829e-06
3.13802e-06
3.13776e-06
3.13751e-06
3.13726e-06
3.13703e-06
3.13679e-06
3.13657e-06
3.13635e-06
3.13613e-06
3.13592e-06
3.13572e-06
3.13552e-06
3.13533e-06
3.13514e-06
3.13496e-06
3.13478e-06
3.1346e-06
3.13443e-06
3.13427e-06
3.13411e-06
3.13395e-06
3.1338e-06
3.13365e-06
3.1335e-06
3.13336e-06
3.13322e-06
3.13309e-06
3.13296e-06
3.13283e-06
3.1327e-06
3.13258e-06
3.13246e-06
3.13234e-06
3.13223e-06
3.13212e-06
3.13201e-06
3.1319e-06
3.1318e-06
3.1317e-06
3.1316e-06
3.1315e-06
3.13141e-06
3.13131e-06
3.13122e-06
3.13113e-06
3.13105e-06
3.19031e-06
3.14586e-06
3.14487e-06
3.14533e-06
3.14541e-06
3.14528e-06
3.145e-06
3.14465e-06
3.14426e-06
3.14385e-06
3.14343e-06
3.14301e-06
3.1426e-06
3.14219e-06
3.14179e-06
3.1414e-06
3.14102e-06
3.14064e-06
3.14027e-06
3.13992e-06
3.13956e-06
3.13922e-06
3.13889e-06
3.13856e-06
3.13824e-06
3.13793e-06
3.13763e-06
3.13733e-06
3.13705e-06
3.13677e-06
3.1365e-06
3.13623e-06
3.13597e-06
3.13572e-06
3.13548e-06
3.13524e-06
3.13501e-06
3.13478e-06
3.13456e-06
3.13435e-06
3.13414e-06
3.13394e-06
3.13374e-06
3.13355e-06
3.13337e-06
3.13319e-06
3.13301e-06
3.13284e-06
3.13267e-06
3.13251e-06
3.13235e-06
3.13219e-06
3.13204e-06
3.13189e-06
3.13175e-06
3.13161e-06
3.13147e-06
3.13134e-06
3.13121e-06
3.13108e-06
3.13096e-06
3.13084e-06
3.13072e-06
3.1306e-06
3.13049e-06
3.13038e-06
3.13028e-06
3.13017e-06
3.13007e-06
3.12997e-06
3.12988e-06
3.12978e-06
3.17257e-06
3.14648e-06
3.14604e-06
3.1463e-06
3.14618e-06
3.1459e-06
3.14552e-06
3.14508e-06
3.14462e-06
3.14415e-06
3.14368e-06
3.14322e-06
3.14276e-06
3.1423e-06
3.14185e-06
3.14141e-06
3.14098e-06
3.14055e-06
3.14014e-06
3.13973e-06
3.13933e-06
3.13894e-06
3.13856e-06
3.13819e-06
3.13783e-06
3.13748e-06
3.13713e-06
3.1368e-06
3.13647e-06
3.13615e-06
3.13584e-06
3.13554e-06
3.13525e-06
3.13496e-06
3.13468e-06
3.13441e-06
3.13415e-06
3.13389e-06
3.13364e-06
3.1334e-06
3.13316e-06
3.13293e-06
3.13271e-06
3.13249e-06
3.13228e-06
3.13208e-06
3.13187e-06
3.13168e-06
3.13149e-06
3.1313e-06
3.13112e-06
3.13095e-06
3.13078e-06
3.13061e-06
3.13045e-06
3.1303e-06
3.13014e-06
3.13e-06
3.12985e-06
3.12971e-06
3.12958e-06
3.12944e-06
3.12931e-06
3.12919e-06
3.12907e-06
3.12895e-06
3.12883e-06
3.12872e-06
3.12861e-06
3.12851e-06
3.12841e-06
3.12831e-06
3.16255e-06
3.14742e-06
3.14721e-06
3.14722e-06
3.14693e-06
3.14653e-06
3.14604e-06
3.14553e-06
3.145e-06
3.14447e-06
3.14394e-06
3.14342e-06
3.1429e-06
3.14238e-06
3.14187e-06
3.14137e-06
3.14088e-06
3.14039e-06
3.13992e-06
3.13945e-06
3.13899e-06
3.13855e-06
3.13811e-06
3.13769e-06
3.13727e-06
3.13687e-06
3.13647e-06
3.13609e-06
3.13571e-06
3.13535e-06
3.13499e-06
3.13465e-06
3.13431e-06
3.13398e-06
3.13367e-06
3.13336e-06
3.13306e-06
3.13277e-06
3.13248e-06
3.13221e-06
3.13194e-06
3.13168e-06
3.13143e-06
3.13119e-06
3.13095e-06
3.13072e-06
3.13049e-06
3.13028e-06
3.13007e-06
3.12986e-06
3.12966e-06
3.12947e-06
3.12928e-06
3.1291e-06
3.12892e-06
3.12875e-06
3.12859e-06
3.12842e-06
3.12827e-06
3.12812e-06
3.12797e-06
3.12782e-06
3.12768e-06
3.12755e-06
3.12742e-06
3.12729e-06
3.12717e-06
3.12705e-06
3.12693e-06
3.12682e-06
3.12671e-06
3.12661e-06
3.15728e-06
3.14853e-06
3.14835e-06
3.14813e-06
3.14768e-06
3.14716e-06
3.14659e-06
3.14599e-06
3.14539e-06
3.14479e-06
3.14419e-06
3.14359e-06
3.14299e-06
3.1424e-06
3.14182e-06
3.14124e-06
3.14068e-06
3.14012e-06
3.13957e-06
3.13904e-06
3.13851e-06
3.138e-06
3.1375e-06
3.13701e-06
3.13653e-06
3.13607e-06
3.13562e-06
3.13517e-06
3.13475e-06
3.13433e-06
3.13392e-06
3.13353e-06
3.13314e-06
3.13277e-06
3.13241e-06
3.13205e-06
3.13171e-06
3.13138e-06
3.13105e-06
3.13074e-06
3.13043e-06
3.13013e-06
3.12985e-06
3.12957e-06
3.12929e-06
3.12903e-06
3.12877e-06
3.12853e-06
3.12829e-06
3.12805e-06
3.12783e-06
3.12761e-06
3.1274e-06
3.12719e-06
3.127e-06
3.12681e-06
3.12662e-06
3.12645e-06
3.12627e-06
3.12611e-06
3.12595e-06
3.1258e-06
3.12565e-06
3.12551e-06
3.12537e-06
3.12524e-06
3.12512e-06
3.125e-06
3.12488e-06
3.12477e-06
3.12467e-06
3.12456e-06
3.15487e-06
3.14974e-06
3.14946e-06
3.14903e-06
3.14845e-06
3.14781e-06
3.14714e-06
3.14646e-06
3.14577e-06
3.14507e-06
3.14438e-06
3.14369e-06
3.143e-06
3.14231e-06
3.14164e-06
3.14097e-06
3.14031e-06
3.13966e-06
3.13903e-06
3.13841e-06
3.1378e-06
3.13721e-06
3.13662e-06
3.13606e-06
3.1355e-06
3.13496e-06
3.13444e-06
3.13392e-06
3.13342e-06
3.13294e-06
3.13246e-06
3.132e-06
3.13155e-06
3.13112e-06
3.1307e-06
3.13029e-06
3.12989e-06
3.1295e-06
3.12913e-06
3.12876e-06
3.12841e-06
3.12807e-06
3.12775e-06
3.12743e-06
3.12712e-06
3.12683e-06
3.12654e-06
3.12627e-06
3.126e-06
3.12575e-06
3.12551e-06
3.12527e-06
3.12504e-06
3.12483e-06
3.12462e-06
3.12442e-06
3.12423e-06
3.12404e-06
3.12387e-06
3.1237e-06
3.12354e-06
3.12339e-06
3.12324e-06
3.1231e-06
3.12296e-06
3.12283e-06
3.12271e-06
3.12259e-06
3.12248e-06
3.12238e-06
3.12228e-06
3.12218e-06
3.15414e-06
3.151e-06
3.15056e-06
3.14994e-06
3.14923e-06
3.14848e-06
3.1477e-06
3.14691e-06
3.1461e-06
3.1453e-06
3.14449e-06
3.14368e-06
3.14288e-06
3.14208e-06
3.14129e-06
3.14052e-06
3.13975e-06
3.139e-06
3.13826e-06
3.13753e-06
3.13682e-06
3.13613e-06
3.13545e-06
3.13478e-06
3.13413e-06
3.13349e-06
3.13287e-06
3.13227e-06
3.13167e-06
3.1311e-06
3.13053e-06
3.12999e-06
3.12945e-06
3.12893e-06
3.12843e-06
3.12794e-06
3.12746e-06
3.127e-06
3.12656e-06
3.12612e-06
3.12571e-06
3.1253e-06
3.12491e-06
3.12454e-06
3.12418e-06
3.12383e-06
3.1235e-06
3.12318e-06
3.12287e-06
3.12258e-06
3.1223e-06
3.12204e-06
3.12179e-06
3.12155e-06
3.12133e-06
3.12112e-06
3.12092e-06
3.12074e-06
3.12057e-06
3.1204e-06
3.12026e-06
3.12012e-06
3.11999e-06
3.11988e-06
3.11977e-06
3.11968e-06
3.1196e-06
3.11952e-06
3.11946e-06
3.1194e-06
3.11935e-06
3.11931e-06
3.15439e-06
3.15229e-06
3.15166e-06
3.15086e-06
3.15e-06
3.1491e-06
3.14817e-06
3.14723e-06
3.14628e-06
3.14532e-06
3.14435e-06
3.14339e-06
3.14243e-06
3.14149e-06
3.14055e-06
3.13962e-06
3.13871e-06
3.13781e-06
3.13692e-06
3.13606e-06
3.1352e-06
3.13437e-06
3.13355e-06
3.13275e-06
3.13197e-06
3.1312e-06
3.13046e-06
3.12973e-06
3.12903e-06
3.12834e-06
3.12768e-06
3.12703e-06
3.12641e-06
3.12581e-06
3.12523e-06
3.12468e-06
3.12415e-06
3.12365e-06
3.12317e-06
3.12271e-06
3.12228e-06
3.12187e-06
3.12149e-06
3.12113e-06
3.12079e-06
3.12048e-06
3.12019e-06
3.11993e-06
3.11968e-06
3.11946e-06
3.11926e-06
3.11907e-06
3.11891e-06
3.11876e-06
3.11863e-06
3.11852e-06
3.11841e-06
3.11832e-06
3.11823e-06
3.11814e-06
3.11807e-06
3.118e-06
3.11793e-06
3.11789e-06
3.11784e-06
3.11779e-06
3.11773e-06
3.11767e-06
3.11763e-06
3.11761e-06
3.11759e-06
3.11757e-06
3.15522e-06
3.15364e-06
3.15281e-06
3.15185e-06
3.15084e-06
3.14979e-06
3.14871e-06
3.14761e-06
3.1465e-06
3.14538e-06
3.14427e-06
3.14316e-06
3.14206e-06
3.14098e-06
3.1399e-06
3.13884e-06
3.1378e-06
3.13677e-06
3.13576e-06
3.13477e-06
3.1338e-06
3.13285e-06
3.13192e-06
3.13102e-06
3.13014e-06
3.12929e-06
3.12847e-06
3.12768e-06
3.12693e-06
3.12621e-06
3.12552e-06
3.12488e-06
3.12427e-06
3.12371e-06
3.12319e-06
3.12271e-06
3.12227e-06
3.12188e-06
3.12153e-06
3.12122e-06
3.12096e-06
3.12074e-06
3.12057e-06
3.12043e-06
3.12033e-06
3.12028e-06
3.12026e-06
3.12025e-06
3.12025e-06
3.12024e-06
3.12024e-06
3.12022e-06
3.1202e-06
3.12017e-06
3.12013e-06
3.12008e-06
3.12001e-06
3.11993e-06
3.11984e-06
3.11973e-06
3.11962e-06
3.11953e-06
3.11946e-06
3.11942e-06
3.11939e-06
3.11938e-06
3.11938e-06
3.11939e-06
3.11939e-06
3.11937e-06
3.11935e-06
3.11934e-06
3.15668e-06
3.15501e-06
3.15366e-06
3.15225e-06
3.15081e-06
3.14935e-06
3.14789e-06
3.14643e-06
3.14499e-06
3.14357e-06
3.14218e-06
3.14083e-06
3.13954e-06
3.13832e-06
3.13717e-06
3.13613e-06
3.13519e-06
3.13429e-06
3.13343e-06
3.13261e-06
3.13184e-06
3.13111e-06
3.13044e-06
3.12982e-06
3.12925e-06
3.12875e-06
3.1283e-06
3.12791e-06
3.12758e-06
3.1273e-06
3.12709e-06
3.12693e-06
3.12684e-06
3.1268e-06
3.12682e-06
3.12689e-06
3.127e-06
3.12714e-06
3.12732e-06
3.12752e-06
3.12774e-06
3.12798e-06
3.12822e-06
3.12846e-06
3.12869e-06
3.12891e-06
3.12911e-06
3.12929e-06
3.12944e-06
3.12956e-06
3.12965e-06
3.1297e-06
3.12972e-06
3.1297e-06
3.12964e-06
3.12953e-06
3.12939e-06
3.1292e-06
3.12896e-06
3.12868e-06
3.12836e-06
3.12798e-06
3.12756e-06
3.12708e-06
3.12655e-06
3.12597e-06
3.12534e-06
3.12466e-06
3.12395e-06
3.12325e-06
3.12254e-06
3.12185e-06
)
;

boundaryField
{
    walls
    {
        type            fixedValue;
        value           uniform 0;
    }
    frontAndBack
    {
        type            empty;
    }
    farfield
    {
        type            calculated;
        value           nonuniform List<scalar> 
72
(
3.15668e-06
3.15501e-06
3.15366e-06
3.15225e-06
3.15081e-06
3.14935e-06
3.14789e-06
3.14643e-06
3.14499e-06
3.14357e-06
3.14218e-06
3.14083e-06
3.13954e-06
3.13832e-06
3.13717e-06
3.13613e-06
3.13519e-06
3.13429e-06
3.13343e-06
3.13261e-06
3.13184e-06
3.13111e-06
3.13044e-06
3.12982e-06
3.12925e-06
3.12875e-06
3.1283e-06
3.12791e-06
3.12758e-06
3.1273e-06
3.12709e-06
3.12693e-06
3.12684e-06
3.1268e-06
3.12682e-06
3.12689e-06
3.127e-06
3.12714e-06
3.12732e-06
3.12752e-06
3.12774e-06
3.12798e-06
3.12822e-06
3.12846e-06
3.12869e-06
3.12891e-06
3.12911e-06
3.12929e-06
3.12944e-06
3.12956e-06
3.12965e-06
3.1297e-06
3.12972e-06
3.1297e-06
3.12964e-06
3.12953e-06
3.12939e-06
3.1292e-06
3.12896e-06
3.12868e-06
3.12836e-06
3.12798e-06
3.12756e-06
3.12708e-06
3.12655e-06
3.12597e-06
3.12534e-06
3.12466e-06
3.12395e-06
3.12325e-06
3.12254e-06
3.11449e-06
)
;
    }
    procBoundary3to1
    {
        type            processor;
        value           nonuniform List<scalar> 
101
(
1.34822e-14
1.29472e-12
1.29317e-11
6.66713e-11
2.53243e-10
8.17599e-10
2.40922e-09
6.53781e-09
1.60852e-08
3.54623e-08
7.53326e-08
1.6387e-07
3.59883e-07
7.87832e-07
1.70578e-06
3.64079e-06
7.64012e-06
1.56677e-05
2.73304e-05
4.18827e-05
5.86499e-05
7.73761e-05
9.83396e-05
0.000122145
0.000149449
0.000180891
0.000217737
0.000261016
0.000311112
0.000369157
0.000436444
0.000514237
0.000603715
0.000705958
0.000821909
0.000952313
0.0010976
0.00125819
0.00143474
0.00162794
0.00183774
0.00206338
0.0023037
0.00255758
0.00282401
0.00310193
0.00339025
0.00368767
0.00399273
0.00331911
0.00186513
0.00186513
0.00195273
0.00203887
0.00212203
0.00220078
0.00227362
0.00233844
0.00239289
0.00243505
0.00246346
0.00247698
0.00247467
0.00245614
0.00242108
0.00236934
0.00230093
0.00221601
0.00211513
0.0019988
0.00186199
0.00171052
0.00154984
0.00138511
0.00122101
0.00106187
0.000911355
0.000771819
0.000644675
0.000530936
0.000430883
0.000344158
0.000269392
0.000204958
0.000149448
0.00010261
6.56345e-05
3.96066e-05
2.34589e-05
1.43353e-05
9.38481e-06
6.69652e-06
5.20411e-06
4.35321e-06
3.85751e-06
3.56508e-06
3.39256e-06
3.29155e-06
3.23323e-06
3.20023e-06
3.18256e-06
)
;
    }
    procBoundary3to2
    {
        type            processor;
        value           nonuniform List<scalar> 
108
(
1.19224e-11
1.14543e-09
1.1208e-08
5.51802e-08
1.93723e-07
5.54478e-07
1.38021e-06
3.09397e-06
6.36014e-06
1.20532e-05
2.10225e-05
3.37684e-05
5.02785e-05
7.00935e-05
9.25344e-05
0.000116955
0.000142899
0.00017014
0.000198631
0.000260675
0.0002606
0.0002605
0.00026039
0.000260268
0.000260135
0.000259993
0.00022844
0.000259843
0.000260675
0.000293992
0.000329121
0.000366141
0.000405053
0.000445785
0.000488167
0.00053192
0.000576632
0.000621735
0.000666471
0.000709856
0.00075373
0.00075373
0.000791125
0.000822521
0.000845541
0.000857279
0.00085423
0.000832216
0.000786345
0.000711034
0.000600199
0.000447568
0.000243944
3.85915e-05
3.85102e-06
2.85233e-06
2.87999e-06
2.93566e-06
2.98035e-06
3.01528e-06
3.04257e-06
3.06391e-06
3.0807e-06
3.09419e-06
3.10589e-06
3.12046e-06
3.13065e-06
3.1336e-06
3.13453e-06
3.13471e-06
3.13458e-06
3.13426e-06
3.13375e-06
3.13285e-06
3.1336e-06
3.13434e-06
3.13518e-06
3.13651e-06
3.13719e-06
3.13749e-06
3.1377e-06
3.13784e-06
3.13796e-06
3.13807e-06
3.13818e-06
3.13826e-06
3.13826e-06
3.13816e-06
3.13793e-06
3.13759e-06
3.13715e-06
3.13663e-06
3.13604e-06
3.1354e-06
3.13469e-06
3.13392e-06
3.13305e-06
3.13208e-06
3.13096e-06
3.12969e-06
3.12821e-06
3.1265e-06
3.12447e-06
3.12209e-06
3.11927e-06
3.11755e-06
3.11934e-06
3.12121e-06
)
;
    }
}


// ************************************************************************* //
