/*--------------------------------*- C++ -*----------------------------------*\
| =========                 |                                                 |
| \\      /  F ield         | OpenFOAM: The Open Source CFD Toolbox           |
|  \\    /   O peration     | Version:  2412                                  |
|   \\  /    A nd           | Website:  www.openfoam.com                      |
|    \\/     M anipulation  |                                                 |
\*---------------------------------------------------------------------------*/
FoamFile
{
    version     2.0;
    format      ascii;
    arch        "LSB;label=32;scalar=64";
    class       volScalarField;
    location    "60";
    object      nut;
}
// * * * * * * * * * * * * * * * * * * * * * * * * * * * * * * * * * * * * * //

dimensions      [0 2 -1 0 0 0 0];

internalField   nonuniform List<scalar> 
7423
(
2.62671e-10
4.57598e-10
4.36897e-10
3.48652e-10
2.04771e-10
1.06796e-10
6.22786e-11
3.26219e-11
2.48198e-11
1.9618e-11
1.64487e-11
1.4441e-11
1.38737e-11
1.42423e-11
1.48509e-11
1.54643e-11
1.59872e-11
1.64115e-11
1.67061e-11
1.69142e-11
1.70213e-11
1.70641e-11
1.70277e-11
1.69445e-11
1.68063e-11
1.66371e-11
1.6429e-11
1.62029e-11
1.59509e-11
1.56828e-11
1.54003e-11
1.51064e-11
1.4805e-11
1.44976e-11
1.41878e-11
1.38786e-11
1.35724e-11
1.3271e-11
1.2976e-11
1.26898e-11
1.24146e-11
1.21502e-11
1.18979e-11
1.1659e-11
1.14328e-11
1.12206e-11
1.10224e-11
1.08383e-11
1.06672e-11
1.05094e-11
1.03655e-11
1.02342e-11
1.01166e-11
1.00133e-11
9.92487e-12
9.85134e-12
9.79392e-12
9.75322e-12
9.73102e-12
9.72723e-12
9.74399e-12
9.78375e-12
9.8486e-12
9.94221e-12
1.00711e-11
1.02358e-11
1.04267e-11
1.06279e-11
1.0825e-11
1.10079e-11
1.11748e-11
1.13269e-11
1.14658e-11
1.15942e-11
1.16966e-11
1.18021e-11
2.18793e-08
4.74341e-08
5.18813e-08
4.58565e-08
2.83949e-08
1.47112e-08
8.03639e-09
2.62362e-09
2.17932e-09
1.8596e-09
1.62084e-09
1.42394e-09
1.36161e-09
1.3897e-09
1.44386e-09
1.49977e-09
1.54782e-09
1.58689e-09
1.61396e-09
1.63284e-09
1.64227e-09
1.64556e-09
1.64137e-09
1.63265e-09
1.61871e-09
1.60176e-09
1.58106e-09
1.55852e-09
1.53346e-09
1.50684e-09
1.47883e-09
1.44969e-09
1.41976e-09
1.3893e-09
1.35858e-09
1.32784e-09
1.29735e-09
1.26727e-09
1.23776e-09
1.20905e-09
1.18132e-09
1.15459e-09
1.12898e-09
1.10464e-09
1.0815e-09
1.05968e-09
1.03918e-09
1.02002e-09
1.00213e-09
9.85501e-10
9.70209e-10
9.56158e-10
9.43442e-10
9.32105e-10
9.22238e-10
9.13865e-10
9.07071e-10
9.01958e-10
8.98739e-10
8.97411e-10
8.98177e-10
9.01273e-10
9.06994e-10
9.15742e-10
9.28203e-10
9.44608e-10
9.64061e-10
9.84847e-10
1.00527e-09
1.02423e-09
1.04148e-09
1.05712e-09
1.07134e-09
1.08445e-09
1.09503e-09
1.10555e-09
1.71783e-07
3.7797e-07
4.60844e-07
4.4585e-07
2.98472e-07
1.64711e-07
9.39492e-08
2.27326e-08
1.91052e-08
1.70822e-08
1.54996e-08
1.40714e-08
1.37129e-08
1.39176e-08
1.4384e-08
1.48852e-08
1.53227e-08
1.56789e-08
1.59264e-08
1.60957e-08
1.61757e-08
1.61961e-08
1.61463e-08
1.60508e-08
1.59056e-08
1.57292e-08
1.55166e-08
1.52845e-08
1.50273e-08
1.47543e-08
1.44672e-08
1.41687e-08
1.38618e-08
1.35491e-08
1.32331e-08
1.29159e-08
1.26e-08
1.22874e-08
1.19798e-08
1.16789e-08
1.13865e-08
1.11036e-08
1.08309e-08
1.05697e-08
1.03204e-08
1.00833e-08
9.859e-09
9.64753e-09
9.4483e-09
9.26181e-09
9.08842e-09
8.92765e-09
8.78047e-09
8.64732e-09
8.52923e-09
8.42716e-09
8.34169e-09
8.27415e-09
8.22677e-09
8.19967e-09
8.19524e-09
8.21566e-09
8.26432e-09
8.34655e-09
8.47048e-09
8.64007e-09
8.84649e-09
9.07094e-09
9.29289e-09
9.49924e-09
9.68625e-09
9.85485e-09
1.00077e-08
1.01477e-08
1.02629e-08
1.03712e-08
6.37098e-07
1.32909e-06
1.81228e-06
1.93693e-06
1.41723e-06
8.45001e-07
5.09358e-07
1.22427e-07
9.1426e-08
7.79169e-08
7.17857e-08
6.88341e-08
6.99497e-08
7.06437e-08
7.252e-08
7.46748e-08
7.66075e-08
7.81876e-08
7.92907e-08
8.0024e-08
8.03477e-08
8.03756e-08
8.0077e-08
7.95485e-08
7.87791e-08
7.78495e-08
7.67408e-08
7.55272e-08
7.41905e-08
7.27704e-08
7.12778e-08
6.97268e-08
6.81292e-08
6.64996e-08
6.4848e-08
6.31855e-08
6.15227e-08
5.98706e-08
5.82366e-08
5.66307e-08
5.50603e-08
5.35313e-08
5.20488e-08
5.06189e-08
4.92441e-08
4.79277e-08
4.66715e-08
4.54779e-08
4.43442e-08
4.32743e-08
4.22707e-08
4.13315e-08
4.04629e-08
3.96683e-08
3.89535e-08
3.83249e-08
3.77862e-08
3.73451e-08
3.70134e-08
3.67913e-08
3.66925e-08
3.67281e-08
3.69167e-08
3.72916e-08
3.79025e-08
3.87794e-08
3.98816e-08
4.11069e-08
4.23316e-08
4.34735e-08
4.45057e-08
4.54326e-08
4.62694e-08
4.70314e-08
4.76695e-08
4.82349e-08
1.58762e-06
3.13797e-06
4.58326e-06
5.52634e-06
4.45399e-06
2.87808e-06
1.83505e-06
5.14736e-07
3.65263e-07
2.78545e-07
2.40311e-07
2.39666e-07
2.56263e-07
2.57534e-07
2.6223e-07
2.68365e-07
2.74138e-07
2.78889e-07
2.82249e-07
2.84375e-07
2.8521e-07
2.85014e-07
2.83755e-07
2.81672e-07
2.78772e-07
2.75266e-07
2.71147e-07
2.66607e-07
2.61639e-07
2.5636e-07
2.50813e-07
2.45047e-07
2.39106e-07
2.33031e-07
2.26863e-07
2.20631e-07
2.14375e-07
2.08131e-07
2.01926e-07
1.95793e-07
1.89759e-07
1.83848e-07
1.7808e-07
1.72477e-07
1.67054e-07
1.61823e-07
1.56797e-07
1.51986e-07
1.47387e-07
1.43015e-07
1.38886e-07
1.34997e-07
1.31373e-07
1.28032e-07
1.24998e-07
1.22296e-07
1.19943e-07
1.17969e-07
1.16416e-07
1.15285e-07
1.14622e-07
1.14472e-07
1.14903e-07
1.16053e-07
1.18132e-07
1.21292e-07
1.2542e-07
1.30132e-07
1.34912e-07
1.39392e-07
1.43443e-07
1.47068e-07
1.50331e-07
1.53286e-07
1.55799e-07
1.579e-07
3.05332e-06
5.9568e-06
9.04361e-06
1.20183e-05
1.07606e-05
7.54624e-06
5.08354e-06
1.81977e-06
1.26241e-06
9.16926e-07
7.33482e-07
7.03548e-07
7.7323e-07
7.71358e-07
7.77901e-07
7.90213e-07
8.02988e-07
8.13646e-07
8.21343e-07
8.25799e-07
8.27114e-07
8.25533e-07
8.21231e-07
8.1453e-07
8.05633e-07
7.94844e-07
7.82365e-07
7.68523e-07
7.53466e-07
7.37456e-07
7.20647e-07
7.03173e-07
6.85168e-07
6.66738e-07
6.47978e-07
6.28981e-07
6.0984e-07
5.90648e-07
5.71491e-07
5.52451e-07
5.3361e-07
5.15045e-07
4.96817e-07
4.78997e-07
4.61638e-07
4.44789e-07
4.28502e-07
4.1282e-07
3.97754e-07
3.83358e-07
3.69701e-07
3.56797e-07
3.44716e-07
3.33527e-07
3.23312e-07
3.14149e-07
3.06086e-07
2.99205e-07
2.93634e-07
2.8936e-07
2.86513e-07
2.85213e-07
2.85667e-07
2.88306e-07
2.93819e-07
3.02788e-07
3.15033e-07
3.29448e-07
3.44347e-07
3.58433e-07
3.71189e-07
3.82591e-07
3.92829e-07
4.02059e-07
4.10017e-07
4.16313e-07
4.85701e-06
9.68473e-06
1.53307e-05
2.21704e-05
2.18854e-05
1.66826e-05
1.18068e-05
5.657e-06
3.90699e-06
2.77526e-06
2.13459e-06
1.9279e-06
2.05903e-06
2.02741e-06
2.02131e-06
2.03514e-06
2.05472e-06
2.07161e-06
2.0843e-06
2.08994e-06
2.08955e-06
2.08227e-06
2.06924e-06
2.05024e-06
2.02621e-06
1.99715e-06
1.96407e-06
1.92721e-06
1.8874e-06
1.8451e-06
1.80074e-06
1.75472e-06
1.70733e-06
1.65884e-06
1.60942e-06
1.55929e-06
1.50865e-06
1.45769e-06
1.40662e-06
1.35562e-06
1.3049e-06
1.25465e-06
1.20505e-06
1.1563e-06
1.10856e-06
1.06198e-06
1.01674e-06
9.73006e-07
9.30864e-07
8.90481e-07
8.52079e-07
8.15757e-07
7.817e-07
7.50101e-07
7.21181e-07
6.9514e-07
6.72077e-07
6.52171e-07
6.35724e-07
6.22679e-07
6.13315e-07
6.07904e-07
6.06935e-07
6.11532e-07
6.23557e-07
6.44785e-07
6.75242e-07
7.12362e-07
7.51585e-07
7.89089e-07
8.23171e-07
8.53628e-07
8.80933e-07
9.05476e-07
9.26862e-07
9.42953e-07
6.64366e-06
1.38529e-05
2.2968e-05
3.59365e-05
3.88288e-05
3.30397e-05
2.49111e-05
1.55296e-05
1.09166e-05
7.74415e-06
5.84594e-06
5.05478e-06
5.02716e-06
4.85116e-06
4.76928e-06
4.74973e-06
4.75617e-06
4.76437e-06
4.77178e-06
4.76687e-06
4.75329e-06
4.72577e-06
4.68824e-06
4.63782e-06
4.57754e-06
4.50555e-06
4.42528e-06
4.33594e-06
4.2404e-06
4.13926e-06
4.0337e-06
3.92459e-06
3.81264e-06
3.69834e-06
3.58196e-06
3.46393e-06
3.34459e-06
3.22426e-06
3.10335e-06
2.98221e-06
2.86128e-06
2.74099e-06
2.62179e-06
2.50415e-06
2.38851e-06
2.27527e-06
2.16497e-06
2.05804e-06
1.95487e-06
1.85588e-06
1.76167e-06
1.67259e-06
1.58906e-06
1.51153e-06
1.44049e-06
1.37638e-06
1.31934e-06
1.26972e-06
1.22809e-06
1.19429e-06
1.1688e-06
1.15216e-06
1.14534e-06
1.15081e-06
1.17289e-06
1.21609e-06
1.28167e-06
1.3647e-06
1.45459e-06
1.54167e-06
1.62117e-06
1.69223e-06
1.75586e-06
1.81288e-06
1.86299e-06
1.89896e-06
7.97327e-06
1.77431e-05
3.12157e-05
5.21098e-05
6.0411e-05
5.67438e-05
4.69889e-05
3.51659e-05
2.63442e-05
1.93148e-05
1.46806e-05
1.22995e-05
1.14114e-05
1.07464e-05
1.0385e-05
1.02011e-05
1.0106e-05
1.00369e-05
9.98769e-06
9.92432e-06
9.85531e-06
9.76349e-06
9.65846e-06
9.53019e-06
9.38589e-06
9.21868e-06
9.03708e-06
8.83736e-06
8.6268e-06
8.40601e-06
8.17751e-06
7.94306e-06
7.704e-06
7.46115e-06
7.21475e-06
6.96542e-06
6.71358e-06
6.45966e-06
6.20434e-06
5.94813e-06
5.6918e-06
5.43619e-06
5.18223e-06
4.9309e-06
4.68318e-06
4.43993e-06
4.20248e-06
3.97183e-06
3.74899e-06
3.53496e-06
3.3311e-06
3.13831e-06
2.95741e-06
2.78937e-06
2.63518e-06
2.49562e-06
2.37094e-06
2.26171e-06
2.16893e-06
2.0922e-06
2.03226e-06
1.99001e-06
1.96716e-06
1.96851e-06
2.00267e-06
2.07969e-06
2.20442e-06
2.36899e-06
2.5519e-06
2.73156e-06
2.89635e-06
3.04362e-06
3.17518e-06
3.29272e-06
3.39662e-06
3.46799e-06
2.05663e-05
3.91132e-05
6.90879e-05
8.43627e-05
8.5216e-05
7.67085e-05
6.44068e-05
5.22553e-05
4.07628e-05
3.20248e-05
2.66039e-05
2.37012e-05
2.18394e-05
2.07245e-05
2.00463e-05
1.9612e-05
1.92803e-05
1.90303e-05
1.87829e-05
1.85503e-05
1.82921e-05
1.80251e-05
1.77259e-05
1.74071e-05
1.70525e-05
1.66783e-05
1.62751e-05
1.58572e-05
1.54247e-05
1.4982e-05
1.45319e-05
1.40764e-05
1.36167e-05
1.31525e-05
1.26845e-05
1.2213e-05
1.17382e-05
1.1261e-05
1.07819e-05
1.0302e-05
9.82254e-06
9.34519e-06
8.87155e-06
8.40349e-06
7.9425e-06
7.49119e-06
7.05153e-06
6.62568e-06
6.21559e-06
5.82392e-06
5.45273e-06
5.1035e-06
4.77815e-06
4.47857e-06
4.20623e-06
3.96158e-06
3.74562e-06
3.56003e-06
3.40409e-06
3.27888e-06
3.18581e-06
3.12757e-06
3.1124e-06
3.15576e-06
3.27726e-06
3.48983e-06
3.78326e-06
4.1186e-06
4.45277e-06
4.76057e-06
5.03523e-06
5.27975e-06
5.49726e-06
5.69024e-06
5.81652e-06
4.57062e-05
8.54197e-05
0.00010866
0.000115527
0.000110682
0.00010005
8.67978e-05
7.20642e-05
5.9134e-05
4.97828e-05
4.37863e-05
3.9829e-05
3.72683e-05
3.55756e-05
3.44079e-05
3.35022e-05
3.28016e-05
3.21586e-05
3.15807e-05
3.0993e-05
3.04173e-05
2.98105e-05
2.91895e-05
2.85246e-05
2.78401e-05
2.7119e-05
2.63828e-05
2.56309e-05
2.4869e-05
2.41011e-05
2.33296e-05
2.25555e-05
2.17777e-05
2.09966e-05
2.02118e-05
1.94231e-05
1.86312e-05
1.78361e-05
1.70391e-05
1.62417e-05
1.54461e-05
1.46545e-05
1.38697e-05
1.3094e-05
1.23316e-05
1.15856e-05
1.08599e-05
1.01579e-05
9.48407e-06
8.84245e-06
8.23562e-06
7.66715e-06
7.14057e-06
6.65864e-06
6.22248e-06
5.83399e-06
5.49606e-06
5.20789e-06
4.97106e-06
4.78778e-06
4.66204e-06
4.60671e-06
4.64689e-06
4.81694e-06
5.14495e-06
5.62131e-06
6.18229e-06
6.74986e-06
7.27464e-06
7.74168e-06
8.15535e-06
8.52124e-06
8.84642e-06
9.04809e-06
9.99555e-05
0.000131944
0.00014575
0.000146051
0.000138754
0.00012655
0.000110467
9.43658e-05
8.12063e-05
7.16592e-05
6.49353e-05
6.02937e-05
5.70516e-05
5.47145e-05
5.28777e-05
5.14284e-05
5.01382e-05
4.89974e-05
4.78898e-05
4.68353e-05
4.57682e-05
4.47055e-05
4.36019e-05
4.24873e-05
4.13358e-05
4.01744e-05
3.90014e-05
3.78227e-05
3.66427e-05
3.5464e-05
3.42871e-05
3.31096e-05
3.19311e-05
3.07505e-05
2.95665e-05
2.83792e-05
2.71878e-05
2.59932e-05
2.47967e-05
2.36006e-05
2.24075e-05
2.12209e-05
2.00434e-05
1.88808e-05
1.77377e-05
1.66197e-05
1.55317e-05
1.44806e-05
1.34731e-05
1.25133e-05
1.16071e-05
1.07608e-05
9.97926e-06
9.26523e-06
8.62247e-06
8.05595e-06
7.56559e-06
7.15409e-06
6.82506e-06
6.58428e-06
6.45037e-06
6.46067e-06
6.67018e-06
7.13174e-06
7.84291e-06
8.70895e-06
9.59994e-06
1.04271e-05
1.11607e-05
1.18063e-05
1.23733e-05
1.28775e-05
1.31721e-05
0.000111756
0.000153336
0.000174907
0.000181309
0.000178507
0.000168974
0.000153205
0.000135163
0.000118846
0.000105862
9.6107e-05
8.89958e-05
8.38089e-05
7.99412e-05
7.68597e-05
7.4386e-05
7.22127e-05
7.03016e-05
6.84941e-05
6.68009e-05
6.51327e-05
6.35017e-05
6.18466e-05
6.01987e-05
5.85229e-05
5.68487e-05
5.51724e-05
5.34989e-05
5.18321e-05
5.01743e-05
4.85251e-05
4.68807e-05
4.52396e-05
4.36e-05
4.19592e-05
4.03166e-05
3.86699e-05
3.70191e-05
3.53647e-05
3.37087e-05
3.20536e-05
3.04031e-05
2.87594e-05
2.71297e-05
2.55194e-05
2.39357e-05
2.23849e-05
2.08761e-05
1.94189e-05
1.80192e-05
1.66857e-05
1.54282e-05
1.42548e-05
1.31707e-05
1.21829e-05
1.12997e-05
1.05234e-05
9.85886e-06
9.31237e-06
8.89245e-06
8.6244e-06
8.55991e-06
8.78016e-06
9.37446e-06
1.03588e-05
1.16051e-05
1.29127e-05
1.4133e-05
1.52112e-05
1.61531e-05
1.69738e-05
1.77034e-05
1.81044e-05
0.00011996
0.000172141
0.000202465
0.000215828
0.000218443
0.000212869
0.000198841
0.000179926
0.000161064
0.0001449
0.000132064
0.000122281
0.000114889
0.000109223
0.000104649
0.000100922
9.76661e-05
9.48065e-05
9.21447e-05
8.96757e-05
8.72868e-05
8.49813e-05
8.26823e-05
8.04183e-05
7.81449e-05
7.58909e-05
7.36495e-05
7.14233e-05
6.92149e-05
6.70252e-05
6.4853e-05
6.26929e-05
6.05423e-05
5.83989e-05
5.62587e-05
5.41201e-05
5.19793e-05
4.98349e-05
4.76859e-05
4.55337e-05
4.33799e-05
4.12279e-05
3.90789e-05
3.69405e-05
3.48187e-05
3.27215e-05
3.06558e-05
2.86325e-05
2.6664e-05
2.47572e-05
2.29237e-05
2.11769e-05
1.95285e-05
1.79871e-05
1.65641e-05
1.52724e-05
1.41186e-05
1.31113e-05
1.22618e-05
1.15828e-05
1.11073e-05
1.09026e-05
1.10802e-05
1.17787e-05
1.30495e-05
1.47356e-05
1.65476e-05
1.82516e-05
1.97525e-05
2.10534e-05
2.21771e-05
2.31758e-05
0.000123687
0.000187642
0.000227953
0.00024928
0.000258206
0.000257739
0.000246887
0.000228245
0.000207376
0.000188182
0.000172182
0.00015953
0.000149691
0.000141979
0.000135682
0.00013049
0.000125965
0.00012199
0.00011833
0.000114958
0.000111738
0.000108661
0.000105635
0.000102681
9.97467e-05
9.68559e-05
9.39985e-05
9.11729e-05
8.83791e-05
8.56162e-05
8.28815e-05
8.01679e-05
7.74721e-05
7.47914e-05
7.21206e-05
6.94576e-05
6.67968e-05
6.41353e-05
6.14704e-05
5.8802e-05
5.61304e-05
5.3458e-05
5.07846e-05
4.81175e-05
4.54623e-05
4.28272e-05
4.02189e-05
3.7649e-05
3.5132e-05
3.26752e-05
3.02918e-05
2.79986e-05
2.58103e-05
2.3739e-05
2.18008e-05
2.00139e-05
1.83909e-05
1.69464e-05
1.56985e-05
1.46673e-05
1.3895e-05
1.34636e-05
1.35176e-05
1.42572e-05
1.57916e-05
1.79504e-05
2.03421e-05
2.26166e-05
2.46166e-05
2.63369e-05
2.78089e-05
2.91171e-05
0.000122012
0.000198997
0.000250777
0.000281302
0.000297539
0.000303279
0.00029708
0.000280185
0.000258097
0.000236032
0.000216704
0.000200889
0.000188279
0.000178208
0.000169906
0.000162995
0.000156981
0.0001517
0.000146876
0.000142455
0.00013828
0.000134322
0.000130474
0.000126748
0.000123081
0.000119491
0.000115963
0.000112489
0.000109065
0.000105687
0.000102351
9.90475e-05
9.57722e-05
9.25224e-05
8.92922e-05
8.60792e-05
8.28763e-05
7.9679e-05
7.64828e-05
7.32855e-05
7.00856e-05
6.68844e-05
6.36793e-05
6.04765e-05
5.72809e-05
5.41e-05
5.09395e-05
4.78105e-05
4.47289e-05
4.17012e-05
3.8741e-05
3.58672e-05
3.30965e-05
3.04433e-05
2.79275e-05
2.55722e-05
2.33968e-05
2.1423e-05
1.96781e-05
1.8193e-05
1.70209e-05
1.62578e-05
1.60792e-05
1.67575e-05
1.84879e-05
2.11153e-05
2.41422e-05
2.70678e-05
2.96425e-05
3.18414e-05
3.37046e-05
3.53612e-05
0.000114064
0.000205203
0.00027013
0.000311337
0.000336074
0.000349147
0.000349048
0.000335665
0.000313677
0.000289219
0.000266471
0.000247152
0.00023135
0.000218503
0.000207817
0.000198851
0.000191055
0.00018421
0.000178002
0.000172341
0.000167043
0.000162058
0.000157262
0.000152653
0.000148158
0.000143784
0.00013951
0.000135322
0.000131209
0.000127164
0.000123178
0.00011924
0.000115343
0.000111485
0.00010766
0.000103866
0.000100094
9.63386e-05
9.2593e-05
8.88529e-05
8.51147e-05
8.13777e-05
7.76368e-05
7.38963e-05
7.01598e-05
6.64336e-05
6.27214e-05
5.90333e-05
5.53851e-05
5.17822e-05
4.82367e-05
4.47683e-05
4.13942e-05
3.81291e-05
3.49952e-05
3.20181e-05
2.92229e-05
2.66383e-05
2.43016e-05
2.22583e-05
2.05754e-05
1.93611e-05
1.88158e-05
1.92889e-05
2.1096e-05
2.41414e-05
2.78329e-05
3.14831e-05
3.47089e-05
3.74475e-05
3.97447e-05
4.17899e-05
9.92806e-05
0.000205129
0.00028498
0.000338575
0.000373229
0.000394873
0.000402267
0.000394237
0.0003742
0.000348438
0.00032252
0.00029947
0.000280045
0.000263933
0.000250387
0.000238926
0.000228959
0.000220207
0.000212313
0.000205146
0.000198495
0.00019228
0.000186357
0.000180707
0.000175245
0.000169966
0.00016484
0.000159843
0.000154958
0.00015017
0.000145466
0.00014083
0.000136254
0.000131735
0.000127267
0.000122846
0.000118467
0.00011412
0.000109798
0.000105493
0.0001012
9.69152e-05
9.26307e-05
8.83483e-05
8.407e-05
7.98002e-05
7.554e-05
7.12974e-05
6.70882e-05
6.29152e-05
5.87881e-05
5.47259e-05
5.0745e-05
4.68584e-05
4.30877e-05
3.94581e-05
3.59975e-05
3.27391e-05
2.97282e-05
2.70271e-05
2.47212e-05
2.29288e-05
2.18634e-05
2.19478e-05
2.3657e-05
2.70151e-05
3.13678e-05
3.58076e-05
3.97643e-05
4.31092e-05
4.58869e-05
4.83658e-05
7.77258e-05
0.000197641
0.000294077
0.000361915
0.000408152
0.000439786
0.000456086
0.000455159
0.000439188
0.000413896
0.000385685
0.000359033
0.000335703
0.000315865
0.000298941
0.00028447
0.000271847
0.000260746
0.000250771
0.000241745
0.000233426
0.000225702
0.000218404
0.000211493
0.000204869
0.000198511
0.000192379
0.000186438
0.00018066
0.000175021
0.000169502
0.000164081
0.000158745
0.000153489
0.000148308
0.000143199
0.000138155
0.000133168
0.000128226
0.000123322
0.000118445
0.00011359
0.000108745
0.000103909
9.90827e-05
9.42668e-05
8.94598e-05
8.46669e-05
7.99031e-05
7.51688e-05
7.04697e-05
6.58233e-05
6.12444e-05
5.67426e-05
5.23362e-05
4.80465e-05
4.39001e-05
3.99295e-05
3.61833e-05
3.27387e-05
2.97047e-05
2.72107e-05
2.54644e-05
2.49429e-05
2.63288e-05
2.9836e-05
3.48075e-05
4.00917e-05
4.48658e-05
4.88941e-05
5.22064e-05
5.5173e-05
5.21029e-05
0.00018189
0.000296026
0.000379946
0.000439672
0.000482944
0.000509678
0.000517532
0.000507704
0.000485101
0.000456235
0.000426732
0.000399593
0.000375756
0.000355007
0.000337006
0.000321192
0.000307224
0.000294682
0.00028335
0.000272956
0.000263355
0.00025435
0.000245878
0.000237824
0.000230146
0.000222792
0.000215715
0.000208874
0.000202233
0.000195763
0.000189433
0.000183224
0.000177128
0.000171137
0.000165251
0.000159462
0.000153762
0.000148139
0.000142581
0.000137075
0.000131613
0.000126178
0.000120766
0.000115374
0.000110002
0.000104642
9.92984e-05
9.39835e-05
8.86953e-05
8.34348e-05
7.82175e-05
7.30561e-05
6.7956e-05
6.29304e-05
5.7994e-05
5.31672e-05
4.84757e-05
4.39627e-05
3.9713e-05
3.58638e-05
3.25627e-05
2.99896e-05
2.86283e-05
2.94081e-05
3.28417e-05
3.83493e-05
4.45229e-05
5.02099e-05
5.50119e-05
5.89241e-05
6.24455e-05
2.79808e-05
0.000157714
0.000289385
0.000390947
0.00046627
0.000523078
0.000561966
0.000580318
0.000578575
0.00056095
0.000533635
0.000502809
0.000472583
0.000444885
0.000420105
0.000398175
0.000378678
0.000361311
0.000345666
0.00033151
0.000318549
0.00030661
0.000295475
0.000285051
0.000275209
0.000265887
0.000257019
0.000248543
0.000240402
0.000232547
0.000224936
0.000217525
0.000210288
0.000203209
0.000196278
0.000189492
0.000182847
0.000176333
0.000169939
0.000163648
0.000157445
0.000151318
0.000145246
0.000139219
0.000133231
0.000127279
0.000121352
0.000115448
0.000109579
0.000103739
9.79249e-05
9.21487e-05
8.64222e-05
8.07466e-05
7.51289e-05
6.9576e-05
6.40988e-05
5.87098e-05
5.34361e-05
4.83565e-05
4.36328e-05
3.94445e-05
3.59332e-05
3.35079e-05
3.3353e-05
3.64411e-05
4.23708e-05
4.94748e-05
5.61819e-05
6.18638e-05
6.6455e-05
7.06144e-05
1.22728e-05
0.000125752
0.000272742
0.000392926
0.000486043
0.00055853
0.000611522
0.000642253
0.000650506
0.000640001
0.00061661
0.000586604
0.000554785
0.00052401
0.00049545
0.000469497
0.000446013
0.000424815
0.000405571
0.00038806
0.000371997
0.000357196
0.000343424
0.00033057
0.000318489
0.000307104
0.000296336
0.000286107
0.000276346
0.000266988
0.000257974
0.000249248
0.000240768
0.00023251
0.000224456
0.000216605
0.000208949
0.000201482
0.00019419
0.000187056
0.000180059
0.000173183
0.000166402
0.0001597
0.000153066
0.000146495
0.00013997
0.000133484
0.000127045
0.000120648
0.00011428
0.000107952
0.000101673
9.54424e-05
8.92613e-05
8.31294e-05
7.70481e-05
7.10121e-05
6.50226e-05
5.91334e-05
5.35147e-05
4.83952e-05
4.38959e-05
4.02402e-05
3.88207e-05
4.12799e-05
4.75149e-05
5.56052e-05
6.34596e-05
7.01461e-05
7.55119e-05
8.04105e-05
6.56798e-06
8.8406e-05
0.000244913
0.000383751
0.000496706
0.000587207
0.000656497
0.000701717
0.000722006
0.000720676
0.000703464
0.000676622
0.000645307
0.00061299
0.000581575
0.000552028
0.00052463
0.000499436
0.000476271
0.000454981
0.000435332
0.000417147
0.000400205
0.000384386
0.000369542
0.000355587
0.000342437
0.000330004
0.000318204
0.000306957
0.000296188
0.000285824
0.000275808
0.000266101
0.000256678
0.000247532
0.000238654
0.00023004
0.000221675
0.000213541
0.00020561
0.000197862
0.000190265
0.000182795
0.000175437
0.000168181
0.000161004
0.000153893
0.000146853
0.000139875
0.000132941
0.000126054
0.000119225
0.000112452
0.000105729
9.90542e-05
9.24202e-05
8.58057e-05
7.91784e-05
7.25483e-05
6.60628e-05
6.00172e-05
5.45771e-05
4.9669e-05
4.67736e-05
4.84502e-05
5.49641e-05
6.41622e-05
7.33351e-05
8.11829e-05
8.74532e-05
9.32028e-05
4.06061e-06
5.11993e-05
0.000205659
0.000361505
0.000495648
0.000606532
0.000694539
0.000756622
0.000791233
0.000801232
0.000792353
0.000770909
0.000742381
0.000710594
0.000677959
0.000645941
0.000615292
0.000586402
0.000559345
0.000534116
0.000510585
0.000488625
0.000468055
0.000448769
0.000430633
0.000413567
0.000397493
0.000382324
0.000367973
0.00035435
0.00034137
0.000328944
0.000316998
0.000305479
0.00029435
0.000283594
0.000273205
0.000263174
0.000253491
0.000244134
0.00023507
0.000226271
0.000217701
0.000209326
0.000201123
0.000193076
0.00018516
0.00017735
0.000169648
0.000162042
0.000154505
0.000147035
0.000139642
0.000132321
0.000125067
0.000117874
0.000110736
0.000103618
9.64563e-05
8.92027e-05
8.19446e-05
7.50518e-05
6.88787e-05
6.30377e-05
5.90672e-05
6.09364e-05
6.86492e-05
7.95729e-05
9.05123e-05
9.99055e-05
0.000107499
0.000114093
3.03301e-06
2.38484e-05
0.00015682
0.000325158
0.000480131
0.000613436
0.000722727
0.000804302
0.000855828
0.000879577
0.000881241
0.000867361
0.000843798
0.000814737
0.000782938
0.000750204
0.000717661
0.000686018
0.000655653
0.000626774
0.000599421
0.000573577
0.000549143
0.000526055
0.000504216
0.00048357
0.000464063
0.000445624
0.000428177
0.000411635
0.000395909
0.000380906
0.000366539
0.000352743
0.000339468
0.000326691
0.000314401
0.000302593
0.000291257
0.00028037
0.000269898
0.000259802
0.000250036
0.000240559
0.000231335
0.000222346
0.000213556
0.000204932
0.000196471
0.000188156
0.000179953
0.000171849
0.000163854
0.000155966
0.000148177
0.000140486
0.000132893
0.000125365
0.000117813
0.000110141
0.000102356
9.49269e-05
8.87357e-05
8.36386e-05
8.03042e-05
8.23701e-05
9.1578e-05
0.000104735
0.000117815
0.000128969
0.000137998
0.000145639
2.71481e-06
1.02951e-05
0.000103486
0.00027512
0.000447705
0.000604452
0.000737522
0.000841423
0.000912773
0.000953054
0.000967766
0.000963735
0.000947224
0.00092297
0.000894098
0.000862678
0.000830092
0.000797277
0.000764853
0.000733237
0.000702674
0.000673298
0.000645144
0.000618234
0.00059254
0.000568061
0.000544783
0.000522671
0.000501673
0.000481722
0.000462739
0.000444635
0.000427324
0.000410734
0.00039481
0.000379525
0.000364868
0.000350841
0.00033744
0.000324647
0.000312424
0.000300722
0.000289487
0.000278664
0.000268205
0.00025808
0.000248252
0.000238676
0.000229338
0.000220219
0.00021128
0.000202499
0.000193884
0.000185439
0.000177167
0.000169082
0.00016121
0.000153544
0.000146017
0.000138547
0.000131135
0.000124133
0.000118204
0.000113455
0.000110383
0.000112434
0.000123139
0.000138715
0.000154068
0.000167051
0.000177554
0.000186393
2.8445e-06
5.96224e-06
5.53349e-05
0.000212997
0.00039689
0.000576033
0.000734795
0.000863898
0.000958264
0.00101826
0.00104894
0.00105734
0.00105016
0.00103275
0.00100878
0.000980649
0.000949986
0.000917897
0.000885163
0.000852338
0.000819824
0.000787896
0.000756733
0.000726468
0.000697186
0.00066897
0.000641884
0.000615952
0.000591171
0.00056751
0.000544916
0.000523321
0.000502647
0.000482827
0.000463812
0.000445576
0.00042812
0.000411459
0.000395606
0.000380556
0.000366273
0.000352702
0.000339777
0.000327427
0.000315589
0.000304222
0.000293281
0.000282715
0.000272493
0.000262593
0.000252973
0.000243599
0.000234463
0.000225563
0.000216886
0.000208423
0.000200188
0.00019218
0.000184357
0.000176668
0.000169126
0.000162018
0.000155965
0.00015124
0.000148241
0.000149959
0.000161932
0.000180035
0.000197716
0.000212605
0.000224663
3.00402e-06
4.19624e-06
2.35555e-05
0.000142286
0.000328296
0.000525264
0.000710043
0.000866866
0.0009876
0.00107088
0.00112093
0.00114478
0.0011496
0.00114131
0.00112424
0.00110128
0.0010744
0.0010449
0.00101372
0.000981512
0.000948769
0.000915848
0.000883026
0.000850512
0.000818508
0.000787189
0.000756713
0.000727201
0.00069873
0.000671336
0.000645022
0.000619757
0.000595495
0.000572189
0.000549803
0.000528328
0.000507781
0.000488202
0.00046963
0.000452078
0.000435515
0.000419872
0.000405058
0.000390975
0.000377528
0.000364652
0.000352292
0.000340389
0.000328897
0.000317799
0.00030706
0.000296636
0.000286513
0.000276692
0.000267154
0.000257875
0.000248859
0.000240113
0.000231608
0.000223302
0.000215212
0.000207575
0.000201068
0.000196122
0.00019302
0.000193931
0.000206725
0.000227735
0.000248142
0.000265269
0.000279159
3.08213e-06
3.4292e-06
9.9962e-06
7.55243e-05
0.000246181
0.000451306
0.000659013
0.000844839
0.000995118
0.00110554
0.00117886
0.00122174
0.00124169
0.00124524
0.00123738
0.0012216
0.00120033
0.00117518
0.0011473
0.00111748
0.0010863
0.00105417
0.00102141
0.000988287
0.000955049
0.000921918
0.000889123
0.000856865
0.000825313
0.000794595
0.000764798
0.000735965
0.000708107
0.000681223
0.000655309
0.000630383
0.000606486
0.000583684
0.00056204
0.000541586
0.000522297
0.000504096
0.000486876
0.000470527
0.000454935
0.000440019
0.000425723
0.000411978
0.000398728
0.000385953
0.000373625
0.000361689
0.000350124
0.000338934
0.0003281
0.000317581
0.000307376
0.000297499
0.00028793
0.000278626
0.000269599
0.000261052
0.000253767
0.000248339
0.000244643
0.000244211
0.000257612
0.000282358
0.000305567
0.00032457
0.000339937
3.28011e-06
5.63607e-06
3.04646e-05
0.000157427
0.000357103
0.000579036
0.000792247
0.000974302
0.00111571
0.00121662
0.0012827
0.00132152
0.00134016
0.0013443
0.0013381
0.0013245
0.00130553
0.00128265
0.00125686
0.00122887
0.0011992
0.00116823
0.00113626
0.00110355
0.00107033
0.00103686
0.00100335
0.000970025
0.000937072
0.000904649
0.000872877
0.000841842
0.000811612
0.00078224
0.000753788
0.000726337
0.000699987
0.00067484
0.00065097
0.000628383
0.000607025
0.000586795
0.000567585
0.00054927
0.000531757
0.000514986
0.000498884
0.000483375
0.000468441
0.000454055
0.000440151
0.000426692
0.00041369
0.000401128
0.00038895
0.000377143
0.000365734
0.00035471
0.000344024
0.00033368
0.000323845
0.000315454
0.000308936
0.000304157
0.000301921
0.000315393
0.000341348
0.000365722
0.000385999
0.000402595
3.28356e-06
4.03648e-06
1.15509e-05
7.68572e-05
0.000251032
0.000471584
0.000704867
0.000918309
0.00109379
0.00122672
0.00132071
0.00138281
0.00142047
0.00144
0.00144627
0.00144282
0.00143219
0.00141621
0.00139616
0.00137297
0.00134732
0.0013197
0.00129046
0.00125992
0.00122832
0.00119592
0.00116294
0.0011296
0.0010961
0.00106261
0.0010293
0.000996278
0.000963658
0.000931537
0.000900018
0.000869222
0.000839299
0.000810411
0.000782711
0.000756297
0.000731187
0.000707332
0.000684648
0.000663014
0.000642327
0.000622523
0.000603523
0.000585233
0.000567627
0.000550685
0.000534331
0.000518507
0.000503233
0.000488498
0.000474227
0.000460391
0.000447031
0.000434147
0.000421682
0.000409629
0.000398123
0.000388055
0.000379889
0.000373526
0.000369064
0.000379337
0.00040413
0.000428533
0.000449528
0.000467091
3.30061e-06
3.57608e-06
5.9711e-06
2.80399e-05
0.00014615
0.000345766
0.00058281
0.00082146
0.00103163
0.0012004
0.00132723
0.00141767
0.001479
0.00151805
0.00154036
0.00155015
0.00155051
0.00154372
0.00153142
0.00151483
0.00149483
0.00147207
0.00144704
0.00142012
0.00139163
0.00136184
0.001331
0.00129933
0.00126703
0.00123428
0.00120124
0.00116802
0.00113474
0.00110147
0.00106832
0.00103539
0.0010028
0.00097074
0.000939408
0.000909027
0.000879776
0.000851758
0.000824997
0.000799426
0.000774955
0.000751522
0.000729048
0.000707419
0.000686593
0.000666562
0.00064724
0.000628542
0.000610492
0.000593096
0.000576262
0.000559934
0.000544172
0.000528995
0.000514328
0.000500152
0.000486583
0.000474239
0.000463842
0.000455329
0.000448349
0.000451478
0.000472467
0.000495547
0.000516418
0.000534405
3.31291e-06
3.42955e-06
4.25618e-06
1.05153e-05
6.1899e-05
0.000218256
0.000435208
0.000682651
0.000922176
0.00112817
0.00129226
0.00141638
0.00150674
0.00157023
0.00161295
0.00163978
0.00165444
0.00165971
0.00165767
0.00164987
0.00163745
0.00162129
0.00160204
0.00158022
0.00155622
0.00153041
0.00150309
0.0014745
0.00144488
0.00141443
0.00138329
0.00135161
0.00131947
0.00128696
0.00125414
0.00122108
0.00118784
0.00115452
0.00112124
0.00108816
0.00105548
0.00102346
0.000992361
0.000962356
0.000933498
0.000905803
0.00087923
0.000853651
0.000829008
0.000805308
0.000782458
0.000760334
0.00073896
0.000718373
0.000698461
0.000679132
0.00066046
0.000642499
0.000625159
0.000608396
0.000592348
0.000577303
0.000564022
0.000552699
0.000542884
0.00053783
0.000549633
0.000569218
0.000588647
0.000606122
3.3221e-06
3.38255e-06
3.68004e-06
5.5915e-06
2.00993e-05
0.000106265
0.00028201
0.000511025
0.000763343
0.00100172
0.00120493
0.00136756
0.00149266
0.00158624
0.00165458
0.0017031
0.00173614
0.00175705
0.00176841
0.00177215
0.00176975
0.00176234
0.00175078
0.00173577
0.00171785
0.00169746
0.00167501
0.00165081
0.00162516
0.00159828
0.00157037
0.00154159
0.00151206
0.00148186
0.00145105
0.00141968
0.0013878
0.00135542
0.00132262
0.00128943
0.00125594
0.00122226
0.00118855
0.00115501
0.00112192
0.00108964
0.00105841
0.00102824
0.000999124
0.00097111
0.000944115
0.000917957
0.000892657
0.000868296
0.000844747
0.000821857
0.000799713
0.000778427
0.000757893
0.00073802
0.000718984
0.000701043
0.000684318
0.000669402
0.000656108
0.000645082
0.000642517
0.00065359
0.000669185
0.000684604
3.326e-06
3.36591e-06
3.48256e-06
4.12595e-06
7.97535e-06
3.50039e-05
0.000145678
0.000330338
0.000565124
0.000818516
0.00105589
0.00125904
0.0014239
0.00155354
0.00165345
0.00172918
0.00178558
0.00182656
0.00185522
0.00187396
0.00188463
0.00188869
0.00188725
0.00188122
0.0018713
0.0018581
0.00184212
0.00182378
0.00180344
0.00178141
0.00175795
0.00173327
0.00170752
0.00168083
0.00165328
0.00162494
0.00159585
0.00156603
0.00153551
0.0015043
0.00147242
0.0014399
0.00140677
0.00137309
0.00133894
0.0013045
0.00126995
0.00123554
0.00120164
0.00116873
0.00113694
0.00110607
0.00107616
0.00104738
0.00101958
0.000992503
0.000966261
0.000941052
0.000916755
0.000893192
0.000870574
0.000849267
0.00082907
0.000810047
0.000792311
0.000776095
0.000763642
0.000758254
0.000763428
0.000773702
3.32254e-06
3.35452e-06
3.41395e-06
3.64819e-06
4.80984e-06
1.12499e-05
4.9832e-05
0.000170771
0.000356658
0.000591049
0.000843227
0.00108091
0.00128713
0.0014578
0.00159538
0.00170453
0.00179014
0.00185654
0.0019073
0.00194533
0.00197291
0.00199185
0.00200358
0.00200927
0.00200984
0.00200605
0.00199855
0.0019879
0.00197455
0.0019589
0.00194129
0.00192199
0.00190124
0.00187921
0.00185602
0.00183179
0.00180658
0.00178044
0.00175341
0.00172551
0.00169673
0.00166708
0.00163658
0.00160521
0.001573
0.00153997
0.00150617
0.00147166
0.00143655
0.00140106
0.00136537
0.00132972
0.00129465
0.00126077
0.00122802
0.00119606
0.001165
0.0011352
0.00110651
0.00107861
0.00105173
0.00102642
0.00100247
0.000979309
0.000956792
0.000934875
0.000915057
0.000898348
0.000887451
0.000882092
3.3178e-06
3.34545e-06
3.385e-06
3.48217e-06
3.87587e-06
5.59502e-06
1.40975e-05
5.75754e-05
0.000176915
0.000356507
0.000584536
0.000833525
0.00107277
0.00128487
0.00146462
0.00161324
0.00173445
0.00183242
0.00191103
0.00197357
0.00202277
0.00206084
0.00208958
0.00211044
0.00212461
0.00213306
0.00213663
0.002136
0.00213177
0.00212445
0.00211447
0.0021022
0.00208793
0.00207193
0.00205437
0.00203542
0.00201519
0.00199378
0.00197125
0.00194765
0.00192299
0.00189731
0.00187061
0.00184288
0.00181412
0.00178435
0.00175358
0.00172178
0.00168898
0.00165526
0.00162063
0.00158513
0.00154892
0.00151224
0.00147522
0.00143807
0.0014015
0.00136636
0.00133257
0.00129957
0.00126764
0.0012376
0.00120936
0.0011816
0.00115417
0.00112712
0.00110036
0.00107455
0.00105238
0.00103405
3.32529e-06
3.35209e-06
3.38303e-06
3.43596e-06
3.58239e-06
4.11213e-06
6.13982e-06
1.49274e-05
5.4921e-05
0.000163018
0.000328877
0.000543892
0.00078645
0.00102722
0.00124707
0.00143848
0.00160091
0.00173684
0.00184969
0.00194283
0.00201931
0.0020817
0.00213216
0.00217249
0.00220417
0.00222843
0.0022463
0.00225867
0.00226629
0.00226979
0.00226973
0.00226658
0.00226073
0.00225252
0.00224222
0.00223005
0.00221619
0.00220078
0.00218393
0.00216573
0.00214623
0.00212549
0.00210354
0.0020804
0.00205608
0.00203059
0.00200396
0.00197616
0.00194721
0.00191713
0.00188594
0.00185361
0.00182019
0.00178575
0.00175031
0.00171386
0.00167658
0.0016388
0.00160058
0.00156205
0.00152419
0.00148858
0.00145526
0.00142233
0.00138914
0.00135676
0.00132419
0.0012907
0.00125899
0.00123034
3.33542e-06
3.36445e-06
3.39484e-06
3.43645e-06
3.50475e-06
3.68984e-06
4.27301e-06
6.19558e-06
1.34361e-05
4.36492e-05
0.000131905
0.000277077
0.000471096
0.000701011
0.000940537
0.00116803
0.00137255
0.00155091
0.00170398
0.00183415
0.00194426
0.00203702
0.00211486
0.00217989
0.00223388
0.00227835
0.00231459
0.00234368
0.00236657
0.00238405
0.00239682
0.00240547
0.00241053
0.00241241
0.00241148
0.00240804
0.00240235
0.00239462
0.002385
0.00237363
0.00236062
0.00234605
0.00233
0.00231251
0.00229362
0.00227337
0.0022518
0.0022289
0.0022047
0.00217923
0.00215251
0.00212454
0.00209533
0.00206492
0.00203335
0.00200058
0.00196667
0.00193175
0.00189585
0.00185896
0.00182141
0.00178385
0.0017463
0.00170766
0.00166753
0.00162903
0.00159055
0.00154979
0.00151029
0.00147383
3.31532e-06
3.34337e-06
3.3768e-06
3.41366e-06
3.46374e-06
3.55052e-06
3.75171e-06
4.28249e-06
5.79089e-06
1.06904e-05
2.92722e-05
9.05242e-05
0.000208522
0.000373282
0.000580427
0.000811213
0.00104272
0.00125957
0.0014548
0.0016268
0.00177654
0.00190604
0.00201759
0.00211337
0.0021954
0.00226542
0.00232497
0.00237538
0.00241779
0.00245318
0.00248243
0.00250628
0.00252536
0.00254024
0.00255138
0.0025592
0.00256401
0.00256612
0.00256576
0.00256311
0.00255835
0.0025516
0.00254298
0.00253257
0.00252044
0.00250666
0.0024913
0.00247437
0.00245592
0.002436
0.00241465
0.00239189
0.00236773
0.00234223
0.00231544
0.00228735
0.00225801
0.00222752
0.00219592
0.00216328
0.0021298
0.00209593
0.00206181
0.00202677
0.00198956
0.00194955
0.00190535
0.0018562
0.00180877
0.00176591
3.2877e-06
3.31114e-06
3.33993e-06
3.37265e-06
3.41244e-06
3.4667e-06
3.55661e-06
3.73722e-06
4.14585e-06
5.15675e-06
7.99061e-06
1.73958e-05
5.04973e-05
0.000133368
0.000263223
0.000435392
0.00064368
0.000869458
0.00109365
0.00130412
0.00149547
0.00166632
0.00181738
0.00195017
0.00206651
0.00216819
0.00225689
0.00233411
0.00240119
0.00245932
0.00250954
0.00255277
0.00258979
0.00262131
0.00264792
0.00267015
0.00268844
0.00270316
0.00271463
0.00272314
0.0027289
0.0027321
0.00273292
0.00273148
0.00272789
0.00272226
0.00271467
0.00270518
0.00269386
0.00268077
0.00266599
0.00264953
0.00263146
0.00261182
0.00259069
0.0025681
0.0025441
0.00251878
0.00249224
0.00246457
0.002436
0.00240688
0.0023775
0.00234762
0.00231629
0.00228247
0.00224492
0.00220269
0.0021576
0.00211087
3.28336e-06
3.31085e-06
3.33835e-06
3.36667e-06
3.39776e-06
3.4348e-06
3.48424e-06
3.56084e-06
3.69793e-06
3.97184e-06
4.57306e-06
6.04366e-06
1.01988e-05
2.37932e-05
6.64552e-05
0.000156144
0.000286075
0.000454701
0.000656245
0.000874617
0.00109322
0.00130101
0.00149266
0.00166642
0.00182245
0.00196179
0.00208581
0.00219596
0.00229366
0.00238019
0.00245677
0.00252444
0.00258418
0.00263682
0.0026831
0.00272368
0.00275912
0.00278992
0.0028165
0.00283921
0.00285838
0.00287425
0.00288708
0.00289703
0.00290427
0.00290894
0.00291119
0.00291109
0.00290874
0.00290422
0.00289765
0.00288906
0.00287852
0.00286611
0.0028519
0.00283597
0.00281838
0.00279922
0.00277862
0.00275669
0.00273366
0.00270987
0.00268566
0.00266102
0.00263538
0.00260775
0.00257714
0.00254285
0.00250545
0.00246566
3.25176e-06
3.27322e-06
3.30019e-06
3.33094e-06
3.36457e-06
3.40125e-06
3.44236e-06
3.49164e-06
3.55748e-06
3.65766e-06
3.83073e-06
4.16563e-06
4.88615e-06
6.62261e-06
1.14141e-05
2.62852e-05
6.91749e-05
0.000154091
0.000274816
0.000430664
0.000618777
0.000826884
0.00104017
0.00124732
0.00144202
0.00162161
0.00178547
0.00193405
0.00206827
0.00218926
0.00229816
0.0023961
0.00248413
0.00256321
0.00263422
0.00269793
0.00275505
0.00280619
0.00285188
0.0028926
0.00292876
0.0029607
0.00298873
0.00301311
0.00303407
0.00305181
0.0030665
0.00307827
0.00308726
0.00309359
0.00309738
0.0030987
0.00309765
0.00309433
0.00308882
0.0030812
0.00307158
0.00306004
0.00304672
0.00303176
0.00301538
0.00299789
0.00297965
0.00296079
0.00294099
0.00291947
0.00289542
0.00286833
0.00283831
0.00280575
3.15991e-06
3.17031e-06
3.18253e-06
3.19553e-06
3.20848e-06
3.21407e-06
3.21116e-06
3.21732e-06
3.22626e-06
3.24684e-06
3.2743e-06
3.30754e-06
3.34574e-06
3.3888e-06
3.43808e-06
3.49732e-06
3.57472e-06
3.68782e-06
3.87507e-06
4.22424e-06
4.94902e-06
6.62152e-06
1.09685e-05
2.35239e-05
5.84076e-05
0.000129853
0.000234304
0.000369694
0.000536823
0.000728821
0.00093355
0.00113925
0.00133775
0.00152467
0.00169824
0.00185812
0.00200466
0.00213857
0.00226075
0.00237212
0.00247357
0.00256595
0.00265005
0.00272661
0.00279626
0.00285958
0.00291709
0.00296924
0.00301643
0.003059
0.00309725
0.00313144
0.00316182
0.00318857
0.00321188
0.00323189
0.00324876
0.00326262
0.00327356
0.00328172
0.0032872
0.00329011
0.00329054
0.00328862
0.00328448
0.00327827
0.0032702
0.00326056
0.00324968
0.00323779
0.00322472
0.00320996
0.00319286
0.00317302
0.00315039
0.00312512
3.1575e-06
3.16722e-06
3.1786e-06
3.19076e-06
3.20344e-06
3.21199e-06
3.22071e-06
3.22648e-06
3.23112e-06
3.23769e-06
3.24778e-06
3.26255e-06
3.28251e-06
3.30772e-06
3.33826e-06
3.37471e-06
3.41856e-06
3.47317e-06
3.54574e-06
3.65147e-06
3.82297e-06
4.13189e-06
4.74312e-06
6.06677e-06
9.23439e-06
1.76169e-05
4.03384e-05
9.15931e-05
0.000174552
0.000284451
0.000422893
0.000589343
0.000776836
0.000975066
0.00117433
0.00136772
0.00155135
0.00172353
0.0018838
0.00203233
0.00216959
0.00229623
0.00241299
0.00252056
0.00261964
0.00271088
0.00279487
0.00287214
0.00294319
0.00300845
0.00306831
0.0031231
0.00317312
0.00321864
0.00325989
0.00329708
0.0033304
0.00336001
0.00338607
0.0034087
0.00342806
0.00344427
0.00345744
0.00346771
0.00347521
0.00348011
0.00348261
0.00348295
0.00348145
0.00347836
0.00347367
0.00346705
0.00345807
0.00344641
0.00343199
0.00341478
3.15537e-06
3.16502e-06
3.17577e-06
3.18712e-06
3.19949e-06
3.21022e-06
3.22361e-06
3.23631e-06
3.24647e-06
3.25525e-06
3.26351e-06
3.27226e-06
3.28249e-06
3.29496e-06
3.31024e-06
3.32882e-06
3.3513e-06
3.37853e-06
3.41204e-06
3.45474e-06
3.51238e-06
3.59659e-06
3.73109e-06
3.9653e-06
4.40559e-06
5.29417e-06
7.23191e-06
1.18453e-05
2.36106e-05
5.2414e-05
0.000108591
0.000191081
0.000296962
0.00042849
0.00058555
0.000762962
0.000952522
0.00114584
0.00133629
0.0015196
0.00169359
0.00185738
0.00201086
0.00215424
0.00228792
0.00241242
0.00252828
0.00263605
0.00273623
0.00282932
0.00291576
0.00299597
0.00307029
0.00313907
0.00320261
0.00326116
0.00331497
0.00336424
0.00340917
0.00344993
0.0034867
0.00351961
0.00354883
0.00357447
0.00359671
0.0036157
0.00363163
0.00364472
0.00365525
0.00366348
0.00366949
0.00367315
0.00367422
0.00367247
0.00366783
0.0036602
3.15359e-06
3.16323e-06
3.17315e-06
3.18325e-06
3.1938e-06
3.20267e-06
3.21237e-06
3.2214e-06
3.23151e-06
3.24288e-06
3.25489e-06
3.26722e-06
3.27986e-06
3.29291e-06
3.3066e-06
3.32121e-06
3.33707e-06
3.35458e-06
3.37425e-06
3.39682e-06
3.42353e-06
3.45656e-06
3.50001e-06
3.5617e-06
3.65685e-06
3.81537e-06
4.09731e-06
4.6277e-06
5.68326e-06
7.92668e-06
1.30568e-05
2.53584e-05
5.331e-05
0.000104996
0.0001795
0.00027415
0.000390931
0.000531172
0.000692368
0.00086886
0.00105371
0.00124041
0.00142398
0.0016012
0.00177034
0.00193068
0.00208209
0.00222471
0.00235878
0.00248469
0.0026028
0.00271351
0.00281719
0.00291422
0.00300493
0.00308962
0.00316856
0.00324203
0.00331024
0.00337343
0.00343178
0.00348546
0.00353466
0.00357953
0.00362024
0.00365694
0.00368982
0.00371908
0.00374496
0.0037677
0.00378747
0.00380429
0.00381808
0.00382874
0.00383622
0.00384043
3.15218e-06
3.16146e-06
3.17055e-06
3.1797e-06
3.18912e-06
3.19741e-06
3.20641e-06
3.21501e-06
3.2238e-06
3.2335e-06
3.24423e-06
3.25599e-06
3.26871e-06
3.2823e-06
3.29668e-06
3.3118e-06
3.32769e-06
3.34437e-06
3.36197e-06
3.38063e-06
3.40062e-06
3.4224e-06
3.44671e-06
3.47494e-06
3.50961e-06
3.5554e-06
3.62105e-06
3.72295e-06
3.89203e-06
4.18782e-06
4.72885e-06
5.7646e-06
7.85764e-06
1.23507e-05
2.24161e-05
4.4312e-05
8.52769e-05
0.000146667
0.000225569
0.000322415
0.000439526
0.000577269
0.000733135
0.000902501
0.00107986
0.00125994
0.00143847
0.00161243
0.00177997
0.00194017
0.00209267
0.00223745
0.00237457
0.00250427
0.00262679
0.00274237
0.00285124
0.00295369
0.00304997
0.0031403
0.00322489
0.00330394
0.00337763
0.00344615
0.00350965
0.00356831
0.0036223
0.00367179
0.003717
0.00375815
0.00379545
0.00382905
0.003859
0.00388534
0.00390806
0.0039271
3.15111e-06
3.15975e-06
3.16813e-06
3.17648e-06
3.18483e-06
3.19226e-06
3.2e-06
3.20743e-06
3.21515e-06
3.22361e-06
3.23298e-06
3.24329e-06
3.25459e-06
3.26689e-06
3.28018e-06
3.29442e-06
3.30962e-06
3.32575e-06
3.34281e-06
3.3608e-06
3.37975e-06
3.39972e-06
3.42081e-06
3.44324e-06
3.46742e-06
3.49409e-06
3.52462e-06
3.56151e-06
3.60934e-06
3.67635e-06
3.77741e-06
3.93946e-06
4.21191e-06
4.68793e-06
5.55119e-06
7.18526e-06
1.04341e-05
1.71801e-05
3.12616e-05
5.84835e-05
0.000103011
0.000163851
0.000239131
0.000329986
0.000438469
0.000565165
0.000708594
0.000865621
0.00103204
0.00120373
0.00137673
0.00154791
0.00171498
0.00187656
0.00203183
0.00218041
0.00232214
0.00245708
0.00258533
0.002707
0.0028222
0.00293109
0.00303384
0.0031306
0.00322151
0.00330673
0.0033864
0.00346067
0.00352972
0.00359374
0.00365297
0.00370763
0.00375792
0.00380394
0.00384577
0.00388338
3.15001e-06
3.15805e-06
3.16593e-06
3.17355e-06
3.18086e-06
3.18744e-06
3.19413e-06
3.2007e-06
3.20755e-06
3.21491e-06
3.22301e-06
3.2319e-06
3.24162e-06
3.2522e-06
3.26366e-06
3.27602e-06
3.2893e-06
3.30352e-06
3.3187e-06
3.33485e-06
3.35198e-06
3.37011e-06
3.38926e-06
3.40946e-06
3.43077e-06
3.45329e-06
3.47723e-06
3.50295e-06
3.53114e-06
3.56303e-06
3.60079e-06
3.6483e-06
3.71228e-06
3.80443e-06
3.945e-06
4.16932e-06
4.54011e-06
5.17246e-06
6.28691e-06
8.32693e-06
1.22129e-05
1.98229e-05
3.45549e-05
6.08854e-05
0.000101597
0.000155806
0.00022198
0.000300792
0.000394011
0.000502904
0.000627276
0.00076565
0.000915203
0.00107323
0.00123633
0.0014014
0.00156576
0.00172743
0.00188493
0.00203731
0.00218393
0.0023245
0.00245888
0.00258701
0.00270888
0.00282451
0.00293397
0.0030373
0.00313462
0.00322604
0.0033118
0.00339215
0.00346734
0.00353756
0.00360292
0.00366347
3.1408e-06
3.14847e-06
3.15655e-06
3.16403e-06
3.17078e-06
3.17699e-06
3.18261e-06
3.18826e-06
3.19392e-06
3.19976e-06
3.20609e-06
3.21307e-06
3.22073e-06
3.22909e-06
3.23818e-06
3.24799e-06
3.25855e-06
3.26987e-06
3.28199e-06
3.29493e-06
3.30871e-06
3.32337e-06
3.33892e-06
3.35539e-06
3.37281e-06
3.39119e-06
3.41057e-06
3.431e-06
3.45253e-06
3.47527e-06
3.49942e-06
3.52528e-06
3.55342e-06
3.58485e-06
3.62124e-06
3.6655e-06
3.7225e-06
3.80034e-06
3.9125e-06
4.08129e-06
4.34412e-06
4.76476e-06
5.45548e-06
6.62142e-06
8.65155e-06
1.22986e-05
1.89899e-05
3.11725e-05
5.21307e-05
8.44386e-05
0.00012824
0.000182145
0.000245783
0.000320146
0.000406837
0.000506703
0.000619782
0.000744868
0.000880633
0.00102496
0.00117544
0.0013295
0.00148487
0.00163958
0.001792
0.00194081
0.00208507
0.00222413
0.00235751
0.00248495
0.00260635
0.00272174
0.0028313
0.00293522
0.00303367
0.00312674
0.00321448
3.13997e-06
3.14702e-06
3.15538e-06
3.16222e-06
3.16795e-06
3.17309e-06
3.1778e-06
3.18252e-06
3.18732e-06
3.19221e-06
3.19761e-06
3.20356e-06
3.21009e-06
3.21722e-06
3.22495e-06
3.2333e-06
3.24227e-06
3.25187e-06
3.26213e-06
3.27305e-06
3.28467e-06
3.297e-06
3.31007e-06
3.32389e-06
3.3385e-06
3.3539e-06
3.37014e-06
3.38722e-06
3.40518e-06
3.42405e-06
3.44388e-06
3.46472e-06
3.48666e-06
3.50987e-06
3.5346e-06
3.56127e-06
3.5906e-06
3.62378e-06
3.66276e-06
3.71069e-06
3.77265e-06
3.85671e-06
3.97565e-06
4.14972e-06
4.41133e-06
4.8131e-06
5.44286e-06
6.45163e-06
8.10703e-06
1.08907e-05
1.56678e-05
2.38989e-05
3.77271e-05
5.9474e-05
9.05417e-05
0.000130592
0.000178603
0.000234205
0.000298255
0.00037185
0.000455913
0.000550679
0.000655969
0.000771116
0.000894921
0.00102581
0.00116201
0.00130168
0.00144297
0.00158424
0.00172408
0.00186137
0.00199535
0.00212545
0.00225124
0.00237238
0.00248859
3.13874e-06
3.14618e-06
3.15427e-06
3.16027e-06
3.16502e-06
3.16922e-06
3.17312e-06
3.17704e-06
3.18107e-06
3.18523e-06
3.18983e-06
3.19485e-06
3.20037e-06
3.2064e-06
3.21294e-06
3.21999e-06
3.22756e-06
3.23566e-06
3.24429e-06
3.25348e-06
3.26323e-06
3.27357e-06
3.2845e-06
3.29605e-06
3.30822e-06
3.32105e-06
3.33453e-06
3.3487e-06
3.36357e-06
3.37915e-06
3.39547e-06
3.41255e-06
3.43042e-06
3.44912e-06
3.46868e-06
3.48919e-06
3.51075e-06
3.53355e-06
3.55788e-06
3.58421e-06
3.61329e-06
3.64631e-06
3.68515e-06
3.73268e-06
3.79335e-06
3.8739e-06
3.98453e-06
4.14067e-06
4.36581e-06
4.69608e-06
5.18839e-06
5.9342e-06
7.08424e-06
8.89014e-06
1.17814e-05
1.64677e-05
2.40592e-05
3.60653e-05
5.41473e-05
7.94036e-05
0.000111864
0.000150747
0.000195504
0.000246237
0.000303559
0.000368167
0.000440613
0.000521155
0.000609678
0.000705751
0.000808675
0.000917601
0.00103162
0.00114975
0.0012709
0.00139395
0.00151777
3.13525e-06
3.13724e-06
3.14564e-06
3.15314e-06
3.15823e-06
3.16207e-06
3.16544e-06
3.16863e-06
3.17187e-06
3.17524e-06
3.17878e-06
3.18255e-06
3.18679e-06
3.19144e-06
3.19652e-06
3.20204e-06
3.20798e-06
3.21436e-06
3.22118e-06
3.22844e-06
3.23616e-06
3.24434e-06
3.253e-06
3.26215e-06
3.2718e-06
3.28196e-06
3.29264e-06
3.30386e-06
3.31563e-06
3.32795e-06
3.34084e-06
3.35432e-06
3.3684e-06
3.38308e-06
3.39839e-06
3.41433e-06
3.43094e-06
3.44823e-06
3.46623e-06
3.485e-06
3.50461e-06
3.52517e-06
3.54686e-06
3.56996e-06
3.59491e-06
3.62237e-06
3.65335e-06
3.68939e-06
3.73273e-06
3.78671e-06
3.85616e-06
3.94808e-06
4.07263e-06
4.24451e-06
4.48505e-06
4.82613e-06
5.31542e-06
6.02602e-06
7.07102e-06
8.63138e-06
1.09931e-05
1.46039e-05
2.01313e-05
2.85062e-05
4.0836e-05
5.8134e-05
8.09138e-05
0.000109034
0.000141914
0.000179043
0.0002203
0.000265892
0.000316234
0.000371815
0.000433037
0.000500131
0.00057313
0.00065188
3.13416e-06
3.13611e-06
3.14525e-06
3.15191e-06
3.15609e-06
3.15912e-06
3.1618e-06
3.16439e-06
3.16705e-06
3.16987e-06
3.17287e-06
3.17604e-06
3.17962e-06
3.18353e-06
3.18781e-06
3.19245e-06
3.19746e-06
3.20283e-06
3.20856e-06
3.21466e-06
3.22115e-06
3.22801e-06
3.23527e-06
3.24293e-06
3.25101e-06
3.2595e-06
3.26842e-06
3.27777e-06
3.28757e-06
3.29782e-06
3.30853e-06
3.31972e-06
3.33137e-06
3.34352e-06
3.35616e-06
3.36929e-06
3.38294e-06
3.39711e-06
3.4118e-06
3.42703e-06
3.44282e-06
3.45917e-06
3.47613e-06
3.49373e-06
3.51204e-06
3.53115e-06
3.55122e-06
3.57247e-06
3.59525e-06
3.62006e-06
3.64767e-06
3.67913e-06
3.716e-06
3.76046e-06
3.81555e-06
3.88557e-06
3.97641e-06
4.0963e-06
4.25657e-06
4.47322e-06
4.76876e-06
5.17535e-06
5.73925e-06
6.52892e-06
7.64585e-06
9.24108e-06
1.15372e-05
1.48592e-05
1.96589e-05
2.65217e-05
3.6129e-05
4.9129e-05
6.59704e-05
8.67836e-05
0.000111376
0.000139394
0.000170546
0.000204728
3.13379e-06
3.13567e-06
3.14478e-06
3.15055e-06
3.15387e-06
3.15622e-06
3.15833e-06
3.16043e-06
3.16263e-06
3.165e-06
3.16754e-06
3.17026e-06
3.17322e-06
3.17652e-06
3.18014e-06
3.18406e-06
3.18829e-06
3.19282e-06
3.19766e-06
3.20281e-06
3.20827e-06
3.21405e-06
3.22015e-06
3.22659e-06
3.23337e-06
3.24049e-06
3.24796e-06
3.25579e-06
3.26399e-06
3.27256e-06
3.2815e-06
3.29083e-06
3.30054e-06
3.31064e-06
3.32115e-06
3.33205e-06
3.34337e-06
3.35509e-06
3.36724e-06
3.3798e-06
3.39278e-06
3.4062e-06
3.42004e-06
3.43433e-06
3.44906e-06
3.46426e-06
3.47993e-06
3.49612e-06
3.51287e-06
3.53026e-06
3.54839e-06
3.56743e-06
3.58762e-06
3.6093e-06
3.63294e-06
3.65924e-06
3.68913e-06
3.7239e-06
3.76529e-06
3.81566e-06
3.87818e-06
3.95707e-06
4.0579e-06
4.18816e-06
4.35786e-06
4.58039e-06
4.87373e-06
5.26252e-06
5.78057e-06
6.47469e-06
7.41074e-06
8.68101e-06
1.04156e-05
1.27976e-05
1.60791e-05
2.05929e-05
2.67517e-05
3.50205e-05
3.13404e-06
3.13542e-06
3.14421e-06
3.14907e-06
3.15163e-06
3.1534e-06
3.15506e-06
3.15678e-06
3.15863e-06
3.16064e-06
3.16282e-06
3.16516e-06
3.16767e-06
3.17048e-06
3.17354e-06
3.17686e-06
3.18044e-06
3.18429e-06
3.18839e-06
3.19275e-06
3.19737e-06
3.20226e-06
3.20742e-06
3.21285e-06
3.21857e-06
3.22457e-06
3.23087e-06
3.23746e-06
3.24435e-06
3.25155e-06
3.25906e-06
3.26689e-06
3.27503e-06
3.2835e-06
3.29229e-06
3.30141e-06
3.31086e-06
3.32064e-06
3.33076e-06
3.34122e-06
3.35202e-06
3.36316e-06
3.37464e-06
3.38646e-06
3.39862e-06
3.41113e-06
3.42397e-06
3.43716e-06
3.45071e-06
3.4646e-06
3.47887e-06
3.49353e-06
3.50861e-06
3.52416e-06
3.54025e-06
3.55698e-06
3.5745e-06
3.59302e-06
3.61282e-06
3.63428e-06
3.65794e-06
3.68448e-06
3.71483e-06
3.7502e-06
3.79216e-06
3.84276e-06
3.9046e-06
3.98102e-06
4.07629e-06
4.19587e-06
4.34678e-06
4.53809e-06
4.78171e-06
5.09347e-06
5.49465e-06
6.01397e-06
6.69034e-06
7.57674e-06
3.13445e-06
3.13528e-06
3.14355e-06
3.14751e-06
3.14939e-06
3.15071e-06
3.15204e-06
3.15348e-06
3.15506e-06
3.1568e-06
3.15869e-06
3.16073e-06
3.16291e-06
3.16526e-06
3.16787e-06
3.17071e-06
3.17376e-06
3.17703e-06
3.18053e-06
3.18424e-06
3.18818e-06
3.19234e-06
3.19673e-06
3.20134e-06
3.2062e-06
3.2113e-06
3.21664e-06
3.22222e-06
3.22806e-06
3.23416e-06
3.24051e-06
3.24712e-06
3.254e-06
3.26115e-06
3.26856e-06
3.27625e-06
3.28421e-06
3.29244e-06
3.30095e-06
3.30973e-06
3.3188e-06
3.32813e-06
3.33775e-06
3.34764e-06
3.3578e-06
3.36823e-06
3.37894e-06
3.38991e-06
3.40115e-06
3.41265e-06
3.42441e-06
3.43643e-06
3.44872e-06
3.46126e-06
3.47408e-06
3.48719e-06
3.50059e-06
3.51432e-06
3.52842e-06
3.54295e-06
3.55799e-06
3.57365e-06
3.59009e-06
3.60751e-06
3.62618e-06
3.64646e-06
3.6688e-06
3.6938e-06
3.7222e-06
3.75496e-06
3.79326e-06
3.83862e-06
3.89294e-06
3.95861e-06
4.03869e-06
4.13705e-06
4.25857e-06
4.40948e-06
3.13477e-06
3.13515e-06
3.14278e-06
3.14587e-06
3.1472e-06
3.14818e-06
3.14928e-06
3.15053e-06
3.15191e-06
3.15343e-06
3.1551e-06
3.15689e-06
3.15882e-06
3.16087e-06
3.16312e-06
3.16556e-06
3.16818e-06
3.17099e-06
3.17399e-06
3.17718e-06
3.18055e-06
3.18411e-06
3.18787e-06
3.19182e-06
3.19597e-06
3.20032e-06
3.20488e-06
3.20964e-06
3.21462e-06
3.21981e-06
3.22522e-06
3.23085e-06
3.2367e-06
3.24277e-06
3.24907e-06
3.25559e-06
3.26235e-06
3.26933e-06
3.27654e-06
3.28397e-06
3.29164e-06
3.29954e-06
3.30766e-06
3.31601e-06
3.32458e-06
3.33337e-06
3.34239e-06
3.35162e-06
3.36106e-06
3.37072e-06
3.38058e-06
3.39064e-06
3.4009e-06
3.41135e-06
3.422e-06
3.43283e-06
3.44386e-06
3.45507e-06
3.46647e-06
3.47807e-06
3.48987e-06
3.5019e-06
3.51416e-06
3.5267e-06
3.53955e-06
3.55278e-06
3.56646e-06
3.5807e-06
3.59563e-06
3.61143e-06
3.62833e-06
3.64661e-06
3.66664e-06
3.6889e-06
3.71397e-06
3.7426e-06
3.77571e-06
3.81445e-06
3.13504e-06
3.13501e-06
3.14189e-06
3.14419e-06
3.14508e-06
3.14584e-06
3.1468e-06
3.14791e-06
3.14914e-06
3.1505e-06
3.15198e-06
3.15357e-06
3.15528e-06
3.15711e-06
3.15904e-06
3.16116e-06
3.16343e-06
3.16587e-06
3.16846e-06
3.17122e-06
3.17413e-06
3.17721e-06
3.18045e-06
3.18385e-06
3.18743e-06
3.19117e-06
3.19509e-06
3.19918e-06
3.20346e-06
3.20791e-06
3.21255e-06
3.21737e-06
3.22238e-06
3.22758e-06
3.23297e-06
3.23855e-06
3.24431e-06
3.25027e-06
3.25642e-06
3.26277e-06
3.2693e-06
3.27603e-06
3.28294e-06
3.29004e-06
3.29733e-06
3.30481e-06
3.31246e-06
3.32029e-06
3.3283e-06
3.33648e-06
3.34483e-06
3.35335e-06
3.36202e-06
3.37085e-06
3.37983e-06
3.38895e-06
3.39822e-06
3.40763e-06
3.41717e-06
3.42684e-06
3.43665e-06
3.44658e-06
3.45664e-06
3.46684e-06
3.47716e-06
3.48764e-06
3.49826e-06
3.50906e-06
3.52005e-06
3.53127e-06
3.54275e-06
3.55456e-06
3.56677e-06
3.57947e-06
3.59279e-06
3.60688e-06
3.62195e-06
3.63824e-06
3.13527e-06
3.13483e-06
3.1409e-06
3.1425e-06
3.14308e-06
3.14372e-06
3.14458e-06
3.1456e-06
3.14672e-06
3.14793e-06
3.14925e-06
3.15067e-06
3.1522e-06
3.15382e-06
3.15554e-06
3.15736e-06
3.15934e-06
3.16146e-06
3.16372e-06
3.16611e-06
3.16864e-06
3.1713e-06
3.17411e-06
3.17706e-06
3.18016e-06
3.1834e-06
3.18679e-06
3.19032e-06
3.19402e-06
3.19786e-06
3.20186e-06
3.20602e-06
3.21034e-06
3.21482e-06
3.21945e-06
3.22425e-06
3.22921e-06
3.23434e-06
3.23962e-06
3.24506e-06
3.25067e-06
3.25644e-06
3.26236e-06
3.26845e-06
3.27469e-06
3.28108e-06
3.28762e-06
3.29432e-06
3.30116e-06
3.30815e-06
3.31527e-06
3.32253e-06
3.32992e-06
3.33744e-06
3.34508e-06
3.35285e-06
3.36072e-06
3.36871e-06
3.3768e-06
3.38499e-06
3.39328e-06
3.40167e-06
3.41015e-06
3.41871e-06
3.42736e-06
3.43609e-06
3.44491e-06
3.45382e-06
3.46281e-06
3.4719e-06
3.48108e-06
3.49038e-06
3.4998e-06
3.50937e-06
3.51912e-06
3.52908e-06
3.5393e-06
3.54984e-06
3.13548e-06
3.13461e-06
3.13983e-06
3.14084e-06
3.14123e-06
3.14181e-06
3.14263e-06
3.14357e-06
3.14458e-06
3.14567e-06
3.14684e-06
3.14811e-06
3.14946e-06
3.15091e-06
3.15243e-06
3.15405e-06
3.15577e-06
3.15762e-06
3.15959e-06
3.16168e-06
3.16388e-06
3.1662e-06
3.16864e-06
3.17121e-06
3.1739e-06
3.17671e-06
3.17965e-06
3.18271e-06
3.18591e-06
3.18924e-06
3.19271e-06
3.1963e-06
3.20004e-06
3.20391e-06
3.20792e-06
3.21206e-06
3.21634e-06
3.22076e-06
3.22532e-06
3.23002e-06
3.23485e-06
3.23982e-06
3.24493e-06
3.25016e-06
3.25553e-06
3.26103e-06
3.26666e-06
3.27242e-06
3.27829e-06
3.28429e-06
3.2904e-06
3.29663e-06
3.30297e-06
3.30941e-06
3.31596e-06
3.32261e-06
3.32935e-06
3.33617e-06
3.34309e-06
3.35008e-06
3.35716e-06
3.3643e-06
3.37152e-06
3.3788e-06
3.38615e-06
3.39355e-06
3.40101e-06
3.40853e-06
3.4161e-06
3.42372e-06
3.43139e-06
3.43912e-06
3.44691e-06
3.45476e-06
3.46268e-06
3.47068e-06
3.47877e-06
3.48698e-06
3.13559e-06
3.13435e-06
3.13869e-06
3.13925e-06
3.13955e-06
3.14012e-06
3.1409e-06
3.14176e-06
3.14268e-06
3.14365e-06
3.14469e-06
3.14581e-06
3.14701e-06
3.14829e-06
3.14964e-06
3.15108e-06
3.15259e-06
3.1542e-06
3.15592e-06
3.15775e-06
3.15967e-06
3.1617e-06
3.16383e-06
3.16607e-06
3.16841e-06
3.17086e-06
3.17341e-06
3.17608e-06
3.17886e-06
3.18175e-06
3.18475e-06
3.18787e-06
3.19111e-06
3.19446e-06
3.19793e-06
3.20152e-06
3.20522e-06
3.20905e-06
3.21299e-06
3.21705e-06
3.22123e-06
3.22552e-06
3.22993e-06
3.23445e-06
3.23909e-06
3.24383e-06
3.24869e-06
3.25365e-06
3.25872e-06
3.26388e-06
3.26915e-06
3.27452e-06
3.27997e-06
3.28552e-06
3.29115e-06
3.29687e-06
3.30266e-06
3.30852e-06
3.31446e-06
3.32046e-06
3.32653e-06
3.33265e-06
3.33883e-06
3.34506e-06
3.35134e-06
3.35766e-06
3.36402e-06
3.37042e-06
3.37685e-06
3.38332e-06
3.38982e-06
3.39634e-06
3.4029e-06
3.40948e-06
3.4161e-06
3.42275e-06
3.42943e-06
3.43616e-06
3.13555e-06
3.13404e-06
3.13751e-06
3.13776e-06
3.13804e-06
3.13862e-06
3.13937e-06
3.14016e-06
3.14097e-06
3.14182e-06
3.14274e-06
3.14372e-06
3.14478e-06
3.14591e-06
3.14712e-06
3.14839e-06
3.14972e-06
3.15113e-06
3.15263e-06
3.15423e-06
3.15591e-06
3.15768e-06
3.15954e-06
3.16149e-06
3.16354e-06
3.16567e-06
3.1679e-06
3.17022e-06
3.17264e-06
3.17515e-06
3.17776e-06
3.18047e-06
3.18328e-06
3.18619e-06
3.1892e-06
3.19231e-06
3.19552e-06
3.19883e-06
3.20225e-06
3.20576e-06
3.20938e-06
3.21309e-06
3.2169e-06
3.22081e-06
3.22482e-06
3.22892e-06
3.23312e-06
3.2374e-06
3.24178e-06
3.24624e-06
3.25079e-06
3.25542e-06
3.26013e-06
3.26491e-06
3.26977e-06
3.27469e-06
3.27968e-06
3.28474e-06
3.28985e-06
3.29501e-06
3.30023e-06
3.3055e-06
3.3108e-06
3.31615e-06
3.32153e-06
3.32695e-06
3.33239e-06
3.33786e-06
3.34335e-06
3.34886e-06
3.35439e-06
3.35993e-06
3.36548e-06
3.37105e-06
3.37662e-06
3.38219e-06
3.38778e-06
3.39337e-06
3.13543e-06
3.1337e-06
3.13632e-06
3.1364e-06
3.13672e-06
3.13731e-06
3.138e-06
3.1387e-06
3.13941e-06
3.14016e-06
3.14096e-06
3.14183e-06
3.14277e-06
3.14377e-06
3.14483e-06
3.14596e-06
3.14714e-06
3.14839e-06
3.14969e-06
3.15108e-06
3.15256e-06
3.1541e-06
3.15573e-06
3.15743e-06
3.15922e-06
3.16108e-06
3.16302e-06
3.16504e-06
3.16715e-06
3.16934e-06
3.17161e-06
3.17397e-06
3.17641e-06
3.17894e-06
3.18155e-06
3.18425e-06
3.18704e-06
3.18991e-06
3.19287e-06
3.19591e-06
3.19904e-06
3.20226e-06
3.20556e-06
3.20894e-06
3.21241e-06
3.21596e-06
3.21959e-06
3.22329e-06
3.22707e-06
3.23093e-06
3.23485e-06
3.23885e-06
3.24292e-06
3.24705e-06
3.25124e-06
3.25549e-06
3.25979e-06
3.26415e-06
3.26855e-06
3.27301e-06
3.2775e-06
3.28203e-06
3.28659e-06
3.29119e-06
3.29581e-06
3.30046e-06
3.30513e-06
3.30981e-06
3.3145e-06
3.31921e-06
3.32392e-06
3.32863e-06
3.33334e-06
3.33804e-06
3.34274e-06
3.34743e-06
3.35211e-06
3.35677e-06
3.13521e-06
3.13333e-06
3.13514e-06
3.13518e-06
3.13556e-06
3.13614e-06
3.13677e-06
3.13738e-06
3.138e-06
3.13865e-06
3.13936e-06
3.14012e-06
3.14095e-06
3.14183e-06
3.14277e-06
3.14377e-06
3.14482e-06
3.14592e-06
3.14708e-06
3.14829e-06
3.14958e-06
3.15093e-06
3.15235e-06
3.15384e-06
3.1554e-06
3.15703e-06
3.15872e-06
3.16049e-06
3.16232e-06
3.16423e-06
3.16621e-06
3.16826e-06
3.17038e-06
3.17258e-06
3.17485e-06
3.1772e-06
3.17962e-06
3.18211e-06
3.18468e-06
3.18732e-06
3.19004e-06
3.19283e-06
3.19569e-06
3.19862e-06
3.20162e-06
3.20469e-06
3.20783e-06
3.21103e-06
3.2143e-06
3.21763e-06
3.22103e-06
3.22448e-06
3.22799e-06
3.23156e-06
3.23517e-06
3.23884e-06
3.24255e-06
3.24631e-06
3.25011e-06
3.25395e-06
3.25782e-06
3.26172e-06
3.26564e-06
3.26959e-06
3.27356e-06
3.27755e-06
3.28155e-06
3.28556e-06
3.28957e-06
3.29358e-06
3.29759e-06
3.3016e-06
3.30559e-06
3.30957e-06
3.31353e-06
3.31747e-06
3.32138e-06
3.32527e-06
3.13487e-06
3.13293e-06
3.13402e-06
3.13413e-06
3.13455e-06
3.1351e-06
3.13565e-06
3.13618e-06
3.13672e-06
3.13729e-06
3.13791e-06
3.13858e-06
3.1393e-06
3.14008e-06
3.14092e-06
3.1418e-06
3.14273e-06
3.14371e-06
3.14474e-06
3.14581e-06
3.14693e-06
3.14812e-06
3.14936e-06
3.15067e-06
3.15203e-06
3.15345e-06
3.15493e-06
3.15648e-06
3.15808e-06
3.15974e-06
3.16147e-06
3.16326e-06
3.16511e-06
3.16702e-06
3.169e-06
3.17104e-06
3.17314e-06
3.17531e-06
3.17754e-06
3.17983e-06
3.18219e-06
3.18461e-06
3.18709e-06
3.18963e-06
3.19223e-06
3.19489e-06
3.19761e-06
3.20038e-06
3.20321e-06
3.20609e-06
3.20903e-06
3.21201e-06
3.21505e-06
3.21813e-06
3.22125e-06
3.22442e-06
3.22762e-06
3.23086e-06
3.23413e-06
3.23744e-06
3.24077e-06
3.24412e-06
3.2475e-06
3.25089e-06
3.2543e-06
3.25772e-06
3.26114e-06
3.26457e-06
3.26799e-06
3.27141e-06
3.27482e-06
3.27821e-06
3.28159e-06
3.28494e-06
3.28827e-06
3.29157e-06
3.29484e-06
3.29807e-06
3.1344e-06
3.13252e-06
3.13299e-06
3.13323e-06
3.13367e-06
3.13415e-06
3.13463e-06
3.13509e-06
3.13556e-06
3.13606e-06
3.1366e-06
3.13719e-06
3.13783e-06
3.13852e-06
3.13926e-06
3.14004e-06
3.14086e-06
3.14173e-06
3.14264e-06
3.14359e-06
3.14458e-06
3.14562e-06
3.14671e-06
3.14785e-06
3.14905e-06
3.15029e-06
3.15159e-06
3.15294e-06
3.15434e-06
3.1558e-06
3.1573e-06
3.15886e-06
3.16048e-06
3.16214e-06
3.16387e-06
3.16564e-06
3.16747e-06
3.16936e-06
3.1713e-06
3.17329e-06
3.17534e-06
3.17744e-06
3.17959e-06
3.1818e-06
3.18405e-06
3.18636e-06
3.18871e-06
3.19112e-06
3.19356e-06
3.19606e-06
3.1986e-06
3.20118e-06
3.2038e-06
3.20646e-06
3.20916e-06
3.21189e-06
3.21466e-06
3.21745e-06
3.22027e-06
3.22311e-06
3.22598e-06
3.22886e-06
3.23176e-06
3.23467e-06
3.23759e-06
3.24052e-06
3.24344e-06
3.24636e-06
3.24928e-06
3.25218e-06
3.25507e-06
3.25794e-06
3.26078e-06
3.2636e-06
3.26639e-06
3.26915e-06
3.27186e-06
3.27453e-06
3.13377e-06
3.13209e-06
3.13209e-06
3.13246e-06
3.13288e-06
3.1333e-06
3.13371e-06
3.13411e-06
3.13452e-06
3.13495e-06
3.13542e-06
3.13594e-06
3.13651e-06
3.13711e-06
3.13777e-06
3.13846e-06
3.13919e-06
3.13996e-06
3.14076e-06
3.14161e-06
3.14248e-06
3.1434e-06
3.14435e-06
3.14535e-06
3.1464e-06
3.14749e-06
3.14863e-06
3.14981e-06
3.15103e-06
3.15231e-06
3.15362e-06
3.15499e-06
3.1564e-06
3.15785e-06
3.15936e-06
3.1609e-06
3.1625e-06
3.16414e-06
3.16583e-06
3.16756e-06
3.16934e-06
3.17117e-06
3.17303e-06
3.17495e-06
3.17691e-06
3.1789e-06
3.18095e-06
3.18303e-06
3.18515e-06
3.18731e-06
3.18951e-06
3.19174e-06
3.194e-06
3.1963e-06
3.19863e-06
3.20099e-06
3.20337e-06
3.20577e-06
3.2082e-06
3.21065e-06
3.21311e-06
3.21558e-06
3.21807e-06
3.22056e-06
3.22305e-06
3.22555e-06
3.22804e-06
3.23052e-06
3.23299e-06
3.23545e-06
3.23789e-06
3.2403e-06
3.24269e-06
3.24505e-06
3.24737e-06
3.24966e-06
3.2519e-06
3.2541e-06
3.13162e-06
3.13133e-06
3.1318e-06
3.13217e-06
3.13253e-06
3.13288e-06
3.13323e-06
3.13358e-06
3.13396e-06
3.13437e-06
3.13483e-06
3.13532e-06
3.13586e-06
3.13643e-06
3.13704e-06
3.13768e-06
3.13836e-06
3.13907e-06
3.13982e-06
3.14059e-06
3.1414e-06
3.14224e-06
3.14312e-06
3.14403e-06
3.14499e-06
3.14599e-06
3.14702e-06
3.14809e-06
3.14921e-06
3.15036e-06
3.15155e-06
3.15278e-06
3.15406e-06
3.15537e-06
3.15672e-06
3.15811e-06
3.15954e-06
3.16101e-06
3.16252e-06
3.16406e-06
3.16565e-06
3.16727e-06
3.16893e-06
3.17063e-06
3.17237e-06
3.17414e-06
3.17594e-06
3.17777e-06
3.17964e-06
3.18154e-06
3.18347e-06
3.18543e-06
3.18741e-06
3.18941e-06
3.19144e-06
3.19349e-06
3.19556e-06
3.19764e-06
3.19974e-06
3.20185e-06
3.20396e-06
3.20609e-06
3.20821e-06
3.21033e-06
3.21245e-06
3.21456e-06
3.21666e-06
3.21875e-06
3.22082e-06
3.22286e-06
3.22488e-06
3.22688e-06
3.22884e-06
3.23077e-06
3.23266e-06
3.23451e-06
3.23631e-06
3.13111e-06
3.13073e-06
3.13123e-06
3.13154e-06
3.13184e-06
3.13214e-06
3.13244e-06
3.13275e-06
3.13307e-06
3.13344e-06
3.13383e-06
3.13426e-06
3.13473e-06
3.13523e-06
3.13576e-06
3.13633e-06
3.13693e-06
3.13755e-06
3.13821e-06
3.13889e-06
3.13961e-06
3.14035e-06
3.14112e-06
3.14192e-06
3.14275e-06
3.14363e-06
3.14453e-06
3.14547e-06
3.14645e-06
3.14746e-06
3.1485e-06
3.14958e-06
3.15069e-06
3.15183e-06
3.15301e-06
3.15422e-06
3.15547e-06
3.15675e-06
3.15806e-06
3.1594e-06
3.16078e-06
3.16219e-06
3.16363e-06
3.1651e-06
3.16661e-06
3.16814e-06
3.1697e-06
3.17129e-06
3.1729e-06
3.17454e-06
3.1762e-06
3.17788e-06
3.17959e-06
3.18131e-06
3.18306e-06
3.18481e-06
3.18658e-06
3.18837e-06
3.19016e-06
3.19196e-06
3.19376e-06
3.19556e-06
3.19736e-06
3.19916e-06
3.20095e-06
3.20272e-06
3.20449e-06
3.20624e-06
3.20797e-06
3.20968e-06
3.21136e-06
3.21301e-06
3.21464e-06
3.21623e-06
3.21779e-06
3.21931e-06
3.22079e-06
3.13062e-06
3.13025e-06
3.1307e-06
3.13097e-06
3.13122e-06
3.13148e-06
3.13174e-06
3.132e-06
3.13229e-06
3.1326e-06
3.13294e-06
3.13332e-06
3.13372e-06
3.13416e-06
3.13463e-06
3.13512e-06
3.13564e-06
3.13619e-06
3.13677e-06
3.13737e-06
3.138e-06
3.13865e-06
3.13933e-06
3.14003e-06
3.14076e-06
3.14152e-06
3.14231e-06
3.14314e-06
3.14399e-06
3.14487e-06
3.14578e-06
3.14672e-06
3.14769e-06
3.14869e-06
3.14971e-06
3.15077e-06
3.15185e-06
3.15297e-06
3.15411e-06
3.15528e-06
3.15647e-06
3.1577e-06
3.15894e-06
3.16022e-06
3.16152e-06
3.16284e-06
3.16419e-06
3.16556e-06
3.16695e-06
3.16836e-06
3.16978e-06
3.17123e-06
3.17269e-06
3.17417e-06
3.17566e-06
3.17716e-06
3.17867e-06
3.18018e-06
3.1817e-06
3.18322e-06
3.18475e-06
3.18627e-06
3.18779e-06
3.1893e-06
3.1908e-06
3.19229e-06
3.19376e-06
3.19522e-06
3.19666e-06
3.19807e-06
3.19947e-06
3.20084e-06
3.20218e-06
3.20349e-06
3.20477e-06
3.20602e-06
3.20723e-06
3.13016e-06
3.12986e-06
3.13024e-06
3.13047e-06
3.13068e-06
3.1309e-06
3.13112e-06
3.13135e-06
3.13159e-06
3.13186e-06
3.13216e-06
3.13248e-06
3.13283e-06
3.13321e-06
3.13362e-06
3.13405e-06
3.1345e-06
3.13498e-06
3.13548e-06
3.13601e-06
3.13656e-06
3.13713e-06
3.13772e-06
3.13834e-06
3.13898e-06
3.13964e-06
3.14033e-06
3.14105e-06
3.14179e-06
3.14256e-06
3.14335e-06
3.14417e-06
3.14502e-06
3.14589e-06
3.14678e-06
3.1477e-06
3.14864e-06
3.14961e-06
3.1506e-06
3.15161e-06
3.15265e-06
3.15371e-06
3.15478e-06
3.15589e-06
3.15701e-06
3.15815e-06
3.1593e-06
3.16048e-06
3.16167e-06
3.16288e-06
3.1641e-06
3.16534e-06
3.16658e-06
3.16784e-06
3.1691e-06
3.17038e-06
3.17165e-06
3.17293e-06
3.17421e-06
3.1755e-06
3.17677e-06
3.17805e-06
3.17932e-06
3.18058e-06
3.18183e-06
3.18307e-06
3.18429e-06
3.1855e-06
3.18669e-06
3.18786e-06
3.18902e-06
3.19015e-06
3.19125e-06
3.19233e-06
3.19339e-06
3.19442e-06
3.19542e-06
3.12977e-06
3.12953e-06
3.12985e-06
3.13003e-06
3.13021e-06
3.1304e-06
3.13059e-06
3.13078e-06
3.13099e-06
3.13122e-06
3.13148e-06
3.13175e-06
3.13205e-06
3.13238e-06
3.13273e-06
3.1331e-06
3.13349e-06
3.1339e-06
3.13434e-06
3.1348e-06
3.13527e-06
3.13577e-06
3.13629e-06
3.13683e-06
3.13739e-06
3.13796e-06
3.13856e-06
3.13918e-06
3.13983e-06
3.14049e-06
3.14118e-06
3.1419e-06
3.14263e-06
3.14339e-06
3.14416e-06
3.14496e-06
3.14577e-06
3.14661e-06
3.14747e-06
3.14834e-06
3.14924e-06
3.15015e-06
3.15108e-06
3.15203e-06
3.15299e-06
3.15396e-06
3.15496e-06
3.15596e-06
3.15698e-06
3.15801e-06
3.15905e-06
3.16009e-06
3.16115e-06
3.16221e-06
3.16328e-06
3.16435e-06
3.16542e-06
3.16649e-06
3.16757e-06
3.16864e-06
3.1697e-06
3.17076e-06
3.17182e-06
3.17287e-06
3.1739e-06
3.17493e-06
3.17594e-06
3.17694e-06
3.17793e-06
3.1789e-06
3.17985e-06
3.18079e-06
3.18171e-06
3.1826e-06
3.18348e-06
3.18434e-06
3.18517e-06
3.12942e-06
3.12924e-06
3.12951e-06
3.12966e-06
3.12981e-06
3.12997e-06
3.13013e-06
3.1303e-06
3.13048e-06
3.13067e-06
3.13088e-06
3.13112e-06
3.13137e-06
3.13165e-06
3.13195e-06
3.13226e-06
3.1326e-06
3.13295e-06
3.13333e-06
3.13372e-06
3.13413e-06
3.13456e-06
3.13501e-06
3.13548e-06
3.13596e-06
3.13646e-06
3.13698e-06
3.13752e-06
3.13807e-06
3.13865e-06
3.13924e-06
3.13986e-06
3.14049e-06
3.14114e-06
3.14181e-06
3.1425e-06
3.14321e-06
3.14393e-06
3.14466e-06
3.14542e-06
3.14618e-06
3.14697e-06
3.14776e-06
3.14857e-06
3.14939e-06
3.15023e-06
3.15107e-06
3.15192e-06
3.15278e-06
3.15365e-06
3.15453e-06
3.15541e-06
3.1563e-06
3.15719e-06
3.15809e-06
3.15898e-06
3.15988e-06
3.16077e-06
3.16166e-06
3.16255e-06
3.16344e-06
3.16432e-06
3.16519e-06
3.16606e-06
3.16692e-06
3.16777e-06
3.16861e-06
3.16944e-06
3.17026e-06
3.17107e-06
3.17186e-06
3.17264e-06
3.17341e-06
3.17417e-06
3.17491e-06
3.17563e-06
3.17634e-06
3.12914e-06
3.12901e-06
3.12922e-06
3.12935e-06
3.12948e-06
3.12961e-06
3.12975e-06
3.12989e-06
3.13004e-06
3.1302e-06
3.13038e-06
3.13058e-06
3.13079e-06
3.13102e-06
3.13127e-06
3.13154e-06
3.13182e-06
3.13212e-06
3.13244e-06
3.13277e-06
3.13312e-06
3.13349e-06
3.13387e-06
3.13427e-06
3.13469e-06
3.13512e-06
3.13556e-06
3.13603e-06
3.1365e-06
3.13699e-06
3.1375e-06
3.13803e-06
3.13857e-06
3.13913e-06
3.13971e-06
3.14029e-06
3.1409e-06
3.14151e-06
3.14214e-06
3.14279e-06
3.14344e-06
3.14411e-06
3.14478e-06
3.14547e-06
3.14616e-06
3.14687e-06
3.14758e-06
3.1483e-06
3.14902e-06
3.14976e-06
3.15049e-06
3.15123e-06
3.15197e-06
3.15271e-06
3.15346e-06
3.1542e-06
3.15495e-06
3.15569e-06
3.15643e-06
3.15717e-06
3.1579e-06
3.15864e-06
3.15936e-06
3.16008e-06
3.1608e-06
3.16151e-06
3.16221e-06
3.1629e-06
3.16359e-06
3.16427e-06
3.16494e-06
3.1656e-06
3.16626e-06
3.1669e-06
3.16754e-06
3.16816e-06
3.16877e-06
3.1289e-06
3.12882e-06
3.12899e-06
3.12909e-06
3.1292e-06
3.12931e-06
3.12943e-06
3.12955e-06
3.12968e-06
3.12981e-06
3.12996e-06
3.13012e-06
3.1303e-06
3.13049e-06
3.1307e-06
3.13092e-06
3.13115e-06
3.1314e-06
3.13167e-06
3.13195e-06
3.13224e-06
3.13255e-06
3.13287e-06
3.13321e-06
3.13356e-06
3.13393e-06
3.1343e-06
3.1347e-06
3.1351e-06
3.13552e-06
3.13595e-06
3.13639e-06
3.13685e-06
3.13733e-06
3.13781e-06
3.13831e-06
3.13882e-06
3.13934e-06
3.13988e-06
3.14042e-06
3.14097e-06
3.14153e-06
3.1421e-06
3.14268e-06
3.14326e-06
3.14385e-06
3.14445e-06
3.14505e-06
3.14566e-06
3.14627e-06
3.14688e-06
3.14749e-06
3.14811e-06
3.14873e-06
3.14935e-06
3.14997e-06
3.15059e-06
3.1512e-06
3.15182e-06
3.15244e-06
3.15305e-06
3.15366e-06
3.15427e-06
3.15487e-06
3.15547e-06
3.15607e-06
3.15666e-06
3.15725e-06
3.15784e-06
3.15842e-06
3.15899e-06
3.15957e-06
3.16013e-06
3.16069e-06
3.16125e-06
3.1618e-06
3.16235e-06
3.12874e-06
3.1287e-06
3.12883e-06
3.12891e-06
3.129e-06
3.12909e-06
3.12919e-06
3.12929e-06
3.12939e-06
3.1295e-06
3.12962e-06
3.12975e-06
3.1299e-06
3.13005e-06
3.13022e-06
3.1304e-06
3.13059e-06
3.13079e-06
3.13101e-06
3.13124e-06
3.13148e-06
3.13174e-06
3.13201e-06
3.13229e-06
3.13258e-06
3.13288e-06
3.1332e-06
3.13352e-06
3.13386e-06
3.13421e-06
3.13457e-06
3.13494e-06
3.13532e-06
3.13571e-06
3.13612e-06
3.13654e-06
3.13696e-06
3.1374e-06
3.13784e-06
3.1383e-06
3.13876e-06
3.13922e-06
3.1397e-06
3.14018e-06
3.14067e-06
3.14116e-06
3.14165e-06
3.14215e-06
3.14266e-06
3.14316e-06
3.14367e-06
3.14418e-06
3.1447e-06
3.14521e-06
3.14573e-06
3.14624e-06
3.14676e-06
3.14728e-06
3.14779e-06
3.14831e-06
3.14883e-06
3.14934e-06
3.14986e-06
3.15037e-06
3.15088e-06
3.15139e-06
3.1519e-06
3.15241e-06
3.15292e-06
3.15343e-06
3.15393e-06
3.15443e-06
3.15493e-06
3.15543e-06
3.15593e-06
3.15642e-06
3.15692e-06
3.12863e-06
3.12862e-06
3.12872e-06
3.12878e-06
3.12886e-06
3.12894e-06
3.12902e-06
3.1291e-06
3.12919e-06
3.12928e-06
3.12938e-06
3.12948e-06
3.1296e-06
3.12972e-06
3.12985e-06
3.12999e-06
3.13014e-06
3.1303e-06
3.13048e-06
3.13066e-06
3.13085e-06
3.13106e-06
3.13127e-06
3.1315e-06
3.13173e-06
3.13198e-06
3.13224e-06
3.13251e-06
3.13278e-06
3.13307e-06
3.13336e-06
3.13366e-06
3.13398e-06
3.1343e-06
3.13463e-06
3.13497e-06
3.13532e-06
3.13567e-06
3.13604e-06
3.13641e-06
3.13679e-06
3.13718e-06
3.13757e-06
3.13796e-06
3.13836e-06
3.13877e-06
3.13918e-06
3.13959e-06
3.14001e-06
3.14043e-06
3.14086e-06
3.14128e-06
3.14171e-06
3.14214e-06
3.14257e-06
3.143e-06
3.14344e-06
3.14388e-06
3.14431e-06
3.14475e-06
3.14519e-06
3.14563e-06
3.14608e-06
3.14652e-06
3.14696e-06
3.14741e-06
3.14785e-06
3.1483e-06
3.14874e-06
3.14919e-06
3.14964e-06
3.15009e-06
3.15054e-06
3.15099e-06
3.15144e-06
3.15188e-06
3.15233e-06
3.12857e-06
3.12859e-06
3.12865e-06
3.12871e-06
3.12877e-06
3.12884e-06
3.12892e-06
3.12899e-06
3.12906e-06
3.12914e-06
3.12921e-06
3.12929e-06
3.12938e-06
3.12947e-06
3.12957e-06
3.12968e-06
3.1298e-06
3.12992e-06
3.13005e-06
3.13019e-06
3.13034e-06
3.1305e-06
3.13067e-06
3.13084e-06
3.13103e-06
3.13122e-06
3.13143e-06
3.13164e-06
3.13186e-06
3.13208e-06
3.13232e-06
3.13256e-06
3.13281e-06
3.13307e-06
3.13333e-06
3.1336e-06
3.13388e-06
3.13417e-06
3.13446e-06
3.13476e-06
3.13507e-06
3.13538e-06
3.1357e-06
3.13602e-06
3.13635e-06
3.13669e-06
3.13702e-06
3.13736e-06
3.13771e-06
3.13806e-06
3.13841e-06
3.13877e-06
3.13912e-06
3.13949e-06
3.13985e-06
3.14022e-06
3.14059e-06
3.14096e-06
3.14133e-06
3.14171e-06
3.14209e-06
3.14247e-06
3.14286e-06
3.14324e-06
3.14363e-06
3.14403e-06
3.14442e-06
3.14481e-06
3.14521e-06
3.14561e-06
3.14602e-06
3.14642e-06
3.14683e-06
3.14723e-06
3.14764e-06
3.14805e-06
3.14846e-06
3.12856e-06
3.1286e-06
3.12864e-06
3.12869e-06
3.12875e-06
3.12881e-06
3.12888e-06
3.12894e-06
3.12901e-06
3.12907e-06
3.12913e-06
3.12919e-06
3.12925e-06
3.12932e-06
3.12939e-06
3.12947e-06
3.12955e-06
3.12964e-06
3.12974e-06
3.12984e-06
3.12995e-06
3.13006e-06
3.13019e-06
3.13032e-06
3.13046e-06
3.1306e-06
3.13075e-06
3.13091e-06
3.13108e-06
3.13126e-06
3.13144e-06
3.13162e-06
3.13182e-06
3.13202e-06
3.13222e-06
3.13244e-06
3.13265e-06
3.13288e-06
3.13311e-06
3.13335e-06
3.13359e-06
3.13384e-06
3.1341e-06
3.13436e-06
3.13462e-06
3.1349e-06
3.13517e-06
3.13545e-06
3.13574e-06
3.13603e-06
3.13632e-06
3.13662e-06
3.13692e-06
3.13722e-06
3.13753e-06
3.13784e-06
3.13816e-06
3.13848e-06
3.1388e-06
3.13913e-06
3.13946e-06
3.13979e-06
3.14013e-06
3.14047e-06
3.14082e-06
3.14116e-06
3.14151e-06
3.14187e-06
3.14223e-06
3.14259e-06
3.14295e-06
3.14332e-06
3.14368e-06
3.14406e-06
3.14443e-06
3.14481e-06
3.14519e-06
3.12861e-06
3.12867e-06
3.12868e-06
3.12873e-06
3.12878e-06
3.12884e-06
3.12891e-06
3.12897e-06
3.12903e-06
3.12908e-06
3.12912e-06
3.12916e-06
3.12921e-06
3.12925e-06
3.1293e-06
3.12936e-06
3.12941e-06
3.12947e-06
3.12953e-06
3.1296e-06
3.12967e-06
3.12975e-06
3.12983e-06
3.12992e-06
3.13002e-06
3.13012e-06
3.13023e-06
3.13034e-06
3.13046e-06
3.13059e-06
3.13072e-06
3.13086e-06
3.13101e-06
3.13116e-06
3.13131e-06
3.13147e-06
3.13164e-06
3.13181e-06
3.13199e-06
3.13217e-06
3.13236e-06
3.13256e-06
3.13276e-06
3.13297e-06
3.13318e-06
3.1334e-06
3.13362e-06
3.13385e-06
3.13408e-06
3.13432e-06
3.13457e-06
3.13481e-06
3.13507e-06
3.13532e-06
3.13558e-06
3.13585e-06
3.13612e-06
3.1364e-06
3.13667e-06
3.13696e-06
3.13725e-06
3.13754e-06
3.13783e-06
3.13813e-06
3.13844e-06
3.13875e-06
3.13906e-06
3.13938e-06
3.1397e-06
3.14002e-06
3.14035e-06
3.14069e-06
3.14102e-06
3.14136e-06
3.14171e-06
3.14206e-06
3.14241e-06
3.12864e-06
3.1287e-06
3.12874e-06
3.1288e-06
3.12887e-06
3.12894e-06
3.12901e-06
3.12907e-06
3.12912e-06
3.12917e-06
3.1292e-06
3.12922e-06
3.12925e-06
3.12929e-06
3.12932e-06
3.12935e-06
3.12937e-06
3.1294e-06
3.12944e-06
3.12947e-06
3.12951e-06
3.12956e-06
3.12961e-06
3.12966e-06
3.12972e-06
3.12979e-06
3.12986e-06
3.12993e-06
3.13001e-06
3.1301e-06
3.13019e-06
3.13028e-06
3.13038e-06
3.13049e-06
3.1306e-06
3.13072e-06
3.13084e-06
3.13097e-06
3.1311e-06
3.13124e-06
3.13139e-06
3.13153e-06
3.13169e-06
3.13185e-06
3.13201e-06
3.13218e-06
3.13236e-06
3.13255e-06
3.13274e-06
3.13293e-06
3.13313e-06
3.13333e-06
3.13354e-06
3.13376e-06
3.13398e-06
3.1342e-06
3.13443e-06
3.13467e-06
3.13491e-06
3.13515e-06
3.1354e-06
3.13566e-06
3.13592e-06
3.13618e-06
3.13645e-06
3.13672e-06
3.137e-06
3.13728e-06
3.13757e-06
3.13786e-06
3.13816e-06
3.13846e-06
3.13877e-06
3.13908e-06
3.13939e-06
3.13972e-06
3.14004e-06
3.12861e-06
3.12867e-06
3.12873e-06
3.12881e-06
3.1289e-06
3.12898e-06
3.12907e-06
3.12914e-06
3.12921e-06
3.12927e-06
3.12932e-06
3.12936e-06
3.1294e-06
3.12942e-06
3.12944e-06
3.12944e-06
3.12944e-06
3.12945e-06
3.12946e-06
3.12947e-06
3.12949e-06
3.12951e-06
3.12953e-06
3.12955e-06
3.12958e-06
3.12961e-06
3.12964e-06
3.12968e-06
3.12972e-06
3.12977e-06
3.12982e-06
3.12988e-06
3.12995e-06
3.13002e-06
3.13009e-06
3.13017e-06
3.13025e-06
3.13034e-06
3.13044e-06
3.13054e-06
3.13064e-06
3.13075e-06
3.13087e-06
3.13099e-06
3.13111e-06
3.13124e-06
3.13138e-06
3.13152e-06
3.13167e-06
3.13183e-06
3.13199e-06
3.13215e-06
3.13232e-06
3.1325e-06
3.13268e-06
3.13287e-06
3.13306e-06
3.13326e-06
3.13346e-06
3.13367e-06
3.13389e-06
3.1341e-06
3.13433e-06
3.13456e-06
3.13479e-06
3.13503e-06
3.13528e-06
3.13553e-06
3.13578e-06
3.13604e-06
3.13631e-06
3.13658e-06
3.13686e-06
3.13714e-06
3.13743e-06
3.13772e-06
3.13802e-06
3.12851e-06
3.12858e-06
3.12866e-06
3.12876e-06
3.12886e-06
3.12896e-06
3.12905e-06
3.12914e-06
3.12922e-06
3.12929e-06
3.12936e-06
3.12942e-06
3.12947e-06
3.12951e-06
3.12955e-06
3.12957e-06
3.12959e-06
3.12961e-06
3.12961e-06
3.12961e-06
3.1296e-06
3.12959e-06
3.12958e-06
3.12957e-06
3.12957e-06
3.12957e-06
3.12958e-06
3.12959e-06
3.1296e-06
3.12962e-06
3.12964e-06
3.12966e-06
3.12969e-06
3.12973e-06
3.12977e-06
3.12981e-06
3.12986e-06
3.12992e-06
3.12998e-06
3.13004e-06
3.13011e-06
3.13019e-06
3.13027e-06
3.13036e-06
3.13045e-06
3.13054e-06
3.13065e-06
3.13075e-06
3.13086e-06
3.13098e-06
3.1311e-06
3.13123e-06
3.13137e-06
3.13151e-06
3.13166e-06
3.13181e-06
3.13197e-06
3.13213e-06
3.1323e-06
3.13247e-06
3.13265e-06
3.13284e-06
3.13303e-06
3.13322e-06
3.13342e-06
3.13363e-06
3.13384e-06
3.13406e-06
3.13429e-06
3.13452e-06
3.13475e-06
3.135e-06
3.13524e-06
3.1355e-06
3.13576e-06
3.13602e-06
3.1363e-06
3.12835e-06
3.12843e-06
3.12853e-06
3.12864e-06
3.12875e-06
3.12886e-06
3.12896e-06
3.12906e-06
3.12915e-06
3.12923e-06
3.12931e-06
3.12938e-06
3.12945e-06
3.1295e-06
3.12955e-06
3.1296e-06
3.12964e-06
3.12967e-06
3.1297e-06
3.12972e-06
3.12973e-06
3.12974e-06
3.12974e-06
3.12973e-06
3.12972e-06
3.1297e-06
3.12968e-06
3.12965e-06
3.12963e-06
3.12962e-06
3.12961e-06
3.12961e-06
3.12961e-06
3.12961e-06
3.12962e-06
3.12963e-06
3.12965e-06
3.12967e-06
3.1297e-06
3.12974e-06
3.12977e-06
3.12982e-06
3.12986e-06
3.12992e-06
3.12998e-06
3.13004e-06
3.13011e-06
3.13018e-06
3.13026e-06
3.13035e-06
3.13044e-06
3.13053e-06
3.13063e-06
3.13074e-06
3.13085e-06
3.13097e-06
3.13109e-06
3.13122e-06
3.13136e-06
3.1315e-06
3.13164e-06
3.13179e-06
3.13195e-06
3.13212e-06
3.13229e-06
3.13246e-06
3.13264e-06
3.13283e-06
3.13302e-06
3.13322e-06
3.13343e-06
3.13364e-06
3.13386e-06
3.13409e-06
3.13432e-06
3.13456e-06
3.1348e-06
3.12812e-06
3.12821e-06
3.12832e-06
3.12844e-06
3.12856e-06
3.12868e-06
3.12879e-06
3.12889e-06
3.12899e-06
3.12908e-06
3.12917e-06
3.12925e-06
3.12932e-06
3.12939e-06
3.12946e-06
3.12951e-06
3.12957e-06
3.12961e-06
3.12965e-06
3.12969e-06
3.12972e-06
3.12974e-06
3.12976e-06
3.12978e-06
3.12979e-06
3.12979e-06
3.12979e-06
3.12978e-06
3.12977e-06
3.12975e-06
3.12972e-06
3.12969e-06
3.12966e-06
3.12963e-06
3.12961e-06
3.12959e-06
3.12958e-06
3.12957e-06
3.12957e-06
3.12957e-06
3.12958e-06
3.12959e-06
3.12961e-06
3.12963e-06
3.12965e-06
3.12969e-06
3.12972e-06
3.12976e-06
3.12981e-06
3.12986e-06
3.12992e-06
3.12998e-06
3.13005e-06
3.13012e-06
3.1302e-06
3.13029e-06
3.13038e-06
3.13047e-06
3.13058e-06
3.13069e-06
3.1308e-06
3.13092e-06
3.13104e-06
3.13118e-06
3.13131e-06
3.13146e-06
3.13161e-06
3.13176e-06
3.13193e-06
3.13209e-06
3.13227e-06
3.13245e-06
3.13264e-06
3.13284e-06
3.13304e-06
3.13325e-06
3.13347e-06
3.12781e-06
3.12792e-06
3.12804e-06
3.12817e-06
3.12829e-06
3.12841e-06
3.12853e-06
3.12864e-06
3.12874e-06
3.12883e-06
3.12893e-06
3.12901e-06
3.12909e-06
3.12917e-06
3.12924e-06
3.12931e-06
3.12937e-06
3.12943e-06
3.12948e-06
3.12953e-06
3.12957e-06
3.12961e-06
3.12964e-06
3.12967e-06
3.12969e-06
3.12971e-06
3.12972e-06
3.12973e-06
3.12974e-06
3.12974e-06
3.12973e-06
3.12972e-06
3.12971e-06
3.12969e-06
3.12967e-06
3.12964e-06
3.1296e-06
3.12957e-06
3.12953e-06
3.1295e-06
3.12948e-06
3.12946e-06
3.12944e-06
3.12943e-06
3.12943e-06
3.12943e-06
3.12943e-06
3.12944e-06
3.12946e-06
3.12948e-06
3.12951e-06
3.12954e-06
3.12957e-06
3.12961e-06
3.12966e-06
3.12971e-06
3.12977e-06
3.12983e-06
3.1299e-06
3.12998e-06
3.13006e-06
3.13015e-06
3.13024e-06
3.13034e-06
3.13044e-06
3.13056e-06
3.13067e-06
3.1308e-06
3.13093e-06
3.13107e-06
3.13121e-06
3.13136e-06
3.13152e-06
3.13169e-06
3.13186e-06
3.13204e-06
3.13223e-06
3.12743e-06
3.12755e-06
3.12768e-06
3.12781e-06
3.12794e-06
3.12806e-06
3.12818e-06
3.12829e-06
3.12839e-06
3.12849e-06
3.12858e-06
3.12867e-06
3.12875e-06
3.12883e-06
3.12891e-06
3.12898e-06
3.12904e-06
3.12911e-06
3.12916e-06
3.12922e-06
3.12927e-06
3.12931e-06
3.12935e-06
3.12939e-06
3.12943e-06
3.12945e-06
3.12948e-06
3.1295e-06
3.12952e-06
3.12953e-06
3.12954e-06
3.12955e-06
3.12955e-06
3.12955e-06
3.12954e-06
3.12953e-06
3.12952e-06
3.1295e-06
3.12948e-06
3.12946e-06
3.12943e-06
3.1294e-06
3.12936e-06
3.12932e-06
3.12928e-06
3.12925e-06
3.12922e-06
3.1292e-06
3.12918e-06
3.12917e-06
3.12917e-06
3.12916e-06
3.12917e-06
3.12918e-06
3.12919e-06
3.12921e-06
3.12924e-06
3.12927e-06
3.1293e-06
3.12934e-06
3.12939e-06
3.12945e-06
3.12951e-06
3.12957e-06
3.12964e-06
3.12972e-06
3.12981e-06
3.1299e-06
3.13e-06
3.1301e-06
3.13022e-06
3.13034e-06
3.13046e-06
3.1306e-06
3.13074e-06
3.13089e-06
3.13105e-06
3.12697e-06
3.12709e-06
3.12723e-06
3.12736e-06
3.12749e-06
3.12761e-06
3.12772e-06
3.12783e-06
3.12793e-06
3.12803e-06
3.12812e-06
3.12821e-06
3.12829e-06
3.12837e-06
3.12844e-06
3.12851e-06
3.12858e-06
3.12864e-06
3.1287e-06
3.12875e-06
3.1288e-06
3.12885e-06
3.1289e-06
3.12894e-06
3.12898e-06
3.12902e-06
3.12905e-06
3.12908e-06
3.1291e-06
3.12913e-06
3.12915e-06
3.12916e-06
3.12918e-06
3.12919e-06
3.1292e-06
3.1292e-06
3.12921e-06
3.12921e-06
3.1292e-06
3.1292e-06
3.12919e-06
3.12917e-06
3.12916e-06
3.12914e-06
3.12912e-06
3.12909e-06
3.12906e-06
3.12903e-06
3.12899e-06
3.12896e-06
3.12891e-06
3.12888e-06
3.12885e-06
3.12883e-06
3.12881e-06
3.12879e-06
3.12879e-06
3.12878e-06
3.12878e-06
3.12879e-06
3.12881e-06
3.12883e-06
3.12885e-06
3.12888e-06
3.12892e-06
3.12896e-06
3.12902e-06
3.12907e-06
3.12914e-06
3.12921e-06
3.12928e-06
3.12937e-06
3.12946e-06
3.12956e-06
3.12967e-06
3.12979e-06
3.12991e-06
3.1264e-06
3.12654e-06
3.12667e-06
3.12681e-06
3.12693e-06
3.12705e-06
3.12715e-06
3.12726e-06
3.12735e-06
3.12744e-06
3.12753e-06
3.12761e-06
3.12769e-06
3.12776e-06
3.12783e-06
3.12789e-06
3.12795e-06
3.12801e-06
3.12807e-06
3.12812e-06
3.12817e-06
3.12822e-06
3.12826e-06
3.1283e-06
3.12834e-06
3.12838e-06
3.12841e-06
3.12845e-06
3.12848e-06
3.12851e-06
3.12853e-06
3.12856e-06
3.12858e-06
3.1286e-06
3.12862e-06
3.12864e-06
3.12865e-06
3.12866e-06
3.12867e-06
3.12868e-06
3.12869e-06
3.12869e-06
3.12869e-06
3.12869e-06
3.12869e-06
3.12869e-06
3.12868e-06
3.12867e-06
3.12866e-06
3.12864e-06
3.12863e-06
3.12861e-06
3.12858e-06
3.12856e-06
3.12853e-06
3.1285e-06
3.12846e-06
3.12842e-06
3.12839e-06
3.12836e-06
3.12834e-06
3.12833e-06
3.12831e-06
3.12831e-06
3.12831e-06
3.12832e-06
3.12833e-06
3.12835e-06
3.12838e-06
3.12841e-06
3.12845e-06
3.1285e-06
3.12856e-06
3.12862e-06
3.12869e-06
3.12877e-06
3.12886e-06
3.12573e-06
3.12587e-06
3.12601e-06
3.12614e-06
3.12625e-06
3.12636e-06
3.12646e-06
3.12656e-06
3.12664e-06
3.12673e-06
3.1268e-06
3.12687e-06
3.12694e-06
3.127e-06
3.12706e-06
3.12712e-06
3.12717e-06
3.12722e-06
3.12727e-06
3.12731e-06
3.12736e-06
3.1274e-06
3.12743e-06
3.12747e-06
3.12751e-06
3.12754e-06
3.12757e-06
3.12761e-06
3.12764e-06
3.12766e-06
3.12769e-06
3.12772e-06
3.12775e-06
3.12777e-06
3.12779e-06
3.12782e-06
3.12784e-06
3.12786e-06
3.12788e-06
3.1279e-06
3.12792e-06
3.12793e-06
3.12795e-06
3.12796e-06
3.12798e-06
3.12799e-06
3.128e-06
3.12801e-06
3.12802e-06
3.12803e-06
3.12803e-06
3.12804e-06
3.12804e-06
3.12804e-06
3.12804e-06
3.12803e-06
3.12803e-06
3.12802e-06
3.12801e-06
3.12799e-06
3.12798e-06
3.12796e-06
3.12794e-06
3.12791e-06
3.12788e-06
3.12785e-06
3.12783e-06
3.12781e-06
3.12779e-06
3.12779e-06
3.12779e-06
3.1278e-06
3.12781e-06
3.12783e-06
3.12786e-06
3.1279e-06
3.12795e-06
3.12495e-06
3.12508e-06
3.12522e-06
3.12534e-06
3.12545e-06
3.12554e-06
3.12563e-06
3.12572e-06
3.12579e-06
3.12586e-06
3.12593e-06
3.12599e-06
3.12604e-06
3.12609e-06
3.12613e-06
3.12618e-06
3.12622e-06
3.12625e-06
3.12629e-06
3.12632e-06
3.12635e-06
3.12638e-06
3.12641e-06
3.12644e-06
3.12647e-06
3.12649e-06
3.12652e-06
3.12654e-06
3.12657e-06
3.12659e-06
3.12662e-06
3.12664e-06
3.12667e-06
3.12669e-06
3.12671e-06
3.12674e-06
3.12676e-06
3.12679e-06
3.12681e-06
3.12683e-06
3.12686e-06
3.12688e-06
3.12691e-06
3.12693e-06
3.12696e-06
3.12698e-06
3.12701e-06
3.12703e-06
3.12706e-06
3.12708e-06
3.1271e-06
3.12713e-06
3.12715e-06
3.12717e-06
3.1272e-06
3.12722e-06
3.12724e-06
3.12726e-06
3.12728e-06
3.1273e-06
3.12731e-06
3.12733e-06
3.12734e-06
3.12735e-06
3.12736e-06
3.12736e-06
3.12736e-06
3.12736e-06
3.12735e-06
3.12734e-06
3.12732e-06
3.12731e-06
3.12728e-06
3.12726e-06
3.12725e-06
3.12724e-06
3.12724e-06
3.12416e-06
3.12428e-06
3.12439e-06
3.12449e-06
3.12458e-06
3.12465e-06
3.12472e-06
3.12479e-06
3.12484e-06
3.12489e-06
3.12493e-06
3.12497e-06
3.125e-06
3.12503e-06
3.12505e-06
3.12508e-06
3.1251e-06
3.12512e-06
3.12513e-06
3.12515e-06
3.12517e-06
3.12518e-06
3.1252e-06
3.12521e-06
3.12522e-06
3.12524e-06
3.12525e-06
3.12527e-06
3.12528e-06
3.1253e-06
3.12532e-06
3.12533e-06
3.12535e-06
3.12537e-06
3.12539e-06
3.12541e-06
3.12543e-06
3.12545e-06
3.12547e-06
3.1255e-06
3.12552e-06
3.12555e-06
3.12558e-06
3.12561e-06
3.12564e-06
3.12567e-06
3.1257e-06
3.12573e-06
3.12577e-06
3.12581e-06
3.12584e-06
3.12588e-06
3.12592e-06
3.12596e-06
3.126e-06
3.12604e-06
3.12609e-06
3.12613e-06
3.12617e-06
3.12622e-06
3.12626e-06
3.12631e-06
3.12635e-06
3.12639e-06
3.12643e-06
3.12647e-06
3.12651e-06
3.12654e-06
3.12657e-06
3.12659e-06
3.12662e-06
3.12664e-06
3.12665e-06
3.12666e-06
3.12667e-06
3.12668e-06
3.12308e-06
3.12319e-06
3.12329e-06
3.12337e-06
3.12344e-06
3.1235e-06
3.12356e-06
3.1236e-06
3.12364e-06
3.12367e-06
3.12369e-06
3.12371e-06
3.12372e-06
3.12374e-06
3.12374e-06
3.12375e-06
3.12375e-06
3.12375e-06
3.12375e-06
3.12375e-06
3.12375e-06
3.12375e-06
3.12374e-06
3.12374e-06
3.12374e-06
3.12374e-06
3.12374e-06
3.12374e-06
3.12374e-06
3.12374e-06
3.12375e-06
3.12375e-06
3.12375e-06
3.12376e-06
3.12377e-06
3.12378e-06
3.12379e-06
3.1238e-06
3.12381e-06
3.12382e-06
3.12384e-06
3.12386e-06
3.12388e-06
3.1239e-06
3.12393e-06
3.12396e-06
3.12399e-06
3.12402e-06
3.12405e-06
3.12409e-06
3.12413e-06
3.12418e-06
3.12422e-06
3.12427e-06
3.12432e-06
3.12438e-06
3.12444e-06
3.1245e-06
3.12457e-06
3.12463e-06
3.1247e-06
3.12478e-06
3.12486e-06
3.12493e-06
3.12501e-06
3.12509e-06
3.12516e-06
3.12524e-06
3.12531e-06
3.12538e-06
3.12545e-06
3.12551e-06
3.12558e-06
3.12563e-06
3.12569e-06
3.12574e-06
3.12183e-06
3.12192e-06
3.12199e-06
3.12206e-06
3.12211e-06
3.12216e-06
3.12219e-06
3.12222e-06
3.12224e-06
3.12225e-06
3.12226e-06
3.12226e-06
3.12225e-06
3.12224e-06
3.12223e-06
3.12222e-06
3.1222e-06
3.12219e-06
3.12217e-06
3.12215e-06
3.12213e-06
3.12211e-06
3.12209e-06
3.12207e-06
3.12205e-06
3.12203e-06
3.12201e-06
3.122e-06
3.12198e-06
3.12196e-06
3.12194e-06
3.12192e-06
3.12191e-06
3.12189e-06
3.12188e-06
3.12187e-06
3.12185e-06
3.12184e-06
3.12183e-06
3.12183e-06
3.12182e-06
3.12182e-06
3.12182e-06
3.12182e-06
3.12182e-06
3.12182e-06
3.12183e-06
3.12184e-06
3.12186e-06
3.12188e-06
3.1219e-06
3.12193e-06
3.12196e-06
3.12199e-06
3.12203e-06
3.12208e-06
3.12213e-06
3.12218e-06
3.12224e-06
3.1223e-06
3.12237e-06
3.12244e-06
3.12252e-06
3.12261e-06
3.12269e-06
3.12279e-06
3.12288e-06
3.12298e-06
3.12308e-06
3.12318e-06
3.12328e-06
3.12339e-06
3.1235e-06
3.12361e-06
3.12372e-06
3.12383e-06
3.12037e-06
3.12044e-06
3.12049e-06
3.12054e-06
3.12058e-06
3.12061e-06
3.12062e-06
3.12063e-06
3.12064e-06
3.12063e-06
3.12062e-06
3.1206e-06
3.12058e-06
3.12056e-06
3.12053e-06
3.12051e-06
3.12047e-06
3.12044e-06
3.12041e-06
3.12037e-06
3.12034e-06
3.1203e-06
3.12027e-06
3.12023e-06
3.12019e-06
3.12015e-06
3.12011e-06
3.12007e-06
3.12003e-06
3.11999e-06
3.11994e-06
3.1199e-06
3.11985e-06
3.11981e-06
3.11976e-06
3.11971e-06
3.11966e-06
3.11962e-06
3.11957e-06
3.11953e-06
3.11948e-06
3.11944e-06
3.1194e-06
3.11936e-06
3.11932e-06
3.11929e-06
3.11925e-06
3.11923e-06
3.11921e-06
3.11919e-06
3.11919e-06
3.11918e-06
3.11919e-06
3.1192e-06
3.11922e-06
3.11924e-06
3.11927e-06
3.11931e-06
3.11935e-06
3.1194e-06
3.11945e-06
3.11951e-06
3.11958e-06
3.11965e-06
3.11976e-06
3.11987e-06
3.11998e-06
3.12011e-06
3.12024e-06
3.12036e-06
3.12048e-06
3.1206e-06
3.12073e-06
3.12087e-06
3.12102e-06
3.12117e-06
3.11868e-06
3.11873e-06
3.11876e-06
3.11879e-06
3.11881e-06
3.11882e-06
3.11883e-06
3.11882e-06
3.11881e-06
3.1188e-06
3.11878e-06
3.11875e-06
3.11872e-06
3.11869e-06
3.11866e-06
3.11862e-06
3.11858e-06
3.11854e-06
3.1185e-06
3.11846e-06
3.11841e-06
3.11836e-06
3.11832e-06
3.11827e-06
3.11821e-06
3.11816e-06
3.1181e-06
3.11804e-06
3.11797e-06
3.11791e-06
3.11783e-06
3.11776e-06
3.11768e-06
3.1176e-06
3.11751e-06
3.11742e-06
3.11733e-06
3.11725e-06
3.11717e-06
3.11709e-06
3.11702e-06
3.11695e-06
3.11688e-06
3.11682e-06
3.11675e-06
3.1167e-06
3.11666e-06
3.11665e-06
3.11666e-06
3.11668e-06
3.11672e-06
3.11678e-06
3.11684e-06
3.11692e-06
3.11701e-06
3.11709e-06
3.11715e-06
3.1172e-06
3.11722e-06
3.11725e-06
3.11731e-06
3.11739e-06
3.11749e-06
3.11764e-06
3.11781e-06
3.11797e-06
3.11811e-06
3.11823e-06
3.11833e-06
3.11841e-06
3.11846e-06
3.11852e-06
3.11856e-06
3.11864e-06
3.11872e-06
3.1188e-06
3.11673e-06
3.11675e-06
3.11677e-06
3.11678e-06
3.11678e-06
3.11679e-06
3.11678e-06
3.11678e-06
3.11676e-06
3.11675e-06
3.11673e-06
3.1167e-06
3.11668e-06
3.11665e-06
3.11662e-06
3.11659e-06
3.11656e-06
3.11653e-06
3.11649e-06
3.11646e-06
3.11642e-06
3.11638e-06
3.11633e-06
3.11628e-06
3.11623e-06
3.11618e-06
3.11612e-06
3.11606e-06
3.11599e-06
3.11592e-06
3.11585e-06
3.11577e-06
3.11567e-06
3.11556e-06
3.11546e-06
3.11536e-06
3.11532e-06
3.11533e-06
3.11536e-06
3.1154e-06
3.11545e-06
3.11549e-06
3.11554e-06
3.11559e-06
3.11567e-06
3.11577e-06
3.1159e-06
3.11604e-06
3.11621e-06
3.11638e-06
3.11657e-06
3.11677e-06
3.11698e-06
3.1172e-06
3.11742e-06
3.11766e-06
3.11792e-06
3.11818e-06
3.11846e-06
3.11874e-06
3.11904e-06
3.1194e-06
3.11971e-06
3.12016e-06
3.12059e-06
3.12125e-06
3.12209e-06
3.12277e-06
3.12337e-06
3.12391e-06
3.12439e-06
3.1248e-06
3.12516e-06
3.12546e-06
3.12572e-06
3.12593e-06
)
;

boundaryField
{
    walls
    {
        type            fixedValue;
        value           uniform 0;
    }
    frontAndBack
    {
        type            empty;
    }
    farfield
    {
        type            calculated;
        value           nonuniform List<scalar> 
76
(
3.11449e-06
3.11449e-06
3.11449e-06
3.11449e-06
3.11449e-06
3.11449e-06
3.11449e-06
3.11449e-06
3.11449e-06
3.11449e-06
3.11449e-06
3.11449e-06
3.11449e-06
3.11449e-06
3.11449e-06
3.11449e-06
3.11449e-06
3.11449e-06
3.11449e-06
3.11449e-06
3.11449e-06
3.11449e-06
3.11449e-06
3.11449e-06
3.11449e-06
3.11449e-06
3.11449e-06
3.11449e-06
3.11449e-06
3.11449e-06
3.11449e-06
3.11449e-06
3.11449e-06
3.11449e-06
3.11449e-06
3.11449e-06
3.11449e-06
3.11449e-06
3.11449e-06
3.11449e-06
3.11449e-06
3.11449e-06
3.11449e-06
3.11449e-06
3.11449e-06
3.11449e-06
3.11449e-06
3.11449e-06
3.11449e-06
3.11449e-06
3.11449e-06
3.11449e-06
3.11449e-06
3.11449e-06
3.11449e-06
3.11449e-06
3.11449e-06
3.11449e-06
3.11449e-06
3.11449e-06
3.11449e-06
3.11449e-06
3.11449e-06
3.11449e-06
3.12059e-06
3.12125e-06
3.12209e-06
3.12277e-06
3.12337e-06
3.12391e-06
3.12439e-06
3.1248e-06
3.12516e-06
3.12546e-06
3.12572e-06
3.12593e-06
)
;
    }
    procBoundary0to1
    {
        type            processor;
        value           nonuniform List<scalar> 
101
(
1.19278e-11
1.11804e-09
1.05e-08
4.89105e-08
1.60434e-07
4.2403e-07
9.63114e-07
1.94532e-06
3.56298e-06
5.99238e-06
9.3454e-06
1.36369e-05
1.87837e-05
2.36992e-05
2.36992e-05
2.98581e-05
3.63491e-05
4.30641e-05
4.99675e-05
5.71451e-05
6.48361e-05
7.34783e-05
8.38086e-05
9.72222e-05
0.000119193
0.000151807
0.000193631
0.000234905
0.000234905
0.000291027
0.000353099
0.00041673
0.000482055
0.000549893
0.000621465
0.000698722
0.000784813
0.000885573
0.00101883
0.0012019
0.00143462
0.00171829
0.00205519
0.00241726
0.00276488
0.00309175
0.00338975
0.00364511
0.00383762
0.00393963
0.00391494
0.00371817
0.00329642
0.00259949
0.00164122
0.000736017
0.00024203
4.58494e-05
8.74523e-06
4.59768e-06
3.86026e-06
3.65605e-06
3.56077e-06
3.49531e-06
3.44294e-06
3.39897e-06
3.36142e-06
3.32913e-06
3.30126e-06
3.27716e-06
3.25626e-06
3.23808e-06
3.22223e-06
3.20841e-06
3.19639e-06
3.18599e-06
3.17703e-06
3.16938e-06
3.16289e-06
3.1574e-06
3.15278e-06
3.14888e-06
3.14557e-06
3.14276e-06
3.14037e-06
3.13833e-06
3.13658e-06
3.13505e-06
3.13369e-06
3.13243e-06
3.13121e-06
3.13005e-06
3.12895e-06
3.128e-06
3.12725e-06
3.12668e-06
3.12579e-06
3.12394e-06
3.12132e-06
3.11888e-06
3.1261e-06
)
;
    }
    procBoundary0to2
    {
        type            processor;
        value           nonuniform List<scalar> 
113
(
1.47326e-10
1.19041e-08
8.98111e-08
3.21112e-07
7.78691e-07
1.47196e-06
2.32101e-06
3.1692e-06
3.8297e-06
8.42826e-06
8.42826e-06
2.16197e-05
2.16197e-05
5.0117e-05
5.0117e-05
5.15655e-05
4.9396e-05
4.32514e-05
3.35522e-05
2.21611e-05
1.2039e-05
5.45694e-06
2.96188e-06
2.01474e-06
1.683e-06
1.88251e-06
2.13096e-06
2.35975e-06
2.56025e-06
2.74241e-06
2.95404e-06
3.0805e-06
3.1494e-06
3.1494e-06
3.23824e-06
3.27486e-06
3.29058e-06
3.29728e-06
3.29921e-06
3.29631e-06
3.29325e-06
3.29804e-06
3.30442e-06
3.29014e-06
3.2658e-06
3.25501e-06
3.16253e-06
3.17308e-06
3.18657e-06
3.20154e-06
3.21824e-06
3.23569e-06
3.23569e-06
3.1561e-06
3.15285e-06
3.15e-06
3.1474e-06
3.1451e-06
3.14318e-06
3.14175e-06
3.14175e-06
3.13955e-06
3.13887e-06
3.13701e-06
3.13701e-06
3.16583e-06
3.16259e-06
3.15983e-06
3.1572e-06
3.1547e-06
3.15244e-06
3.15036e-06
3.14839e-06
3.14649e-06
3.14461e-06
3.14274e-06
3.14086e-06
3.139e-06
3.13718e-06
3.13548e-06
3.13396e-06
3.133e-06
3.133e-06
3.13217e-06
3.13144e-06
3.1308e-06
3.13026e-06
3.12979e-06
3.1294e-06
3.1291e-06
3.12887e-06
3.12872e-06
3.12864e-06
3.12862e-06
3.12866e-06
3.12869e-06
3.12864e-06
3.12854e-06
3.12835e-06
3.1281e-06
3.12778e-06
3.12737e-06
3.12689e-06
3.1263e-06
3.12562e-06
3.12483e-06
3.12403e-06
3.12403e-06
3.12296e-06
3.12172e-06
3.12028e-06
3.11862e-06
3.1167e-06
)
;
    }
}


// ************************************************************************* //
