/*--------------------------------*- C++ -*----------------------------------*\
| =========                 |                                                 |
| \\      /  F ield         | OpenFOAM: The Open Source CFD Toolbox           |
|  \\    /   O peration     | Version:  2412                                  |
|   \\  /    A nd           | Website:  www.openfoam.com                      |
|    \\/     M anipulation  |                                                 |
\*---------------------------------------------------------------------------*/
FoamFile
{
    version     2.0;
    format      ascii;
    arch        "LSB;label=32;scalar=64";
    class       volScalarField;
    location    "60";
    object      nuTilda;
}
// * * * * * * * * * * * * * * * * * * * * * * * * * * * * * * * * * * * * * //

dimensions      [0 2 -1 0 0 0 0];

internalField   nonuniform List<scalar> 
7448
(
2.41252e-06
2.41131e-06
2.40948e-06
2.40719e-06
2.40446e-06
2.40132e-06
2.39778e-06
2.39383e-06
2.38957e-06
2.385e-06
2.38015e-06
2.37512e-06
2.36995e-06
2.36466e-06
2.35919e-06
2.35359e-06
2.34788e-06
2.34206e-06
2.33617e-06
2.33027e-06
2.32435e-06
2.31845e-06
2.31253e-06
2.30664e-06
2.30076e-06
2.29491e-06
2.28912e-06
2.28338e-06
2.27767e-06
2.27202e-06
2.26641e-06
2.26085e-06
2.25533e-06
2.24985e-06
2.24446e-06
2.23913e-06
2.23384e-06
2.22863e-06
2.22348e-06
2.21837e-06
2.21332e-06
2.20837e-06
2.20348e-06
2.19861e-06
2.19384e-06
2.18911e-06
2.18443e-06
2.17977e-06
2.17514e-06
2.1706e-06
2.16611e-06
2.16163e-06
2.15721e-06
2.15279e-06
2.1484e-06
2.14407e-06
2.13974e-06
2.13543e-06
2.13115e-06
2.1269e-06
2.1227e-06
2.11847e-06
2.11425e-06
2.11005e-06
2.1059e-06
2.10173e-06
2.09756e-06
2.09338e-06
2.08926e-06
2.08518e-06
2.08106e-06
2.07699e-06
2.07295e-06
2.06894e-06
2.065e-06
2.06107e-06
2.05716e-06
2.05333e-06
2.04954e-06
2.04588e-06
2.04213e-06
7.5424e-06
7.53839e-06
7.53254e-06
7.52534e-06
7.51678e-06
7.50697e-06
7.49589e-06
7.48361e-06
7.47036e-06
7.45621e-06
7.44122e-06
7.42569e-06
7.40977e-06
7.39351e-06
7.37676e-06
7.35959e-06
7.34218e-06
7.32444e-06
7.30654e-06
7.28862e-06
7.27069e-06
7.25282e-06
7.23491e-06
7.21708e-06
7.19932e-06
7.18165e-06
7.16406e-06
7.14663e-06
7.12924e-06
7.11192e-06
7.09466e-06
7.0775e-06
7.06043e-06
7.04342e-06
7.02655e-06
7.00985e-06
6.99322e-06
6.9767e-06
6.96033e-06
6.94412e-06
6.92802e-06
6.91212e-06
6.89641e-06
6.88077e-06
6.86534e-06
6.85003e-06
6.83489e-06
6.81978e-06
6.80482e-06
6.79003e-06
6.77539e-06
6.76084e-06
6.74643e-06
6.73208e-06
6.71783e-06
6.70367e-06
6.68955e-06
6.67552e-06
6.66158e-06
6.6477e-06
6.63392e-06
6.62012e-06
6.6064e-06
6.59272e-06
6.57914e-06
6.56548e-06
6.55187e-06
6.53831e-06
6.52486e-06
6.51148e-06
6.49805e-06
6.48476e-06
6.47154e-06
6.45841e-06
6.44545e-06
6.43255e-06
6.41978e-06
6.40722e-06
6.39483e-06
6.38281e-06
6.37054e-06
1.33295e-05
1.33226e-05
1.33125e-05
1.32999e-05
1.32851e-05
1.32681e-05
1.32489e-05
1.32277e-05
1.32047e-05
1.31801e-05
1.31541e-05
1.31272e-05
1.30996e-05
1.30714e-05
1.30424e-05
1.30127e-05
1.29825e-05
1.29519e-05
1.2921e-05
1.289e-05
1.28591e-05
1.28281e-05
1.27972e-05
1.27663e-05
1.27355e-05
1.27049e-05
1.26743e-05
1.26438e-05
1.26134e-05
1.2583e-05
1.25526e-05
1.25222e-05
1.24918e-05
1.24615e-05
1.24312e-05
1.24011e-05
1.23711e-05
1.23411e-05
1.23113e-05
1.22816e-05
1.22521e-05
1.22228e-05
1.21938e-05
1.21648e-05
1.21361e-05
1.21076e-05
1.20794e-05
1.20512e-05
1.20232e-05
1.19955e-05
1.1968e-05
1.19406e-05
1.19135e-05
1.18864e-05
1.18596e-05
1.18329e-05
1.18063e-05
1.17798e-05
1.17535e-05
1.17273e-05
1.17012e-05
1.16751e-05
1.16492e-05
1.16234e-05
1.15976e-05
1.15718e-05
1.15461e-05
1.15205e-05
1.1495e-05
1.14696e-05
1.14442e-05
1.1419e-05
1.13939e-05
1.1369e-05
1.13443e-05
1.13198e-05
1.12955e-05
1.12716e-05
1.1248e-05
1.1225e-05
1.12017e-05
1.9855e-05
1.98455e-05
1.98312e-05
1.98132e-05
1.9792e-05
1.97675e-05
1.97398e-05
1.97091e-05
1.96759e-05
1.96402e-05
1.96026e-05
1.95634e-05
1.95232e-05
1.94821e-05
1.94398e-05
1.93964e-05
1.93524e-05
1.93078e-05
1.92626e-05
1.92173e-05
1.91719e-05
1.91265e-05
1.9081e-05
1.90356e-05
1.89901e-05
1.89448e-05
1.88994e-05
1.88541e-05
1.88087e-05
1.87631e-05
1.87174e-05
1.86716e-05
1.86256e-05
1.85796e-05
1.85334e-05
1.84872e-05
1.84409e-05
1.83947e-05
1.83485e-05
1.83024e-05
1.82563e-05
1.82104e-05
1.81648e-05
1.81192e-05
1.80738e-05
1.80286e-05
1.79836e-05
1.79387e-05
1.78941e-05
1.78497e-05
1.78056e-05
1.77616e-05
1.77179e-05
1.76744e-05
1.76311e-05
1.75881e-05
1.75451e-05
1.75024e-05
1.74599e-05
1.74174e-05
1.73753e-05
1.73331e-05
1.72912e-05
1.72493e-05
1.72076e-05
1.71658e-05
1.71242e-05
1.70828e-05
1.70414e-05
1.70001e-05
1.69589e-05
1.6918e-05
1.68772e-05
1.68366e-05
1.67964e-05
1.67564e-05
1.67168e-05
1.66777e-05
1.66391e-05
1.66013e-05
1.65633e-05
2.72077e-05
2.71961e-05
2.7178e-05
2.71548e-05
2.7127e-05
2.7095e-05
2.70586e-05
2.70183e-05
2.69745e-05
2.69274e-05
2.68775e-05
2.68255e-05
2.67718e-05
2.67167e-05
2.66601e-05
2.6602e-05
2.65428e-05
2.64827e-05
2.64218e-05
2.63605e-05
2.62989e-05
2.62371e-05
2.61751e-05
2.6113e-05
2.60507e-05
2.59883e-05
2.59258e-05
2.5863e-05
2.58e-05
2.57366e-05
2.56729e-05
2.56087e-05
2.55442e-05
2.54793e-05
2.54141e-05
2.53486e-05
2.52829e-05
2.52168e-05
2.51507e-05
2.50845e-05
2.50181e-05
2.49517e-05
2.48854e-05
2.48189e-05
2.47526e-05
2.46863e-05
2.46201e-05
2.45539e-05
2.4488e-05
2.44221e-05
2.43566e-05
2.42911e-05
2.42259e-05
2.41609e-05
2.40962e-05
2.40317e-05
2.39674e-05
2.39033e-05
2.38395e-05
2.37759e-05
2.37125e-05
2.36493e-05
2.35862e-05
2.35233e-05
2.34606e-05
2.33978e-05
2.33353e-05
2.32729e-05
2.32106e-05
2.31485e-05
2.30864e-05
2.30246e-05
2.2963e-05
2.29017e-05
2.28407e-05
2.27802e-05
2.27202e-05
2.26607e-05
2.2602e-05
2.25443e-05
2.24866e-05
3.54823e-05
3.54689e-05
3.54469e-05
3.54183e-05
3.53839e-05
3.53441e-05
3.52989e-05
3.52488e-05
3.51942e-05
3.51353e-05
3.50727e-05
3.50071e-05
3.49391e-05
3.4869e-05
3.47969e-05
3.47228e-05
3.4647e-05
3.45699e-05
3.44917e-05
3.44125e-05
3.43327e-05
3.42522e-05
3.41712e-05
3.40898e-05
3.4008e-05
3.39257e-05
3.38429e-05
3.37596e-05
3.36757e-05
3.35912e-05
3.3506e-05
3.34201e-05
3.33334e-05
3.3246e-05
3.3158e-05
3.30694e-05
3.29801e-05
3.28901e-05
3.27997e-05
3.27089e-05
3.26176e-05
3.25258e-05
3.24339e-05
3.23415e-05
3.22489e-05
3.2156e-05
3.20631e-05
3.19698e-05
3.18766e-05
3.17833e-05
3.16901e-05
3.15969e-05
3.15039e-05
3.1411e-05
3.13183e-05
3.12259e-05
3.11337e-05
3.10417e-05
3.09501e-05
3.08587e-05
3.07676e-05
3.06768e-05
3.05861e-05
3.04957e-05
3.04054e-05
3.03154e-05
3.02254e-05
3.01356e-05
3.0046e-05
2.99565e-05
2.98672e-05
2.97781e-05
2.96892e-05
2.96006e-05
2.95125e-05
2.94249e-05
2.93378e-05
2.92515e-05
2.91661e-05
2.90819e-05
2.89981e-05
4.47707e-05
4.4754e-05
4.4727e-05
4.46919e-05
4.46497e-05
4.4601e-05
4.45463e-05
4.44855e-05
4.44193e-05
4.4348e-05
4.4272e-05
4.41919e-05
4.41085e-05
4.40222e-05
4.39333e-05
4.38419e-05
4.37482e-05
4.36525e-05
4.35551e-05
4.34561e-05
4.33559e-05
4.32545e-05
4.31521e-05
4.30487e-05
4.29443e-05
4.28389e-05
4.27326e-05
4.26252e-05
4.25168e-05
4.24073e-05
4.22966e-05
4.21847e-05
4.20716e-05
4.19573e-05
4.18418e-05
4.17251e-05
4.16072e-05
4.14881e-05
4.1368e-05
4.12468e-05
4.11247e-05
4.10014e-05
4.08774e-05
4.07524e-05
4.06267e-05
4.05001e-05
4.0373e-05
4.02452e-05
4.0117e-05
3.99884e-05
3.98595e-05
3.97305e-05
3.96014e-05
3.94723e-05
3.93433e-05
3.92146e-05
3.9086e-05
3.89578e-05
3.88299e-05
3.87024e-05
3.85753e-05
3.84486e-05
3.83221e-05
3.8196e-05
3.80703e-05
3.79448e-05
3.78195e-05
3.76944e-05
3.75695e-05
3.74448e-05
3.73203e-05
3.7196e-05
3.7072e-05
3.69484e-05
3.68252e-05
3.67025e-05
3.65805e-05
3.64594e-05
3.63394e-05
3.62208e-05
3.61029e-05
5.51123e-05
5.50879e-05
5.50523e-05
5.50075e-05
5.49545e-05
5.48945e-05
5.48279e-05
5.47548e-05
5.46754e-05
5.45903e-05
5.44996e-05
5.44037e-05
5.43034e-05
5.41994e-05
5.40921e-05
5.39819e-05
5.38688e-05
5.37531e-05
5.36349e-05
5.35144e-05
5.33919e-05
5.32675e-05
5.31413e-05
5.30134e-05
5.28838e-05
5.27524e-05
5.26192e-05
5.24843e-05
5.23475e-05
5.22088e-05
5.20682e-05
5.19256e-05
5.1781e-05
5.16343e-05
5.14855e-05
5.13348e-05
5.1182e-05
5.1027e-05
5.08702e-05
5.07114e-05
5.05506e-05
5.03879e-05
5.02235e-05
5.00573e-05
4.98897e-05
4.97203e-05
4.95498e-05
4.9378e-05
4.92051e-05
4.90313e-05
4.88568e-05
4.86818e-05
4.85066e-05
4.83311e-05
4.81556e-05
4.79803e-05
4.78053e-05
4.76308e-05
4.74567e-05
4.72832e-05
4.71104e-05
4.69382e-05
4.67665e-05
4.65955e-05
4.64249e-05
4.62548e-05
4.60852e-05
4.5916e-05
4.5747e-05
4.55783e-05
4.54099e-05
4.52419e-05
4.50742e-05
4.49069e-05
4.47401e-05
4.45738e-05
4.44084e-05
4.4244e-05
4.40808e-05
4.39193e-05
4.3759e-05
6.64036e-05
6.63636e-05
6.63132e-05
6.62531e-05
6.61845e-05
6.61087e-05
6.60266e-05
6.59379e-05
6.58426e-05
6.57412e-05
6.56338e-05
6.55201e-05
6.54009e-05
6.5277e-05
6.51493e-05
6.50182e-05
6.48838e-05
6.47461e-05
6.46053e-05
6.44614e-05
6.43146e-05
6.41651e-05
6.40128e-05
6.38578e-05
6.37002e-05
6.35398e-05
6.33764e-05
6.32103e-05
6.30412e-05
6.28689e-05
6.26937e-05
6.25153e-05
6.23337e-05
6.21488e-05
6.19606e-05
6.17692e-05
6.15745e-05
6.13764e-05
6.11752e-05
6.09707e-05
6.07632e-05
6.05525e-05
6.03389e-05
6.01226e-05
5.99038e-05
5.96824e-05
5.94588e-05
5.92333e-05
5.90061e-05
5.87774e-05
5.85474e-05
5.83167e-05
5.80854e-05
5.78537e-05
5.7622e-05
5.73905e-05
5.71594e-05
5.69291e-05
5.66995e-05
5.64708e-05
5.62432e-05
5.60166e-05
5.57909e-05
5.55663e-05
5.53425e-05
5.51197e-05
5.48975e-05
5.46762e-05
5.44553e-05
5.4235e-05
5.40151e-05
5.37957e-05
5.35768e-05
5.33584e-05
5.31407e-05
5.29236e-05
5.27074e-05
5.24924e-05
5.22788e-05
5.2067e-05
5.18571e-05
7.84512e-05
7.83854e-05
7.83118e-05
7.82292e-05
7.81381e-05
7.80403e-05
7.7937e-05
7.78277e-05
7.77119e-05
7.75901e-05
7.7462e-05
7.73268e-05
7.71847e-05
7.7037e-05
7.68849e-05
7.6729e-05
7.65694e-05
7.6406e-05
7.62388e-05
7.60677e-05
7.58929e-05
7.57142e-05
7.55319e-05
7.53458e-05
7.51559e-05
7.4962e-05
7.47639e-05
7.45617e-05
7.4355e-05
7.4144e-05
7.39285e-05
7.37085e-05
7.34839e-05
7.32545e-05
7.30205e-05
7.27817e-05
7.25383e-05
7.22899e-05
7.20372e-05
7.17797e-05
7.1518e-05
7.12518e-05
7.09815e-05
7.07073e-05
7.04296e-05
7.01484e-05
6.98643e-05
6.95774e-05
6.92882e-05
6.89969e-05
6.87038e-05
6.84098e-05
6.8115e-05
6.78197e-05
6.75244e-05
6.72294e-05
6.69351e-05
6.66418e-05
6.63498e-05
6.6059e-05
6.57699e-05
6.54824e-05
6.51963e-05
6.49119e-05
6.46287e-05
6.43472e-05
6.40668e-05
6.37877e-05
6.35093e-05
6.32319e-05
6.29553e-05
6.26794e-05
6.24042e-05
6.21298e-05
6.18561e-05
6.15832e-05
6.13115e-05
6.1041e-05
6.07721e-05
6.05052e-05
6.0241e-05
9.11324e-05
9.10288e-05
9.09216e-05
9.08071e-05
9.06848e-05
9.05566e-05
9.04243e-05
9.02869e-05
9.01436e-05
8.99948e-05
8.98398e-05
8.96767e-05
8.95055e-05
8.93275e-05
8.91444e-05
8.89572e-05
8.87659e-05
8.85702e-05
8.83702e-05
8.81655e-05
8.79561e-05
8.77418e-05
8.75227e-05
8.72989e-05
8.707e-05
8.68357e-05
8.65959e-05
8.63506e-05
8.60995e-05
8.58423e-05
8.55793e-05
8.53103e-05
8.50352e-05
8.47539e-05
8.44664e-05
8.41728e-05
8.38731e-05
8.35669e-05
8.3255e-05
8.2937e-05
8.26137e-05
8.22844e-05
8.195e-05
8.16107e-05
8.1267e-05
8.09189e-05
8.05672e-05
8.02121e-05
7.98541e-05
7.94936e-05
7.9131e-05
7.87671e-05
7.84025e-05
7.80374e-05
7.76723e-05
7.73078e-05
7.69443e-05
7.65823e-05
7.6222e-05
7.58637e-05
7.55076e-05
7.51538e-05
7.4802e-05
7.44527e-05
7.41053e-05
7.37604e-05
7.3417e-05
7.30758e-05
7.27358e-05
7.23971e-05
7.20598e-05
7.17237e-05
7.13886e-05
7.10546e-05
7.07216e-05
7.03896e-05
7.00591e-05
6.97299e-05
6.94027e-05
6.90775e-05
6.87559e-05
0.000104423
0.000104267
0.000104113
0.000103955
0.00010379
0.00010362
0.000103449
0.000103273
0.000103093
0.000102908
0.000102717
0.000102518
0.000102309
0.000102092
0.000101869
0.000101641
0.000101409
0.000101172
0.00010093
0.000100683
0.00010043
0.000100171
9.99065e-05
9.96359e-05
9.9359e-05
9.90754e-05
9.87849e-05
9.84873e-05
9.81825e-05
9.78701e-05
9.75504e-05
9.72233e-05
9.68887e-05
9.65464e-05
9.61964e-05
9.58389e-05
9.5474e-05
9.51012e-05
9.47215e-05
9.43343e-05
9.39408e-05
9.35402e-05
9.31334e-05
9.27208e-05
9.23033e-05
9.18804e-05
9.14533e-05
9.10225e-05
9.05884e-05
9.01514e-05
8.97121e-05
8.92715e-05
8.88301e-05
8.83884e-05
8.7947e-05
8.75065e-05
8.70674e-05
8.66304e-05
8.61957e-05
8.57636e-05
8.53346e-05
8.49087e-05
8.44857e-05
8.4066e-05
8.36492e-05
8.32356e-05
8.28245e-05
8.24164e-05
8.20102e-05
8.16062e-05
8.12041e-05
8.08038e-05
8.04051e-05
8.0008e-05
7.96124e-05
7.92182e-05
7.88258e-05
7.84351e-05
7.80467e-05
7.76606e-05
7.72791e-05
0.000118355
0.000118128
0.000117911
0.000117694
0.000117472
0.000117248
0.000117024
0.000116798
0.000116569
0.000116336
0.000116098
0.000115851
0.000115593
0.000115325
0.000115051
0.000114772
0.000114488
0.000114199
0.000113904
0.000113604
0.000113296
0.000112982
0.000112661
0.000112332
0.000111997
0.000111653
0.000111301
0.00011094
0.000110571
0.000110192
0.000109805
0.000109409
0.000109005
0.000108591
0.000108168
0.000107736
0.000107296
0.000106847
0.000106389
0.000105923
0.00010545
0.000104968
0.00010448
0.000103985
0.000103484
0.000102977
0.000102466
0.000101951
0.000101432
0.000100911
0.000100386
9.9861e-05
9.93349e-05
9.88089e-05
9.82834e-05
9.77591e-05
9.72369e-05
9.67175e-05
9.62011e-05
9.56882e-05
9.51791e-05
9.46743e-05
9.41733e-05
9.36768e-05
9.3184e-05
9.26957e-05
9.22109e-05
9.17302e-05
9.12524e-05
9.07777e-05
9.03059e-05
8.98368e-05
8.93701e-05
8.89056e-05
8.84434e-05
8.79832e-05
8.75253e-05
8.70697e-05
8.66169e-05
8.61666e-05
8.57224e-05
0.000132989
0.000132668
0.000132367
0.000132072
0.000131776
0.00013148
0.000131187
0.000130895
0.000130602
0.000130307
0.000130008
0.0001297
0.00012938
0.000129049
0.00012871
0.000128366
0.000128017
0.000127662
0.000127302
0.000126935
0.00012656
0.000126177
0.000125787
0.000125388
0.000124981
0.000124564
0.000124138
0.000123702
0.000123256
0.0001228
0.000122334
0.000121857
0.000121371
0.000120873
0.000120366
0.000119849
0.000119322
0.000118785
0.000118239
0.000117683
0.000117119
0.000116546
0.000115965
0.000115378
0.000114784
0.000114184
0.000113579
0.000112969
0.000112357
0.000111741
0.000111122
0.000110503
0.000109883
0.000109264
0.000108645
0.000108028
0.000107415
0.000106804
0.000106198
0.000105595
0.000104998
0.000104406
0.000103819
0.000103238
0.000102662
0.000102092
0.000101526
0.000100966
0.00010041
9.98586e-05
9.93111e-05
9.87674e-05
9.82272e-05
9.76903e-05
9.71565e-05
9.66257e-05
9.6098e-05
9.55733e-05
9.50521e-05
9.45339e-05
9.40234e-05
0.000148402
0.000147958
0.000147549
0.000147153
0.00014676
0.000146372
0.00014599
0.000145614
0.000145238
0.000144864
0.000144487
0.000144102
0.000143703
0.000143293
0.000142874
0.000142449
0.00014202
0.000141585
0.000141143
0.000140695
0.000140238
0.000139773
0.000139298
0.000138815
0.000138322
0.000137819
0.000137305
0.00013678
0.000136244
0.000135696
0.000135137
0.000134567
0.000133985
0.000133392
0.000132788
0.000132173
0.000131547
0.00013091
0.000130263
0.000129605
0.00012894
0.000128264
0.00012758
0.000126888
0.00012619
0.000125485
0.000124776
0.000124062
0.000123344
0.000122624
0.000121901
0.000121178
0.000120454
0.000119731
0.00011901
0.000118291
0.000117576
0.000116865
0.000116159
0.000115458
0.000114763
0.000114075
0.000113394
0.000112719
0.000112051
0.00011139
0.000110736
0.000110088
0.000109447
0.000108811
0.000108181
0.000107556
0.000106936
0.000106321
0.00010571
0.000105103
0.000104501
0.000103902
0.000103308
0.000102717
0.000102137
0.000164684
0.000164086
0.000163538
0.000163014
0.000162499
0.000161993
0.000161499
0.000161015
0.000160536
0.00016006
0.000159586
0.000159104
0.000158609
0.000158101
0.000157583
0.00015706
0.000156532
0.000155999
0.000155459
0.000154913
0.000154357
0.000153793
0.000153218
0.000152634
0.00015204
0.000151435
0.000150818
0.000150189
0.000149547
0.000148893
0.000148227
0.000147548
0.000146857
0.000146154
0.000145439
0.000144712
0.000143974
0.000143224
0.000142463
0.000141691
0.00014091
0.000140119
0.000139319
0.000138511
0.000137697
0.000136876
0.000136051
0.00013522
0.000134387
0.000133551
0.000132713
0.000131874
0.000131036
0.000130199
0.000129364
0.000128533
0.000127705
0.000126883
0.000126067
0.000125257
0.000124455
0.00012366
0.000122874
0.000122096
0.000121327
0.000120566
0.000119814
0.00011907
0.000118335
0.000117607
0.000116886
0.000116173
0.000115466
0.000114766
0.000114071
0.000113383
0.000112699
0.000112022
0.00011135
0.000110682
0.000110026
0.000181945
0.000181155
0.000180434
0.000179749
0.000179081
0.000178429
0.000177795
0.000177177
0.000176568
0.000175968
0.000175372
0.000174771
0.000174157
0.00017353
0.000172893
0.000172251
0.000171604
0.000170953
0.000170295
0.000169631
0.000168958
0.000168275
0.000167583
0.00016688
0.000166167
0.000165442
0.000164704
0.000163954
0.00016319
0.000162413
0.000161623
0.00016082
0.000160005
0.000159176
0.000158335
0.000157481
0.000156616
0.000155738
0.000154849
0.000153948
0.000153039
0.000152119
0.00015119
0.000150252
0.000149309
0.000148359
0.000147404
0.000146445
0.000145484
0.000144519
0.000143554
0.000142588
0.000141623
0.00014066
0.0001397
0.000138744
0.000137793
0.000136848
0.000135911
0.000134981
0.000134059
0.000133148
0.000132246
0.000131354
0.000130472
0.000129602
0.000128742
0.000127893
0.000127054
0.000126225
0.000125405
0.000124595
0.000123794
0.000123001
0.000122216
0.000121438
0.000120668
0.000119906
0.00011915
0.0001184
0.000117665
0.000200313
0.000199291
0.000198358
0.000197475
0.00019662
0.000195788
0.000194982
0.000194198
0.000193431
0.000192677
0.000191932
0.000191186
0.000190429
0.000189658
0.000188878
0.000188092
0.000187304
0.000186511
0.000185714
0.00018491
0.000184098
0.000183276
0.000182445
0.000181603
0.000180751
0.000179886
0.000179009
0.000178118
0.000177214
0.000176295
0.000175364
0.000174418
0.00017346
0.000172489
0.000171504
0.000170507
0.000169498
0.000168476
0.000167443
0.000166399
0.000165345
0.000164281
0.000163208
0.000162127
0.00016104
0.000159946
0.000158849
0.000157747
0.000156643
0.000155538
0.000154431
0.000153325
0.00015222
0.000151119
0.000150021
0.000148927
0.00014784
0.00014676
0.000145688
0.000144625
0.000143573
0.000142532
0.000141502
0.000140485
0.00013948
0.000138488
0.000137509
0.000136544
0.000135591
0.000134651
0.000133723
0.000132807
0.000131902
0.000131009
0.000130126
0.000129253
0.000128389
0.000127535
0.00012669
0.000125852
0.000125032
0.000219935
0.000218638
0.000217451
0.000216332
0.000215252
0.000214203
0.000213189
0.000212206
0.000211246
0.000210306
0.000209381
0.00020846
0.00020753
0.000206588
0.000205637
0.000204682
0.000203726
0.000202766
0.000201803
0.000200835
0.00019986
0.000198875
0.000197882
0.000196878
0.000195864
0.000194838
0.000193799
0.000192746
0.00019168
0.0001906
0.000189506
0.000188399
0.000187278
0.000186144
0.000184997
0.000183838
0.000182667
0.000181483
0.000180288
0.000179082
0.000177867
0.000176642
0.000175408
0.000174167
0.00017292
0.000171667
0.000170411
0.000169151
0.00016789
0.000166628
0.000165366
0.000164105
0.000162846
0.000161591
0.000160341
0.000159096
0.000157858
0.000156629
0.00015541
0.000154201
0.000153004
0.00015182
0.00015065
0.000149494
0.000148352
0.000147227
0.000146117
0.000145023
0.000143945
0.000142883
0.000141836
0.000140804
0.000139787
0.000138784
0.000137794
0.000136817
0.000135853
0.0001349
0.00013396
0.000133028
0.000132117
0.000240967
0.000239357
0.000237877
0.000236481
0.000235137
0.000233833
0.000232573
0.000231353
0.000230164
0.000229002
0.000227863
0.000226733
0.000225599
0.000224454
0.000223303
0.000222149
0.000220994
0.00021984
0.000218683
0.000217523
0.000216357
0.000215184
0.000214001
0.00021281
0.000211609
0.000210396
0.000209172
0.000207934
0.000206682
0.000205417
0.000204138
0.000202845
0.00020154
0.000200222
0.000198891
0.000197548
0.000196194
0.000194828
0.000193451
0.000192063
0.000190668
0.000189262
0.000187849
0.000186429
0.000185004
0.000183574
0.000182141
0.000180706
0.000179271
0.000177835
0.0001764
0.000174968
0.000173539
0.000172114
0.000170696
0.000169284
0.000167881
0.000166487
0.000165105
0.000163735
0.000162378
0.000161037
0.000159711
0.000158402
0.00015711
0.000155837
0.000154582
0.000153347
0.000152131
0.000150935
0.000149757
0.000148598
0.000147457
0.000146334
0.000145228
0.000144139
0.000143065
0.000142007
0.000140963
0.000139931
0.000138924
0.000263566
0.000261615
0.000259809
0.000258101
0.000256456
0.00025486
0.000253316
0.000251821
0.000250365
0.000248944
0.000247554
0.000246179
0.000244806
0.000243426
0.000242041
0.000240655
0.000239272
0.00023789
0.000236509
0.000235127
0.000233741
0.000232348
0.000230949
0.000229541
0.000228125
0.000226699
0.000225261
0.000223811
0.000222348
0.000220871
0.000219381
0.000217878
0.000216363
0.000214836
0.000213297
0.000211746
0.000210186
0.000208613
0.000207032
0.00020544
0.000203841
0.000202234
0.00020062
0.000199
0.000197376
0.000195749
0.00019412
0.00019249
0.00019086
0.000189232
0.000187606
0.000185983
0.000184365
0.000182753
0.000181148
0.000179552
0.000177965
0.00017639
0.000174827
0.000173279
0.000171746
0.000170231
0.000168733
0.000167255
0.000165797
0.00016436
0.000162946
0.000161554
0.000160186
0.000158841
0.000157518
0.000156219
0.000154943
0.000153688
0.000152455
0.000151243
0.000150051
0.000148877
0.000147723
0.000146583
0.000145472
0.000287858
0.000285562
0.000283413
0.000281371
0.000279398
0.00027748
0.000275619
0.000273814
0.000272056
0.000270339
0.00026866
0.000267005
0.000265357
0.000263707
0.000262054
0.000260403
0.000258757
0.000257115
0.000255477
0.00025384
0.000252201
0.000250559
0.000248911
0.000247256
0.000245595
0.000243925
0.000242244
0.000240552
0.000238848
0.000237132
0.000235403
0.000233662
0.000231909
0.000230145
0.00022837
0.000226585
0.000224791
0.000222986
0.000221174
0.000219353
0.000217525
0.000215692
0.000213852
0.000212008
0.000210162
0.000208314
0.000206465
0.000204617
0.000202771
0.000200928
0.000199089
0.000197254
0.000195427
0.000193607
0.000191795
0.000189994
0.000188204
0.000186427
0.000184665
0.000182919
0.000181191
0.000179482
0.000177794
0.000176129
0.000174486
0.000172869
0.000171277
0.000169712
0.000168174
0.000166664
0.000165182
0.000163728
0.000162301
0.000160902
0.000159529
0.000158181
0.000156859
0.000155561
0.000154286
0.00015303
0.000151807
0.000313906
0.000311298
0.000308821
0.000306446
0.000304138
0.000301883
0.000299685
0.000297544
0.000295455
0.000293413
0.000291413
0.000289444
0.000287489
0.000285535
0.000283581
0.000281632
0.000279689
0.000277754
0.000275825
0.0002739
0.000271976
0.00027005
0.000268121
0.000266187
0.000264248
0.000262302
0.000260347
0.000258382
0.000256407
0.000254419
0.00025242
0.00025041
0.000248389
0.000246358
0.000244317
0.000242267
0.000240209
0.000238143
0.000236071
0.000233991
0.000231907
0.000229818
0.000227726
0.000225631
0.000223535
0.000221439
0.000219345
0.000217253
0.000215165
0.000213082
0.000211005
0.000208935
0.000206873
0.00020482
0.000202779
0.00020075
0.000198734
0.000196733
0.000194749
0.000192784
0.000190838
0.000188915
0.000187016
0.000185141
0.000183294
0.000181475
0.000179685
0.000177927
0.000176201
0.000174507
0.000172846
0.000171219
0.000169626
0.000168065
0.000166537
0.00016504
0.000163574
0.000162139
0.000160732
0.00015935
0.000158005
0.000341651
0.000338823
0.00033608
0.000333412
0.000330796
0.000328218
0.000325685
0.000323205
0.000320773
0.000318388
0.000316047
0.00031374
0.00031145
0.000309166
0.000306885
0.000304608
0.000302339
0.00030008
0.000297829
0.000295584
0.000293343
0.000291102
0.000288859
0.000286614
0.000284365
0.00028211
0.000279848
0.000277578
0.000275298
0.000273007
0.000270706
0.000268394
0.000266072
0.000263741
0.000261402
0.000259054
0.000256701
0.000254341
0.000251976
0.000249606
0.000247233
0.000244858
0.000242482
0.000240105
0.000237729
0.000235355
0.000232986
0.00023062
0.000228262
0.00022591
0.000223567
0.000221232
0.000218909
0.000216597
0.000214299
0.000212015
0.000209746
0.000207496
0.000205264
0.000203054
0.000200867
0.000198704
0.000196568
0.000194461
0.000192384
0.00019034
0.000188329
0.000186355
0.000184417
0.000182517
0.000180657
0.000178836
0.000177054
0.000175313
0.000173611
0.000171947
0.000170322
0.000168733
0.000167181
0.00016566
0.000164182
0.000370858
0.000367975
0.000365096
0.000362236
0.000359388
0.000356545
0.00035372
0.000350928
0.000348171
0.00034545
0.000342768
0.000340118
0.000337485
0.000334857
0.000332231
0.000329609
0.000326994
0.000324387
0.00032179
0.0003192
0.000316614
0.00031403
0.000311446
0.000308859
0.00030627
0.000303677
0.000301077
0.00029847
0.000295854
0.000293228
0.000290591
0.000287945
0.000285289
0.000282625
0.000279953
0.000277274
0.00027459
0.000271902
0.00026921
0.000266515
0.00026382
0.000261125
0.00025843
0.000255737
0.000253047
0.000250363
0.000247684
0.000245013
0.00024235
0.000239698
0.000237056
0.000234426
0.000231809
0.000229207
0.000226621
0.000224051
0.000221501
0.00021897
0.000216462
0.000213978
0.000211519
0.000209088
0.000206688
0.000204319
0.000201985
0.000199688
0.000197429
0.00019521
0.000193034
0.000190902
0.000188815
0.000186775
0.000184782
0.000182836
0.000180937
0.000179085
0.00017728
0.000175519
0.000173802
0.000172126
0.000170499
0.000401048
0.000398368
0.000395568
0.000392692
0.000389758
0.000386771
0.000383752
0.000380726
0.000377705
0.000374697
0.000371709
0.000368741
0.000365781
0.000362821
0.000359857
0.00035689
0.000353925
0.000350965
0.000348011
0.000345062
0.000342116
0.000339171
0.000336225
0.000333276
0.000330324
0.000327367
0.000324404
0.000321434
0.000318454
0.000315464
0.000312463
0.000309452
0.000306431
0.000303402
0.000300364
0.000297321
0.000294273
0.000291221
0.000288167
0.000285112
0.000282058
0.000279005
0.000275956
0.000272911
0.000269872
0.000266839
0.000263816
0.000260802
0.0002578
0.00025481
0.000251834
0.000248873
0.000245928
0.000243
0.000240091
0.000237202
0.000234334
0.00023149
0.000228671
0.000225878
0.000223115
0.000220383
0.000217685
0.000215022
0.000212398
0.000209815
0.000207274
0.00020478
0.000202334
0.000199937
0.000197593
0.000195303
0.000193067
0.000190888
0.000188764
0.000186697
0.000184685
0.000182729
0.000180826
0.000178973
0.000177178
0.000431442
0.000429328
0.000426919
0.000424296
0.000421507
0.000418573
0.000415531
0.000412417
0.000409256
0.000406065
0.000402858
0.000399642
0.000396416
0.000393172
0.000389909
0.00038663
0.000383341
0.000380047
0.000376749
0.00037345
0.000370149
0.000366843
0.000363532
0.000360215
0.000356891
0.00035356
0.00035022
0.00034687
0.000343508
0.000340135
0.000336749
0.00033335
0.00032994
0.000326518
0.000323088
0.00031965
0.000316207
0.00031276
0.000309311
0.000305861
0.000302413
0.000298968
0.000295528
0.000292094
0.000288667
0.000285249
0.000281843
0.000278448
0.000275067
0.000271702
0.000268353
0.000265021
0.000261708
0.000258416
0.000255145
0.000251897
0.000248674
0.000245477
0.000242308
0.00023917
0.000236063
0.000232991
0.000229956
0.000226961
0.000224008
0.000221101
0.000218241
0.000215432
0.000212677
0.000209979
0.00020734
0.000204762
0.000202248
0.000199799
0.000197416
0.000195099
0.000192849
0.000190665
0.000188547
0.00018649
0.000184502
0.000460912
0.00045984
0.000458243
0.000456245
0.000453926
0.000451336
0.000448527
0.000445551
0.000442449
0.000439249
0.000435976
0.000432648
0.000429271
0.000425845
0.000422373
0.000418861
0.000415316
0.000411746
0.000408156
0.00040455
0.000400929
0.000397293
0.000393643
0.000389977
0.000386296
0.000382601
0.000378892
0.000375166
0.000371423
0.000367664
0.000363887
0.000360092
0.000356281
0.000352455
0.000348615
0.000344764
0.000340905
0.000337039
0.000333169
0.000329297
0.000325425
0.000321556
0.000317692
0.000313834
0.000309985
0.000306145
0.000302318
0.000298504
0.000294705
0.000290924
0.000287161
0.000283418
0.000279696
0.000275996
0.000272321
0.000268672
0.00026505
0.000261456
0.000257894
0.000254365
0.000250871
0.000247415
0.000243999
0.000240626
0.0002373
0.000234023
0.000230798
0.000227629
0.00022452
0.000221474
0.000218494
0.000215583
0.000212745
0.000209982
0.000207296
0.000204688
0.000202159
0.000199709
0.000197338
0.000195042
0.000192829
0.000487923
0.000488493
0.000488247
0.000487356
0.000485941
0.000484085
0.000481861
0.000479341
0.000476583
0.000473633
0.000470526
0.000467293
0.000463952
0.000460513
0.000456983
0.000453375
0.000449699
0.000445965
0.000442184
0.000438362
0.000434503
0.00043061
0.000426685
0.000422729
0.000418744
0.000414732
0.000410693
0.000406627
0.000402534
0.000398414
0.000394268
0.000390095
0.000385896
0.000381675
0.000377432
0.000373169
0.000368892
0.000364601
0.000360301
0.000355993
0.000351682
0.00034737
0.00034306
0.000338754
0.000334454
0.000330163
0.000325883
0.000321616
0.000317364
0.000313129
0.000308913
0.000304718
0.000300545
0.000296395
0.000292272
0.000288175
0.000284107
0.000280071
0.000276067
0.000272098
0.000268167
0.000264275
0.000260427
0.000256625
0.000252872
0.000249172
0.000245529
0.000241945
0.000238427
0.000234977
0.0002316
0.000228301
0.000225084
0.000221952
0.000218908
0.000215956
0.000213097
0.000210332
0.000207661
0.000205083
0.000202602
0.000510466
0.000513413
0.000515188
0.000516011
0.000516051
0.000515431
0.000514251
0.000512605
0.000510574
0.000508222
0.0005056
0.000502754
0.000499715
0.000496505
0.000493143
0.000489644
0.000486026
0.000482305
0.000478495
0.000474606
0.000470647
0.000466625
0.000462544
0.000458407
0.000454219
0.000449983
0.0004457
0.000441374
0.000437004
0.000432592
0.000428138
0.000423644
0.000419111
0.00041454
0.000409935
0.000405298
0.000400634
0.000395945
0.000391235
0.000386509
0.00038177
0.000377021
0.000372266
0.000367509
0.000362752
0.000357998
0.00035325
0.000348511
0.000343783
0.000339069
0.000334371
0.000329692
0.000325032
0.000320395
0.000315782
0.000311196
0.000306637
0.000302109
0.000297614
0.000293155
0.000288732
0.000284351
0.000280013
0.000275722
0.000271483
0.000267298
0.000263172
0.000259109
0.000255115
0.000251194
0.000247353
0.000243597
0.000239931
0.000236361
0.000232893
0.00022953
0.000226276
0.000223134
0.000220106
0.000217188
0.000214389
0.000525971
0.000532185
0.000536797
0.000540083
0.000542265
0.000543509
0.000543949
0.000543707
0.00054289
0.000541585
0.000539863
0.000537786
0.000535402
0.000532748
0.000529855
0.000526748
0.000523451
0.000519988
0.000516378
0.000512637
0.00050878
0.000504817
0.000500757
0.000496607
0.000492374
0.000488063
0.000483679
0.000479225
0.000474705
0.00047012
0.000465473
0.000460766
0.000456
0.000451178
0.000446303
0.000441378
0.000436407
0.000431395
0.000426346
0.000421263
0.000416152
0.000411018
0.000405864
0.000400694
0.000395513
0.000390323
0.000385129
0.000379933
0.00037474
0.000369551
0.000364371
0.000359201
0.000354044
0.000348902
0.000343779
0.000338676
0.000333597
0.000328543
0.000323517
0.000318523
0.000313562
0.000308639
0.000303756
0.000298919
0.00029413
0.000289395
0.000284717
0.000280104
0.000275559
0.000271091
0.000266706
0.000262411
0.000258215
0.000254125
0.000250149
0.000246295
0.000242568
0.000238974
0.000235516
0.000232193
0.000229013
0.000531248
0.000541778
0.000550204
0.000556859
0.000562016
0.000565893
0.000568663
0.000570482
0.000571487
0.000571792
0.000571491
0.000570667
0.000569388
0.000567708
0.000565673
0.00056332
0.000560685
0.000557799
0.00055469
0.000551381
0.000547892
0.000544242
0.000540443
0.000536507
0.000532445
0.000528267
0.000523979
0.000519587
0.000515099
0.000510517
0.000505845
0.000501088
0.000496247
0.000491326
0.000486329
0.00048126
0.000476122
0.000470921
0.000465661
0.000460346
0.000454984
0.000449577
0.000444131
0.000438651
0.000433142
0.000427606
0.00042205
0.000416475
0.000410886
0.000405287
0.000399681
0.000394072
0.000388461
0.000382853
0.000377249
0.000371654
0.00036607
0.000360499
0.000354945
0.000349412
0.000343902
0.000338419
0.000332967
0.000327551
0.000322176
0.000316846
0.000311567
0.000306346
0.00030119
0.000296106
0.000291105
0.000286195
0.000281389
0.000276697
0.000272131
0.000267704
0.000263426
0.000259306
0.00025535
0.000251559
0.000247944
0.000522424
0.000538469
0.000551847
0.000562938
0.000572068
0.000579504
0.000585466
0.000590147
0.000593718
0.000596325
0.000598091
0.000599121
0.000599506
0.000599321
0.000598631
0.000597489
0.000595944
0.000594038
0.000591808
0.000589288
0.000586506
0.000583488
0.000580254
0.000576822
0.000573207
0.000569425
0.000565485
0.0005614
0.000557176
0.000552823
0.000548346
0.00054375
0.000539042
0.000534225
0.000529305
0.000524285
0.000519172
0.000513969
0.000508684
0.000503321
0.000497885
0.000492382
0.000486819
0.000481199
0.000475528
0.000469811
0.000464051
0.000458254
0.000452423
0.000446562
0.000440674
0.000434764
0.000428834
0.000422887
0.000416927
0.000410956
0.000404977
0.000398994
0.000393009
0.000387026
0.000381048
0.000375079
0.000369123
0.000363186
0.000357273
0.000351389
0.00034554
0.000339735
0.000333982
0.00032829
0.000322672
0.000317141
0.000311712
0.000306404
0.000301233
0.00029622
0.000291382
0.000286733
0.000282287
0.000278046
0.000274021
0.000494964
0.000517817
0.000537413
0.00055416
0.000568421
0.000580508
0.000590686
0.00059919
0.000606228
0.000611979
0.000616597
0.000620216
0.000622952
0.000624906
0.000626163
0.000626796
0.00062687
0.000626441
0.00062556
0.000624272
0.000622616
0.000620626
0.000618332
0.000615761
0.000612933
0.00060987
0.000606589
0.000603105
0.000599432
0.000595581
0.000591564
0.000587387
0.00058306
0.00057859
0.000573984
0.000569247
0.000564387
0.000559409
0.000554322
0.00054913
0.000543841
0.00053846
0.000532996
0.000527452
0.000521836
0.000516152
0.000510407
0.000504603
0.000498747
0.000492842
0.000486892
0.000480901
0.000474872
0.000468809
0.000462713
0.000456589
0.000450438
0.000444263
0.000438067
0.000431853
0.000425624
0.000419382
0.000413132
0.000406878
0.000400624
0.000394377
0.000388142
0.000381927
0.000375742
0.000369598
0.000363508
0.000357489
0.00035156
0.000345745
0.000340071
0.000334563
0.000329247
0.000324142
0.000319263
0.000314613
0.0003102
0.000443953
0.000474814
0.000501907
0.000525608
0.000546278
0.000564249
0.000579823
0.000593272
0.000604839
0.000614737
0.000623152
0.000630248
0.000636171
0.000641047
0.000644987
0.000648086
0.000650429
0.00065209
0.000653136
0.000653624
0.000653607
0.000653132
0.000652239
0.000650964
0.000649338
0.000647389
0.000645142
0.000642618
0.000639838
0.000636818
0.000633575
0.000630121
0.000626467
0.000622626
0.000618607
0.000614419
0.000610071
0.000605572
0.000600931
0.000596155
0.000591252
0.000586231
0.0005811
0.000575866
0.000570536
0.000565117
0.000559616
0.000554039
0.000548391
0.000542678
0.000536904
0.000531076
0.000525195
0.000519267
0.000513295
0.000507282
0.000501231
0.000495144
0.000489024
0.000482874
0.000476695
0.00047049
0.00046426
0.00045801
0.000451742
0.000445459
0.000439165
0.000432865
0.000426565
0.000420272
0.000413995
0.000407749
0.000401548
0.000395414
0.000389374
0.000383456
0.000377694
0.000372117
0.000366747
0.000361599
0.000356686
0.000365059
0.000404517
0.000440055
0.000471858
0.000500175
0.000525301
0.000547541
0.000567182
0.000584483
0.000599683
0.000612997
0.000624619
0.000634722
0.00064346
0.000650971
0.000657374
0.000662777
0.000667275
0.000670951
0.000673882
0.000676135
0.00067777
0.000678841
0.000679397
0.000679479
0.000679125
0.00067837
0.000677242
0.00067577
0.000673977
0.000671886
0.000669515
0.000666882
0.000664002
0.00066089
0.000657559
0.00065402
0.000650287
0.00064637
0.000642279
0.000638026
0.000633619
0.000629071
0.000624389
0.000619583
0.000614662
0.000609634
0.000604508
0.000599291
0.00059399
0.000588613
0.000583165
0.000577652
0.00057208
0.000566454
0.000560779
0.000555058
0.000549296
0.000543497
0.000537663
0.000531797
0.000525901
0.000519979
0.000514033
0.000508064
0.000502076
0.000496068
0.000490044
0.000484007
0.000477958
0.000471901
0.000465841
0.000459782
0.000453734
0.000447707
0.000441714
0.000435776
0.000429913
0.000424155
0.000418531
0.000413079
0.000257736
0.000304137
0.000347736
0.000387946
0.000424631
0.000457901
0.000487948
0.000514996
0.000539273
0.000561013
0.000580441
0.00059777
0.000613192
0.000626885
0.00063901
0.000649711
0.000659118
0.000667349
0.000674507
0.000680687
0.000685975
0.000690446
0.000694171
0.00069721
0.000699619
0.000701449
0.000702744
0.000703543
0.000703884
0.0007038
0.00070332
0.000702471
0.000701276
0.000699757
0.000697935
0.000695826
0.000693449
0.000690819
0.00068795
0.000684857
0.000681554
0.000678052
0.000674365
0.000670505
0.000666483
0.000662311
0.000657999
0.000653558
0.000648997
0.000644326
0.000639555
0.000634691
0.000629743
0.000624719
0.000619625
0.000614469
0.000609256
0.000603992
0.000598684
0.000593336
0.000587953
0.000582538
0.000577096
0.000571631
0.000566145
0.000560641
0.000555122
0.00054959
0.000544047
0.000538494
0.000532934
0.000527369
0.000521799
0.000516227
0.000510657
0.000505091
0.000499534
0.000493993
0.000488476
0.000482989
0.000477551
0.000139522
0.000181613
0.000227192
0.000272702
0.000316397
0.00035752
0.000395699
0.000430852
0.000463035
0.000492388
0.000519086
0.000543312
0.00056525
0.000585082
0.00060298
0.000619104
0.000633602
0.00064661
0.00065825
0.000668636
0.000677871
0.000686049
0.000693256
0.000699569
0.000705058
0.000709786
0.000713811
0.000717186
0.000719959
0.000722171
0.000723863
0.00072507
0.000725823
0.000726153
0.000726085
0.000725645
0.000724854
0.000723734
0.000722305
0.000720585
0.00071859
0.000716339
0.000713845
0.000711125
0.000708193
0.000705063
0.000701748
0.000698261
0.000694615
0.000690821
0.000686892
0.000682838
0.000678669
0.000674395
0.000670026
0.000665571
0.000661038
0.000656436
0.000651772
0.000647053
0.000642286
0.000637477
0.000632632
0.000627757
0.000622856
0.000617934
0.000612994
0.000608041
0.000603078
0.000598108
0.000593133
0.000588155
0.000583178
0.000578202
0.000573229
0.000568262
0.000563303
0.000558353
0.000553416
0.000548495
0.000543594
6.48442e-05
8.35355e-05
0.000110501
0.000144922
0.000184592
0.000227186
0.000270095
0.000311746
0.000351287
0.00038836
0.000422849
0.000454759
0.000484169
0.000511196
0.000535979
0.000558664
0.000579395
0.000598308
0.000615537
0.000631207
0.000645433
0.000658326
0.000669986
0.000680504
0.000689965
0.000698447
0.000706021
0.000712753
0.000718704
0.000723927
0.000728473
0.000732387
0.000735711
0.000738483
0.000740738
0.000742509
0.000743826
0.000744715
0.000745203
0.000745313
0.000745067
0.000744486
0.00074359
0.000742398
0.000740928
0.000739197
0.000737222
0.000735019
0.000732603
0.000729989
0.00072719
0.000724221
0.000721093
0.00071782
0.000714414
0.000710885
0.000707245
0.000703504
0.000699672
0.000695758
0.000691771
0.000687719
0.00068361
0.000679452
0.000675251
0.000671014
0.000666747
0.000662454
0.00065814
0.000653811
0.00064947
0.000645121
0.000640767
0.000636412
0.000632057
0.000627706
0.000623361
0.000619025
0.000614701
0.000610389
0.000606095
4.52699e-05
4.83607e-05
5.4343e-05
6.49834e-05
8.16803e-05
0.000105287
0.000135538
0.000171075
0.000209914
0.00025005
0.000289872
0.000328333
0.000364878
0.000399271
0.000431451
0.000461438
0.00048929
0.000515094
0.00053895
0.00056097
0.000581264
0.000599944
0.000617113
0.00063287
0.000647311
0.000660524
0.000672593
0.000683595
0.000693603
0.000702683
0.000710895
0.000718297
0.00072494
0.000730873
0.00073614
0.000740783
0.00074484
0.000748346
0.000751334
0.000753833
0.000755873
0.000757479
0.000758677
0.00075949
0.000759941
0.000760051
0.000759841
0.000759329
0.000758534
0.000757475
0.000756169
0.000754631
0.000752877
0.000750923
0.000748784
0.000746472
0.000744002
0.000741385
0.000738636
0.000735764
0.000732782
0.000729699
0.000726525
0.000723271
0.000719945
0.000716555
0.000713109
0.000709614
0.000706076
0.000702502
0.000698898
0.000695267
0.000691616
0.000687949
0.000684268
0.000680579
0.000676885
0.000673189
0.000669495
0.000665804
0.000662122
4.32161e-05
4.34471e-05
4.40463e-05
4.53295e-05
4.78739e-05
5.25454e-05
6.05798e-05
7.31699e-05
9.12198e-05
0.00011504
0.000144174
0.000177491
0.000213487
0.000250639
0.000287678
0.000323712
0.000358211
0.000390919
0.000421748
0.000450698
0.000477805
0.000503128
0.000526734
0.000548701
0.000569113
0.000588055
0.000605614
0.00062187
0.000636902
0.000650783
0.000663582
0.000675365
0.000686193
0.000696125
0.000705214
0.00071351
0.000721062
0.000727911
0.000734099
0.000739662
0.000744638
0.000749057
0.000752952
0.000756353
0.000759285
0.000761776
0.000763851
0.000765534
0.000766846
0.00076781
0.000768446
0.000768773
0.000768812
0.000768579
0.000768093
0.00076737
0.000766426
0.000765278
0.000763939
0.000762424
0.000760748
0.000758921
0.000756958
0.000754869
0.000752667
0.000750361
0.00074796
0.000745475
0.000742914
0.000740285
0.000737595
0.00073485
0.000732058
0.000729223
0.000726352
0.000723449
0.00072052
0.000717568
0.000714596
0.000711611
0.000708615
4.34216e-05
4.33891e-05
4.33886e-05
4.34576e-05
4.36608e-05
4.41104e-05
4.50099e-05
4.66746e-05
4.96096e-05
5.45353e-05
6.24023e-05
7.40221e-05
9.00485e-05
0.00011076
0.000135945
0.00016493
0.000196714
0.000230166
0.000264218
0.000297991
0.000330853
0.000362411
0.000392457
0.000420915
0.000447779
0.00047308
0.000496866
0.00051919
0.00054011
0.000559685
0.000577976
0.000595049
0.000610967
0.000625791
0.000639582
0.000652397
0.000664287
0.000675304
0.000685494
0.000694902
0.00070357
0.000711537
0.000718841
0.000725518
0.000731601
0.000737121
0.000742109
0.000746593
0.000750601
0.000754157
0.000757286
0.000760013
0.000762359
0.000764346
0.000765995
0.000767327
0.00076836
0.000769113
0.000769603
0.000769849
0.000769866
0.000769671
0.000769277
0.000768701
0.000767954
0.000767051
0.000766004
0.000764823
0.000763521
0.000762106
0.000760589
0.000758978
0.000757281
0.000755507
0.00075366
0.00075175
0.00074978
0.000747758
0.000745687
0.000743574
0.000741424
4.38478e-05
4.38153e-05
4.37862e-05
4.37663e-05
4.37668e-05
4.38083e-05
4.39258e-05
4.41788e-05
4.46673e-05
4.55567e-05
4.70895e-05
4.9583e-05
5.35431e-05
5.95606e-05
6.83112e-05
8.02748e-05
9.5818e-05
0.000115047
0.000137766
0.000163502
0.00019158
0.000221219
0.000251647
0.000282173
0.000312243
0.000341456
0.000369553
0.00039639
0.000421906
0.000446096
0.000468983
0.000490608
0.000511015
0.000530248
0.000548356
0.000565383
0.000581374
0.000596376
0.000610433
0.000623591
0.000635894
0.000647382
0.000658098
0.000668078
0.000677359
0.000685976
0.000693962
0.000701347
0.000708161
0.000714433
0.00072019
0.000725458
0.000730263
0.000734628
0.000738578
0.000742134
0.00074532
0.000748155
0.00075066
0.000752855
0.000754758
0.000756388
0.000757761
0.000758895
0.000759804
0.000760505
0.000761011
0.000761336
0.000761492
0.000761491
0.000761345
0.000761064
0.000760657
0.000760134
0.000759503
4.41273e-05
4.41101e-05
4.4092e-05
4.40732e-05
4.40546e-05
4.40377e-05
4.40254e-05
4.4023e-05
4.40404e-05
4.4094e-05
4.42106e-05
4.44312e-05
4.48213e-05
4.54808e-05
4.65562e-05
4.82416e-05
5.07705e-05
5.45015e-05
5.9851e-05
6.72272e-05
7.6962e-05
8.93267e-05
0.00010446
0.000122338
0.000142767
0.000165407
0.000189812
0.000215474
0.00024188
0.00026855
0.00029507
0.00032111
0.000346419
0.000370828
0.000394234
0.000416587
0.000437872
0.000458099
0.000477296
0.000495493
0.000512729
0.000529038
0.000544456
0.00055902
0.000572761
0.000585713
0.000597908
0.000609376
0.000620149
0.000630256
0.000639727
0.000648591
0.000656876
0.000664608
0.000671815
0.000678522
0.000684753
0.000690532
0.000695883
0.000700827
0.000705386
0.000709582
0.000713433
0.00071696
0.000720181
0.000723114
0.000725776
0.000728185
0.000730354
0.000732299
0.000734034
0.000735572
0.000736926
0.000738106
0.000739123
4.42547e-05
4.42473e-05
4.42392e-05
4.42306e-05
4.42213e-05
4.42114e-05
4.42011e-05
4.41906e-05
4.41807e-05
4.41727e-05
4.41687e-05
4.41727e-05
4.41909e-05
4.42336e-05
4.43165e-05
4.44627e-05
4.47052e-05
4.50927e-05
4.56948e-05
4.66056e-05
4.79456e-05
4.98514e-05
5.25091e-05
5.61502e-05
6.10588e-05
6.74431e-05
7.55097e-05
8.54246e-05
9.72883e-05
0.000111122
0.00012686
0.000144357
0.000163393
0.000183699
0.000204975
0.000226911
0.000249204
0.000271578
0.000293792
0.000315644
0.000336975
0.000357664
0.00037763
0.000396818
0.000415201
0.000432769
0.000449527
0.000465488
0.000480672
0.000495104
0.000508809
0.000521813
0.000534142
0.000545822
0.000556878
0.000567335
0.000577217
0.000586547
0.000595347
0.000603642
0.000611454
0.000618803
0.000625712
0.000632202
0.000638293
0.000644006
0.00064936
0.000654375
0.000659069
0.000663459
0.000667562
0.000671394
0.000674971
0.000678305
0.000681412
4.43142e-05
4.4311e-05
4.43076e-05
4.43037e-05
4.42996e-05
4.4295e-05
4.42901e-05
4.42848e-05
4.42791e-05
4.42731e-05
4.42668e-05
4.42606e-05
4.42549e-05
4.42505e-05
4.42486e-05
4.42515e-05
4.42625e-05
4.42866e-05
4.43312e-05
4.44068e-05
4.45281e-05
4.47147e-05
4.49929e-05
4.53985e-05
4.59795e-05
4.6795e-05
4.79172e-05
4.94304e-05
5.14133e-05
5.40047e-05
5.73299e-05
6.15619e-05
6.67954e-05
7.31402e-05
8.06877e-05
8.95e-05
9.96048e-05
0.000110992
0.000123615
0.000137389
0.0001522
0.000167907
0.000184354
0.000201377
0.000218805
0.000236478
0.000254241
0.000271955
0.000289496
0.00030676
0.000323657
0.000340119
0.000356091
0.000371533
0.000386418
0.00040073
0.000414462
0.000427612
0.000440187
0.000452196
0.000463654
0.000474576
0.000484978
0.00049488
0.0005043
0.000513259
0.000521776
0.000529871
0.000537563
0.000544872
0.000551815
0.00055841
0.000564674
0.000570624
0.000576275
4.43447e-05
4.43433e-05
4.43418e-05
4.43401e-05
4.43382e-05
4.4336e-05
4.43337e-05
4.4331e-05
4.43282e-05
4.43251e-05
4.43217e-05
4.4318e-05
4.4314e-05
4.43099e-05
4.43055e-05
4.43011e-05
4.42969e-05
4.42933e-05
4.42909e-05
4.42906e-05
4.42939e-05
4.43029e-05
4.43204e-05
4.43505e-05
4.43987e-05
4.44721e-05
4.45801e-05
4.47345e-05
4.49497e-05
4.52447e-05
4.56426e-05
4.61735e-05
4.6871e-05
4.77746e-05
4.8929e-05
5.03807e-05
5.21725e-05
5.43808e-05
5.70694e-05
6.03309e-05
6.42034e-05
6.87387e-05
7.39823e-05
7.9969e-05
8.67202e-05
9.42438e-05
0.000102533
0.000111565
0.000121303
0.000131697
0.000142686
0.000154201
0.000166165
0.000178498
0.000191119
0.000203946
0.0002169
0.000229905
0.000242892
0.000255799
0.000268568
0.000281149
0.000293501
0.000305585
0.000317376
0.000328851
0.000339992
0.000350788
0.000361229
0.000371319
0.000381056
0.000390442
0.000399481
0.000408182
0.000416554
4.43615e-05
4.4361e-05
4.43603e-05
4.43595e-05
4.43586e-05
4.43575e-05
4.43563e-05
4.43549e-05
4.43533e-05
4.43516e-05
4.43496e-05
4.43475e-05
4.43452e-05
4.43426e-05
4.43398e-05
4.43367e-05
4.43334e-05
4.43299e-05
4.43262e-05
4.43223e-05
4.43184e-05
4.43145e-05
4.43108e-05
4.43078e-05
4.43059e-05
4.43058e-05
4.43084e-05
4.43153e-05
4.43281e-05
4.43492e-05
4.43816e-05
4.4429e-05
4.4496e-05
4.45882e-05
4.47121e-05
4.4876e-05
4.50889e-05
4.53623e-05
4.57098e-05
4.61476e-05
4.66936e-05
4.73674e-05
4.81907e-05
4.91864e-05
5.03768e-05
5.178e-05
5.34357e-05
5.53718e-05
5.76289e-05
6.02284e-05
6.31885e-05
6.65284e-05
7.02639e-05
7.44062e-05
7.89616e-05
8.39312e-05
8.93105e-05
9.50891e-05
0.000101252
0.000107779
0.000114648
0.00012183
0.000129294
0.000137006
0.000144934
0.000153044
0.000161301
0.000169672
0.000178123
0.000186626
0.000195151
0.000203672
0.000212164
0.000220607
0.000228982
4.43715e-05
4.43713e-05
4.4371e-05
4.43706e-05
4.43701e-05
4.43695e-05
4.43688e-05
4.43679e-05
4.43669e-05
4.43658e-05
4.43645e-05
4.43631e-05
4.43615e-05
4.43597e-05
4.43577e-05
4.43555e-05
4.43531e-05
4.43505e-05
4.43476e-05
4.43445e-05
4.43412e-05
4.43375e-05
4.43336e-05
4.43293e-05
4.43248e-05
4.43199e-05
4.43147e-05
4.43092e-05
4.43035e-05
4.42976e-05
4.42917e-05
4.42859e-05
4.42807e-05
4.42769e-05
4.42756e-05
4.42782e-05
4.42866e-05
4.43028e-05
4.43291e-05
4.43681e-05
4.44222e-05
4.44944e-05
4.45882e-05
4.47078e-05
4.48579e-05
4.50438e-05
4.52721e-05
4.555e-05
4.58858e-05
4.62885e-05
4.67676e-05
4.73332e-05
4.79957e-05
4.87651e-05
4.96492e-05
5.06608e-05
5.18146e-05
5.31215e-05
5.45922e-05
5.62448e-05
5.80815e-05
6.01074e-05
6.23269e-05
6.47434e-05
6.73591e-05
7.01744e-05
7.31878e-05
7.63965e-05
7.97959e-05
8.33811e-05
8.71452e-05
9.10802e-05
9.51785e-05
9.94309e-05
0.000103829
4.43779e-05
4.43778e-05
4.43776e-05
4.43774e-05
4.4377e-05
4.43766e-05
4.4376e-05
4.43754e-05
4.43746e-05
4.43738e-05
4.43727e-05
4.43716e-05
4.43703e-05
4.43688e-05
4.43672e-05
4.43654e-05
4.43634e-05
4.43612e-05
4.43587e-05
4.4356e-05
4.43531e-05
4.43498e-05
4.43461e-05
4.43421e-05
4.43376e-05
4.43326e-05
4.4327e-05
4.43207e-05
4.43136e-05
4.43054e-05
4.4296e-05
4.42854e-05
4.42736e-05
4.42614e-05
4.42493e-05
4.42376e-05
4.42265e-05
4.42161e-05
4.42067e-05
4.41986e-05
4.41921e-05
4.41877e-05
4.4186e-05
4.41874e-05
4.41929e-05
4.42032e-05
4.42194e-05
4.42427e-05
4.42745e-05
4.43165e-05
4.43706e-05
4.44388e-05
4.45237e-05
4.46279e-05
4.47542e-05
4.49057e-05
4.5086e-05
4.52988e-05
4.55482e-05
4.58387e-05
4.61746e-05
4.65605e-05
4.70006e-05
4.74995e-05
4.80616e-05
4.8691e-05
4.9392e-05
5.01682e-05
5.10235e-05
5.19613e-05
5.29846e-05
5.40964e-05
5.52993e-05
5.6597e-05
5.79936e-05
4.43819e-05
4.43819e-05
4.43817e-05
4.43815e-05
4.43812e-05
4.43809e-05
4.43804e-05
4.43798e-05
4.43792e-05
4.43784e-05
4.43775e-05
4.43764e-05
4.43753e-05
4.43739e-05
4.43724e-05
4.43707e-05
4.43689e-05
4.43667e-05
4.43643e-05
4.43617e-05
4.43586e-05
4.43552e-05
4.43513e-05
4.43469e-05
4.43418e-05
4.43359e-05
4.43291e-05
4.43213e-05
4.43125e-05
4.43029e-05
4.4293e-05
4.4283e-05
4.4273e-05
4.42629e-05
4.42528e-05
4.42427e-05
4.42326e-05
4.42225e-05
4.42125e-05
4.42026e-05
4.41928e-05
4.41831e-05
4.41737e-05
4.41646e-05
4.41559e-05
4.41477e-05
4.41402e-05
4.41336e-05
4.4128e-05
4.41238e-05
4.41213e-05
4.41209e-05
4.41229e-05
4.4128e-05
4.41366e-05
4.41494e-05
4.41674e-05
4.41913e-05
4.42221e-05
4.42613e-05
4.43105e-05
4.437e-05
4.44406e-05
4.45236e-05
4.46204e-05
4.47322e-05
4.48608e-05
4.50073e-05
4.51729e-05
4.53606e-05
4.55723e-05
4.581e-05
4.60757e-05
4.63715e-05
4.66996e-05
4.43847e-05
4.43846e-05
4.43845e-05
4.43843e-05
4.4384e-05
4.43837e-05
4.43832e-05
4.43827e-05
4.4382e-05
4.43813e-05
4.43804e-05
4.43794e-05
4.43782e-05
4.43769e-05
4.43754e-05
4.43737e-05
4.43717e-05
4.43694e-05
4.43668e-05
4.43637e-05
4.43602e-05
4.4356e-05
4.43511e-05
4.43453e-05
4.43387e-05
4.43314e-05
4.43238e-05
4.43161e-05
4.43084e-05
4.43006e-05
4.42928e-05
4.42849e-05
4.42771e-05
4.42691e-05
4.42612e-05
4.42532e-05
4.42452e-05
4.42371e-05
4.42291e-05
4.4221e-05
4.42129e-05
4.42048e-05
4.41967e-05
4.41886e-05
4.41805e-05
4.41724e-05
4.41644e-05
4.41566e-05
4.41489e-05
4.41415e-05
4.41344e-05
4.41276e-05
4.41215e-05
4.41161e-05
4.41122e-05
4.41111e-05
4.41112e-05
4.41125e-05
4.41149e-05
4.41187e-05
4.41241e-05
4.41312e-05
4.41403e-05
4.41516e-05
4.41655e-05
4.41823e-05
4.42024e-05
4.42261e-05
4.42539e-05
4.42862e-05
4.43235e-05
4.43666e-05
4.44159e-05
4.44722e-05
4.45363e-05
4.43869e-05
4.43868e-05
4.43867e-05
4.43865e-05
4.43862e-05
4.43859e-05
4.43854e-05
4.43849e-05
4.43843e-05
4.43835e-05
4.43826e-05
4.43816e-05
4.43804e-05
4.4379e-05
4.43774e-05
4.43755e-05
4.43732e-05
4.43705e-05
4.43672e-05
4.43633e-05
4.43587e-05
4.43533e-05
4.43475e-05
4.43415e-05
4.43356e-05
4.43296e-05
4.43235e-05
4.43174e-05
4.43113e-05
4.43052e-05
4.4299e-05
4.42928e-05
4.42865e-05
4.42802e-05
4.42739e-05
4.42676e-05
4.42613e-05
4.42549e-05
4.42485e-05
4.42421e-05
4.42356e-05
4.42292e-05
4.42227e-05
4.42162e-05
4.42098e-05
4.42034e-05
4.41971e-05
4.41908e-05
4.41846e-05
4.41786e-05
4.41729e-05
4.41676e-05
4.41633e-05
4.41608e-05
4.41588e-05
4.41572e-05
4.4156e-05
4.41551e-05
4.41546e-05
4.41544e-05
4.41546e-05
4.41552e-05
4.41563e-05
4.41578e-05
4.41598e-05
4.41623e-05
4.41655e-05
4.41693e-05
4.41739e-05
4.41792e-05
4.41855e-05
4.41928e-05
4.42012e-05
4.4211e-05
4.42222e-05
4.43886e-05
4.43883e-05
4.4388e-05
4.43875e-05
4.4387e-05
4.43864e-05
4.43857e-05
4.43848e-05
4.43837e-05
4.43825e-05
4.4381e-05
4.43791e-05
4.43769e-05
4.43741e-05
4.43707e-05
4.43666e-05
4.43621e-05
4.43575e-05
4.43529e-05
4.43482e-05
4.43435e-05
4.43388e-05
4.4334e-05
4.43292e-05
4.43243e-05
4.43194e-05
4.43145e-05
4.43096e-05
4.43047e-05
4.42997e-05
4.42947e-05
4.42897e-05
4.42846e-05
4.42795e-05
4.42745e-05
4.42694e-05
4.42642e-05
4.42591e-05
4.4254e-05
4.4249e-05
4.4244e-05
4.4239e-05
4.42341e-05
4.42292e-05
4.42245e-05
4.422e-05
4.42159e-05
4.42133e-05
4.42114e-05
4.42098e-05
4.42085e-05
4.42075e-05
4.42067e-05
4.42061e-05
4.42056e-05
4.42054e-05
4.42054e-05
4.42056e-05
4.4206e-05
4.42066e-05
4.42073e-05
4.42082e-05
4.42093e-05
4.42106e-05
4.4212e-05
4.42135e-05
4.42152e-05
4.42171e-05
4.4219e-05
4.42211e-05
4.42234e-05
4.42258e-05
4.43906e-05
4.43904e-05
4.439e-05
4.43896e-05
4.43891e-05
4.43885e-05
4.43878e-05
4.43869e-05
4.43858e-05
4.43844e-05
4.43827e-05
4.43805e-05
4.43778e-05
4.43746e-05
4.43711e-05
4.43675e-05
4.43638e-05
4.43602e-05
4.43565e-05
4.43528e-05
4.43491e-05
4.43453e-05
4.43415e-05
4.43377e-05
4.43338e-05
4.43299e-05
4.4326e-05
4.43221e-05
4.43181e-05
4.43142e-05
4.43102e-05
4.43062e-05
4.43021e-05
4.42981e-05
4.42941e-05
4.429e-05
4.42861e-05
4.42821e-05
4.42782e-05
4.42743e-05
4.42704e-05
4.42666e-05
4.4263e-05
4.42596e-05
4.42568e-05
4.42552e-05
4.42539e-05
4.42528e-05
4.4252e-05
4.42513e-05
4.42507e-05
4.42504e-05
4.42502e-05
4.42501e-05
4.42503e-05
4.42506e-05
4.4251e-05
4.42516e-05
4.42524e-05
4.42533e-05
4.42543e-05
4.42555e-05
4.42568e-05
4.42581e-05
4.42596e-05
4.42611e-05
4.42627e-05
4.42643e-05
4.42659e-05
4.42674e-05
4.4269e-05
4.42704e-05
4.43923e-05
4.4392e-05
4.43916e-05
4.43912e-05
4.43906e-05
4.43899e-05
4.4389e-05
4.43878e-05
4.43863e-05
4.43844e-05
4.4382e-05
4.43793e-05
4.43765e-05
4.43737e-05
4.43709e-05
4.4368e-05
4.43651e-05
4.43622e-05
4.43592e-05
4.43563e-05
4.43533e-05
4.43502e-05
4.43472e-05
4.43441e-05
4.4341e-05
4.43379e-05
4.43348e-05
4.43316e-05
4.43284e-05
4.43253e-05
4.43221e-05
4.43189e-05
4.43158e-05
4.43127e-05
4.43096e-05
4.43065e-05
4.43034e-05
4.43004e-05
4.42975e-05
4.42948e-05
4.42923e-05
4.42908e-05
4.42897e-05
4.42888e-05
4.42881e-05
4.42875e-05
4.42871e-05
4.42868e-05
4.42866e-05
4.42866e-05
4.42866e-05
4.42868e-05
4.42872e-05
4.42877e-05
4.42883e-05
4.42891e-05
4.429e-05
4.4291e-05
4.42921e-05
4.42934e-05
4.42948e-05
4.42963e-05
4.42979e-05
4.42996e-05
4.43013e-05
4.43031e-05
4.43049e-05
4.43067e-05
4.43085e-05
4.43102e-05
4.43118e-05
4.43942e-05
4.43939e-05
4.43936e-05
4.43932e-05
4.43927e-05
4.4392e-05
4.43911e-05
4.43899e-05
4.43884e-05
4.43864e-05
4.43843e-05
4.43821e-05
4.43799e-05
4.43777e-05
4.43755e-05
4.43732e-05
4.43709e-05
4.43686e-05
4.43662e-05
4.43639e-05
4.43615e-05
4.43591e-05
4.43566e-05
4.43542e-05
4.43517e-05
4.43492e-05
4.43468e-05
4.43443e-05
4.43418e-05
4.43393e-05
4.43368e-05
4.43344e-05
4.43319e-05
4.43295e-05
4.43272e-05
4.43248e-05
4.43226e-05
4.43206e-05
4.43194e-05
4.43185e-05
4.43178e-05
4.43172e-05
4.43167e-05
4.43163e-05
4.43161e-05
4.43159e-05
4.43158e-05
4.43159e-05
4.4316e-05
4.43162e-05
4.43166e-05
4.4317e-05
4.43176e-05
4.43183e-05
4.43191e-05
4.432e-05
4.4321e-05
4.43222e-05
4.43234e-05
4.43248e-05
4.43263e-05
4.43279e-05
4.43296e-05
4.43313e-05
4.43332e-05
4.4335e-05
4.43369e-05
4.43388e-05
4.43407e-05
4.43426e-05
4.43445e-05
4.4396e-05
4.43958e-05
4.43955e-05
4.43952e-05
4.43947e-05
4.43941e-05
4.43933e-05
4.43922e-05
4.43907e-05
4.4389e-05
4.43873e-05
4.43856e-05
4.43839e-05
4.43821e-05
4.43804e-05
4.43786e-05
4.43767e-05
4.43749e-05
4.4373e-05
4.43712e-05
4.43693e-05
4.43674e-05
4.43654e-05
4.43635e-05
4.43615e-05
4.43596e-05
4.43576e-05
4.43557e-05
4.43538e-05
4.43518e-05
4.43499e-05
4.43481e-05
4.43462e-05
4.43445e-05
4.43429e-05
4.43418e-05
4.43411e-05
4.43405e-05
4.434e-05
4.43397e-05
4.43394e-05
4.43392e-05
4.4339e-05
4.4339e-05
4.4339e-05
4.4339e-05
4.43392e-05
4.43394e-05
4.43397e-05
4.43401e-05
4.43406e-05
4.43412e-05
4.43419e-05
4.43426e-05
4.43435e-05
4.43444e-05
4.43455e-05
4.43467e-05
4.43479e-05
4.43493e-05
4.43508e-05
4.43523e-05
4.4354e-05
4.43557e-05
4.43575e-05
4.43593e-05
4.43612e-05
4.43631e-05
4.4365e-05
4.43669e-05
4.43688e-05
4.43977e-05
4.43976e-05
4.43974e-05
4.43971e-05
4.43968e-05
4.43963e-05
4.43956e-05
4.43946e-05
4.43934e-05
4.43921e-05
4.43907e-05
4.43894e-05
4.4388e-05
4.43866e-05
4.43852e-05
4.43838e-05
4.43824e-05
4.43809e-05
4.43794e-05
4.43779e-05
4.43764e-05
4.43749e-05
4.43734e-05
4.43718e-05
4.43703e-05
4.43688e-05
4.43673e-05
4.43658e-05
4.43643e-05
4.43628e-05
4.43614e-05
4.43601e-05
4.43591e-05
4.43585e-05
4.4358e-05
4.43576e-05
4.43573e-05
4.43571e-05
4.4357e-05
4.43569e-05
4.43568e-05
4.43568e-05
4.43569e-05
4.4357e-05
4.43572e-05
4.43574e-05
4.43577e-05
4.4358e-05
4.43584e-05
4.43589e-05
4.43594e-05
4.436e-05
4.43607e-05
4.43615e-05
4.43623e-05
4.43633e-05
4.43643e-05
4.43654e-05
4.43666e-05
4.43678e-05
4.43692e-05
4.43706e-05
4.43721e-05
4.43737e-05
4.43754e-05
4.4377e-05
4.43788e-05
4.43806e-05
4.43824e-05
4.43842e-05
4.43861e-05
4.43994e-05
4.43994e-05
4.43992e-05
4.43991e-05
4.43988e-05
4.43985e-05
4.4398e-05
4.43973e-05
4.43964e-05
4.43953e-05
4.43943e-05
4.43932e-05
4.43921e-05
4.4391e-05
4.43899e-05
4.43888e-05
4.43877e-05
4.43865e-05
4.43853e-05
4.43841e-05
4.43829e-05
4.43817e-05
4.43805e-05
4.43793e-05
4.43781e-05
4.4377e-05
4.43758e-05
4.43746e-05
4.43735e-05
4.43725e-05
4.43718e-05
4.43714e-05
4.43711e-05
4.43708e-05
4.43706e-05
4.43705e-05
4.43704e-05
4.43703e-05
4.43703e-05
4.43704e-05
4.43705e-05
4.43706e-05
4.43708e-05
4.4371e-05
4.43712e-05
4.43715e-05
4.43719e-05
4.43722e-05
4.43727e-05
4.43732e-05
4.43737e-05
4.43743e-05
4.4375e-05
4.43757e-05
4.43764e-05
4.43773e-05
4.43782e-05
4.43792e-05
4.43802e-05
4.43813e-05
4.43825e-05
4.43837e-05
4.43851e-05
4.43864e-05
4.43879e-05
4.43893e-05
4.43909e-05
4.43925e-05
4.43941e-05
4.43958e-05
4.43976e-05
4.44009e-05
4.44009e-05
4.44009e-05
4.44008e-05
4.44007e-05
4.44005e-05
4.44002e-05
4.43998e-05
4.43992e-05
4.43984e-05
4.43975e-05
4.43967e-05
4.43959e-05
4.4395e-05
4.43941e-05
4.43932e-05
4.43923e-05
4.43914e-05
4.43905e-05
4.43895e-05
4.43886e-05
4.43876e-05
4.43867e-05
4.43858e-05
4.43848e-05
4.43839e-05
4.4383e-05
4.43822e-05
4.43815e-05
4.43811e-05
4.43809e-05
4.43807e-05
4.43805e-05
4.43804e-05
4.43804e-05
4.43804e-05
4.43804e-05
4.43805e-05
4.43805e-05
4.43807e-05
4.43808e-05
4.4381e-05
4.43812e-05
4.43815e-05
4.43818e-05
4.43821e-05
4.43824e-05
4.43828e-05
4.43832e-05
4.43837e-05
4.43842e-05
4.43847e-05
4.43853e-05
4.43859e-05
4.43866e-05
4.43873e-05
4.4388e-05
4.43888e-05
4.43897e-05
4.43906e-05
4.43916e-05
4.43926e-05
4.43937e-05
4.43948e-05
4.4396e-05
4.43973e-05
4.43986e-05
4.43999e-05
4.44014e-05
4.44029e-05
4.44044e-05
4.4402e-05
4.44021e-05
4.44021e-05
4.4402e-05
4.4402e-05
4.44019e-05
4.44018e-05
4.44016e-05
4.44012e-05
4.44007e-05
4.44001e-05
4.43994e-05
4.43988e-05
4.43981e-05
4.43974e-05
4.43967e-05
4.4396e-05
4.43953e-05
4.43945e-05
4.43938e-05
4.43931e-05
4.43923e-05
4.43916e-05
4.43909e-05
4.43902e-05
4.43895e-05
4.43889e-05
4.43884e-05
4.43881e-05
4.4388e-05
4.43878e-05
4.43878e-05
4.43877e-05
4.43877e-05
4.43877e-05
4.43878e-05
4.43879e-05
4.4388e-05
4.43881e-05
4.43883e-05
4.43885e-05
4.43887e-05
4.43889e-05
4.43891e-05
4.43894e-05
4.43897e-05
4.439e-05
4.43904e-05
4.43908e-05
4.43912e-05
4.43916e-05
4.4392e-05
4.43925e-05
4.4393e-05
4.43935e-05
4.43941e-05
4.43947e-05
4.43953e-05
4.4396e-05
4.43967e-05
4.43974e-05
4.43982e-05
4.4399e-05
4.43999e-05
4.44008e-05
4.44018e-05
4.44029e-05
4.4404e-05
4.44052e-05
4.44065e-05
4.44079e-05
4.44028e-05
4.44028e-05
4.44029e-05
4.44029e-05
4.44029e-05
4.44029e-05
4.44028e-05
4.44027e-05
4.44026e-05
4.44023e-05
4.44019e-05
4.44014e-05
4.44009e-05
4.44004e-05
4.43999e-05
4.43993e-05
4.43988e-05
4.43982e-05
4.43976e-05
4.43971e-05
4.43965e-05
4.43959e-05
4.43954e-05
4.43948e-05
4.43943e-05
4.43938e-05
4.43933e-05
4.43931e-05
4.4393e-05
4.43929e-05
4.43929e-05
4.43929e-05
4.43929e-05
4.43929e-05
4.4393e-05
4.43931e-05
4.43932e-05
4.43933e-05
4.43935e-05
4.43936e-05
4.43938e-05
4.4394e-05
4.43942e-05
4.43945e-05
4.43947e-05
4.4395e-05
4.43953e-05
4.43956e-05
4.43959e-05
4.43962e-05
4.43965e-05
4.43969e-05
4.43972e-05
4.43976e-05
4.4398e-05
4.43984e-05
4.43988e-05
4.43992e-05
4.43997e-05
4.44002e-05
4.44007e-05
4.44013e-05
4.44018e-05
4.44025e-05
4.44032e-05
4.44039e-05
4.44047e-05
4.44056e-05
4.44066e-05
4.44077e-05
4.44088e-05
4.44033e-05
4.44033e-05
4.44034e-05
4.44034e-05
4.44035e-05
4.44035e-05
4.44035e-05
4.44035e-05
4.44034e-05
4.44033e-05
4.44032e-05
4.44029e-05
4.44025e-05
4.44021e-05
4.44017e-05
4.44013e-05
4.44009e-05
4.44004e-05
4.44e-05
4.43996e-05
4.43991e-05
4.43987e-05
4.43982e-05
4.43978e-05
4.43974e-05
4.4397e-05
4.43967e-05
4.43966e-05
4.43965e-05
4.43965e-05
4.43965e-05
4.43965e-05
4.43965e-05
4.43966e-05
4.43967e-05
4.43967e-05
4.43969e-05
4.4397e-05
4.43971e-05
4.43973e-05
4.43975e-05
4.43976e-05
4.43978e-05
4.4398e-05
4.43982e-05
4.43984e-05
4.43987e-05
4.43989e-05
4.43991e-05
4.43993e-05
4.43996e-05
4.43998e-05
4.44e-05
4.44003e-05
4.44005e-05
4.44008e-05
4.4401e-05
4.44013e-05
4.44016e-05
4.44018e-05
4.44021e-05
4.44025e-05
4.44028e-05
4.44032e-05
4.44037e-05
4.44042e-05
4.44048e-05
4.44055e-05
4.44063e-05
4.44071e-05
4.44081e-05
4.44036e-05
4.44036e-05
4.44037e-05
4.44038e-05
4.44038e-05
4.44038e-05
4.44038e-05
4.44038e-05
4.44038e-05
4.44038e-05
4.44037e-05
4.44036e-05
4.44033e-05
4.4403e-05
4.44027e-05
4.44024e-05
4.4402e-05
4.44017e-05
4.44013e-05
4.4401e-05
4.44006e-05
4.44003e-05
4.44e-05
4.43996e-05
4.43993e-05
4.43991e-05
4.4399e-05
4.43989e-05
4.43989e-05
4.43989e-05
4.43989e-05
4.4399e-05
4.4399e-05
4.43991e-05
4.43992e-05
4.43993e-05
4.43994e-05
4.43995e-05
4.43996e-05
4.43998e-05
4.43999e-05
4.44e-05
4.44002e-05
4.44003e-05
4.44005e-05
4.44006e-05
4.44008e-05
4.44009e-05
4.44011e-05
4.44012e-05
4.44013e-05
4.44014e-05
4.44015e-05
4.44015e-05
4.44015e-05
4.44016e-05
4.44017e-05
4.44018e-05
4.44021e-05
4.44023e-05
4.44025e-05
4.44027e-05
4.4403e-05
4.44033e-05
4.44035e-05
4.44038e-05
4.44043e-05
4.44048e-05
4.44055e-05
4.44063e-05
4.44037e-05
4.44038e-05
4.44038e-05
4.44039e-05
4.4404e-05
4.4404e-05
4.44041e-05
4.44041e-05
4.44041e-05
4.44041e-05
4.44041e-05
4.44041e-05
4.4404e-05
4.44039e-05
4.44037e-05
4.44035e-05
4.44032e-05
4.4403e-05
4.44027e-05
4.44024e-05
4.44021e-05
4.44019e-05
4.44016e-05
4.44013e-05
4.44011e-05
4.44009e-05
4.44007e-05
4.44006e-05
4.44006e-05
4.44006e-05
4.44006e-05
4.44006e-05
4.44006e-05
4.44007e-05
4.44008e-05
4.44008e-05
4.44009e-05
4.4401e-05
4.44011e-05
4.44012e-05
4.44012e-05
4.44013e-05
4.44014e-05
4.44015e-05
4.44016e-05
4.44017e-05
4.44017e-05
4.44017e-05
4.44016e-05
4.44016e-05
4.44016e-05
4.44016e-05
4.44018e-05
4.44019e-05
4.44021e-05
4.44022e-05
4.44024e-05
4.44027e-05
4.44029e-05
4.44031e-05
4.44034e-05
4.44036e-05
4.44038e-05
4.4404e-05
4.44042e-05
4.44043e-05
4.44044e-05
4.44046e-05
4.4405e-05
4.44054e-05
4.44037e-05
4.44038e-05
4.44039e-05
4.4404e-05
4.44041e-05
4.44041e-05
4.44042e-05
4.44042e-05
4.44043e-05
4.44043e-05
4.44043e-05
4.44044e-05
4.44044e-05
4.44044e-05
4.44043e-05
4.44043e-05
4.44042e-05
4.4404e-05
4.44037e-05
4.44035e-05
4.44033e-05
4.44031e-05
4.44029e-05
4.44027e-05
4.44025e-05
4.44022e-05
4.44021e-05
4.44019e-05
4.44018e-05
4.44017e-05
4.44017e-05
4.44017e-05
4.44017e-05
4.44017e-05
4.44017e-05
4.44018e-05
4.44018e-05
4.44018e-05
4.44019e-05
4.44019e-05
4.44019e-05
4.44019e-05
4.44019e-05
4.44018e-05
4.44018e-05
4.44017e-05
4.44017e-05
4.44018e-05
4.44019e-05
4.4402e-05
4.44021e-05
4.44023e-05
4.44025e-05
4.44027e-05
4.44029e-05
4.44031e-05
4.44034e-05
4.44037e-05
4.44039e-05
4.44042e-05
4.44044e-05
4.44047e-05
4.44049e-05
4.44051e-05
4.44053e-05
4.44054e-05
4.44055e-05
4.44055e-05
4.44055e-05
4.44057e-05
4.44038e-05
4.44038e-05
4.44039e-05
4.4404e-05
4.44041e-05
4.44042e-05
4.44042e-05
4.44043e-05
4.44044e-05
4.44044e-05
4.44045e-05
4.44045e-05
4.44045e-05
4.44046e-05
4.44046e-05
4.44046e-05
4.44046e-05
4.44046e-05
4.44045e-05
4.44044e-05
4.44043e-05
4.44041e-05
4.4404e-05
4.44038e-05
4.44036e-05
4.44034e-05
4.44033e-05
4.44031e-05
4.44029e-05
4.44028e-05
4.44026e-05
4.44025e-05
4.44024e-05
4.44023e-05
4.44022e-05
4.44021e-05
4.44021e-05
4.4402e-05
4.44019e-05
4.44019e-05
4.44018e-05
4.44018e-05
4.44018e-05
4.44019e-05
4.44019e-05
4.4402e-05
4.44021e-05
4.44023e-05
4.44024e-05
4.44026e-05
4.44028e-05
4.4403e-05
4.44032e-05
4.44035e-05
4.44038e-05
4.44041e-05
4.44044e-05
4.44047e-05
4.4405e-05
4.44053e-05
4.44056e-05
4.44059e-05
4.44061e-05
4.44064e-05
4.44066e-05
4.44067e-05
4.44068e-05
4.44068e-05
4.44068e-05
4.44068e-05
4.44037e-05
4.44038e-05
4.44039e-05
4.4404e-05
4.44041e-05
4.44042e-05
4.44042e-05
4.44043e-05
4.44044e-05
4.44044e-05
4.44045e-05
4.44046e-05
4.44046e-05
4.44047e-05
4.44047e-05
4.44048e-05
4.44048e-05
4.44048e-05
4.44048e-05
4.44048e-05
4.44048e-05
4.44048e-05
4.44048e-05
4.44047e-05
4.44047e-05
4.44046e-05
4.44044e-05
4.44043e-05
4.44041e-05
4.4404e-05
4.44038e-05
4.44037e-05
4.44036e-05
4.44034e-05
4.44033e-05
4.44032e-05
4.44031e-05
4.44031e-05
4.4403e-05
4.4403e-05
4.4403e-05
4.4403e-05
4.4403e-05
4.44031e-05
4.44031e-05
4.44032e-05
4.44033e-05
4.44035e-05
4.44036e-05
4.44038e-05
4.4404e-05
4.44042e-05
4.44045e-05
4.44048e-05
4.4405e-05
4.44053e-05
4.44056e-05
4.4406e-05
4.44063e-05
4.44066e-05
4.44069e-05
4.44072e-05
4.44075e-05
4.44078e-05
4.4408e-05
4.44082e-05
4.44083e-05
4.44084e-05
4.44084e-05
4.44084e-05
4.44037e-05
4.44038e-05
4.44039e-05
4.44039e-05
4.4404e-05
4.44041e-05
4.44042e-05
4.44043e-05
4.44044e-05
4.44044e-05
4.44045e-05
4.44046e-05
4.44047e-05
4.44047e-05
4.44048e-05
4.44048e-05
4.44049e-05
4.44049e-05
4.4405e-05
4.4405e-05
4.44051e-05
4.44051e-05
4.44051e-05
4.44051e-05
4.44052e-05
4.44052e-05
4.44052e-05
4.44052e-05
4.44052e-05
4.44051e-05
4.44051e-05
4.44051e-05
4.44051e-05
4.44051e-05
4.4405e-05
4.4405e-05
4.4405e-05
4.4405e-05
4.4405e-05
4.4405e-05
4.4405e-05
4.4405e-05
4.44051e-05
4.44052e-05
4.44052e-05
4.44053e-05
4.44054e-05
4.44056e-05
4.44057e-05
4.44059e-05
4.44061e-05
4.44063e-05
4.44066e-05
4.44068e-05
4.44071e-05
4.44074e-05
4.44077e-05
4.4408e-05
4.44083e-05
4.44086e-05
4.44089e-05
4.44092e-05
4.44094e-05
4.44097e-05
4.44099e-05
4.44101e-05
4.44103e-05
4.44104e-05
4.44105e-05
4.44036e-05
4.44037e-05
4.44038e-05
4.44039e-05
4.4404e-05
4.44041e-05
4.44042e-05
4.44043e-05
4.44043e-05
4.44044e-05
4.44045e-05
4.44046e-05
4.44047e-05
4.44047e-05
4.44048e-05
4.44049e-05
4.4405e-05
4.4405e-05
4.44051e-05
4.44052e-05
4.44052e-05
4.44053e-05
4.44053e-05
4.44054e-05
4.44055e-05
4.44055e-05
4.44055e-05
4.44056e-05
4.44056e-05
4.44057e-05
4.44057e-05
4.44058e-05
4.44058e-05
4.44059e-05
4.44059e-05
4.4406e-05
4.44061e-05
4.44061e-05
4.44062e-05
4.44063e-05
4.44064e-05
4.44065e-05
4.44066e-05
4.44067e-05
4.44069e-05
4.44071e-05
4.44072e-05
4.44074e-05
4.44076e-05
4.44079e-05
4.44081e-05
4.44084e-05
4.44086e-05
4.44089e-05
4.44092e-05
4.44095e-05
4.44098e-05
4.44101e-05
4.44104e-05
4.44107e-05
4.4411e-05
4.44114e-05
4.44117e-05
4.44119e-05
4.44122e-05
4.44125e-05
4.44127e-05
4.44128e-05
4.4413e-05
4.44035e-05
4.44036e-05
4.44037e-05
4.44038e-05
4.44039e-05
4.4404e-05
4.44041e-05
4.44042e-05
4.44043e-05
4.44044e-05
4.44045e-05
4.44046e-05
4.44047e-05
4.44048e-05
4.44048e-05
4.44049e-05
4.4405e-05
4.44051e-05
4.44052e-05
4.44053e-05
4.44054e-05
4.44054e-05
4.44055e-05
4.44056e-05
4.44057e-05
4.44058e-05
4.44058e-05
4.44059e-05
4.4406e-05
4.44061e-05
4.44062e-05
4.44063e-05
4.44064e-05
4.44065e-05
4.44066e-05
4.44067e-05
4.44068e-05
4.44069e-05
4.44071e-05
4.44072e-05
4.44074e-05
4.44075e-05
4.44077e-05
4.44079e-05
4.44081e-05
4.44083e-05
4.44085e-05
4.44088e-05
4.4409e-05
4.44093e-05
4.44096e-05
4.44098e-05
4.44101e-05
4.44105e-05
4.44108e-05
4.44111e-05
4.44114e-05
4.44118e-05
4.44121e-05
4.44125e-05
4.44128e-05
4.44132e-05
4.44135e-05
4.44138e-05
4.44142e-05
4.44145e-05
4.44147e-05
4.4415e-05
4.44035e-05
4.44036e-05
4.44037e-05
4.44038e-05
4.44039e-05
4.4404e-05
4.44041e-05
4.44042e-05
4.44043e-05
4.44044e-05
4.44045e-05
4.44046e-05
4.44047e-05
4.44048e-05
4.44049e-05
4.4405e-05
4.44051e-05
4.44052e-05
4.44053e-05
4.44054e-05
4.44055e-05
4.44056e-05
4.44057e-05
4.44058e-05
4.44059e-05
4.4406e-05
4.44061e-05
4.44062e-05
4.44063e-05
4.44064e-05
4.44066e-05
4.44067e-05
4.44068e-05
4.4407e-05
4.44071e-05
4.44073e-05
4.44074e-05
4.44076e-05
4.44078e-05
4.44079e-05
4.44081e-05
4.44083e-05
4.44085e-05
4.44088e-05
4.4409e-05
4.44092e-05
4.44095e-05
4.44098e-05
4.441e-05
4.44103e-05
4.44106e-05
4.44109e-05
4.44112e-05
4.44116e-05
4.44119e-05
4.44123e-05
4.44126e-05
4.4413e-05
4.44134e-05
4.44137e-05
4.44141e-05
4.44145e-05
4.44149e-05
4.44153e-05
4.44156e-05
4.4416e-05
4.44163e-05
4.44166e-05
4.44034e-05
4.44035e-05
4.44036e-05
4.44037e-05
4.44038e-05
4.44039e-05
4.4404e-05
4.44041e-05
4.44042e-05
4.44043e-05
4.44044e-05
4.44045e-05
4.44046e-05
4.44048e-05
4.44049e-05
4.4405e-05
4.44051e-05
4.44052e-05
4.44053e-05
4.44054e-05
4.44055e-05
4.44057e-05
4.44058e-05
4.44059e-05
4.4406e-05
4.44062e-05
4.44063e-05
4.44065e-05
4.44066e-05
4.44067e-05
4.44069e-05
4.44071e-05
4.44072e-05
4.44074e-05
4.44076e-05
4.44077e-05
4.44079e-05
4.44081e-05
4.44083e-05
4.44085e-05
4.44088e-05
4.4409e-05
4.44092e-05
4.44095e-05
4.44097e-05
4.441e-05
4.44103e-05
4.44105e-05
4.44108e-05
4.44111e-05
4.44114e-05
4.44118e-05
4.44121e-05
4.44124e-05
4.44128e-05
4.44131e-05
4.44135e-05
4.44139e-05
4.44143e-05
4.44147e-05
4.44151e-05
4.44155e-05
4.44159e-05
4.44163e-05
4.44167e-05
4.44171e-05
4.44175e-05
4.44179e-05
4.44034e-05
4.44035e-05
4.44036e-05
4.44037e-05
4.44038e-05
4.44039e-05
4.4404e-05
4.44041e-05
4.44042e-05
4.44043e-05
4.44044e-05
4.44045e-05
4.44046e-05
4.44048e-05
4.44049e-05
4.4405e-05
4.44051e-05
4.44052e-05
4.44054e-05
4.44055e-05
4.44056e-05
4.44058e-05
4.44059e-05
4.44061e-05
4.44062e-05
4.44064e-05
4.44065e-05
4.44067e-05
4.44068e-05
4.4407e-05
4.44072e-05
4.44074e-05
4.44076e-05
4.44078e-05
4.4408e-05
4.44082e-05
4.44084e-05
4.44086e-05
4.44088e-05
4.4409e-05
4.44093e-05
4.44095e-05
4.44098e-05
4.441e-05
4.44103e-05
4.44106e-05
4.44109e-05
4.44111e-05
4.44114e-05
4.44118e-05
4.44121e-05
4.44124e-05
4.44127e-05
4.44131e-05
4.44135e-05
4.44138e-05
4.44142e-05
4.44146e-05
4.4415e-05
4.44155e-05
4.44159e-05
4.44163e-05
4.44167e-05
4.44172e-05
4.44176e-05
4.44181e-05
4.44185e-05
4.44189e-05
4.44034e-05
4.44035e-05
4.44036e-05
4.44037e-05
4.44038e-05
4.44039e-05
4.4404e-05
4.44041e-05
4.44042e-05
4.44043e-05
4.44044e-05
4.44045e-05
4.44046e-05
4.44048e-05
4.44049e-05
4.4405e-05
4.44052e-05
4.44053e-05
4.44054e-05
4.44056e-05
4.44057e-05
4.44059e-05
4.4406e-05
4.44062e-05
4.44063e-05
4.44065e-05
4.44067e-05
4.44069e-05
4.4407e-05
4.44072e-05
4.44074e-05
4.44076e-05
4.44078e-05
4.4408e-05
4.44083e-05
4.44085e-05
4.44087e-05
4.44089e-05
4.44092e-05
4.44094e-05
4.44097e-05
4.44099e-05
4.44102e-05
4.44105e-05
4.44107e-05
4.4411e-05
4.44113e-05
4.44116e-05
4.44119e-05
4.44122e-05
4.44126e-05
4.44129e-05
4.44133e-05
4.44136e-05
4.4414e-05
4.44144e-05
4.44148e-05
4.44152e-05
4.44157e-05
4.44161e-05
4.44165e-05
4.4417e-05
4.44174e-05
4.44179e-05
4.44184e-05
4.44188e-05
4.44193e-05
4.44198e-05
4.44202e-05
4.44033e-05
4.44034e-05
4.44035e-05
4.44036e-05
4.44037e-05
4.44038e-05
4.44039e-05
4.44041e-05
4.44042e-05
4.44043e-05
4.44044e-05
4.44045e-05
4.44046e-05
4.44048e-05
4.44049e-05
4.4405e-05
4.44052e-05
4.44053e-05
4.44054e-05
4.44056e-05
4.44058e-05
4.44059e-05
4.44061e-05
4.44062e-05
4.44064e-05
4.44066e-05
4.44068e-05
4.4407e-05
4.44072e-05
4.44074e-05
4.44076e-05
4.44078e-05
4.4408e-05
4.44082e-05
4.44084e-05
4.44087e-05
4.44089e-05
4.44091e-05
4.44094e-05
4.44096e-05
4.44099e-05
4.44102e-05
4.44104e-05
4.44107e-05
4.4411e-05
4.44113e-05
4.44116e-05
4.44119e-05
4.44122e-05
4.44126e-05
4.44129e-05
4.44133e-05
4.44137e-05
4.4414e-05
4.44144e-05
4.44148e-05
4.44153e-05
4.44157e-05
4.44161e-05
4.44166e-05
4.44171e-05
4.44175e-05
4.4418e-05
4.44185e-05
4.4419e-05
4.44195e-05
4.442e-05
4.44205e-05
4.4421e-05
4.44033e-05
4.44034e-05
4.44035e-05
4.44036e-05
4.44037e-05
4.44038e-05
4.44039e-05
4.4404e-05
4.44041e-05
4.44042e-05
4.44044e-05
4.44045e-05
4.44046e-05
4.44047e-05
4.44049e-05
4.4405e-05
4.44051e-05
4.44053e-05
4.44054e-05
4.44056e-05
4.44057e-05
4.44059e-05
4.44061e-05
4.44062e-05
4.44064e-05
4.44066e-05
4.44068e-05
4.4407e-05
4.44072e-05
4.44074e-05
4.44076e-05
4.44078e-05
4.4408e-05
4.44082e-05
4.44084e-05
4.44087e-05
4.44089e-05
4.44092e-05
4.44094e-05
4.44097e-05
4.44099e-05
4.44102e-05
4.44105e-05
4.44108e-05
4.44111e-05
4.44114e-05
4.44117e-05
4.4412e-05
4.44124e-05
4.44127e-05
4.44131e-05
4.44135e-05
4.44139e-05
4.44143e-05
4.44147e-05
4.44151e-05
4.44155e-05
4.4416e-05
4.44165e-05
4.44169e-05
4.44174e-05
4.44179e-05
4.44185e-05
4.4419e-05
4.44195e-05
4.442e-05
4.44206e-05
4.44211e-05
4.44216e-05
4.44222e-05
4.44033e-05
4.44034e-05
4.44035e-05
4.44036e-05
4.44037e-05
4.44038e-05
4.44039e-05
4.4404e-05
4.44041e-05
4.44042e-05
4.44043e-05
4.44044e-05
4.44045e-05
4.44047e-05
4.44048e-05
4.44049e-05
4.4405e-05
4.44052e-05
4.44053e-05
4.44055e-05
4.44056e-05
4.44058e-05
4.44059e-05
4.44061e-05
4.44063e-05
4.44065e-05
4.44066e-05
4.44068e-05
4.4407e-05
4.44072e-05
4.44074e-05
4.44076e-05
4.44078e-05
4.44081e-05
4.44083e-05
4.44085e-05
4.44088e-05
4.4409e-05
4.44093e-05
4.44095e-05
4.44098e-05
4.44101e-05
4.44104e-05
4.44107e-05
4.4411e-05
4.44113e-05
4.44116e-05
4.4412e-05
4.44123e-05
4.44127e-05
4.4413e-05
4.44134e-05
4.44138e-05
4.44143e-05
4.44147e-05
4.44151e-05
4.44156e-05
4.44161e-05
4.44166e-05
4.44171e-05
4.44176e-05
4.44181e-05
4.44187e-05
4.44192e-05
4.44198e-05
4.44203e-05
4.44209e-05
4.44215e-05
4.44221e-05
4.44226e-05
4.44033e-05
4.44034e-05
4.44035e-05
4.44036e-05
4.44036e-05
4.44037e-05
4.44038e-05
4.44039e-05
4.4404e-05
4.44041e-05
4.44042e-05
4.44043e-05
4.44044e-05
4.44046e-05
4.44047e-05
4.44048e-05
4.44049e-05
4.4405e-05
4.44052e-05
4.44053e-05
4.44055e-05
4.44056e-05
4.44058e-05
4.44059e-05
4.44061e-05
4.44062e-05
4.44064e-05
4.44066e-05
4.44068e-05
4.4407e-05
4.44071e-05
4.44073e-05
4.44076e-05
4.44078e-05
4.4408e-05
4.44082e-05
4.44085e-05
4.44087e-05
4.4409e-05
4.44092e-05
4.44095e-05
4.44098e-05
4.441e-05
4.44103e-05
4.44107e-05
4.4411e-05
4.44113e-05
4.44117e-05
4.4412e-05
4.44124e-05
4.44128e-05
4.44132e-05
4.44136e-05
4.4414e-05
4.44145e-05
4.44149e-05
4.44154e-05
4.44159e-05
4.44164e-05
4.44169e-05
4.44175e-05
4.4418e-05
4.44186e-05
4.44192e-05
4.44198e-05
4.44204e-05
4.4421e-05
4.44216e-05
4.44222e-05
4.44229e-05
4.44033e-05
4.44034e-05
4.44035e-05
4.44035e-05
4.44036e-05
4.44037e-05
4.44038e-05
4.44039e-05
4.4404e-05
4.4404e-05
4.44041e-05
4.44042e-05
4.44043e-05
4.44044e-05
4.44045e-05
4.44046e-05
4.44048e-05
4.44049e-05
4.4405e-05
4.44051e-05
4.44052e-05
4.44054e-05
4.44055e-05
4.44057e-05
4.44058e-05
4.44059e-05
4.44061e-05
4.44063e-05
4.44064e-05
4.44066e-05
4.44068e-05
4.4407e-05
4.44072e-05
4.44074e-05
4.44076e-05
4.44078e-05
4.4408e-05
4.44083e-05
4.44085e-05
4.44088e-05
4.4409e-05
4.44093e-05
4.44096e-05
4.44099e-05
4.44102e-05
4.44105e-05
4.44108e-05
4.44112e-05
4.44115e-05
4.44119e-05
4.44123e-05
4.44127e-05
4.44131e-05
4.44135e-05
4.4414e-05
4.44144e-05
4.44149e-05
4.44154e-05
4.4416e-05
4.44165e-05
4.44171e-05
4.44176e-05
4.44182e-05
4.44188e-05
4.44195e-05
4.44201e-05
4.44208e-05
4.44214e-05
4.44221e-05
4.44228e-05
4.44033e-05
4.44034e-05
4.44035e-05
4.44035e-05
4.44036e-05
4.44037e-05
4.44037e-05
4.44038e-05
4.44039e-05
4.4404e-05
4.44041e-05
4.44041e-05
4.44042e-05
4.44043e-05
4.44044e-05
4.44045e-05
4.44046e-05
4.44047e-05
4.44048e-05
4.44049e-05
4.4405e-05
4.44051e-05
4.44053e-05
4.44054e-05
4.44055e-05
4.44057e-05
4.44058e-05
4.44059e-05
4.44061e-05
4.44062e-05
4.44064e-05
4.44066e-05
4.44068e-05
4.44069e-05
4.44071e-05
4.44073e-05
4.44076e-05
4.44078e-05
4.4408e-05
4.44082e-05
4.44085e-05
4.44088e-05
4.4409e-05
4.44093e-05
4.44096e-05
4.44099e-05
4.44102e-05
4.44106e-05
4.44109e-05
4.44113e-05
4.44116e-05
4.4412e-05
4.44124e-05
4.44129e-05
4.44133e-05
4.44138e-05
4.44143e-05
4.44148e-05
4.44153e-05
4.44158e-05
4.44164e-05
4.4417e-05
4.44176e-05
4.44182e-05
4.44189e-05
4.44196e-05
4.44202e-05
4.44209e-05
4.44217e-05
4.44224e-05
4.44033e-05
4.44034e-05
4.44035e-05
4.44035e-05
4.44036e-05
4.44037e-05
4.44037e-05
4.44038e-05
4.44039e-05
4.44039e-05
4.4404e-05
4.44041e-05
4.44041e-05
4.44042e-05
4.44043e-05
4.44044e-05
4.44045e-05
4.44045e-05
4.44046e-05
4.44047e-05
4.44048e-05
4.44049e-05
4.4405e-05
4.44051e-05
4.44053e-05
4.44054e-05
4.44055e-05
4.44056e-05
4.44058e-05
4.44059e-05
4.44061e-05
4.44062e-05
4.44064e-05
4.44065e-05
4.44067e-05
4.44069e-05
4.44071e-05
4.44073e-05
4.44075e-05
4.44077e-05
4.4408e-05
4.44082e-05
4.44084e-05
4.44087e-05
4.4409e-05
4.44093e-05
4.44096e-05
4.44099e-05
4.44102e-05
4.44106e-05
4.44109e-05
4.44113e-05
4.44117e-05
4.44121e-05
4.44125e-05
4.4413e-05
4.44135e-05
4.4414e-05
4.44145e-05
4.4415e-05
4.44156e-05
4.44162e-05
4.44168e-05
4.44174e-05
4.44181e-05
4.44188e-05
4.44195e-05
4.44202e-05
4.44209e-05
4.44217e-05
4.44034e-05
4.44034e-05
4.44035e-05
4.44035e-05
4.44036e-05
4.44037e-05
4.44037e-05
4.44038e-05
4.44038e-05
4.44039e-05
4.4404e-05
4.4404e-05
4.44041e-05
4.44042e-05
4.44042e-05
4.44043e-05
4.44044e-05
4.44044e-05
4.44045e-05
4.44046e-05
4.44047e-05
4.44048e-05
4.44049e-05
4.4405e-05
4.44051e-05
4.44052e-05
4.44053e-05
4.44054e-05
4.44055e-05
4.44056e-05
4.44058e-05
4.44059e-05
4.4406e-05
4.44062e-05
4.44063e-05
4.44065e-05
4.44067e-05
4.44069e-05
4.44071e-05
4.44072e-05
4.44075e-05
4.44077e-05
4.44079e-05
4.44081e-05
4.44084e-05
4.44087e-05
4.44089e-05
4.44092e-05
4.44095e-05
4.44099e-05
4.44102e-05
4.44105e-05
4.44109e-05
4.44113e-05
4.44117e-05
4.44121e-05
4.44126e-05
4.44131e-05
4.44136e-05
4.44141e-05
4.44146e-05
4.44152e-05
4.44158e-05
4.44164e-05
4.44171e-05
4.44178e-05
4.44185e-05
4.44192e-05
4.442e-05
4.44208e-05
4.44034e-05
4.44035e-05
4.44035e-05
4.44036e-05
4.44037e-05
4.44037e-05
4.44038e-05
4.44038e-05
4.44039e-05
4.44039e-05
4.4404e-05
4.4404e-05
4.44041e-05
4.44042e-05
4.44042e-05
4.44043e-05
4.44043e-05
4.44044e-05
4.44045e-05
4.44045e-05
4.44046e-05
4.44047e-05
4.44048e-05
4.44049e-05
4.44049e-05
4.4405e-05
4.44051e-05
4.44052e-05
4.44053e-05
4.44054e-05
4.44056e-05
4.44057e-05
4.44058e-05
4.44059e-05
4.44061e-05
4.44062e-05
4.44064e-05
4.44065e-05
4.44067e-05
4.44069e-05
4.44071e-05
4.44072e-05
4.44075e-05
4.44077e-05
4.44079e-05
4.44081e-05
4.44084e-05
4.44086e-05
4.44089e-05
4.44092e-05
4.44095e-05
4.44098e-05
4.44102e-05
4.44105e-05
4.44109e-05
4.44113e-05
4.44117e-05
4.44122e-05
4.44127e-05
4.44131e-05
4.44137e-05
4.44142e-05
4.44148e-05
4.44154e-05
4.4416e-05
4.44167e-05
4.44174e-05
4.44181e-05
4.44189e-05
4.44197e-05
4.44035e-05
4.44036e-05
4.44036e-05
4.44037e-05
4.44037e-05
4.44038e-05
4.44038e-05
4.44039e-05
4.44039e-05
4.4404e-05
4.4404e-05
4.44041e-05
4.44041e-05
4.44042e-05
4.44043e-05
4.44043e-05
4.44044e-05
4.44044e-05
4.44045e-05
4.44046e-05
4.44046e-05
4.44047e-05
4.44048e-05
4.44048e-05
4.44049e-05
4.4405e-05
4.44051e-05
4.44051e-05
4.44052e-05
4.44053e-05
4.44054e-05
4.44055e-05
4.44056e-05
4.44058e-05
4.44059e-05
4.4406e-05
4.44061e-05
4.44063e-05
4.44064e-05
4.44066e-05
4.44067e-05
4.44069e-05
4.44071e-05
4.44073e-05
4.44075e-05
4.44077e-05
4.44079e-05
4.44082e-05
4.44084e-05
4.44087e-05
4.44089e-05
4.44092e-05
4.44095e-05
4.44099e-05
4.44102e-05
4.44106e-05
4.44109e-05
4.44114e-05
4.44118e-05
4.44122e-05
4.44127e-05
4.44132e-05
4.44138e-05
4.44143e-05
4.44149e-05
4.44156e-05
4.44163e-05
4.4417e-05
4.44177e-05
4.44185e-05
4.44036e-05
4.44037e-05
4.44037e-05
4.44038e-05
4.44038e-05
4.44039e-05
4.44039e-05
4.4404e-05
4.4404e-05
4.44041e-05
4.44041e-05
4.44042e-05
4.44042e-05
4.44043e-05
4.44043e-05
4.44044e-05
4.44044e-05
4.44045e-05
4.44046e-05
4.44046e-05
4.44047e-05
4.44047e-05
4.44048e-05
4.44049e-05
4.44049e-05
4.4405e-05
4.44051e-05
4.44051e-05
4.44052e-05
4.44053e-05
4.44054e-05
4.44055e-05
4.44056e-05
4.44057e-05
4.44058e-05
4.44059e-05
4.4406e-05
4.44061e-05
4.44062e-05
4.44064e-05
4.44065e-05
4.44067e-05
4.44068e-05
4.4407e-05
4.44072e-05
4.44074e-05
4.44076e-05
4.44078e-05
4.4408e-05
4.44082e-05
4.44085e-05
4.44087e-05
4.4409e-05
4.44093e-05
4.44096e-05
4.44099e-05
4.44102e-05
4.44106e-05
4.4411e-05
4.44114e-05
4.44118e-05
4.44123e-05
4.44128e-05
4.44133e-05
4.44139e-05
4.44145e-05
4.44151e-05
4.44158e-05
4.44165e-05
4.44173e-05
4.44037e-05
4.44038e-05
4.44038e-05
4.44039e-05
4.44039e-05
4.4404e-05
4.44041e-05
4.44041e-05
4.44042e-05
4.44042e-05
4.44042e-05
4.44043e-05
4.44043e-05
4.44044e-05
4.44044e-05
4.44045e-05
4.44045e-05
4.44046e-05
4.44047e-05
4.44047e-05
4.44048e-05
4.44048e-05
4.44049e-05
4.44049e-05
4.4405e-05
4.44051e-05
4.44051e-05
4.44052e-05
4.44053e-05
4.44053e-05
4.44054e-05
4.44055e-05
4.44056e-05
4.44057e-05
4.44057e-05
4.44058e-05
4.44059e-05
4.4406e-05
4.44062e-05
4.44063e-05
4.44064e-05
4.44065e-05
4.44067e-05
4.44068e-05
4.4407e-05
4.44071e-05
4.44073e-05
4.44075e-05
4.44077e-05
4.44079e-05
4.44081e-05
4.44083e-05
4.44085e-05
4.44088e-05
4.44091e-05
4.44093e-05
4.44096e-05
4.441e-05
4.44103e-05
4.44107e-05
4.44111e-05
4.44115e-05
4.44119e-05
4.44124e-05
4.44129e-05
4.44135e-05
4.44141e-05
4.44147e-05
4.44153e-05
4.44161e-05
4.44038e-05
4.44039e-05
4.44039e-05
4.4404e-05
4.44041e-05
4.44041e-05
4.44042e-05
4.44042e-05
4.44043e-05
4.44043e-05
4.44044e-05
4.44044e-05
4.44045e-05
4.44045e-05
4.44046e-05
4.44046e-05
4.44047e-05
4.44047e-05
4.44048e-05
4.44048e-05
4.44049e-05
4.44049e-05
4.4405e-05
4.44051e-05
4.44051e-05
4.44052e-05
4.44052e-05
4.44053e-05
4.44054e-05
4.44054e-05
4.44055e-05
4.44056e-05
4.44056e-05
4.44057e-05
4.44058e-05
4.44059e-05
4.4406e-05
4.44061e-05
4.44062e-05
4.44063e-05
4.44064e-05
4.44065e-05
4.44066e-05
4.44067e-05
4.44069e-05
4.4407e-05
4.44071e-05
4.44073e-05
4.44075e-05
4.44076e-05
4.44078e-05
4.4408e-05
4.44082e-05
4.44084e-05
4.44087e-05
4.44089e-05
4.44092e-05
4.44095e-05
4.44098e-05
4.44101e-05
4.44104e-05
4.44108e-05
4.44112e-05
4.44116e-05
4.44121e-05
4.44126e-05
4.44131e-05
4.44137e-05
4.44143e-05
4.44149e-05
4.44039e-05
4.4404e-05
4.4404e-05
4.44041e-05
4.44042e-05
4.44042e-05
4.44043e-05
4.44043e-05
4.44044e-05
4.44044e-05
4.44045e-05
4.44046e-05
4.44046e-05
4.44047e-05
4.44047e-05
4.44048e-05
4.44048e-05
4.44049e-05
4.44049e-05
4.4405e-05
4.4405e-05
4.44051e-05
4.44052e-05
4.44052e-05
4.44053e-05
4.44053e-05
4.44054e-05
4.44054e-05
4.44055e-05
4.44056e-05
4.44056e-05
4.44057e-05
4.44058e-05
4.44058e-05
4.44059e-05
4.4406e-05
4.44061e-05
4.44062e-05
4.44062e-05
4.44063e-05
4.44064e-05
4.44065e-05
4.44066e-05
4.44067e-05
4.44069e-05
4.4407e-05
4.44071e-05
4.44072e-05
4.44074e-05
4.44075e-05
4.44077e-05
4.44079e-05
4.44081e-05
4.44082e-05
4.44084e-05
4.44087e-05
4.44089e-05
4.44091e-05
4.44094e-05
4.44097e-05
4.441e-05
4.44103e-05
4.44106e-05
4.4411e-05
4.44114e-05
4.44118e-05
4.44123e-05
4.44128e-05
4.44134e-05
4.4414e-05
4.4404e-05
4.44041e-05
4.44041e-05
4.44042e-05
4.44042e-05
4.44043e-05
4.44044e-05
4.44044e-05
4.44045e-05
4.44046e-05
4.44046e-05
4.44047e-05
4.44047e-05
4.44048e-05
4.44049e-05
4.44049e-05
4.4405e-05
4.4405e-05
4.44051e-05
4.44051e-05
4.44052e-05
4.44053e-05
4.44053e-05
4.44054e-05
4.44054e-05
4.44055e-05
4.44056e-05
4.44056e-05
4.44057e-05
4.44057e-05
4.44058e-05
4.44059e-05
4.44059e-05
4.4406e-05
4.44061e-05
4.44061e-05
4.44062e-05
4.44063e-05
4.44064e-05
4.44065e-05
4.44065e-05
4.44066e-05
4.44067e-05
4.44068e-05
4.44069e-05
4.4407e-05
4.44072e-05
4.44073e-05
4.44074e-05
4.44075e-05
4.44077e-05
4.44078e-05
4.4408e-05
4.44082e-05
4.44083e-05
4.44085e-05
4.44087e-05
4.44089e-05
4.44092e-05
4.44094e-05
4.44097e-05
4.44099e-05
4.44102e-05
4.44106e-05
4.44109e-05
4.44113e-05
4.44117e-05
4.44121e-05
4.44126e-05
4.44132e-05
4.4404e-05
4.44041e-05
4.44042e-05
4.44042e-05
4.44043e-05
4.44044e-05
4.44044e-05
4.44045e-05
4.44046e-05
4.44046e-05
4.44047e-05
4.44048e-05
4.44048e-05
4.44049e-05
4.4405e-05
4.4405e-05
4.44051e-05
4.44051e-05
4.44052e-05
4.44053e-05
4.44053e-05
4.44054e-05
4.44054e-05
4.44055e-05
4.44056e-05
4.44056e-05
4.44057e-05
4.44058e-05
4.44058e-05
4.44059e-05
4.44059e-05
4.4406e-05
4.44061e-05
4.44062e-05
4.44062e-05
4.44063e-05
4.44064e-05
4.44064e-05
4.44065e-05
4.44066e-05
4.44067e-05
4.44068e-05
4.44069e-05
4.44069e-05
4.4407e-05
4.44071e-05
4.44073e-05
4.44074e-05
4.44075e-05
4.44076e-05
4.44077e-05
4.44079e-05
4.4408e-05
4.44082e-05
4.44083e-05
4.44085e-05
4.44087e-05
4.44088e-05
4.4409e-05
4.44093e-05
4.44095e-05
4.44097e-05
4.441e-05
4.44103e-05
4.44106e-05
4.44109e-05
4.44113e-05
4.44116e-05
4.44121e-05
4.44125e-05
4.4404e-05
4.44041e-05
4.44041e-05
4.44042e-05
4.44043e-05
4.44044e-05
4.44044e-05
4.44045e-05
4.44046e-05
4.44046e-05
4.44047e-05
4.44048e-05
4.44048e-05
4.44049e-05
4.4405e-05
4.4405e-05
4.44051e-05
4.44052e-05
4.44052e-05
4.44053e-05
4.44054e-05
4.44054e-05
4.44055e-05
4.44056e-05
4.44056e-05
4.44057e-05
4.44058e-05
4.44058e-05
4.44059e-05
4.4406e-05
4.4406e-05
4.44061e-05
4.44062e-05
4.44063e-05
4.44063e-05
4.44064e-05
4.44065e-05
4.44066e-05
4.44066e-05
4.44067e-05
4.44068e-05
4.44069e-05
4.4407e-05
4.44071e-05
4.44071e-05
4.44072e-05
4.44073e-05
4.44074e-05
4.44076e-05
4.44077e-05
4.44078e-05
4.44079e-05
4.4408e-05
4.44082e-05
4.44083e-05
4.44085e-05
4.44086e-05
4.44088e-05
4.4409e-05
4.44092e-05
4.44094e-05
4.44096e-05
4.44098e-05
4.44101e-05
4.44104e-05
4.44106e-05
4.4411e-05
4.44113e-05
4.44117e-05
4.44121e-05
4.44039e-05
4.44039e-05
4.4404e-05
4.44041e-05
4.44042e-05
4.44042e-05
4.44043e-05
4.44044e-05
4.44045e-05
4.44045e-05
4.44046e-05
4.44047e-05
4.44048e-05
4.44048e-05
4.44049e-05
4.4405e-05
4.4405e-05
4.44051e-05
4.44052e-05
4.44053e-05
4.44053e-05
4.44054e-05
4.44055e-05
4.44056e-05
4.44056e-05
4.44057e-05
4.44058e-05
4.44059e-05
4.44059e-05
4.4406e-05
4.44061e-05
4.44062e-05
4.44062e-05
4.44063e-05
4.44064e-05
4.44065e-05
4.44065e-05
4.44066e-05
4.44067e-05
4.44068e-05
4.44069e-05
4.4407e-05
4.4407e-05
4.44071e-05
4.44072e-05
4.44073e-05
4.44074e-05
4.44075e-05
4.44076e-05
4.44077e-05
4.44079e-05
4.4408e-05
4.44081e-05
4.44082e-05
4.44084e-05
4.44085e-05
4.44087e-05
4.44088e-05
4.4409e-05
4.44092e-05
4.44093e-05
4.44095e-05
4.44098e-05
4.441e-05
4.44102e-05
4.44105e-05
4.44108e-05
4.44111e-05
4.44114e-05
4.44117e-05
4.44036e-05
4.44037e-05
4.44038e-05
4.44039e-05
4.44039e-05
4.4404e-05
4.44041e-05
4.44042e-05
4.44042e-05
4.44043e-05
4.44044e-05
4.44045e-05
4.44046e-05
4.44046e-05
4.44047e-05
4.44048e-05
4.44049e-05
4.44049e-05
4.4405e-05
4.44051e-05
4.44052e-05
4.44053e-05
4.44053e-05
4.44054e-05
4.44055e-05
4.44056e-05
4.44057e-05
4.44058e-05
4.44058e-05
4.44059e-05
4.4406e-05
4.44061e-05
4.44062e-05
4.44063e-05
4.44064e-05
4.44064e-05
4.44065e-05
4.44066e-05
4.44067e-05
4.44068e-05
4.44069e-05
4.4407e-05
4.44071e-05
4.44072e-05
4.44073e-05
4.44074e-05
4.44075e-05
4.44076e-05
4.44077e-05
4.44078e-05
4.44079e-05
4.4408e-05
4.44081e-05
4.44083e-05
4.44084e-05
4.44085e-05
4.44087e-05
4.44088e-05
4.4409e-05
4.44091e-05
4.44093e-05
4.44095e-05
4.44097e-05
4.44099e-05
4.44101e-05
4.44104e-05
4.44106e-05
4.44109e-05
4.44112e-05
4.44115e-05
4.44033e-05
4.44034e-05
4.44034e-05
4.44035e-05
4.44036e-05
4.44037e-05
4.44037e-05
4.44038e-05
4.44039e-05
4.4404e-05
4.4404e-05
4.44041e-05
4.44042e-05
4.44043e-05
4.44044e-05
4.44044e-05
4.44045e-05
4.44046e-05
4.44047e-05
4.44048e-05
4.44049e-05
4.4405e-05
4.44051e-05
4.44051e-05
4.44052e-05
4.44053e-05
4.44054e-05
4.44055e-05
4.44056e-05
4.44057e-05
4.44058e-05
4.44059e-05
4.4406e-05
4.44061e-05
4.44062e-05
4.44063e-05
4.44064e-05
4.44065e-05
4.44066e-05
4.44067e-05
4.44068e-05
4.44069e-05
4.4407e-05
4.44071e-05
4.44072e-05
4.44073e-05
4.44075e-05
4.44076e-05
4.44077e-05
4.44078e-05
4.44079e-05
4.4408e-05
4.44081e-05
4.44083e-05
4.44084e-05
4.44085e-05
4.44087e-05
4.44088e-05
4.4409e-05
4.44091e-05
4.44093e-05
4.44095e-05
4.44097e-05
4.44099e-05
4.44101e-05
4.44103e-05
4.44106e-05
4.44108e-05
4.44111e-05
4.44114e-05
4.44028e-05
4.44028e-05
4.44029e-05
4.4403e-05
4.4403e-05
4.44031e-05
4.44032e-05
4.44033e-05
4.44033e-05
4.44034e-05
4.44035e-05
4.44036e-05
4.44036e-05
4.44037e-05
4.44038e-05
4.44039e-05
4.4404e-05
4.44041e-05
4.44042e-05
4.44043e-05
4.44044e-05
4.44045e-05
4.44046e-05
4.44047e-05
4.44048e-05
4.44049e-05
4.4405e-05
4.44051e-05
4.44052e-05
4.44053e-05
4.44054e-05
4.44056e-05
4.44057e-05
4.44058e-05
4.44059e-05
4.4406e-05
4.44062e-05
4.44063e-05
4.44064e-05
4.44065e-05
4.44066e-05
4.44068e-05
4.44069e-05
4.4407e-05
4.44071e-05
4.44073e-05
4.44074e-05
4.44075e-05
4.44076e-05
4.44077e-05
4.44079e-05
4.4408e-05
4.44081e-05
4.44082e-05
4.44084e-05
4.44085e-05
4.44087e-05
4.44088e-05
4.4409e-05
4.44091e-05
4.44093e-05
4.44095e-05
4.44096e-05
4.44098e-05
4.441e-05
4.44102e-05
4.44105e-05
4.44107e-05
4.4411e-05
4.44112e-05
4.44021e-05
4.44021e-05
4.44022e-05
4.44023e-05
4.44023e-05
4.44024e-05
4.44024e-05
4.44025e-05
4.44026e-05
4.44026e-05
4.44027e-05
4.44028e-05
4.44029e-05
4.44029e-05
4.4403e-05
4.44031e-05
4.44032e-05
4.44033e-05
4.44034e-05
4.44035e-05
4.44036e-05
4.44037e-05
4.44038e-05
4.44039e-05
4.4404e-05
4.44041e-05
4.44043e-05
4.44044e-05
4.44045e-05
4.44047e-05
4.44048e-05
4.4405e-05
4.44051e-05
4.44053e-05
4.44054e-05
4.44056e-05
4.44057e-05
4.44059e-05
4.44061e-05
4.44062e-05
4.44064e-05
4.44065e-05
4.44067e-05
4.44069e-05
4.4407e-05
4.44072e-05
4.44073e-05
4.44075e-05
4.44077e-05
4.44078e-05
4.4408e-05
4.44081e-05
4.44083e-05
4.44084e-05
4.44086e-05
4.44087e-05
4.44089e-05
4.44091e-05
4.44092e-05
4.44094e-05
4.44096e-05
4.44098e-05
4.441e-05
4.44102e-05
4.44104e-05
4.44106e-05
4.44108e-05
4.44111e-05
4.44113e-05
4.44116e-05
4.44012e-05
4.44012e-05
4.44012e-05
4.44013e-05
4.44013e-05
4.44014e-05
4.44014e-05
4.44014e-05
4.44015e-05
4.44015e-05
4.44016e-05
4.44016e-05
4.44017e-05
4.44018e-05
4.44018e-05
4.44019e-05
4.4402e-05
4.4402e-05
4.44021e-05
4.44022e-05
4.44023e-05
4.44024e-05
4.44025e-05
4.44026e-05
4.44027e-05
4.44028e-05
4.44029e-05
4.44031e-05
4.44032e-05
4.44034e-05
4.44035e-05
4.44037e-05
4.44039e-05
4.44041e-05
4.44043e-05
4.44045e-05
4.44048e-05
4.44048e-05
4.44048e-05
4.44048e-05
4.44048e-05
4.44049e-05
4.44049e-05
4.4405e-05
4.4405e-05
4.44051e-05
4.44051e-05
4.44052e-05
4.44053e-05
4.44053e-05
4.44054e-05
4.44055e-05
4.44057e-05
4.44058e-05
4.44059e-05
4.44061e-05
4.44062e-05
4.44064e-05
4.44066e-05
4.44067e-05
4.44069e-05
4.44071e-05
4.44073e-05
4.44075e-05
4.44078e-05
4.4408e-05
4.44082e-05
4.44085e-05
4.44087e-05
4.4409e-05
)
;

boundaryField
{
    walls
    {
        type            fixedValue;
        value           uniform 0;
    }
    frontAndBack
    {
        type            empty;
    }
    farfield
    {
        type            inletOutlet;
        inletValue      uniform 4.44e-05;
        value           nonuniform List<scalar> 
70
(
4.44e-05
4.44e-05
4.44e-05
4.44e-05
4.44e-05
4.44e-05
4.44e-05
4.44e-05
4.44e-05
4.44e-05
4.44e-05
4.44e-05
4.44e-05
4.44e-05
4.44e-05
4.44e-05
4.44e-05
4.44e-05
4.44e-05
4.44e-05
4.44e-05
4.44e-05
4.44e-05
4.44e-05
4.44e-05
4.44e-05
4.44e-05
4.44e-05
4.44e-05
4.44e-05
4.44e-05
4.44e-05
4.44e-05
4.44e-05
4.44e-05
4.44e-05
4.44e-05
4.44048e-05
4.44048e-05
4.44048e-05
4.44048e-05
4.44049e-05
4.44049e-05
4.4405e-05
4.4405e-05
4.44051e-05
4.44051e-05
4.44052e-05
4.44053e-05
4.44053e-05
4.44054e-05
4.44055e-05
4.44057e-05
4.44058e-05
4.44059e-05
4.44061e-05
4.44062e-05
4.44064e-05
4.44066e-05
4.44067e-05
4.44069e-05
4.44071e-05
4.44073e-05
4.44075e-05
4.44078e-05
4.4408e-05
4.44082e-05
4.44085e-05
4.44087e-05
4.4409e-05
)
;
    }
    procBoundary0to1
    {
        type            processor;
        value           nonuniform List<scalar> 
105
(
2.41285e-06
7.54376e-06
1.33319e-05
1.98581e-05
2.7211e-05
3.54857e-05
4.47763e-05
5.51266e-05
6.64379e-05
7.85193e-05
9.12501e-05
0.000104609
0.000118632
0.000133383
0.000148943
0.00016541
0.000182896
0.00020153
0.000221458
0.000242829
0.000265781
0.000290413
0.000316737
0.000344631
0.000373773
0.000403586
0.000433184
0.000461322
0.000486338
0.000506081
0.000517831
0.000518241
0.000503302
0.000468442
0.000408977
0.000321607
0.000209575
0.000103786
5.3412e-05
4.38243e-05
4.3158e-05
4.34671e-05
4.38807e-05
4.38807e-05
4.41434e-05
4.42615e-05
4.43171e-05
4.43459e-05
4.4362e-05
4.43717e-05
4.43779e-05
4.43819e-05
4.43847e-05
4.4387e-05
4.4389e-05
4.43889e-05
4.43888e-05
4.43888e-05
4.43908e-05
4.43925e-05
4.43925e-05
4.43943e-05
4.43961e-05
4.43978e-05
4.43995e-05
4.44009e-05
4.4402e-05
4.44027e-05
4.44032e-05
4.44035e-05
4.44035e-05
4.44036e-05
4.44037e-05
4.44037e-05
4.44036e-05
4.44036e-05
4.44035e-05
4.44034e-05
4.44034e-05
4.44033e-05
4.44033e-05
4.44033e-05
4.44033e-05
4.44032e-05
4.44032e-05
4.44032e-05
4.44032e-05
4.44032e-05
4.44033e-05
4.44033e-05
4.44034e-05
4.44035e-05
4.44036e-05
4.44037e-05
4.44038e-05
4.44038e-05
4.44039e-05
4.44039e-05
4.44039e-05
4.44038e-05
4.44036e-05
4.44032e-05
4.44027e-05
4.4402e-05
4.44011e-05
)
;
    }
    procBoundary0to2
    {
        type            processor;
        value           nonuniform List<scalar> 
108
(
2.03913e-06
6.36043e-06
1.11815e-05
1.65286e-05
2.24312e-05
2.89138e-05
3.59799e-05
4.35862e-05
5.16248e-05
5.99424e-05
6.83866e-05
7.68354e-05
8.52005e-05
9.34193e-05
0.000101446
0.000109245
0.000116788
0.000124056
0.000131039
0.00013774
0.00014418
0.000150404
0.000156485
0.000162538
0.000168721
0.00017525
0.000182403
0.00019053
0.000200065
0.000211566
0.000225847
0.00024439
0.000270119
0.000305945
0.000351949
0.000407775
0.00047213
0.000538686
0.000601798
0.000658434
0.0007056
0.000758768
0.000757943
0.000757031
0.00075604
0.000739232
0.000754975
0.000758768
0.000739986
0.000684301
0.00058164
0.000424602
0.000237269
0.000108361
5.94874e-05
4.70622e-05
4.46092e-05
4.42351e-05
4.42284e-05
4.42718e-05
4.43134e-05
4.43462e-05
4.43707e-05
4.4388e-05
4.43994e-05
4.44061e-05
4.44094e-05
4.44101e-05
4.44092e-05
4.44072e-05
4.4406e-05
4.4406e-05
4.44068e-05
4.44083e-05
4.44105e-05
4.44105e-05
4.4413e-05
4.44152e-05
4.44152e-05
4.44169e-05
4.44182e-05
4.44193e-05
4.44193e-05
4.44206e-05
4.44215e-05
4.44215e-05
4.44227e-05
4.44232e-05
4.44235e-05
4.44234e-05
4.44231e-05
4.44224e-05
4.44216e-05
4.44205e-05
4.44193e-05
4.4418e-05
4.44168e-05
4.44156e-05
4.44146e-05
4.44137e-05
4.4413e-05
4.44125e-05
4.44121e-05
4.44119e-05
4.44117e-05
4.44115e-05
4.44119e-05
4.44093e-05
)
;
    }
}


// ************************************************************************* //
