/*--------------------------------*- C++ -*----------------------------------*\
| =========                 |                                                 |
| \\      /  F ield         | OpenFOAM: The Open Source CFD Toolbox           |
|  \\    /   O peration     | Version:  2412                                  |
|   \\  /    A nd           | Website:  www.openfoam.com                      |
|    \\/     M anipulation  |                                                 |
\*---------------------------------------------------------------------------*/
FoamFile
{
    version     2.0;
    format      ascii;
    arch        "LSB;label=32;scalar=64";
    class       volScalarField;
    location    "480";
    object      nut;
}
// * * * * * * * * * * * * * * * * * * * * * * * * * * * * * * * * * * * * * //

dimensions      [0 2 -1 0 0 0 0];

internalField   nonuniform List<scalar> 
7418
(
1.37673e-13
4.31429e-13
5.76853e-13
5.7361e-13
5.72258e-13
5.51133e-13
5.61126e-12
1.2641e-11
1.25133e-11
9.72539e-12
8.31224e-12
7.62108e-12
7.32745e-12
7.36373e-12
7.61377e-12
7.82318e-12
7.88099e-12
7.84213e-12
7.70893e-12
7.56055e-12
7.47849e-12
7.45828e-12
7.48463e-12
7.52214e-12
7.54234e-12
7.5491e-12
7.55206e-12
7.5646e-12
7.58707e-12
7.61486e-12
7.6435e-12
7.67234e-12
7.70297e-12
7.73587e-12
7.77153e-12
7.80871e-12
7.84748e-12
7.88776e-12
7.92918e-12
7.97134e-12
8.01448e-12
8.05879e-12
8.10386e-12
8.14955e-12
8.1956e-12
8.24206e-12
8.28907e-12
8.33653e-12
8.38329e-12
8.42951e-12
8.47637e-12
8.52288e-12
8.56909e-12
8.61511e-12
8.66003e-12
8.70518e-12
8.74998e-12
8.79418e-12
8.83748e-12
8.87937e-12
8.92098e-12
8.96256e-12
9.00277e-12
9.04164e-12
9.08049e-12
9.11868e-12
9.15628e-12
9.19282e-12
9.22815e-12
9.26367e-12
9.29877e-12
9.33278e-12
9.36683e-12
9.39976e-12
9.43099e-12
9.46271e-12
9.49356e-12
9.52381e-12
9.55376e-12
9.58302e-12
9.61265e-12
6.25734e-14
1.22244e-13
1.33269e-11
3.88181e-11
5.20941e-11
5.30387e-11
5.14362e-11
5.39346e-11
5.56937e-10
1.15678e-09
1.13667e-09
9.11884e-10
7.90962e-10
7.31144e-10
7.06488e-10
7.10588e-10
7.32391e-10
7.50202e-10
7.54802e-10
7.50802e-10
7.38778e-10
7.25719e-10
7.18635e-10
7.17089e-10
7.19569e-10
7.22953e-10
7.248e-10
7.25504e-10
7.25931e-10
7.27225e-10
7.29434e-10
7.32097e-10
7.34845e-10
7.37631e-10
7.4057e-10
7.43768e-10
7.47195e-10
7.50762e-10
7.54481e-10
7.58342e-10
7.6231e-10
7.66364e-10
7.70529e-10
7.74764e-10
7.79081e-10
7.83468e-10
7.87872e-10
7.92332e-10
7.96836e-10
8.0136e-10
8.05868e-10
8.1034e-10
8.14824e-10
8.1929e-10
8.23714e-10
8.28127e-10
8.32467e-10
8.36782e-10
8.41054e-10
8.45284e-10
8.4945e-10
8.53489e-10
8.5748e-10
8.61432e-10
8.65308e-10
8.69083e-10
8.72811e-10
8.76462e-10
8.80047e-10
8.83566e-10
8.86993e-10
8.90378e-10
8.9372e-10
8.9701e-10
9.0026e-10
9.03429e-10
9.06445e-10
9.09469e-10
9.12432e-10
9.15334e-10
9.18209e-10
9.2105e-10
9.23898e-10
5.8779e-12
1.14038e-11
1.3621e-10
3.4567e-10
4.64743e-10
4.89655e-10
4.57881e-10
6.2988e-10
5.73262e-09
1.04974e-08
1.02331e-08
8.60092e-09
7.63315e-09
7.14908e-09
6.95828e-09
7.00488e-09
7.186e-09
7.32651e-09
7.35669e-09
7.31396e-09
7.20889e-09
7.09999e-09
7.04272e-09
7.03305e-09
7.05653e-09
7.08652e-09
7.10333e-09
7.11095e-09
7.11724e-09
7.13139e-09
7.15342e-09
7.17935e-09
7.20627e-09
7.2337e-09
7.26263e-09
7.29415e-09
7.32775e-09
7.36268e-09
7.39898e-09
7.43664e-09
7.47533e-09
7.51496e-09
7.55572e-09
7.59708e-09
7.63925e-09
7.6821e-09
7.72519e-09
7.76874e-09
7.81259e-09
7.85663e-09
7.90071e-09
7.94456e-09
7.98829e-09
8.03187e-09
8.07511e-09
8.11809e-09
8.16065e-09
8.20274e-09
8.24435e-09
8.28553e-09
8.32618e-09
8.36588e-09
8.40486e-09
8.44332e-09
8.48115e-09
8.51818e-09
8.55456e-09
8.59012e-09
8.6252e-09
8.6597e-09
8.69326e-09
8.72615e-09
8.75882e-09
8.79116e-09
8.82283e-09
8.85379e-09
8.88337e-09
8.91285e-09
8.94174e-09
8.96997e-09
8.99812e-09
9.0261e-09
9.05395e-09
5.61171e-11
1.0785e-10
7.39924e-10
1.52193e-09
2.04411e-09
2.23884e-09
2.03108e-09
4.35331e-09
2.96246e-08
4.71055e-08
4.57507e-08
4.05993e-08
3.7034e-08
3.52412e-08
3.45925e-08
3.4845e-08
3.55346e-08
3.60241e-08
3.60856e-08
3.58601e-08
3.54222e-08
3.50005e-08
3.47914e-08
3.47761e-08
3.48863e-08
3.50144e-08
3.50898e-08
3.51321e-08
3.51751e-08
3.52533e-08
3.53644e-08
3.54919e-08
3.56239e-08
3.57595e-08
3.59036e-08
3.60594e-08
3.62246e-08
3.63962e-08
3.65743e-08
3.67588e-08
3.69489e-08
3.71438e-08
3.73434e-08
3.75466e-08
3.77533e-08
3.79631e-08
3.81749e-08
3.83886e-08
3.86035e-08
3.88193e-08
3.90351e-08
3.92501e-08
3.94647e-08
3.96785e-08
3.98911e-08
4.01021e-08
4.03109e-08
4.05177e-08
4.07218e-08
4.09236e-08
4.11226e-08
4.1318e-08
4.15098e-08
4.16988e-08
4.18842e-08
4.20655e-08
4.22446e-08
4.24197e-08
4.2592e-08
4.27612e-08
4.29259e-08
4.30879e-08
4.32486e-08
4.34073e-08
4.35632e-08
4.37155e-08
4.38608e-08
4.40055e-08
4.41473e-08
4.42861e-08
4.44243e-08
4.4562e-08
4.46989e-08
2.69661e-10
5.15973e-10
3.11115e-09
4.75467e-09
6.34582e-09
7.2273e-09
6.50265e-09
2.20132e-08
1.07424e-07
1.49015e-07
1.45117e-07
1.36508e-07
1.28328e-07
1.24263e-07
1.23056e-07
1.23947e-07
1.25545e-07
1.26484e-07
1.26372e-07
1.25552e-07
1.24344e-07
1.23316e-07
1.22869e-07
1.22937e-07
1.23299e-07
1.23671e-07
1.23908e-07
1.24078e-07
1.24276e-07
1.24583e-07
1.24982e-07
1.25428e-07
1.2589e-07
1.2637e-07
1.2688e-07
1.27428e-07
1.28006e-07
1.28607e-07
1.29229e-07
1.29873e-07
1.30538e-07
1.3122e-07
1.31917e-07
1.32626e-07
1.33348e-07
1.3408e-07
1.34819e-07
1.35566e-07
1.36316e-07
1.37069e-07
1.37822e-07
1.38573e-07
1.39323e-07
1.4007e-07
1.40813e-07
1.4155e-07
1.42279e-07
1.43002e-07
1.43715e-07
1.44421e-07
1.45116e-07
1.45799e-07
1.46471e-07
1.47131e-07
1.47779e-07
1.48414e-07
1.4904e-07
1.49654e-07
1.50257e-07
1.50847e-07
1.51424e-07
1.51993e-07
1.52555e-07
1.5311e-07
1.53655e-07
1.5419e-07
1.547e-07
1.55205e-07
1.55701e-07
1.56189e-07
1.56673e-07
1.57155e-07
1.57633e-07
9.32643e-10
1.85483e-09
1.12808e-08
1.22348e-08
1.60795e-08
1.89765e-08
1.97036e-08
9.07516e-08
3.09724e-07
3.82127e-07
3.75694e-07
3.75025e-07
3.63828e-07
3.58687e-07
3.58217e-07
3.60477e-07
3.62474e-07
3.6286e-07
3.61602e-07
3.5929e-07
3.56901e-07
3.55335e-07
3.54928e-07
3.55475e-07
3.56415e-07
3.57246e-07
3.57848e-07
3.58407e-07
3.59121e-07
3.60096e-07
3.61266e-07
3.62533e-07
3.63849e-07
3.6523e-07
3.66701e-07
3.68269e-07
3.69919e-07
3.7163e-07
3.73402e-07
3.75237e-07
3.77126e-07
3.79063e-07
3.81044e-07
3.83061e-07
3.85111e-07
3.87189e-07
3.89291e-07
3.91411e-07
3.93541e-07
3.95678e-07
3.97817e-07
3.99954e-07
4.02087e-07
4.04211e-07
4.06321e-07
4.08415e-07
4.1049e-07
4.12544e-07
4.14577e-07
4.16582e-07
4.18559e-07
4.20502e-07
4.22415e-07
4.24296e-07
4.26143e-07
4.27951e-07
4.29731e-07
4.31479e-07
4.33195e-07
4.34877e-07
4.36522e-07
4.38145e-07
4.39748e-07
4.41328e-07
4.42881e-07
4.44407e-07
4.45862e-07
4.47303e-07
4.48716e-07
4.50109e-07
4.51491e-07
4.52863e-07
4.54225e-07
2.69475e-09
6.29077e-09
3.62453e-08
3.06129e-08
3.5981e-08
4.37191e-08
6.20774e-08
3.21975e-07
7.54762e-07
8.52735e-07
8.51284e-07
9.00592e-07
9.01776e-07
9.0475e-07
9.10327e-07
9.14424e-07
9.12725e-07
9.08061e-07
9.02764e-07
8.97452e-07
8.94406e-07
8.94015e-07
8.95205e-07
8.97404e-07
8.99466e-07
9.00946e-07
9.02265e-07
9.0386e-07
9.06019e-07
9.08696e-07
9.11673e-07
9.14799e-07
9.18055e-07
9.2151e-07
9.25194e-07
9.29094e-07
9.33178e-07
9.37407e-07
9.41789e-07
9.46323e-07
9.50983e-07
9.55756e-07
9.6064e-07
9.65612e-07
9.70665e-07
9.75787e-07
9.80964e-07
9.86189e-07
9.91439e-07
9.96707e-07
1.00198e-06
1.00725e-06
1.01251e-06
1.01775e-06
1.02295e-06
1.02811e-06
1.03324e-06
1.03831e-06
1.04332e-06
1.04827e-06
1.05315e-06
1.05795e-06
1.06267e-06
1.06732e-06
1.07189e-06
1.07636e-06
1.08076e-06
1.08508e-06
1.08932e-06
1.09347e-06
1.09755e-06
1.10156e-06
1.10552e-06
1.10943e-06
1.11327e-06
1.11705e-06
1.12065e-06
1.12421e-06
1.12771e-06
1.13116e-06
1.13458e-06
1.13798e-06
1.14135e-06
7.18239e-09
1.99144e-08
1.05619e-07
8.0278e-08
7.49986e-08
9.33609e-08
1.93429e-07
9.71376e-07
1.61339e-06
1.7271e-06
1.75647e-06
1.96371e-06
2.02698e-06
2.06645e-06
2.09142e-06
2.0954e-06
2.07689e-06
2.05479e-06
2.03886e-06
2.02885e-06
2.02884e-06
2.03569e-06
2.04313e-06
2.04974e-06
2.05367e-06
2.05572e-06
2.05835e-06
2.06244e-06
2.06814e-06
2.07469e-06
2.08149e-06
2.08842e-06
2.09567e-06
2.10344e-06
2.11173e-06
2.12045e-06
2.12953e-06
2.13892e-06
2.14864e-06
2.15869e-06
2.16902e-06
2.17959e-06
2.1904e-06
2.2014e-06
2.21258e-06
2.22392e-06
2.23537e-06
2.24693e-06
2.25854e-06
2.2702e-06
2.28188e-06
2.29353e-06
2.30517e-06
2.31676e-06
2.32828e-06
2.33973e-06
2.35108e-06
2.36232e-06
2.37343e-06
2.38439e-06
2.3952e-06
2.40584e-06
2.41632e-06
2.42663e-06
2.43674e-06
2.44667e-06
2.45643e-06
2.46602e-06
2.47543e-06
2.48465e-06
2.4937e-06
2.50261e-06
2.51141e-06
2.52005e-06
2.52857e-06
2.53699e-06
2.54501e-06
2.55292e-06
2.56068e-06
2.56835e-06
2.57595e-06
2.5835e-06
2.59099e-06
1.9276e-08
5.89958e-08
2.83567e-07
2.07748e-07
1.54171e-07
1.99392e-07
5.8361e-07
2.41332e-06
3.10636e-06
3.26382e-06
3.38408e-06
3.98212e-06
4.22271e-06
4.36048e-06
4.42838e-06
4.42221e-06
4.35672e-06
4.29153e-06
4.25337e-06
4.23881e-06
4.25296e-06
4.28171e-06
4.30572e-06
4.32204e-06
4.32858e-06
4.3305e-06
4.33547e-06
4.34504e-06
4.35842e-06
4.3729e-06
4.38707e-06
4.40113e-06
4.41591e-06
4.43188e-06
4.44891e-06
4.4667e-06
4.48512e-06
4.50415e-06
4.52385e-06
4.54418e-06
4.56507e-06
4.58645e-06
4.60828e-06
4.63049e-06
4.65307e-06
4.67596e-06
4.69908e-06
4.72239e-06
4.74582e-06
4.76936e-06
4.79292e-06
4.81645e-06
4.83993e-06
4.86332e-06
4.88659e-06
4.90972e-06
4.93262e-06
4.95533e-06
4.97778e-06
4.99992e-06
5.02176e-06
5.04327e-06
5.06445e-06
5.08529e-06
5.10573e-06
5.12579e-06
5.14553e-06
5.16493e-06
5.18395e-06
5.20261e-06
5.22091e-06
5.23893e-06
5.2567e-06
5.27414e-06
5.29135e-06
5.30844e-06
5.32466e-06
5.34065e-06
5.35636e-06
5.37186e-06
5.38723e-06
5.4025e-06
5.41761e-06
5.1105e-08
1.64237e-07
7.04198e-07
5.1494e-07
3.48051e-07
4.74353e-07
1.68217e-06
5.05163e-06
5.50511e-06
5.86741e-06
6.20408e-06
7.63241e-06
8.25038e-06
8.57831e-06
8.70983e-06
8.66429e-06
8.5003e-06
8.35382e-06
8.28067e-06
8.26938e-06
8.32169e-06
8.39873e-06
8.45616e-06
8.48959e-06
8.49884e-06
8.49926e-06
8.50867e-06
8.52906e-06
8.55707e-06
8.58584e-06
8.61268e-06
8.63878e-06
8.66635e-06
8.69635e-06
8.72827e-06
8.76138e-06
8.7955e-06
8.83069e-06
8.86709e-06
8.90464e-06
8.94316e-06
8.98254e-06
9.02275e-06
9.06365e-06
9.10518e-06
9.14729e-06
9.18979e-06
9.23264e-06
9.27571e-06
9.31895e-06
9.36223e-06
9.40547e-06
9.44862e-06
9.49161e-06
9.53437e-06
9.57685e-06
9.61895e-06
9.66066e-06
9.70188e-06
9.74255e-06
9.78269e-06
9.82221e-06
9.8611e-06
9.89937e-06
9.93692e-06
9.97376e-06
1.001e-05
1.00456e-05
1.00805e-05
1.01148e-05
1.01484e-05
1.01814e-05
1.0214e-05
1.02459e-05
1.02773e-05
1.03088e-05
1.03385e-05
1.03678e-05
1.03966e-05
1.04249e-05
1.0453e-05
1.0481e-05
1.05085e-05
1.33172e-07
4.2981e-07
1.62398e-06
1.20599e-06
8.09477e-07
1.17765e-06
4.56079e-06
9.25657e-06
9.13052e-06
1.01732e-05
1.10149e-05
1.39436e-05
1.51441e-05
1.57153e-05
1.58859e-05
1.57441e-05
1.54253e-05
1.51683e-05
1.5062e-05
1.50785e-05
1.52059e-05
1.53624e-05
1.54694e-05
1.55251e-05
1.55356e-05
1.55339e-05
1.5552e-05
1.5591e-05
1.56424e-05
1.56927e-05
1.57382e-05
1.5782e-05
1.58286e-05
1.58794e-05
1.59332e-05
1.59887e-05
1.60456e-05
1.61042e-05
1.61648e-05
1.62272e-05
1.62912e-05
1.63565e-05
1.64231e-05
1.64909e-05
1.65596e-05
1.66293e-05
1.66995e-05
1.67703e-05
1.68415e-05
1.69129e-05
1.69844e-05
1.70558e-05
1.7127e-05
1.7198e-05
1.72685e-05
1.73386e-05
1.74081e-05
1.74768e-05
1.75447e-05
1.76118e-05
1.76779e-05
1.7743e-05
1.78071e-05
1.787e-05
1.79318e-05
1.79925e-05
1.80521e-05
1.81106e-05
1.8168e-05
1.82242e-05
1.82793e-05
1.83335e-05
1.83867e-05
1.84387e-05
1.84901e-05
1.85418e-05
1.85904e-05
1.86382e-05
1.86851e-05
1.87313e-05
1.87771e-05
1.88225e-05
1.88671e-05
3.37468e-07
1.05897e-06
3.48784e-06
2.65498e-06
1.85402e-06
2.91447e-06
1.12187e-05
1.53136e-05
1.45342e-05
1.71591e-05
1.92054e-05
2.41862e-05
2.59354e-05
2.66524e-05
2.6762e-05
2.64572e-05
2.59625e-05
2.56107e-05
2.55059e-05
2.55925e-05
2.58298e-05
2.60806e-05
2.62381e-05
2.63127e-05
2.63221e-05
2.63211e-05
2.63549e-05
2.64206e-05
2.65021e-05
2.6579e-05
2.66474e-05
2.67134e-05
2.67839e-05
2.68609e-05
2.69418e-05
2.70249e-05
2.71099e-05
2.71973e-05
2.72875e-05
2.73804e-05
2.74754e-05
2.75723e-05
2.7671e-05
2.77714e-05
2.78732e-05
2.79762e-05
2.80801e-05
2.81847e-05
2.82899e-05
2.83953e-05
2.85009e-05
2.86062e-05
2.87113e-05
2.8816e-05
2.892e-05
2.90233e-05
2.91256e-05
2.92268e-05
2.93268e-05
2.94255e-05
2.95228e-05
2.96185e-05
2.97127e-05
2.98052e-05
2.98959e-05
2.99848e-05
3.00722e-05
3.0158e-05
3.02419e-05
3.03241e-05
3.04045e-05
3.04836e-05
3.0561e-05
3.06363e-05
3.07107e-05
3.07861e-05
3.08567e-05
3.09259e-05
3.09937e-05
3.10604e-05
3.11263e-05
3.11915e-05
3.12552e-05
8.26481e-07
2.45319e-06
6.97813e-06
5.47519e-06
4.10682e-06
7.0141e-06
2.12093e-05
2.34774e-05
2.26195e-05
2.81829e-05
3.25299e-05
3.92815e-05
4.11741e-05
4.179e-05
4.1704e-05
4.12016e-05
4.05735e-05
4.01989e-05
4.01585e-05
4.03573e-05
4.07137e-05
4.10412e-05
4.12289e-05
4.13105e-05
4.13176e-05
4.13247e-05
4.13822e-05
4.14796e-05
4.15927e-05
4.16964e-05
4.17883e-05
4.18783e-05
4.1975e-05
4.20798e-05
4.21895e-05
4.23015e-05
4.24159e-05
4.25334e-05
4.26547e-05
4.27792e-05
4.29065e-05
4.30362e-05
4.31683e-05
4.33024e-05
4.34384e-05
4.35759e-05
4.37145e-05
4.38541e-05
4.39942e-05
4.41347e-05
4.42752e-05
4.44155e-05
4.45555e-05
4.46947e-05
4.4833e-05
4.49703e-05
4.51062e-05
4.52407e-05
4.53733e-05
4.55042e-05
4.56333e-05
4.57601e-05
4.58848e-05
4.60072e-05
4.61271e-05
4.62446e-05
4.636e-05
4.6473e-05
4.65834e-05
4.66914e-05
4.67971e-05
4.69005e-05
4.70014e-05
4.70992e-05
4.71957e-05
4.72942e-05
4.7386e-05
4.74756e-05
4.75631e-05
4.76489e-05
4.77335e-05
4.78169e-05
4.78978e-05
1.94857e-06
5.31931e-06
1.29822e-05
1.05377e-05
8.66828e-06
1.60053e-05
3.37795e-05
3.41005e-05
3.46655e-05
4.45891e-05
5.18511e-05
5.91815e-05
6.06822e-05
6.09364e-05
6.05621e-05
5.98871e-05
5.92215e-05
5.8924e-05
5.90096e-05
5.93383e-05
5.97882e-05
6.01478e-05
6.0333e-05
6.04076e-05
6.04145e-05
6.04393e-05
6.05264e-05
6.06553e-05
6.07957e-05
6.09217e-05
6.10347e-05
6.11473e-05
6.12688e-05
6.13996e-05
6.15354e-05
6.16736e-05
6.18148e-05
6.19598e-05
6.21092e-05
6.22624e-05
6.24188e-05
6.25781e-05
6.27401e-05
6.29046e-05
6.30712e-05
6.32396e-05
6.34092e-05
6.358e-05
6.37514e-05
6.39231e-05
6.40948e-05
6.42662e-05
6.44371e-05
6.4607e-05
6.47757e-05
6.4943e-05
6.51086e-05
6.52724e-05
6.54339e-05
6.55931e-05
6.57499e-05
6.5904e-05
6.60553e-05
6.62035e-05
6.63487e-05
6.64908e-05
6.66301e-05
6.67663e-05
6.68992e-05
6.70289e-05
6.71554e-05
6.7279e-05
6.73989e-05
6.75144e-05
6.76281e-05
6.77448e-05
6.78534e-05
6.79586e-05
6.8061e-05
6.8161e-05
6.8259e-05
6.83551e-05
6.84476e-05
4.39751e-06
1.07381e-05
2.24032e-05
1.88637e-05
1.71901e-05
3.33855e-05
4.80836e-05
4.76739e-05
5.20895e-05
6.67778e-05
7.6428e-05
8.29849e-05
8.37467e-05
8.34876e-05
8.2815e-05
8.20424e-05
8.14492e-05
8.1313e-05
8.15567e-05
8.19998e-05
8.24939e-05
8.28347e-05
8.29874e-05
8.30458e-05
8.30578e-05
8.31084e-05
8.32268e-05
8.33823e-05
8.35422e-05
8.3684e-05
8.38138e-05
8.39457e-05
8.40884e-05
8.42407e-05
8.43977e-05
8.45572e-05
8.47201e-05
8.48875e-05
8.50596e-05
8.52359e-05
8.54158e-05
8.55988e-05
8.57848e-05
8.59736e-05
8.61647e-05
8.63576e-05
8.6552e-05
8.67475e-05
8.69436e-05
8.71402e-05
8.73365e-05
8.75324e-05
8.77277e-05
8.79217e-05
8.81142e-05
8.8305e-05
8.84938e-05
8.86803e-05
8.88641e-05
8.90451e-05
8.92232e-05
8.93981e-05
8.95695e-05
8.97373e-05
8.99014e-05
9.00617e-05
9.02186e-05
9.03716e-05
9.05205e-05
9.06654e-05
9.08064e-05
9.09434e-05
9.10755e-05
9.12018e-05
9.13257e-05
9.14533e-05
9.15719e-05
9.16859e-05
9.1796e-05
9.19028e-05
9.20067e-05
9.21077e-05
9.22038e-05
9.41291e-06
2.0067e-05
3.58205e-05
3.1355e-05
3.18125e-05
5.51086e-05
6.37665e-05
6.46553e-05
7.54521e-05
9.37875e-05
0.000104593
0.000109608
0.000109537
0.000108746
0.000107833
0.000107054
0.000106619
0.000106686
0.000107084
0.000107603
0.00010809
0.000108372
0.000108475
0.000108515
0.000108539
0.00010862
0.000108767
0.000108943
0.000109114
0.000109266
0.000109408
0.000109556
0.000109716
0.000109884
0.000110057
0.000110233
0.000110413
0.000110597
0.000110787
0.000110981
0.000111178
0.000111379
0.000111583
0.00011179
0.000111999
0.000112211
0.000112423
0.000112637
0.000112851
0.000113066
0.000113281
0.000113494
0.000113707
0.000113919
0.000114129
0.000114336
0.000114542
0.000114744
0.000114944
0.00011514
0.000115333
0.000115522
0.000115707
0.000115888
0.000116064
0.000116236
0.000116404
0.000116567
0.000116725
0.000116878
0.000117027
0.00011717
0.000117307
0.000117437
0.000117564
0.000117694
0.000117815
0.00011793
0.000118041
0.000118146
0.000118248
0.000118345
0.000118436
1.88255e-05
3.46333e-05
5.31997e-05
4.84768e-05
5.41376e-05
7.76531e-05
8.08553e-05
8.51989e-05
0.00010371
0.000124075
0.000134945
0.000138273
0.00013744
0.000136186
0.000135119
0.00013441
0.000134176
0.000134449
0.000134971
0.000135524
0.000135964
0.000136167
0.000136214
0.00013624
0.00013628
0.000136393
0.000136566
0.000136755
0.000136932
0.000137089
0.000137242
0.000137403
0.000137577
0.000137759
0.000137944
0.000138132
0.000138325
0.000138523
0.000138726
0.000138933
0.000139144
0.000139358
0.000139576
0.000139797
0.00014002
0.000140245
0.000140471
0.000140698
0.000140926
0.000141154
0.000141382
0.000141609
0.000141834
0.000142058
0.00014228
0.000142499
0.000142716
0.000142929
0.000143139
0.000143345
0.000143548
0.000143746
0.000143939
0.000144127
0.00014431
0.000144488
0.000144661
0.000144828
0.00014499
0.000145146
0.000145295
0.000145439
0.000145574
0.000145701
0.000145822
0.000145947
0.000146064
0.000146172
0.000146275
0.000146371
0.000146461
0.000146546
0.000146622
3.47085e-05
5.51548e-05
7.38806e-05
7.00556e-05
8.49804e-05
9.95059e-05
9.95783e-05
0.000109289
0.000135134
0.000156472
0.000166815
0.000168633
0.000167183
0.000165566
0.000164424
0.000163834
0.00016381
0.000164265
0.000164874
0.000165423
0.000165792
0.000165909
0.000165905
0.000165923
0.000165984
0.000166128
0.000166322
0.00016652
0.000166699
0.000166861
0.000167023
0.000167196
0.000167382
0.000167575
0.00016777
0.000167969
0.000168173
0.000168382
0.000168597
0.000168815
0.000169037
0.000169263
0.000169492
0.000169724
0.000169958
0.000170194
0.000170431
0.000170669
0.000170908
0.000171146
0.000171384
0.000171621
0.000171856
0.000172089
0.000172319
0.000172547
0.000172771
0.000172992
0.000173208
0.000173421
0.000173628
0.000173831
0.000174028
0.000174219
0.000174404
0.000174583
0.000174756
0.000174923
0.000175082
0.000175235
0.00017538
0.000175517
0.000175645
0.000175761
0.00017587
0.00017598
0.000176085
0.000176179
0.000176265
0.000176343
0.000176413
0.000176475
0.000176527
5.51173e-05
8.11492e-05
9.68842e-05
9.55369e-05
0.000115881
0.000120379
0.000120285
0.000136817
0.000168468
0.000190483
0.000200133
0.00020072
0.000198785
0.00019691
0.000195752
0.0001953
0.000195472
0.000196074
0.000196735
0.000197254
0.000197542
0.000197576
0.000197528
0.000197543
0.000197628
0.000197801
0.000198013
0.000198217
0.000198398
0.000198564
0.000198735
0.00019892
0.000199117
0.000199321
0.000199526
0.000199736
0.00019995
0.00020017
0.000200395
0.000200624
0.000200857
0.000201093
0.000201332
0.000201574
0.000201818
0.000202064
0.000202311
0.000202558
0.000202806
0.000203053
0.000203299
0.000203543
0.000203785
0.000204025
0.000204262
0.000204495
0.000204724
0.000204949
0.000205169
0.000205384
0.000205594
0.000205797
0.000205994
0.000206184
0.000206367
0.000206543
0.000206711
0.000206871
0.000207023
0.000207166
0.000207301
0.000207425
0.000207537
0.000207635
0.000207723
0.000207807
0.000207891
0.000207962
0.000208022
0.00020807
0.000208108
0.000208135
0.00020815
7.72808e-05
0.000108913
0.000121375
0.000124679
0.000144747
0.000140898
0.000143321
0.000167494
0.000203342
0.000226111
0.000235157
0.000234804
0.000232436
0.00023043
0.000229288
0.000228976
0.000229316
0.000230031
0.000230714
0.000231186
0.00023139
0.000231347
0.000231263
0.000231281
0.00023139
0.000231591
0.000231819
0.000232027
0.00023221
0.00023238
0.000232561
0.000232759
0.000232968
0.000233182
0.000233398
0.000233618
0.000233843
0.000234074
0.00023431
0.000234549
0.000234792
0.000235038
0.000235288
0.000235539
0.000235793
0.000236047
0.000236303
0.000236558
0.000236813
0.000237067
0.00023732
0.00023757
0.000237818
0.000238062
0.000238303
0.000238539
0.00023877
0.000238996
0.000239216
0.00023943
0.000239637
0.000239837
0.000240029
0.000240213
0.000240388
0.000240555
0.000240712
0.000240859
0.000240996
0.000241122
0.000241237
0.000241339
0.000241427
0.000241497
0.000241553
0.000241598
0.00024165
0.000241683
0.000241704
0.000241709
0.0002417
0.000241676
0.000241637
0.000100212
0.000135256
0.000146868
0.000157924
0.000170881
0.000161827
0.000169083
0.000201065
0.000240139
0.000263622
0.000272247
0.000271258
0.000268486
0.000266435
0.000265323
0.000265137
0.000265615
0.00026641
0.000267092
0.000267508
0.000267629
0.000267518
0.000267407
0.00026743
0.000267564
0.00026779
0.000268031
0.000268244
0.000268428
0.000268605
0.000268796
0.000269006
0.000269228
0.000269453
0.000269679
0.00026991
0.000270146
0.000270388
0.000270634
0.000270884
0.000271137
0.000271393
0.000271652
0.000271912
0.000272174
0.000272436
0.000272699
0.000272961
0.000273221
0.000273481
0.000273738
0.000273991
0.000274241
0.000274487
0.000274728
0.000274963
0.000275192
0.000275415
0.00027563
0.000275838
0.000276037
0.000276227
0.000276407
0.000276578
0.000276738
0.000276887
0.000277024
0.000277149
0.000277261
0.00027736
0.000277445
0.000277513
0.000277563
0.000277593
0.000277602
0.000123848
0.00016019
0.000173278
0.000196439
0.000194925
0.000184008
0.000197829
0.000237334
0.00027926
0.0003034
0.00031179
0.000310436
0.000307321
0.000305262
0.000304183
0.000304103
0.000304688
0.000305534
0.000306198
0.000306553
0.000306598
0.000306428
0.000306297
0.000306326
0.000306483
0.000306732
0.000306984
0.000307201
0.000307387
0.000307571
0.000307773
0.000307997
0.00030823
0.000308466
0.000308703
0.000308944
0.000309191
0.000309444
0.0003097
0.000309959
0.000310221
0.000310486
0.000310752
0.00031102
0.000311288
0.000311556
0.000311823
0.000312089
0.000312352
0.000312613
0.00031287
0.000313123
0.000313371
0.000313614
0.000313849
0.000314078
0.000314299
0.000314511
0.000314714
0.000314908
0.000315091
0.000315263
0.000315423
0.00031557
0.000315704
0.000315824
0.00031593
0.00031602
0.000316094
0.000316151
0.00031619
0.000316209
0.000316205
0.000316175
0.00031612
0.000148642
0.000184349
0.00020075
0.000231914
0.000217644
0.000208132
0.000229759
0.000276563
0.000321054
0.000345853
0.0003542
0.000352676
0.00034933
0.000347231
0.000346187
0.000346188
0.00034685
0.000347725
0.000348359
0.000348653
0.000348627
0.000348407
0.000348262
0.000348297
0.000348476
0.000348745
0.000349007
0.000349226
0.000349415
0.000349606
0.00034982
0.000350055
0.0003503
0.000350546
0.000350793
0.000351044
0.000351301
0.000351563
0.000351828
0.000352095
0.000352364
0.000352634
0.000352906
0.000353177
0.000353448
0.000353718
0.000353986
0.000354251
0.000354512
0.00035477
0.000355022
0.000355268
0.000355507
0.000355738
0.000355961
0.000356174
0.000356378
0.000356571
0.000356752
0.000356921
0.000357076
0.000357218
0.000357344
0.000357454
0.000357548
0.000357625
0.000357682
0.000357721
0.000357739
0.000357735
0.000357709
0.000357657
0.000357576
0.000357464
0.000357321
0.000175304
0.000208397
0.00022987
0.000263444
0.000240138
0.000234806
0.000265273
0.000319057
0.000365819
0.000391328
0.000399777
0.000398223
0.000394793
0.000392619
0.00039161
0.000391669
0.000392381
0.000393266
0.000393864
0.000394099
0.000394012
0.000393748
0.000393593
0.000393636
0.000393833
0.000394118
0.000394388
0.00039461
0.000394802
0.000394999
0.000395223
0.00039547
0.000395725
0.000395979
0.000396234
0.000396493
0.000396758
0.000397026
0.000397297
0.000397569
0.000397841
0.000398114
0.000398386
0.000398657
0.000398926
0.000399192
0.000399454
0.000399712
0.000399964
0.00040021
0.000400448
0.000400678
0.000400899
0.000401109
0.000401309
0.000401496
0.00040167
0.00040183
0.000401976
0.000402105
0.000402218
0.000402313
0.000402388
0.000402444
0.000402479
0.000402491
0.00040248
0.000402444
0.000402383
0.000402294
0.000402176
0.000402026
0.000401841
0.000401618
0.000401356
0.000204672
0.000232848
0.000261706
0.000292
0.000263371
0.000264613
0.000304897
0.000365056
0.000413799
0.000440076
0.000448731
0.000447273
0.000443867
0.000441643
0.000440669
0.000440765
0.000441506
0.000442387
0.000442943
0.000443125
0.000442984
0.000442686
0.000442523
0.000442572
0.000442784
0.000443082
0.000443358
0.000443581
0.000443775
0.000443978
0.00044421
0.000444466
0.000444729
0.00044499
0.00044525
0.000445514
0.000445783
0.000446054
0.000446326
0.000446598
0.000446868
0.000447138
0.000447405
0.000447669
0.000447928
0.000448183
0.000448431
0.000448672
0.000448905
0.000449129
0.000449342
0.000449544
0.000449734
0.00044991
0.000450071
0.000450217
0.000450346
0.000450456
0.000450548
0.00045062
0.00045067
0.000450697
0.0004507
0.000450678
0.000450629
0.000450553
0.000450446
0.000450308
0.000450138
0.000449933
0.000449692
0.00044941
0.000449085
0.000448714
0.000448297
0.000237628
0.000257888
0.00029852
0.000318561
0.000288312
0.000298195
0.000348866
0.000414701
0.000465169
0.000492244
0.00050119
0.000499946
0.000496639
0.000494442
0.000493501
0.000493619
0.000494371
0.000495236
0.00049575
0.000495884
0.000495698
0.000495373
0.000495205
0.000495259
0.000495482
0.00049579
0.000496069
0.000496293
0.000496487
0.000496693
0.000496932
0.000497193
0.00049746
0.000497724
0.000497985
0.00049825
0.000498518
0.000498787
0.000499054
0.000499319
0.000499581
0.000499839
0.000500093
0.00050034
0.00050058
0.000500812
0.000501035
0.000501248
0.000501449
0.000501637
0.000501812
0.000501971
0.000502113
0.000502237
0.000502342
0.000502427
0.00050249
0.00050253
0.000502546
0.000502536
0.000502499
0.000502432
0.000502335
0.000502206
0.000502044
0.000501847
0.000501611
0.000501337
0.000501022
0.000500663
0.000500258
0.000499804
0.000499296
0.000498733
0.000498115
0.000274998
0.000283119
0.000334174
0.000344008
0.000315817
0.000336011
0.000397159
0.000468058
0.000520014
0.000547883
0.000557193
0.000556283
0.000553167
0.000551053
0.000550154
0.000550284
0.000551034
0.000551873
0.000552344
0.000552435
0.000552214
0.000551869
0.0005517
0.000551756
0.000551988
0.000552301
0.000552581
0.000552803
0.000552995
0.000553202
0.000553443
0.000553706
0.000553973
0.000554233
0.000554491
0.00055475
0.00055501
0.000555269
0.000555524
0.000555774
0.000556018
0.000556255
0.000556483
0.000556703
0.000556911
0.000557108
0.000557292
0.000557461
0.000557614
0.000557749
0.000557866
0.000557962
0.000558037
0.000558088
0.000558114
0.000558115
0.000558087
0.00055803
0.000557942
0.000557822
0.000557666
0.000557474
0.000557244
0.000556974
0.000556662
0.000556305
0.000555901
0.000555449
0.000554945
0.000554387
0.000553772
0.000553095
0.000552354
0.000551546
0.000550673
0.000317592
0.000307632
0.000371393
0.000369406
0.000346533
0.000378369
0.000449827
0.000525088
0.00057832
0.00060695
0.000616684
0.000616219
0.000613391
0.000611412
0.000610571
0.000610708
0.000611442
0.000612248
0.000612675
0.00061273
0.000612483
0.000612127
0.00061196
0.000612017
0.000612252
0.000612567
0.000612844
0.000613061
0.000613249
0.000613453
0.000613691
0.00061395
0.000614209
0.000614461
0.000614707
0.000614953
0.000615197
0.000615437
0.000615669
0.000615892
0.000616106
0.000616309
0.0006165
0.000616676
0.000616838
0.000616983
0.000617109
0.000617216
0.000617301
0.000617363
0.0006174
0.00061741
0.000617392
0.000617344
0.000617264
0.000617151
0.000617002
0.000616816
0.000616592
0.000616325
0.000616016
0.00061566
0.000615257
0.000614803
0.000614298
0.000613737
0.000613117
0.000612437
0.000611693
0.000610883
0.000610001
0.000609045
0.00060801
0.000606895
0.0006057
0.000366472
0.000345865
0.000408867
0.000395884
0.000380895
0.000425415
0.000506797
0.000585645
0.000639974
0.000669304
0.000679515
0.000679562
0.000677117
0.000675332
0.000674573
0.000674714
0.000675424
0.000676188
0.000676571
0.000676596
0.000676332
0.000675974
0.00067581
0.000675867
0.0006761
0.000676412
0.000676682
0.000676892
0.000677072
0.000677267
0.000677495
0.000677743
0.000677988
0.000678222
0.000678448
0.00067867
0.000678887
0.000679095
0.000679292
0.000679475
0.000679644
0.000679798
0.000679934
0.00068005
0.000680145
0.000680217
0.000680265
0.000680287
0.00068028
0.000680243
0.000680173
0.000680069
0.000679929
0.000679751
0.000679532
0.000679271
0.000678965
0.000678613
0.000678212
0.000677759
0.000677251
0.000676687
0.000676063
0.000675378
0.000674627
0.000673808
0.000672917
0.000671952
0.000670908
0.000669782
0.000668569
0.000667265
0.000665866
0.000664371
0.000662779
0.000422474
0.000393417
0.000450566
0.000424551
0.000419425
0.000477436
0.000567815
0.000649488
0.00070473
0.000734708
0.000745497
0.000745989
0.000744017
0.000742487
0.000741838
0.000741986
0.000742662
0.000743377
0.000743717
0.000743717
0.000743446
0.000743093
0.000742934
0.000742988
0.000743215
0.000743518
0.000743776
0.000743973
0.000744139
0.00074432
0.000744531
0.000744758
0.000744979
0.000745185
0.000745378
0.000745564
0.00074574
0.000745903
0.000746048
0.000746175
0.000746281
0.000746366
0.000746426
0.00074646
0.000746466
0.000746442
0.000746386
0.000746295
0.000746167
0.000746
0.000745792
0.000745541
0.000745244
0.000744898
0.000744501
0.000744052
0.000743547
0.000742983
0.000742359
0.000741671
0.000740915
0.00074009
0.000739191
0.000738216
0.00073716
0.000736021
0.000734794
0.000733475
0.000732061
0.000730547
0.000728927
0.000727197
0.000725353
0.000723392
0.000721313
0.00048628
0.000451493
0.000495243
0.000456252
0.000462422
0.00053429
0.000632461
0.000716239
0.000772165
0.000802709
0.000814223
0.000815032
0.00081361
0.000812393
0.000811884
0.000812043
0.000812679
0.000813339
0.000813636
0.000813613
0.000813346
0.000813006
0.000812846
0.000812893
0.00081311
0.000813396
0.000813636
0.000813814
0.00081396
0.000814117
0.000814301
0.000814495
0.00081468
0.000814844
0.000814991
0.000815125
0.000815244
0.000815343
0.000815418
0.000815467
0.000815489
0.000815481
0.000815442
0.000815368
0.000815257
0.000815107
0.000814915
0.000814679
0.000814397
0.000814065
0.000813681
0.000813242
0.000812746
0.000812189
0.00081157
0.000810884
0.00081013
0.000809303
0.000808402
0.000807422
0.000806359
0.00080521
0.000803972
0.00080264
0.000801211
0.00079968
0.000798041
0.000796291
0.000794426
0.000792439
0.000790324
0.000788077
0.000785694
0.000783168
0.000780498
0.000558075
0.000523199
0.000539452
0.000491215
0.000510013
0.000595506
0.00070019
0.000785348
0.000841622
0.000872521
0.000884597
0.000886045
0.000885235
0.000884379
0.000884034
0.000884209
0.000884801
0.000885403
0.000885664
0.000885608
0.00088535
0.000885042
0.000884863
0.0008849
0.000885097
0.000885358
0.000885572
0.000885723
0.000885839
0.000885962
0.000886106
0.000886255
0.000886387
0.000886494
0.000886577
0.000886639
0.00088668
0.000886692
0.000886674
0.000886621
0.000886532
0.000886404
0.000886235
0.000886021
0.000885761
0.00088545
0.000885087
0.000884667
0.00088419
0.00088365
0.000883045
0.000882372
0.000881629
0.00088081
0.000879914
0.000878937
0.000877875
0.000876725
0.000875483
0.000874144
0.000872706
0.000871162
0.00086951
0.000867745
0.000865861
0.000863853
0.000861716
0.000859445
0.000857034
0.000854477
0.000851767
0.000848898
0.000845865
0.000842661
0.000839279
0.000636928
0.00059139
0.000580844
0.000529512
0.000562147
0.000660542
0.000770324
0.000856124
0.000912338
0.00094337
0.00095601
0.000958246
0.000958033
0.000957558
0.000957382
0.000957578
0.000958121
0.000958657
0.000958874
0.000958788
0.000958536
0.000958245
0.000958064
0.000958086
0.000958254
0.000958479
0.000958656
0.000958768
0.000958843
0.000958919
0.000959007
0.000959092
0.000959153
0.000959182
0.000959178
0.000959147
0.000959083
0.000958983
0.000958842
0.000958657
0.000958425
0.000958144
0.000957809
0.000957418
0.000956968
0.000956455
0.000955877
0.000955228
0.000954507
0.000953709
0.000952832
0.00095187
0.000950821
0.000949681
0.000948445
0.000947111
0.000945674
0.000944129
0.000942472
0.000940699
0.000938805
0.000936783
0.000934631
0.000932342
0.000929909
0.000927328
0.000924592
0.000921695
0.00091863
0.00091539
0.000911968
0.000908356
0.000904548
0.000900535
0.000721581
0.000657143
0.000620843
0.000571211
0.000618557
0.000728659
0.000842039
0.000927717
0.000983445
0.00101442
0.00102769
0.0010309
0.00103097
0.00103083
0.00103075
0.00103097
0.00103145
0.00103191
0.00103208
0.00103197
0.00103171
0.00103143
0.00103124
0.00103124
0.00103137
0.00103155
0.00103167
0.00103173
0.00103175
0.00103176
0.00103177
0.00103177
0.00103174
0.00103166
0.00103155
0.00103139
0.00103119
0.00103095
0.00103065
0.0010303
0.00102988
0.00102941
0.00102886
0.00102825
0.00102757
0.0010268
0.00102595
0.00102502
0.001024
0.00102289
0.00102167
0.00102036
0.00101894
0.0010174
0.00101576
0.00101399
0.0010121
0.00101007
0.00100792
0.00100562
0.00100318
0.00100058
0.000997826
0.000994909
0.00099182
0.000988553
0.000985101
0.000981457
0.000977613
0.00097356
0.000969291
0.000964796
0.000960068
0.000955098
0.000809431
0.000721723
0.000661504
0.00061653
0.000678772
0.000798944
0.000914327
0.000998979
0.00105362
0.00108418
0.00109786
0.00110189
0.00110262
0.00110263
0.00110263
0.00110286
0.00110329
0.00110366
0.00110377
0.00110364
0.00110337
0.00110306
0.00110286
0.00110282
0.0011029
0.00110301
0.00110306
0.00110305
0.00110299
0.00110291
0.00110282
0.00110271
0.00110255
0.00110234
0.00110208
0.00110177
0.0011014
0.00110097
0.00110047
0.0010999
0.00109926
0.00109854
0.00109774
0.00109685
0.00109587
0.00109479
0.00109362
0.00109234
0.00109095
0.00108945
0.00108783
0.00108608
0.00108421
0.0010822
0.00108005
0.00107776
0.00107532
0.00107273
0.00106997
0.00106704
0.00106394
0.00106066
0.00105719
0.00105352
0.00104965
0.00104557
0.00104126
0.00103673
0.00103196
0.00102695
0.00102168
0.00101614
0.00101032
0.00100422
0.000895154
0.000784819
0.000704023
0.000665392
0.000742109
0.000870325
0.000986004
0.00106858
0.0011213
0.0011509
0.00116463
0.00116929
0.0011706
0.00117094
0.0011711
0.00117135
0.0011717
0.00117197
0.00117201
0.00117184
0.00117154
0.0011712
0.00117096
0.00117087
0.00117087
0.00117089
0.00117085
0.00117074
0.00117058
0.00117038
0.00117016
0.0011699
0.00116958
0.0011692
0.00116875
0.00116823
0.00116764
0.00116698
0.00116623
0.0011654
0.00116447
0.00116345
0.00116232
0.0011611
0.00115976
0.0011583
0.00115672
0.00115502
0.00115318
0.00115121
0.00114909
0.00114683
0.00114441
0.00114183
0.00113909
0.00113617
0.00113307
0.00112979
0.00112631
0.00112263
0.00111875
0.00111465
0.00111032
0.00110577
0.00110097
0.00109592
0.00109061
0.00108503
0.00107917
0.00107302
0.00106657
0.0010598
0.00105271
0.00104528
0.00100032
0.000849477
0.000748958
0.000717528
0.000807706
0.000941565
0.00105568
0.00113489
0.00118467
0.0012126
0.00122596
0.00123101
0.0012328
0.00123346
0.00123376
0.00123401
0.00123426
0.00123442
0.00123436
0.00123413
0.00123378
0.0012334
0.00123312
0.00123294
0.00123283
0.00123273
0.00123256
0.00123233
0.00123202
0.00123167
0.00123127
0.00123082
0.0012303
0.00122969
0.00122901
0.00122823
0.00122737
0.00122641
0.00122535
0.00122419
0.00122291
0.00122152
0.00122
0.00121835
0.00121657
0.00121465
0.00121258
0.00121037
0.00120799
0.00120545
0.00120274
0.00119985
0.00119677
0.00119351
0.00119005
0.00118638
0.0011825
0.0011784
0.00117407
0.0011695
0.00116468
0.00115962
0.00115428
0.00114867
0.00114278
0.00113659
0.0011301
0.00112329
0.00111614
0.00110866
0.00110082
0.00109261
0.00108402
0.00107503
0.00112174
0.000918511
0.00079695
0.00077252
0.000874482
0.00101126
0.00112171
0.00119599
0.0012416
0.00126696
0.00127931
0.00128438
0.00128641
0.0012873
0.00128769
0.0012879
0.00128802
0.00128803
0.00128785
0.00128753
0.00128711
0.00128668
0.0012863
0.001286
0.00128574
0.00128547
0.00128514
0.00128473
0.00128424
0.00128368
0.00128306
0.00128236
0.00128158
0.00128069
0.0012797
0.00127861
0.00127741
0.00127609
0.00127464
0.00127307
0.00127136
0.0012695
0.0012675
0.00126535
0.00126303
0.00126055
0.00125789
0.00125505
0.00125202
0.0012488
0.00124537
0.00124173
0.00123788
0.0012338
0.00122948
0.00122492
0.00122011
0.00121504
0.0012097
0.00120407
0.00119816
0.00119195
0.00118543
0.00117858
0.0011714
0.00116388
0.00115599
0.00114774
0.00113909
0.00113005
0.00112059
0.00111069
0.00110035
0.00108954
0.00126304
0.000997136
0.000848192
0.000829721
0.000941155
0.00107781
0.00118225
0.00124971
0.00128959
0.00131118
0.00132167
0.00132616
0.00132809
0.00132896
0.00132929
0.00132937
0.00132933
0.00132915
0.00132882
0.00132838
0.00132786
0.00132732
0.00132682
0.00132635
0.00132588
0.00132539
0.00132483
0.00132418
0.00132344
0.00132262
0.00132171
0.0013207
0.00131958
0.00131834
0.00131698
0.00131549
0.00131386
0.00131209
0.00131017
0.00130809
0.00130585
0.00130344
0.00130086
0.00129808
0.00129512
0.00129196
0.00128859
0.001285
0.00128119
0.00127715
0.00127287
0.00126834
0.00126355
0.0012585
0.00125317
0.00124755
0.00124164
0.00123542
0.00122889
0.00122203
0.00121483
0.00120727
0.00119935
0.00119106
0.00118238
0.00117329
0.00116378
0.00115383
0.00114344
0.00113258
0.00112124
0.00110939
0.00109702
0.00108411
0.00143309
0.0010889
0.000902526
0.000888311
0.00100627
0.00113942
0.00123515
0.0012935
0.00132575
0.00134201
0.00134945
0.0013525
0.00135373
0.00135419
0.00135422
0.00135404
0.00135373
0.00135331
0.00135279
0.00135219
0.00135153
0.00135085
0.00135016
0.00134946
0.00134873
0.00134794
0.00134708
0.00134611
0.00134505
0.00134388
0.0013426
0.00134119
0.00133965
0.00133796
0.00133613
0.00133414
0.00133199
0.00132967
0.00132716
0.00132447
0.00132159
0.0013185
0.00131521
0.00131169
0.00130795
0.00130397
0.00129974
0.00129526
0.00129052
0.00128551
0.00128021
0.00127463
0.00126874
0.00126253
0.00125601
0.00124915
0.00124194
0.00123438
0.00122644
0.00121813
0.00120942
0.0012003
0.00119075
0.00118077
0.00117033
0.00115942
0.00114803
0.00113614
0.00112372
0.00111076
0.00109724
0.00108314
0.00106844
0.00105312
0.00162096
0.00119189
0.000959554
0.00094729
0.00106818
0.00119408
0.00127797
0.00132444
0.00134669
0.00135565
0.00135845
0.00135887
0.00135854
0.00135797
0.00135729
0.00135659
0.00135586
0.00135512
0.00135435
0.00135355
0.00135272
0.00135184
0.0013509
0.0013499
0.00134883
0.00134767
0.0013464
0.00134503
0.00134353
0.0013419
0.00134014
0.00133822
0.00133615
0.0013339
0.00133149
0.00132888
0.00132608
0.00132308
0.00131987
0.00131644
0.00131277
0.00130887
0.00130472
0.00130031
0.00129563
0.00129068
0.00128544
0.0012799
0.00127405
0.00126789
0.00126139
0.00125456
0.00124737
0.00123982
0.00123189
0.00122357
0.00121485
0.00120572
0.00119615
0.00118615
0.00117568
0.00116474
0.00115331
0.00114137
0.00112892
0.00111592
0.00110236
0.00108822
0.00107348
0.00105812
0.00104212
0.00102546
0.00100811
0.000990045
0.00181595
0.00130335
0.0010189
0.00100546
0.00112508
0.00123951
0.00130792
0.00133921
0.00134857
0.00134776
0.00134387
0.00134005
0.00133692
0.00133441
0.00133239
0.00133075
0.00132935
0.00132812
0.00132702
0.00132597
0.00132491
0.0013238
0.00132257
0.0013212
0.00131969
0.00131805
0.00131627
0.00131437
0.00131231
0.0013101
0.00130771
0.00130514
0.0013024
0.00129945
0.00129631
0.00129294
0.00128935
0.00128552
0.00128145
0.00127712
0.00127251
0.00126763
0.00126246
0.00125699
0.0012512
0.0012451
0.00123865
0.00123186
0.00122472
0.0012172
0.0012093
0.00120101
0.0011923
0.00118318
0.00117362
0.00116361
0.00115314
0.00114219
0.00113074
0.00111878
0.0011063
0.00109327
0.00107969
0.00106552
0.00105075
0.00103537
0.00101935
0.00100267
0.000985315
0.000967255
0.00094847
0.000928937
0.000908631
0.000887529
0.00201505
0.00142076
0.00107974
0.00106144
0.00117493
0.00127316
0.00132183
0.00133406
0.00132707
0.00131345
0.00130028
0.0012901
0.00128249
0.00127674
0.00127245
0.00126921
0.00126672
0.00126475
0.00126317
0.00126179
0.00126046
0.00125907
0.0012575
0.00125571
0.00125368
0.00125145
0.00124905
0.00124647
0.00124371
0.00124074
0.00123756
0.00123417
0.00123057
0.00122676
0.00122271
0.00121841
0.00121385
0.00120902
0.0012039
0.00119849
0.00119277
0.00118672
0.00118035
0.00117362
0.00116653
0.00115907
0.00115122
0.00114298
0.00113432
0.00112523
0.00111571
0.00110573
0.00109528
0.00108435
0.00107293
0.00106098
0.00104851
0.00103549
0.00102191
0.00100774
0.000992977
0.000977597
0.000961581
0.000944912
0.00092757
0.000909536
0.000890789
0.000871309
0.000851072
0.000830058
0.000808243
0.000785602
0.000762113
0.000737751
0.00221885
0.00154084
0.00114096
0.00111361
0.00121546
0.00129213
0.00131618
0.00130481
0.00127736
0.0012473
0.0012217
0.00120247
0.00118816
0.00117743
0.00116952
0.00116374
0.00115949
0.00115636
0.00115405
0.0011522
0.00115054
0.00114885
0.00114691
0.00114466
0.00114207
0.00113916
0.001136
0.00113261
0.00112897
0.00112507
0.0011209
0.00111648
0.00111181
0.0011069
0.00110174
0.0010963
0.00109057
0.00108453
0.00107817
0.00107148
0.00106444
0.00105703
0.00104924
0.00104106
0.00103246
0.00102344
0.00101398
0.00100407
0.000993687
0.00098282
0.000971455
0.000959576
0.000947168
0.000934213
0.000920696
0.000906599
0.000891905
0.000876596
0.000860653
0.00084406
0.000826797
0.000808845
0.000790187
0.000770804
0.000750679
0.000729796
0.00070814
0.000685693
0.000662439
0.00063836
0.000613438
0.000587647
0.000560959
0.000533346
0.00242832
0.0016593
0.00120138
0.00116015
0.00124412
0.00129324
0.00128707
0.0012469
0.00119429
0.00114356
0.00110176
0.0010702
0.00104644
0.00102848
0.00101519
0.00100552
0.000998556
0.000993607
0.000990135
0.000987578
0.000985472
0.000983432
0.000981137
0.000978424
0.000975254
0.000971643
0.000967646
0.00096329
0.000958615
0.000953598
0.00094824
0.000942566
0.000936599
0.000930347
0.000923812
0.000917004
0.00090987
0.000902398
0.000894576
0.000886386
0.00087781
0.000868831
0.000859429
0.000849587
0.000839291
0.000828519
0.000817257
0.000805488
0.000793199
0.000780373
0.000766996
0.000753052
0.000738526
0.000723401
0.00070766
0.000691285
0.000674258
0.000656559
0.000638168
0.000619065
0.000599225
0.00057862
0.000557224
0.000535008
0.00051195
0.000488029
0.000463232
0.000437555
0.000411007
0.000383619
0.000355441
0.000326544
0.000297034
0.000267189
0.00264376
0.00177672
0.00125975
0.00119899
0.00125809
0.00127301
0.0012304
0.00115566
0.00107267
0.000996597
0.000934395
0.000886699
0.000850278
0.000822365
0.000801488
0.000786206
0.000775215
0.000767501
0.000762232
0.000758568
0.0007558
0.000753338
0.000750685
0.000747567
0.000743877
0.000739601
0.000734783
0.000729439
0.000723596
0.000717314
0.000710589
0.000703458
0.000695965
0.000688136
0.000679982
0.000671516
0.000662749
0.000653616
0.000644104
0.000634194
0.000623866
0.000613097
0.000601864
0.000590144
0.000577916
0.000565163
0.000551857
0.000537982
0.000523521
0.000508461
0.000492787
0.00047649
0.000459563
0.000442001
0.000423804
0.000404975
0.000385528
0.000365479
0.000344893
0.000323847
0.000302384
0.000280549
0.000258393
0.000235973
0.000213357
0.000190623
0.000167877
0.000145273
0.000123058
0.000101609
8.14586e-05
6.32469e-05
4.75879e-05
3.49319e-05
0.00286489
0.00189363
0.00131444
0.00122779
0.0012544
0.0012279
0.00114229
0.00102715
0.000908625
0.000802661
0.000715889
0.000648098
0.000595563
0.000554702
0.000523709
0.000500755
0.000484129
0.000472443
0.000464529
0.000459217
0.000455506
0.000452546
0.000449618
0.00044628
0.000442315
0.000437637
0.000432257
0.000426169
0.000419377
0.000411941
0.000403972
0.000395509
0.000386624
0.000377383
0.000367833
0.000358001
0.000347947
0.000337679
0.000327136
0.000316317
0.000305217
0.000293831
0.000282153
0.000270182
0.000257916
0.000245358
0.000232515
0.000219385
0.000205985
0.000192334
0.000178458
0.000164393
0.00015019
0.000135918
0.000121663
0.000107548
9.37423e-05
8.04506e-05
6.79072e-05
5.63489e-05
4.59838e-05
3.69605e-05
2.93424e-05
2.31008e-05
1.8126e-05
1.42541e-05
1.12975e-05
9.07156e-06
7.41206e-06
6.18267e-06
5.27542e-06
4.60713e-06
4.11363e-06
3.75454e-06
0.00309115
0.00200921
0.0013638
0.00124411
0.00123026
0.00115552
0.00102206
0.000864371
0.000711221
0.000579115
0.000473316
0.000391546
0.000328715
0.000280159
0.000243307
0.000215923
0.000196075
0.00018223
0.000173084
0.000167323
0.000163802
0.000161535
0.000159673
0.000157661
0.000155183
0.000152077
0.000148301
0.000143819
0.000138625
0.00013275
0.000126338
0.00011955
0.000112475
0.000105217
9.78697e-05
9.05216e-05
8.32566e-05
7.6202e-05
6.93805e-05
6.27895e-05
5.64762e-05
5.04826e-05
4.48449e-05
3.95951e-05
3.47566e-05
3.0344e-05
2.63662e-05
2.28188e-05
1.96864e-05
1.69511e-05
1.45876e-05
1.25649e-05
1.0849e-05
9.40478e-06
8.19719e-06
7.19368e-06
6.36411e-06
5.68145e-06
5.122e-06
4.6667e-06
4.29661e-06
3.99624e-06
3.75339e-06
3.55797e-06
3.4016e-06
3.27729e-06
3.17918e-06
3.10244e-06
3.04305e-06
2.99771e-06
2.96364e-06
2.93853e-06
2.92049e-06
2.90801e-06
0.0033218
0.00212271
0.00140606
0.00124568
0.00118409
0.00105701
0.000876938
0.000684931
0.000512273
0.00037372
0.000269305
0.000191813
0.000133721
9.11854e-05
6.22076e-05
4.39521e-05
3.29912e-05
2.65741e-05
2.29006e-05
2.08486e-05
1.97554e-05
1.92016e-05
1.88909e-05
1.86345e-05
1.83183e-05
1.78789e-05
1.72939e-05
1.65555e-05
1.56746e-05
1.4678e-05
1.36082e-05
1.25291e-05
1.14818e-05
1.04897e-05
9.56961e-06
8.73113e-06
7.9784e-06
7.31079e-06
6.73206e-06
6.22525e-06
5.77975e-06
5.38911e-06
5.04716e-06
4.74808e-06
4.48659e-06
4.25807e-06
4.05854e-06
3.8848e-06
3.73354e-06
3.60206e-06
3.48817e-06
3.38996e-06
3.30567e-06
3.23372e-06
3.17269e-06
3.1213e-06
3.07838e-06
3.04287e-06
3.01378e-06
2.99024e-06
2.97143e-06
2.95663e-06
2.94523e-06
2.93666e-06
2.93045e-06
2.92618e-06
2.92349e-06
2.92207e-06
2.92167e-06
2.92208e-06
2.92313e-06
2.92468e-06
2.92661e-06
2.92884e-06
0.00355543
0.00223323
0.00143954
0.00123089
0.00111646
0.000938178
0.000721221
0.00051284
0.000342213
0.000215816
0.000125371
6.52809e-05
3.20766e-05
1.69425e-05
1.03544e-05
7.34884e-06
5.86625e-06
5.08654e-06
4.66174e-06
4.42761e-06
4.30203e-06
4.23911e-06
4.20923e-06
4.19358e-06
4.17979e-06
4.15962e-06
4.12841e-06
4.08318e-06
4.02311e-06
3.94941e-06
3.86523e-06
3.77485e-06
3.68418e-06
3.59617e-06
3.51299e-06
3.43608e-06
3.36633e-06
3.30413e-06
3.24942e-06
3.20264e-06
3.16201e-06
3.12681e-06
3.09648e-06
3.07045e-06
3.04822e-06
3.02931e-06
3.0133e-06
2.99983e-06
2.9886e-06
2.9793e-06
2.97168e-06
2.96553e-06
2.96066e-06
2.95692e-06
2.95414e-06
2.9522e-06
2.95097e-06
2.95034e-06
2.95023e-06
2.95055e-06
2.95122e-06
2.95219e-06
2.9534e-06
2.95481e-06
2.95639e-06
2.95809e-06
2.95991e-06
2.96182e-06
2.9638e-06
2.96584e-06
2.96794e-06
2.97008e-06
2.97227e-06
2.97449e-06
0.00146272
0.00119918
0.0010304
0.000808198
0.000570384
0.000365203
0.000211154
0.000103969
4.17462e-05
1.67193e-05
8.30323e-06
5.33753e-06
4.15357e-06
3.62464e-06
3.36817e-06
3.23641e-06
3.16605e-06
3.12749e-06
3.1064e-06
3.09531e-06
3.08983e-06
3.08735e-06
3.08614e-06
3.08497e-06
3.083e-06
3.07959e-06
3.07441e-06
3.06741e-06
3.05889e-06
3.04933e-06
3.03932e-06
3.02953e-06
3.02032e-06
3.01196e-06
3.00457e-06
2.99824e-06
2.99294e-06
2.98863e-06
2.98527e-06
2.98264e-06
2.98065e-06
2.9792e-06
2.97822e-06
2.97763e-06
2.97737e-06
2.97738e-06
2.97764e-06
2.97809e-06
2.97871e-06
2.97947e-06
2.98036e-06
2.98135e-06
2.98244e-06
2.9836e-06
2.98482e-06
2.9861e-06
2.98744e-06
2.98881e-06
2.99023e-06
2.99167e-06
2.99315e-06
2.99466e-06
2.99619e-06
2.99775e-06
2.99933e-06
3.00094e-06
3.00257e-06
3.00421e-06
3.00588e-06
3.00757e-06
3.00929e-06
3.01102e-06
0.00147438
0.00115123
0.000930901
0.000676997
0.000435675
0.000247096
0.000114406
3.89463e-05
1.31652e-05
6.30425e-06
4.23118e-06
3.49938e-06
3.21677e-06
3.09963e-06
3.04858e-06
3.02539e-06
3.01446e-06
3.00912e-06
3.00646e-06
3.00516e-06
3.00458e-06
3.00439e-06
3.0044e-06
3.00449e-06
3.00458e-06
3.00459e-06
3.00449e-06
3.00425e-06
3.0039e-06
3.00349e-06
3.00308e-06
3.00273e-06
3.00249e-06
3.0024e-06
3.00246e-06
3.00267e-06
3.00303e-06
3.0035e-06
3.00408e-06
3.00474e-06
3.00546e-06
3.00624e-06
3.00707e-06
3.00793e-06
3.00882e-06
3.00973e-06
3.01067e-06
3.01162e-06
3.0126e-06
3.01359e-06
3.0146e-06
3.01562e-06
3.01666e-06
3.01772e-06
3.0188e-06
3.01989e-06
3.02099e-06
3.02211e-06
3.02325e-06
3.0244e-06
3.02556e-06
3.02675e-06
3.02794e-06
3.02916e-06
3.03038e-06
3.03163e-06
3.03289e-06
3.03416e-06
3.03545e-06
3.03676e-06
3.03808e-06
3.03942e-06
0.00147369
0.00108886
0.000823928
0.000552864
0.000322117
0.000155285
5.14536e-05
1.43591e-05
6.03848e-06
3.96926e-06
3.3384e-06
3.12765e-06
3.056e-06
3.03202e-06
3.02441e-06
3.02252e-06
3.02254e-06
3.0231e-06
3.02372e-06
3.02425e-06
3.02466e-06
3.02497e-06
3.02521e-06
3.0254e-06
3.02558e-06
3.02575e-06
3.02595e-06
3.0262e-06
3.02649e-06
3.02685e-06
3.02728e-06
3.02777e-06
3.02834e-06
3.02897e-06
3.02966e-06
3.03038e-06
3.03114e-06
3.03193e-06
3.03272e-06
3.03352e-06
3.03431e-06
3.03511e-06
3.0359e-06
3.03669e-06
3.03748e-06
3.03827e-06
3.03906e-06
3.03985e-06
3.04064e-06
3.04144e-06
3.04224e-06
3.04305e-06
3.04387e-06
3.0447e-06
3.04553e-06
3.04638e-06
3.04724e-06
3.04811e-06
3.04899e-06
3.04987e-06
3.05078e-06
3.05169e-06
3.05261e-06
3.05355e-06
3.05449e-06
3.05545e-06
3.05642e-06
3.05741e-06
3.0584e-06
3.05941e-06
3.06042e-06
3.06145e-06
0.00146041
0.00101482
0.000715273
0.000441098
0.000229525
8.65594e-05
2.13975e-05
6.95725e-06
4.06161e-06
3.32833e-06
3.11757e-06
3.0575e-06
3.04244e-06
3.04035e-06
3.04163e-06
3.04353e-06
3.04527e-06
3.04668e-06
3.04776e-06
3.04855e-06
3.04913e-06
3.04954e-06
3.04983e-06
3.05005e-06
3.05021e-06
3.05036e-06
3.05051e-06
3.0507e-06
3.05093e-06
3.05122e-06
3.05157e-06
3.05197e-06
3.05245e-06
3.05297e-06
3.05354e-06
3.05414e-06
3.05477e-06
3.05542e-06
3.05608e-06
3.05674e-06
3.0574e-06
3.05804e-06
3.05869e-06
3.05932e-06
3.05996e-06
3.06059e-06
3.06121e-06
3.06184e-06
3.06246e-06
3.06309e-06
3.06371e-06
3.06434e-06
3.06498e-06
3.06562e-06
3.06627e-06
3.06692e-06
3.06758e-06
3.06825e-06
3.06893e-06
3.06961e-06
3.07031e-06
3.07101e-06
3.07172e-06
3.07244e-06
3.07317e-06
3.07391e-06
3.07465e-06
3.07541e-06
3.07617e-06
3.07695e-06
3.07773e-06
3.07852e-06
0.00143474
0.000932431
0.000610014
0.000344375
0.000154792
4.25974e-05
1.01704e-05
4.56939e-06
3.41925e-06
3.13912e-06
3.06974e-06
3.05569e-06
3.05546e-06
3.05808e-06
3.06084e-06
3.06315e-06
3.06498e-06
3.06638e-06
3.06745e-06
3.06824e-06
3.06883e-06
3.06926e-06
3.06957e-06
3.06979e-06
3.06996e-06
3.07009e-06
3.07021e-06
3.07035e-06
3.0705e-06
3.07069e-06
3.07092e-06
3.0712e-06
3.07153e-06
3.0719e-06
3.07232e-06
3.07277e-06
3.07324e-06
3.07374e-06
3.07425e-06
3.07478e-06
3.0753e-06
3.07582e-06
3.07633e-06
3.07684e-06
3.07734e-06
3.07784e-06
3.07834e-06
3.07884e-06
3.07933e-06
3.07982e-06
3.08031e-06
3.0808e-06
3.08129e-06
3.08178e-06
3.08228e-06
3.08279e-06
3.0833e-06
3.08382e-06
3.08434e-06
3.08486e-06
3.0854e-06
3.08594e-06
3.08648e-06
3.08704e-06
3.0876e-06
3.08816e-06
3.08874e-06
3.08932e-06
3.08991e-06
3.0905e-06
3.0911e-06
3.09171e-06
0.00139727
0.000845007
0.000511582
0.000262608
9.59805e-05
2.04826e-05
6.07409e-06
3.68929e-06
3.19556e-06
3.08795e-06
3.06795e-06
3.06757e-06
3.07076e-06
3.07402e-06
3.07672e-06
3.07885e-06
3.08051e-06
3.08178e-06
3.08276e-06
3.0835e-06
3.08407e-06
3.08449e-06
3.0848e-06
3.08503e-06
3.0852e-06
3.08534e-06
3.08545e-06
3.08555e-06
3.08566e-06
3.08579e-06
3.08594e-06
3.08613e-06
3.08634e-06
3.0866e-06
3.08689e-06
3.08721e-06
3.08756e-06
3.08793e-06
3.08832e-06
3.08872e-06
3.08913e-06
3.08954e-06
3.08995e-06
3.09035e-06
3.09075e-06
3.09115e-06
3.09154e-06
3.09193e-06
3.09232e-06
3.09271e-06
3.09309e-06
3.09347e-06
3.09386e-06
3.09424e-06
3.09463e-06
3.09502e-06
3.09541e-06
3.09581e-06
3.09621e-06
3.09662e-06
3.09703e-06
3.09744e-06
3.09786e-06
3.09829e-06
3.09872e-06
3.09915e-06
3.09959e-06
3.10004e-06
3.10049e-06
3.10095e-06
3.10141e-06
3.10188e-06
0.00134887
0.000755572
0.000422602
0.000194066
5.42099e-05
1.09205e-05
4.44136e-06
3.33671e-06
3.11926e-06
3.08014e-06
3.07706e-06
3.08029e-06
3.08389e-06
3.08689e-06
3.08926e-06
3.09112e-06
3.09257e-06
3.09371e-06
3.09459e-06
3.09527e-06
3.0958e-06
3.0962e-06
3.09651e-06
3.09674e-06
3.09691e-06
3.09705e-06
3.09716e-06
3.09725e-06
3.09734e-06
3.09743e-06
3.09754e-06
3.09766e-06
3.0978e-06
3.09797e-06
3.09817e-06
3.0984e-06
3.09864e-06
3.09891e-06
3.0992e-06
3.0995e-06
3.09981e-06
3.10013e-06
3.10045e-06
3.10077e-06
3.10108e-06
3.1014e-06
3.10171e-06
3.10202e-06
3.10233e-06
3.10263e-06
3.10294e-06
3.10324e-06
3.10354e-06
3.10384e-06
3.10414e-06
3.10444e-06
3.10475e-06
3.10505e-06
3.10536e-06
3.10568e-06
3.10599e-06
3.10631e-06
3.10664e-06
3.10696e-06
3.10729e-06
3.10763e-06
3.10797e-06
3.10831e-06
3.10866e-06
3.10901e-06
3.10936e-06
3.10972e-06
0.00129054
0.000666501
0.000343923
0.000136874
2.91954e-05
6.83793e-06
3.72903e-06
3.19177e-06
3.09694e-06
3.08508e-06
3.0874e-06
3.09121e-06
3.09448e-06
3.09706e-06
3.09909e-06
3.10069e-06
3.10195e-06
3.10294e-06
3.10373e-06
3.10435e-06
3.10483e-06
3.10521e-06
3.1055e-06
3.10573e-06
3.1059e-06
3.10604e-06
3.10615e-06
3.10624e-06
3.10631e-06
3.10639e-06
3.10647e-06
3.10656e-06
3.10665e-06
3.10677e-06
3.1069e-06
3.10706e-06
3.10723e-06
3.10742e-06
3.10762e-06
3.10784e-06
3.10808e-06
3.10832e-06
3.10856e-06
3.10881e-06
3.10906e-06
3.10931e-06
3.10956e-06
3.1098e-06
3.11005e-06
3.11029e-06
3.11053e-06
3.11077e-06
3.11101e-06
3.11124e-06
3.11148e-06
3.11171e-06
3.11195e-06
3.11219e-06
3.11243e-06
3.11267e-06
3.11292e-06
3.11317e-06
3.11342e-06
3.11367e-06
3.11393e-06
3.11418e-06
3.11445e-06
3.11471e-06
3.11498e-06
3.11525e-06
3.11553e-06
3.1158e-06
0.00122268
0.0005809
0.000275384
9.0579e-05
1.62448e-05
4.98928e-06
3.4001e-06
3.13378e-06
3.09423e-06
3.09286e-06
3.09654e-06
3.10008e-06
3.10288e-06
3.10507e-06
3.10678e-06
3.10814e-06
3.10922e-06
3.11008e-06
3.11077e-06
3.11132e-06
3.11176e-06
3.11211e-06
3.11239e-06
3.1126e-06
3.11278e-06
3.11291e-06
3.11302e-06
3.11311e-06
3.11318e-06
3.11325e-06
3.11331e-06
3.11338e-06
3.11345e-06
3.11353e-06
3.11362e-06
3.11373e-06
3.11385e-06
3.11398e-06
3.11413e-06
3.11428e-06
3.11445e-06
3.11463e-06
3.11481e-06
3.115e-06
3.1152e-06
3.11539e-06
3.11558e-06
3.11578e-06
3.11597e-06
3.11616e-06
3.11635e-06
3.11654e-06
3.11673e-06
3.11692e-06
3.1171e-06
3.11729e-06
3.11747e-06
3.11766e-06
3.11785e-06
3.11804e-06
3.11823e-06
3.11842e-06
3.11862e-06
3.11881e-06
3.11901e-06
3.11921e-06
3.11941e-06
3.11962e-06
3.11983e-06
3.12004e-06
3.12025e-06
3.12047e-06
0.00114535
0.000500754
0.000216007
5.61436e-05
9.9292e-06
4.09282e-06
3.24472e-06
3.11288e-06
3.09817e-06
3.10047e-06
3.10411e-06
3.10713e-06
3.10949e-06
3.11132e-06
3.11276e-06
3.1139e-06
3.11481e-06
3.11554e-06
3.11613e-06
3.11661e-06
3.117e-06
3.11731e-06
3.11756e-06
3.11776e-06
3.11792e-06
3.11805e-06
3.11816e-06
3.11824e-06
3.11832e-06
3.11838e-06
3.11844e-06
3.11849e-06
3.11855e-06
3.11861e-06
3.11867e-06
3.11874e-06
3.11883e-06
3.11892e-06
3.11902e-06
3.11913e-06
3.11924e-06
3.11937e-06
3.1195e-06
3.11964e-06
3.11978e-06
3.11993e-06
3.12008e-06
3.12023e-06
3.12038e-06
3.12052e-06
3.12067e-06
3.12082e-06
3.12096e-06
3.12111e-06
3.12126e-06
3.1214e-06
3.12154e-06
3.12169e-06
3.12183e-06
3.12198e-06
3.12212e-06
3.12227e-06
3.12242e-06
3.12257e-06
3.12273e-06
3.12288e-06
3.12304e-06
3.1232e-06
3.12336e-06
3.12352e-06
3.12368e-06
3.12385e-06
0.00106188
0.000427117
0.000164537
3.34986e-05
6.80373e-06
3.63545e-06
3.17159e-06
3.10757e-06
3.10372e-06
3.107e-06
3.11021e-06
3.11271e-06
3.11466e-06
3.11619e-06
3.11738e-06
3.11833e-06
3.11909e-06
3.11971e-06
3.12021e-06
3.12062e-06
3.12096e-06
3.12123e-06
3.12146e-06
3.12164e-06
3.12179e-06
3.12191e-06
3.12201e-06
3.1221e-06
3.12217e-06
3.12223e-06
3.12228e-06
3.12233e-06
3.12238e-06
3.12242e-06
3.12247e-06
3.12253e-06
3.12258e-06
3.12265e-06
3.12272e-06
3.12279e-06
3.12287e-06
3.12296e-06
3.12306e-06
3.12316e-06
3.12326e-06
3.12337e-06
3.12348e-06
3.12359e-06
3.12371e-06
3.12382e-06
3.12394e-06
3.12405e-06
3.12417e-06
3.12428e-06
3.12439e-06
3.12451e-06
3.12462e-06
3.12473e-06
3.12485e-06
3.12496e-06
3.12507e-06
3.12519e-06
3.1253e-06
3.12542e-06
3.12554e-06
3.12566e-06
3.12578e-06
3.12591e-06
3.12603e-06
3.12616e-06
3.12628e-06
3.12641e-06
0.000975148
0.000360398
0.000120374
2.01639e-05
5.18763e-06
3.39414e-06
3.13833e-06
3.10847e-06
3.1091e-06
3.11236e-06
3.11506e-06
3.11712e-06
3.11874e-06
3.12001e-06
3.12101e-06
3.12181e-06
3.12246e-06
3.12299e-06
3.12342e-06
3.12378e-06
3.12408e-06
3.12432e-06
3.12452e-06
3.12469e-06
3.12483e-06
3.12495e-06
3.12505e-06
3.12513e-06
3.1252e-06
3.12525e-06
3.12531e-06
3.12535e-06
3.12539e-06
3.12543e-06
3.12547e-06
3.12552e-06
3.12556e-06
3.12561e-06
3.12566e-06
3.12571e-06
3.12577e-06
3.12583e-06
3.1259e-06
3.12598e-06
3.12605e-06
3.12614e-06
3.12622e-06
3.12631e-06
3.1264e-06
3.12649e-06
3.12658e-06
3.12667e-06
3.12676e-06
3.12686e-06
3.12695e-06
3.12704e-06
3.12713e-06
3.12722e-06
3.12731e-06
3.1274e-06
3.12749e-06
3.12759e-06
3.12768e-06
3.12777e-06
3.12787e-06
3.12796e-06
3.12806e-06
3.12815e-06
3.12825e-06
3.12835e-06
3.12845e-06
3.12855e-06
0.000887551
0.000300664
8.38373e-05
1.27791e-05
4.31132e-06
3.26512e-06
3.12434e-06
3.11152e-06
3.11378e-06
3.11668e-06
3.11893e-06
3.12064e-06
3.122e-06
3.12306e-06
3.1239e-06
3.12459e-06
3.12515e-06
3.12561e-06
3.12598e-06
3.1263e-06
3.12656e-06
3.12678e-06
3.12697e-06
3.12712e-06
3.12725e-06
3.12736e-06
3.12745e-06
3.12753e-06
3.1276e-06
3.12766e-06
3.12771e-06
3.12775e-06
3.12779e-06
3.12783e-06
3.12786e-06
3.1279e-06
3.12793e-06
3.12797e-06
3.12801e-06
3.12805e-06
3.12809e-06
3.12814e-06
3.12819e-06
3.12824e-06
3.1283e-06
3.12836e-06
3.12842e-06
3.12849e-06
3.12856e-06
3.12863e-06
3.1287e-06
3.12877e-06
3.12884e-06
3.12892e-06
3.12899e-06
3.12906e-06
3.12914e-06
3.12921e-06
3.12928e-06
3.12936e-06
3.12943e-06
3.1295e-06
3.12958e-06
3.12965e-06
3.12973e-06
3.1298e-06
3.12988e-06
3.12995e-06
3.13003e-06
3.13011e-06
3.13019e-06
3.13027e-06
0.000800969
0.000247401
5.56891e-05
8.73637e-06
3.81761e-06
3.19616e-06
3.11953e-06
3.11503e-06
3.11769e-06
3.12017e-06
3.12204e-06
3.12349e-06
3.12463e-06
3.12553e-06
3.12625e-06
3.12683e-06
3.12731e-06
3.12771e-06
3.12805e-06
3.12832e-06
3.12856e-06
3.12875e-06
3.12892e-06
3.12906e-06
3.12918e-06
3.12928e-06
3.12937e-06
3.12944e-06
3.12951e-06
3.12956e-06
3.12961e-06
3.12965e-06
3.12969e-06
3.12972e-06
3.12976e-06
3.12979e-06
3.12982e-06
3.12985e-06
3.12988e-06
3.12991e-06
3.12994e-06
3.12998e-06
3.13001e-06
3.13005e-06
3.1301e-06
3.13014e-06
3.13019e-06
3.13024e-06
3.13029e-06
3.13034e-06
3.1304e-06
3.13045e-06
3.13051e-06
3.13057e-06
3.13063e-06
3.13069e-06
3.13074e-06
3.1308e-06
3.13086e-06
3.13092e-06
3.13098e-06
3.13104e-06
3.1311e-06
3.13116e-06
3.13122e-06
3.13128e-06
3.13134e-06
3.1314e-06
3.13146e-06
3.13152e-06
3.13158e-06
3.13164e-06
0.00071676
0.000199922
3.59173e-05
6.47898e-06
3.53204e-06
3.15981e-06
3.11894e-06
3.11835e-06
3.1209e-06
3.12299e-06
3.12458e-06
3.12582e-06
3.12678e-06
3.12754e-06
3.12816e-06
3.12866e-06
3.12908e-06
3.12943e-06
3.12972e-06
3.12996e-06
3.13017e-06
3.13035e-06
3.1305e-06
3.13063e-06
3.13074e-06
3.13083e-06
3.13091e-06
3.13098e-06
3.13104e-06
3.1311e-06
3.13114e-06
3.13118e-06
3.13122e-06
3.13125e-06
3.13128e-06
3.13131e-06
3.13134e-06
3.13136e-06
3.13139e-06
3.13141e-06
3.13144e-06
3.13147e-06
3.1315e-06
3.13153e-06
3.13156e-06
3.13159e-06
3.13163e-06
3.13167e-06
3.1317e-06
3.13175e-06
3.13179e-06
3.13183e-06
3.13188e-06
3.13192e-06
3.13197e-06
3.13201e-06
3.13206e-06
3.13211e-06
3.13216e-06
3.1322e-06
3.13225e-06
3.1323e-06
3.13235e-06
3.13239e-06
3.13244e-06
3.13249e-06
3.13254e-06
3.13259e-06
3.13264e-06
3.13269e-06
3.13274e-06
3.13279e-06
0.000635947
0.000157654
2.31477e-05
5.17731e-06
3.36442e-06
3.14123e-06
3.12016e-06
3.12127e-06
3.12354e-06
3.12533e-06
3.12669e-06
3.12774e-06
3.12856e-06
3.12922e-06
3.12976e-06
3.13021e-06
3.13058e-06
3.13089e-06
3.13116e-06
3.13138e-06
3.13157e-06
3.13174e-06
3.13188e-06
3.13201e-06
3.13211e-06
3.1322e-06
3.13228e-06
3.13235e-06
3.13241e-06
3.13246e-06
3.13251e-06
3.13255e-06
3.13258e-06
3.13261e-06
3.13264e-06
3.13267e-06
3.13269e-06
3.13272e-06
3.13274e-06
3.13276e-06
3.13278e-06
3.1328e-06
3.13283e-06
3.13285e-06
3.13287e-06
3.1329e-06
3.13293e-06
3.13296e-06
3.13299e-06
3.13302e-06
3.13305e-06
3.13308e-06
3.13312e-06
3.13316e-06
3.13319e-06
3.13323e-06
3.13327e-06
3.13331e-06
3.13334e-06
3.13338e-06
3.13342e-06
3.13346e-06
3.1335e-06
3.13354e-06
3.13358e-06
3.13361e-06
3.13365e-06
3.13369e-06
3.13373e-06
3.13377e-06
3.13381e-06
3.13384e-06
0.00055929
0.000120312
1.53419e-05
4.40211e-06
3.26554e-06
3.13226e-06
3.12203e-06
3.12377e-06
3.12576e-06
3.1273e-06
3.12847e-06
3.12939e-06
3.13012e-06
3.13071e-06
3.1312e-06
3.13161e-06
3.13196e-06
3.13226e-06
3.13252e-06
3.13274e-06
3.13294e-06
3.1331e-06
3.13325e-06
3.13338e-06
3.13349e-06
3.13359e-06
3.13367e-06
3.13375e-06
3.13381e-06
3.13386e-06
3.13391e-06
3.13395e-06
3.13399e-06
3.13402e-06
3.13405e-06
3.13408e-06
3.1341e-06
3.13412e-06
3.13414e-06
3.13416e-06
3.13418e-06
3.1342e-06
3.13422e-06
3.13424e-06
3.13426e-06
3.13428e-06
3.1343e-06
3.13431e-06
3.13432e-06
3.13433e-06
3.13434e-06
3.13437e-06
3.1344e-06
3.13443e-06
3.13446e-06
3.13449e-06
3.13452e-06
3.13455e-06
3.13458e-06
3.13462e-06
3.13465e-06
3.13468e-06
3.13472e-06
3.13475e-06
3.13478e-06
3.13481e-06
3.13484e-06
3.13487e-06
3.1349e-06
3.13493e-06
3.13496e-06
3.13499e-06
0.000487244
8.82572e-05
1.06739e-05
3.92812e-06
3.20732e-06
3.12843e-06
3.12403e-06
3.12592e-06
3.12769e-06
3.12904e-06
3.1301e-06
3.13094e-06
3.13165e-06
3.13224e-06
3.13276e-06
3.13321e-06
3.13361e-06
3.13397e-06
3.1343e-06
3.13459e-06
3.13484e-06
3.13506e-06
3.13526e-06
3.13543e-06
3.13558e-06
3.13571e-06
3.13582e-06
3.13591e-06
3.13599e-06
3.13606e-06
3.13612e-06
3.13617e-06
3.13621e-06
3.13624e-06
3.13626e-06
3.13629e-06
3.1363e-06
3.13631e-06
3.13633e-06
3.13633e-06
3.13634e-06
3.13635e-06
3.13635e-06
3.13636e-06
3.13637e-06
3.13637e-06
3.13638e-06
3.13639e-06
3.1364e-06
3.13641e-06
3.13642e-06
3.13644e-06
3.13646e-06
3.13647e-06
3.13649e-06
3.13651e-06
3.13653e-06
3.13655e-06
3.13658e-06
3.1366e-06
3.13662e-06
3.13664e-06
3.13666e-06
3.13668e-06
3.13669e-06
3.13671e-06
3.13672e-06
3.13673e-06
3.13674e-06
3.13675e-06
3.13676e-06
3.13676e-06
0.000420224
6.21972e-05
7.87407e-06
3.63296e-06
3.17336e-06
3.12729e-06
3.12596e-06
3.12785e-06
3.12944e-06
3.13069e-06
3.1317e-06
3.13254e-06
3.13326e-06
3.13388e-06
3.13441e-06
3.13488e-06
3.13528e-06
3.13563e-06
3.13593e-06
3.13619e-06
3.13641e-06
3.13659e-06
3.13675e-06
3.13688e-06
3.13699e-06
3.13708e-06
3.13715e-06
3.13722e-06
3.13727e-06
3.13731e-06
3.13734e-06
3.13737e-06
3.13738e-06
3.1374e-06
3.1374e-06
3.13741e-06
3.13741e-06
3.13742e-06
3.13742e-06
3.13742e-06
3.13742e-06
3.13742e-06
3.13742e-06
3.13742e-06
3.13741e-06
3.13741e-06
3.13741e-06
3.13741e-06
3.13741e-06
3.13741e-06
3.13741e-06
3.13741e-06
3.13741e-06
3.13741e-06
3.13742e-06
3.13742e-06
3.13742e-06
3.13742e-06
3.13743e-06
3.13743e-06
3.13743e-06
3.13743e-06
3.13743e-06
3.13744e-06
3.13744e-06
3.13744e-06
3.13744e-06
3.13743e-06
3.13743e-06
3.13743e-06
3.13742e-06
3.13742e-06
0.000358466
4.247e-05
6.16686e-06
3.44711e-06
3.15389e-06
3.12753e-06
3.12782e-06
3.12964e-06
3.13113e-06
3.13232e-06
3.13329e-06
3.1341e-06
3.13479e-06
3.13536e-06
3.13585e-06
3.13625e-06
3.13659e-06
3.13686e-06
3.13709e-06
3.13727e-06
3.13742e-06
3.13754e-06
3.13764e-06
3.13771e-06
3.13778e-06
3.13782e-06
3.13786e-06
3.13789e-06
3.13791e-06
3.13793e-06
3.13794e-06
3.13795e-06
3.13796e-06
3.13796e-06
3.13797e-06
3.13797e-06
3.13796e-06
3.13796e-06
3.13796e-06
3.13795e-06
3.13795e-06
3.13794e-06
3.13794e-06
3.13793e-06
3.13792e-06
3.13792e-06
3.13791e-06
3.13791e-06
3.1379e-06
3.13789e-06
3.13789e-06
3.13788e-06
3.13787e-06
3.13787e-06
3.13786e-06
3.13786e-06
3.13785e-06
3.13785e-06
3.13784e-06
3.13784e-06
3.13783e-06
3.13782e-06
3.13782e-06
3.13781e-06
3.13781e-06
3.1378e-06
3.13779e-06
3.13778e-06
3.13778e-06
3.13777e-06
3.13776e-06
3.13775e-06
0.000301907
2.8591e-05
5.10103e-06
3.32957e-06
3.14309e-06
3.12849e-06
3.12961e-06
3.13136e-06
3.13274e-06
3.13385e-06
3.13474e-06
3.13547e-06
3.13607e-06
3.13656e-06
3.13695e-06
3.13726e-06
3.1375e-06
3.1377e-06
3.13785e-06
3.13796e-06
3.13805e-06
3.13812e-06
3.13818e-06
3.13822e-06
3.13825e-06
3.13828e-06
3.13829e-06
3.13831e-06
3.13832e-06
3.13832e-06
3.13832e-06
3.13832e-06
3.13832e-06
3.13832e-06
3.13832e-06
3.13831e-06
3.13831e-06
3.1383e-06
3.13829e-06
3.13828e-06
3.13827e-06
3.13826e-06
3.13826e-06
3.13825e-06
3.13824e-06
3.13823e-06
3.13822e-06
3.13821e-06
3.1382e-06
3.13819e-06
3.13818e-06
3.13817e-06
3.13816e-06
3.13815e-06
3.13814e-06
3.13813e-06
3.13812e-06
3.13811e-06
3.1381e-06
3.13809e-06
3.13808e-06
3.13807e-06
3.13806e-06
3.13805e-06
3.13804e-06
3.13803e-06
3.13802e-06
3.13801e-06
3.138e-06
3.13799e-06
3.13797e-06
3.13796e-06
0.000250311
1.939e-05
4.42135e-06
3.2552e-06
3.13745e-06
3.12984e-06
3.13133e-06
3.13294e-06
3.1342e-06
3.1352e-06
3.13598e-06
3.1366e-06
3.13708e-06
3.13746e-06
3.13775e-06
3.13797e-06
3.13813e-06
3.13826e-06
3.13835e-06
3.13842e-06
3.13847e-06
3.13851e-06
3.13854e-06
3.13856e-06
3.13858e-06
3.13859e-06
3.13859e-06
3.13859e-06
3.13859e-06
3.13859e-06
3.13859e-06
3.13858e-06
3.13858e-06
3.13857e-06
3.13856e-06
3.13855e-06
3.13854e-06
3.13853e-06
3.13852e-06
3.13851e-06
3.1385e-06
3.13849e-06
3.13847e-06
3.13846e-06
3.13845e-06
3.13844e-06
3.13843e-06
3.13841e-06
3.1384e-06
3.13839e-06
3.13838e-06
3.13836e-06
3.13835e-06
3.13834e-06
3.13833e-06
3.13832e-06
3.1383e-06
3.13829e-06
3.13828e-06
3.13827e-06
3.13825e-06
3.13824e-06
3.13823e-06
3.13821e-06
3.1382e-06
3.13819e-06
3.13817e-06
3.13816e-06
3.13815e-06
3.13813e-06
3.13812e-06
3.1381e-06
0.000203341
1.35141e-05
3.98038e-06
3.20842e-06
3.13484e-06
3.13131e-06
3.13291e-06
3.13437e-06
3.13548e-06
3.13633e-06
3.13699e-06
3.13748e-06
3.13785e-06
3.13812e-06
3.13832e-06
3.13847e-06
3.13857e-06
3.13865e-06
3.13871e-06
3.13875e-06
3.13878e-06
3.1388e-06
3.13881e-06
3.13882e-06
3.13882e-06
3.13882e-06
3.13882e-06
3.13882e-06
3.13881e-06
3.1388e-06
3.13879e-06
3.13878e-06
3.13877e-06
3.13876e-06
3.13875e-06
3.13874e-06
3.13872e-06
3.13871e-06
3.1387e-06
3.13868e-06
3.13867e-06
3.13865e-06
3.13864e-06
3.13862e-06
3.13861e-06
3.13859e-06
3.13858e-06
3.13856e-06
3.13855e-06
3.13854e-06
3.13852e-06
3.13851e-06
3.13849e-06
3.13848e-06
3.13846e-06
3.13845e-06
3.13843e-06
3.13842e-06
3.1384e-06
3.13839e-06
3.13837e-06
3.13836e-06
3.13834e-06
3.13833e-06
3.13831e-06
3.13829e-06
3.13828e-06
3.13826e-06
3.13825e-06
3.13823e-06
3.13821e-06
3.13819e-06
0.0001607
9.81728e-06
3.69081e-06
3.1793e-06
3.13396e-06
3.13278e-06
3.13433e-06
3.13561e-06
3.13656e-06
3.13727e-06
3.13778e-06
3.13815e-06
3.13842e-06
3.13861e-06
3.13875e-06
3.13884e-06
3.13891e-06
3.13896e-06
3.13899e-06
3.13901e-06
3.13903e-06
3.13903e-06
3.13904e-06
3.13904e-06
3.13904e-06
3.13903e-06
3.13902e-06
3.13901e-06
3.139e-06
3.13899e-06
3.13898e-06
3.13897e-06
3.13895e-06
3.13894e-06
3.13892e-06
3.13891e-06
3.13889e-06
3.13887e-06
3.13886e-06
3.13884e-06
3.13882e-06
3.13881e-06
3.13879e-06
3.13877e-06
3.13875e-06
3.13874e-06
3.13872e-06
3.1387e-06
3.13868e-06
3.13867e-06
3.13865e-06
3.13863e-06
3.13861e-06
3.1386e-06
3.13858e-06
3.13856e-06
3.13854e-06
3.13853e-06
3.13851e-06
3.13849e-06
3.13847e-06
3.13845e-06
3.13844e-06
3.13842e-06
3.1384e-06
3.13838e-06
3.13836e-06
3.13834e-06
3.13833e-06
3.13831e-06
3.13829e-06
3.13827e-06
0.000122433
7.48579e-06
3.49935e-06
3.16146e-06
3.13403e-06
3.13415e-06
3.13558e-06
3.13667e-06
3.13746e-06
3.13802e-06
3.13841e-06
3.13868e-06
3.13887e-06
3.139e-06
3.13909e-06
3.13915e-06
3.1392e-06
3.13923e-06
3.13925e-06
3.13926e-06
3.13927e-06
3.13927e-06
3.13927e-06
3.13927e-06
3.13926e-06
3.13925e-06
3.13924e-06
3.13923e-06
3.13922e-06
3.13921e-06
3.13919e-06
3.13917e-06
3.13916e-06
3.13914e-06
3.13912e-06
3.1391e-06
3.13908e-06
3.13907e-06
3.13905e-06
3.13903e-06
3.13901e-06
3.13898e-06
3.13896e-06
3.13894e-06
3.13892e-06
3.1389e-06
3.13888e-06
3.13886e-06
3.13884e-06
3.13882e-06
3.1388e-06
3.13878e-06
3.13875e-06
3.13873e-06
3.13871e-06
3.13869e-06
3.13867e-06
3.13865e-06
3.13863e-06
3.13861e-06
3.13859e-06
3.13856e-06
3.13854e-06
3.13852e-06
3.1385e-06
3.13848e-06
3.13846e-06
3.13843e-06
3.13841e-06
3.13839e-06
3.13837e-06
3.13834e-06
8.91952e-05
5.9979e-06
3.37271e-06
3.1508e-06
3.13466e-06
3.13541e-06
3.13666e-06
3.13757e-06
3.13819e-06
3.13862e-06
3.13891e-06
3.13911e-06
3.13924e-06
3.13934e-06
3.1394e-06
3.13945e-06
3.13948e-06
3.1395e-06
3.13952e-06
3.13953e-06
3.13954e-06
3.13954e-06
3.13954e-06
3.13953e-06
3.13953e-06
3.13952e-06
3.13951e-06
3.13949e-06
3.13948e-06
3.13946e-06
3.13944e-06
3.13942e-06
3.1394e-06
3.13938e-06
3.13936e-06
3.13934e-06
3.13932e-06
3.13929e-06
3.13927e-06
3.13924e-06
3.13922e-06
3.13919e-06
3.13917e-06
3.13914e-06
3.13912e-06
3.13909e-06
3.13907e-06
3.13904e-06
3.13902e-06
3.13899e-06
3.13897e-06
3.13894e-06
3.13891e-06
3.13889e-06
3.13886e-06
3.13884e-06
3.13881e-06
3.13879e-06
3.13876e-06
3.13874e-06
3.13871e-06
3.13868e-06
3.13866e-06
3.13863e-06
3.13861e-06
3.13858e-06
3.13855e-06
3.13853e-06
3.1385e-06
3.13847e-06
3.13845e-06
3.13842e-06
6.19274e-05
5.034e-06
3.28933e-06
3.14467e-06
3.13553e-06
3.13652e-06
3.13758e-06
3.13832e-06
3.13881e-06
3.13913e-06
3.13935e-06
3.1395e-06
3.1396e-06
3.13967e-06
3.13973e-06
3.13977e-06
3.1398e-06
3.13982e-06
3.13983e-06
3.13984e-06
3.13985e-06
3.13985e-06
3.13984e-06
3.13983e-06
3.13982e-06
3.13981e-06
3.13979e-06
3.13977e-06
3.13975e-06
3.13973e-06
3.13971e-06
3.13968e-06
3.13966e-06
3.13963e-06
3.1396e-06
3.13957e-06
3.13955e-06
3.13952e-06
3.13948e-06
3.13945e-06
3.13942e-06
3.13939e-06
3.13936e-06
3.13933e-06
3.1393e-06
3.13927e-06
3.13924e-06
3.13921e-06
3.13918e-06
3.13915e-06
3.13912e-06
3.13908e-06
3.13905e-06
3.13902e-06
3.13899e-06
3.13896e-06
3.13893e-06
3.1389e-06
3.13887e-06
3.13884e-06
3.13881e-06
3.13878e-06
3.13875e-06
3.13872e-06
3.13869e-06
3.13866e-06
3.13863e-06
3.13859e-06
3.13856e-06
3.13853e-06
3.1385e-06
3.13847e-06
4.13065e-05
4.40044e-06
3.23479e-06
3.14136e-06
3.13648e-06
3.1375e-06
3.13838e-06
3.13896e-06
3.13934e-06
3.13959e-06
3.13976e-06
3.13988e-06
3.13996e-06
3.14003e-06
3.14008e-06
3.14012e-06
3.14014e-06
3.14016e-06
3.14017e-06
3.14018e-06
3.14017e-06
3.14017e-06
3.14015e-06
3.14014e-06
3.14012e-06
3.14009e-06
3.14006e-06
3.14004e-06
3.14e-06
3.13997e-06
3.13994e-06
3.1399e-06
3.13987e-06
3.13983e-06
3.13979e-06
3.13975e-06
3.13972e-06
3.13968e-06
3.13964e-06
3.1396e-06
3.13956e-06
3.13952e-06
3.13949e-06
3.13945e-06
3.13941e-06
3.13937e-06
3.13934e-06
3.1393e-06
3.13926e-06
3.13923e-06
3.13919e-06
3.13915e-06
3.13912e-06
3.13908e-06
3.13905e-06
3.13901e-06
3.13898e-06
3.13894e-06
3.13891e-06
3.13887e-06
3.13884e-06
3.1388e-06
3.13877e-06
3.13873e-06
3.1387e-06
3.13866e-06
3.13863e-06
3.13859e-06
3.13856e-06
3.13852e-06
3.13849e-06
3.13845e-06
2.70268e-05
3.97923e-06
3.19947e-06
3.13976e-06
3.13743e-06
3.13836e-06
3.13908e-06
3.13954e-06
3.13984e-06
3.14004e-06
3.14018e-06
3.14028e-06
3.14036e-06
3.14042e-06
3.14046e-06
3.14049e-06
3.14051e-06
3.14052e-06
3.14052e-06
3.1405e-06
3.14049e-06
3.14046e-06
3.14043e-06
3.1404e-06
3.14036e-06
3.14031e-06
3.14027e-06
3.14022e-06
3.14018e-06
3.14013e-06
3.14008e-06
3.14003e-06
3.13998e-06
3.13993e-06
3.13988e-06
3.13983e-06
3.13978e-06
3.13973e-06
3.13968e-06
3.13964e-06
3.13959e-06
3.13954e-06
3.1395e-06
3.13945e-06
3.13941e-06
3.13936e-06
3.13932e-06
3.13927e-06
3.13923e-06
3.13919e-06
3.13915e-06
3.13911e-06
3.13906e-06
3.13902e-06
3.13898e-06
3.13894e-06
3.1389e-06
3.13886e-06
3.13883e-06
3.13879e-06
3.13875e-06
3.13871e-06
3.13867e-06
3.13863e-06
3.1386e-06
3.13856e-06
3.13852e-06
3.13848e-06
3.13845e-06
3.13841e-06
3.13837e-06
3.13833e-06
1.78238e-05
3.69716e-06
3.17691e-06
3.1392e-06
3.13832e-06
3.13913e-06
3.13971e-06
3.14008e-06
3.14032e-06
3.1405e-06
3.14062e-06
3.14071e-06
3.14078e-06
3.14083e-06
3.14086e-06
3.14087e-06
3.14087e-06
3.14085e-06
3.14082e-06
3.14078e-06
3.14074e-06
3.14069e-06
3.14063e-06
3.14057e-06
3.14051e-06
3.14044e-06
3.14038e-06
3.14031e-06
3.14024e-06
3.14017e-06
3.14011e-06
3.14004e-06
3.13997e-06
3.13991e-06
3.13984e-06
3.13978e-06
3.13972e-06
3.13966e-06
3.1396e-06
3.13954e-06
3.13948e-06
3.13943e-06
3.13937e-06
3.13932e-06
3.13927e-06
3.13922e-06
3.13917e-06
3.13912e-06
3.13907e-06
3.13902e-06
3.13897e-06
3.13893e-06
3.13888e-06
3.13883e-06
3.13879e-06
3.13875e-06
3.1387e-06
3.13866e-06
3.13862e-06
3.13858e-06
3.13853e-06
3.13849e-06
3.13845e-06
3.13841e-06
3.13837e-06
3.13833e-06
3.13829e-06
3.13825e-06
3.13821e-06
3.13817e-06
3.13814e-06
3.1381e-06
1.21475e-05
3.50772e-06
3.16274e-06
3.13924e-06
3.13916e-06
3.13984e-06
3.14031e-06
3.14062e-06
3.14083e-06
3.14098e-06
3.14109e-06
3.14117e-06
3.14121e-06
3.14123e-06
3.14123e-06
3.14121e-06
3.14117e-06
3.14112e-06
3.14106e-06
3.14098e-06
3.1409e-06
3.14082e-06
3.14073e-06
3.14064e-06
3.14055e-06
3.14046e-06
3.14037e-06
3.14028e-06
3.14019e-06
3.1401e-06
3.14002e-06
3.13993e-06
3.13985e-06
3.13977e-06
3.13969e-06
3.13962e-06
3.13954e-06
3.13947e-06
3.1394e-06
3.13933e-06
3.13926e-06
3.1392e-06
3.13913e-06
3.13907e-06
3.13901e-06
3.13895e-06
3.1389e-06
3.13884e-06
3.13879e-06
3.13873e-06
3.13868e-06
3.13863e-06
3.13858e-06
3.13853e-06
3.13848e-06
3.13843e-06
3.13838e-06
3.13834e-06
3.13829e-06
3.13825e-06
3.1382e-06
3.13816e-06
3.13812e-06
3.13807e-06
3.13803e-06
3.13799e-06
3.13795e-06
3.13791e-06
3.13786e-06
3.13782e-06
3.13778e-06
3.13774e-06
8.705e-06
3.38063e-06
3.15404e-06
3.13962e-06
3.13995e-06
3.14052e-06
3.14091e-06
3.14118e-06
3.14136e-06
3.14149e-06
3.14157e-06
3.14162e-06
3.14162e-06
3.1416e-06
3.14156e-06
3.14149e-06
3.1414e-06
3.14131e-06
3.1412e-06
3.14109e-06
3.14097e-06
3.14085e-06
3.14074e-06
3.14062e-06
3.1405e-06
3.14038e-06
3.14027e-06
3.14015e-06
3.14004e-06
3.13994e-06
3.13983e-06
3.13973e-06
3.13964e-06
3.13954e-06
3.13945e-06
3.13936e-06
3.13927e-06
3.13919e-06
3.13911e-06
3.13903e-06
3.13895e-06
3.13888e-06
3.13881e-06
3.13874e-06
3.13867e-06
3.1386e-06
3.13854e-06
3.13847e-06
3.13841e-06
3.13835e-06
3.1383e-06
3.13824e-06
3.13818e-06
3.13813e-06
3.13808e-06
3.13802e-06
3.13797e-06
3.13792e-06
3.13787e-06
3.13783e-06
3.13778e-06
3.13773e-06
3.13768e-06
3.13764e-06
3.13759e-06
3.13755e-06
3.1375e-06
3.13746e-06
3.13742e-06
3.13738e-06
3.13733e-06
3.13729e-06
6.61534e-06
3.29581e-06
3.14887e-06
3.14021e-06
3.14072e-06
3.1412e-06
3.14154e-06
3.14177e-06
3.14192e-06
3.14201e-06
3.14204e-06
3.14203e-06
3.14199e-06
3.14191e-06
3.14181e-06
3.14169e-06
3.14155e-06
3.14141e-06
3.14126e-06
3.14111e-06
3.14096e-06
3.1408e-06
3.14065e-06
3.14051e-06
3.14036e-06
3.14022e-06
3.14009e-06
3.13996e-06
3.13983e-06
3.1397e-06
3.13958e-06
3.13947e-06
3.13936e-06
3.13925e-06
3.13914e-06
3.13904e-06
3.13894e-06
3.13885e-06
3.13876e-06
3.13867e-06
3.13858e-06
3.1385e-06
3.13842e-06
3.13834e-06
3.13827e-06
3.13819e-06
3.13812e-06
3.13805e-06
3.13798e-06
3.13792e-06
3.13785e-06
3.13779e-06
3.13773e-06
3.13767e-06
3.13761e-06
3.13755e-06
3.1375e-06
3.13744e-06
3.13739e-06
3.13734e-06
3.13728e-06
3.13723e-06
3.13718e-06
3.13713e-06
3.13708e-06
3.13704e-06
3.13699e-06
3.13694e-06
3.1369e-06
3.13685e-06
3.13681e-06
3.13676e-06
5.3311e-06
3.23972e-06
3.14597e-06
3.14093e-06
3.14149e-06
3.1419e-06
3.14219e-06
3.14237e-06
3.14247e-06
3.1425e-06
3.14247e-06
3.1424e-06
3.14228e-06
3.14214e-06
3.14198e-06
3.1418e-06
3.14162e-06
3.14143e-06
3.14124e-06
3.14106e-06
3.14087e-06
3.14069e-06
3.14052e-06
3.14035e-06
3.14018e-06
3.14002e-06
3.13986e-06
3.13971e-06
3.13957e-06
3.13943e-06
3.1393e-06
3.13917e-06
3.13904e-06
3.13892e-06
3.1388e-06
3.13869e-06
3.13858e-06
3.13848e-06
3.13837e-06
3.13828e-06
3.13818e-06
3.13809e-06
3.138e-06
3.13791e-06
3.13783e-06
3.13774e-06
3.13766e-06
3.13759e-06
3.13751e-06
3.13744e-06
3.13737e-06
3.1373e-06
3.13723e-06
3.13716e-06
3.1371e-06
3.13703e-06
3.13697e-06
3.13691e-06
3.13685e-06
3.13679e-06
3.13674e-06
3.13668e-06
3.13663e-06
3.13657e-06
3.13652e-06
3.13647e-06
3.13642e-06
3.13637e-06
3.13632e-06
3.13627e-06
3.13622e-06
3.13617e-06
4.52959e-06
3.20358e-06
3.14451e-06
3.14173e-06
3.14228e-06
3.14262e-06
3.14286e-06
3.14298e-06
3.143e-06
3.14295e-06
3.14285e-06
3.14269e-06
3.14251e-06
3.1423e-06
3.14208e-06
3.14186e-06
3.14163e-06
3.1414e-06
3.14118e-06
3.14096e-06
3.14075e-06
3.14054e-06
3.14035e-06
3.14015e-06
3.13997e-06
3.13979e-06
3.13962e-06
3.13945e-06
3.13929e-06
3.13914e-06
3.13899e-06
3.13885e-06
3.13871e-06
3.13858e-06
3.13845e-06
3.13832e-06
3.1382e-06
3.13809e-06
3.13797e-06
3.13786e-06
3.13776e-06
3.13765e-06
3.13755e-06
3.13746e-06
3.13736e-06
3.13727e-06
3.13718e-06
3.1371e-06
3.13701e-06
3.13693e-06
3.13685e-06
3.13677e-06
3.1367e-06
3.13662e-06
3.13655e-06
3.13648e-06
3.13641e-06
3.13634e-06
3.13628e-06
3.13621e-06
3.13615e-06
3.13609e-06
3.13603e-06
3.13597e-06
3.13591e-06
3.13585e-06
3.1358e-06
3.13574e-06
3.13569e-06
3.13563e-06
3.13558e-06
3.13553e-06
4.02246e-06
3.18076e-06
3.14399e-06
3.1426e-06
3.1431e-06
3.14338e-06
3.14353e-06
3.14356e-06
3.14349e-06
3.14335e-06
3.14315e-06
3.14292e-06
3.14267e-06
3.14241e-06
3.14214e-06
3.14187e-06
3.1416e-06
3.14134e-06
3.14109e-06
3.14085e-06
3.14061e-06
3.14038e-06
3.14016e-06
3.13995e-06
3.13975e-06
3.13955e-06
3.13937e-06
3.13918e-06
3.13901e-06
3.13884e-06
3.13868e-06
3.13852e-06
3.13837e-06
3.13822e-06
3.13808e-06
3.13794e-06
3.13781e-06
3.13768e-06
3.13756e-06
3.13743e-06
3.13732e-06
3.1372e-06
3.13709e-06
3.13698e-06
3.13688e-06
3.13678e-06
3.13668e-06
3.13658e-06
3.13649e-06
3.13639e-06
3.13631e-06
3.13622e-06
3.13613e-06
3.13605e-06
3.13597e-06
3.13589e-06
3.13581e-06
3.13574e-06
3.13566e-06
3.13559e-06
3.13552e-06
3.13545e-06
3.13538e-06
3.13531e-06
3.13525e-06
3.13519e-06
3.13512e-06
3.13506e-06
3.135e-06
3.13494e-06
3.13488e-06
3.13482e-06
3.69907e-06
3.16668e-06
3.14408e-06
3.14353e-06
3.14394e-06
3.14413e-06
3.14418e-06
3.14409e-06
3.14392e-06
3.14368e-06
3.1434e-06
3.1431e-06
3.14279e-06
3.14247e-06
3.14216e-06
3.14186e-06
3.14156e-06
3.14127e-06
3.14099e-06
3.14072e-06
3.14047e-06
3.14022e-06
3.13998e-06
3.13975e-06
3.13953e-06
3.13932e-06
3.13911e-06
3.13891e-06
3.13872e-06
3.13854e-06
3.13836e-06
3.13818e-06
3.13802e-06
3.13785e-06
3.1377e-06
3.13754e-06
3.1374e-06
3.13725e-06
3.13711e-06
3.13698e-06
3.13685e-06
3.13672e-06
3.1366e-06
3.13648e-06
3.13636e-06
3.13624e-06
3.13613e-06
3.13602e-06
3.13592e-06
3.13582e-06
3.13571e-06
3.13562e-06
3.13552e-06
3.13543e-06
3.13534e-06
3.13525e-06
3.13516e-06
3.13508e-06
3.13499e-06
3.13491e-06
3.13483e-06
3.13475e-06
3.13468e-06
3.1346e-06
3.13453e-06
3.13445e-06
3.13438e-06
3.13431e-06
3.13425e-06
3.13418e-06
3.13411e-06
3.13405e-06
3.49233e-06
3.1583e-06
3.1446e-06
3.14451e-06
3.1448e-06
3.14486e-06
3.14478e-06
3.14458e-06
3.14429e-06
3.14397e-06
3.14361e-06
3.14325e-06
3.14288e-06
3.14253e-06
3.14218e-06
3.14184e-06
3.14152e-06
3.1412e-06
3.1409e-06
3.14061e-06
3.14033e-06
3.14006e-06
3.1398e-06
3.13955e-06
3.13931e-06
3.13907e-06
3.13885e-06
3.13863e-06
3.13842e-06
3.13821e-06
3.13802e-06
3.13782e-06
3.13764e-06
3.13746e-06
3.13728e-06
3.13711e-06
3.13695e-06
3.13679e-06
3.13663e-06
3.13648e-06
3.13633e-06
3.13619e-06
3.13605e-06
3.13592e-06
3.13578e-06
3.13565e-06
3.13553e-06
3.13541e-06
3.13529e-06
3.13517e-06
3.13506e-06
3.13495e-06
3.13484e-06
3.13473e-06
3.13463e-06
3.13453e-06
3.13443e-06
3.13434e-06
3.13424e-06
3.13415e-06
3.13406e-06
3.13397e-06
3.13389e-06
3.1338e-06
3.13372e-06
3.13364e-06
3.13356e-06
3.13348e-06
3.13341e-06
3.13333e-06
3.13326e-06
3.13319e-06
3.36055e-06
3.15358e-06
3.14539e-06
3.14551e-06
3.14564e-06
3.14556e-06
3.14533e-06
3.145e-06
3.14462e-06
3.14421e-06
3.1438e-06
3.14338e-06
3.14297e-06
3.14258e-06
3.1422e-06
3.14183e-06
3.14148e-06
3.14114e-06
3.14081e-06
3.14049e-06
3.14019e-06
3.13989e-06
3.13961e-06
3.13933e-06
3.13907e-06
3.13881e-06
3.13856e-06
3.13832e-06
3.13808e-06
3.13785e-06
3.13763e-06
3.13742e-06
3.13721e-06
3.13701e-06
3.13681e-06
3.13662e-06
3.13644e-06
3.13626e-06
3.13608e-06
3.13591e-06
3.13575e-06
3.13559e-06
3.13543e-06
3.13528e-06
3.13513e-06
3.13499e-06
3.13484e-06
3.13471e-06
3.13457e-06
3.13444e-06
3.13431e-06
3.13419e-06
3.13407e-06
3.13395e-06
3.13383e-06
3.13372e-06
3.13361e-06
3.1335e-06
3.1334e-06
3.13329e-06
3.13319e-06
3.13309e-06
3.133e-06
3.1329e-06
3.13281e-06
3.13272e-06
3.13263e-06
3.13254e-06
3.13246e-06
3.13238e-06
3.13229e-06
3.13221e-06
3.27722e-06
3.1512e-06
3.14636e-06
3.1465e-06
3.14644e-06
3.14619e-06
3.14583e-06
3.14539e-06
3.14492e-06
3.14445e-06
3.14398e-06
3.14352e-06
3.14307e-06
3.14264e-06
3.14223e-06
3.14183e-06
3.14145e-06
3.14107e-06
3.14072e-06
3.14037e-06
3.14003e-06
3.13971e-06
3.13939e-06
3.13909e-06
3.13879e-06
3.1385e-06
3.13823e-06
3.13796e-06
3.13769e-06
3.13744e-06
3.13719e-06
3.13695e-06
3.13672e-06
3.13649e-06
3.13627e-06
3.13606e-06
3.13585e-06
3.13564e-06
3.13545e-06
3.13525e-06
3.13507e-06
3.13488e-06
3.13471e-06
3.13453e-06
3.13437e-06
3.1342e-06
3.13404e-06
3.13389e-06
3.13374e-06
3.13359e-06
3.13344e-06
3.1333e-06
3.13317e-06
3.13303e-06
3.1329e-06
3.13278e-06
3.13265e-06
3.13253e-06
3.13241e-06
3.1323e-06
3.13218e-06
3.13207e-06
3.13197e-06
3.13186e-06
3.13176e-06
3.13166e-06
3.13156e-06
3.13147e-06
3.13137e-06
3.13128e-06
3.13119e-06
3.1311e-06
3.22596e-06
3.15028e-06
3.14743e-06
3.14745e-06
3.14719e-06
3.14679e-06
3.14629e-06
3.14576e-06
3.14522e-06
3.14469e-06
3.14417e-06
3.14367e-06
3.14318e-06
3.14271e-06
3.14226e-06
3.14183e-06
3.1414e-06
3.141e-06
3.1406e-06
3.14021e-06
3.13984e-06
3.13948e-06
3.13913e-06
3.13878e-06
3.13845e-06
3.13813e-06
3.13782e-06
3.13751e-06
3.13722e-06
3.13693e-06
3.13665e-06
3.13638e-06
3.13611e-06
3.13585e-06
3.13561e-06
3.13536e-06
3.13513e-06
3.1349e-06
3.13467e-06
3.13446e-06
3.13425e-06
3.13404e-06
3.13384e-06
3.13365e-06
3.13346e-06
3.13327e-06
3.13309e-06
3.13292e-06
3.13275e-06
3.13258e-06
3.13242e-06
3.13227e-06
3.13211e-06
3.13196e-06
3.13182e-06
3.13168e-06
3.13154e-06
3.1314e-06
3.13127e-06
3.13114e-06
3.13102e-06
3.1309e-06
3.13078e-06
3.13066e-06
3.13055e-06
3.13044e-06
3.13033e-06
3.13023e-06
3.13012e-06
3.13002e-06
3.12993e-06
3.12983e-06
3.19516e-06
3.15026e-06
3.14853e-06
3.14834e-06
3.14789e-06
3.14734e-06
3.14674e-06
3.14613e-06
3.14552e-06
3.14494e-06
3.14437e-06
3.14382e-06
3.14329e-06
3.14278e-06
3.14229e-06
3.1418e-06
3.14133e-06
3.14088e-06
3.14044e-06
3.14001e-06
3.13959e-06
3.13918e-06
3.13878e-06
3.1384e-06
3.13802e-06
3.13766e-06
3.1373e-06
3.13696e-06
3.13662e-06
3.1363e-06
3.13598e-06
3.13567e-06
3.13537e-06
3.13508e-06
3.1348e-06
3.13452e-06
3.13426e-06
3.134e-06
3.13374e-06
3.1335e-06
3.13326e-06
3.13302e-06
3.1328e-06
3.13258e-06
3.13236e-06
3.13215e-06
3.13195e-06
3.13175e-06
3.13156e-06
3.13138e-06
3.13119e-06
3.13102e-06
3.13085e-06
3.13068e-06
3.13052e-06
3.13036e-06
3.1302e-06
3.13006e-06
3.12991e-06
3.12977e-06
3.12963e-06
3.1295e-06
3.12937e-06
3.12924e-06
3.12912e-06
3.129e-06
3.12888e-06
3.12877e-06
3.12866e-06
3.12856e-06
3.12845e-06
3.12835e-06
3.1772e-06
3.15077e-06
3.1496e-06
3.14918e-06
3.14856e-06
3.14788e-06
3.14719e-06
3.14651e-06
3.14584e-06
3.1452e-06
3.14458e-06
3.14398e-06
3.14339e-06
3.14282e-06
3.14227e-06
3.14173e-06
3.1412e-06
3.14069e-06
3.14019e-06
3.1397e-06
3.13923e-06
3.13876e-06
3.13831e-06
3.13787e-06
3.13745e-06
3.13703e-06
3.13663e-06
3.13623e-06
3.13585e-06
3.13548e-06
3.13512e-06
3.13477e-06
3.13442e-06
3.13409e-06
3.13377e-06
3.13346e-06
3.13315e-06
3.13286e-06
3.13257e-06
3.13229e-06
3.13202e-06
3.13176e-06
3.13151e-06
3.13126e-06
3.13102e-06
3.13079e-06
3.13056e-06
3.13034e-06
3.13013e-06
3.12993e-06
3.12972e-06
3.12953e-06
3.12934e-06
3.12916e-06
3.12898e-06
3.12881e-06
3.12864e-06
3.12848e-06
3.12832e-06
3.12817e-06
3.12802e-06
3.12787e-06
3.12773e-06
3.1276e-06
3.12746e-06
3.12734e-06
3.12721e-06
3.12709e-06
3.12698e-06
3.12686e-06
3.12675e-06
3.12665e-06
3.16714e-06
3.15159e-06
3.15063e-06
3.14998e-06
3.14921e-06
3.14843e-06
3.14765e-06
3.1469e-06
3.14617e-06
3.14546e-06
3.14477e-06
3.1441e-06
3.14345e-06
3.14281e-06
3.14218e-06
3.14157e-06
3.14097e-06
3.14039e-06
3.13982e-06
3.13926e-06
3.13872e-06
3.1382e-06
3.13768e-06
3.13718e-06
3.13669e-06
3.13622e-06
3.13576e-06
3.13531e-06
3.13487e-06
3.13445e-06
3.13404e-06
3.13364e-06
3.13325e-06
3.13287e-06
3.1325e-06
3.13214e-06
3.1318e-06
3.13146e-06
3.13113e-06
3.13081e-06
3.13051e-06
3.13021e-06
3.12992e-06
3.12963e-06
3.12936e-06
3.12909e-06
3.12884e-06
3.12859e-06
3.12834e-06
3.12811e-06
3.12788e-06
3.12766e-06
3.12745e-06
3.12725e-06
3.12705e-06
3.12685e-06
3.12667e-06
3.12649e-06
3.12632e-06
3.12615e-06
3.12599e-06
3.12584e-06
3.12569e-06
3.12555e-06
3.12541e-06
3.12528e-06
3.12516e-06
3.12504e-06
3.12492e-06
3.12481e-06
3.1247e-06
3.1246e-06
3.16186e-06
3.15257e-06
3.15161e-06
3.15077e-06
3.14987e-06
3.14899e-06
3.14813e-06
3.14729e-06
3.14648e-06
3.14569e-06
3.14491e-06
3.14416e-06
3.14341e-06
3.14268e-06
3.14197e-06
3.14127e-06
3.14058e-06
3.13991e-06
3.13926e-06
3.13862e-06
3.13799e-06
3.13738e-06
3.13679e-06
3.13621e-06
3.13565e-06
3.1351e-06
3.13456e-06
3.13404e-06
3.13354e-06
3.13304e-06
3.13256e-06
3.1321e-06
3.13164e-06
3.13121e-06
3.13078e-06
3.13036e-06
3.12996e-06
3.12957e-06
3.1292e-06
3.12883e-06
3.12848e-06
3.12814e-06
3.12781e-06
3.12749e-06
3.12718e-06
3.12688e-06
3.12659e-06
3.12632e-06
3.12605e-06
3.1258e-06
3.12555e-06
3.12532e-06
3.12509e-06
3.12487e-06
3.12466e-06
3.12446e-06
3.12427e-06
3.12408e-06
3.12391e-06
3.12374e-06
3.12358e-06
3.12342e-06
3.12327e-06
3.12313e-06
3.123e-06
3.12287e-06
3.12274e-06
3.12263e-06
3.12251e-06
3.12241e-06
3.12231e-06
3.12221e-06
3.15939e-06
3.15362e-06
3.15258e-06
3.15156e-06
3.15055e-06
3.14956e-06
3.1486e-06
3.14767e-06
3.14675e-06
3.14586e-06
3.14497e-06
3.14411e-06
3.14325e-06
3.14241e-06
3.14159e-06
3.14079e-06
3.13999e-06
3.13922e-06
3.13846e-06
3.13772e-06
3.137e-06
3.13629e-06
3.13559e-06
3.13492e-06
3.13426e-06
3.13361e-06
3.13298e-06
3.13237e-06
3.13177e-06
3.13119e-06
3.13062e-06
3.13007e-06
3.12953e-06
3.12901e-06
3.1285e-06
3.12801e-06
3.12753e-06
3.12706e-06
3.12661e-06
3.12618e-06
3.12576e-06
3.12535e-06
3.12496e-06
3.12458e-06
3.12422e-06
3.12387e-06
3.12354e-06
3.12322e-06
3.12291e-06
3.12262e-06
3.12234e-06
3.12208e-06
3.12182e-06
3.12159e-06
3.12136e-06
3.12115e-06
3.12095e-06
3.12077e-06
3.12059e-06
3.12043e-06
3.12028e-06
3.12015e-06
3.12002e-06
3.1199e-06
3.1198e-06
3.1197e-06
3.11962e-06
3.11955e-06
3.11948e-06
3.11942e-06
3.11937e-06
3.11933e-06
3.15856e-06
3.15471e-06
3.15352e-06
3.15235e-06
3.1512e-06
3.15009e-06
3.149e-06
3.14792e-06
3.14687e-06
3.14582e-06
3.14479e-06
3.14378e-06
3.14277e-06
3.14179e-06
3.14082e-06
3.13986e-06
3.13893e-06
3.13801e-06
3.1371e-06
3.13622e-06
3.13536e-06
3.13451e-06
3.13368e-06
3.13287e-06
3.13208e-06
3.13131e-06
3.13055e-06
3.12982e-06
3.12911e-06
3.12842e-06
3.12775e-06
3.1271e-06
3.12647e-06
3.12587e-06
3.12529e-06
3.12473e-06
3.1242e-06
3.12369e-06
3.12321e-06
3.12275e-06
3.12231e-06
3.1219e-06
3.12152e-06
3.12116e-06
3.12082e-06
3.12051e-06
3.12021e-06
3.11995e-06
3.1197e-06
3.11948e-06
3.11927e-06
3.11909e-06
3.11892e-06
3.11877e-06
3.11864e-06
3.11853e-06
3.11842e-06
3.11833e-06
3.11823e-06
3.11815e-06
3.11807e-06
3.118e-06
3.11794e-06
3.1179e-06
3.11785e-06
3.11779e-06
3.11773e-06
3.11767e-06
3.11763e-06
3.11761e-06
3.11759e-06
3.11757e-06
3.1587e-06
3.15587e-06
3.15453e-06
3.15321e-06
3.15194e-06
3.15068e-06
3.14945e-06
3.14823e-06
3.14703e-06
3.14584e-06
3.14467e-06
3.14351e-06
3.14237e-06
3.14125e-06
3.14014e-06
3.13906e-06
3.13799e-06
3.13695e-06
3.13592e-06
3.13492e-06
3.13393e-06
3.13297e-06
3.13203e-06
3.13112e-06
3.13024e-06
3.12938e-06
3.12855e-06
3.12776e-06
3.12699e-06
3.12627e-06
3.12558e-06
3.12493e-06
3.12432e-06
3.12375e-06
3.12322e-06
3.12274e-06
3.1223e-06
3.12191e-06
3.12155e-06
3.12125e-06
3.12098e-06
3.12076e-06
3.12058e-06
3.12044e-06
3.12035e-06
3.12029e-06
3.12026e-06
3.12026e-06
3.12025e-06
3.12025e-06
3.12024e-06
3.12023e-06
3.12021e-06
3.12018e-06
3.12013e-06
3.12008e-06
3.12001e-06
3.11993e-06
3.11984e-06
3.11973e-06
3.11962e-06
3.11953e-06
3.11946e-06
3.11942e-06
3.11939e-06
3.11938e-06
3.11938e-06
3.1194e-06
3.11939e-06
3.11937e-06
3.11935e-06
3.11935e-06
3.15968e-06
3.1571e-06
3.15525e-06
3.15349e-06
3.15179e-06
3.15015e-06
3.14855e-06
3.14698e-06
3.14545e-06
3.14396e-06
3.14251e-06
3.14112e-06
3.13979e-06
3.13853e-06
3.13736e-06
3.13629e-06
3.13533e-06
3.13442e-06
3.13354e-06
3.13271e-06
3.13193e-06
3.1312e-06
3.13052e-06
3.12989e-06
3.12932e-06
3.12881e-06
3.12835e-06
3.12796e-06
3.12762e-06
3.12735e-06
3.12713e-06
3.12697e-06
3.12687e-06
3.12683e-06
3.12685e-06
3.12691e-06
3.12702e-06
3.12716e-06
3.12734e-06
3.12754e-06
3.12776e-06
3.12799e-06
3.12823e-06
3.12847e-06
3.12871e-06
3.12893e-06
3.12913e-06
3.12931e-06
3.12946e-06
3.12958e-06
3.12966e-06
3.12972e-06
3.12973e-06
3.12971e-06
3.12965e-06
3.12955e-06
3.1294e-06
3.12921e-06
3.12898e-06
3.1287e-06
3.12837e-06
3.12799e-06
3.12757e-06
3.12709e-06
3.12656e-06
3.12598e-06
3.12535e-06
3.12466e-06
3.12396e-06
3.12325e-06
3.12255e-06
3.12186e-06
)
;

boundaryField
{
    walls
    {
        type            fixedValue;
        value           uniform 0;
    }
    frontAndBack
    {
        type            empty;
    }
    farfield
    {
        type            calculated;
        value           nonuniform List<scalar> 
72
(
3.15968e-06
3.1571e-06
3.15525e-06
3.15349e-06
3.15179e-06
3.15015e-06
3.14855e-06
3.14698e-06
3.14545e-06
3.14396e-06
3.14251e-06
3.14112e-06
3.13979e-06
3.13853e-06
3.13736e-06
3.13629e-06
3.13533e-06
3.13442e-06
3.13354e-06
3.13271e-06
3.13193e-06
3.1312e-06
3.13052e-06
3.12989e-06
3.12932e-06
3.12881e-06
3.12835e-06
3.12796e-06
3.12762e-06
3.12735e-06
3.12713e-06
3.12697e-06
3.12687e-06
3.12683e-06
3.12685e-06
3.12691e-06
3.12702e-06
3.12716e-06
3.12734e-06
3.12754e-06
3.12776e-06
3.12799e-06
3.12823e-06
3.12847e-06
3.12871e-06
3.12893e-06
3.12913e-06
3.12931e-06
3.12946e-06
3.12958e-06
3.12966e-06
3.12972e-06
3.12973e-06
3.12971e-06
3.12965e-06
3.12955e-06
3.1294e-06
3.12921e-06
3.12898e-06
3.1287e-06
3.12837e-06
3.12799e-06
3.12757e-06
3.12709e-06
3.12656e-06
3.12598e-06
3.12535e-06
3.12466e-06
3.12396e-06
3.12325e-06
3.12255e-06
3.11449e-06
)
;
    }
    procBoundary3to1
    {
        type            processor;
        value           nonuniform List<scalar> 
101
(
2.32559e-14
2.20377e-12
2.13904e-11
1.05207e-10
3.73874e-10
1.11034e-09
3.00788e-09
8.00581e-09
2.10151e-08
5.41732e-08
1.37589e-07
3.42563e-07
8.33548e-07
1.97894e-06
4.56246e-06
1.00768e-05
1.9046e-05
3.14077e-05
4.69899e-05
6.56854e-05
8.75682e-05
0.000112855
0.000141846
0.000175132
0.000213586
0.000257759
0.000308109
0.000365606
0.000431821
0.00050814
0.000595662
0.000695286
0.000807736
0.000933546
0.00107307
0.00122754
0.00139752
0.00158344
0.00178565
0.00200346
0.00223536
0.00247969
0.00273528
0.00300118
0.00327647
0.00356014
0.00385108
0.00414794
0.00444913
0.0037879
0.00234299
0.00234299
0.00245125
0.00255605
0.00265557
0.00274827
0.00283267
0.00290717
0.00297009
0.0030195
0.00305278
0.00306676
0.0030596
0.0030306
0.00297979
0.0029078
0.00281548
0.00270397
0.00257461
0.00242893
0.00226895
0.00209273
0.00190129
0.00170237
0.00150267
0.00130788
0.00112251
0.000950348
0.000793802
0.000653854
0.000530956
0.00042487
0.000334387
0.000257524
0.000192121
0.00013657
9.07691e-05
5.60793e-05
3.29743e-05
1.94001e-05
1.20107e-05
8.07321e-06
5.9471e-06
4.76677e-06
4.09342e-06
3.70253e-06
3.47381e-06
3.34015e-06
3.26271e-06
3.21853e-06
3.19427e-06
)
;
    }
    procBoundary3to2
    {
        type            processor;
        value           nonuniform List<scalar> 
108
(
9.64263e-12
9.26761e-10
9.08182e-09
4.48355e-08
1.5811e-07
4.55585e-07
1.14471e-06
2.59841e-06
5.4325e-06
1.05354e-05
1.89102e-05
3.13159e-05
4.79735e-05
6.85321e-05
9.22889e-05
0.000118513
0.000146682
0.00017656
0.000208144
0.000277592
0.000277596
0.000277577
0.00027754
0.000277483
0.000277407
0.000277311
0.000241576
0.000277194
0.000277592
0.000316041
0.000357149
0.000401063
0.000447843
0.000497454
0.000549746
0.000604439
0.000661104
0.000719133
0.000777709
0.000835759
0.0008963
0.0008963
0.000949879
0.000997829
0.0010375
0.00106562
0.00107825
0.00107064
0.00103715
0.000971253
0.000865611
0.000712498
0.000504772
0.000237137
2.519e-05
3.49079e-06
2.8998e-06
2.9313e-06
2.97674e-06
3.01277e-06
3.04077e-06
3.0625e-06
3.07933e-06
3.09232e-06
3.10235e-06
3.11009e-06
3.11608e-06
3.12068e-06
3.12402e-06
3.12654e-06
3.12866e-06
3.13035e-06
3.13171e-06
3.13284e-06
3.13388e-06
3.13502e-06
3.13676e-06
3.13741e-06
3.13774e-06
3.13795e-06
3.13808e-06
3.13818e-06
3.13825e-06
3.13832e-06
3.13839e-06
3.13844e-06
3.13842e-06
3.1383e-06
3.13806e-06
3.1377e-06
3.13725e-06
3.13672e-06
3.13613e-06
3.13548e-06
3.13477e-06
3.13399e-06
3.13312e-06
3.13214e-06
3.13102e-06
3.12974e-06
3.12825e-06
3.12654e-06
3.1245e-06
3.12212e-06
3.11929e-06
3.11755e-06
3.11934e-06
3.12122e-06
)
;
    }
}


// ************************************************************************* //
