/*--------------------------------*- C++ -*----------------------------------*\
| =========                 |                                                 |
| \\      /  F ield         | OpenFOAM: The Open Source CFD Toolbox           |
|  \\    /   O peration     | Version:  2412                                  |
|   \\  /    A nd           | Website:  www.openfoam.com                      |
|    \\/     M anipulation  |                                                 |
\*---------------------------------------------------------------------------*/
FoamFile
{
    version     2.0;
    format      ascii;
    arch        "LSB;label=32;scalar=64";
    class       volScalarField;
    location    "480";
    object      nuTilda;
}
// * * * * * * * * * * * * * * * * * * * * * * * * * * * * * * * * * * * * * //

dimensions      [0 2 -1 0 0 0 0];

internalField   nonuniform List<scalar> 
7418
(
6.32197e-07
8.41138e-07
9.04495e-07
9.03222e-07
9.02689e-07
8.9424e-07
1.59737e-06
1.95698e-06
1.95202e-06
1.83281e-06
1.76226e-06
1.72443e-06
1.70757e-06
1.70968e-06
1.72401e-06
1.73575e-06
1.73894e-06
1.7368e-06
1.72937e-06
1.72099e-06
1.7163e-06
1.71514e-06
1.71666e-06
1.7188e-06
1.71995e-06
1.72034e-06
1.72051e-06
1.72122e-06
1.7225e-06
1.72407e-06
1.72569e-06
1.72732e-06
1.72904e-06
1.73088e-06
1.73287e-06
1.73494e-06
1.73709e-06
1.73932e-06
1.7416e-06
1.74391e-06
1.74626e-06
1.74867e-06
1.75111e-06
1.75357e-06
1.75605e-06
1.75853e-06
1.76103e-06
1.76355e-06
1.76601e-06
1.76844e-06
1.7709e-06
1.77332e-06
1.77572e-06
1.7781e-06
1.78041e-06
1.78273e-06
1.78502e-06
1.78727e-06
1.78946e-06
1.79158e-06
1.79368e-06
1.79576e-06
1.79777e-06
1.79971e-06
1.80164e-06
1.80353e-06
1.80539e-06
1.80719e-06
1.80892e-06
1.81066e-06
1.81237e-06
1.81403e-06
1.81568e-06
1.81727e-06
1.81878e-06
1.82031e-06
1.82179e-06
1.82324e-06
1.82467e-06
1.82607e-06
1.82747e-06
5.19084e-07
6.13687e-07
1.983e-06
2.5906e-06
2.7883e-06
2.80085e-06
2.77945e-06
2.81261e-06
5.04201e-06
6.05304e-06
6.02656e-06
5.70351e-06
5.50421e-06
5.39704e-06
5.35095e-06
5.35869e-06
5.39934e-06
5.43187e-06
5.44018e-06
5.43296e-06
5.41107e-06
5.387e-06
5.3738e-06
5.37091e-06
5.37555e-06
5.38186e-06
5.38529e-06
5.3866e-06
5.38739e-06
5.38979e-06
5.39388e-06
5.3988e-06
5.40386e-06
5.40897e-06
5.41435e-06
5.42019e-06
5.42642e-06
5.43289e-06
5.4396e-06
5.44655e-06
5.45366e-06
5.4609e-06
5.4683e-06
5.4758e-06
5.48342e-06
5.49112e-06
5.49882e-06
5.50659e-06
5.5144e-06
5.52221e-06
5.52996e-06
5.53761e-06
5.54526e-06
5.55284e-06
5.56033e-06
5.56776e-06
5.57504e-06
5.58225e-06
5.58936e-06
5.59638e-06
5.60326e-06
5.60991e-06
5.61646e-06
5.62292e-06
5.62924e-06
5.63537e-06
5.6414e-06
5.64729e-06
5.65306e-06
5.6587e-06
5.66418e-06
5.66958e-06
5.67489e-06
5.68011e-06
5.68525e-06
5.69024e-06
5.69499e-06
5.69973e-06
5.70437e-06
5.7089e-06
5.71338e-06
5.71779e-06
5.72221e-06
1.61602e-06
1.90723e-06
3.54566e-06
4.47522e-06
4.81896e-06
4.88229e-06
4.80107e-06
5.19957e-06
9.03228e-06
1.0508e-05
1.04412e-05
9.997e-06
9.7029e-06
9.54517e-06
9.4808e-06
9.49665e-06
9.55748e-06
9.60389e-06
9.61377e-06
9.59977e-06
9.56509e-06
9.52874e-06
9.50945e-06
9.50619e-06
9.51411e-06
9.52421e-06
9.52986e-06
9.53242e-06
9.53452e-06
9.53926e-06
9.54663e-06
9.55527e-06
9.56422e-06
9.57331e-06
9.58288e-06
9.59326e-06
9.6043e-06
9.61573e-06
9.62757e-06
9.6398e-06
9.65232e-06
9.6651e-06
9.67818e-06
9.69141e-06
9.70484e-06
9.71843e-06
9.73203e-06
9.74573e-06
9.75946e-06
9.77319e-06
9.78688e-06
9.80044e-06
9.81391e-06
9.82727e-06
9.84048e-06
9.85356e-06
9.86645e-06
9.87916e-06
9.89167e-06
9.90401e-06
9.91614e-06
9.92795e-06
9.9395e-06
9.95086e-06
9.96199e-06
9.97285e-06
9.98349e-06
9.99386e-06
1.00041e-05
1.0014e-05
1.00237e-05
1.00332e-05
1.00426e-05
1.00519e-05
1.00609e-05
1.00697e-05
1.00781e-05
1.00865e-05
1.00947e-05
1.01026e-05
1.01105e-05
1.01184e-05
1.01262e-05
2.84064e-06
3.34464e-06
5.41317e-06
6.48282e-06
6.97907e-06
7.1397e-06
6.96792e-06
8.43142e-06
1.36235e-05
1.53018e-05
1.51903e-05
1.47424e-05
1.44069e-05
1.42289e-05
1.41629e-05
1.41887e-05
1.42585e-05
1.43074e-05
1.43136e-05
1.42911e-05
1.42472e-05
1.42045e-05
1.41832e-05
1.41817e-05
1.41929e-05
1.42059e-05
1.42136e-05
1.42179e-05
1.42222e-05
1.42301e-05
1.42414e-05
1.42542e-05
1.42675e-05
1.42811e-05
1.42954e-05
1.4311e-05
1.43274e-05
1.43443e-05
1.43619e-05
1.438e-05
1.43986e-05
1.44176e-05
1.44369e-05
1.44566e-05
1.44765e-05
1.44966e-05
1.45168e-05
1.45371e-05
1.45574e-05
1.45778e-05
1.4598e-05
1.46181e-05
1.46381e-05
1.46579e-05
1.46776e-05
1.4697e-05
1.47161e-05
1.4735e-05
1.47536e-05
1.47718e-05
1.47898e-05
1.48074e-05
1.48246e-05
1.48414e-05
1.4858e-05
1.4874e-05
1.48899e-05
1.49053e-05
1.49205e-05
1.49353e-05
1.49497e-05
1.49638e-05
1.49778e-05
1.49915e-05
1.5005e-05
1.50181e-05
1.50306e-05
1.5043e-05
1.50551e-05
1.5067e-05
1.50788e-05
1.50905e-05
1.51021e-05
4.20583e-06
4.94661e-06
7.752e-06
8.61946e-06
9.26481e-06
9.57119e-06
9.32156e-06
1.26474e-05
1.88164e-05
2.04288e-05
2.02931e-05
1.99836e-05
1.96757e-05
1.95173e-05
1.94695e-05
1.95048e-05
1.95676e-05
1.96043e-05
1.96e-05
1.95679e-05
1.95205e-05
1.94798e-05
1.9462e-05
1.94647e-05
1.94791e-05
1.94939e-05
1.95033e-05
1.951e-05
1.95178e-05
1.95299e-05
1.95456e-05
1.95631e-05
1.95812e-05
1.95999e-05
1.96197e-05
1.9641e-05
1.96633e-05
1.96865e-05
1.97103e-05
1.9735e-05
1.97603e-05
1.97862e-05
1.98126e-05
1.98393e-05
1.98663e-05
1.98937e-05
1.99212e-05
1.99488e-05
1.99765e-05
2.00042e-05
2.00318e-05
2.00591e-05
2.00864e-05
2.01134e-05
2.01401e-05
2.01666e-05
2.01926e-05
2.02184e-05
2.02437e-05
2.02686e-05
2.02931e-05
2.03171e-05
2.03405e-05
2.03635e-05
2.03861e-05
2.04081e-05
2.04296e-05
2.04508e-05
2.04714e-05
2.04916e-05
2.05113e-05
2.05307e-05
2.05497e-05
2.05685e-05
2.05869e-05
2.06049e-05
2.0622e-05
2.06389e-05
2.06555e-05
2.06717e-05
2.06878e-05
2.07038e-05
2.07196e-05
5.7357e-06
6.81155e-06
1.06989e-05
1.09184e-05
1.16912e-05
1.21861e-05
1.23013e-05
1.80365e-05
2.45619e-05
2.59004e-05
2.57894e-05
2.57778e-05
2.55811e-05
2.54893e-05
2.54808e-05
2.55214e-05
2.5557e-05
2.55639e-05
2.55415e-05
2.55001e-05
2.54572e-05
2.54289e-05
2.54215e-05
2.54314e-05
2.54484e-05
2.54634e-05
2.54742e-05
2.54843e-05
2.54971e-05
2.55145e-05
2.55355e-05
2.55581e-05
2.55815e-05
2.5606e-05
2.5632e-05
2.56597e-05
2.56887e-05
2.57186e-05
2.57496e-05
2.57815e-05
2.58143e-05
2.58477e-05
2.58818e-05
2.59163e-05
2.59513e-05
2.59867e-05
2.60223e-05
2.6058e-05
2.60938e-05
2.61296e-05
2.61652e-05
2.62007e-05
2.6236e-05
2.62709e-05
2.63056e-05
2.63398e-05
2.63736e-05
2.64069e-05
2.64397e-05
2.6472e-05
2.65038e-05
2.65348e-05
2.65653e-05
2.65952e-05
2.66244e-05
2.6653e-05
2.6681e-05
2.67084e-05
2.67353e-05
2.67615e-05
2.67871e-05
2.68123e-05
2.68371e-05
2.68614e-05
2.68853e-05
2.69087e-05
2.6931e-05
2.6953e-05
2.69746e-05
2.69957e-05
2.70167e-05
2.70375e-05
2.7058e-05
7.4784e-06
9.24464e-06
1.43294e-05
1.37359e-05
1.43032e-05
1.50184e-05
1.63978e-05
2.48036e-05
3.07814e-05
3.1754e-05
3.17403e-05
3.21997e-05
3.22105e-05
3.22376e-05
3.22882e-05
3.23253e-05
3.23099e-05
3.22677e-05
3.22195e-05
3.2171e-05
3.21431e-05
3.21395e-05
3.21504e-05
3.21706e-05
3.21894e-05
3.22029e-05
3.2215e-05
3.22295e-05
3.22492e-05
3.22735e-05
3.23004e-05
3.23287e-05
3.2358e-05
3.23891e-05
3.24221e-05
3.2457e-05
3.24934e-05
3.25309e-05
3.25697e-05
3.26097e-05
3.26507e-05
3.26925e-05
3.27351e-05
3.27784e-05
3.28221e-05
3.28663e-05
3.29108e-05
3.29556e-05
3.30003e-05
3.30451e-05
3.30897e-05
3.31342e-05
3.31783e-05
3.32222e-05
3.32655e-05
3.33084e-05
3.33509e-05
3.33927e-05
3.34339e-05
3.34744e-05
3.35142e-05
3.35533e-05
3.35916e-05
3.36291e-05
3.36659e-05
3.37018e-05
3.3737e-05
3.37716e-05
3.38053e-05
3.38383e-05
3.38705e-05
3.39022e-05
3.39335e-05
3.39641e-05
3.39942e-05
3.40238e-05
3.40519e-05
3.40796e-05
3.41067e-05
3.41334e-05
3.41599e-05
3.41861e-05
3.4212e-05
9.55628e-06
1.23341e-05
1.87366e-05
1.749e-05
1.7194e-05
1.81652e-05
2.18141e-05
3.28283e-05
3.73992e-05
3.80637e-05
3.82302e-05
3.93521e-05
3.96776e-05
3.98771e-05
4.00019e-05
4.00217e-05
3.99294e-05
3.98185e-05
3.9738e-05
3.96871e-05
3.96871e-05
3.97219e-05
3.97596e-05
3.9793e-05
3.98128e-05
3.98232e-05
3.98364e-05
3.9857e-05
3.98856e-05
3.99184e-05
3.99524e-05
3.9987e-05
4.00231e-05
4.00616e-05
4.01026e-05
4.01457e-05
4.01904e-05
4.02364e-05
4.0284e-05
4.03329e-05
4.03831e-05
4.04343e-05
4.04865e-05
4.05394e-05
4.05929e-05
4.0647e-05
4.07015e-05
4.07563e-05
4.08111e-05
4.0866e-05
4.09207e-05
4.09751e-05
4.10293e-05
4.1083e-05
4.11363e-05
4.1189e-05
4.12411e-05
4.12925e-05
4.13431e-05
4.13929e-05
4.14419e-05
4.14899e-05
4.1537e-05
4.15833e-05
4.16286e-05
4.16728e-05
4.17163e-05
4.17588e-05
4.18004e-05
4.18411e-05
4.18809e-05
4.192e-05
4.19586e-05
4.19963e-05
4.20334e-05
4.207e-05
4.21048e-05
4.2139e-05
4.21726e-05
4.22056e-05
4.22383e-05
4.22707e-05
4.23028e-05
1.22339e-05
1.61898e-05
2.40211e-05
2.22098e-05
2.06042e-05
2.19814e-05
2.88331e-05
4.15236e-05
4.43694e-05
4.49527e-05
4.53851e-05
4.73912e-05
4.81399e-05
4.85557e-05
4.87573e-05
4.8739e-05
4.85444e-05
4.83487e-05
4.82333e-05
4.8189e-05
4.8232e-05
4.83191e-05
4.83915e-05
4.84406e-05
4.84602e-05
4.8466e-05
4.84809e-05
4.85095e-05
4.85495e-05
4.85927e-05
4.86349e-05
4.86766e-05
4.87204e-05
4.87676e-05
4.88178e-05
4.88701e-05
4.89242e-05
4.89798e-05
4.90372e-05
4.90963e-05
4.91569e-05
4.92186e-05
4.92815e-05
4.93453e-05
4.94098e-05
4.94751e-05
4.95409e-05
4.96069e-05
4.9673e-05
4.97393e-05
4.98053e-05
4.98711e-05
4.99365e-05
5.00015e-05
5.00659e-05
5.01297e-05
5.01927e-05
5.0255e-05
5.03164e-05
5.03767e-05
5.04361e-05
5.04943e-05
5.05516e-05
5.06077e-05
5.06626e-05
5.07164e-05
5.07692e-05
5.08209e-05
5.08715e-05
5.0921e-05
5.09694e-05
5.1017e-05
5.10638e-05
5.11097e-05
5.11548e-05
5.11996e-05
5.12419e-05
5.12836e-05
5.13245e-05
5.13647e-05
5.14045e-05
5.1444e-05
5.14831e-05
1.56175e-05
2.09345e-05
3.02428e-05
2.79318e-05
2.52962e-05
2.73567e-05
3.7805e-05
5.05169e-05
5.17075e-05
5.26126e-05
5.34211e-05
5.65644e-05
5.78067e-05
5.84421e-05
5.86926e-05
5.86061e-05
5.82924e-05
5.80088e-05
5.78661e-05
5.7844e-05
5.79462e-05
5.80961e-05
5.82072e-05
5.82717e-05
5.82895e-05
5.82903e-05
5.83084e-05
5.83476e-05
5.84014e-05
5.84565e-05
5.85078e-05
5.85575e-05
5.861e-05
5.8667e-05
5.87275e-05
5.87901e-05
5.88545e-05
5.89207e-05
5.8989e-05
5.90593e-05
5.91312e-05
5.92045e-05
5.92792e-05
5.93549e-05
5.94316e-05
5.95091e-05
5.95872e-05
5.96656e-05
5.97442e-05
5.98229e-05
5.99014e-05
5.99797e-05
6.00575e-05
6.01349e-05
6.02116e-05
6.02876e-05
6.03627e-05
6.04369e-05
6.051e-05
6.0582e-05
6.06529e-05
6.07225e-05
6.07908e-05
6.08579e-05
6.09235e-05
6.09878e-05
6.10509e-05
6.11127e-05
6.11733e-05
6.12325e-05
6.12904e-05
6.13474e-05
6.14033e-05
6.1458e-05
6.15119e-05
6.15657e-05
6.16164e-05
6.16663e-05
6.17151e-05
6.17632e-05
6.18109e-05
6.18582e-05
6.19047e-05
1.98598e-05
2.66822e-05
3.74625e-05
3.4699e-05
3.13352e-05
3.44878e-05
4.91445e-05
5.97093e-05
5.94783e-05
6.13331e-05
6.27471e-05
6.72166e-05
6.88896e-05
6.96593e-05
6.98863e-05
6.96978e-05
6.92706e-05
6.89226e-05
6.87777e-05
6.88002e-05
6.89737e-05
6.91857e-05
6.933e-05
6.94048e-05
6.9419e-05
6.94167e-05
6.9441e-05
6.94933e-05
6.9562e-05
6.96293e-05
6.96899e-05
6.97483e-05
6.98102e-05
6.98776e-05
6.99489e-05
7.00223e-05
7.00974e-05
7.01746e-05
7.02543e-05
7.03362e-05
7.04198e-05
7.05052e-05
7.0592e-05
7.06801e-05
7.07693e-05
7.08594e-05
7.09501e-05
7.10414e-05
7.11328e-05
7.12244e-05
7.13159e-05
7.1407e-05
7.14978e-05
7.15879e-05
7.16774e-05
7.1766e-05
7.18537e-05
7.19403e-05
7.20257e-05
7.21098e-05
7.21926e-05
7.22739e-05
7.23538e-05
7.24322e-05
7.25089e-05
7.25841e-05
7.26579e-05
7.27302e-05
7.2801e-05
7.28702e-05
7.29379e-05
7.30045e-05
7.30697e-05
7.31334e-05
7.31961e-05
7.32592e-05
7.33184e-05
7.33766e-05
7.34336e-05
7.34896e-05
7.35451e-05
7.36001e-05
7.3654e-05
2.50997e-05
3.35615e-05
4.57498e-05
4.25742e-05
3.87694e-05
4.36301e-05
6.30795e-05
6.91197e-05
6.80495e-05
7.15386e-05
7.40608e-05
7.96732e-05
8.15077e-05
8.22429e-05
8.23545e-05
8.20437e-05
8.15356e-05
8.11716e-05
8.10627e-05
8.11527e-05
8.13986e-05
8.16573e-05
8.18192e-05
8.18957e-05
8.19053e-05
8.19043e-05
8.19389e-05
8.20062e-05
8.20895e-05
8.21681e-05
8.22378e-05
8.2305e-05
8.23768e-05
8.2455e-05
8.25372e-05
8.26214e-05
8.27074e-05
8.27957e-05
8.28868e-05
8.29803e-05
8.30759e-05
8.31732e-05
8.32723e-05
8.33728e-05
8.34745e-05
8.35773e-05
8.36808e-05
8.37849e-05
8.38893e-05
8.39939e-05
8.40984e-05
8.42025e-05
8.43062e-05
8.44093e-05
8.45116e-05
8.4613e-05
8.47134e-05
8.48125e-05
8.49102e-05
8.50065e-05
8.51014e-05
8.51946e-05
8.52861e-05
8.53759e-05
8.54638e-05
8.555e-05
8.56345e-05
8.57173e-05
8.57983e-05
8.58774e-05
8.59549e-05
8.60309e-05
8.61052e-05
8.61775e-05
8.62488e-05
8.6321e-05
8.63885e-05
8.64547e-05
8.65193e-05
8.65829e-05
8.66458e-05
8.67079e-05
8.67685e-05
3.15018e-05
4.17018e-05
5.51766e-05
5.1631e-05
4.7783e-05
5.52551e-05
7.63976e-05
7.8912e-05
7.79757e-05
8.37831e-05
8.79707e-05
9.40565e-05
9.56928e-05
9.62199e-05
9.61465e-05
9.57165e-05
9.51764e-05
9.4853e-05
9.48179e-05
9.49898e-05
9.52972e-05
9.55788e-05
9.57398e-05
9.58098e-05
9.58159e-05
9.58219e-05
9.58712e-05
9.59546e-05
9.60513e-05
9.614e-05
9.62185e-05
9.62952e-05
9.63777e-05
9.64671e-05
9.65604e-05
9.66557e-05
9.67529e-05
9.68528e-05
9.69557e-05
9.70612e-05
9.7169e-05
9.72788e-05
9.73904e-05
9.75037e-05
9.76184e-05
9.77343e-05
9.7851e-05
9.79684e-05
9.80861e-05
9.82041e-05
9.8322e-05
9.84395e-05
9.85567e-05
9.86731e-05
9.87886e-05
9.89032e-05
9.90166e-05
9.91286e-05
9.92391e-05
9.9348e-05
9.94552e-05
9.95606e-05
9.9664e-05
9.97655e-05
9.98648e-05
9.99621e-05
0.000100058
0.000100151
0.000100242
0.000100331
0.000100418
0.000100504
0.000100587
0.000100667
0.000100747
0.000100828
0.000100903
0.000100977
0.000101049
0.000101119
0.000101189
0.000101257
0.000101323
3.9273e-05
5.12279e-05
6.58161e-05
6.19539e-05
5.86137e-05
7.00442e-05
8.91309e-05
8.94262e-05
8.99433e-05
9.85848e-05
0.000104528
0.000110322
0.000111489
0.000111686
0.000111396
0.000110871
0.000110353
0.000110121
0.000110188
0.000110444
0.000110794
0.000111074
0.000111218
0.000111276
0.000111281
0.000111301
0.000111368
0.000111468
0.000111577
0.000111675
0.000111763
0.00011185
0.000111944
0.000112045
0.000112151
0.000112258
0.000112367
0.000112479
0.000112594
0.000112713
0.000112834
0.000112957
0.000113082
0.000113209
0.000113337
0.000113467
0.000113598
0.000113729
0.000113861
0.000113993
0.000114125
0.000114257
0.000114389
0.000114519
0.000114649
0.000114777
0.000114904
0.00011503
0.000115154
0.000115276
0.000115396
0.000115514
0.00011563
0.000115743
0.000115854
0.000115963
0.00011607
0.000116174
0.000116275
0.000116375
0.000116471
0.000116566
0.000116657
0.000116745
0.000116832
0.000116921
0.000117004
0.000117084
0.000117162
0.000117239
0.000117313
0.000117387
0.000117457
4.86659e-05
6.22897e-05
7.77369e-05
7.36499e-05
7.15779e-05
8.8767e-05
0.000101475
0.00010114
0.000104719
0.000116183
0.000123503
0.000128434
0.000129005
0.000128811
0.000128306
0.000127726
0.00012728
0.000127178
0.000127361
0.000127694
0.000128065
0.000128321
0.000128436
0.000128479
0.000128488
0.000128526
0.000128615
0.000128732
0.000128852
0.000128958
0.000129056
0.000129155
0.000129262
0.000129376
0.000129494
0.000129614
0.000129736
0.000129862
0.000129991
0.000130123
0.000130258
0.000130395
0.000130535
0.000130676
0.00013082
0.000130964
0.00013111
0.000131257
0.000131404
0.000131551
0.000131699
0.000131846
0.000131992
0.000132138
0.000132282
0.000132425
0.000132567
0.000132706
0.000132844
0.00013298
0.000133114
0.000133245
0.000133373
0.000133499
0.000133622
0.000133743
0.00013386
0.000133975
0.000134087
0.000134195
0.000134301
0.000134404
0.000134503
0.000134598
0.000134691
0.000134786
0.000134875
0.000134961
0.000135044
0.000135124
0.000135202
0.000135277
0.00013535
5.99931e-05
7.50801e-05
9.09905e-05
8.68633e-05
8.72965e-05
0.000107123
0.000113873
0.000114556
0.000122766
0.000136538
0.000144672
0.000148468
0.000148414
0.000147814
0.000147123
0.000146533
0.000146203
0.000146254
0.000146555
0.000146948
0.000147317
0.000147531
0.000147609
0.000147639
0.000147657
0.000147719
0.00014783
0.000147963
0.000148093
0.000148208
0.000148316
0.000148428
0.00014855
0.000148678
0.000148809
0.000148943
0.000149079
0.000149219
0.000149363
0.00014951
0.00014966
0.000149813
0.000149968
0.000150125
0.000150285
0.000150445
0.000150607
0.00015077
0.000150933
0.000151096
0.00015126
0.000151423
0.000151585
0.000151746
0.000151906
0.000152064
0.000152221
0.000152375
0.000152527
0.000152677
0.000152824
0.000152969
0.00015311
0.000153248
0.000153383
0.000153514
0.000153642
0.000153767
0.000153888
0.000154005
0.000154119
0.000154229
0.000154333
0.000154433
0.000154529
0.000154629
0.000154722
0.00015481
0.000154895
0.000154975
0.000155053
0.000155128
0.000155197
7.36037e-05
8.9914e-05
0.000105607
0.000101797
0.000106354
0.000124426
0.000126834
0.000130095
0.000144005
0.000159532
0.000167979
0.00017059
0.000169936
0.000168951
0.000168115
0.00016756
0.000167377
0.000167591
0.000167999
0.000168432
0.000168777
0.000168936
0.000168973
0.000168993
0.000169025
0.000169114
0.000169249
0.000169397
0.000169536
0.00016966
0.00016978
0.000169906
0.000170043
0.000170186
0.000170331
0.00017048
0.000170631
0.000170787
0.000170946
0.00017111
0.000171276
0.000171445
0.000171616
0.00017179
0.000171966
0.000172143
0.000172322
0.000172501
0.000172681
0.000172861
0.000173041
0.00017322
0.000173399
0.000173576
0.000173751
0.000173925
0.000174097
0.000174266
0.000174432
0.000174595
0.000174756
0.000174912
0.000175066
0.000175215
0.00017536
0.000175501
0.000175639
0.000175772
0.0001759
0.000176024
0.000176143
0.000176257
0.000176364
0.000176465
0.000176562
0.000176661
0.000176754
0.00017684
0.000176922
0.000176998
0.00017707
0.000177138
0.000177198
8.99825e-05
0.00010716
0.00012158
0.000118681
0.000129931
0.000140836
0.000140891
0.000148226
0.000168127
0.0001851
0.000193521
0.000195015
0.000193823
0.000192497
0.000191563
0.000191081
0.000191061
0.000191433
0.000191931
0.00019238
0.000192683
0.000192779
0.000192775
0.00019279
0.00019284
0.000192958
0.000193117
0.000193279
0.000193426
0.000193559
0.000193691
0.000193834
0.000193986
0.000194145
0.000194305
0.000194469
0.000194636
0.000194808
0.000194985
0.000195165
0.000195347
0.000195533
0.000195722
0.000195913
0.000196106
0.0001963
0.000196496
0.000196692
0.000196889
0.000197086
0.000197282
0.000197477
0.000197672
0.000197864
0.000198055
0.000198243
0.000198429
0.000198611
0.000198791
0.000198966
0.000199138
0.000199306
0.000199469
0.000199628
0.000199782
0.00019993
0.000200074
0.000200212
0.000200345
0.000200471
0.000200592
0.000200706
0.000200812
0.000200908
0.000200999
0.00020109
0.000201178
0.000201256
0.000201328
0.000201392
0.000201451
0.000201502
0.000201545
0.00010713
0.000127055
0.000138864
0.000137852
0.000153243
0.000156687
0.000156615
0.000169446
0.000194879
0.000213268
0.0002215
0.000222005
0.000220344
0.000218739
0.00021775
0.000217365
0.000217511
0.000218026
0.00021859
0.000219034
0.00021928
0.000219309
0.000219268
0.000219281
0.000219353
0.000219502
0.000219683
0.000219858
0.000220013
0.000220155
0.000220301
0.00022046
0.000220629
0.000220804
0.00022098
0.00022116
0.000221344
0.000221532
0.000221726
0.000221922
0.000222122
0.000222325
0.000222531
0.000222739
0.000222949
0.00022316
0.000223372
0.000223585
0.000223798
0.000224011
0.000224223
0.000224434
0.000224643
0.000224849
0.000225054
0.000225255
0.000225453
0.000225647
0.000225837
0.000226023
0.000226204
0.000226379
0.00022655
0.000226714
0.000226872
0.000227024
0.00022717
0.000227308
0.00022744
0.000227564
0.00022768
0.000227787
0.000227884
0.00022797
0.000228046
0.000228119
0.000228192
0.000228252
0.000228304
0.000228347
0.000228379
0.000228403
0.000228416
0.000124145
0.000147941
0.000157453
0.000159998
0.000175707
0.000172659
0.000174576
0.000194079
0.000224261
0.00024414
0.000252172
0.000251857
0.000249748
0.000247965
0.000246952
0.000246676
0.000246978
0.000247612
0.000248218
0.000248637
0.000248818
0.00024878
0.000248706
0.000248721
0.000248819
0.000248997
0.000249199
0.000249385
0.000249547
0.000249699
0.00024986
0.000250035
0.000250222
0.000250412
0.000250604
0.0002508
0.000251001
0.000251207
0.000251416
0.00025163
0.000251847
0.000252066
0.000252288
0.000252513
0.000252739
0.000252966
0.000253194
0.000253422
0.00025365
0.000253877
0.000254103
0.000254327
0.000254548
0.000254766
0.000254982
0.000255193
0.0002554
0.000255602
0.000255799
0.00025599
0.000256176
0.000256355
0.000256527
0.000256692
0.000256849
0.000256998
0.000257139
0.000257271
0.000257393
0.000257507
0.00025761
0.000257701
0.00025778
0.000257843
0.000257893
0.000257933
0.00025798
0.00025801
0.000258028
0.000258033
0.000258025
0.000258004
0.000257968
0.000141367
0.000168222
0.000177394
0.000186274
0.000196867
0.000189444
0.000195385
0.000222301
0.000256625
0.000277878
0.000285781
0.000284872
0.000282329
0.00028045
0.000279433
0.000279262
0.0002797
0.000280427
0.000281051
0.000281432
0.000281543
0.000281442
0.00028134
0.000281361
0.000281484
0.000281691
0.000281912
0.000282107
0.000282275
0.000282437
0.000282613
0.000282806
0.000283009
0.000283215
0.000283423
0.000283634
0.000283851
0.000284073
0.0002843
0.000284529
0.000284761
0.000284996
0.000285234
0.000285473
0.000285714
0.000285955
0.000286196
0.000286437
0.000286677
0.000286915
0.000287152
0.000287385
0.000287615
0.000287841
0.000288063
0.00028828
0.000288491
0.000288696
0.000288894
0.000289085
0.000289269
0.000289444
0.00028961
0.000289767
0.000289915
0.000290052
0.000290179
0.000290294
0.000290398
0.000290489
0.000290567
0.00029063
0.000290676
0.000290703
0.000290712
0.000159357
0.000188112
0.000198848
0.000218337
0.000217045
0.000207801
0.000219526
0.000254115
0.000292242
0.000314695
0.000322568
0.000321296
0.000318371
0.00031644
0.000315429
0.000315354
0.000315902
0.000316695
0.000317317
0.00031765
0.000317692
0.000317533
0.00031741
0.000317437
0.000317585
0.000317818
0.000318055
0.000318258
0.000318433
0.000318605
0.000318795
0.000319005
0.000319224
0.000319445
0.000319668
0.000319894
0.000320126
0.000320363
0.000320604
0.000320848
0.000321094
0.000321343
0.000321593
0.000321844
0.000322096
0.000322348
0.000322599
0.000322849
0.000323097
0.000323343
0.000323585
0.000323823
0.000324056
0.000324284
0.000324506
0.000324721
0.000324929
0.000325129
0.00032532
0.000325502
0.000325675
0.000325837
0.000325987
0.000326126
0.000326252
0.000326365
0.000326465
0.00032655
0.00032662
0.000326674
0.00032671
0.000326728
0.000326724
0.000326696
0.000326644
0.000178809
0.000208088
0.00022203
0.000249284
0.000236689
0.0002284
0.000247371
0.000289753
0.000331298
0.000354835
0.000362806
0.000361349
0.000358152
0.000356149
0.000355153
0.000355155
0.000355785
0.00035662
0.000357225
0.000357506
0.000357482
0.000357271
0.000357133
0.000357167
0.000357337
0.000357594
0.000357844
0.000358053
0.000358234
0.000358416
0.00035862
0.000358845
0.000359079
0.000359314
0.000359549
0.000359789
0.000360035
0.000360285
0.000360538
0.000360793
0.00036105
0.000361309
0.000361568
0.000361828
0.000362087
0.000362345
0.000362601
0.000362854
0.000363104
0.00036335
0.000363591
0.000363827
0.000364055
0.000364277
0.00036449
0.000364694
0.000364889
0.000365073
0.000365247
0.000365409
0.000365558
0.000365693
0.000365814
0.000365919
0.000366009
0.000366082
0.000366138
0.000366174
0.000366192
0.000366188
0.000366163
0.000366113
0.000366036
0.000365929
0.000365792
0.000200528
0.00022863
0.000247468
0.000277715
0.000256625
0.000251859
0.000279386
0.000329414
0.000373937
0.000398502
0.000406674
0.000405169
0.000401852
0.00039975
0.000398776
0.000398832
0.000399521
0.000400376
0.000400953
0.000401181
0.000401097
0.000400842
0.000400691
0.000400733
0.000400924
0.000401199
0.00040146
0.000401675
0.00040186
0.000402051
0.000402267
0.000402506
0.000402753
0.000402999
0.000403245
0.000403496
0.000403752
0.000404012
0.000404274
0.000404536
0.0004048
0.000405064
0.000405328
0.00040559
0.00040585
0.000406108
0.000406361
0.000406611
0.000406855
0.000407093
0.000407324
0.000407546
0.00040776
0.000407964
0.000408157
0.000408338
0.000408506
0.000408662
0.000408802
0.000408928
0.000409037
0.000409129
0.000409202
0.000409256
0.00040929
0.000409302
0.000409291
0.000409257
0.000409197
0.000409111
0.000408997
0.000408851
0.000408672
0.000408456
0.000408203
0.000225407
0.000250115
0.000276129
0.000304053
0.000277648
0.000278783
0.000316097
0.000373204
0.000420267
0.000445838
0.000454284
0.00045286
0.000449536
0.000447366
0.000446416
0.00044651
0.000447233
0.000448092
0.000448635
0.000448812
0.000448675
0.000448384
0.000448224
0.000448272
0.000448479
0.00044877
0.000449039
0.000449257
0.000449446
0.000449644
0.000449871
0.000450121
0.000450377
0.000450632
0.000450886
0.000451143
0.000451406
0.000451671
0.000451936
0.000452202
0.000452466
0.000452729
0.00045299
0.000453247
0.000453501
0.000453749
0.000453991
0.000454227
0.000454454
0.000454673
0.000454881
0.000455079
0.000455264
0.000455436
0.000455593
0.000455736
0.000455861
0.00045597
0.000456059
0.00045613
0.000456179
0.000456205
0.000456208
0.000456186
0.000456139
0.000456064
0.000455959
0.000455825
0.000455659
0.000455459
0.000455223
0.000454947
0.00045463
0.000454268
0.00045386
0.000254378
0.000272651
0.000310131
0.000328945
0.000300625
0.000309828
0.00035771
0.000421143
0.000470356
0.000496899
0.000505687
0.000504464
0.000501215
0.000499057
0.000498134
0.000498249
0.000498988
0.000499838
0.000500342
0.000500473
0.000500291
0.000499972
0.000499807
0.000499859
0.000500079
0.000500382
0.000500656
0.000500875
0.000501066
0.000501269
0.000501503
0.00050176
0.000502022
0.000502281
0.000502538
0.000502798
0.000503061
0.000503325
0.000503588
0.000503848
0.000504106
0.00050436
0.000504609
0.000504852
0.000505088
0.000505316
0.000505535
0.000505744
0.000505942
0.000506127
0.000506298
0.000506454
0.000506594
0.000506716
0.000506819
0.000506903
0.000506965
0.000507004
0.00050702
0.00050701
0.000506973
0.000506908
0.000506813
0.000506686
0.000506526
0.000506332
0.000506101
0.000505832
0.000505522
0.000505169
0.000504771
0.000504325
0.000503826
0.000503273
0.000502666
0.000288312
0.00029581
0.000343722
0.000353076
0.000326359
0.000345466
0.00040414
0.000473184
0.000524203
0.000551669
0.000560857
0.000559959
0.000556884
0.000554797
0.00055391
0.000554038
0.000554778
0.000555607
0.000556071
0.000556161
0.000555943
0.000555603
0.000555436
0.000555491
0.000555719
0.000556029
0.000556305
0.000556524
0.000556714
0.000556918
0.000557156
0.000557416
0.000557678
0.000557936
0.00055819
0.000558446
0.000558703
0.000558958
0.00055921
0.000559456
0.000559697
0.000559931
0.000560157
0.000560373
0.000560579
0.000560774
0.000560955
0.000561122
0.000561273
0.000561407
0.000561522
0.000561617
0.000561691
0.000561741
0.000561767
0.000561767
0.00056174
0.000561684
0.000561597
0.000561478
0.000561325
0.000561135
0.000560908
0.000560641
0.000560333
0.000559981
0.000559582
0.000559136
0.000558638
0.000558088
0.000557481
0.000556813
0.000556081
0.000555284
0.000554422
0.000328032
0.000318663
0.00037929
0.000377381
0.000355484
0.000386002
0.000455355
0.000529198
0.000581729
0.000610051
0.00061969
0.00061923
0.000616429
0.00061447
0.000613637
0.000613772
0.0006145
0.000615298
0.00061572
0.000615775
0.00061553
0.000615178
0.000615012
0.000615069
0.000615301
0.000615613
0.000615888
0.000616103
0.000616289
0.000616491
0.000616726
0.000616983
0.00061724
0.000617489
0.000617733
0.000617976
0.000618218
0.000618455
0.000618685
0.000618906
0.000619118
0.000619319
0.000619508
0.000619683
0.000619843
0.000619986
0.000620112
0.000620217
0.000620301
0.000620363
0.000620399
0.00062041
0.000620392
0.000620344
0.000620265
0.000620153
0.000620006
0.000619822
0.000619599
0.000619336
0.000619029
0.000618677
0.000618277
0.000617828
0.000617327
0.000616772
0.000616158
0.000615485
0.000614748
0.000613946
0.000613073
0.000612126
0.000611101
0.000609997
0.000608815
0.000374563
0.000354846
0.000415481
0.000402907
0.000388436
0.000431556
0.000511199
0.000588971
0.00064277
0.000671864
0.000682001
0.000682047
0.00067962
0.000677847
0.000677094
0.000677234
0.000677939
0.000678697
0.000679078
0.000679102
0.000678841
0.000678485
0.000678323
0.000678379
0.000678611
0.00067892
0.000679188
0.000679396
0.000679575
0.000679769
0.000679995
0.000680241
0.000680485
0.000680717
0.000680941
0.000681161
0.000681377
0.000681584
0.000681779
0.000681961
0.000682129
0.000682281
0.000682416
0.000682531
0.000682626
0.000682698
0.000682745
0.000682767
0.00068276
0.000682723
0.000682654
0.000682551
0.000682412
0.000682235
0.000682017
0.000681758
0.000681455
0.000681105
0.000680706
0.000680257
0.000679753
0.000679193
0.000678574
0.000677893
0.000677148
0.000676335
0.000675451
0.000674492
0.000673456
0.000672339
0.000671135
0.000669841
0.000668453
0.000666969
0.000665389
0.000428696
0.000400522
0.000456077
0.000430715
0.000425731
0.000482371
0.000571347
0.000652205
0.000707044
0.000736839
0.000747568
0.000748057
0.000746096
0.000744574
0.000743929
0.000744076
0.000744748
0.000745459
0.000745797
0.000745798
0.000745528
0.000745177
0.000745019
0.000745072
0.000745298
0.000745599
0.000745856
0.000746052
0.000746217
0.000746397
0.000746607
0.000746832
0.000747052
0.000747257
0.000747449
0.000747634
0.000747809
0.000747971
0.000748116
0.000748241
0.000748347
0.000748431
0.000748492
0.000748526
0.000748531
0.000748507
0.000748451
0.000748361
0.000748234
0.000748068
0.000747861
0.000747611
0.000747315
0.000746971
0.000746577
0.00074613
0.000745628
0.000745067
0.000744447
0.000743762
0.000743011
0.00074219
0.000741296
0.000740326
0.000739277
0.000738145
0.000736924
0.000735613
0.000734207
0.000732702
0.000731091
0.000729371
0.000727538
0.000725589
0.000723523
0.000491045
0.000456982
0.000499845
0.000461633
0.000467668
0.000538265
0.000635322
0.000718479
0.000774096
0.000804497
0.000815962
0.000816768
0.000815352
0.00081414
0.000813633
0.000813791
0.000814424
0.000815082
0.000815377
0.000815354
0.000815088
0.00081475
0.000814591
0.000814638
0.000814853
0.000815138
0.000815378
0.000815555
0.0008157
0.000815856
0.00081604
0.000816233
0.000816417
0.000816581
0.000816727
0.00081686
0.000816978
0.000817077
0.000817152
0.000817201
0.000817223
0.000817215
0.000817176
0.000817102
0.000816991
0.000816842
0.000816651
0.000816416
0.000816135
0.000815805
0.000815422
0.000814985
0.000814491
0.000813937
0.00081332
0.000812637
0.000811886
0.000811063
0.000810166
0.00080919
0.000808132
0.000806988
0.000805755
0.000804429
0.000803007
0.000801482
0.000799851
0.000798109
0.000796251
0.000794273
0.000792169
0.000789932
0.00078756
0.000785046
0.000782389
0.000561728
0.000527338
0.000543354
0.000495889
0.000514362
0.000598725
0.000702533
0.000787216
0.000843251
0.000874037
0.000886072
0.000887515
0.000886708
0.000885855
0.000885511
0.000885686
0.000886276
0.000886876
0.000887135
0.00088708
0.000886823
0.000886516
0.000886338
0.000886374
0.000886571
0.000886831
0.000887044
0.000887194
0.00088731
0.000887433
0.000887577
0.000887725
0.000887856
0.000887963
0.000888045
0.000888108
0.000888148
0.000888161
0.000888142
0.000888089
0.000888001
0.000887874
0.000887705
0.000887492
0.000887232
0.000886922
0.00088656
0.000886143
0.000885666
0.000885128
0.000884526
0.000883855
0.000883114
0.000882298
0.000881405
0.000880431
0.000879372
0.000878226
0.000876989
0.000875655
0.000874221
0.000872683
0.000871037
0.000869277
0.0008674
0.000865399
0.00086327
0.000861007
0.000858605
0.000856057
0.000853357
0.000850499
0.000847478
0.000844286
0.000840916
0.000639751
0.000594653
0.000584224
0.000533556
0.000565749
0.000663169
0.000772265
0.000857698
0.000913726
0.000944669
0.000957274
0.000959505
0.000959292
0.000958818
0.000958643
0.000958838
0.000959379
0.000959914
0.000960131
0.000960045
0.000959794
0.000959504
0.000959323
0.000959345
0.000959513
0.000959737
0.000959913
0.000960026
0.0009601
0.000960176
0.000960264
0.000960348
0.00096041
0.000960438
0.000960435
0.000960403
0.00096034
0.00096024
0.000960099
0.000959915
0.000959683
0.000959402
0.000959069
0.000958679
0.00095823
0.000957719
0.000957141
0.000956495
0.000955776
0.00095498
0.000954105
0.000953146
0.000952099
0.000950962
0.00094973
0.000948399
0.000946966
0.000945425
0.000943773
0.000942005
0.000940116
0.0009381
0.000935953
0.000933671
0.000931245
0.000928672
0.000925943
0.000923055
0.000919999
0.000916769
0.000913357
0.000909756
0.00090596
0.000901959
0.000723789
0.000659797
0.00062381
0.000574703
0.000621546
0.000730825
0.000843666
0.00092906
0.00098464
0.00101554
0.00102879
0.00103198
0.00103206
0.00103192
0.00103184
0.00103205
0.00103254
0.001033
0.00103316
0.00103305
0.0010328
0.00103252
0.00103233
0.00103233
0.00103246
0.00103264
0.00103276
0.00103282
0.00103284
0.00103285
0.00103286
0.00103286
0.00103283
0.00103275
0.00103264
0.00103248
0.00103228
0.00103204
0.00103174
0.00103139
0.00103097
0.0010305
0.00102996
0.00102935
0.00102866
0.0010279
0.00102705
0.00102612
0.0010251
0.00102399
0.00102278
0.00102147
0.00102005
0.00101852
0.00101688
0.00101511
0.00101322
0.00101121
0.00100906
0.00100676
0.00100432
0.00100173
0.000998987
0.000996077
0.000992995
0.000989736
0.000986292
0.000982657
0.000978822
0.00097478
0.000970521
0.000966038
0.000961322
0.000956365
0.000811191
0.000723931
0.000664124
0.000619538
0.000681263
0.000800749
0.000915709
0.00100014
0.00105466
0.00108516
0.00109882
0.00110284
0.00110357
0.00110358
0.00110358
0.00110381
0.00110424
0.00110461
0.00110472
0.00110459
0.00110432
0.00110401
0.00110381
0.00110378
0.00110385
0.00110396
0.00110402
0.001104
0.00110394
0.00110386
0.00110378
0.00110366
0.00110351
0.0011033
0.00110303
0.00110272
0.00110235
0.00110192
0.00110142
0.00110086
0.00110022
0.0010995
0.0010987
0.00109781
0.00109683
0.00109576
0.00109459
0.00109331
0.00109192
0.00109042
0.0010888
0.00108706
0.00108519
0.00108319
0.00108105
0.00107876
0.00107632
0.00107373
0.00107098
0.00106806
0.00106496
0.00106169
0.00105822
0.00105456
0.0010507
0.00104663
0.00104233
0.00103781
0.00103305
0.00102805
0.00102279
0.00101726
0.00101146
0.00100537
0.000896595
0.000786689
0.000706341
0.000667982
0.000744198
0.000871849
0.000987194
0.00106959
0.00112222
0.00115177
0.00116549
0.00117013
0.00117145
0.00117179
0.00117194
0.00117219
0.00117254
0.00117282
0.00117286
0.00117269
0.00117238
0.00117204
0.00117181
0.00117172
0.00117172
0.00117174
0.0011717
0.00117159
0.00117142
0.00117123
0.001171
0.00117074
0.00117043
0.00117004
0.0011696
0.00116908
0.00116849
0.00116783
0.00116708
0.00116625
0.00116532
0.0011643
0.00116318
0.00116195
0.00116062
0.00115916
0.00115759
0.00115589
0.00115405
0.00115208
0.00114997
0.00114771
0.00114529
0.00114272
0.00113998
0.00113706
0.00113397
0.00113069
0.00112722
0.00112355
0.00111967
0.00111558
0.00111126
0.00110671
0.00110193
0.00109689
0.00109159
0.00108602
0.00108017
0.00107403
0.00106759
0.00106083
0.00105375
0.00104634
0.00100148
0.000851076
0.000751009
0.00071976
0.000809473
0.000942869
0.00105671
0.00113578
0.0011855
0.00121339
0.00122673
0.00123178
0.00123356
0.00123422
0.00123452
0.00123477
0.00123503
0.00123518
0.00123512
0.00123489
0.00123454
0.00123417
0.00123388
0.0012337
0.00123359
0.00123349
0.00123333
0.00123309
0.00123278
0.00123243
0.00123203
0.00123158
0.00123106
0.00123046
0.00122977
0.001229
0.00122814
0.00122718
0.00122613
0.00122496
0.00122368
0.00122229
0.00122078
0.00121913
0.00121735
0.00121543
0.00121337
0.00121116
0.00120878
0.00120624
0.00120354
0.00120065
0.00119758
0.00119432
0.00119086
0.0011872
0.00118332
0.00117923
0.00117491
0.00117034
0.00116554
0.00116048
0.00115515
0.00114955
0.00114367
0.00113749
0.00113101
0.0011242
0.00111707
0.0011096
0.00110177
0.00109358
0.001085
0.00107603
0.00112266
0.00091988
0.000798764
0.00077445
0.000875992
0.00101239
0.00112263
0.0011968
0.00124235
0.00126768
0.00128002
0.00128508
0.00128711
0.001288
0.00128839
0.00128859
0.00128872
0.00128873
0.00128855
0.00128823
0.00128781
0.00128738
0.001287
0.0012867
0.00128644
0.00128617
0.00128584
0.00128543
0.00128494
0.00128438
0.00128376
0.00128307
0.00128228
0.0012814
0.00128041
0.00127932
0.00127812
0.0012768
0.00127536
0.00127378
0.00127207
0.00127022
0.00126823
0.00126607
0.00126376
0.00126128
0.00125862
0.00125579
0.00125276
0.00124954
0.00124612
0.00124249
0.00123863
0.00123456
0.00123025
0.00122569
0.00122089
0.00121582
0.00121049
0.00120487
0.00119897
0.00119277
0.00118625
0.00117942
0.00117225
0.00116473
0.00115686
0.00114861
0.00113998
0.00113095
0.00112151
0.00111163
0.00110131
0.00109052
0.00126377
0.000998299
0.000849796
0.000831396
0.00094246
0.0010788
0.00118308
0.00125045
0.00129029
0.00131185
0.00132233
0.00132682
0.00132874
0.00132961
0.00132994
0.00133003
0.00132998
0.00132981
0.00132948
0.00132903
0.00132852
0.00132798
0.00132747
0.001327
0.00132654
0.00132605
0.00132549
0.00132484
0.00132411
0.00132328
0.00132237
0.00132137
0.00132025
0.00131901
0.00131765
0.00131616
0.00131453
0.00131276
0.00131085
0.00130877
0.00130653
0.00130413
0.00130154
0.00129877
0.00129581
0.00129265
0.00128928
0.0012857
0.0012819
0.00127786
0.00127358
0.00126906
0.00126428
0.00125923
0.00125391
0.0012483
0.00124239
0.00123618
0.00122966
0.0012228
0.00121561
0.00120807
0.00120016
0.00119188
0.0011832
0.00117413
0.00116463
0.0011547
0.00114433
0.00113348
0.00112216
0.00111033
0.00109798
0.00108509
0.00143366
0.00108988
0.000903943
0.000889774
0.00100741
0.00114031
0.00123591
0.00129419
0.0013264
0.00134265
0.00135008
0.00135313
0.00135437
0.00135482
0.00135485
0.00135467
0.00135436
0.00135395
0.00135343
0.00135282
0.00135217
0.00135148
0.00135079
0.0013501
0.00134937
0.00134858
0.00134772
0.00134675
0.00134569
0.00134452
0.00134324
0.00134183
0.00134029
0.00133861
0.00133678
0.00133479
0.00133264
0.00133032
0.00132782
0.00132514
0.00132225
0.00131917
0.00131588
0.00131236
0.00130862
0.00130465
0.00130043
0.00129595
0.00129122
0.00128621
0.00128092
0.00127534
0.00126946
0.00126326
0.00125674
0.00124989
0.00124269
0.00123514
0.00122721
0.00121891
0.00121021
0.0012011
0.00119157
0.0011816
0.00117118
0.00116029
0.00114891
0.00113703
0.00112463
0.0011117
0.0010982
0.00108413
0.00106946
0.00105416
0.0016214
0.00119271
0.000960809
0.000948578
0.00106919
0.00119489
0.00127868
0.0013251
0.00134733
0.00135628
0.00135908
0.0013595
0.00135917
0.0013586
0.00135792
0.00135722
0.00135649
0.00135575
0.00135498
0.00135419
0.00135335
0.00135247
0.00135154
0.00135054
0.00134947
0.0013483
0.00134704
0.00134567
0.00134417
0.00134255
0.00134078
0.00133887
0.0013368
0.00133456
0.00133214
0.00132954
0.00132674
0.00132374
0.00132054
0.00131711
0.00131345
0.00130955
0.0013054
0.001301
0.00129632
0.00129138
0.00128614
0.00128061
0.00127477
0.00126861
0.00126212
0.00125529
0.00124812
0.00124057
0.00123265
0.00122435
0.00121564
0.00120652
0.00119696
0.00118697
0.00117652
0.00116559
0.00115418
0.00114226
0.00112982
0.00111684
0.00110331
0.00108919
0.00107448
0.00105915
0.00104319
0.00102656
0.00100924
0.000991225
0.0018163
0.00130403
0.00102001
0.0010066
0.00112599
0.00124027
0.00130859
0.00133986
0.00134921
0.0013484
0.00134451
0.00134069
0.00133757
0.00133506
0.00133305
0.0013314
0.00133
0.00132878
0.00132768
0.00132663
0.00132557
0.00132446
0.00132323
0.00132186
0.00132035
0.00131871
0.00131694
0.00131504
0.00131298
0.00131077
0.00130839
0.00130582
0.00130308
0.00130014
0.001297
0.00129363
0.00129005
0.00128622
0.00128215
0.00127783
0.00127323
0.00126835
0.00126319
0.00125772
0.00125194
0.00124584
0.00123941
0.00123263
0.00122549
0.00121798
0.00121009
0.00120181
0.00119312
0.00118401
0.00117446
0.00116447
0.00115401
0.00114307
0.00113165
0.00111971
0.00110725
0.00109424
0.00108068
0.00106654
0.0010518
0.00103645
0.00102046
0.00100382
0.000986505
0.00096849
0.000949754
0.000930275
0.00091003
0.000888995
0.00201534
0.00142133
0.00108074
0.00106246
0.00117577
0.00127387
0.00132249
0.00133471
0.00132773
0.00131412
0.00130097
0.0012908
0.00128319
0.00127745
0.00127316
0.00126993
0.00126744
0.00126548
0.00126389
0.00126251
0.00126119
0.0012598
0.00125824
0.00125644
0.00125442
0.00125219
0.00124979
0.00124722
0.00124446
0.00124149
0.00123832
0.00123493
0.00123134
0.00122753
0.00122348
0.00121919
0.00121463
0.00120981
0.0012047
0.0011993
0.00119358
0.00118755
0.00118118
0.00117446
0.00116738
0.00115993
0.0011521
0.00114386
0.00113522
0.00112615
0.00111664
0.00110668
0.00109625
0.00108534
0.00107393
0.00106201
0.00104956
0.00103657
0.00102301
0.00100888
0.000994149
0.000978806
0.000962831
0.000946206
0.000928913
0.000910932
0.000892244
0.000872829
0.000852665
0.000831732
0.000810007
0.000787469
0.000764095
0.000739864
0.00221909
0.00154132
0.00114185
0.00111454
0.00121625
0.00129283
0.00131684
0.00130549
0.00127807
0.00124805
0.00122247
0.00120327
0.00118898
0.00117826
0.00117037
0.0011646
0.00116035
0.00115723
0.00115491
0.00115307
0.00115142
0.00114972
0.00114779
0.00114554
0.00114295
0.00114006
0.0011369
0.00113351
0.00112988
0.00112598
0.00112182
0.00111741
0.00111275
0.00110784
0.0011027
0.00109727
0.00109154
0.00108551
0.00107917
0.00107249
0.00106546
0.00105806
0.00105029
0.00104212
0.00103355
0.00102455
0.00101511
0.00100522
0.000994857
0.000984017
0.00097268
0.000960832
0.000948456
0.000935537
0.000922058
0.000908004
0.000893356
0.000878098
0.000862211
0.000845679
0.000828484
0.000810607
0.000792032
0.000772742
0.000752721
0.000731955
0.000710431
0.000688135
0.000665052
0.00064117
0.000616476
0.000590951
0.000564575
0.000537335
0.00242851
0.00165972
0.00120218
0.00116101
0.00124486
0.00129394
0.00128777
0.00124765
0.0011951
0.00114445
0.00110272
0.00107121
0.0010475
0.00102957
0.00101631
0.00100667
0.000999716
0.000994779
0.000991314
0.000988763
0.000986663
0.000984628
0.000982338
0.000979632
0.000976469
0.000972868
0.000968881
0.000964536
0.000959873
0.000954869
0.000949525
0.000943867
0.000937916
0.000931682
0.000925166
0.000918377
0.000911265
0.000903817
0.000896019
0.000887856
0.000879309
0.00087036
0.000860991
0.000851186
0.000840929
0.000830199
0.000818983
0.000807265
0.000795031
0.000782265
0.000768954
0.000755082
0.000740635
0.000725598
0.000709954
0.000693688
0.000676782
0.000659218
0.00064098
0.000622049
0.000602405
0.000582026
0.000560888
0.000538973
0.000516267
0.000492761
0.00046846
0.000443379
0.000417558
0.000391062
0.000363993
0.000336489
0.000308744
0.000281141
0.00264393
0.00177709
0.00126048
0.00119979
0.00125882
0.00127372
0.00123116
0.00115652
0.00107367
0.000997761
0.000935719
0.000888167
0.000851874
0.00082407
0.000803282
0.000788069
0.000777132
0.000769456
0.000764214
0.000760569
0.000757815
0.000755366
0.000752727
0.000749626
0.000745956
0.000741704
0.000736913
0.0007316
0.000725792
0.000719548
0.000712865
0.00070578
0.000698336
0.000690561
0.000682464
0.00067406
0.00066536
0.000656299
0.000646865
0.00063704
0.000626805
0.000616138
0.000605017
0.00059342
0.00058133
0.000568728
0.00055559
0.000541904
0.000527656
0.000512835
0.000497433
0.000481444
0.000464871
0.000447715
0.000429989
0.000411709
0.000392903
0.00037361
0.000353919
0.000333938
0.000313745
0.000293433
0.00027311
0.0002529
0.000232942
0.000213386
0.000194393
0.000176125
0.000158748
0.00014242
0.000127288
0.000113473
0.000101069
9.0186e-05
0.00286503
0.00189396
0.00131511
0.00122856
0.00125513
0.00122866
0.00114317
0.00102824
0.000910024
0.00080445
0.000718132
0.000650825
0.000598782
0.000558398
0.000527841
0.00050526
0.000488935
0.000477478
0.00046973
0.000464532
0.000460903
0.000458011
0.000455151
0.000451892
0.000448021
0.000443459
0.000438217
0.00043229
0.000425686
0.000418464
0.000410736
0.000402544
0.00039396
0.000385053
0.00037587
0.000366443
0.000356832
0.000347053
0.000337049
0.00032683
0.000316398
0.000305758
0.000294916
0.000283885
0.000272676
0.000261313
0.000249818
0.000238216
0.000226542
0.000214839
0.000203154
0.000191538
0.000180047
0.000168741
0.000157674
0.000146907
0.000136504
0.00012653
0.000117045
0.000108102
9.97461e-05
9.20118e-05
8.49255e-05
7.8503e-05
7.27492e-05
6.76569e-05
6.32071e-05
5.93696e-05
5.61059e-05
5.33706e-05
5.1113e-05
4.92782e-05
4.78042e-05
4.6654e-05
0.00309127
0.0020095
0.00136443
0.00124486
0.00123103
0.00115639
0.00102317
0.000865916
0.000713493
0.000582515
0.000478334
0.000398714
0.000338544
0.000293073
0.000259468
0.000235183
0.000218026
0.000206308
0.000198688
0.000193938
0.000191055
0.000189205
0.000187692
0.000186061
0.000184059
0.00018156
0.000178537
0.00017497
0.000170867
0.000166263
0.000161281
0.000156051
0.000150646
0.000145143
0.000139605
0.000134088
0.000128638
0.000123332
0.000118167
0.00011312
0.000108203
0.000103426
9.87985e-05
9.43295e-05
9.00264e-05
8.58967e-05
8.19505e-05
7.81947e-05
7.46327e-05
7.12734e-05
6.81238e-05
6.51894e-05
6.24738e-05
5.99784e-05
5.77022e-05
5.56428e-05
5.37953e-05
5.21528e-05
5.07063e-05
4.94488e-05
4.83641e-05
4.7436e-05
4.66502e-05
4.5992e-05
4.54472e-05
4.50016e-05
4.46416e-05
4.43546e-05
4.41291e-05
4.39548e-05
4.38227e-05
4.37246e-05
4.36538e-05
4.36046e-05
0.0033219
0.00212297
0.00140665
0.00124642
0.00118492
0.00105805
0.000878439
0.000687378
0.000516585
0.000381528
0.00028308
0.000214397
0.000167021
0.000134585
0.000112671
9.80508e-05
8.8401e-05
8.21631e-05
7.82843e-05
7.59856e-05
7.47141e-05
7.40562e-05
7.36827e-05
7.3372e-05
7.29859e-05
7.24431e-05
7.17094e-05
7.0764e-05
6.96051e-05
6.82493e-05
6.67344e-05
6.51352e-05
6.35032e-05
6.18729e-05
6.02746e-05
5.87329e-05
5.72675e-05
5.58922e-05
5.4633e-05
5.3471e-05
5.23971e-05
5.14094e-05
5.05049e-05
4.96794e-05
4.89284e-05
4.82475e-05
4.76323e-05
4.70796e-05
4.65844e-05
4.61426e-05
4.5751e-05
4.5406e-05
4.51044e-05
4.48427e-05
4.46176e-05
4.44256e-05
4.42636e-05
4.41284e-05
4.40168e-05
4.39259e-05
4.3853e-05
4.37954e-05
4.37508e-05
4.37173e-05
4.36929e-05
4.36762e-05
4.36656e-05
4.366e-05
4.36584e-05
4.36601e-05
4.36642e-05
4.36703e-05
4.36779e-05
4.36866e-05
0.00355552
0.00223346
0.0014401
0.00123165
0.00111739
0.000939491
0.000723431
0.000517142
0.000351366
0.000235089
0.000160533
0.000115036
8.75454e-05
7.12623e-05
6.16434e-05
5.59727e-05
5.26098e-05
5.06111e-05
4.94346e-05
4.8755e-05
4.83804e-05
4.81899e-05
4.80988e-05
4.80509e-05
4.80085e-05
4.79465e-05
4.785e-05
4.77094e-05
4.75209e-05
4.72871e-05
4.70163e-05
4.6721e-05
4.64198e-05
4.61226e-05
4.5837e-05
4.55688e-05
4.5322e-05
4.50988e-05
4.49001e-05
4.47284e-05
4.45778e-05
4.44463e-05
4.43321e-05
4.42335e-05
4.41489e-05
4.40765e-05
4.4015e-05
4.3963e-05
4.39196e-05
4.38836e-05
4.3854e-05
4.383e-05
4.38111e-05
4.37965e-05
4.37857e-05
4.37781e-05
4.37733e-05
4.37708e-05
4.37704e-05
4.37716e-05
4.37743e-05
4.3778e-05
4.37828e-05
4.37883e-05
4.37944e-05
4.38011e-05
4.38082e-05
4.38156e-05
4.38233e-05
4.38313e-05
4.38394e-05
4.38478e-05
4.38563e-05
4.38649e-05
0.00146326
0.00119999
0.00103149
0.000809963
0.000573885
0.000373345
0.000231024
0.000144201
9.61825e-05
7.09757e-05
5.79102e-05
5.12755e-05
4.79278e-05
4.62193e-05
4.53285e-05
4.48525e-05
4.45929e-05
4.44489e-05
4.43696e-05
4.43277e-05
4.4307e-05
4.42976e-05
4.4293e-05
4.42886e-05
4.42811e-05
4.42682e-05
4.42486e-05
4.4222e-05
4.41895e-05
4.41531e-05
4.41148e-05
4.40773e-05
4.4042e-05
4.40098e-05
4.39813e-05
4.39569e-05
4.39364e-05
4.39197e-05
4.39067e-05
4.38965e-05
4.38888e-05
4.38832e-05
4.38794e-05
4.38771e-05
4.38761e-05
4.38761e-05
4.38771e-05
4.38789e-05
4.38813e-05
4.38842e-05
4.38877e-05
4.38915e-05
4.38957e-05
4.39002e-05
4.3905e-05
4.39099e-05
4.39151e-05
4.39204e-05
4.39259e-05
4.39315e-05
4.39372e-05
4.39431e-05
4.3949e-05
4.3955e-05
4.39611e-05
4.39673e-05
4.39736e-05
4.398e-05
4.39864e-05
4.39929e-05
4.39995e-05
4.40062e-05
0.00147491
0.0011521
0.000932234
0.000679501
0.000441547
0.000262878
0.000152117
9.37638e-05
6.60872e-05
5.36561e-05
4.81658e-05
4.57899e-05
4.47805e-05
4.4344e-05
4.41502e-05
4.40615e-05
4.40194e-05
4.39988e-05
4.39886e-05
4.39836e-05
4.39814e-05
4.39806e-05
4.39807e-05
4.3981e-05
4.39814e-05
4.39814e-05
4.3981e-05
4.39801e-05
4.39787e-05
4.39772e-05
4.39756e-05
4.39742e-05
4.39733e-05
4.39729e-05
4.39732e-05
4.3974e-05
4.39754e-05
4.39772e-05
4.39794e-05
4.3982e-05
4.39848e-05
4.39878e-05
4.3991e-05
4.39943e-05
4.39977e-05
4.40012e-05
4.40048e-05
4.40085e-05
4.40123e-05
4.40161e-05
4.402e-05
4.40239e-05
4.40279e-05
4.4032e-05
4.40361e-05
4.40403e-05
4.40445e-05
4.40488e-05
4.40532e-05
4.40576e-05
4.40621e-05
4.40666e-05
4.40712e-05
4.40759e-05
4.40806e-05
4.40854e-05
4.40902e-05
4.40951e-05
4.41e-05
4.4105e-05
4.41101e-05
4.41152e-05
0.00147423
0.00108984
0.000825626
0.000556585
0.000332303
0.000184141
0.000104209
6.78045e-05
5.30271e-05
4.73503e-05
4.52221e-05
4.44494e-05
4.41785e-05
4.40869e-05
4.40577e-05
4.40504e-05
4.40505e-05
4.40526e-05
4.4055e-05
4.40571e-05
4.40586e-05
4.40598e-05
4.40607e-05
4.40615e-05
4.40622e-05
4.40628e-05
4.40636e-05
4.40645e-05
4.40657e-05
4.4067e-05
4.40687e-05
4.40706e-05
4.40728e-05
4.40752e-05
4.40778e-05
4.40806e-05
4.40835e-05
4.40865e-05
4.40896e-05
4.40926e-05
4.40957e-05
4.40987e-05
4.41017e-05
4.41048e-05
4.41078e-05
4.41108e-05
4.41138e-05
4.41169e-05
4.41199e-05
4.41229e-05
4.4126e-05
4.41291e-05
4.41322e-05
4.41354e-05
4.41386e-05
4.41418e-05
4.41451e-05
4.41484e-05
4.41518e-05
4.41552e-05
4.41586e-05
4.41621e-05
4.41656e-05
4.41692e-05
4.41728e-05
4.41764e-05
4.41801e-05
4.41839e-05
4.41877e-05
4.41915e-05
4.41954e-05
4.41993e-05
0.00146096
0.00101594
0.000717519
0.000446835
0.000247163
0.000131116
7.66112e-05
5.5131e-05
4.76419e-05
4.5186e-05
4.44116e-05
4.41842e-05
4.41268e-05
4.41188e-05
4.41237e-05
4.41309e-05
4.41376e-05
4.4143e-05
4.41471e-05
4.41501e-05
4.41523e-05
4.41539e-05
4.4155e-05
4.41558e-05
4.41564e-05
4.4157e-05
4.41576e-05
4.41583e-05
4.41592e-05
4.41603e-05
4.41616e-05
4.41632e-05
4.4165e-05
4.4167e-05
4.41691e-05
4.41714e-05
4.41738e-05
4.41763e-05
4.41788e-05
4.41813e-05
4.41839e-05
4.41863e-05
4.41888e-05
4.41912e-05
4.41936e-05
4.4196e-05
4.41984e-05
4.42008e-05
4.42031e-05
4.42055e-05
4.42079e-05
4.42103e-05
4.42127e-05
4.42152e-05
4.42176e-05
4.42201e-05
4.42226e-05
4.42252e-05
4.42277e-05
4.42303e-05
4.4233e-05
4.42356e-05
4.42383e-05
4.42411e-05
4.42438e-05
4.42466e-05
4.42495e-05
4.42524e-05
4.42553e-05
4.42582e-05
4.42612e-05
4.42642e-05
0.0014353
0.00093376
0.000613085
0.000353426
0.000183744
9.69071e-05
6.13284e-05
4.91694e-05
4.55096e-05
4.44924e-05
4.42308e-05
4.41773e-05
4.41765e-05
4.41865e-05
4.4197e-05
4.42058e-05
4.42127e-05
4.42181e-05
4.42221e-05
4.42251e-05
4.42274e-05
4.4229e-05
4.42302e-05
4.4231e-05
4.42316e-05
4.42322e-05
4.42326e-05
4.42331e-05
4.42337e-05
4.42344e-05
4.42353e-05
4.42364e-05
4.42376e-05
4.4239e-05
4.42406e-05
4.42423e-05
4.42441e-05
4.4246e-05
4.4248e-05
4.42499e-05
4.42519e-05
4.42539e-05
4.42558e-05
4.42578e-05
4.42597e-05
4.42616e-05
4.42635e-05
4.42653e-05
4.42672e-05
4.42691e-05
4.42709e-05
4.42728e-05
4.42746e-05
4.42765e-05
4.42784e-05
4.42803e-05
4.42823e-05
4.42842e-05
4.42862e-05
4.42882e-05
4.42902e-05
4.42923e-05
4.42943e-05
4.42964e-05
4.42985e-05
4.43007e-05
4.43029e-05
4.43051e-05
4.43073e-05
4.43095e-05
4.43118e-05
4.43141e-05
0.00139787
0.000846622
0.000515905
0.000276952
0.000138185
7.55638e-05
5.31125e-05
4.64369e-05
4.47023e-05
4.42999e-05
4.4224e-05
4.42226e-05
4.42347e-05
4.42471e-05
4.42573e-05
4.42654e-05
4.42717e-05
4.42765e-05
4.42802e-05
4.4283e-05
4.42852e-05
4.42868e-05
4.4288e-05
4.42888e-05
4.42895e-05
4.429e-05
4.42904e-05
4.42908e-05
4.42912e-05
4.42917e-05
4.42923e-05
4.4293e-05
4.42938e-05
4.42948e-05
4.42959e-05
4.42971e-05
4.42984e-05
4.42998e-05
4.43013e-05
4.43028e-05
4.43043e-05
4.43059e-05
4.43074e-05
4.4309e-05
4.43105e-05
4.4312e-05
4.43135e-05
4.43149e-05
4.43164e-05
4.43179e-05
4.43193e-05
4.43208e-05
4.43222e-05
4.43237e-05
4.43251e-05
4.43266e-05
4.43281e-05
4.43296e-05
4.43311e-05
4.43326e-05
4.43342e-05
4.43358e-05
4.43373e-05
4.4339e-05
4.43406e-05
4.43422e-05
4.43439e-05
4.43456e-05
4.43473e-05
4.4349e-05
4.43507e-05
4.43525e-05
0.0013495
0.000757588
0.000428821
0.000216313
0.000106411
6.25918e-05
4.87956e-05
4.52161e-05
4.4418e-05
4.42703e-05
4.42586e-05
4.42709e-05
4.42845e-05
4.42959e-05
4.43048e-05
4.43119e-05
4.43174e-05
4.43217e-05
4.4325e-05
4.43276e-05
4.43295e-05
4.43311e-05
4.43322e-05
4.43331e-05
4.43338e-05
4.43343e-05
4.43347e-05
4.4335e-05
4.43354e-05
4.43357e-05
4.43361e-05
4.43366e-05
4.43371e-05
4.43378e-05
4.43385e-05
4.43394e-05
4.43403e-05
4.43413e-05
4.43424e-05
4.43435e-05
4.43447e-05
4.43459e-05
4.43471e-05
4.43483e-05
4.43495e-05
4.43507e-05
4.43519e-05
4.4353e-05
4.43542e-05
4.43553e-05
4.43565e-05
4.43576e-05
4.43588e-05
4.43599e-05
4.4361e-05
4.43622e-05
4.43633e-05
4.43645e-05
4.43656e-05
4.43668e-05
4.4368e-05
4.43692e-05
4.43704e-05
4.43717e-05
4.43729e-05
4.43742e-05
4.43755e-05
4.43768e-05
4.43781e-05
4.43794e-05
4.43807e-05
4.43821e-05
0.00129123
0.000669083
0.000352996
0.000169491
8.47817e-05
5.48684e-05
4.65694e-05
4.46883e-05
4.43339e-05
4.4289e-05
4.42978e-05
4.43122e-05
4.43246e-05
4.43343e-05
4.4342e-05
4.4348e-05
4.43528e-05
4.43565e-05
4.43595e-05
4.43618e-05
4.43636e-05
4.43651e-05
4.43662e-05
4.4367e-05
4.43677e-05
4.43682e-05
4.43686e-05
4.43689e-05
4.43692e-05
4.43695e-05
4.43698e-05
4.43701e-05
4.43705e-05
4.43709e-05
4.43714e-05
4.4372e-05
4.43727e-05
4.43734e-05
4.43742e-05
4.4375e-05
4.43759e-05
4.43768e-05
4.43777e-05
4.43786e-05
4.43796e-05
4.43805e-05
4.43815e-05
4.43824e-05
4.43833e-05
4.43842e-05
4.43851e-05
4.4386e-05
4.43869e-05
4.43878e-05
4.43887e-05
4.43896e-05
4.43905e-05
4.43914e-05
4.43923e-05
4.43932e-05
4.43941e-05
4.4395e-05
4.4396e-05
4.43969e-05
4.43979e-05
4.43989e-05
4.43999e-05
4.44008e-05
4.44019e-05
4.44029e-05
4.44039e-05
4.4405e-05
0.00122346
0.000584279
0.000288668
0.000134131
7.03592e-05
5.03477e-05
4.54419e-05
4.44724e-05
4.43236e-05
4.43184e-05
4.43324e-05
4.43457e-05
4.43563e-05
4.43645e-05
4.4371e-05
4.43761e-05
4.43802e-05
4.43834e-05
4.4386e-05
4.43881e-05
4.43897e-05
4.43911e-05
4.43921e-05
4.43929e-05
4.43936e-05
4.43941e-05
4.43945e-05
4.43948e-05
4.43951e-05
4.43953e-05
4.43956e-05
4.43958e-05
4.43961e-05
4.43964e-05
4.43968e-05
4.43972e-05
4.43976e-05
4.43981e-05
4.43986e-05
4.43992e-05
4.43999e-05
4.44005e-05
4.44012e-05
4.44019e-05
4.44027e-05
4.44034e-05
4.44041e-05
4.44049e-05
4.44056e-05
4.44063e-05
4.4407e-05
4.44077e-05
4.44084e-05
4.44091e-05
4.44098e-05
4.44105e-05
4.44112e-05
4.44119e-05
4.44126e-05
4.44134e-05
4.44141e-05
4.44148e-05
4.44155e-05
4.44163e-05
4.4417e-05
4.44178e-05
4.44185e-05
4.44193e-05
4.44201e-05
4.44209e-05
4.44217e-05
4.44225e-05
0.00114623
0.000505258
0.000235256
0.000107941
6.09101e-05
4.77395e-05
4.4883e-05
4.4394e-05
4.43385e-05
4.43472e-05
4.43609e-05
4.43723e-05
4.43812e-05
4.43881e-05
4.43935e-05
4.43978e-05
4.44012e-05
4.4404e-05
4.44062e-05
4.4408e-05
4.44094e-05
4.44106e-05
4.44115e-05
4.44123e-05
4.44129e-05
4.44134e-05
4.44138e-05
4.44141e-05
4.44144e-05
4.44146e-05
4.44149e-05
4.44151e-05
4.44153e-05
4.44155e-05
4.44157e-05
4.4416e-05
4.44163e-05
4.44167e-05
4.4417e-05
4.44174e-05
4.44179e-05
4.44184e-05
4.44189e-05
4.44194e-05
4.44199e-05
4.44205e-05
4.4421e-05
4.44216e-05
4.44221e-05
4.44227e-05
4.44233e-05
4.44238e-05
4.44244e-05
4.44249e-05
4.44254e-05
4.4426e-05
4.44265e-05
4.44271e-05
4.44276e-05
4.44282e-05
4.44287e-05
4.44293e-05
4.44298e-05
4.44304e-05
4.4431e-05
4.44316e-05
4.44321e-05
4.44327e-05
4.44333e-05
4.44339e-05
4.44346e-05
4.44352e-05
0.00106291
0.000433212
0.000191656
8.88716e-05
5.47926e-05
4.62559e-05
4.46135e-05
4.4374e-05
4.43595e-05
4.43718e-05
4.43839e-05
4.43933e-05
4.44007e-05
4.44064e-05
4.44109e-05
4.44145e-05
4.44173e-05
4.44196e-05
4.44215e-05
4.44231e-05
4.44243e-05
4.44254e-05
4.44262e-05
4.44269e-05
4.44275e-05
4.44279e-05
4.44283e-05
4.44286e-05
4.44289e-05
4.44291e-05
4.44293e-05
4.44295e-05
4.44297e-05
4.44298e-05
4.443e-05
4.44302e-05
4.44304e-05
4.44307e-05
4.44309e-05
4.44312e-05
4.44315e-05
4.44319e-05
4.44322e-05
4.44326e-05
4.4433e-05
4.44334e-05
4.44338e-05
4.44342e-05
4.44347e-05
4.44351e-05
4.44355e-05
4.44359e-05
4.44364e-05
4.44368e-05
4.44372e-05
4.44377e-05
4.44381e-05
4.44385e-05
4.44389e-05
4.44394e-05
4.44398e-05
4.44402e-05
4.44406e-05
4.44411e-05
4.44415e-05
4.4442e-05
4.44424e-05
4.44429e-05
4.44434e-05
4.44438e-05
4.44443e-05
4.44448e-05
0.000976363
0.000368739
0.000156684
7.51934e-05
5.08813e-05
4.54208e-05
4.44894e-05
4.43773e-05
4.43797e-05
4.4392e-05
4.44022e-05
4.44099e-05
4.4416e-05
4.44208e-05
4.44245e-05
4.44275e-05
4.443e-05
4.44319e-05
4.44336e-05
4.44349e-05
4.4436e-05
4.4437e-05
4.44377e-05
4.44384e-05
4.44389e-05
4.44393e-05
4.44397e-05
4.444e-05
4.44402e-05
4.44405e-05
4.44407e-05
4.44408e-05
4.4441e-05
4.44411e-05
4.44413e-05
4.44414e-05
4.44416e-05
4.44418e-05
4.4442e-05
4.44422e-05
4.44424e-05
4.44426e-05
4.44429e-05
4.44432e-05
4.44435e-05
4.44438e-05
4.44441e-05
4.44444e-05
4.44447e-05
4.44451e-05
4.44454e-05
4.44458e-05
4.44461e-05
4.44465e-05
4.44468e-05
4.44472e-05
4.44475e-05
4.44478e-05
4.44482e-05
4.44485e-05
4.44489e-05
4.44492e-05
4.44496e-05
4.44499e-05
4.44503e-05
4.44506e-05
4.4451e-05
4.44513e-05
4.44517e-05
4.44521e-05
4.44525e-05
4.44528e-05
0.000889017
0.000312135
0.000129073
6.55127e-05
4.84084e-05
4.49574e-05
4.4437e-05
4.43888e-05
4.43974e-05
4.44083e-05
4.44167e-05
4.44231e-05
4.44282e-05
4.44322e-05
4.44354e-05
4.4438e-05
4.44401e-05
4.44418e-05
4.44432e-05
4.44444e-05
4.44454e-05
4.44462e-05
4.44469e-05
4.44475e-05
4.4448e-05
4.44484e-05
4.44487e-05
4.4449e-05
4.44493e-05
4.44495e-05
4.44497e-05
4.44498e-05
4.445e-05
4.44501e-05
4.44502e-05
4.44504e-05
4.44505e-05
4.44506e-05
4.44508e-05
4.44509e-05
4.44511e-05
4.44513e-05
4.44515e-05
4.44517e-05
4.44519e-05
4.44521e-05
4.44523e-05
4.44526e-05
4.44528e-05
4.44531e-05
4.44534e-05
4.44537e-05
4.44539e-05
4.44542e-05
4.44545e-05
4.44548e-05
4.4455e-05
4.44553e-05
4.44556e-05
4.44558e-05
4.44561e-05
4.44564e-05
4.44567e-05
4.4457e-05
4.44572e-05
4.44575e-05
4.44578e-05
4.44581e-05
4.44584e-05
4.44587e-05
4.4459e-05
4.44593e-05
0.000802765
0.000263153
0.000107582
5.87429e-05
4.68613e-05
4.47045e-05
4.4419e-05
4.44021e-05
4.44121e-05
4.44214e-05
4.44284e-05
4.44338e-05
4.44381e-05
4.44415e-05
4.44442e-05
4.44464e-05
4.44482e-05
4.44497e-05
4.44509e-05
4.4452e-05
4.44528e-05
4.44536e-05
4.44542e-05
4.44547e-05
4.44552e-05
4.44556e-05
4.44559e-05
4.44562e-05
4.44564e-05
4.44566e-05
4.44568e-05
4.4457e-05
4.44571e-05
4.44572e-05
4.44573e-05
4.44575e-05
4.44576e-05
4.44577e-05
4.44578e-05
4.44579e-05
4.4458e-05
4.44582e-05
4.44583e-05
4.44585e-05
4.44586e-05
4.44588e-05
4.4459e-05
4.44591e-05
4.44593e-05
4.44595e-05
4.44598e-05
4.446e-05
4.44602e-05
4.44604e-05
4.44606e-05
4.44608e-05
4.44611e-05
4.44613e-05
4.44615e-05
4.44617e-05
4.44619e-05
4.44622e-05
4.44624e-05
4.44626e-05
4.44628e-05
4.4463e-05
4.44633e-05
4.44635e-05
4.44637e-05
4.4464e-05
4.44642e-05
4.44644e-05
0.000718998
0.00022132
9.10777e-05
5.40602e-05
4.59029e-05
4.45697e-05
4.44168e-05
4.44145e-05
4.44241e-05
4.44319e-05
4.44379e-05
4.44426e-05
4.44462e-05
4.4449e-05
4.44514e-05
4.44532e-05
4.44548e-05
4.44561e-05
4.44572e-05
4.44581e-05
4.44589e-05
4.44596e-05
4.44601e-05
4.44606e-05
4.4461e-05
4.44614e-05
4.44617e-05
4.44619e-05
4.44622e-05
4.44624e-05
4.44625e-05
4.44627e-05
4.44628e-05
4.4463e-05
4.44631e-05
4.44632e-05
4.44633e-05
4.44634e-05
4.44635e-05
4.44636e-05
4.44637e-05
4.44638e-05
4.44639e-05
4.4464e-05
4.44641e-05
4.44642e-05
4.44644e-05
4.44645e-05
4.44647e-05
4.44648e-05
4.4465e-05
4.44651e-05
4.44653e-05
4.44655e-05
4.44656e-05
4.44658e-05
4.4466e-05
4.44662e-05
4.44663e-05
4.44665e-05
4.44667e-05
4.44669e-05
4.44671e-05
4.44672e-05
4.44674e-05
4.44676e-05
4.44678e-05
4.4468e-05
4.44681e-05
4.44683e-05
4.44685e-05
4.44687e-05
0.000638778
0.000186055
7.85541e-05
5.08539e-05
4.53152e-05
4.45003e-05
4.44213e-05
4.44255e-05
4.4434e-05
4.44407e-05
4.44458e-05
4.44498e-05
4.44529e-05
4.44554e-05
4.44574e-05
4.4459e-05
4.44604e-05
4.44616e-05
4.44626e-05
4.44634e-05
4.44642e-05
4.44648e-05
4.44653e-05
4.44658e-05
4.44662e-05
4.44665e-05
4.44668e-05
4.44671e-05
4.44673e-05
4.44675e-05
4.44677e-05
4.44678e-05
4.44679e-05
4.44681e-05
4.44682e-05
4.44683e-05
4.44684e-05
4.44684e-05
4.44685e-05
4.44686e-05
4.44687e-05
4.44688e-05
4.44689e-05
4.44689e-05
4.4469e-05
4.44691e-05
4.44692e-05
4.44693e-05
4.44695e-05
4.44696e-05
4.44697e-05
4.44698e-05
4.44699e-05
4.44701e-05
4.44702e-05
4.44704e-05
4.44705e-05
4.44706e-05
4.44708e-05
4.44709e-05
4.44711e-05
4.44712e-05
4.44714e-05
4.44715e-05
4.44717e-05
4.44718e-05
4.44719e-05
4.44721e-05
4.44722e-05
4.44724e-05
4.44725e-05
4.44727e-05
0.000562928
0.000156636
6.91579e-05
4.86795e-05
4.49589e-05
4.44667e-05
4.44283e-05
4.44349e-05
4.44424e-05
4.44481e-05
4.44525e-05
4.4456e-05
4.44587e-05
4.44609e-05
4.44628e-05
4.44643e-05
4.44656e-05
4.44667e-05
4.44677e-05
4.44685e-05
4.44693e-05
4.44699e-05
4.44704e-05
4.44709e-05
4.44713e-05
4.44717e-05
4.4472e-05
4.44723e-05
4.44725e-05
4.44727e-05
4.44729e-05
4.44731e-05
4.44732e-05
4.44733e-05
4.44734e-05
4.44735e-05
4.44736e-05
4.44737e-05
4.44738e-05
4.44739e-05
4.44739e-05
4.4474e-05
4.44741e-05
4.44741e-05
4.44742e-05
4.44743e-05
4.44744e-05
4.44744e-05
4.44744e-05
4.44745e-05
4.44745e-05
4.44746e-05
4.44747e-05
4.44748e-05
4.4475e-05
4.44751e-05
4.44752e-05
4.44753e-05
4.44754e-05
4.44756e-05
4.44757e-05
4.44758e-05
4.44759e-05
4.44761e-05
4.44762e-05
4.44763e-05
4.44764e-05
4.44765e-05
4.44766e-05
4.44767e-05
4.44769e-05
4.4477e-05
0.000491991
0.000132389
6.21824e-05
4.7219e-05
4.47457e-05
4.44524e-05
4.44358e-05
4.44429e-05
4.44496e-05
4.44547e-05
4.44586e-05
4.44618e-05
4.44644e-05
4.44667e-05
4.44686e-05
4.44703e-05
4.44718e-05
4.44732e-05
4.44744e-05
4.44755e-05
4.44764e-05
4.44772e-05
4.4478e-05
4.44786e-05
4.44792e-05
4.44796e-05
4.44801e-05
4.44804e-05
4.44807e-05
4.4481e-05
4.44812e-05
4.44814e-05
4.44815e-05
4.44816e-05
4.44817e-05
4.44818e-05
4.44819e-05
4.44819e-05
4.4482e-05
4.4482e-05
4.4482e-05
4.4482e-05
4.44821e-05
4.44821e-05
4.44821e-05
4.44821e-05
4.44822e-05
4.44822e-05
4.44822e-05
4.44823e-05
4.44823e-05
4.44824e-05
4.44824e-05
4.44825e-05
4.44826e-05
4.44827e-05
4.44827e-05
4.44828e-05
4.44829e-05
4.4483e-05
4.44831e-05
4.44831e-05
4.44832e-05
4.44833e-05
4.44833e-05
4.44834e-05
4.44834e-05
4.44835e-05
4.44835e-05
4.44835e-05
4.44836e-05
4.44836e-05
0.000426509
0.000112663
5.70576e-05
4.62474e-05
4.462e-05
4.44481e-05
4.44431e-05
4.44502e-05
4.44562e-05
4.44608e-05
4.44646e-05
4.44678e-05
4.44705e-05
4.44728e-05
4.44748e-05
4.44765e-05
4.44781e-05
4.44794e-05
4.44805e-05
4.44815e-05
4.44823e-05
4.4483e-05
4.44835e-05
4.4484e-05
4.44844e-05
4.44848e-05
4.44851e-05
4.44853e-05
4.44855e-05
4.44856e-05
4.44858e-05
4.44858e-05
4.44859e-05
4.4486e-05
4.4486e-05
4.4486e-05
4.4486e-05
4.4486e-05
4.4486e-05
4.44861e-05
4.44861e-05
4.44861e-05
4.4486e-05
4.4486e-05
4.4486e-05
4.4486e-05
4.4486e-05
4.4486e-05
4.4486e-05
4.4486e-05
4.4486e-05
4.4486e-05
4.4486e-05
4.4486e-05
4.4486e-05
4.4486e-05
4.44861e-05
4.44861e-05
4.44861e-05
4.44861e-05
4.44861e-05
4.44861e-05
4.44861e-05
4.44861e-05
4.44861e-05
4.44861e-05
4.44861e-05
4.44861e-05
4.44861e-05
4.44861e-05
4.44861e-05
4.4486e-05
0.000366888
9.67989e-05
5.33332e-05
4.56076e-05
4.45476e-05
4.4449e-05
4.44501e-05
4.44569e-05
4.44625e-05
4.4467e-05
4.44706e-05
4.44736e-05
4.44762e-05
4.44783e-05
4.44802e-05
4.44817e-05
4.44829e-05
4.4484e-05
4.44848e-05
4.44855e-05
4.44861e-05
4.44865e-05
4.44869e-05
4.44872e-05
4.44874e-05
4.44876e-05
4.44877e-05
4.44878e-05
4.44879e-05
4.4488e-05
4.4488e-05
4.44881e-05
4.44881e-05
4.44881e-05
4.44881e-05
4.44881e-05
4.44881e-05
4.44881e-05
4.44881e-05
4.44881e-05
4.4488e-05
4.4488e-05
4.4488e-05
4.4488e-05
4.44879e-05
4.44879e-05
4.44879e-05
4.44879e-05
4.44878e-05
4.44878e-05
4.44878e-05
4.44878e-05
4.44878e-05
4.44877e-05
4.44877e-05
4.44877e-05
4.44877e-05
4.44877e-05
4.44876e-05
4.44876e-05
4.44876e-05
4.44876e-05
4.44875e-05
4.44875e-05
4.44875e-05
4.44875e-05
4.44874e-05
4.44874e-05
4.44874e-05
4.44874e-05
4.44873e-05
4.44873e-05
0.000313298
8.41875e-05
5.065e-05
4.51904e-05
4.45073e-05
4.44526e-05
4.44568e-05
4.44633e-05
4.44685e-05
4.44727e-05
4.4476e-05
4.44788e-05
4.4481e-05
4.44828e-05
4.44843e-05
4.44854e-05
4.44864e-05
4.44871e-05
4.44877e-05
4.44881e-05
4.44884e-05
4.44887e-05
4.44889e-05
4.4489e-05
4.44892e-05
4.44893e-05
4.44893e-05
4.44894e-05
4.44894e-05
4.44894e-05
4.44894e-05
4.44894e-05
4.44894e-05
4.44894e-05
4.44894e-05
4.44894e-05
4.44894e-05
4.44893e-05
4.44893e-05
4.44893e-05
4.44893e-05
4.44892e-05
4.44892e-05
4.44891e-05
4.44891e-05
4.44891e-05
4.4489e-05
4.4489e-05
4.4489e-05
4.44889e-05
4.44889e-05
4.44889e-05
4.44888e-05
4.44888e-05
4.44888e-05
4.44887e-05
4.44887e-05
4.44886e-05
4.44886e-05
4.44886e-05
4.44885e-05
4.44885e-05
4.44885e-05
4.44884e-05
4.44884e-05
4.44883e-05
4.44883e-05
4.44883e-05
4.44882e-05
4.44882e-05
4.44881e-05
4.44881e-05
0.00026578
7.42812e-05
4.87365e-05
4.49212e-05
4.44862e-05
4.44577e-05
4.44632e-05
4.44693e-05
4.4474e-05
4.44777e-05
4.44807e-05
4.4483e-05
4.44848e-05
4.44862e-05
4.44873e-05
4.44881e-05
4.44887e-05
4.44892e-05
4.44895e-05
4.44898e-05
4.449e-05
4.44901e-05
4.44902e-05
4.44903e-05
4.44904e-05
4.44904e-05
4.44904e-05
4.44905e-05
4.44905e-05
4.44904e-05
4.44904e-05
4.44904e-05
4.44904e-05
4.44904e-05
4.44903e-05
4.44903e-05
4.44903e-05
4.44902e-05
4.44902e-05
4.44901e-05
4.44901e-05
4.449e-05
4.449e-05
4.449e-05
4.44899e-05
4.44899e-05
4.44898e-05
4.44898e-05
4.44897e-05
4.44897e-05
4.44896e-05
4.44896e-05
4.44895e-05
4.44895e-05
4.44895e-05
4.44894e-05
4.44894e-05
4.44893e-05
4.44893e-05
4.44892e-05
4.44892e-05
4.44891e-05
4.44891e-05
4.4489e-05
4.4489e-05
4.44889e-05
4.44889e-05
4.44888e-05
4.44888e-05
4.44887e-05
4.44887e-05
4.44886e-05
0.000224259
6.6598e-05
4.73857e-05
4.47497e-05
4.44764e-05
4.44632e-05
4.44692e-05
4.44746e-05
4.44788e-05
4.4482e-05
4.44844e-05
4.44863e-05
4.44876e-05
4.44887e-05
4.44894e-05
4.449e-05
4.44904e-05
4.44907e-05
4.44909e-05
4.4491e-05
4.44911e-05
4.44912e-05
4.44913e-05
4.44913e-05
4.44913e-05
4.44913e-05
4.44913e-05
4.44913e-05
4.44913e-05
4.44912e-05
4.44912e-05
4.44912e-05
4.44911e-05
4.44911e-05
4.4491e-05
4.4491e-05
4.44909e-05
4.44909e-05
4.44908e-05
4.44908e-05
4.44907e-05
4.44907e-05
4.44906e-05
4.44906e-05
4.44905e-05
4.44904e-05
4.44904e-05
4.44903e-05
4.44903e-05
4.44902e-05
4.44902e-05
4.44901e-05
4.44901e-05
4.449e-05
4.449e-05
4.44899e-05
4.44898e-05
4.44898e-05
4.44897e-05
4.44897e-05
4.44896e-05
4.44896e-05
4.44895e-05
4.44894e-05
4.44894e-05
4.44893e-05
4.44893e-05
4.44892e-05
4.44891e-05
4.44891e-05
4.4489e-05
4.4489e-05
0.000188526
6.07138e-05
4.6442e-05
4.46421e-05
4.44731e-05
4.44687e-05
4.44745e-05
4.44793e-05
4.44828e-05
4.44855e-05
4.44874e-05
4.44888e-05
4.44898e-05
4.44905e-05
4.4491e-05
4.44914e-05
4.44916e-05
4.44918e-05
4.44919e-05
4.4492e-05
4.44921e-05
4.44921e-05
4.44921e-05
4.44921e-05
4.44921e-05
4.44921e-05
4.44921e-05
4.4492e-05
4.4492e-05
4.44919e-05
4.44919e-05
4.44918e-05
4.44918e-05
4.44917e-05
4.44917e-05
4.44916e-05
4.44916e-05
4.44915e-05
4.44914e-05
4.44914e-05
4.44913e-05
4.44912e-05
4.44912e-05
4.44911e-05
4.4491e-05
4.4491e-05
4.44909e-05
4.44908e-05
4.44908e-05
4.44907e-05
4.44907e-05
4.44906e-05
4.44905e-05
4.44905e-05
4.44904e-05
4.44903e-05
4.44903e-05
4.44902e-05
4.44901e-05
4.44901e-05
4.449e-05
4.44899e-05
4.44899e-05
4.44898e-05
4.44897e-05
4.44897e-05
4.44896e-05
4.44895e-05
4.44894e-05
4.44894e-05
4.44893e-05
4.44892e-05
0.000158266
5.62603e-05
4.57898e-05
4.45758e-05
4.44734e-05
4.44738e-05
4.44792e-05
4.44833e-05
4.44862e-05
4.44883e-05
4.44897e-05
4.44908e-05
4.44915e-05
4.4492e-05
4.44923e-05
4.44925e-05
4.44927e-05
4.44928e-05
4.44929e-05
4.44929e-05
4.4493e-05
4.4493e-05
4.4493e-05
4.4493e-05
4.44929e-05
4.44929e-05
4.44929e-05
4.44928e-05
4.44928e-05
4.44927e-05
4.44927e-05
4.44926e-05
4.44926e-05
4.44925e-05
4.44924e-05
4.44924e-05
4.44923e-05
4.44922e-05
4.44921e-05
4.44921e-05
4.4492e-05
4.44919e-05
4.44918e-05
4.44918e-05
4.44917e-05
4.44916e-05
4.44915e-05
4.44914e-05
4.44914e-05
4.44913e-05
4.44912e-05
4.44911e-05
4.4491e-05
4.4491e-05
4.44909e-05
4.44908e-05
4.44907e-05
4.44907e-05
4.44906e-05
4.44905e-05
4.44904e-05
4.44903e-05
4.44903e-05
4.44902e-05
4.44901e-05
4.449e-05
4.44899e-05
4.44898e-05
4.44898e-05
4.44897e-05
4.44896e-05
4.44895e-05
0.000133093
5.29295e-05
4.53447e-05
4.45361e-05
4.44757e-05
4.44785e-05
4.44832e-05
4.44866e-05
4.4489e-05
4.44906e-05
4.44916e-05
4.44924e-05
4.44929e-05
4.44932e-05
4.44935e-05
4.44936e-05
4.44938e-05
4.44939e-05
4.44939e-05
4.4494e-05
4.4494e-05
4.4494e-05
4.4494e-05
4.4494e-05
4.44939e-05
4.44939e-05
4.44939e-05
4.44938e-05
4.44938e-05
4.44937e-05
4.44936e-05
4.44936e-05
4.44935e-05
4.44934e-05
4.44933e-05
4.44932e-05
4.44931e-05
4.44931e-05
4.4493e-05
4.44929e-05
4.44928e-05
4.44927e-05
4.44926e-05
4.44925e-05
4.44924e-05
4.44923e-05
4.44922e-05
4.44921e-05
4.4492e-05
4.44919e-05
4.44918e-05
4.44917e-05
4.44916e-05
4.44916e-05
4.44915e-05
4.44914e-05
4.44913e-05
4.44912e-05
4.44911e-05
4.4491e-05
4.44909e-05
4.44908e-05
4.44907e-05
4.44906e-05
4.44905e-05
4.44904e-05
4.44903e-05
4.44902e-05
4.44901e-05
4.449e-05
4.44899e-05
4.44898e-05
0.000112454
5.04692e-05
4.50453e-05
4.45132e-05
4.4479e-05
4.44827e-05
4.44867e-05
4.44894e-05
4.44912e-05
4.44925e-05
4.44933e-05
4.44938e-05
4.44942e-05
4.44945e-05
4.44947e-05
4.44948e-05
4.44949e-05
4.4495e-05
4.44951e-05
4.44951e-05
4.44951e-05
4.44951e-05
4.44951e-05
4.44951e-05
4.4495e-05
4.4495e-05
4.44949e-05
4.44949e-05
4.44948e-05
4.44947e-05
4.44946e-05
4.44945e-05
4.44944e-05
4.44943e-05
4.44942e-05
4.44941e-05
4.4494e-05
4.44939e-05
4.44938e-05
4.44937e-05
4.44936e-05
4.44934e-05
4.44933e-05
4.44932e-05
4.44931e-05
4.4493e-05
4.44929e-05
4.44927e-05
4.44926e-05
4.44925e-05
4.44924e-05
4.44923e-05
4.44922e-05
4.44921e-05
4.44919e-05
4.44918e-05
4.44917e-05
4.44916e-05
4.44915e-05
4.44914e-05
4.44913e-05
4.44911e-05
4.4491e-05
4.44909e-05
4.44908e-05
4.44907e-05
4.44906e-05
4.44905e-05
4.44903e-05
4.44902e-05
4.44901e-05
4.449e-05
9.58063e-05
4.86746e-05
4.48466e-05
4.45008e-05
4.44825e-05
4.44864e-05
4.44896e-05
4.44918e-05
4.44932e-05
4.44942e-05
4.44948e-05
4.44953e-05
4.44956e-05
4.44958e-05
4.4496e-05
4.44961e-05
4.44962e-05
4.44963e-05
4.44964e-05
4.44964e-05
4.44964e-05
4.44963e-05
4.44963e-05
4.44962e-05
4.44961e-05
4.44961e-05
4.4496e-05
4.44958e-05
4.44957e-05
4.44956e-05
4.44955e-05
4.44953e-05
4.44952e-05
4.44951e-05
4.44949e-05
4.44948e-05
4.44946e-05
4.44945e-05
4.44944e-05
4.44942e-05
4.44941e-05
4.44939e-05
4.44938e-05
4.44936e-05
4.44935e-05
4.44934e-05
4.44932e-05
4.44931e-05
4.44929e-05
4.44928e-05
4.44927e-05
4.44925e-05
4.44924e-05
4.44923e-05
4.44921e-05
4.4492e-05
4.44919e-05
4.44917e-05
4.44916e-05
4.44915e-05
4.44914e-05
4.44912e-05
4.44911e-05
4.4491e-05
4.44908e-05
4.44907e-05
4.44906e-05
4.44904e-05
4.44903e-05
4.44902e-05
4.44901e-05
4.44899e-05
8.26233e-05
4.7382e-05
4.47167e-05
4.44948e-05
4.44861e-05
4.44896e-05
4.44922e-05
4.4494e-05
4.44951e-05
4.44958e-05
4.44964e-05
4.44968e-05
4.44971e-05
4.44973e-05
4.44974e-05
4.44976e-05
4.44976e-05
4.44976e-05
4.44976e-05
4.44976e-05
4.44975e-05
4.44974e-05
4.44973e-05
4.44972e-05
4.4497e-05
4.44969e-05
4.44967e-05
4.44965e-05
4.44964e-05
4.44962e-05
4.4496e-05
4.44958e-05
4.44956e-05
4.44954e-05
4.44953e-05
4.44951e-05
4.44949e-05
4.44947e-05
4.44945e-05
4.44943e-05
4.44942e-05
4.4494e-05
4.44938e-05
4.44937e-05
4.44935e-05
4.44933e-05
4.44932e-05
4.4493e-05
4.44928e-05
4.44927e-05
4.44925e-05
4.44924e-05
4.44922e-05
4.44921e-05
4.44919e-05
4.44918e-05
4.44916e-05
4.44915e-05
4.44913e-05
4.44912e-05
4.4491e-05
4.44909e-05
4.44907e-05
4.44906e-05
4.44905e-05
4.44903e-05
4.44902e-05
4.449e-05
4.44899e-05
4.44898e-05
4.44896e-05
4.44895e-05
7.23747e-05
4.64633e-05
4.46332e-05
4.44927e-05
4.44894e-05
4.44925e-05
4.44946e-05
4.4496e-05
4.44969e-05
4.44976e-05
4.4498e-05
4.44984e-05
4.44986e-05
4.44988e-05
4.44989e-05
4.4499e-05
4.44989e-05
4.44989e-05
4.44988e-05
4.44986e-05
4.44985e-05
4.44983e-05
4.44981e-05
4.44978e-05
4.44976e-05
4.44974e-05
4.44971e-05
4.44969e-05
4.44966e-05
4.44964e-05
4.44961e-05
4.44959e-05
4.44956e-05
4.44954e-05
4.44951e-05
4.44949e-05
4.44947e-05
4.44944e-05
4.44942e-05
4.4494e-05
4.44938e-05
4.44936e-05
4.44934e-05
4.44932e-05
4.4493e-05
4.44928e-05
4.44926e-05
4.44924e-05
4.44922e-05
4.4492e-05
4.44919e-05
4.44917e-05
4.44915e-05
4.44913e-05
4.44912e-05
4.4491e-05
4.44909e-05
4.44907e-05
4.44905e-05
4.44904e-05
4.44902e-05
4.44901e-05
4.44899e-05
4.44898e-05
4.44896e-05
4.44895e-05
4.44893e-05
4.44892e-05
4.4489e-05
4.44889e-05
4.44887e-05
4.44886e-05
6.45502e-05
4.58188e-05
4.45806e-05
4.44929e-05
4.44926e-05
4.44951e-05
4.44969e-05
4.4498e-05
4.44988e-05
4.44994e-05
4.44998e-05
4.45001e-05
4.45002e-05
4.45003e-05
4.45003e-05
4.45002e-05
4.45001e-05
4.44999e-05
4.44997e-05
4.44994e-05
4.44991e-05
4.44988e-05
4.44984e-05
4.44981e-05
4.44978e-05
4.44974e-05
4.44971e-05
4.44968e-05
4.44964e-05
4.44961e-05
4.44958e-05
4.44955e-05
4.44952e-05
4.44949e-05
4.44946e-05
4.44943e-05
4.4494e-05
4.44937e-05
4.44935e-05
4.44932e-05
4.4493e-05
4.44927e-05
4.44925e-05
4.44922e-05
4.4492e-05
4.44918e-05
4.44916e-05
4.44914e-05
4.44912e-05
4.4491e-05
4.44908e-05
4.44906e-05
4.44904e-05
4.44902e-05
4.449e-05
4.44898e-05
4.44897e-05
4.44895e-05
4.44893e-05
4.44892e-05
4.4489e-05
4.44888e-05
4.44887e-05
4.44885e-05
4.44883e-05
4.44882e-05
4.4488e-05
4.44879e-05
4.44877e-05
4.44876e-05
4.44874e-05
4.44873e-05
5.86834e-05
4.53729e-05
4.45482e-05
4.44943e-05
4.44955e-05
4.44976e-05
4.44991e-05
4.45001e-05
4.45008e-05
4.45013e-05
4.45016e-05
4.45018e-05
4.45018e-05
4.45017e-05
4.45015e-05
4.45013e-05
4.4501e-05
4.45006e-05
4.45002e-05
4.44998e-05
4.44993e-05
4.44989e-05
4.44985e-05
4.4498e-05
4.44976e-05
4.44971e-05
4.44967e-05
4.44963e-05
4.44959e-05
4.44955e-05
4.44951e-05
4.44947e-05
4.44943e-05
4.4494e-05
4.44936e-05
4.44933e-05
4.4493e-05
4.44927e-05
4.44924e-05
4.44921e-05
4.44918e-05
4.44915e-05
4.44912e-05
4.4491e-05
4.44907e-05
4.44905e-05
4.44902e-05
4.449e-05
4.44898e-05
4.44896e-05
4.44893e-05
4.44891e-05
4.44889e-05
4.44887e-05
4.44885e-05
4.44883e-05
4.44881e-05
4.44879e-05
4.44878e-05
4.44876e-05
4.44874e-05
4.44872e-05
4.4487e-05
4.44869e-05
4.44867e-05
4.44865e-05
4.44864e-05
4.44862e-05
4.4486e-05
4.44859e-05
4.44857e-05
4.44856e-05
5.43706e-05
4.50688e-05
4.45289e-05
4.44965e-05
4.44984e-05
4.45002e-05
4.45015e-05
4.45023e-05
4.45029e-05
4.45032e-05
4.45033e-05
4.45033e-05
4.45031e-05
4.45028e-05
4.45025e-05
4.4502e-05
4.45015e-05
4.4501e-05
4.45004e-05
4.44999e-05
4.44993e-05
4.44987e-05
4.44982e-05
4.44976e-05
4.44971e-05
4.44965e-05
4.4496e-05
4.44955e-05
4.44951e-05
4.44946e-05
4.44942e-05
4.44937e-05
4.44933e-05
4.44929e-05
4.44925e-05
4.44921e-05
4.44918e-05
4.44914e-05
4.44911e-05
4.44907e-05
4.44904e-05
4.44901e-05
4.44898e-05
4.44895e-05
4.44892e-05
4.44889e-05
4.44887e-05
4.44884e-05
4.44882e-05
4.44879e-05
4.44877e-05
4.44874e-05
4.44872e-05
4.4487e-05
4.44868e-05
4.44865e-05
4.44863e-05
4.44861e-05
4.44859e-05
4.44857e-05
4.44855e-05
4.44854e-05
4.44852e-05
4.4485e-05
4.44848e-05
4.44846e-05
4.44844e-05
4.44843e-05
4.44841e-05
4.44839e-05
4.44838e-05
4.44836e-05
5.12587e-05
4.48647e-05
4.4518e-05
4.44992e-05
4.45013e-05
4.45028e-05
4.45039e-05
4.45046e-05
4.4505e-05
4.45051e-05
4.4505e-05
4.45047e-05
4.45042e-05
4.45037e-05
4.45031e-05
4.45025e-05
4.45018e-05
4.45011e-05
4.45004e-05
4.44997e-05
4.4499e-05
4.44983e-05
4.44976e-05
4.4497e-05
4.44964e-05
4.44958e-05
4.44952e-05
4.44946e-05
4.44941e-05
4.44936e-05
4.44931e-05
4.44926e-05
4.44921e-05
4.44917e-05
4.44912e-05
4.44908e-05
4.44904e-05
4.449e-05
4.44896e-05
4.44893e-05
4.44889e-05
4.44886e-05
4.44882e-05
4.44879e-05
4.44876e-05
4.44873e-05
4.4487e-05
4.44867e-05
4.44864e-05
4.44861e-05
4.44859e-05
4.44856e-05
4.44853e-05
4.44851e-05
4.44848e-05
4.44846e-05
4.44844e-05
4.44842e-05
4.44839e-05
4.44837e-05
4.44835e-05
4.44833e-05
4.44831e-05
4.44829e-05
4.44827e-05
4.44825e-05
4.44823e-05
4.44821e-05
4.44819e-05
4.44817e-05
4.44816e-05
4.44814e-05
4.90539e-05
4.47319e-05
4.45126e-05
4.45022e-05
4.45042e-05
4.45055e-05
4.45064e-05
4.45068e-05
4.45069e-05
4.45068e-05
4.45064e-05
4.45058e-05
4.45051e-05
4.45043e-05
4.45035e-05
4.45027e-05
4.45018e-05
4.4501e-05
4.45001e-05
4.44993e-05
4.44985e-05
4.44977e-05
4.4497e-05
4.44963e-05
4.44956e-05
4.44949e-05
4.44943e-05
4.44937e-05
4.44931e-05
4.44925e-05
4.44919e-05
4.44914e-05
4.44909e-05
4.44904e-05
4.44899e-05
4.44894e-05
4.4489e-05
4.44885e-05
4.44881e-05
4.44877e-05
4.44873e-05
4.44869e-05
4.44866e-05
4.44862e-05
4.44858e-05
4.44855e-05
4.44852e-05
4.44848e-05
4.44845e-05
4.44842e-05
4.44839e-05
4.44836e-05
4.44834e-05
4.44831e-05
4.44828e-05
4.44825e-05
4.44823e-05
4.4482e-05
4.44818e-05
4.44815e-05
4.44813e-05
4.44811e-05
4.44808e-05
4.44806e-05
4.44804e-05
4.44802e-05
4.448e-05
4.44798e-05
4.44796e-05
4.44794e-05
4.44792e-05
4.4479e-05
4.75189e-05
4.46475e-05
4.45106e-05
4.45054e-05
4.45073e-05
4.45083e-05
4.45089e-05
4.4509e-05
4.45088e-05
4.45082e-05
4.45075e-05
4.45066e-05
4.45057e-05
4.45047e-05
4.45037e-05
4.45027e-05
4.45017e-05
4.45007e-05
4.44998e-05
4.44989e-05
4.4498e-05
4.44971e-05
4.44963e-05
4.44955e-05
4.44948e-05
4.4494e-05
4.44933e-05
4.44927e-05
4.4492e-05
4.44914e-05
4.44908e-05
4.44902e-05
4.44896e-05
4.44891e-05
4.44885e-05
4.4488e-05
4.44875e-05
4.4487e-05
4.44866e-05
4.44861e-05
4.44857e-05
4.44852e-05
4.44848e-05
4.44844e-05
4.4484e-05
4.44836e-05
4.44833e-05
4.44829e-05
4.44826e-05
4.44822e-05
4.44819e-05
4.44816e-05
4.44812e-05
4.44809e-05
4.44806e-05
4.44803e-05
4.448e-05
4.44798e-05
4.44795e-05
4.44792e-05
4.44789e-05
4.44787e-05
4.44784e-05
4.44782e-05
4.44779e-05
4.44777e-05
4.44775e-05
4.44772e-05
4.4477e-05
4.44768e-05
4.44765e-05
4.44763e-05
4.64696e-05
4.45952e-05
4.4511e-05
4.45089e-05
4.45104e-05
4.45111e-05
4.45113e-05
4.4511e-05
4.45104e-05
4.45095e-05
4.45084e-05
4.45073e-05
4.45061e-05
4.4505e-05
4.45038e-05
4.45027e-05
4.45015e-05
4.45005e-05
4.44994e-05
4.44984e-05
4.44975e-05
4.44965e-05
4.44956e-05
4.44948e-05
4.44939e-05
4.44931e-05
4.44924e-05
4.44916e-05
4.44909e-05
4.44902e-05
4.44896e-05
4.44889e-05
4.44883e-05
4.44877e-05
4.44871e-05
4.44865e-05
4.4486e-05
4.44854e-05
4.44849e-05
4.44844e-05
4.44839e-05
4.44834e-05
4.4483e-05
4.44825e-05
4.44821e-05
4.44817e-05
4.44812e-05
4.44808e-05
4.44804e-05
4.448e-05
4.44797e-05
4.44793e-05
4.44789e-05
4.44786e-05
4.44783e-05
4.44779e-05
4.44776e-05
4.44773e-05
4.4477e-05
4.44767e-05
4.44764e-05
4.44761e-05
4.44758e-05
4.44755e-05
4.44752e-05
4.4475e-05
4.44747e-05
4.44744e-05
4.44742e-05
4.44739e-05
4.44737e-05
4.44734e-05
4.57654e-05
4.4564e-05
4.45129e-05
4.45126e-05
4.45136e-05
4.45139e-05
4.45136e-05
4.45128e-05
4.45118e-05
4.45105e-05
4.45092e-05
4.45079e-05
4.45065e-05
4.45052e-05
4.45039e-05
4.45026e-05
4.45014e-05
4.45002e-05
4.44991e-05
4.4498e-05
4.44969e-05
4.44959e-05
4.4495e-05
4.4494e-05
4.44931e-05
4.44922e-05
4.44914e-05
4.44906e-05
4.44898e-05
4.4489e-05
4.44883e-05
4.44876e-05
4.44869e-05
4.44862e-05
4.44855e-05
4.44849e-05
4.44843e-05
4.44837e-05
4.44831e-05
4.44825e-05
4.4482e-05
4.44815e-05
4.44809e-05
4.44804e-05
4.44799e-05
4.44794e-05
4.4479e-05
4.44785e-05
4.44781e-05
4.44776e-05
4.44772e-05
4.44768e-05
4.44764e-05
4.4476e-05
4.44756e-05
4.44752e-05
4.44749e-05
4.44745e-05
4.44742e-05
4.44738e-05
4.44735e-05
4.44731e-05
4.44728e-05
4.44725e-05
4.44722e-05
4.44719e-05
4.44716e-05
4.44713e-05
4.4471e-05
4.44707e-05
4.44705e-05
4.44702e-05
4.53014e-05
4.45464e-05
4.45159e-05
4.45163e-05
4.45168e-05
4.45165e-05
4.45156e-05
4.45144e-05
4.4513e-05
4.45115e-05
4.45099e-05
4.45084e-05
4.45068e-05
4.45054e-05
4.45039e-05
4.45026e-05
4.45012e-05
4.45e-05
4.44987e-05
4.44975e-05
4.44964e-05
4.44953e-05
4.44942e-05
4.44932e-05
4.44922e-05
4.44912e-05
4.44903e-05
4.44894e-05
4.44885e-05
4.44877e-05
4.44869e-05
4.44861e-05
4.44853e-05
4.44845e-05
4.44838e-05
4.44831e-05
4.44824e-05
4.44817e-05
4.44811e-05
4.44804e-05
4.44798e-05
4.44792e-05
4.44786e-05
4.4478e-05
4.44775e-05
4.44769e-05
4.44764e-05
4.44759e-05
4.44754e-05
4.44749e-05
4.44744e-05
4.4474e-05
4.44735e-05
4.44731e-05
4.44726e-05
4.44722e-05
4.44718e-05
4.44714e-05
4.4471e-05
4.44706e-05
4.44702e-05
4.44699e-05
4.44695e-05
4.44691e-05
4.44688e-05
4.44685e-05
4.44681e-05
4.44678e-05
4.44675e-05
4.44672e-05
4.44669e-05
4.44666e-05
4.50014e-05
4.45375e-05
4.45195e-05
4.452e-05
4.45198e-05
4.45189e-05
4.45175e-05
4.45159e-05
4.45141e-05
4.45123e-05
4.45106e-05
4.45089e-05
4.45072e-05
4.45056e-05
4.4504e-05
4.45026e-05
4.45011e-05
4.44997e-05
4.44984e-05
4.44971e-05
4.44958e-05
4.44946e-05
4.44934e-05
4.44923e-05
4.44912e-05
4.44901e-05
4.44891e-05
4.44881e-05
4.44871e-05
4.44861e-05
4.44852e-05
4.44843e-05
4.44834e-05
4.44826e-05
4.44818e-05
4.44809e-05
4.44802e-05
4.44794e-05
4.44787e-05
4.44779e-05
4.44772e-05
4.44766e-05
4.44759e-05
4.44753e-05
4.44746e-05
4.4474e-05
4.44734e-05
4.44728e-05
4.44723e-05
4.44717e-05
4.44712e-05
4.44706e-05
4.44701e-05
4.44696e-05
4.44691e-05
4.44687e-05
4.44682e-05
4.44677e-05
4.44673e-05
4.44669e-05
4.44664e-05
4.4466e-05
4.44656e-05
4.44652e-05
4.44649e-05
4.44645e-05
4.44641e-05
4.44638e-05
4.44634e-05
4.44631e-05
4.44627e-05
4.44624e-05
4.48142e-05
4.45341e-05
4.45235e-05
4.45235e-05
4.45226e-05
4.45211e-05
4.45192e-05
4.45172e-05
4.45152e-05
4.45132e-05
4.45113e-05
4.45094e-05
4.45076e-05
4.45059e-05
4.45042e-05
4.45025e-05
4.4501e-05
4.44994e-05
4.4498e-05
4.44965e-05
4.44951e-05
4.44938e-05
4.44924e-05
4.44912e-05
4.44899e-05
4.44887e-05
4.44875e-05
4.44864e-05
4.44853e-05
4.44842e-05
4.44832e-05
4.44821e-05
4.44812e-05
4.44802e-05
4.44793e-05
4.44784e-05
4.44775e-05
4.44766e-05
4.44758e-05
4.4475e-05
4.44742e-05
4.44734e-05
4.44727e-05
4.44719e-05
4.44712e-05
4.44705e-05
4.44699e-05
4.44692e-05
4.44686e-05
4.44679e-05
4.44673e-05
4.44668e-05
4.44662e-05
4.44656e-05
4.44651e-05
4.44645e-05
4.4464e-05
4.44635e-05
4.4463e-05
4.44626e-05
4.44621e-05
4.44616e-05
4.44612e-05
4.44607e-05
4.44603e-05
4.44599e-05
4.44595e-05
4.44591e-05
4.44587e-05
4.44584e-05
4.4458e-05
4.44576e-05
4.47008e-05
4.4534e-05
4.45276e-05
4.45269e-05
4.45252e-05
4.45231e-05
4.45209e-05
4.45186e-05
4.45164e-05
4.45142e-05
4.45121e-05
4.451e-05
4.4508e-05
4.45061e-05
4.45043e-05
4.45025e-05
4.45007e-05
4.4499e-05
4.44973e-05
4.44957e-05
4.44942e-05
4.44926e-05
4.44912e-05
4.44897e-05
4.44883e-05
4.44869e-05
4.44856e-05
4.44843e-05
4.44831e-05
4.44819e-05
4.44807e-05
4.44795e-05
4.44784e-05
4.44773e-05
4.44762e-05
4.44752e-05
4.44742e-05
4.44732e-05
4.44723e-05
4.44714e-05
4.44705e-05
4.44696e-05
4.44687e-05
4.44679e-05
4.44671e-05
4.44663e-05
4.44656e-05
4.44648e-05
4.44641e-05
4.44634e-05
4.44627e-05
4.44621e-05
4.44614e-05
4.44608e-05
4.44602e-05
4.44596e-05
4.4459e-05
4.44585e-05
4.44579e-05
4.44574e-05
4.44569e-05
4.44564e-05
4.44559e-05
4.44554e-05
4.4455e-05
4.44545e-05
4.44541e-05
4.44537e-05
4.44532e-05
4.44528e-05
4.44525e-05
4.44521e-05
4.46343e-05
4.4536e-05
4.45316e-05
4.453e-05
4.45277e-05
4.45252e-05
4.45226e-05
4.452e-05
4.45176e-05
4.45152e-05
4.45128e-05
4.45106e-05
4.45084e-05
4.45063e-05
4.45042e-05
4.45022e-05
4.45002e-05
4.44983e-05
4.44964e-05
4.44946e-05
4.44928e-05
4.44911e-05
4.44894e-05
4.44878e-05
4.44862e-05
4.44846e-05
4.44831e-05
4.44816e-05
4.44802e-05
4.44788e-05
4.44774e-05
4.44761e-05
4.44748e-05
4.44736e-05
4.44724e-05
4.44712e-05
4.44701e-05
4.4469e-05
4.44679e-05
4.44669e-05
4.44658e-05
4.44649e-05
4.44639e-05
4.4463e-05
4.44621e-05
4.44612e-05
4.44604e-05
4.44596e-05
4.44588e-05
4.4458e-05
4.44572e-05
4.44565e-05
4.44558e-05
4.44551e-05
4.44544e-05
4.44538e-05
4.44532e-05
4.44526e-05
4.4452e-05
4.44514e-05
4.44508e-05
4.44503e-05
4.44498e-05
4.44492e-05
4.44488e-05
4.44483e-05
4.44478e-05
4.44474e-05
4.44469e-05
4.44465e-05
4.44461e-05
4.44457e-05
4.45969e-05
4.4539e-05
4.45354e-05
4.4533e-05
4.45301e-05
4.45272e-05
4.45243e-05
4.45215e-05
4.45188e-05
4.45161e-05
4.45136e-05
4.4511e-05
4.45086e-05
4.45062e-05
4.45039e-05
4.45016e-05
4.44993e-05
4.44972e-05
4.4495e-05
4.4493e-05
4.44909e-05
4.4489e-05
4.4487e-05
4.44852e-05
4.44833e-05
4.44816e-05
4.44798e-05
4.44781e-05
4.44765e-05
4.44749e-05
4.44734e-05
4.44719e-05
4.44704e-05
4.4469e-05
4.44676e-05
4.44663e-05
4.4465e-05
4.44637e-05
4.44625e-05
4.44613e-05
4.44602e-05
4.4459e-05
4.44579e-05
4.44569e-05
4.44559e-05
4.44549e-05
4.44539e-05
4.4453e-05
4.44521e-05
4.44512e-05
4.44503e-05
4.44495e-05
4.44487e-05
4.44479e-05
4.44472e-05
4.44465e-05
4.44458e-05
4.44451e-05
4.44445e-05
4.44438e-05
4.44432e-05
4.44427e-05
4.44421e-05
4.44416e-05
4.44411e-05
4.44406e-05
4.44401e-05
4.44396e-05
4.44392e-05
4.44388e-05
4.44384e-05
4.4438e-05
4.45773e-05
4.45426e-05
4.45391e-05
4.45359e-05
4.45326e-05
4.45293e-05
4.45261e-05
4.4523e-05
4.45199e-05
4.4517e-05
4.45141e-05
4.45112e-05
4.45085e-05
4.45057e-05
4.45031e-05
4.45004e-05
4.44979e-05
4.44954e-05
4.44929e-05
4.44905e-05
4.44882e-05
4.44859e-05
4.44837e-05
4.44815e-05
4.44794e-05
4.44774e-05
4.44754e-05
4.44734e-05
4.44715e-05
4.44697e-05
4.44679e-05
4.44661e-05
4.44644e-05
4.44628e-05
4.44612e-05
4.44596e-05
4.44581e-05
4.44567e-05
4.44552e-05
4.44539e-05
4.44526e-05
4.44513e-05
4.445e-05
4.44488e-05
4.44477e-05
4.44466e-05
4.44455e-05
4.44445e-05
4.44435e-05
4.44425e-05
4.44416e-05
4.44407e-05
4.44398e-05
4.4439e-05
4.44382e-05
4.44375e-05
4.44368e-05
4.44361e-05
4.44354e-05
4.44348e-05
4.44342e-05
4.44336e-05
4.4433e-05
4.44325e-05
4.4432e-05
4.44315e-05
4.4431e-05
4.44306e-05
4.44302e-05
4.44298e-05
4.44294e-05
4.4429e-05
4.45681e-05
4.45466e-05
4.45427e-05
4.45389e-05
4.45351e-05
4.45314e-05
4.45279e-05
4.45244e-05
4.4521e-05
4.45176e-05
4.45143e-05
4.45111e-05
4.45079e-05
4.45047e-05
4.45017e-05
4.44986e-05
4.44957e-05
4.44928e-05
4.449e-05
4.44872e-05
4.44845e-05
4.44818e-05
4.44792e-05
4.44767e-05
4.44742e-05
4.44718e-05
4.44694e-05
4.44671e-05
4.44649e-05
4.44627e-05
4.44606e-05
4.44585e-05
4.44565e-05
4.44545e-05
4.44526e-05
4.44508e-05
4.4449e-05
4.44472e-05
4.44456e-05
4.44439e-05
4.44424e-05
4.44408e-05
4.44394e-05
4.44379e-05
4.44366e-05
4.44353e-05
4.4434e-05
4.44328e-05
4.44317e-05
4.44306e-05
4.44295e-05
4.44285e-05
4.44276e-05
4.44267e-05
4.44258e-05
4.44251e-05
4.44243e-05
4.44236e-05
4.4423e-05
4.44224e-05
4.44218e-05
4.44213e-05
4.44208e-05
4.44204e-05
4.442e-05
4.44196e-05
4.44193e-05
4.4419e-05
4.44188e-05
4.44186e-05
4.44184e-05
4.44182e-05
4.4565e-05
4.45506e-05
4.45462e-05
4.45418e-05
4.45376e-05
4.45334e-05
4.45293e-05
4.45253e-05
4.45214e-05
4.45175e-05
4.45136e-05
4.45098e-05
4.45061e-05
4.45024e-05
4.44988e-05
4.44952e-05
4.44917e-05
4.44882e-05
4.44849e-05
4.44816e-05
4.44783e-05
4.44752e-05
4.4472e-05
4.4469e-05
4.4466e-05
4.44632e-05
4.44603e-05
4.44576e-05
4.44549e-05
4.44523e-05
4.44498e-05
4.44474e-05
4.4445e-05
4.44428e-05
4.44406e-05
4.44385e-05
4.44365e-05
4.44346e-05
4.44328e-05
4.44311e-05
4.44294e-05
4.44279e-05
4.44264e-05
4.44251e-05
4.44238e-05
4.44226e-05
4.44215e-05
4.44205e-05
4.44196e-05
4.44188e-05
4.4418e-05
4.44173e-05
4.44167e-05
4.44161e-05
4.44156e-05
4.44152e-05
4.44148e-05
4.44144e-05
4.44141e-05
4.44138e-05
4.44135e-05
4.44132e-05
4.4413e-05
4.44128e-05
4.44126e-05
4.44124e-05
4.44122e-05
4.4412e-05
4.44118e-05
4.44118e-05
4.44117e-05
4.44116e-05
4.45655e-05
4.4555e-05
4.455e-05
4.45451e-05
4.45403e-05
4.45356e-05
4.4531e-05
4.45265e-05
4.4522e-05
4.45175e-05
4.45132e-05
4.45088e-05
4.45046e-05
4.45004e-05
4.44962e-05
4.44922e-05
4.44882e-05
4.44843e-05
4.44804e-05
4.44767e-05
4.4473e-05
4.44694e-05
4.44659e-05
4.44625e-05
4.44591e-05
4.44559e-05
4.44528e-05
4.44498e-05
4.4447e-05
4.44443e-05
4.44417e-05
4.44392e-05
4.44369e-05
4.44348e-05
4.44328e-05
4.4431e-05
4.44294e-05
4.44279e-05
4.44266e-05
4.44254e-05
4.44244e-05
4.44236e-05
4.44229e-05
4.44224e-05
4.4422e-05
4.44218e-05
4.44217e-05
4.44217e-05
4.44217e-05
4.44217e-05
4.44216e-05
4.44216e-05
4.44215e-05
4.44214e-05
4.44212e-05
4.4421e-05
4.44208e-05
4.44205e-05
4.44201e-05
4.44197e-05
4.44193e-05
4.4419e-05
4.44187e-05
4.44186e-05
4.44184e-05
4.44184e-05
4.44184e-05
4.44185e-05
4.44184e-05
4.44184e-05
4.44183e-05
4.44183e-05
4.45692e-05
4.45596e-05
4.45527e-05
4.45461e-05
4.45398e-05
4.45336e-05
4.45276e-05
4.45218e-05
4.45161e-05
4.45105e-05
4.45051e-05
4.44999e-05
4.44949e-05
4.44902e-05
4.44858e-05
4.44818e-05
4.44782e-05
4.44748e-05
4.44715e-05
4.44684e-05
4.44655e-05
4.44627e-05
4.44602e-05
4.44578e-05
4.44557e-05
4.44538e-05
4.44521e-05
4.44506e-05
4.44494e-05
4.44483e-05
4.44475e-05
4.44469e-05
4.44465e-05
4.44464e-05
4.44464e-05
4.44467e-05
4.44471e-05
4.44476e-05
4.44483e-05
4.4449e-05
4.44499e-05
4.44507e-05
4.44516e-05
4.44525e-05
4.44534e-05
4.44542e-05
4.4455e-05
4.44557e-05
4.44562e-05
4.44567e-05
4.4457e-05
4.44572e-05
4.44573e-05
4.44572e-05
4.44569e-05
4.44566e-05
4.4456e-05
4.44553e-05
4.44544e-05
4.44534e-05
4.44521e-05
4.44507e-05
4.44491e-05
4.44474e-05
4.44454e-05
4.44432e-05
4.44408e-05
4.44382e-05
4.44356e-05
4.44329e-05
4.44303e-05
4.44277e-05
)
;

boundaryField
{
    walls
    {
        type            fixedValue;
        value           uniform 0;
    }
    frontAndBack
    {
        type            empty;
    }
    farfield
    {
        type            inletOutlet;
        inletValue      uniform 4.44e-05;
        value           nonuniform List<scalar> 
72
(
4.45692e-05
4.45596e-05
4.45527e-05
4.45461e-05
4.45398e-05
4.45336e-05
4.45276e-05
4.45218e-05
4.45161e-05
4.45105e-05
4.45051e-05
4.44999e-05
4.44949e-05
4.44902e-05
4.44858e-05
4.44818e-05
4.44782e-05
4.44748e-05
4.44715e-05
4.44684e-05
4.44655e-05
4.44627e-05
4.44602e-05
4.44578e-05
4.44557e-05
4.44538e-05
4.44521e-05
4.44506e-05
4.44494e-05
4.44483e-05
4.44475e-05
4.44469e-05
4.44465e-05
4.44464e-05
4.44464e-05
4.44467e-05
4.44471e-05
4.44476e-05
4.44483e-05
4.4449e-05
4.44499e-05
4.44507e-05
4.44516e-05
4.44525e-05
4.44534e-05
4.44542e-05
4.4455e-05
4.44557e-05
4.44562e-05
4.44567e-05
4.4457e-05
4.44572e-05
4.44573e-05
4.44572e-05
4.44569e-05
4.44566e-05
4.4456e-05
4.44553e-05
4.44544e-05
4.44534e-05
4.44521e-05
4.44507e-05
4.44491e-05
4.44474e-05
4.44454e-05
4.44432e-05
4.44408e-05
4.44382e-05
4.44356e-05
4.44329e-05
4.44303e-05
4.44e-05
)
;
    }
    procBoundary3to1
    {
        type            processor;
        value           nonuniform List<scalar> 
101
(
4.05297e-07
1.26454e-06
2.23201e-06
3.32396e-06
4.56384e-06
5.99134e-06
7.68683e-06
9.81929e-06
1.25013e-05
1.58474e-05
2.00233e-05
2.51948e-05
3.15702e-05
3.94311e-05
4.91493e-05
6.11668e-05
7.38696e-05
8.69133e-05
0.000100577
0.000115346
0.000131872
0.000150936
0.000173408
0.000200386
0.000233142
0.000272533
0.00031911
0.000373733
0.000437792
0.000512519
0.00059888
0.000697662
0.000809502
0.000934871
0.00107408
0.00122831
0.00139811
0.0015839
0.00178602
0.00200374
0.00223559
0.00247988
0.00273544
0.00300131
0.00327657
0.00356024
0.00385115
0.004148
0.00444919
0.00378798
0.0023432
0.0023432
0.00245145
0.00255623
0.00265573
0.00274843
0.00283281
0.00290731
0.00297022
0.00301962
0.00305291
0.00306689
0.00305972
0.00303073
0.00297992
0.00290794
0.00281563
0.00270413
0.00257478
0.00242912
0.00226917
0.002093
0.00190161
0.00170277
0.00150319
0.00130856
0.00112343
0.000951628
0.000795631
0.000656535
0.00053498
0.000431026
0.000343925
0.00027232
0.000214658
0.000169252
0.000134273
0.00010789
8.83853e-05
7.42931e-05
6.4338e-05
5.74568e-05
5.28067e-05
4.9732e-05
4.77413e-05
4.64812e-05
4.57009e-05
4.52284e-05
4.49486e-05
4.47869e-05
4.46975e-05
)
;
    }
    procBoundary3to2
    {
        type            processor;
        value           nonuniform List<scalar> 
108
(
1.8289e-06
5.72664e-06
1.0134e-05
1.51136e-05
2.07353e-05
2.70785e-05
3.42378e-05
4.23345e-05
5.15214e-05
6.19501e-05
7.3706e-05
8.68262e-05
0.000101385
0.000117522
0.000135413
0.000155256
0.000177246
0.000201573
0.000228411
0.000290703
0.000290706
0.000290688
0.000290654
0.000290602
0.000290532
0.000290443
0.000257914
0.000290335
0.000290703
0.00032657
0.000365627
0.000407919
0.000453418
0.000502016
0.000553507
0.000607566
0.000663727
0.000721356
0.000779613
0.000837411
0.000897738
0.000897738
0.000951159
0.00099899
0.00103857
0.00106664
0.00107925
0.00107165
0.00103823
0.000972479
0.000867151
0.000714761
0.000509208
0.000253939
8.07332e-05
4.576e-05
4.35722e-05
4.36963e-05
4.38736e-05
4.40129e-05
4.41204e-05
4.42033e-05
4.42672e-05
4.43164e-05
4.43543e-05
4.43834e-05
4.4406e-05
4.44233e-05
4.44358e-05
4.44453e-05
4.44532e-05
4.44596e-05
4.44647e-05
4.44689e-05
4.44728e-05
4.44771e-05
4.44836e-05
4.4486e-05
4.44872e-05
4.4488e-05
4.44885e-05
4.44889e-05
4.44892e-05
4.44894e-05
4.44897e-05
4.44899e-05
4.44898e-05
4.44893e-05
4.44884e-05
4.44871e-05
4.44854e-05
4.44834e-05
4.44812e-05
4.44788e-05
4.44761e-05
4.44732e-05
4.44699e-05
4.44663e-05
4.44621e-05
4.44573e-05
4.44517e-05
4.44453e-05
4.44376e-05
4.44287e-05
4.44181e-05
4.44115e-05
4.44183e-05
4.44253e-05
)
;
    }
}


// ************************************************************************* //
