/*--------------------------------*- C++ -*----------------------------------*\
| =========                 |                                                 |
| \\      /  F ield         | OpenFOAM: The Open Source CFD Toolbox           |
|  \\    /   O peration     | Version:  2412                                  |
|   \\  /    A nd           | Website:  www.openfoam.com                      |
|    \\/     M anipulation  |                                                 |
\*---------------------------------------------------------------------------*/
FoamFile
{
    version     2.0;
    format      ascii;
    arch        "LSB;label=32;scalar=64";
    class       volScalarField;
    location    "160";
    object      p;
}
// * * * * * * * * * * * * * * * * * * * * * * * * * * * * * * * * * * * * * //

dimensions      [0 2 -2 0 0 0 0];

internalField   nonuniform List<scalar> 
7387
(
-137.972
-129.09
-120.369
-111.814
-103.419
-95.1796
-87.0973
-79.1734
-71.4081
-63.8011
-56.3529
-49.0627
-41.9306
-34.9575
-28.1455
-21.4964
-15.0115
-8.69149
-2.53746
3.44984
9.26952
14.921
20.4038
25.7178
30.8631
35.8402
40.6501
45.2942
49.774
54.0917
58.2494
62.2497
66.0956
69.79
73.3363
76.7383
79.9994
83.1231
86.1133
88.9742
91.7104
94.3242
96.8176
99.1939
101.461
103.628
105.693
107.648
109.482
111.204
112.851
114.445
116.008
117.448
118.724
119.771
120.57
121.325
122.108
122.956
124.056
125.078
125.682
125.624
124.645
121.674
115.227
115.085
122.062
127.815
131.008
124.86
-137.972
-129.09
-120.369
-111.814
-103.419
-95.1796
-87.0973
-79.1734
-71.408
-63.8011
-56.3529
-49.0628
-41.9306
-34.9574
-28.1455
-21.4964
-15.0115
-8.69146
-2.53745
3.44984
9.26953
14.921
20.4038
25.7179
30.8631
35.8402
40.6501
45.2942
49.774
54.0917
58.2494
62.2497
66.0956
69.79
73.3363
76.7383
79.9994
83.1231
86.1132
88.9742
91.7104
94.3242
96.8176
99.1939
101.461
103.628
105.693
107.648
109.482
111.204
112.851
114.445
116.008
117.448
118.723
119.771
120.57
121.325
122.109
122.957
124.056
125.078
125.681
125.622
124.641
121.669
115.234
115.105
122.078
127.814
131.001
124.859
-137.972
-129.09
-120.369
-111.814
-103.419
-95.1796
-87.0973
-79.1734
-71.408
-63.8011
-56.3528
-49.0627
-41.9306
-34.9574
-28.1455
-21.4963
-15.0114
-8.69147
-2.53742
3.44982
9.26956
14.921
20.4038
25.7179
30.8631
35.8402
40.6501
45.2942
49.774
54.0917
58.2494
62.2497
66.0956
69.79
73.3363
76.7383
79.9994
83.1231
86.1132
88.9742
91.7104
94.3242
96.8176
99.1939
101.461
103.628
105.693
107.648
109.482
111.204
112.851
114.445
116.008
117.448
118.723
119.771
120.57
121.325
122.109
122.957
124.056
125.077
125.679
125.619
124.636
121.664
115.245
115.133
122.099
127.815
130.994
124.867
-137.972
-129.09
-120.369
-111.814
-103.419
-95.1796
-87.0973
-79.1734
-71.408
-63.8011
-56.3528
-49.0627
-41.9306
-34.9574
-28.1455
-21.4963
-15.0114
-8.69144
-2.53742
3.44987
9.26956
14.921
20.4038
25.7179
30.8631
35.8402
40.6501
45.2942
49.7741
54.0917
58.2494
62.2497
66.0956
69.7899
73.3363
76.7383
79.9994
83.1231
86.1132
88.9742
91.7104
94.3241
96.8176
99.1939
101.461
103.628
105.693
107.648
109.482
111.204
112.851
114.445
116.008
117.448
118.723
119.77
120.57
121.325
122.109
122.957
124.056
125.077
125.678
125.617
124.631
121.66
115.26
115.167
122.122
127.821
130.99
124.89
-137.972
-129.09
-120.369
-111.814
-103.419
-95.1795
-87.0973
-79.1733
-71.408
-63.801
-56.3528
-49.0627
-41.9305
-34.9574
-28.1455
-21.4963
-15.0114
-8.69141
-2.5374
3.44989
9.26958
14.921
20.4039
25.7179
30.8631
35.8402
40.6501
45.2942
49.7741
54.0917
58.2494
62.2497
66.0956
69.79
73.3363
76.7383
79.9994
83.1231
86.1132
88.9742
91.7104
94.3241
96.8176
99.1938
101.461
103.628
105.693
107.648
109.482
111.204
112.851
114.445
116.008
117.448
118.723
119.77
120.57
121.325
122.109
122.958
124.056
125.076
125.676
125.614
124.626
121.656
115.283
115.212
122.151
127.828
130.984
124.939
-137.972
-129.09
-120.369
-111.814
-103.419
-95.1795
-87.0972
-79.1733
-71.4079
-63.801
-56.3527
-49.0626
-41.9305
-34.9573
-28.1454
-21.4963
-15.0114
-8.6914
-2.53736
3.44991
9.26961
14.9211
20.4039
25.7179
30.8632
35.8402
40.6502
45.2942
49.7741
54.0917
58.2494
62.2498
66.0956
69.79
73.3363
76.7383
79.9994
83.1231
86.1132
88.9742
91.7103
94.3241
96.8176
99.1938
101.461
103.627
105.693
107.648
109.482
111.204
112.851
114.445
116.008
117.447
118.723
119.77
120.57
121.325
122.11
122.958
124.056
125.075
125.674
125.61
124.62
121.655
115.319
115.273
122.185
127.821
130.972
125.014
-137.972
-129.09
-120.369
-111.814
-103.419
-95.1794
-87.0972
-79.1732
-71.4079
-63.8009
-56.3527
-49.0626
-41.9305
-34.9573
-28.1454
-21.4962
-15.0113
-8.69133
-2.53732
3.44996
9.26965
14.9211
20.4039
25.718
30.8632
35.8403
40.6502
45.2943
49.7741
54.0917
58.2494
62.2498
66.0956
69.79
73.3364
76.7383
79.9994
83.1231
86.1132
88.9742
91.7104
94.3241
96.8176
99.1938
101.461
103.627
105.693
107.648
109.482
111.204
112.852
114.445
116.008
117.447
118.722
119.77
120.57
121.325
122.11
122.959
124.057
125.074
125.672
125.605
124.614
121.658
115.375
115.358
122.225
127.808
130.951
125.113
-137.972
-129.089
-120.369
-111.814
-103.419
-95.1794
-87.0971
-79.1732
-71.4078
-63.8008
-56.3526
-49.0625
-41.9304
-34.9572
-28.1453
-21.4961
-15.0113
-8.69128
-2.53725
3.45003
9.26972
14.9212
20.404
25.718
30.8633
35.8403
40.6503
45.2943
49.7742
54.0918
58.2495
62.2498
66.0957
69.79
73.3364
76.7383
79.9994
83.1231
86.1133
88.9742
91.7104
94.3242
96.8176
99.1939
101.461
103.627
105.693
107.648
109.482
111.204
112.852
114.445
116.008
117.447
118.722
119.769
120.57
121.326
122.112
122.961
124.057
125.073
125.669
125.6
124.606
121.666
115.457
115.474
122.274
127.806
130.934
125.236
-137.972
-129.089
-120.369
-111.814
-103.418
-95.1792
-87.0969
-79.173
-71.4077
-63.8007
-56.3525
-49.0624
-41.9303
-34.9571
-28.1452
-21.496
-15.0111
-8.69116
-2.53715
3.45013
9.26982
14.9213
20.4041
25.7181
30.8633
35.8404
40.6503
45.2944
49.7742
54.0919
58.2496
62.2499
66.0957
69.7901
73.3364
76.7384
79.9995
83.1232
86.1133
88.9743
91.7104
94.3242
96.8176
99.1939
101.461
103.628
105.693
107.648
109.482
111.204
112.852
114.445
116.008
117.447
118.721
119.769
120.571
121.327
122.114
122.963
124.057
125.071
125.664
125.593
124.598
121.681
115.574
115.631
122.337
127.813
130.94
125.393
-137.971
-129.089
-120.369
-111.814
-103.418
-95.179
-87.0967
-79.1728
-71.4075
-63.8005
-56.3523
-49.0622
-41.9301
-34.9569
-28.145
-21.4959
-15.011
-8.69101
-2.53698
3.45028
9.26997
14.9214
20.4042
25.7182
30.8635
35.8405
40.6505
45.2945
49.7744
54.092
58.2497
62.25
66.0958
69.7902
73.3365
76.7385
79.9996
83.1233
86.1134
88.9744
91.7105
94.3243
96.8177
99.194
101.461
103.628
105.693
107.648
109.482
111.204
112.852
114.445
116.008
117.446
118.721
119.769
120.571
121.329
122.117
122.966
124.058
125.068
125.658
125.584
124.589
121.706
115.734
115.835
122.424
127.838
130.985
125.574
-137.971
-129.089
-120.368
-111.813
-103.418
-95.1787
-87.0965
-79.1726
-71.4072
-63.8003
-56.3521
-49.0619
-41.9298
-34.9567
-28.1448
-21.4956
-15.0108
-8.69078
-2.53676
3.4505
9.27018
14.9216
20.4044
25.7184
30.8637
35.8407
40.6507
45.2947
49.7745
54.0921
58.2498
62.2502
66.096
69.7903
73.3367
76.7386
79.9997
83.1234
86.1135
88.9745
91.7106
94.3244
96.8178
99.1941
101.461
103.628
105.693
107.648
109.482
111.204
112.852
114.445
116.007
117.446
118.72
119.768
120.573
121.332
122.121
122.971
124.06
125.065
125.651
125.573
124.578
121.741
115.944
116.088
122.557
127.9
131.061
125.761
-137.971
-129.088
-120.368
-111.813
-103.418
-95.1783
-87.096
-79.1721
-71.4068
-63.7999
-56.3517
-49.0616
-41.9295
-34.9563
-28.1444
-21.4953
-15.0104
-8.69044
-2.53644
3.45082
9.27049
14.9219
20.4047
25.7187
30.864
35.841
40.6509
45.295
49.7748
54.0924
58.2501
62.2504
66.0962
69.7905
73.3369
76.7388
79.9999
83.1236
86.1137
88.9746
91.7108
94.3245
96.818
99.1942
101.462
103.628
105.693
107.648
109.482
111.204
112.853
114.446
116.007
117.445
118.718
119.768
120.574
121.337
122.128
122.979
124.063
125.062
125.642
125.56
124.568
121.791
116.212
116.396
122.764
127.991
131.142
125.943
-137.97
-129.088
-120.367
-111.812
-103.417
-95.1777
-87.0955
-79.1716
-71.4062
-63.7993
-56.3511
-49.061
-41.929
-34.9558
-28.1439
-21.4948
-15.01
-8.69
-2.536
3.45124
9.27091
14.9223
20.4051
25.7191
30.8643
35.8414
40.6513
45.2953
49.7751
54.0927
58.2504
62.2507
66.0965
69.7908
73.3372
76.7391
80.0001
83.1238
86.1139
88.9749
91.711
94.3247
96.8182
99.1944
101.462
103.628
105.693
107.648
109.482
111.205
112.853
114.446
116.007
117.444
118.717
119.767
120.577
121.342
122.137
122.988
124.066
125.058
125.631
125.545
124.559
121.859
116.542
116.763
123.055
128.103
131.217
126.097
-147.032
-137.969
-129.087
-120.366
-111.811
-103.416
-95.1769
-87.0947
-79.1708
-71.4055
-63.7986
-56.3504
-49.0603
-41.9283
-34.9552
-28.1433
-21.4942
-15.0093
-8.6894
-2.53542
3.45181
9.27146
14.9229
20.4056
25.7196
30.8648
35.8419
40.6517
45.2957
49.7756
54.0931
58.2508
62.2511
66.0969
69.7912
73.3375
76.7394
80.0004
83.1241
86.1142
88.9752
91.7112
94.325
96.8184
99.1947
101.462
103.628
105.694
107.648
109.482
111.205
112.854
114.447
116.006
117.442
118.715
119.766
120.581
121.35
122.148
123.001
124.072
125.054
125.619
125.53
124.553
121.948
116.939
117.193
123.415
128.25
131.274
126.206
-147.03
-137.968
-129.086
-120.365
-111.81
-103.415
-95.1759
-87.0937
-79.1698
-71.4046
-63.7977
-56.3495
-49.0595
-41.9274
-34.9543
-28.1425
-21.4934
-15.0086
-8.68864
-2.53468
3.45253
9.27216
14.9235
20.4063
25.7203
30.8655
35.8425
40.6523
45.2963
49.7761
54.0937
58.2513
62.2516
66.0973
69.7917
73.3379
76.7398
80.0008
83.1245
86.1146
88.9755
91.7116
94.3253
96.8187
99.1951
101.462
103.629
105.694
107.648
109.483
111.206
112.855
114.448
116.006
117.441
118.712
119.766
120.586
121.361
122.163
123.018
124.079
125.05
125.607
125.516
124.554
122.064
117.406
117.701
123.854
128.429
131.297
126.279
-147.029
-137.967
-129.084
-120.364
-111.809
-103.414
-95.1747
-87.0925
-79.1687
-71.4034
-63.7965
-56.3484
-49.0584
-41.9263
-34.9533
-28.1415
-21.4924
-15.0076
-8.68769
-2.53375
3.45343
9.27304
14.9244
20.4072
25.7211
30.8662
35.8432
40.6531
45.297
49.7768
54.0943
58.2519
62.2522
66.0979
69.7922
73.3385
76.7404
80.0014
83.125
86.1151
88.976
91.712
94.3257
96.8191
99.1955
101.463
103.629
105.694
107.648
109.483
111.207
112.857
114.449
116.006
117.439
118.71
119.766
120.593
121.374
122.182
123.04
124.09
125.047
125.595
125.504
124.564
122.211
117.945
118.296
124.416
128.62
131.282
126.333
-147.027
-137.965
-129.083
-120.363
-111.808
-103.412
-95.1732
-87.091
-79.1672
-71.402
-63.7951
-56.347
-49.057
-41.925
-34.952
-28.1402
-21.4912
-15.0064
-8.68654
-2.53263
3.45454
9.27412
14.9255
20.4082
25.7221
30.8672
35.8442
40.654
45.298
49.7777
54.0952
58.2528
62.253
66.0987
69.793
73.3392
76.741
80.002
83.1256
86.1157
88.9766
91.7126
94.3262
96.8197
99.1961
101.463
103.629
105.694
107.648
109.484
111.209
112.859
114.451
116.005
117.437
118.707
119.766
120.601
121.39
122.205
123.066
124.104
125.046
125.584
125.498
124.589
122.394
118.556
118.986
125.113
128.832
131.193
126.367
-147.026
-137.963
-129.081
-120.361
-111.806
-103.411
-95.1714
-87.0893
-79.1655
-71.4003
-63.7935
-56.3454
-49.0555
-41.9235
-34.9505
-28.1388
-21.4897
-15.005
-8.68516
-2.53127
3.45587
9.27543
14.9267
20.4094
25.7233
30.8684
35.8454
40.6552
45.2991
49.7788
54.0962
58.2538
62.254
66.0996
69.7939
73.3401
76.7419
80.0028
83.1264
86.1165
88.9773
91.7133
94.3269
96.8203
99.1968
101.464
103.63
105.695
107.649
109.484
111.21
112.861
114.453
116.005
117.435
118.704
119.767
120.612
121.41
122.233
123.098
124.121
125.047
125.577
125.5
124.634
122.62
119.24
119.77
125.87
129.124
130.928
126.339
-147.023
-137.961
-129.079
-120.359
-111.804
-103.408
-95.1693
-87.0872
-79.1635
-71.3983
-63.7916
-56.3435
-49.0536
-41.9217
-34.9487
-28.137
-21.488
-15.0033
-8.6835
-2.52964
3.45747
9.277
14.9283
20.411
25.7248
30.8699
35.8468
40.6565
45.3004
49.7801
54.0975
58.255
62.2552
66.1008
69.795
73.3412
76.743
80.0038
83.1274
86.1174
88.9782
91.7142
94.3277
96.8212
99.1977
101.465
103.631
105.695
107.649
109.485
111.212
112.864
114.456
116.005
117.432
118.701
119.768
120.626
121.435
122.267
123.136
124.145
125.053
125.575
125.513
124.705
122.893
119.995
120.651
126.58
129.511
130.533
126.153
-147.021
-137.958
-129.076
-120.356
-111.801
-103.406
-95.1669
-87.0849
-79.1612
-71.396
-63.7893
-56.3413
-49.0514
-41.9195
-34.9466
-28.1349
-21.486
-15.0013
-8.68153
-2.52771
3.45937
9.27887
14.9301
20.4128
25.7266
30.8716
35.8485
40.6582
45.3021
49.7817
54.0991
58.2566
62.2567
66.1023
69.7964
73.3426
76.7443
80.0051
83.1287
86.1186
88.9794
91.7153
94.3288
96.8223
99.1989
101.466
103.632
105.696
107.65
109.487
111.215
112.868
114.459
116.005
117.43
118.699
119.771
120.643
121.465
122.307
123.182
124.174
125.065
125.582
125.543
124.807
123.22
120.818
121.567
127.245
130.071
130.188
125.71
-147.017
-137.955
-129.073
-120.353
-111.798
-103.403
-95.1641
-87.082
-79.1584
-71.3933
-63.7866
-56.3387
-49.0488
-41.917
-34.9441
-28.1325
-21.4836
-14.999
-8.6792
-2.5254
3.46164
9.28111
14.9323
20.4149
25.7287
30.8737
35.8506
40.6603
45.3041
49.7837
54.101
58.2584
62.2585
66.1041
69.7982
73.3443
76.746
80.0067
83.1302
86.1202
88.9809
91.7167
94.3302
96.8236
99.2004
101.468
103.633
105.697
107.651
109.488
111.218
112.872
114.463
116.005
117.428
118.697
119.776
120.664
121.5
122.355
123.235
124.212
125.085
125.601
125.593
124.948
123.604
121.71
122.514
127.904
130.922
129.889
125.017
-147.014
-137.952
-129.069
-120.349
-111.795
-103.4
-95.1607
-87.0788
-79.1552
-71.3901
-63.7835
-56.3356
-49.0458
-41.914
-34.9412
-28.1296
-21.4808
-14.9962
-8.67644
-2.52268
3.46433
9.28376
14.9349
20.4175
25.7313
30.8762
35.8531
40.6627
45.3065
49.786
54.1033
58.2607
62.2607
66.1063
69.8003
73.3464
76.748
80.0087
83.1322
86.1221
88.9828
91.7185
94.332
96.8254
99.2023
101.47
103.635
105.699
107.652
109.491
111.222
112.877
114.468
116.006
117.427
118.696
119.782
120.688
121.541
122.409
123.298
124.259
125.115
125.635
125.67
125.133
124.051
122.658
123.572
128.58
131.974
129.712
124.17
-147.009
-137.947
-129.065
-120.345
-111.791
-103.396
-95.1568
-87.0749
-79.1514
-71.3864
-63.7799
-56.332
-49.0423
-41.9105
-34.9378
-28.1262
-21.4774
-14.9928
-8.67317
-2.51946
3.46751
9.28691
14.9381
20.4206
25.7343
30.8792
35.856
40.6656
45.3094
49.7889
54.1061
58.2635
62.2635
66.1089
69.8029
73.3489
76.7505
80.0112
83.1346
86.1245
88.9851
91.7208
94.3341
96.8276
99.2046
101.472
103.638
105.7
107.654
109.493
111.227
112.883
114.473
116.008
117.427
118.696
119.792
120.718
121.59
122.472
123.369
124.317
125.16
125.689
125.779
125.366
124.566
123.646
124.716
129.332
132.959
129.955
123.429
-147.004
-137.942
-129.06
-120.34
-111.786
-103.391
-95.1522
-87.0704
-79.147
-71.3821
-63.7756
-56.3278
-49.0381
-41.9064
-34.9337
-28.1222
-21.4735
-14.9889
-8.66932
-2.51565
3.47128
9.29064
14.9417
20.4242
25.7379
30.8828
35.8595
40.6691
45.3128
49.7923
54.1095
58.2668
62.2667
66.1121
69.8061
73.352
76.7536
80.0142
83.1375
86.1273
88.9879
91.7235
94.3368
96.8303
99.2075
101.475
103.64
105.703
107.656
109.497
111.233
112.89
114.48
116.011
117.427
118.698
119.804
120.752
121.645
122.544
123.451
124.388
125.221
125.768
125.925
125.654
125.161
124.662
125.913
130.196
133.651
130.724
123.115
-146.998
-137.936
-129.054
-120.335
-111.78
-103.386
-95.1468
-87.0651
-79.1417
-71.3769
-63.7705
-56.3228
-49.0332
-41.9015
-34.9289
-28.1175
-21.4688
-14.9843
-8.66477
-2.51115
3.47573
9.29504
14.9461
20.4286
25.7422
30.887
35.8637
40.6733
45.3169
49.7963
54.1135
58.2707
62.2706
66.116
69.8099
73.3558
76.7573
80.0178
83.1411
86.1309
88.9915
91.727
94.3402
96.8337
99.2111
101.479
103.644
105.706
107.66
109.501
111.239
112.898
114.489
116.016
117.43
118.703
119.821
120.792
121.708
122.625
123.544
124.475
125.304
125.878
126.115
126.013
125.81
125.714
127.164
131.151
134.152
132.279
123.466
-146.991
-137.93
-129.048
-120.328
-111.774
-103.379
-95.1405
-87.0589
-79.1356
-71.3709
-63.7645
-56.3169
-49.0274
-41.8958
-34.9233
-28.1119
-21.4633
-14.9789
-8.65939
-2.50583
3.48099
9.30025
14.9513
20.4337
25.7472
30.8921
35.8687
40.6782
45.3218
49.8012
54.1183
58.2755
62.2753
66.1206
69.8145
73.3604
76.7618
80.0223
83.1456
86.1353
88.9958
91.7312
94.3444
96.8379
99.2155
101.484
103.648
105.71
107.664
109.507
111.247
112.908
114.498
116.022
117.435
118.711
119.842
120.839
121.78
122.717
123.651
124.58
125.413
126.024
126.357
126.439
126.504
126.835
128.462
132.188
134.718
134.7
125.156
-156.246
-146.983
-137.921
-129.04
-120.32
-111.766
-103.371
-95.133
-87.0515
-79.1283
-71.3637
-63.7575
-56.31
-49.0205
-41.8891
-34.9166
-28.1053
-21.4568
-14.9725
-8.65303
-2.49953
3.48723
9.30643
14.9574
20.4398
25.7533
30.8981
35.8747
40.6841
45.3277
49.807
54.1241
58.2813
62.2811
66.1263
69.8202
73.366
76.7674
80.0278
83.151
86.1407
89.0011
91.7364
94.3495
96.8431
99.2208
101.489
103.654
105.715
107.669
109.513
111.256
112.919
114.51
116.03
117.442
118.724
119.869
120.893
121.862
122.822
123.773
124.708
125.553
126.214
126.656
126.933
127.273
127.994
129.798
133.321
135.67
137.219
128.728
-156.236
-146.973
-137.912
-129.03
-120.311
-111.757
-103.363
-95.1242
-87.0428
-79.1198
-71.3553
-63.7492
-56.3018
-49.0124
-41.8811
-34.9087
-28.0975
-21.4491
-14.9648
-8.64547
-2.49204
3.49465
9.3138
14.9647
20.4471
25.7606
30.9053
35.8819
40.6913
45.3349
49.8141
54.1312
58.2883
62.288
66.1332
69.827
73.3727
76.774
80.0344
83.1574
86.147
89.0074
91.7425
94.3555
96.8491
99.227
101.495
103.66
105.721
107.675
109.521
111.267
112.933
114.524
116.041
117.454
118.742
119.904
120.956
121.955
122.94
123.913
124.861
125.73
126.453
127.018
127.498
128.112
129.179
131.18
134.566
137.156
139.215
134.101
-156.224
-146.962
-137.901
-129.019
-120.3
-111.746
-103.352
-95.1138
-87.0326
-79.1097
-71.3453
-63.7394
-56.2921
-49.0028
-41.8716
-34.8993
-28.0883
-21.4399
-14.9557
-8.63645
-2.48309
3.50355
9.32265
14.9735
20.4558
25.7693
30.914
35.8906
40.7
45.3434
49.8227
54.1396
58.2966
62.2963
66.1414
69.835
73.3807
76.7818
80.042
83.165
86.1545
89.0146
91.7496
94.3624
96.856
99.2341
101.503
103.667
105.728
107.682
109.531
111.28
112.948
114.54
116.056
117.47
118.767
119.947
121.03
122.06
123.075
124.073
125.043
125.948
126.746
127.445
128.131
129.012
130.392
132.612
135.954
139.139
140.991
140.717
-156.21
-146.948
-137.887
-129.006
-120.287
-111.733
-103.339
-95.1015
-87.0204
-79.0977
-71.3335
-63.7277
-56.2805
-48.9914
-41.8603
-34.8882
-28.0772
-21.429
-14.9449
-8.62568
-2.47238
3.5142
9.33326
14.9841
20.4663
25.7798
30.9244
35.9009
40.7102
45.3536
49.8327
54.1496
58.3065
62.306
66.1509
69.8445
73.3899
76.7909
80.051
83.1737
86.163
89.0231
91.7578
94.3705
96.864
99.2423
101.511
103.675
105.736
107.691
109.542
111.295
112.965
114.559
116.074
117.492
118.799
120.001
121.115
122.18
123.226
124.256
125.258
126.211
127.097
127.937
128.831
129.968
131.633
134.089
137.495
141.285
143.399
147.932
-156.193
-146.932
-137.872
-128.99
-120.272
-111.718
-103.325
-95.0869
-87.006
-79.0835
-71.3195
-63.7139
-56.2669
-48.9779
-41.8469
-34.8749
-28.0641
-21.4159
-14.9319
-8.61282
-2.45961
3.5269
9.34589
14.9967
20.4788
25.7921
30.9367
35.9131
40.7223
45.3655
49.8445
54.1612
58.318
62.3173
66.1621
69.8554
73.4007
76.8014
80.0613
83.1838
86.1729
89.0327
91.7672
94.3796
96.8732
99.2516
101.521
103.685
105.745
107.702
109.555
111.311
112.985
114.581
116.098
117.52
118.841
120.065
121.213
122.315
123.397
124.464
125.508
126.522
127.505
128.494
129.592
130.973
132.901
135.603
139.169
143.469
146.611
154.608
-156.173
-146.913
-137.853
-128.972
-120.254
-111.7
-103.307
-95.0696
-86.989
-79.0666
-71.3029
-63.6975
-56.2507
-48.9618
-41.831
-34.8592
-28.0485
-21.4005
-14.9166
-8.59756
-2.44445
3.54195
9.36083
15.0115
20.4935
25.8067
30.9512
35.9274
40.7364
45.3795
49.8583
54.1748
58.3314
62.3305
66.175
69.8681
73.4131
76.8136
80.0731
83.1954
86.1842
89.0437
91.7779
94.39
96.8834
99.2621
101.531
103.695
105.756
107.713
109.569
111.33
113.008
114.607
116.127
117.557
118.892
120.142
121.324
122.465
123.588
124.698
125.795
126.88
127.97
129.111
130.406
132.018
134.191
137.14
140.944
145.728
150.442
160.008
-156.15
-146.89
-137.831
-128.95
-120.232
-111.679
-103.286
-95.0492
-86.9688
-79.0467
-71.2833
-63.6781
-56.2315
-48.9428
-41.8122
-34.8405
-28.03
-21.3821
-14.8984
-8.57952
-2.42655
3.55971
9.37844
15.0289
20.5108
25.8238
30.9681
35.9441
40.753
45.3958
49.8744
54.1907
58.3469
62.3457
66.19
69.8827
73.4274
76.8275
80.0867
83.2086
86.197
89.0561
91.7898
94.4016
96.8949
99.2736
101.543
103.707
105.768
107.726
109.585
111.35
113.033
114.636
116.162
117.601
118.954
120.231
121.45
122.633
123.8
124.961
126.118
127.285
128.487
129.78
131.264
133.092
135.495
138.688
142.772
148.014
154.099
164.286
-156.123
-146.864
-137.805
-128.924
-120.207
-111.655
-103.262
-95.0251
-86.945
-79.0233
-71.2601
-63.6552
-56.2088
-48.9204
-41.79
-34.8185
-28.0082
-21.3605
-14.877
-8.55828
-2.4055
3.58056
9.3991
15.0494
20.5311
25.8439
30.9879
35.9637
40.7723
45.4148
49.8931
54.209
58.3649
62.3634
66.2072
69.8996
73.4438
76.8434
80.102
83.2234
86.2113
89.0698
91.803
94.4143
96.9073
99.2859
101.555
103.719
105.78
107.74
109.602
111.372
113.06
114.669
116.202
117.653
119.026
120.332
121.589
122.817
124.033
125.25
126.476
127.731
129.05
130.491
132.153
134.183
136.803
140.224
144.58
150.192
157.099
167.517
-156.091
-146.833
-137.774
-128.894
-120.177
-111.625
-103.233
-94.9968
-86.9171
-78.9956
-71.2328
-63.6283
-56.1822
-48.8941
-41.7639
-34.7927
-27.9826
-21.3352
-14.8518
-8.53337
-2.38083
3.60498
9.42327
15.0733
20.5547
25.8672
31.011
35.9864
40.7946
45.4369
49.9147
54.2302
58.3857
62.3836
66.2269
69.9187
73.4623
76.8613
80.1192
83.2399
86.2271
89.0848
91.8173
94.4279
96.9202
99.2984
101.567
103.731
105.793
107.755
109.62
111.395
113.089
114.705
116.247
117.712
119.108
120.445
121.742
123.017
124.286
125.564
126.864
128.212
129.648
131.232
133.06
135.276
138.097
141.719
146.305
152.164
159.542
169.794
-156.053
-146.797
-137.739
-128.859
-120.143
-111.591
-103.2
-94.9636
-86.8843
-78.9633
-71.2008
-63.5967
-56.151
-48.8632
-41.7333
-34.7624
-27.9527
-21.3055
-14.8224
-8.50427
-2.35203
3.63347
9.45144
15.1012
20.5822
25.8944
31.0377
36.0128
40.8205
45.4623
49.9396
54.2545
58.4094
62.4067
66.2493
69.9403
73.4831
76.8812
80.1382
83.2579
86.244
89.1008
91.8321
94.4416
96.933
99.3104
101.579
103.742
105.804
107.768
109.637
111.418
113.117
114.741
116.294
117.777
119.197
120.568
121.906
123.229
124.554
125.896
127.275
128.719
130.269
131.988
133.969
136.356
139.351
143.139
147.891
153.879
161.479
171.283
-156.009
-146.754
-137.697
-128.818
-120.102
-111.551
-103.16
-94.9249
-86.8461
-78.9255
-71.1636
-63.5599
-56.1147
-48.8272
-41.6977
-34.7272
-27.9178
-21.271
-14.7883
-8.47046
-2.31859
3.66653
9.48411
15.1334
20.614
25.9257
31.0686
36.0431
40.8503
45.4914
49.968
54.2822
58.4362
62.4327
66.2743
69.9643
73.506
76.9029
80.1586
83.277
86.2617
89.117
91.8466
94.4545
96.9444
99.3207
101.588
103.751
105.813
107.779
109.651
111.437
113.144
114.775
116.341
117.844
119.291
120.696
122.076
123.448
124.83
126.24
127.699
129.237
130.899
132.744
134.865
137.401
140.54
144.448
149.293
155.294
162.858
172.173
-155.958
-146.705
-137.648
-128.77
-120.055
-111.505
-103.115
-94.8801
-86.8018
-78.8819
-71.1205
-63.5175
-56.0727
-48.7858
-41.6567
-34.6866
-27.8776
-21.2312
-14.7489
-8.43154
-2.28012
3.70454
9.52164
15.1705
20.6505
25.9616
31.1039
36.0777
40.8842
45.5245
50.0002
54.3134
58.4664
62.4616
66.302
69.9906
73.5308
76.9261
80.1801
83.2965
86.2793
89.1323
91.8596
94.4651
96.9529
99.3274
101.593
103.755
105.817
107.784
109.659
111.45
113.164
114.806
116.384
117.909
119.384
120.823
122.245
123.667
125.107
126.584
128.122
129.752
131.519
133.481
135.727
138.387
141.632
145.611
150.467
156.374
163.643
172.464
-155.899
-146.648
-137.592
-128.715
-120.001
-111.452
-103.063
-94.8286
-86.751
-78.8318
-71.0712
-63.4688
-56.0247
-48.7384
-41.6099
-34.6403
-27.8319
-21.186
-14.7042
-8.38736
-2.2365
3.74759
9.5641
15.2123
20.6917
26.0021
31.1436
36.1166
40.9222
45.5614
50.036
54.348
58.4995
62.4932
66.3319
70.0187
73.5568
76.9499
80.2015
83.3153
86.2952
89.145
91.8691
94.4714
96.9561
99.3278
101.591
103.751
105.812
107.779
109.656
111.451
113.172
114.826
116.419
117.962
119.466
120.94
122.403
123.874
125.371
126.914
128.528
130.246
132.109
134.177
136.53
139.288
142.597
146.591
151.381
157.081
163.863
172.065
-155.831
-146.582
-137.528
-128.651
-119.939
-111.391
-103.003
-94.7699
-86.6931
-78.7748
-71.0151
-63.4137
-55.9704
-48.6849
-41.5571
-34.5883
-27.7805
-21.1353
-14.6542
-8.33806
-2.18794
3.79539
9.61113
15.2585
20.7371
26.0466
31.1871
36.1591
40.9634
45.6014
50.0745
54.3848
58.5345
62.5262
66.3627
70.047
73.5824
76.9726
80.2209
83.331
86.3068
89.1524
91.872
94.4699
96.9502
99.3178
101.578
103.734
105.793
107.758
109.636
111.435
113.163
114.827
116.435
117.998
119.526
121.035
122.539
124.057
125.609
127.215
128.901
130.699
132.65
134.808
137.248
140.072
143.405
147.356
152.005
157.394
163.637
170.955
-155.753
-146.507
-137.454
-128.578
-119.868
-111.322
-102.935
-94.7031
-86.6275
-78.7103
-70.9519
-63.3517
-55.9096
-48.6251
-41.4983
-34.5304
-27.7236
-21.0794
-14.5992
-8.28405
-2.13496
3.84733
9.66201
15.3083
20.7858
26.0941
31.2332
36.2037
41.0065
45.6426
50.1138
54.4219
58.5692
62.5582
66.3916
70.0726
73.6045
76.9906
80.2343
83.3393
86.3097
89.1496
91.8632
94.4549
96.9292
99.291
101.545
103.696
105.75
107.712
109.59
111.392
113.125
114.798
116.42
118.001
119.555
121.095
122.637
124.2
125.804
127.469
129.222
131.093
133.12
135.353
137.855
140.714
144.027
147.882
152.324
157.344
163.008
169.308
-155.663
-146.42
-137.369
-128.495
-119.787
-111.243
-102.858
-94.6277
-86.5536
-78.6379
-70.8811
-63.2825
-55.8419
-48.5588
-41.4334
-34.4669
-27.6614
-21.0185
-14.5397
-8.22592
-2.07827
3.90254
9.71572
15.3605
20.8363
26.1428
31.2801
36.2486
41.0491
45.6827
50.1512
54.4562
58.6001
62.5854
66.4147
70.0912
73.6181
76.9984
80.2357
83.3339
86.2969
89.129
91.8344
94.4177
96.8837
99.2372
101.483
103.625
105.672
107.63
109.505
111.307
113.044
114.723
116.357
117.956
119.533
121.102
122.68
124.285
125.938
127.657
129.47
131.404
133.495
135.784
138.325
141.186
144.44
148.15
152.33
156.937
161.944
167.335
-155.559
-146.32
-137.272
-128.4
-119.694
-111.153
-102.771
-94.5427
-86.4705
-78.5569
-70.8022
-63.2057
-55.7672
-48.4862
-41.3626
-34.398
-27.5943
-20.9532
-14.4762
-8.16447
-2.01886
3.95987
9.77093
15.4135
20.887
26.1911
31.3257
36.2913
41.0886
45.7187
50.1833
54.4841
58.6233
62.6034
66.427
70.0972
73.6168
76.9891
80.2176
83.3064
86.2594
89.0808
91.7751
94.347
96.8016
99.1424
101.375
103.506
105.543
107.493
109.364
111.163
112.9
114.584
116.227
117.842
119.44
121.037
122.648
124.291
125.988
127.756
129.621
131.608
133.748
136.074
138.628
141.461
144.62
148.144
152.021
156.184
160.535
165.146
-155.44
-146.206
-137.161
-128.292
-119.589
-111.052
-102.673
-94.4473
-86.3777
-78.4667
-70.7148
-63.1212
-55.6855
-48.4072
-41.2862
-34.324
-27.5228
-20.8843
-14.41
-8.10092
-1.95814
4.01768
9.82576
15.4653
20.9355
26.2361
31.367
36.3285
41.1213
45.7466
50.2058
54.5007
58.6334
62.6063
66.4221
70.0833
73.5928
76.954
80.1707
83.2468
86.1862
88.9932
91.6726
94.2294
96.6668
98.9903
101.207
103.323
105.346
107.285
109.147
110.939
112.673
114.36
116.011
117.64
119.257
120.879
122.52
124.199
125.935
127.746
129.654
131.682
133.854
136.196
138.738
141.512
144.544
147.851
151.401
155.122
158.869
162.768
-155.303
-146.074
-137.033
-128.169
-119.47
-110.938
-102.563
-94.3407
-86.2744
-78.3668
-70.6188
-63.029
-55.5971
-48.3223
-41.2047
-34.246
-27.4482
-20.8132
-14.3425
-8.03719
-1.89833
4.07347
9.87742
15.5126
20.9783
26.2741
31.3998
36.3557
41.1424
45.7609
50.2127
54.4994
58.6231
62.5863
66.3909
70.0395
73.5353
76.8818
80.0827
83.1417
86.063
88.851
91.5109
94.0457
96.4605
98.7621
100.957
103.054
105.06
106.984
108.831
110.614
112.344
114.032
115.691
117.331
118.967
120.613
122.282
123.993
125.763
127.609
129.55
131.606
133.793
136.13
138.635
141.322
144.2
147.268
150.481
153.773
156.963
160.209
-155.145
-145.923
-136.888
-128.028
-119.336
-110.809
-102.44
-94.2222
-86.1602
-78.2573
-70.5142
-62.9295
-55.5026
-48.2327
-41.1198
-34.1656
-27.3725
-20.7423
-14.2764
-7.97629
-1.8428
4.12346
9.92175
15.5511
21.0105
26.2997
31.4182
36.3663
41.1446
45.7538
50.1954
54.4709
58.5825
62.5319
66.321
69.9527
73.4304
76.7573
79.937
82.9736
85.8711
88.6347
91.2673
93.7735
96.1603
98.4347
100.604
102.677
104.661
106.563
108.395
110.168
111.893
113.581
115.246
116.899
118.552
120.221
121.916
123.656
125.456
127.329
129.293
131.363
133.548
135.858
138.303
140.881
143.585
146.401
149.278
152.156
154.837
157.518
-154.964
-145.75
-136.721
-127.869
-119.184
-110.665
-102.303
-94.0915
-86.0352
-78.1383
-70.4018
-62.8239
-55.4037
-48.1403
-41.0337
-34.0857
-27.2989
-20.6751
-14.2159
-7.92283
-1.7967
4.162
9.95251
15.5737
21.0247
26.3047
31.4134
36.3509
41.1176
45.7141
50.1418
54.4023
58.497
62.4273
66.1957
69.805
73.2585
76.5595
79.7116
82.719
85.5864
88.3168
90.9139
93.3855
95.7386
97.9801
100.118
102.162
104.119
105.999
107.815
109.577
111.296
112.985
114.658
116.324
117.996
119.687
121.407
123.172
124.995
126.888
128.865
130.934
133.101
135.367
137.733
140.186
142.702
145.261
147.812
150.303
152.537
154.741
-154.755
-145.551
-136.532
-127.689
-119.013
-110.505
-102.152
-93.9489
-85.8999
-78.011
-70.2833
-62.7144
-55.3033
-48.0487
-40.9505
-34.0108
-27.2325
-20.6174
-14.1673
-7.88376
-1.76767
4.18069
9.96058
15.5707
21.01
26.2775
31.3729
36.2959
41.0468
45.6261
50.0352
54.2749
58.3462
62.251
65.992
69.5718
72.9936
76.2609
79.3775
82.348
85.1758
87.8628
90.4181
92.8488
95.1615
97.3648
99.4676
101.478
103.405
105.264
107.065
108.816
110.532
112.225
113.908
115.589
117.28
118.992
120.735
122.521
124.363
126.267
128.245
130.301
132.435
134.642
136.913
139.231
141.552
143.859
146.105
148.243
150.101
151.891
-154.516
-145.324
-136.318
-127.486
-118.823
-110.329
-101.989
-93.7955
-85.7561
-77.8779
-70.1618
-62.605
-55.2061
-47.9634
-40.8763
-33.9479
-27.181
-20.5777
-14.1398
-7.86936
-1.76701
4.16722
9.93264
15.5277
20.951
26.2016
31.2788
36.1821
40.9116
45.4677
49.8513
54.0624
58.1025
61.9737
65.6786
69.2199
72.6009
75.8252
78.8971
81.8211
84.596
87.233
89.7403
92.1227
94.3896
96.5502
98.6137
100.588
102.49
104.33
106.116
107.861
109.578
111.278
112.973
114.671
116.382
118.115
119.877
121.681
123.533
125.441
127.41
129.442
131.531
133.666
135.834
138.012
140.14
142.207
144.174
145.999
147.545
148.964
-154.242
-145.067
-136.075
-127.259
-118.613
-110.138
-101.814
-93.6341
-85.6074
-77.743
-70.0425
-62.5019
-55.1195
-47.8928
-40.8208
-33.9074
-27.156
-20.5686
-14.1474
-7.8947
-1.81115
4.10378
9.84946
15.424
20.8256
26.0531
31.1056
35.9823
40.683
45.2079
49.5561
53.7289
57.7281
61.5554
65.2136
68.7055
72.0348
75.2052
78.2231
81.0833
83.7988
86.3806
88.8311
91.1599
93.3772
95.4926
97.5146
99.4597
101.341
103.163
104.94
106.684
108.406
110.117
111.827
113.543
115.273
117.025
118.805
120.62
122.478
124.381
126.333
128.332
130.366
132.423
134.486
136.519
138.464
140.312
142.031
143.581
144.874
145.904
147.385
146.984
-153.932
-144.776
-135.804
-127.007
-118.384
-109.934
-101.632
-93.4688
-85.4587
-77.6131
-69.9338
-62.4151
-55.0552
-47.8501
-40.798
-33.9048
-27.1744
-20.6085
-14.21
-7.98166
-1.92391
3.96468
9.68349
15.2301
20.6022
25.7984
30.8177
35.6586
40.3209
44.8021
49.1032
53.2263
57.1721
60.9428
64.5414
67.9713
71.2362
74.3425
77.2852
80.075
82.7282
85.2446
87.6331
89.9054
92.0717
94.1413
96.1309
98.0531
99.9137
101.725
103.5
105.248
106.98
108.704
110.431
112.166
113.915
115.684
117.477
119.3
121.158
123.051
124.98
126.939
128.915
130.892
132.851
134.745
136.523
138.174
139.681
141.001
142.113
142.925
144.29
143.455
-153.58
-144.45
-135.504
-126.734
-118.141
-109.729
-101.455
-93.3112
-85.3211
-77.4993
-69.8481
-62.3586
-55.0297
-47.8541
-40.8293
-33.9633
-27.2606
-20.7235
-14.3556
-8.16105
-2.13906
3.71335
9.3956
14.9042
20.2363
25.3903
30.365
35.1588
39.7674
44.1906
48.4312
52.4894
56.3666
60.0658
63.5903
66.9436
70.1322
73.152
76.0111
78.7301
81.3096
83.7554
86.0804
88.2964
90.4125
92.4476
94.4136
96.3145
98.1625
99.9711
101.75
103.507
105.251
106.992
108.736
110.49
112.257
114.041
115.844
117.672
119.527
121.406
123.308
125.226
127.144
129.049
130.905
132.676
134.307
135.794
137.125
138.258
139.217
139.866
141.209
140.101
-153.177
-144.085
-135.166
-126.423
-117.866
-109.509
-101.28
-93.1675
-85.2067
-77.4176
-69.8049
-62.354
-55.0666
-47.9293
-40.9416
-34.1152
-27.4509
-20.9516
-14.6241
-8.47558
-2.5031
3.29977
8.93239
14.3894
19.6673
24.7643
29.68
34.4079
38.9449
43.2944
47.4568
51.4324
55.2238
58.8347
62.2684
65.5311
68.6211
71.5418
74.3195
76.958
79.4577
81.8325
84.0962
86.2584
88.3375
90.349
92.2919
94.1781
96.0226
97.8349
99.622
101.391
103.151
104.909
106.673
108.446
110.23
112.028
113.84
115.671
117.522
119.387
121.264
123.146
125.019
126.851
128.622
130.289
131.8
133.154
134.345
135.332
136.169
136.69
138.12
136.806
-152.721
-143.681
-134.829
-126.133
-117.624
-109.312
-101.121
-93.0415
-85.1187
-77.3754
-69.8203
-62.428
-55.2055
-48.116
-41.1665
-34.3923
-27.7853
-21.3408
-15.0691
-8.98501
-3.08157
2.65395
8.22009
13.6081
18.8137
23.8364
28.6749
33.3144
37.7589
42.0126
46.075
49.948
53.6347
57.1389
60.4655
63.617
66.59
69.4164
72.1068
74.6546
77.0743
79.3823
81.5907
83.7105
85.7687
87.7606
89.687
91.5687
93.4171
95.2376
97.0364
98.8204
100.598
102.374
104.157
105.948
107.749
109.561
111.383
113.219
115.067
116.922
118.786
120.648
122.477
124.258
125.967
127.559
128.982
130.24
131.326
132.207
132.961
133.381
134.902
133.422
-152.214
-143.251
-134.478
-125.849
-117.432
-109.192
-101.036
-92.9765
-85.0817
-77.3881
-69.8882
-62.5645
-55.4458
-48.465
-41.5743
-34.8454
-28.3019
-21.9292
-15.7353
-9.74708
-3.94409
1.69781
7.17191
12.4638
17.5688
22.4833
27.2245
31.7593
36.0898
40.2213
44.1598
47.9087
51.4705
54.8483
58.0502
61.0646
63.9267
66.6601
69.2508
71.711
74.0577
76.304
78.46
80.5512
82.5878
84.5552
86.4741
88.3594
90.2162
92.0491
93.8642
95.6678
97.4664
99.2657
101.071
102.883
104.704
106.533
108.37
110.217
112.072
113.938
115.803
117.646
119.46
121.22
122.895
124.444
125.821
127.022
128.045
128.856
129.554
129.885
131.439
129.934
-151.679
-142.762
-134.041
-125.498
-117.15
-108.944
-100.845
-92.8898
-85.1133
-77.5267
-70.0807
-62.8362
-55.8751
-49.0497
-42.2477
-35.5757
-29.0951
-22.7832
-16.6781
-10.8258
-5.16318
0.362391
5.72286
10.8924
15.8693
20.6423
25.2284
29.6262
33.8159
37.7979
41.5868
45.1895
48.6067
51.8452
54.8941
57.7775
60.5289
63.1371
65.6212
68.0047
70.2981
72.5024
74.6223
76.6889
78.6995
80.6509
82.5646
84.4505
86.3126
88.156
89.9867
91.8099
93.6311
95.4546
97.2846
99.122
100.967
102.821
104.68
106.553
108.445
110.328
112.203
114.069
115.902
117.674
119.358
120.91
122.286
123.474
124.475
125.25
125.916
126.177
127.704
126.307
-151.06
-142.219
-133.58
-125.127
-116.849
-108.722
-100.737
-92.9025
-85.2349
-77.7431
-70.4172
-63.2964
-56.3802
-49.5846
-42.9018
-36.3881
-30.0717
-23.9237
-17.9849
-12.3408
-6.89
-1.52545
3.68727
8.70334
13.5195
18.1429
22.5608
26.8054
30.8378
34.6416
38.2503
41.68
44.9363
48.0157
50.928
53.7004
56.3306
58.8252
61.2039
63.4876
65.6948
67.8364
69.9157
71.95
73.9366
75.883
77.7999
79.6926
81.5655
83.4242
85.2742
87.1205
88.968
90.8208
92.6824
94.554
96.435
98.3307
100.25
102.169
104.089
106.017
107.95
109.869
111.752
113.575
115.309
116.918
118.344
119.57
120.594
121.373
122.036
122.266
123.748
122.472
-150.402
-141.656
-133.107
-124.747
-116.556
-108.526
-100.65
-92.9316
-85.381
-78.0097
-70.8193
-63.8177
-57.0024
-50.3506
-43.8563
-37.5303
-31.3867
-25.4267
-19.6718
-14.1384
-8.78198
-3.59042
1.40692
6.18914
10.7576
15.1217
19.2844
23.2614
27.0509
30.6498
34.0625
37.3003
40.3765
43.3026
46.0935
48.7509
51.2807
53.6956
56.0024
58.2115
60.3396
62.4085
64.4302
66.4108
68.354
70.2711
72.163
74.0348
75.8926
77.7419
79.5879
81.436
83.2921
85.1617
87.0507
88.9664
90.9116
92.8723
94.8495
96.8517
98.8774
100.916
102.955
104.977
106.963
108.888
110.732
112.448
113.977
115.293
116.388
117.211
117.903
118.134
119.55
118.4
-149.719
-141.081
-132.64
-124.39
-116.313
-108.4
-100.652
-93.0696
-85.6618
-78.4347
-71.3898
-64.5293
-57.8553
-51.3608
-45.0386
-38.8931
-32.9372
-27.1797
-21.6276
-16.2865
-11.1502
-6.21082
-1.47145
3.06378
7.39716
11.5351
15.481
19.2389
22.8117
26.2033
29.4196
32.4698
35.3658
38.1241
40.7585
43.2771
45.6897
48.0062
50.2352
52.3851
54.4651
56.4851
58.454
60.3802
62.2702
64.1317
65.9757
67.8051
69.6236
71.4386
73.2571
75.0876
76.9386
78.8127
80.7158
82.6528
84.6269
86.6431
88.7022
90.8029
92.9395
95.1017
97.2765
99.4444
101.582
103.664
105.656
107.518
109.192
110.644
111.858
112.768
113.517
113.783
115.119
114.13
-149.021
-140.512
-132.202
-124.087
-116.148
-108.377
-100.778
-93.3552
-86.1112
-79.0503
-72.1754
-65.4891
-58.993
-52.6855
-46.5653
-40.6362
-34.905
-29.3765
-24.0535
-18.9383
-14.029
-9.32616
-4.82974
-0.537802
3.554
7.45026
11.1565
14.679
18.0249
21.2017
24.218
27.0851
29.8177
32.4288
34.9283
37.3264
39.6331
41.8571
44.0067
46.0903
48.1155
50.0902
52.0218
53.9173
55.7834
57.6269
59.4534
61.2694
63.081
64.8937
66.7131
68.5468
70.4003
72.2818
74.1975
76.1528
78.1528
80.201
82.2998
84.4507
86.6525
88.8998
91.1817
93.4829
95.7755
98.0201
100.179
102.203
104.039
105.652
107.014
108.047
108.882
109.211
110.449
109.676
-148.325
-139.972
-131.819
-123.865
-116.091
-108.491
-101.071
-93.8336
-86.7819
-79.9188
-73.2476
-66.7708
-60.49
-54.4064
-48.521
-42.8357
-37.3538
-32.0779
-27.0099
-22.1504
-17.5044
-13.071
-8.8431
-4.81293
-0.974697
2.67809
6.15244
9.4559
12.5967
15.5836
18.4278
21.1444
23.7451
26.2387
28.6358
30.9465
33.1793
35.3424
37.4436
39.49
41.4886
43.4459
45.3679
47.2607
49.13
50.9814
52.8202
54.6521
56.4823
58.3159
60.1585
62.0157
63.8934
65.7975
67.7336
69.7068
71.7222
73.7844
75.8982
78.0676
80.295
82.5814
84.926
87.3121
89.7117
92.093
94.4054
96.5905
98.5919
100.367
101.896
103.078
104.019
104.438
105.579
105.051
-147.658
-139.489
-131.524
-123.764
-116.187
-108.791
-101.582
-94.5634
-87.7376
-81.1072
-74.675
-68.4434
-62.4146
-56.59
-50.9709
-45.5584
-40.3537
-35.3579
-30.5714
-25.9985
-21.6381
-17.4808
-13.5175
-9.74128
-6.14499
-2.72119
0.538247
3.64215
6.60019
9.42284
12.1263
14.7234
17.2189
19.6235
21.9469
24.197
26.3812
28.5066
30.58
32.6077
34.5957
36.5497
38.4751
40.3773
42.2612
44.1322
45.9951
47.8548
49.7162
51.5838
53.4622
55.3563
57.2711
59.2116
61.1827
63.189
65.2349
67.3247
69.4626
71.6539
73.9055
76.2237
78.5989
81.0249
83.4898
85.9665
88.4076
90.7474
92.9141
94.8563
96.5516
97.8914
98.9532
99.4845
100.542
100.27
-147.05
-139.102
-131.361
-123.829
-116.487
-109.333
-102.372
-95.6091
-89.0465
-82.6859
-76.5298
-70.5802
-64.8387
-59.3062
-53.9832
-48.8697
-43.965
-39.2694
-34.7855
-30.5103
-26.4331
-22.5445
-18.8369
-15.3021
-11.9318
-8.71715
-5.64884
-2.71687
0.088851
2.78212
5.37896
7.88281
10.3015
12.6443
14.9184
17.1303
19.2865
21.3931
23.456
25.4807
27.4724
29.4361
31.3767
33.2991
35.208
37.108
39.0039
40.9
42.8006
44.71
46.6323
48.5718
50.5329
52.52
54.5375
56.5891
58.678
60.8083
62.9864
65.2198
67.5057
69.8444
72.2399
74.69
77.1883
79.7207
82.2546
84.7282
87.0601
89.1731
91.0294
92.5243
93.7146
94.3702
95.3518
95.3527
-146.54
-138.853
-131.378
-124.116
-117.05
-110.178
-103.507
-97.0403
-90.7797
-84.7265
-78.8824
-73.2483
-67.8247
-62.6113
-57.6072
-52.8106
-48.2215
-43.8403
-39.661
-35.6717
-31.8632
-28.227
-24.7544
-21.4365
-18.2642
-15.2279
-12.3178
-9.52391
-6.83657
-4.2395
-1.72216
0.715006
3.08099
5.38327
7.62735
9.81877
11.9632
14.066
16.1322
18.1665
20.1738
22.1584
24.1248
26.0775
28.0209
29.9591
31.8965
33.837
35.7847
37.7434
39.7167
41.7087
43.7232
45.7639
47.8343
49.9389
52.0839
54.2726
56.5044
58.7791
61.102
63.4742
65.8956
68.3655
70.8825
73.4427
76.0299
78.6031
81.0844
83.3636
85.3749
87.019
88.3347
89.1194
90.0159
90.2924
-146.173
-138.797
-131.634
-124.686
-117.939
-111.393
-105.053
-98.9219
-93.0002
-87.2884
-81.7867
-76.4947
-71.4113
-66.5347
-61.8619
-57.3927
-53.1249
-49.0489
-45.1528
-41.4272
-37.8633
-34.452
-31.1844
-28.0511
-25.043
-22.1503
-19.3639
-16.6745
-14.0738
-11.546
-9.08549
-6.69144
-4.35722
-2.0772
0.153585
2.34009
4.48721
6.59959
8.68163
10.7376
12.7717
14.788
16.7906
18.7836
20.7707
22.7561
24.7435
26.7366
28.739
30.7538
32.7843
34.834
36.9068
39.0081
41.1452
43.3152
45.5205
47.7629
50.0463
52.3719
54.74
57.1509
59.6043
62.0993
64.635
67.2112
69.8269
72.4565
75.0408
77.4674
79.6326
81.4208
82.8467
83.7388
84.5354
85.0546
-146
-138.987
-132.186
-125.597
-119.213
-113.034
-107.064
-101.302
-95.7499
-90.4053
-85.2672
-80.3334
-75.601
-71.0661
-66.7278
-62.581
-58.6129
-54.8125
-51.1706
-47.6782
-44.3261
-41.1054
-38.0074
-35.0229
-32.1432
-29.3599
-26.6647
-24.0501
-21.509
-19.0296
-16.6076
-14.2371
-11.9175
-9.64467
-7.41335
-5.21876
-3.05672
-0.923266
1.18552
3.2735
5.34444
7.40205
9.44994
11.4917
13.5309
15.5709
17.6151
19.6666
21.7291
23.8056
25.9008
28.0216
30.1644
32.3345
34.533
36.7645
39.0307
41.3324
43.6706
46.0466
48.461
50.9142
53.4053
55.9319
58.4922
61.0908
63.7191
66.3656
69.0056
71.5493
73.8654
75.8056
77.3613
78.3997
79.0838
79.8472
-146.068
-139.473
-133.08
-126.892
-120.91
-115.133
-109.563
-104.196
-99.0327
-94.0693
-89.303
-84.7298
-80.3454
-76.1461
-72.1246
-68.2668
-64.5628
-61.0038
-57.5807
-54.2847
-51.1074
-48.0406
-45.076
-42.2058
-39.4223
-36.7185
-34.0877
-31.5238
-29.0208
-26.572
-24.1726
-21.8157
-19.4956
-17.2153
-14.9707
-12.7569
-10.5696
-8.40537
-6.26092
-4.13282
-2.0177
0.0878166
2.1871
4.28346
6.38017
8.48036
10.5882
12.7096
14.8428
16.9891
19.155
21.3409
23.5513
25.7884
28.0537
30.3488
32.6748
35.033
37.4248
39.8513
42.3133
44.8104
47.3418
49.9061
52.5035
55.1233
57.7628
60.4164
63.0803
65.7066
68.1673
70.2832
72.0125
73.2881
73.8598
74.9299
-146.41
-140.279
-134.336
-128.583
-123.031
-117.68
-112.527
-107.567
-102.798
-98.215
-93.8139
-89.5897
-85.5352
-81.6407
-77.8941
-74.2861
-70.8082
-67.452
-64.2095
-61.0729
-58.0348
-55.0878
-52.2251
-49.4402
-46.7268
-44.0793
-41.4924
-38.961
-36.4805
-34.0464
-31.6539
-29.2981
-26.977
-24.6849
-22.4192
-20.1771
-17.9556
-15.7531
-13.5657
-11.3899
-9.2216
-7.05868
-4.89905
-2.73976
-0.57795
1.58892
3.76533
5.95204
8.15262
10.3696
12.6047
14.8599
17.1375
19.4393
21.7669
24.1218
26.5054
28.9188
31.3631
33.8392
36.3474
38.8885
41.4658
44.072
46.6995
49.3447
52.0028
54.6662
57.3354
60.0007
62.5527
64.7913
66.7566
68.3125
68.7798
70.1644
-147.026
-141.39
-135.924
-130.627
-125.519
-120.603
-115.869
-111.311
-106.925
-102.707
-98.649
-94.7425
-90.9765
-87.3413
-83.8287
-80.431
-77.1405
-73.9502
-70.8533
-67.8432
-64.9137
-62.0589
-59.2731
-56.5513
-53.8884
-51.2799
-48.7214
-46.2088
-43.7383
-41.3059
-38.9082
-36.5417
-34.2031
-31.8891
-29.5967
-27.3227
-25.0648
-22.8198
-20.5854
-18.3587
-16.1374
-13.9187
-11.6997
-9.47816
-7.25188
-5.01854
-2.77595
-0.522041
1.74512
4.02733
6.32649
8.64462
10.9837
13.3456
15.7317
18.1431
20.5811
23.0462
25.5392
28.062
30.6172
33.2059
35.8209
38.4592
41.1168
43.7893
46.472
49.1574
51.8441
54.5443
57.2485
59.5443
61.6535
63.4276
63.7888
65.4353
-147.855
-142.724
-137.742
-132.907
-128.242
-123.751
-119.421
-115.245
-111.218
-107.33
-103.574
-99.9381
-96.4161
-93.0002
-89.6839
-86.4607
-83.3246
-80.2699
-77.2909
-74.3823
-71.5393
-68.7572
-66.0315
-63.3582
-60.7332
-58.1529
-55.6136
-53.1118
-50.6444
-48.208
-45.7996
-43.4162
-41.055
-38.7132
-36.3882
-34.0774
-31.7785
-29.489
-27.2067
-24.9293
-22.6546
-20.3803
-18.1044
-15.8249
-13.5398
-11.2473
-8.9455
-6.63261
-4.30687
-1.96651
0.390228
2.7651
5.15973
7.57552
10.0136
12.4748
14.9598
17.4702
20.0091
22.5784
25.1743
27.7951
30.4397
33.105
35.7874
38.4841
41.1925
43.9074
46.6278
49.3615
52.1803
54.5683
56.6576
58.636
58.9605
60.7892
-148.761
-144.118
-139.606
-135.221
-130.982
-126.891
-122.935
-119.106
-115.393
-111.79
-108.289
-104.885
-101.57
-98.3403
-95.19
-92.1143
-89.1082
-86.1673
-83.2872
-80.464
-77.6936
-74.9725
-72.2971
-69.6641
-67.0702
-64.5125
-61.9878
-59.4934
-57.0264
-54.5842
-52.1642
-49.7638
-47.3808
-45.0128
-42.6575
-40.3129
-37.9769
-35.6473
-33.3224
-31.0001
-28.6786
-26.3561
-24.0307
-21.7009
-19.3648
-17.021
-14.6678
-12.3038
-9.92735
-7.53699
-5.13123
-2.70864
-0.267899
2.19195
4.67168
7.1731
9.69929
12.2513
14.827
17.4254
20.0463
22.6891
25.3518
28.0321
30.7268
33.4336
36.1505
38.8715
41.5936
44.3004
47.0836
49.6942
51.7159
53.9228
54.2816
56.2926
-149.515
-145.321
-141.246
-137.284
-133.441
-129.712
-126.087
-122.556
-119.114
-115.756
-112.477
-109.274
-106.141
-103.074
-100.07
-97.1246
-94.2341
-91.3951
-88.6044
-85.8587
-83.1552
-80.4908
-77.8627
-75.2683
-72.705
-70.1702
-67.6614
-65.1764
-62.7128
-60.2684
-57.8412
-55.429
-53.0298
-50.6419
-48.2632
-45.8922
-43.5269
-41.1658
-38.8073
-36.4496
-34.0914
-31.731
-29.367
-26.998
-24.6225
-22.2394
-19.8472
-17.4446
-15.0304
-12.6033
-10.162
-7.70561
-5.23309
-2.74206
-0.229257
2.30465
4.85888
7.43239
10.0254
12.6377
15.2685
17.9171
20.5821
23.2607
25.9498
28.6463
31.3478
34.0476
36.7424
39.4135
42.0812
44.9806
47.0398
49.3129
49.6529
51.8447
-149.805
-146.008
-142.323
-138.748
-135.26
-131.847
-128.507
-125.238
-122.036
-118.898
-115.821
-112.801
-109.835
-106.92
-104.052
-101.23
-98.4501
-95.71
-93.0073
-90.3395
-87.7041
-85.0991
-82.5221
-79.971
-77.4437
-74.9382
-72.4526
-69.985
-67.5336
-65.0965
-62.6721
-60.2587
-57.8548
-55.4588
-53.0692
-50.6845
-48.3035
-45.9247
-43.5468
-41.1685
-38.7885
-36.4057
-34.0188
-31.6265
-29.2279
-26.8218
-24.407
-21.9825
-19.5473
-17.1006
-14.6408
-12.1653
-9.67137
-7.16025
-4.63233
-2.08811
0.472354
3.04887
5.64128
8.24936
10.8726
13.5101
16.1601
18.8199
21.4858
24.1544
26.823
29.4867
32.1385
34.7848
37.3321
40.2312
42.3806
44.7071
45.04
47.4025
-149.265
-145.814
-142.473
-139.241
-136.066
-132.933
-129.852
-126.825
-123.848
-120.919
-118.033
-115.189
-112.385
-109.619
-106.888
-104.191
-101.525
-98.8882
-96.2795
-93.6967
-91.1379
-88.6015
-86.0857
-83.5889
-81.1096
-78.6461
-76.197
-73.7608
-71.3361
-68.9215
-66.5157
-64.1175
-61.7256
-59.3388
-56.9558
-54.5757
-52.1973
-49.8195
-47.4413
-45.0616
-42.6795
-40.2938
-37.9037
-35.5081
-33.1062
-30.6971
-28.28
-25.8539
-23.4167
-20.9653
-18.5015
-16.0223
-13.5294
-11.0232
-8.50367
-5.97078
-3.42458
-0.865075
1.70768
4.29335
6.89115
9.49984
12.1175
14.7413
17.3673
19.9919
22.6116
25.2237
27.8149
30.4105
32.8584
35.5851
37.7717
40.0975
40.3277
42.9252
-147.54
-144.396
-141.36
-138.435
-135.547
-132.681
-129.848
-127.055
-124.297
-121.572
-118.876
-116.21
-113.572
-110.96
-108.373
-105.808
-103.266
-100.744
-98.242
-95.7573
-93.2893
-90.8366
-88.398
-85.9722
-83.5583
-81.1549
-78.7611
-76.3756
-73.9976
-71.626
-69.2597
-66.8979
-64.5396
-62.184
-59.83
-57.4769
-55.1238
-52.7699
-50.4144
-48.0563
-45.695
-43.3296
-40.9595
-38.5839
-36.202
-33.8121
-31.4117
-29.0014
-26.5798
-24.1462
-21.7018
-19.2467
-16.7806
-14.3034
-11.8148
-9.31484
-6.80338
-4.28052
-1.74657
0.797858
3.35173
5.91365
8.48161
11.0526
13.6227
16.1886
18.7459
21.2959
23.8135
26.3389
28.7208
31.2776
33.4462
35.7872
35.9385
38.6842
-144.361
-141.504
-138.752
-136.118
-133.51
-130.903
-128.314
-125.751
-123.213
-120.694
-118.194
-115.713
-113.248
-110.801
-108.369
-105.951
-103.547
-101.155
-98.7754
-96.4067
-94.0479
-91.6983
-89.3571
-87.0235
-84.6966
-82.3756
-80.0599
-77.7486
-75.4411
-73.1366
-70.8344
-68.5338
-66.2342
-63.935
-61.6353
-59.3347
-57.0325
-54.728
-52.4207
-50.1099
-47.7952
-45.4757
-43.1499
-40.8158
-38.474
-36.1235
-33.7625
-31.3926
-29.0142
-26.627
-24.2306
-21.8246
-19.4089
-16.9831
-14.547
-12.1007
-9.64418
-7.17783
-4.70209
-2.21774
0.27409
2.77192
5.27374
7.77673
10.2772
12.7733
15.2599
17.7358
20.177
22.6248
24.9518
27.3962
29.533
31.8941
32.2163
34.9478
-139.609
-137.045
-134.582
-132.228
-129.886
-127.533
-125.185
-122.854
-120.538
-118.231
-115.933
-113.645
-111.365
-109.094
-106.83
-104.574
-102.324
-100.081
-97.8423
-95.609
-93.3802
-91.1552
-88.9336
-86.715
-84.4987
-82.2843
-80.0713
-77.8592
-75.6475
-73.4359
-71.2237
-69.0105
-66.7959
-64.5794
-62.3606
-60.139
-57.9143
-55.6859
-53.4534
-51.2147
-48.9689
-46.717
-44.4571
-42.1878
-39.9108
-37.6268
-35.3354
-33.0361
-30.7286
-28.4126
-26.0877
-23.7536
-21.41
-19.0568
-16.694
-14.3217
-11.9402
-9.54969
-7.15086
-4.74452
-2.33183
0.0857183
2.50629
4.92767
7.34798
9.76378
12.1673
14.5603
16.921
19.2858
21.549
23.9018
25.9768
28.271
28.8271
31.4476
-133.369
-131.104
-128.921
-126.831
-124.745
-122.64
-120.532
-118.433
-116.339
-114.248
-112.158
-110.07
-107.985
-105.901
-103.819
-101.738
-99.6579
-97.5783
-95.4991
-93.4199
-91.3404
-89.2604
-87.1796
-85.0978
-83.0145
-80.9297
-78.8428
-76.7538
-74.6623
-72.5679
-70.4705
-68.3696
-66.2652
-64.1569
-62.0444
-59.9266
-57.8025
-55.672
-53.5355
-51.3902
-49.2358
-47.0749
-44.9075
-42.7331
-40.5513
-38.3619
-36.1645
-33.9589
-31.7447
-29.5216
-27.2893
-25.0478
-22.7968
-20.5363
-18.2664
-15.9873
-13.6992
-11.4025
-9.09789
-6.78612
-4.46842
-2.14613
0.179485
2.50837
4.83545
7.15643
9.46555
11.7652
14.0359
16.3094
18.4946
20.7621
22.7734
24.8679
25.6466
28.1188
-125.862
-123.887
-121.975
-120.134
-118.29
-116.424
-114.55
-112.678
-110.805
-108.929
-107.049
-105.166
-103.28
-101.391
-99.4989
-97.603
-95.7036
-93.8005
-91.8938
-89.9831
-88.0685
-86.1498
-84.2269
-82.2996
-80.3679
-78.4316
-76.4905
-74.5445
-72.5935
-70.6374
-68.676
-66.7088
-64.7345
-62.7539
-60.7662
-58.7705
-56.7655
-54.7519
-52.7319
-50.7051
-48.6708
-46.629
-44.5795
-42.5218
-40.4559
-38.3813
-36.2979
-34.2054
-32.1037
-29.9925
-27.8716
-25.7411
-23.6008
-21.4508
-19.2911
-17.122
-14.9436
-12.7565
-10.5613
-8.35886
-6.15021
-3.93613
-1.71569
0.506601
2.72603
4.94002
7.14363
9.33887
11.508
13.6796
15.7699
17.9372
19.9038
21.6484
22.7036
25.0015
-117.404
-115.705
-114.046
-112.435
-110.817
-109.178
-107.528
-105.874
-104.215
-102.549
-100.876
-99.1961
-97.5094
-95.8161
-94.116
-92.4092
-90.6956
-88.9754
-87.2484
-85.5147
-83.7742
-82.0269
-80.2728
-78.5118
-76.7441
-74.9694
-73.1878
-71.399
-69.6018
-67.7977
-65.9851
-64.164
-62.3331
-60.4915
-58.643
-56.7871
-54.9231
-53.0508
-51.1703
-49.2813
-47.3837
-45.4771
-43.5615
-41.6367
-39.7024
-37.7585
-35.8049
-33.8413
-31.8676
-29.8838
-27.8896
-25.885
-23.8701
-21.8448
-19.8093
-17.7638
-15.7086
-13.644
-11.5709
-9.48978
-7.40123
-5.304
-3.20215
-1.09924
1.00172
3.09853
5.18628
7.26635
9.32158
11.378
13.3552
15.3868
17.322
18.6206
20.0236
22.2125
-108.358
-106.909
-105.482
-104.081
-102.671
-101.242
-99.8009
-98.3525
-96.896
-95.4299
-93.9544
-92.4698
-90.9762
-89.4737
-87.9622
-86.4419
-84.9128
-83.3749
-81.8282
-80.2729
-78.7089
-77.1364
-75.5551
-73.9647
-72.3655
-70.7576
-69.1398
-67.5126
-65.8749
-64.2254
-62.568
-60.9021
-59.2271
-57.543
-55.8498
-54.1473
-52.4355
-50.7141
-48.9831
-47.2423
-45.4916
-43.7309
-41.9601
-40.179
-38.3875
-36.5854
-34.7726
-32.949
-31.1145
-29.2689
-27.4121
-25.5443
-23.6652
-21.7751
-19.874
-17.9621
-16.0397
-14.1074
-12.1653
-10.2138
-8.2516
-6.28229
-4.30887
-2.3331
-0.357569
1.61552
3.58124
5.54068
7.47697
9.41424
11.28
13.1585
15.0994
16.0072
17.717
19.6949
-99.0711
-97.8446
-96.6243
-95.4132
-94.1912
-92.953
-91.7027
-90.4428
-89.173
-87.8926
-86.6015
-85.3001
-83.9885
-82.6667
-81.3348
-79.9928
-78.6408
-77.2788
-75.9064
-74.5245
-73.1324
-71.7296
-70.3166
-68.8934
-67.4582
-66.0121
-64.5568
-63.0918
-61.6169
-60.1319
-58.6371
-57.1323
-55.6173
-54.0922
-52.5567
-51.011
-49.4548
-47.8881
-46.3109
-44.723
-43.1243
-41.5146
-39.894
-38.2622
-36.6192
-34.9647
-33.2987
-31.6211
-29.9318
-28.2307
-26.5176
-24.7927
-23.0558
-21.307
-19.5465
-17.7744
-15.991
-14.1965
-12.3906
-10.5723
-8.74443
-6.90954
-5.06888
-3.22368
-1.37624
0.471601
2.31548
4.15718
5.98151
7.81086
9.59357
11.3372
13.325
13.9706
15.9946
17.6362
-89.8433
-88.8089
-87.7698
-86.7271
-85.673
-84.6056
-83.5264
-82.4366
-81.336
-80.2243
-79.1017
-77.9679
-76.8239
-75.6687
-74.5025
-73.3255
-72.1379
-70.9397
-69.7305
-68.5091
-67.2768
-66.0346
-64.782
-63.5187
-62.245
-60.9608
-59.6661
-58.361
-57.0452
-55.7188
-54.3817
-53.0339
-51.6754
-50.3061
-48.9259
-47.5348
-46.1326
-44.7194
-43.295
-41.8592
-40.4121
-38.9535
-37.4832
-36.0012
-34.5074
-33.0015
-31.4836
-29.9534
-28.4109
-26.8559
-25.2886
-23.7086
-22.1162
-20.5112
-18.8938
-17.264
-15.6221
-13.9674
-12.299
-10.6188
-8.92907
-7.23067
-5.52426
-3.81077
-2.09191
-0.368675
1.35571
3.08434
4.8056
6.53782
8.26468
9.90959
11.9057
12.3934
14.6008
15.936
-80.9056
-80.0349
-79.1521
-78.2572
-77.3511
-76.434
-75.5058
-74.5664
-73.616
-72.6546
-71.6823
-70.6988
-69.7036
-68.6979
-67.6816
-66.6545
-65.6165
-64.5679
-63.5085
-62.4386
-61.3581
-60.267
-59.1652
-58.0528
-56.9296
-55.7958
-54.6513
-53.496
-52.3299
-51.153
-49.9653
-48.7667
-47.5571
-46.3365
-45.1048
-43.862
-42.6078
-41.3423
-40.0654
-38.7769
-37.4767
-36.1648
-34.8409
-33.505
-32.157
-30.7967
-29.424
-28.0388
-26.641
-25.2304
-23.8071
-22.3709
-20.9218
-19.4598
-17.985
-16.4973
-14.9963
-13.481
-11.9525
-10.4128
-8.8627
-7.30254
-5.73305
-4.15506
-2.57005
-0.978886
0.615279
2.21453
3.80922
5.40415
7.0139
8.49736
10.2877
10.7701
12.9408
14.1843
-72.4163
-71.6828
-70.9332
-70.1667
-69.3895
-68.603
-67.8062
-66.9983
-66.1797
-65.3505
-64.5108
-63.6606
-62.7999
-61.9288
-61.0473
-60.1553
-59.253
-58.3402
-57.417
-56.4834
-55.5394
-54.585
-53.6202
-52.6449
-51.6591
-50.6629
-49.6561
-48.6388
-47.6108
-46.5722
-45.523
-44.4629
-43.392
-42.3102
-41.2173
-40.1134
-38.9983
-37.872
-36.7342
-35.585
-34.4242
-33.2516
-32.0672
-30.8708
-29.6623
-28.4415
-27.2084
-25.9629
-24.7048
-23.4339
-22.1504
-20.854
-19.5447
-18.2225
-16.8875
-15.5392
-14.1768
-12.8006
-11.4127
-10.0136
-8.60367
-7.18366
-5.75443
-4.31699
-2.87304
-1.42391
0.0267886
1.47899
2.926
4.35801
5.81541
7.14845
8.65443
9.23522
11.2025
12.4337
-64.48
-63.8611
-63.2244
-62.5689
-61.9033
-61.2299
-60.5469
-59.8535
-59.1498
-58.4362
-57.7127
-56.9793
-56.236
-55.4828
-54.7197
-53.9467
-53.1639
-52.3712
-51.5686
-50.7561
-49.9337
-49.1014
-48.2592
-47.407
-46.5448
-45.6725
-44.7902
-43.8978
-42.9951
-42.0822
-41.159
-40.2255
-39.2815
-38.3269
-37.3617
-36.3858
-35.3991
-34.4015
-33.3929
-32.3731
-31.3421
-30.2997
-29.2457
-28.1802
-27.1029
-26.0138
-24.9127
-23.7994
-22.674
-21.5362
-20.386
-19.2233
-18.0482
-16.8605
-15.6601
-14.4461
-13.2187
-11.9792
-10.7284
-9.46638
-8.19378
-6.91126
-5.61967
-4.31987
-3.0133
-1.70106
-0.385717
0.931978
2.25183
3.55516
4.89741
6.18279
7.49134
8.15669
9.7902
10.9782
-57.1402
-56.6165
-56.0751
-55.5146
-54.9448
-54.3682
-53.7829
-53.1878
-52.5832
-51.9694
-51.3465
-50.7144
-50.0731
-49.4226
-48.7629
-48.094
-47.416
-46.7287
-46.0323
-45.3266
-44.6117
-43.8875
-43.154
-42.4112
-41.659
-40.8974
-40.1263
-39.3457
-38.5555
-37.7556
-36.9461
-36.1267
-35.2975
-34.4584
-33.6092
-32.7499
-31.8803
-31.0004
-30.1101
-29.2092
-28.2977
-27.3754
-26.4421
-25.4979
-24.5425
-23.5758
-22.5978
-21.6083
-20.6071
-19.5943
-18.5697
-17.5333
-16.4849
-15.4246
-14.3516
-13.2659
-12.1681
-11.059
-9.93882
-8.80779
-7.66636
-6.51509
-5.35462
-4.18559
-3.00903
-1.82582
-0.637473
0.553851
1.75263
2.93439
4.13998
5.34828
6.39505
7.17844
8.51511
9.69713
-50.4118
-49.967
-49.5053
-49.0255
-48.5373
-48.043
-47.5408
-47.0297
-46.5098
-45.9815
-45.445
-44.9
-44.3466
-43.7848
-43.2146
-42.636
-42.049
-41.4535
-40.8497
-40.2373
-39.6165
-38.9871
-38.3492
-37.7027
-37.0475
-36.3837
-35.7112
-35.0299
-34.3397
-33.6406
-32.9326
-32.2155
-31.4893
-30.7539
-30.0092
-29.2551
-28.4915
-27.7183
-26.9355
-26.1428
-25.3403
-24.5278
-23.7052
-22.8723
-22.029
-21.1754
-20.3111
-19.4362
-18.5505
-17.6539
-16.7464
-15.8279
-14.8984
-13.9573
-13.0046
-12.0402
-11.065
-10.0794
-9.08323
-8.07694
-7.06091
-6.03568
-5.00186
-3.96011
-2.91144
-1.85705
-0.798055
0.261409
1.32749
2.37822
3.42904
4.50618
5.28983
6.20366
7.31751
8.45478
-44.2671
-43.8875
-43.4925
-43.0811
-42.662
-42.2376
-41.8061
-41.3665
-40.919
-40.464
-40.0014
-39.5314
-39.0537
-38.5684
-38.0756
-37.5751
-37.0671
-36.5515
-36.0283
-35.4974
-34.9588
-34.4125
-33.8585
-33.2968
-32.7272
-32.1497
-31.5643
-30.971
-30.3697
-29.7603
-29.1427
-28.5169
-27.8829
-27.2404
-26.5896
-25.9302
-25.2622
-24.5854
-23.8999
-23.2055
-22.502
-21.7895
-21.0677
-20.3367
-19.5962
-18.8462
-18.0867
-17.3174
-16.5383
-15.7493
-14.9504
-14.1415
-13.3225
-12.4929
-11.6526
-10.8024
-9.94254
-9.073
-8.19399
-7.30583
-6.40892
-5.50376
-4.59096
-3.67121
-2.7454
-1.81491
-0.880236
0.0537798
0.99275
1.92232
2.84942
3.78938
4.40509
5.43788
6.3369
7.37332
-38.6855
-38.3591
-38.0191
-37.6646
-37.3034
-36.9373
-36.5649
-36.1854
-35.7989
-35.4057
-35.0059
-34.5993
-34.1861
-33.7661
-33.3395
-32.9061
-32.4661
-32.0193
-31.5657
-31.1054
-30.6383
-30.1644
-29.6836
-29.1959
-28.7013
-28.1998
-27.6912
-27.1756
-26.6528
-26.1229
-25.5858
-25.0413
-24.4895
-23.9303
-23.3635
-22.7892
-22.2072
-21.6174
-21.0199
-20.4143
-19.8008
-19.1792
-18.5493
-17.9112
-17.2647
-16.6097
-15.9462
-15.274
-14.5931
-13.9034
-13.2048
-12.4973
-11.7806
-11.0546
-10.3195
-9.57561
-8.82302
-8.06181
-7.29219
-6.5144
-5.7288
-4.93579
-4.1359
-3.32973
-2.51792
-1.7018
-0.881298
-0.0607476
0.763905
1.5821
2.41678
3.2257
3.78995
4.88143
5.58111
6.48112
-33.5898
-33.3073
-33.0131
-32.7066
-32.3942
-32.0776
-31.7556
-31.4273
-31.0929
-30.7528
-30.407
-30.0553
-29.6978
-29.3345
-28.9654
-28.5905
-28.2097
-27.8231
-27.4307
-27.0324
-26.6282
-26.2181
-25.8021
-25.38
-24.952
-24.5179
-24.0777
-23.6313
-23.1788
-22.72
-22.2549
-21.7835
-21.3057
-20.8214
-20.3305
-19.8331
-19.3289
-18.818
-18.3003
-17.7756
-17.2439
-16.7052
-16.1593
-15.6062
-15.0457
-14.4779
-13.9025
-13.3197
-12.7292
-12.131
-11.5251
-10.9112
-10.2894
-9.65938
-9.02161
-8.37614
-7.72295
-7.06214
-6.39385
-5.71826
-5.03558
-4.3461
-3.65017
-2.9482
-2.24049
-1.52808
-0.810501
-0.090946
0.634279
1.3508
2.1038
2.78464
3.30422
4.27842
4.8855
5.65501
-28.9696
-28.7211
-28.4629
-28.1945
-27.9211
-27.6442
-27.3627
-27.076
-26.7843
-26.4877
-26.1864
-25.8803
-25.5693
-25.2535
-24.9329
-24.6075
-24.2773
-23.9422
-23.6023
-23.2574
-22.9077
-22.5531
-22.1935
-21.829
-21.4594
-21.0848
-20.7051
-20.3203
-19.9303
-19.535
-19.1345
-18.7287
-18.3174
-17.9007
-17.4785
-17.0507
-16.6173
-16.1782
-15.7333
-15.2825
-14.8258
-14.3631
-13.8943
-13.4194
-12.9382
-12.4508
-11.9569
-11.4567
-10.9499
-10.4366
-9.91669
-9.38995
-8.8563
-8.31589
-7.76882
-7.21508
-6.65466
-6.08762
-5.51407
-4.9341
-4.34787
-3.75557
-3.15743
-2.55377
-1.94475
-1.33126
-0.712857
-0.0925008
0.535212
1.14767
1.79995
2.3476
2.8219
3.56556
4.151
4.8079
-24.68
-24.4605
-24.2334
-23.9982
-23.7591
-23.5173
-23.2718
-23.0222
-22.7687
-22.5114
-22.2503
-21.9853
-21.7166
-21.4439
-21.1675
-20.8872
-20.603
-20.315
-20.0231
-19.7272
-19.4274
-19.1237
-18.8159
-18.5041
-18.1883
-17.8684
-17.5443
-17.2161
-16.8836
-16.5468
-16.2058
-15.8604
-15.5105
-15.1562
-14.7974
-14.434
-14.0659
-13.6931
-13.3155
-12.9331
-12.5458
-12.1536
-11.7563
-11.3539
-10.9463
-10.5335
-10.1155
-9.69207
-9.26327
-8.82903
-8.38922
-7.94382
-7.49272
-7.03611
-6.57398
-6.10631
-5.63314
-5.15454
-4.6706
-4.18144
-3.68723
-3.18818
-2.68456
-2.17676
-1.66503
-1.15036
-0.632464
-0.115293
0.409417
0.919488
1.44378
1.85728
2.33548
2.89327
3.44926
3.99639
-20.7845
-20.5827
-20.3753
-20.1621
-19.9462
-19.7286
-19.5086
-19.2859
-19.0605
-18.8325
-18.602
-18.369
-18.1334
-17.8952
-17.6543
-17.4109
-17.1649
-16.9161
-16.6647
-16.4105
-16.1536
-15.8939
-15.6313
-15.3659
-15.0975
-14.8262
-14.5518
-14.2744
-13.9939
-13.7103
-13.4234
-13.1332
-12.8398
-12.5429
-12.2427
-11.9389
-11.6316
-11.3207
-11.0061
-10.6878
-10.3657
-10.0397
-9.70981
-9.37594
-9.03803
-8.69603
-8.34988
-7.99951
-7.6449
-7.28596
-6.92265
-6.55485
-6.18267
-5.80612
-5.42518
-5.03987
-4.65022
-4.25631
-3.85822
-3.45609
-3.05006
-2.64036
-2.22722
-1.81104
-1.392
-0.971056
-0.54742
-0.125897
0.302091
0.730026
1.14799
1.49271
1.98678
2.37994
2.86344
3.29654
-16.9864
-16.8058
-16.622
-16.4346
-16.2459
-16.0565
-15.866
-15.674
-15.4805
-15.2857
-15.0896
-14.8919
-14.6928
-14.4921
-14.2899
-14.0861
-13.8807
-13.6736
-13.4647
-13.2541
-13.0416
-12.8273
-12.611
-12.3928
-12.1725
-11.9501
-11.7257
-11.499
-11.2701
-11.0388
-10.8052
-10.5692
-10.3307
-10.0897
-9.84612
-9.59985
-9.35087
-9.09913
-8.84455
-8.58709
-8.32669
-8.06329
-7.79684
-7.5273
-7.25459
-6.97869
-6.69955
-6.41712
-6.13137
-5.84223
-5.54969
-5.2537
-4.95432
-4.65153
-4.34534
-4.03575
-3.72281
-3.40657
-3.08707
-2.76441
-2.43866
-2.10996
-1.77841
-1.44426
-1.10745
-0.768776
-0.426785
-0.0859105
0.257746
0.615255
0.940698
1.22637
1.70744
1.98483
2.36201
2.68887
-13.529
-13.3492
-13.1693
-12.989
-12.8096
-12.6316
-12.4544
-12.2778
-12.1018
-11.9263
-11.7511
-11.5762
-11.4015
-11.2269
-11.0522
-10.8774
-10.7025
-10.5272
-10.3516
-10.1755
-9.99893
-9.82174
-9.64387
-9.46526
-9.28585
-9.10557
-8.92436
-8.74216
-8.55891
-8.37456
-8.18905
-8.00233
-7.81434
-7.62504
-7.43438
-7.24229
-7.04874
-6.85367
-6.65702
-6.45875
-6.2588
-6.05712
-5.85364
-5.64832
-5.4411
-5.23192
-5.02071
-4.80743
-4.59201
-4.37438
-4.15447
-3.93225
-3.7077
-3.48074
-3.25134
-3.01944
-2.785
-2.54799
-2.30838
-2.06613
-1.82122
-1.57364
-1.32337
-1.07045
-0.814702
-0.556858
-0.29529
-0.0328682
0.227882
0.510653
0.744931
0.943591
1.30249
1.53013
1.81297
2.05679
-9.82256
-9.67031
-9.52016
-9.37219
-9.22704
-9.08461
-8.94452
-8.8065
-8.67041
-8.53608
-8.40335
-8.27204
-8.14201
-8.01309
-7.88515
-7.75804
-7.63163
-7.50578
-7.38036
-7.25526
-7.13035
-7.00551
-6.88061
-6.75556
-6.63024
-6.50454
-6.37836
-6.25159
-6.12413
-5.9959
-5.86679
-5.73672
-5.60559
-5.47333
-5.33985
-5.20508
-5.06893
-4.93135
-4.79226
-4.6516
-4.50934
-4.3654
-4.21976
-4.07238
-3.92322
-3.77225
-3.61946
-3.46483
-3.30835
-3.15
-2.98977
-2.82769
-2.66375
-2.49796
-2.33041
-2.1612
-1.99039
-1.81804
-1.64422
-1.46901
-1.29249
-1.11478
-0.935955
-0.75639
-0.575168
-0.393271
-0.209926
-0.0250431
0.151128
0.344778
0.49001
0.647324
0.869394
1.05954
1.26218
1.44345
-6.26307
-6.11526
-5.9736
-5.8382
-5.7083
-5.58298
-5.46162
-5.34375
-5.22893
-5.11677
-5.0069
-4.89902
-4.79287
-4.6882
-4.58484
-4.48259
-4.38133
-4.28093
-4.1813
-4.08235
-3.98403
-3.8863
-3.78913
-3.69249
-3.59639
-3.50083
-3.40583
-3.31141
-3.21759
-3.12442
-3.03195
-2.94023
-2.84933
-2.75931
-2.67021
-2.58207
-2.49493
-2.40885
-2.32386
-2.23995
-2.15715
-2.07544
-1.99482
-1.91525
-1.83669
-1.75909
-1.68238
-1.60647
-1.53128
-1.45671
-1.38266
-1.30902
-1.23571
-1.16274
-1.09004
-1.01733
-0.944311
-0.870798
-0.796619
-0.721576
-0.645445
-0.567849
-0.488465
-0.407078
-0.32353
-0.238422
-0.151579
-0.0598112
0.0328295
0.113766
0.142564
0.286388
0.380639
0.532758
0.645109
0.748543
-2.18574
-2.10362
-2.03018
-1.96476
-1.90612
-1.85361
-1.80682
-1.76533
-1.72871
-1.69654
-1.66849
-1.64421
-1.62341
-1.60579
-1.59108
-1.57901
-1.56932
-1.56177
-1.55611
-1.55209
-1.54948
-1.54803
-1.54749
-1.54761
-1.54813
-1.54881
-1.54937
-1.54955
-1.54918
-1.54818
-1.54639
-1.54348
-1.53914
-1.53316
-1.52529
-1.51532
-1.50302
-1.48821
-1.47072
-1.45039
-1.4271
-1.40077
-1.37133
-1.33876
-1.30307
-1.26431
-1.22255
-1.17791
-1.13053
-1.08058
-1.02826
-0.973761
-0.91733
-0.858645
-0.797487
-0.734606
-0.67072
-0.606035
-0.540573
-0.474421
-0.407615
-0.340178
-0.272394
-0.204435
-0.136838
-0.0690893
-0.00128874
0.0693128
0.148548
0.272651
0.345807
0.384126
0.333214
0.361754
0.385549
0.429933
)
;

boundaryField
{
    walls
    {
        type            zeroGradient;
    }
    frontAndBack
    {
        type            empty;
    }
    farfield
    {
        type            outletInlet;
        outletValue     uniform 0;
        value           uniform 0;
    }
    procBoundary1to0
    {
        type            processor;
        value           nonuniform List<scalar> 
101
(
-147.035
-147.034
-147.034
-147.034
-147.034
-147.034
-147.034
-147.034
-147.034
-147.034
-147.034
-147.033
-147.032
-147.032
-156.296
-156.295
-156.294
-156.292
-156.29
-156.287
-156.285
-156.281
-156.278
-156.273
-156.268
-156.262
-156.254
-156.254
-165.666
-165.656
-165.643
-165.629
-165.612
-165.592
-165.568
-165.54
-165.507
-165.469
-165.424
-165.371
-165.311
-165.241
-165.161
-165.068
-164.961
-164.838
-164.696
-164.532
-164.343
-164.125
-163.874
-163.586
-163.258
-162.883
-162.452
-161.967
-161.364
-160.745
-160.041
-159.279
-158.477
-157.646
-156.794
-155.942
-155.118
-154.355
-153.694
-153.182
-152.865
-152.78
-152.928
-153.259
-153.648
-153.879
-153.658
-152.64
-150.486
-146.932
-141.862
-135.335
-127.582
-118.91
-109.674
-100.218
-90.8395
-81.7675
-73.1591
-65.118
-57.6868
-50.88
-44.6682
-39.0307
-33.8879
-29.2307
-24.9094
-20.9943
-17.1734
-13.715
-9.98014
-6.41683
-2.27445
)
;
    }
    procBoundary1to3
    {
        type            processor;
        value           nonuniform List<scalar> 
101
(
117.184
117.237
117.313
117.409
117.515
117.626
117.742
117.855
117.948
118.004
118.014
117.96
117.834
117.619
117.277
116.777
116.124
115.358
114.542
113.73
112.994
112.448
112.22
112.6
113.955
116.701
121.274
127.866
136.389
146.428
157.037
166.78
174.741
180.571
184.234
185.868
185.745
184.367
182.157
179.267
176.021
172.794
169.573
166.173
162.688
159.366
156.235
153.198
150.234
150.234
150.429
147.953
144.786
141.884
138.75
135.32
131.665
127.764
123.619
119.345
114.891
110.294
105.614
100.788
95.8379
90.8248
85.7392
80.6966
75.8444
71.1305
66.4948
61.9682
57.5542
53.1913
48.8601
44.5337
40.4176
36.7601
33.357
30.1058
27.0235
24.2159
21.6399
19.4637
17.6035
15.7612
13.9303
12.3109
10.8691
9.50333
8.29613
7.26958
6.32917
5.39833
4.51345
3.72891
3.03125
2.3159
1.63424
0.849452
0.480614
)
;
    }
}


// ************************************************************************* //
