/*--------------------------------*- C++ -*----------------------------------*\
| =========                 |                                                 |
| \\      /  F ield         | OpenFOAM: The Open Source CFD Toolbox           |
|  \\    /   O peration     | Version:  2412                                  |
|   \\  /    A nd           | Website:  www.openfoam.com                      |
|    \\/     M anipulation  |                                                 |
\*---------------------------------------------------------------------------*/
FoamFile
{
    version     2.0;
    format      ascii;
    arch        "LSB;label=32;scalar=64";
    class       volScalarField;
    location    "420";
    object      p;
}
// * * * * * * * * * * * * * * * * * * * * * * * * * * * * * * * * * * * * * //

dimensions      [0 2 -2 0 0 0 0];

internalField   nonuniform List<scalar> 
7418
(
108.917
104.597
99.9874
98.6355
97.1147
85.5034
68.6018
67.8043
84.213
91.6746
94.8985
95.9375
95.503
94.1869
92.9799
92.8953
93.2873
94.0431
94.9146
95.2422
95.0787
94.6238
94.0006
93.5274
93.1211
92.7381
92.2583
91.6673
91.0034
90.3123
89.6051
88.8698
88.0934
87.28
86.4372
85.5718
84.6845
83.7768
82.8513
81.9119
80.962
80.0046
79.0426
78.0792
77.118
76.1622
75.2154
74.2806
73.3609
72.4593
71.5777
70.7185
69.885
69.0802
68.3064
67.5663
66.8626
66.1978
65.5737
64.9907
64.4505
63.9554
63.5086
63.1111
62.7633
62.4653
62.2195
62.0274
61.8896
61.8069
61.7793
61.808
61.9016
62.0475
62.2539
62.5218
62.8554
63.2513
63.7054
64.2232
64.8117
104.584
105.713
108.895
104.589
99.9927
98.6359
97.1113
85.5232
68.642
67.8225
84.2065
91.6685
94.8956
95.9361
95.5026
94.1872
92.9805
92.8957
93.2874
94.043
94.9144
95.242
95.0786
94.6238
94.0006
93.5274
93.1211
92.7381
92.2583
91.6674
91.0034
90.3124
89.6051
88.8699
88.0934
87.28
86.4372
85.5718
84.6846
83.7768
82.8513
81.9119
80.962
80.0046
79.0426
78.0792
77.118
76.1622
75.2154
74.2806
73.361
72.4593
71.5777
70.7185
69.885
69.0802
68.3064
67.5663
66.8626
66.1978
65.5737
64.9907
64.4505
63.9554
63.5086
63.1111
62.7633
62.4653
62.2195
62.0274
61.8896
61.8069
61.7793
61.808
61.9016
62.0475
62.2539
62.5218
62.8554
63.2513
63.7054
64.2232
64.8117
104.591
105.708
108.867
104.579
100.003
98.6388
97.11
85.5501
68.6956
67.8477
84.1991
91.6612
94.8919
95.9343
95.502
94.1876
92.9813
92.8962
93.2875
94.0429
94.9141
95.2418
95.0785
94.6238
94.0007
93.5274
93.1211
92.7381
92.2583
91.6674
91.0035
90.3124
89.6051
88.8699
88.0934
87.2801
86.4373
85.5718
84.6846
83.7768
82.8514
81.9119
80.962
80.0046
79.0426
78.0792
77.118
76.1622
75.2154
74.2806
73.361
72.4593
71.5777
70.7186
69.885
69.0802
68.3064
67.5663
66.8626
66.1978
65.5737
64.9907
64.4505
63.9554
63.5086
63.1112
62.7633
62.4653
62.2196
62.0274
61.8896
61.807
61.7793
61.808
61.9016
62.0475
62.2539
62.5218
62.8554
63.2513
63.7054
64.2232
64.8117
104.599
105.7
108.839
104.571
100.02
98.6471
97.1109
85.5843
68.7629
67.8838
84.1923
91.6536
94.8878
95.9322
95.5013
94.1879
92.9822
92.8968
93.2878
94.0429
94.9138
95.2415
95.0784
94.6238
94.0007
93.5275
93.1211
92.7382
92.2583
91.6674
91.0035
90.3124
89.6051
88.8699
88.0935
87.2801
86.4373
85.5718
84.6846
83.7769
82.8514
81.912
80.9621
80.0047
79.0426
78.0792
77.118
76.1623
75.2154
74.2807
73.361
72.4593
71.5777
70.7186
69.8851
69.0802
68.3064
67.5663
66.8627
66.1978
65.5737
64.9907
64.4505
63.9554
63.5086
63.1112
62.7633
62.4653
62.2196
62.0274
61.8896
61.807
61.7793
61.808
61.9017
62.0476
62.2539
62.5219
62.8554
63.2514
63.7054
64.2232
64.8117
104.606
105.694
108.808
104.562
100.048
98.6635
97.1198
85.6269
68.854
67.9413
84.1862
91.6451
94.8825
95.9293
95.5002
94.1883
92.9835
92.8979
93.2884
94.043
94.9135
95.2411
95.0782
94.6237
94.0008
93.5276
93.1212
92.7382
92.2583
91.6674
91.0035
90.3125
89.6052
88.87
88.0935
87.2801
86.4373
85.5719
84.6847
83.7769
82.8514
81.912
80.9621
80.0047
79.0427
78.0793
77.1181
76.1623
75.2155
74.2807
73.361
72.4593
71.5778
70.7186
69.8851
69.0803
68.3064
67.5664
66.8627
66.1978
65.5737
64.9907
64.4505
63.9554
63.5086
63.1112
62.7634
62.4653
62.2196
62.0274
61.8896
61.807
61.7793
61.808
61.9017
62.0476
62.2539
62.5219
62.8555
63.2514
63.7055
64.2232
64.8117
104.614
105.695
108.773
104.559
100.089
98.6914
97.1365
85.6786
68.9833
68.0359
84.1833
91.6347
94.8749
95.9249
95.4983
94.1888
92.9856
92.8998
93.2895
94.0433
94.9131
95.2406
95.0779
94.6237
94.001
93.5278
93.1213
92.7383
92.2584
91.6675
91.0036
90.3126
89.6053
88.87
88.0936
87.2802
86.4374
85.572
84.6847
83.777
82.8515
81.9121
80.9622
80.0048
79.0427
78.0794
77.1181
76.1624
75.2155
74.2808
73.3611
72.4594
71.5778
70.7187
69.8852
69.0803
68.3065
67.5664
66.8627
66.1979
65.5738
64.9908
64.4506
63.9555
63.5087
63.1113
62.7634
62.4654
62.2197
62.0275
61.8897
61.8071
61.7794
61.8081
61.9017
62.0476
62.254
62.5219
62.8555
63.2514
63.7055
64.2233
64.8118
104.624
105.701
108.732
104.574
100.144
98.7371
97.1439
85.7444
69.1713
68.1874
84.1863
91.6211
94.8635
95.9179
95.4953
94.1896
92.9891
92.903
93.2915
94.0441
94.9126
95.2398
95.0774
94.6236
94.0013
93.5281
93.1216
92.7384
92.2585
91.6676
91.0037
90.3127
89.6054
88.8702
88.0937
87.2804
86.4376
85.5721
84.6849
83.7771
82.8516
81.9122
80.9623
80.0049
79.0429
78.0795
77.1182
76.1625
75.2157
74.2809
73.3612
72.4595
71.5779
70.7188
69.8853
69.0804
68.3066
67.5665
66.8629
66.198
65.5739
64.9909
64.4507
63.9556
63.5088
63.1114
62.7635
62.4655
62.2198
62.0276
61.8898
61.8072
61.7795
61.8082
61.9018
62.0477
62.2541
62.522
62.8556
63.2515
63.7056
64.2234
64.8119
104.637
105.705
108.686
104.607
100.209
98.808
97.1419
85.8444
69.4466
68.4196
84.1959
91.6019
94.846
95.9068
95.4904
94.191
92.9949
92.9083
93.295
94.0455
94.9119
95.2385
95.0766
94.6234
94.0017
93.5287
93.1219
92.7386
92.2586
91.6677
91.004
90.3129
89.6056
88.8704
88.0939
87.2806
86.4378
85.5723
84.6851
83.7773
82.8518
81.9124
80.9625
80.0051
79.0431
78.0797
77.1185
76.1627
75.2159
74.2811
73.3614
72.4597
71.5781
70.719
69.8855
69.0806
68.3068
67.5667
66.863
66.1982
65.5741
64.9911
64.4509
63.9558
63.509
63.1115
62.7637
62.4657
62.2199
62.0278
61.8899
61.8073
61.7797
61.8084
61.902
62.0479
62.2543
62.5222
62.8558
63.2517
63.7058
64.2236
64.8121
104.648
105.702
108.632
104.642
100.29
98.9099
97.1491
86.0099
69.8245
68.7594
84.2097
91.5738
94.819
95.8892
95.4828
94.1934
93.0044
92.9169
93.3006
94.0477
94.9108
95.2365
95.0753
94.6232
94.0025
93.5295
93.1226
92.7389
92.2588
91.668
91.0043
90.3133
89.606
88.8707
88.0943
87.2809
86.4381
85.5726
84.6854
83.7777
82.8522
81.9127
80.9629
80.0055
79.0434
78.08
77.1188
76.163
75.2162
74.2814
73.3617
72.46
71.5784
70.7193
69.8858
69.0809
68.3071
67.567
66.8633
66.1985
65.5744
64.9914
64.4512
63.9561
63.5093
63.1118
62.764
62.466
62.2202
62.028
61.8902
61.8076
61.7799
61.8087
61.9023
62.0482
62.2545
62.5225
62.8561
63.252
63.7061
64.2238
64.8124
104.653
105.689
108.566
104.663
100.395
99.0364
97.1718
86.2901
70.3001
69.2339
84.223
91.5326
94.779
95.8631
95.4718
94.1976
93.019
92.9299
93.309
94.051
94.9089
95.2334
95.0734
94.6228
94.0036
93.5309
93.1235
92.7393
92.2591
91.6684
91.0048
90.3139
89.6066
88.8713
88.0948
87.2814
86.4387
85.5732
84.686
83.7782
82.8527
81.9133
80.9634
80.006
79.0439
78.0805
77.1193
76.1635
75.2167
74.2819
73.3622
72.4605
71.5789
70.7198
69.8862
69.0814
68.3076
67.5675
66.8638
66.1989
65.5748
64.9918
64.4516
63.9565
63.5097
63.1123
62.7644
62.4664
62.2206
62.0285
61.8906
61.808
61.7804
61.8091
61.9027
62.0486
62.255
62.5229
62.8565
63.2525
63.7065
64.2243
64.8128
104.652
105.665
108.482
104.661
100.526
99.1776
97.2141
86.7762
70.8833
69.8623
84.2294
91.4746
94.7231
95.8268
95.4571
94.2045
93.0401
92.9484
93.3206
94.0554
94.9061
95.2288
95.0707
94.6224
94.0053
93.5328
93.1249
92.74
92.2595
91.6689
91.0056
90.3148
89.6074
88.872
88.0956
87.2822
86.4394
85.574
84.6867
83.779
82.8535
81.914
80.9641
80.0067
79.0446
78.0813
77.12
76.1642
75.2174
74.2826
73.3629
72.4612
71.5796
70.7205
69.8869
69.0821
68.3082
67.5682
66.8645
66.1996
65.5755
64.9925
64.4523
63.9571
63.5103
63.1129
62.765
62.467
62.2213
62.0291
61.8913
61.8086
61.781
61.8097
61.9033
62.0492
62.2556
62.5236
62.8571
63.2531
63.7072
64.2249
64.8135
104.648
105.628
108.373
104.632
100.656
99.335
97.3079
87.4845
71.6523
70.6429
84.23
91.399
94.6512
95.7803
95.439
94.2145
93.0684
92.9729
93.3359
94.061
94.9022
95.2228
95.0671
94.6219
94.0076
93.5355
93.1268
92.741
92.2601
91.6698
91.0067
90.316
89.6086
88.8731
88.0966
87.2833
86.4405
85.575
84.6878
83.78
82.8545
81.9151
80.9652
80.0078
79.0457
78.0823
77.121
76.1653
75.2184
74.2836
73.3639
72.4622
71.5806
70.7214
69.8879
69.083
68.3092
67.5691
66.8654
66.2005
65.5764
64.9934
64.4531
63.958
63.5112
63.1137
62.7659
62.4679
62.2221
62.0299
61.8921
61.8095
61.7818
61.8105
61.9042
62.0501
62.2564
62.5244
62.858
63.2539
63.708
64.2258
64.8143
104.642
105.57
108.233
104.577
100.767
99.496
97.5305
88.3643
72.6631
71.5538
84.2376
91.3112
94.5661
95.7249
95.4179
94.2277
93.1041
93.0035
93.3551
94.068
94.8974
95.2152
95.0628
94.6214
94.0107
93.5389
93.1292
92.7422
92.261
91.6709
91.0082
90.3176
89.6101
88.8746
88.0981
87.2847
86.442
85.5765
84.6892
83.7814
82.8559
81.9165
80.9666
80.0091
79.047
78.0836
77.1224
76.1666
75.2197
74.2849
73.3652
72.4635
71.5818
70.7227
69.8891
69.0842
68.3104
67.5703
66.8666
66.2017
65.5775
64.9945
64.4543
63.9592
63.5123
63.1149
62.767
62.469
62.2232
62.031
61.8932
61.8106
61.7829
61.8116
61.9053
62.0512
62.2575
62.5255
62.8591
63.255
63.7092
64.2269
64.8155
104.635
105.494
108.063
104.498
100.872
99.6738
97.9564
89.4472
73.8575
72.5721
84.2691
91.2207
94.4722
95.6622
95.3941
94.2439
93.1469
93.0403
93.3784
94.0767
94.8919
95.2065
95.0577
94.6209
94.0145
93.5431
93.1322
92.7438
92.2621
91.6723
91.0101
90.3196
89.612
88.8764
88.0999
87.2866
86.4438
85.5783
84.6911
83.7833
82.8577
81.9183
80.9683
80.0109
79.0488
78.0854
77.1241
76.1683
75.2214
74.2866
73.3668
72.4651
71.5834
70.7242
69.8907
69.0858
68.3119
67.5718
66.8681
66.2031
65.579
64.996
64.4557
63.9606
63.5137
63.1163
62.7684
62.4704
62.2246
62.0324
61.8946
61.8119
61.7843
61.813
61.9066
62.0525
62.2589
62.5269
62.8605
63.2564
63.7106
64.2284
64.8169
104.627
105.413
107.871
104.406
100.961
99.964
98.6207
90.713
75.1948
73.683
84.3454
91.1356
94.3735
95.5933
95.3675
94.2629
93.1967
93.0836
93.4063
94.0879
94.8862
95.1968
95.0521
94.6204
94.0191
93.5482
93.1359
92.7459
92.2636
91.6741
91.0124
90.3221
89.6145
88.8787
88.1021
87.2888
86.4461
85.5806
84.6933
83.7855
82.86
81.9205
80.9705
80.013
79.0509
78.0875
77.1262
76.1703
75.2234
74.2886
73.3688
72.467
71.5854
70.7262
69.8926
69.0877
68.3138
67.5737
66.8699
66.205
65.5808
64.9978
64.4575
63.9624
63.5155
63.118
62.7701
62.4721
62.2263
62.0341
61.8962
61.8136
61.786
61.8147
61.9083
62.0542
62.2606
62.5286
62.8622
63.2582
63.7123
64.2301
64.8187
104.621
105.333
107.675
104.313
101.05
100.364
99.4818
92.0173
76.6594
74.8804
84.4918
91.0607
94.2736
95.5193
95.3383
94.2843
93.2538
93.1339
93.4397
94.1022
94.8809
95.1864
95.046
94.62
94.0245
93.5542
93.1404
92.7485
92.2654
91.6764
91.0152
90.3251
89.6174
88.8814
88.1048
87.2916
86.4489
85.5833
84.696
83.7881
82.8626
81.9231
80.9731
80.0156
79.0535
78.09
77.1287
76.1728
75.2259
74.291
73.3713
72.4694
71.5878
70.7285
69.8949
69.09
68.3161
67.5759
66.8721
66.2072
65.583
64.9999
64.4597
63.9645
63.5176
63.1201
62.7722
62.4741
62.2284
62.0362
61.8983
61.8157
61.788
61.8167
61.9104
62.0563
62.2626
62.5306
62.8643
63.2603
63.7144
64.2323
64.8209
104.631
105.267
107.497
104.221
101.214
100.771
100.545
93.2041
78.2292
76.1637
84.727
91.0006
94.1753
95.441
95.3067
94.3085
93.3185
93.1919
93.4794
94.1203
94.8763
95.1754
95.0393
94.6197
94.0309
93.5613
93.1458
92.7516
92.2677
91.6791
91.0185
90.3287
89.6208
88.8846
88.108
87.2948
86.4521
85.5866
84.6992
83.7913
82.8658
81.9262
80.9762
80.0187
79.0565
78.093
77.1317
76.1758
75.2288
74.2939
73.3741
72.4723
71.5906
70.7313
69.8977
69.0927
68.3188
67.5786
66.8748
66.2098
65.5856
65.0025
64.4622
63.9671
63.5202
63.1226
62.7747
62.4766
62.2309
62.0386
61.9008
61.8181
61.7905
61.8192
61.9128
62.0587
62.2651
62.5331
62.8668
63.2628
63.717
64.2348
64.8235
104.683
105.237
107.364
104.178
101.524
101.274
101.951
94.2419
79.8731
77.5335
85.0633
90.9598
94.0823
95.36
95.2734
94.3361
93.3917
93.2586
93.5263
94.1429
94.8728
95.1639
95.0322
94.6195
94.0382
93.5696
93.1522
92.7554
92.2705
91.6822
91.0225
90.3329
89.6248
88.8885
88.1118
87.2986
86.4559
85.5904
84.7029
83.795
82.8695
81.9299
80.9799
80.0223
79.0601
78.0966
77.1352
76.1793
75.2323
74.2974
73.3776
72.4757
71.594
70.7347
69.901
69.096
68.322
67.5818
66.878
66.213
65.5888
65.0056
64.4653
63.9701
63.5232
63.1256
62.7777
62.4796
62.2338
62.0416
61.9037
61.8211
61.7934
61.8221
61.9158
62.0617
62.268
62.5361
62.8697
63.2658
63.72
64.2379
64.8266
104.812
105.289
107.307
104.27
101.996
101.988
103.613
95.1982
81.5617
78.9887
85.5127
90.9379
94.005
95.2783
95.2397
94.368
93.4742
93.3349
93.5814
94.1708
94.8709
95.1523
95.0248
94.6194
94.0467
93.5791
93.1598
92.7601
92.2739
91.686
91.0271
90.3378
89.6296
88.8929
88.1162
87.303
86.4604
85.5948
84.7073
83.7994
82.8738
81.9342
80.9842
80.0266
79.0643
78.1008
77.1394
76.1834
75.2364
74.3015
73.3816
72.4797
71.5979
70.7386
69.9049
69.0999
68.3259
67.5856
66.8818
66.2167
65.5925
65.0093
64.469
63.9737
63.5268
63.1292
62.7813
62.4832
62.2373
62.0451
61.9072
61.8246
61.7969
61.8256
61.9193
62.0652
62.2716
62.5396
62.8733
63.2694
63.7236
64.2416
64.8303
105.053
105.476
107.361
104.516
102.564
103.017
105.188
96.1726
83.2791
80.52
86.0836
90.9485
93.9474
95.1991
95.2075
94.4055
93.567
93.422
93.6458
94.2047
94.871
95.1409
95.0172
94.6197
94.0565
93.5902
93.1687
92.7656
92.278
91.6905
91.0324
90.3435
89.6351
88.8982
88.1213
87.3082
86.4656
85.6
84.7125
83.8045
82.8789
81.9393
80.9892
80.0316
79.0693
78.1057
77.1443
76.1883
75.2412
74.3062
73.3863
72.4844
71.6026
70.7432
69.9095
69.1044
68.3304
67.5901
66.8862
66.2211
65.5968
65.0136
64.4733
63.978
63.5311
63.1334
62.7855
62.4873
62.2415
62.0493
61.9114
61.8287
61.801
61.8298
61.9234
62.0693
62.2757
62.5438
62.8775
63.2736
63.7279
64.2459
64.8347
105.438
105.838
107.597
104.908
103.166
104.227
106.362
97.165
85.0325
82.1163
86.7678
91.0276
93.9032
95.1273
95.1795
94.4502
93.6711
93.5208
93.7204
94.2456
94.874
95.1299
95.0096
94.6205
94.0678
93.6031
93.1792
92.7723
92.2829
91.6959
91.0387
90.3502
89.6416
88.9043
88.1273
87.3143
86.4717
85.606
84.7185
83.8105
82.8848
81.9452
80.995
80.0374
79.0751
78.1115
77.15
76.194
75.2469
74.3118
73.3919
72.4899
71.608
70.7486
69.9148
69.1097
68.3357
67.5954
66.8914
66.2263
65.602
65.0187
64.4784
63.9831
63.5361
63.1384
62.7904
62.4923
62.2464
62.0542
61.9163
61.8336
61.8059
61.8347
61.9283
105.997
106.41
108.081
105.472
103.824
105.591
107.253
98.1295
86.8326
83.7774
87.541
91.2056
93.874
95.0692
95.159
94.5043
93.7877
93.6325
93.8065
94.2943
94.8805
95.1201
95.0025
94.6221
94.0809
93.6179
93.1914
92.7802
92.2889
91.7022
91.0461
90.358
89.6491
88.9114
88.1344
87.3213
86.4788
85.6131
84.7255
83.8174
82.8917
81.952
81.0019
80.0442
79.0818
78.1182
77.1566
76.2006
75.2535
74.3184
73.3984
72.4963
71.6144
70.755
69.9212
69.116
68.3419
67.6016
66.8976
66.2324
65.608
65.0248
64.4843
63.989
63.542
63.1443
62.7963
62.4981
62.2523
62.06
61.922
61.8394
61.8117
61.8405
61.9341
106.756
107.225
108.883
106.286
104.713
107.395
108.045
99.0647
88.6749
85.5004
88.3895
91.493
93.8733
95.032
95.1508
94.5705
93.9182
93.7584
93.9054
94.3522
94.8917
95.1123
94.9964
94.6248
94.096
93.6349
93.2057
92.7898
92.2961
91.7097
91.0547
90.367
89.6579
88.9198
88.1425
87.3295
86.487
85.6213
84.7336
83.8255
82.8998
81.9601
81.0099
80.0521
79.0897
78.126
77.1645
76.2084
75.2612
74.326
73.406
72.5039
71.622
70.7625
69.9286
69.1234
68.3492
67.6088
66.9048
66.2396
65.6152
65.0318
64.4914
63.996
63.549
63.1512
62.8032
62.505
62.2591
62.0668
61.9289
61.8462
61.8186
61.8473
61.941
107.732
108.307
110.026
107.33
106.006
109.564
108.732
100.011
90.5431
87.2689
89.3182
91.8762
93.9308
95.024
95.1607
94.6521
94.0639
93.8997
94.0183
94.4204
94.9088
95.1075
94.9918
94.6292
94.1136
93.6545
93.2224
92.8011
92.3048
91.7185
91.0647
90.3776
89.6681
88.9295
88.1521
87.3391
86.4966
85.6308
84.7431
83.8349
82.9092
81.9694
81.0192
80.0614
79.0989
78.1352
77.1736
76.2174
75.2702
74.335
73.4149
72.5128
71.6308
70.7712
69.9373
69.132
68.3578
67.6174
66.9133
66.248
65.6235
65.0402
64.4997
64.0043
63.5572
63.1594
62.8113
62.5131
62.2672
62.0749
61.9369
61.8543
61.8266
61.8554
61.949
108.925
109.668
111.493
108.482
107.658
111.596
109.339
100.99
92.418
89.0662
90.3362
92.3393
94.0719
95.0548
95.1959
94.753
94.2268
94.0579
94.1467
94.5003
94.9335
95.1069
94.9898
94.6358
94.134
93.677
93.2418
92.8146
92.3152
91.7291
91.0765
90.3898
89.68
88.9408
88.1632
87.3502
86.5078
85.6419
84.7541
83.8459
82.9201
81.9803
81.03
80.0722
79.1097
78.1459
77.1842
76.228
75.2808
74.3455
73.4253
72.5231
71.6411
70.7815
69.9475
69.1422
68.3679
67.6274
66.9232
66.2579
65.6333
65.0499
64.5094
64.0139
63.5668
63.169
62.8208
62.5226
62.2767
62.0843
61.9464
61.8637
61.8361
61.8649
61.9585
110.311
111.292
113.183
109.787
109.538
113.23
109.977
102.012
94.2801
90.876
91.4453
92.8913
94.2987
95.1361
95.2646
94.8782
94.409
94.2347
94.2923
94.5937
94.9676
95.1123
94.9915
94.6454
94.1576
93.7028
93.2643
92.8306
92.3278
91.7415
91.0901
90.404
89.6938
88.9539
88.176
87.3631
86.5207
85.6548
84.7669
83.8586
82.9327
81.9929
81.0426
80.0847
79.1222
78.1583
77.1966
76.2404
75.2931
74.3577
73.4375
72.5352
71.6531
70.7934
69.9594
69.154
68.3797
67.6391
66.9349
66.2695
65.6449
65.0614
64.5208
64.0253
63.5781
63.1802
62.832
62.5338
62.2878
62.0955
61.9575
61.8749
61.8472
61.876
61.9697
111.859
113.116
114.93
111.461
111.819
114.728
110.586
103.097
96.1118
92.6824
92.6384
93.5465
94.61
95.2801
95.3762
95.0335
94.6135
94.4321
94.4566
94.7024
95.0133
95.1257
94.9982
94.6591
94.1852
93.7325
93.2903
92.8496
92.3429
91.7563
91.1061
90.4205
89.7097
88.9692
88.191
87.378
86.5357
85.6697
84.7817
83.8733
82.9475
82.0076
81.0572
80.0993
79.1367
78.1728
77.2111
76.2548
75.3074
74.372
73.4517
72.5494
71.6672
70.8074
69.9733
69.1679
68.3935
67.6528
66.9485
66.2831
65.6584
65.0748
64.5342
64.0386
63.5914
63.1934
62.8452
62.5469
62.3009
62.1085
61.9706
61.8879
61.8603
61.8891
61.9828
113.55
114.966
116.731
113.669
114.555
116.156
111.112
104.261
97.8999
94.4716
93.9023
94.3061
95.0155
95.4977
95.5405
95.2254
94.8437
94.6523
94.6416
94.8284
95.0732
95.1492
95.0119
94.678
94.2174
93.7666
93.3205
92.8722
92.3611
91.7739
91.1247
90.4395
89.7283
88.9868
88.2083
87.3953
86.5531
85.687
84.7988
83.8904
82.9645
82.0246
81.0742
80.1162
79.1536
78.1897
77.2279
76.2715
75.3241
74.3886
73.4683
72.5659
71.6836
70.8238
69.9896
69.1841
68.4096
67.6689
66.9645
66.299
65.6742
65.0906
64.5498
64.0543
63.6069
63.2089
62.8606
62.5623
62.3163
62.1239
61.9859
61.9033
61.8757
61.9046
61.9983
115.331
116.823
118.684
116.324
117.42
117.407
111.693
105.492
99.6367
96.2316
95.2227
95.1649
95.5215
95.7993
95.7675
95.4609
95.1038
94.8982
94.8494
94.974
95.15
95.1857
95.0345
94.7038
94.2552
93.8058
93.3555
92.8989
92.3828
91.7946
91.1464
90.4616
89.7497
89.0073
88.2284
87.4154
86.5731
85.707
84.8187
83.9102
82.9843
82.0444
81.0939
80.1358
79.1732
78.2092
77.2474
76.291
75.3435
74.408
73.4876
72.5851
71.7027
70.8429
70.0086
69.203
68.4284
67.6876
66.9832
66.3176
65.6927
65.109
64.5682
64.0726
63.6251
63.2271
62.8787
62.5804
62.3344
62.1419
62.004
61.9214
61.8938
61.9227
62.0164
117.093
118.793
120.701
119.055
120.073
118.435
112.437
106.761
101.319
97.9526
96.584
96.1145
96.1305
96.193
96.0664
95.7475
95.3988
95.1729
95.0824
95.1418
95.2468
95.2381
95.0688
94.7384
94.2997
93.851
93.3959
92.9305
92.4089
91.8192
91.1716
90.4871
89.7744
89.0311
88.2516
87.4385
86.5963
85.73
84.8416
83.9331
83.0071
82.0672
81.1167
80.1586
79.1959
78.2319
77.2701
76.3136
75.3661
74.4305
73.51
72.6075
71.7251
70.8651
70.0308
69.2251
68.4504
67.7096
67.005
66.3393
65.7143
65.1305
64.5897
64.094
63.6465
63.2484
62.8999
62.6016
62.3556
62.1631
62.0251
61.9426
61.915
61.944
62.0377
118.804
120.786
122.463
121.682
122.392
119.364
113.34
108.042
102.946
99.6266
97.9703
97.1438
96.8403
96.6835
96.4447
96.0918
95.7338
95.4798
95.3429
95.3344
95.3668
95.3097
95.1176
94.7839
94.3524
93.9032
93.4426
92.9678
92.44
91.8483
91.201
90.5165
89.803
89.0585
88.2785
87.4652
86.623
85.7566
84.8681
83.9595
83.0335
82.0935
81.143
80.1849
79.2222
78.2583
77.2963
76.3399
75.3923
74.4567
73.5362
72.6336
71.7511
70.891
70.0566
69.2508
68.4761
67.7352
67.0306
66.3647
65.7396
65.1558
64.6148
64.1191
63.6715
63.2733
62.9248
62.6264
62.3804
62.1879
62.05
61.9674
61.9399
61.969
62.0627
120.462
122.675
123.715
124.124
124.263
120.221
114.343
109.315
104.516
101.247
99.3663
98.2385
97.6441
97.2712
96.907
96.4996
96.114
95.8226
95.634
95.5549
95.5134
95.404
95.1841
94.8429
94.415
93.9637
93.4966
93.0118
92.4769
91.8826
91.2352
90.5504
89.8358
89.0901
88.3094
87.4959
86.6537
85.7872
84.8986
83.9899
83.0639
82.124
81.1735
80.2154
79.2527
78.2887
77.3268
76.3704
75.4228
74.4871
73.5666
72.6639
71.7813
70.9212
70.0867
69.2809
68.5061
67.765
67.0603
66.3944
65.7692
65.1853
64.6443
64.1484
63.7008
63.3025
62.9539
62.6556
62.4095
62.217
62.0791
61.9966
61.9692
61.9983
62.0922
122.043
124.412
124.742
126.222
125.673
120.907
115.395
110.563
106.026
102.808
100.757
99.3815
98.5304
97.9517
97.4541
96.9743
96.5436
96.2046
95.9581
95.8061
95.6897
95.5244
95.2717
94.9183
94.4896
94.034
93.5591
93.0634
92.5208
91.9229
91.2748
90.5895
89.8737
89.1265
88.3451
87.5313
86.689
85.8224
84.9337
84.0249
83.0989
82.1591
81.2086
80.2506
79.2879
78.324
77.3621
76.4057
75.4581
74.5224
73.6018
72.6991
71.8165
70.9564
70.1218
69.3159
68.541
67.7999
67.0951
66.4291
65.8038
65.2198
64.6787
64.1828
63.7351
63.3367
62.9881
62.6897
62.4436
62.2512
62.1133
62.0309
62.0035
62.0327
123.504
126.03
126.008
127.964
126.694
121.514
116.454
111.774
107.474
104.304
102.13
100.555
99.484
98.7155
98.0822
97.5163
97.0252
96.6284
96.3177
96.0906
95.8986
95.6743
95.3838
95.0128
94.5784
94.1157
93.6315
93.124
92.5727
91.9704
91.3208
90.6345
89.9171
89.1684
88.386
87.5719
86.7295
85.8628
84.9739
84.0652
83.1393
82.1995
81.2491
80.2911
79.3286
78.3648
77.403
76.4466
75.499
74.5634
73.6428
72.7401
71.8575
70.9973
70.1627
69.3567
68.5818
67.8406
67.1357
66.4696
65.8442
65.2601
64.7189
64.223
63.7752
63.3768
63.0281
62.7297
62.4837
62.2912
62.1534
62.0711
62.0438
62.0731
124.811
127.519
127.419
129.375
127.474
122.179
117.491
112.942
108.852
105.731
103.471
101.741
100.487
99.5488
98.7829
98.1223
97.5588
97.095
96.7144
96.4102
96.1424
95.8565
95.5237
95.1294
94.6837
94.2109
93.7151
93.1948
92.6339
92.026
91.374
90.686
89.9669
89.2164
88.433
87.6184
86.7759
85.9091
85.0201
84.1114
83.1856
82.246
81.2957
80.3379
79.3755
78.4118
77.4502
76.4939
75.5465
74.6109
73.6904
72.7877
71.9051
71.0449
70.2103
69.4042
68.6293
67.888
67.1831
66.5169
65.8914
65.3072
64.766
64.27
63.8222
63.4236
63.0749
62.7765
62.5306
62.3381
62.2004
62.1182
62.0911
62.1206
125.978
128.782
128.772
130.574
128.139
122.923
118.487
114.063
110.156
107.086
104.769
102.923
101.52
100.434
99.5435
98.7849
98.141
97.6032
97.1483
96.7659
96.4222
96.0728
95.6936
95.2706
94.8079
94.3211
93.8118
93.2773
92.7054
92.0909
91.4354
90.7451
90.0237
89.2712
88.4867
87.6716
86.8289
85.962
85.073
84.1643
83.2387
82.2993
81.3493
80.3917
79.4296
78.4662
77.5047
76.5486
75.6014
74.666
73.7456
72.8429
71.9604
71.1002
70.2656
69.4596
68.6846
67.9434
67.2384
66.5722
65.9466
65.3623
64.821
64.325
63.8771
63.4785
63.1298
62.8314
62.5855
62.3932
62.2555
62.1735
62.1466
62.1762
127.022
129.835
130.041
131.637
128.759
123.665
119.413
115.126
111.38
108.363
106.013
104.085
102.563
101.352
100.348
99.4928
98.765
98.1489
97.617
97.1564
96.7377
96.3238
95.8951
95.4384
94.9532
94.4483
93.9226
93.3727
92.7887
92.1661
91.506
90.8125
90.0885
89.3338
88.5479
87.7322
86.8893
86.0223
85.1333
84.2249
83.2995
82.3605
81.4108
80.4536
79.4919
78.5288
77.5676
76.6119
75.6649
74.7297
73.8095
72.9071
72.0247
71.1646
70.33
69.524
68.7491
68.0079
67.3029
66.6366
66.011
65.4267
64.8854
64.3894
63.9415
63.5428
63.1941
62.8958
62.65
62.4577
62.3202
62.2384
62.2117
62.2416
127.929
130.781
131.448
132.663
129.204
124.316
120.251
116.117
112.517
109.557
107.194
105.209
103.596
102.282
101.177
100.231
99.4199
98.7249
98.1158
97.5782
97.0861
96.6082
96.128
95.6333
95.1207
94.5938
94.0488
93.482
92.8846
92.2527
91.5867
90.8892
90.1619
89.4047
88.6173
87.8009
86.9579
86.0909
85.2021
84.2939
83.369
82.4304
81.4813
80.5246
79.5634
78.6008
77.6402
76.6849
75.7383
74.8035
73.8836
72.9814
72.0992
71.2394
70.4049
69.5991
68.8242
68.083
67.3781
66.7119
66.0862
65.5019
64.9606
64.4647
64.0167
63.6181
63.2693
62.9712
62.7255
62.5334
62.3961
62.3146
62.2882
62.3184
128.668
131.674
132.898
133.409
129.423
124.912
120.992
117.024
113.56
110.662
108.303
106.28
104.598
103.201
102.01
100.982
100.092
99.3202
98.6364
98.0252
97.4625
96.9219
96.3898
95.8543
95.3103
94.758
94.1914
93.6056
92.9936
92.3514
91.6782
90.9757
90.2447
89.4847
88.6956
87.8785
87.0353
86.1685
85.28
84.3723
83.448
82.5102
81.5619
80.6059
79.6455
78.6836
77.7237
76.769
75.823
74.8887
73.9693
73.0676
72.1858
71.3262
70.492
69.6863
68.9117
68.1706
67.4658
66.7997
66.174
65.5898
65.0486
64.5527
64.1048
63.7062
63.3575
63.0595
62.8141
62.6222
62.4851
62.404
62.3779
62.4085
129.264
132.415
134.005
133.766
129.571
125.445
121.63
117.838
114.501
111.671
109.327
107.283
105.552
104.09
102.827
101.726
100.765
99.9216
99.1676
98.4876
97.8592
97.2585
96.675
96.0981
95.5201
94.9398
94.3495
93.7438
93.1157
92.4618
91.7809
91.0726
90.3373
89.5744
88.7835
87.9657
87.1224
86.2559
85.368
84.4611
83.5378
82.601
81.6537
80.6988
79.7394
78.7786
77.8196
76.8658
75.9206
74.9872
74.0685
73.1674
72.2861
71.427
70.5932
69.7878
69.0134
68.2727
67.5681
66.9021
66.2765
65.6924
65.1514
64.6556
64.2078
63.8093
63.4608
63.163
62.9178
62.7262
62.5895
62.5089
62.4832
62.5142
129.767
132.896
134.653
133.815
129.67
125.877
122.162
118.547
115.333
112.575
110.255
108.203
106.44
104.928
103.608
102.445
101.42
100.513
99.6955
98.9526
98.2644
97.6089
96.9759
96.3573
95.7458
95.1361
94.5211
93.8947
93.2501
92.5836
91.8938
91.1796
90.4397
89.6737
88.8812
88.0627
87.2196
86.3537
85.4667
84.5611
83.6391
82.7038
81.758
80.8046
79.8467
78.8873
77.9295
76.977
76.033
75.1006
74.1829
73.2827
72.4023
71.5438
70.7105
69.9057
69.1317
68.3914
67.6871
67.0214
66.3961
65.8123
65.2714
64.7759
64.3283
63.9299
63.5816
63.2841
63.0393
62.848
62.7118
62.6318
62.6067
62.6382
130.166
133.192
134.908
133.712
129.72
126.194
122.58
119.139
116.045
113.364
111.075
109.028
107.246
105.697
104.332
103.119
102.041
101.078
100.205
99.4063
98.6645
97.96
97.2831
96.6245
95.9792
95.3419
94.7022
94.0552
93.3941
92.7152
92.0159
91.2953
90.5515
89.7826
88.9886
88.1698
87.3272
86.4623
85.5768
84.6729
83.753
82.8197
81.8759
80.9246
79.9687
79.0112
78.0552
77.1044
76.162
75.2311
74.3148
73.4159
72.5366
71.679
70.8465
70.0424
69.2691
68.5293
67.8256
67.1603
66.5354
65.9519
65.4114
64.9162
64.4689
64.0708
63.7227
63.4258
63.1814
62.9906
62.855
62.7756
62.7512
62.7833
130.531
133.311
134.841
133.484
129.692
126.367
122.873
119.6
116.628
114.028
111.775
109.744
107.954
106.38
104.981
103.729
102.607
101.598
100.677
99.8311
99.0432
98.2957
97.5803
96.8876
96.2103
95.546
94.8851
94.2187
93.5424
92.8519
92.1441
91.417
90.6693
89.8991
89.1041
88.2857
87.4443
86.5812
85.698
84.7967
83.8795
82.9492
82.0084
81.0599
80.1068
79.1518
78.1983
77.2498
76.3096
75.3808
74.4663
73.5692
72.6915
71.8353
71.0038
70.2007
69.4284
68.6894
67.9864
67.3218
66.6975
66.1146
65.5745
65.0797
64.6328
64.2351
63.8874
63.591
63.3472
63.157
63.022
62.9435
62.9198
62.9525
130.951
133.242
134.565
133.136
129.542
126.385
123.028
119.918
117.068
114.551
112.339
110.332
108.544
106.958
105.536
104.255
103.1
102.054
101.095
100.21
99.3842
98.6011
97.8532
97.1322
96.43
95.7414
95.0606
94.3797
93.6901
92.9897
92.2749
91.5431
90.792
90.0211
89.2276
88.4104
87.5711
86.7108
85.8308
84.9331
84.0198
83.0934
82.1565
81.212
80.2625
79.311
78.3607
77.4152
76.4779
75.5518
74.6398
73.745
72.8695
72.0149
71.1848
70.3831
69.6121
68.8742
68.1722
67.5085
66.885
66.3028
65.7634
65.2692
64.8228
64.4256
64.0786
63.7829
63.54
63.3504
63.2163
63.1389
63.1163
63.1499
131.339
133.094
134.264
132.737
129.265
126.251
123.035
120.081
117.356
114.926
112.76
110.785
109.01
107.42
105.985
104.685
103.504
102.43
101.44
100.525
99.6685
98.8574
98.0837
97.3398
96.6182
95.9122
95.2143
94.5208
93.8232
93.1156
92.3964
91.6624
90.9109
90.1404
89.35
88.5371
87.7014
86.8454
85.9703
85.0779
84.1701
83.2492
82.3179
81.3788
80.4346
79.4879
78.542
77.6006
76.6673
75.745
74.8365
73.9451
73.0728
72.2207
71.3926
70.593
69.8238
69.0876
68.3871
67.7247
67.1024
66.5213
65.9828
65.4894
65.0437
64.6471
64.3008
64.0058
63.7635
63.5745
63.4411
63.3645
63.3427
63.3768
131.575
132.963
133.973
132.24
128.829
125.958
122.885
120.079
117.478
115.133
113.01
111.065
109.306
107.722
106.285
104.977
103.786
102.696
101.688
100.751
99.8739
99.0436
98.2527
97.4937
96.7595
96.0437
95.3377
94.6365
93.9354
93.2271
92.5071
91.7738
91.0247
90.2581
89.4728
88.6668
87.838
86.9883
86.1201
85.235
84.3346
83.4212
82.4972
81.5652
80.6279
79.6875
78.7469
77.8103
76.8822
75.965
75.0609
74.1736
73.3048
72.4552
71.6292
70.8318
70.0645
69.33
68.6309
67.9699
67.3489
66.7689
66.2312
65.7384
65.2934
64.8974
64.5517
64.2574
64.0157
63.8277
63.6959
63.6206
63.5997
63.6339
131.612
132.754
133.469
131.485
128.224
125.499
122.567
119.905
117.426
115.172
113.104
111.199
109.471
107.903
106.472
105.165
103.967
102.863
101.838
100.883
99.9916
99.1509
98.3521
97.5867
96.8472
96.1266
95.4175
94.7137
94.0099
93.3013
92.5826
91.8517
91.1083
90.3508
89.5759
88.7797
87.9604
87.12
86.2614
85.3864
84.4962
83.5929
82.6789
81.7566
80.8283
79.8963
78.9632
78.0341
77.1137
76.2034
75.305
74.4227
73.5585
72.7139
71.8925
71.0986
70.3345
69.6027
68.9061
68.2472
67.628
67.0495
66.5128
66.021
65.577
65.1818
64.8369
64.5433
64.3017
64.1145
63.984
63.9096
63.8888
63.9225
131.502
132.452
132.72
130.583
127.477
124.872
122.087
119.569
117.212
115.05
113.03
111.104
109.355
107.798
106.377
105.08
103.893
102.802
101.794
100.855
99.9763
99.1453
98.3528
97.5907
96.852
96.1312
95.4227
94.7213
94.0218
93.3197
92.611
91.893
91.1647
90.4237
89.6644
88.8803
88.0723
87.2455
86.4013
85.5407
84.6648
83.7753
82.8745
81.9648
81.0485
80.1278
79.2056
78.286
77.3735
76.4702
75.5787
74.7021
73.843
73.0035
72.1871
71.3973
70.6367
69.908
69.2139
68.5571
67.9396
67.3627
66.8276
66.3373
65.8944
65.5002
65.1562
64.8634
64.6227
64.4364
64.3071
64.2342
64.2137
64.2467
131.22
131.97
131.803
129.558
126.601
124.093
121.462
119.075
116.803
114.689
112.712
110.867
109.193
107.68
106.286
105.008
103.832
102.746
101.738
100.796
99.9125
99.077
98.282
97.5199
96.7841
96.0684
95.3669
94.6743
93.9854
93.2952
92.5991
91.8939
91.1772
90.4475
89.7017
88.9368
88.1516
87.3465
86.5226
85.6808
84.8231
83.9512
83.0672
82.1733
81.2721
80.3658
79.4575
78.5505
77.6488
76.7553
75.8728
75.0043
74.1523
73.3196
72.5094
71.725
70.9693
70.2448
69.5544
68.9007
68.2857
67.711
67.1782
66.69
66.2487
65.8559
65.5132
65.2216
64.982
64.7971
64.6693
64.5983
64.5784
64.6109
130.725
131.313
130.749
128.4
125.589
123.18
120.71
118.433
116.23
114.173
112.265
110.501
108.882
107.405
106.047
104.796
103.64
102.567
101.568
100.632
99.7504
98.9163
98.1223
97.3617
96.6286
95.9172
95.2221
94.5381
93.8605
93.1849
92.5072
91.8228
91.1279
90.4195
89.695
88.953
88.1929
87.4143
86.6159
85.7989
84.9646
84.1154
83.253
82.3796
81.4975
80.6094
79.7183
78.8272
77.9396
77.0587
76.1877
75.3296
74.4871
73.6632
72.8609
72.0837
71.3342
70.6153
69.9298
69.2803
68.6689
68.0973
67.5676
67.0822
66.6432
66.2525
65.9116
65.6217
65.3838
65.2006
65.0749
65.0061
64.9871
65.0195
129.491
127.074
124.425
122.125
119.804
117.611
115.477
113.505
111.687
110.008
108.452
107.021
105.701
104.481
103.348
102.292
101.304
100.377
99.501
98.6708
97.8799
97.1227
96.3938
95.6881
95.0006
94.3263
93.6607
92.9994
92.3385
91.6743
91.0026
90.3198
89.6228
88.9095
88.1791
87.4309
86.6643
85.8782
85.0738
84.253
83.4179
82.5707
81.7134
80.8487
79.9796
79.1091
78.2401
77.3759
76.52
75.6756
74.8457
74.0332
73.2414
72.4735
71.7323
71.0208
70.3418
69.698
69.0916
68.5245
67.9989
67.5171
67.0814
66.6935
66.3553
66.0678
65.8322
65.6513
65.5284
65.4623
65.4446
65.4771
128.008
125.578
123.098
120.894
118.717
116.579
114.543
112.676
110.955
109.359
107.873
106.491
105.215
104.03
102.926
101.894
100.925
100.012
99.1484
98.3276
97.5448
96.7949
96.0733
95.3755
94.6973
94.0342
93.382
92.7367
92.0943
91.4512
90.8039
90.1486
89.4818
88.8009
88.1042
87.3906
86.6597
85.9106
85.1423
84.3564
83.5547
82.7395
81.9128
81.0772
80.2354
79.3905
78.5453
77.7029
76.8666
76.0399
75.2262
74.4285
73.6502
72.8943
72.164
71.4623
70.792
70.1557
69.556
68.995
68.4749
67.9981
67.5667
67.1829
66.8483
66.5641
66.3316
66.1538
66.0344
65.9719
65.9559
65.9889
126.313
123.88
121.536
119.521
117.424
115.368
113.448
111.69
110.066
108.553
107.139
105.819
104.589
103.447
102.379
101.376
100.432
99.5404
98.694
97.8882
97.1183
96.3799
95.6692
94.9822
94.3151
93.6643
93.026
92.3966
91.7727
91.1508
90.5277
89.9003
89.265
88.6185
87.9583
87.283
86.5914
85.883
85.1569
84.4124
83.6507
82.8741
82.0846
81.2845
80.4764
79.6631
78.8476
78.0328
77.2217
76.4178
75.6249
74.8462
74.0852
73.345
72.6289
71.9398
71.2808
70.6547
70.0639
69.511
68.9983
68.5281
68.1026
67.7241
67.3944
67.1147
66.8864
66.7126
66.5978
66.5397
66.5262
66.5603
124.392
122.054
119.876
118.034
115.913
113.998
112.191
110.545
109.018
107.591
106.252
104.999
103.826
102.728
101.702
100.736
99.8237
98.9588
98.1361
97.3509
96.5993
95.8775
95.182
94.5096
93.8569
93.2207
92.598
91.9857
91.3806
90.7799
90.1807
89.5801
88.9755
88.3636
87.7409
87.1055
86.4557
85.7908
85.1099
84.4118
83.6964
82.9645
82.2185
81.4605
80.6928
79.9177
79.1383
78.3575
77.5781
76.8032
76.0367
75.2822
74.5432
73.8231
73.1251
72.4524
71.8082
71.1952
70.6164
70.0741
69.5711
69.1095
68.692
68.3206
67.9975
67.7237
67.5009
67.3326
67.2235
67.1711
67.161
67.1966
122.175
119.941
118.102
116.244
114.221
112.437
110.761
109.233
107.803
106.468
105.21
104.029
102.921
101.879
100.897
99.9725
99.0978
98.2663
97.4732
96.7146
95.9868
95.2867
94.6113
93.9577
93.323
92.7046
92.0998
91.5061
90.9209
90.3419
89.7664
89.1921
88.6169
88.0382
87.4526
86.8572
86.2503
85.6302
84.9962
84.3475
83.6825
83.0014
82.3047
81.595
80.8741
80.1442
79.4078
78.6677
77.9269
77.1882
76.4548
75.7305
75.0192
74.3244
73.6495
72.9978
72.3726
71.7768
71.2133
70.6851
70.1946
69.7445
69.3373
68.9754
68.6609
68.3951
68.1795
68.0182
67.9166
67.8713
67.8657
67.9037
119.603
117.573
116.096
114.037
112.313
110.666
109.146
107.74
106.419
105.18
104.011
102.909
101.871
100.892
99.9658
99.0882
98.2552
97.4631
96.7062
95.9802
95.2822
94.6094
93.9593
93.3293
92.7171
92.1203
91.5366
90.9642
90.4007
89.8444
89.2932
88.7451
88.1982
87.6509
87.1007
86.5441
85.9791
85.4039
84.8172
84.218
83.6056
82.9782
82.3361
81.6798
81.0116
80.333
79.6464
78.954
78.2587
77.5633
76.8704
76.1836
75.5067
74.8434
74.1975
73.5723
72.9712
72.3972
71.8537
71.3434
70.8693
70.4341
70.0404
69.6907
69.3875
69.132
68.9259
68.7737
68.6815
68.6454
68.6457
68.6869
116.746
115.181
113.78
111.743
110.23
108.712
107.346
106.067
104.865
103.726
102.652
101.636
100.676
99.766
98.9027
98.0818
97.2992
96.5509
95.8345
95.147
94.4849
93.8452
93.2258
92.6246
92.0396
91.4688
90.9103
90.3626
89.8238
89.2925
88.767
88.2458
87.7274
87.211
86.6945
86.1747
85.6499
85.1181
84.5778
84.0276
83.4668
82.8944
82.3088
81.71
81.0988
80.4769
79.8458
79.2075
78.5643
77.919
77.2744
76.6327
75.9977
75.3731
74.7629
74.1705
73.5995
73.0532
72.5348
72.0476
71.5944
71.1782
70.8018
70.4681
70.1794
69.9373
69.7435
69.603
69.5228
69.4982
69.5061
69.5518
113.728
112.682
111.047
109.326
107.944
106.582
105.364
104.215
103.137
102.11
101.134
100.211
99.3355
98.5027
97.7092
96.9517
96.2268
95.5318
94.8636
94.2196
93.5976
92.9963
92.4134
91.8467
91.2943
90.7544
90.2257
89.7067
89.1961
88.6928
88.1955
87.7028
87.2143
86.7291
86.2454
85.7611
85.2744
84.7839
84.2879
83.7851
83.2744
82.755
82.2258
81.6857
81.1343
80.5723
80.001
79.4219
78.8367
78.2478
77.6576
77.0688
76.4834
75.9053
75.3381
74.7858
74.2518
73.7396
73.2527
72.7942
72.3674
71.9753
71.6211
71.3076
71.0377
70.8127
70.6345
70.5089
70.4438
70.4336
70.4515
70.5031
110.639
109.744
108.093
106.723
105.455
104.268
103.197
102.187
101.236
100.328
99.4616
98.6348
97.8502
97.1015
96.3852
95.6985
95.0389
94.4038
93.7909
93.1983
92.6244
92.0672
91.5257
90.9978
90.4822
89.9781
89.4839
88.9984
88.5203
88.0488
87.5831
87.1228
86.6668
86.2143
85.764
85.3147
84.8651
84.4141
83.9605
83.5029
83.0402
82.5716
82.0963
81.6134
81.1218
80.6212
80.112
79.5952
79.0722
78.5446
78.0143
77.484
76.9559
76.4317
75.9154
75.4106
74.921
74.4502
74.0016
73.5787
73.1846
72.8227
72.4961
72.2082
71.9618
71.7585
71.6002
71.4934
71.4472
71.4551
71.4856
71.545
107.445
106.343
104.949
103.856
102.754
101.758
100.841
99.9793
99.163
98.3804
97.6304
96.912
96.2228
95.5642
94.932
94.3234
93.7362
93.1685
92.6184
92.0843
91.5648
91.0588
90.5652
90.0829
89.6108
89.1478
88.6931
88.2456
87.8047
87.3696
86.9398
86.5147
86.0937
85.6758
85.2606
84.8472
84.4348
84.0227
83.6099
83.1956
82.7789
82.3588
81.9346
81.5059
81.0718
80.6315
80.1846
79.7313
79.2724
78.8091
78.3427
77.8752
77.4089
76.9459
76.4876
76.038
75.6002
75.1783
74.7754
74.3952
74.0409
73.7158
73.4234
73.1672
72.9501
72.7738
72.6403
72.557
72.5343
72.5645
72.6108
72.6803
103.954
102.732
101.689
100.759
99.8577
99.0536
98.3
97.5936
96.9196
96.2698
95.6431
95.0393
94.4576
93.8951
93.3523
92.8285
92.3207
91.8274
91.3471
90.8786
90.4208
89.973
89.5343
89.104
88.6812
88.2653
87.8557
87.4517
87.0528
86.6586
86.2687
85.8826
85.4998
85.1201
84.7428
84.3676
83.9941
83.6217
83.2499
82.8782
82.5059
82.1325
81.7574
81.3801
81.0003
80.6174
80.2307
79.8399
79.4451
79.0468
78.6462
78.2444
77.8432
77.4446
77.0507
76.6624
76.2838
75.9177
75.5679
75.2377
74.9305
74.6495
74.3982
74.1804
73.9991
73.856
73.753
73.6987
73.7048
73.7623
73.8284
73.9108
100.14
99.0002
98.3011
97.493
96.7954
96.1692
95.5846
95.0365
94.5108
94.0004
93.5039
93.0213
92.5523
92.0961
91.6515
91.2174
90.7951
90.3828
89.979
89.5826
89.1931
88.81
88.4327
88.0608
87.6938
87.3312
86.9727
86.6179
86.2665
85.9184
85.5732
85.2308
84.8909
84.5534
84.2178
83.8842
83.5522
83.2217
82.8923
82.5639
82.2362
81.9088
81.5815
81.2539
80.9258
80.5971
80.2676
79.9368
79.6041
79.2698
78.9345
78.599
78.2645
77.9323
77.6046
77.2831
76.9687
76.6648
76.3746
76.1013
75.8481
75.6183
75.4153
75.2429
75.1044
75.0011
74.935
74.9157
74.9566
75.0471
75.1373
75.2359
96.0202
95.0625
94.662
94.0303
93.5541
93.1087
92.7012
92.3163
91.9436
91.5782
91.2179
90.8631
90.5134
90.1688
89.8295
89.4955
89.1653
88.839
88.5177
88.2001
87.8855
87.5735
87.264
86.9568
86.6517
86.3485
86.0471
85.7474
85.4492
85.1526
84.8575
84.5639
84.2717
83.9809
83.6915
83.4033
83.1165
82.831
82.5468
82.2638
81.982
81.7015
81.422
81.1437
80.8663
80.5899
80.3148
80.0409
79.7677
79.495
79.2232
78.9526
78.6843
78.4191
78.1584
77.904
77.6577
77.4201
77.1944
76.9836
76.7905
76.6183
76.4702
76.3501
76.2611
76.2044
76.1818
76.2039
76.286
76.4156
76.5349
76.6535
91.6152
90.9166
90.7747
90.3701
90.1257
89.8742
89.6528
89.4391
89.2262
89.0104
88.7918
88.5703
88.3461
88.1195
87.8912
87.6617
87.4315
87.2007
86.9681
86.7343
86.5001
86.2655
86.0301
85.7939
85.557
85.3194
85.0812
84.8424
84.6033
84.3639
84.1245
83.885
83.6457
83.4067
83.1681
82.93
82.6926
82.4561
82.2205
81.9861
81.7531
81.5215
81.2915
81.0633
80.8369
80.6126
80.3909
80.1719
79.9558
79.7422
79.5312
79.3234
79.1193
78.9197
78.7255
78.538
78.3589
78.1899
78.0316
77.8868
77.7582
77.6485
77.5608
77.4988
77.4654
77.4615
77.4887
77.5585
77.688
77.8628
78.0165
78.1595
87.0114
86.6073
86.708
86.5502
86.5326
86.4832
86.4529
86.4147
86.3681
86.3075
86.2343
86.1507
86.0566
85.9533
85.8418
85.7231
85.5977
85.4664
85.3298
85.1881
85.0412
84.8892
84.7328
84.5735
84.4108
84.2448
84.0758
83.9041
83.7299
83.5536
83.3754
83.1957
83.0148
82.8328
82.6502
82.4671
82.2839
82.1008
81.9182
81.7364
81.5555
81.3761
81.1983
81.0225
80.8489
80.6779
80.5099
80.3459
80.1858
80.0297
79.8778
79.7305
79.5885
79.4524
79.323
79.2013
79.0884
78.986
78.8958
78.8186
78.7564
78.7122
78.6884
78.6886
78.7155
78.7695
78.8518
78.9747
79.1573
79.3827
79.5759
79.7482
82.2363
82.1657
82.5461
82.6135
82.8133
82.9649
83.1245
83.2631
83.3835
83.4814
83.558
83.6142
83.6539
83.6776
83.687
83.6836
83.6683
83.6422
83.6059
83.5602
83.5059
83.4438
83.3744
83.2975
83.2142
83.1248
83.0306
82.9316
82.8282
82.7207
82.6096
82.4953
82.3782
82.2588
82.1374
82.0145
81.8905
81.7658
81.6408
81.516
81.3916
81.2683
81.1463
81.0261
80.9083
80.7932
80.6814
80.5739
80.471
80.3723
80.2787
80.1909
80.1094
80.035
79.9685
79.9107
79.8626
79.8255
79.8008
79.7906
79.7956
79.8171
79.8588
79.9233
80.0131
80.1281
80.2691
80.4493
80.6888
80.9689
81.2063
81.4131
77.5048
77.6896
78.2356
78.5683
78.99
79.344
79.6915
80.0057
80.2922
80.5473
80.774
80.9741
81.1483
81.3009
81.4339
81.5487
81.6469
81.7298
81.7984
81.8537
81.8967
81.9282
81.9491
81.9605
81.963
81.9574
81.9436
81.9227
81.8951
81.8616
81.8229
81.7795
81.7319
81.6806
81.626
81.5688
81.5093
81.4482
81.3859
81.323
81.2599
81.1972
81.1354
81.0751
81.0168
80.9607
80.9077
80.8586
80.8145
80.7754
80.7415
80.7136
80.6928
80.6796
80.6751
80.68
80.6954
80.7224
80.7622
80.8162
80.8865
80.9741
81.0803
81.2091
81.3624
81.5394
81.7408
81.9801
82.2785
82.6153
82.9006
83.147
72.7617
73.2167
73.9377
74.5014
75.1135
75.6573
76.1833
76.6671
77.1152
77.5246
77.8984
78.2393
78.5504
78.833
79.0897
79.3243
79.5378
79.732
79.9082
80.0676
80.2115
80.3409
80.4569
80.5604
80.6525
80.734
80.8058
80.8684
80.9228
80.9695
81.009
81.0421
81.0692
81.0906
81.1079
81.1212
81.1314
81.1389
81.1444
81.1483
81.1514
81.1542
81.1572
81.1611
81.1663
81.1737
81.1837
81.1969
81.2141
81.2365
81.2645
81.2988
81.3401
81.3893
81.4473
81.515
81.5935
81.6839
81.7874
81.9053
82.0388
82.1898
82.3604
82.5523
82.7677
83.006
83.2675
83.5657
83.9224
84.3154
84.6509
84.942
67.9938
68.7546
69.6799
70.4404
71.2233
71.9409
72.6308
73.2735
73.8748
74.432
74.9482
75.4261
75.869
76.2804
76.6626
77.0163
77.345
77.6511
77.9359
78.201
78.4477
78.6773
78.891
79.0899
79.2752
79.4478
79.6085
79.7583
79.898
80.0285
80.1505
80.2644
80.3708
80.471
80.5659
80.6555
80.7407
80.8221
80.9003
80.976
81.05
81.1228
81.195
81.2674
81.3406
81.4153
81.4923
81.5722
81.6557
81.7436
81.8367
81.9358
82.0416
82.1552
82.2774
82.4092
82.5517
82.7058
82.873
83.0543
83.2511
83.4647
83.697
83.9509
84.2275
84.5254
84.8453
85.2006
85.6128
86.0595
86.4463
86.7867
63.312
64.3747
65.4522
66.3947
67.3387
68.216
69.0567
69.8465
70.5904
71.2865
71.9379
72.5471
73.1174
73.652
74.1542
74.6267
75.0709
75.4878
75.8805
76.2512
76.6009
76.9314
77.2439
77.5397
77.8199
78.0857
78.3381
78.5779
78.8062
79.0238
79.2313
79.4297
79.62
79.8031
79.9792
80.149
80.3133
80.4728
80.6281
80.7801
80.9294
81.0767
81.2227
81.368
81.5135
81.6598
81.8077
81.9578
82.1111
82.2681
82.4298
82.597
82.7706
82.9513
83.1402
83.3382
83.5464
83.7658
83.9976
84.243
84.5034
84.7798
85.074
85.3883
85.7244
86.0812
86.4583
86.8685
87.3323
87.8284
88.2668
88.6605
58.8924
60.1623
61.3207
62.4132
63.4907
64.5066
65.4817
66.4046
67.279
68.1033
68.8803
69.6127
70.3037
70.9563
71.5735
72.158
72.7125
73.2394
73.7394
74.2137
74.6651
75.0956
75.5062
75.8987
76.2741
76.6337
76.9785
77.3095
77.6278
77.9343
78.2297
78.515
78.791
79.0584
79.3181
79.5707
79.817
80.0577
80.2935
80.5251
80.7533
80.9787
81.2021
81.4241
81.6454
81.8669
82.0893
82.3132
82.5396
82.769
83.0025
83.2408
83.4847
83.7352
83.9932
84.2596
84.5354
84.8216
85.1195
85.43
85.7545
86.094
86.4502
86.8252
87.2203
87.6342
88.0672
88.5312
89.0435
89.5846
90.0746
90.5258
54.612
56.0802
57.2953
58.5126
59.6972
60.831
61.9225
62.963
63.954
64.8943
65.7861
66.6318
67.4346
68.1974
68.9231
69.614
70.2727
70.9016
71.5032
72.0794
72.6309
73.1585
73.6646
74.1516
74.6202
75.072
75.508
75.9293
76.3369
76.7319
77.115
77.4873
77.8495
78.2024
78.5469
78.8836
79.2132
79.5367
79.8545
80.1676
80.4765
80.782
81.0847
81.3854
81.6849
81.9837
82.2827
82.5827
82.8842
83.1882
83.4955
83.8068
84.1229
84.4448
84.7734
85.1094
85.454
85.808
86.1726
86.5488
86.9377
87.3403
87.7581
88.193
88.6462
89.1167
89.6046
90.1196
90.6771
91.2608
91.8031
92.3158
50.4358
52.0492
53.3319
54.669
55.9496
57.189
58.3839
59.5286
60.6236
61.6675
62.6625
63.6107
64.5152
65.3788
66.2041
66.9935
67.7495
68.4744
69.1704
69.8394
70.4836
71.105
71.7046
72.2822
72.8399
73.3804
73.9041
74.4124
74.9065
75.3874
75.8559
76.313
76.7595
77.1962
77.624
78.0435
78.4556
78.8609
79.2601
79.6541
80.0433
80.4286
80.8107
81.1901
81.5677
81.944
82.3199
82.6959
83.0729
83.4517
83.8328
84.2172
84.6056
84.9988
85.3976
85.803
86.2158
86.6369
87.0674
87.5081
87.96
88.4242
88.9019
89.3947
89.9036
90.4282
90.969
91.533
92.1311
92.7517
93.3474
93.926
46.3711
48.0527
49.427
50.8741
52.2444
53.5798
54.8667
56.1049
57.292
58.428
59.5145
60.5539
61.549
62.5027
63.4174
64.2955
65.1395
65.9517
66.7341
67.4888
68.2177
68.9226
69.6054
70.2678
70.9115
71.5356
72.1416
72.7315
73.3069
73.8684
74.4173
74.9544
75.4807
75.9969
76.5038
77.0022
77.4928
77.9763
78.4535
78.9249
79.3913
79.8534
80.3117
80.767
81.2199
81.671
82.1211
82.5707
83.0206
83.4714
83.9239
84.3787
84.8366
85.2984
85.7647
86.2365
86.7144
87.1994
87.6922
88.1938
88.7051
89.2269
89.7603
90.3065
90.8665
91.4404
92.0288
92.6363
93.2699
93.9224
94.5661
95.2071
42.4816
44.1798
45.6306
47.1552
48.6002
50.0163
51.3814
52.6989
53.9662
55.1819
56.3476
57.4659
58.5397
59.5717
60.5643
61.5198
62.4408
63.3295
64.1881
65.0186
65.8229
66.6027
67.3599
68.0959
68.8124
69.5109
70.1928
70.8588
71.5084
72.1431
72.7649
73.3748
73.9733
74.5616
75.1405
75.7108
76.273
76.828
77.3763
77.9187
78.4558
78.9882
79.5166
80.0415
80.5635
81.0833
81.6015
82.1186
82.6353
83.1523
83.6701
84.1893
84.7107
85.2349
85.7625
86.2943
86.831
87.3733
87.9218
88.4775
89.041
89.6132
90.1949
90.787
91.3904
92.0056
92.6336
93.2762
93.9364
94.6123
95.2958
95.9899
38.6424
40.3996
41.9281
43.5169
45.0277
46.5105
47.9406
49.3234
50.6555
51.9376
53.1694
54.3535
55.4927
56.5899
57.6474
58.6678
59.6533
60.6064
61.5291
62.4235
63.2914
64.1348
64.9553
65.7545
66.5339
67.2948
68.0386
68.7664
69.4797
70.1798
70.8665
71.5396
72.2007
72.8514
73.4925
74.1244
74.7482
75.3647
75.9743
76.5778
77.1757
77.7687
78.3572
78.942
79.5234
80.1021
80.6787
81.2536
81.8274
82.4007
82.974
83.5479
84.1229
84.6996
85.2786
85.8604
86.4457
87.035
87.629
88.2282
88.8335
89.4453
90.0645
90.6915
91.3272
91.9724
92.6282
93.2946
93.9709
94.6595
95.3679
96.0965
34.7483
36.6305
38.2732
39.9424
41.5234
43.0671
44.5531
45.9892
47.3728
48.7056
49.9893
51.2254
52.416
53.5644
54.6728
55.7439
56.7802
57.784
58.7573
59.7023
60.6207
61.5144
62.3852
63.2346
64.0641
64.8751
65.6688
66.4464
67.2091
67.9579
68.6938
69.4178
70.1314
70.8341
71.5257
72.2073
72.8802
73.5459
74.2039
74.8556
75.5015
76.1421
76.778
77.4096
78.0375
78.6621
79.2839
79.9035
80.5213
81.1377
81.7533
82.3684
82.9837
83.5995
84.2163
84.8346
85.4549
86.0776
86.7034
87.3325
87.9656
88.6033
89.2459
89.894
90.5479
91.2091
91.8784
92.5543
93.2341
93.9228
94.6381
95.3783
31.2512
33.1305
34.8191
36.5247
38.1458
39.7266
41.2487
42.7198
44.1379
45.5048
46.8227
48.0942
49.3214
50.5056
51.6499
52.7568
53.8289
54.8686
55.878
56.859
57.8135
58.7432
59.65
60.5354
61.4008
62.2476
63.0771
63.8904
64.6886
65.4727
66.2438
67.0027
67.7502
68.4872
69.2145
69.9332
70.6437
71.3447
72.0373
72.7225
73.4017
74.075
74.7429
75.406
76.0649
76.72
77.3717
78.0203
78.6664
79.3102
79.9523
80.5929
81.2326
81.8715
82.5102
83.1491
83.7884
84.4286
85.07
85.7131
86.3581
87.0057
87.6559
88.3092
88.9659
89.6272
90.294
90.9643
91.6341
92.3097
93.0123
93.7392
28.1696
29.9618
31.6445
33.3344
34.9543
36.5373
38.0663
39.5471
40.9773
42.3581
43.6911
44.9789
46.2241
47.4285
48.5924
49.7195
50.8117
51.8719
52.9019
53.9037
54.8792
55.8301
56.758
57.6644
58.5508
59.4186
60.2689
61.1029
61.9217
62.7262
63.5175
64.2963
65.0636
65.8199
66.5661
67.3029
68.0309
68.7506
69.463
70.169
70.8673
71.5582
72.2426
72.9209
73.5949
74.2639
74.9287
75.5897
76.2473
76.9018
77.5536
78.2029
78.8501
79.4954
80.1392
80.7817
81.4233
82.0642
82.7047
83.3452
83.9858
84.6269
85.2687
85.9113
86.5551
87.201
87.8498
88.4995
89.1464
89.7962
90.468
91.1593
25.2417
26.99
28.6685
30.3313
31.934
33.4997
35.0152
36.485
37.907
39.2823
40.612
41.8981
43.1428
44.3486
45.517
46.648
47.7451
48.8101
49.8454
50.8529
51.8343
52.7912
53.7253
54.638
55.5306
56.4045
57.2609
58.1008
58.9253
59.7354
60.5319
61.3158
62.0877
62.8484
63.5986
64.339
65.07
65.7923
66.5065
67.213
67.9122
68.6046
69.2912
69.9726
70.6467
71.3147
71.9772
72.6343
73.2878
73.9369
74.5822
75.224
75.8626
76.4983
77.1312
77.7616
78.3897
79.0158
79.6399
80.2624
80.8835
81.5033
82.1221
82.7398
83.3568
83.9737
84.5909
85.2071
85.8198
86.4329
87.0596
87.698
22.4913
24.2053
25.8671
27.4955
29.071
30.6065
32.094
33.5372
34.9348
36.2879
37.5977
38.8659
40.0943
41.285
42.4399
43.5608
44.6475
45.703
46.729
47.7277
48.7006
49.6495
50.5756
51.4806
52.3655
53.2317
54.0803
54.9123
55.7287
56.5305
57.3185
58.0935
58.8562
59.6074
60.3477
61.0777
61.798
62.509
63.2114
63.9055
64.5917
65.2705
65.9424
66.6076
67.2664
67.9191
68.5667
69.2096
69.8457
70.4763
71.1018
71.7223
72.3386
72.9512
73.5597
74.1646
74.766
75.3641
75.9592
76.5512
77.1404
77.727
78.3109
78.8925
79.4716
80.0488
80.6242
81.1972
81.767
82.3351
82.9072
83.4824
20.0405
21.6853
23.2981
24.869
26.3942
27.8791
29.3199
30.7188
32.075
33.3895
34.6633
35.8981
37.0954
38.2565
39.3831
40.4774
41.541
42.5733
43.577
44.5537
45.5052
46.4331
47.3387
48.2233
49.0881
49.9342
50.7628
51.5748
52.371
53.1525
53.92
54.6742
55.4159
56.1458
56.8643
57.5722
58.2699
58.958
59.6369
60.307
60.9688
61.6226
62.2688
62.9077
63.5395
64.1647
64.7835
65.3962
66.0029
66.6039
67.1996
67.7907
68.3761
68.9556
69.5303
70.1001
70.6651
71.2256
71.7824
72.3349
72.8834
73.4282
73.9692
74.5066
75.0406
75.571
76.098
76.6218
77.1428
77.6608
78.1736
78.6815
17.9625
19.4852
21.0066
22.4861
23.9311
25.3405
26.7123
28.0471
29.3439
30.6032
31.8255
33.0119
34.1637
35.2818
36.3675
37.4223
38.4481
39.446
40.4155
41.3592
42.278
43.1738
44.048
44.9016
45.7357
46.5515
47.3499
48.1317
48.8979
49.6493
50.3866
51.1105
51.8217
52.5208
53.2084
53.885
54.5512
55.2073
55.8539
56.4913
57.1199
57.7401
58.3522
58.9565
59.5533
60.1429
60.7256
61.3014
61.8707
62.4337
62.9906
63.5416
64.0868
64.6264
65.1604
65.6892
66.2133
66.7322
67.2451
67.753
68.2562
68.7546
69.2485
69.7376
70.2221
70.7024
71.1778
71.6494
72.119
72.5844
73.0373
73.4788
16.2122
17.5716
18.9667
20.3275
21.6691
22.9832
24.2685
25.5231
26.7459
27.9361
29.0938
30.2195
31.3138
32.3774
33.4112
34.4162
35.3937
36.3453
37.2719
38.1725
39.0499
39.9047
40.7386
41.5527
42.3478
43.1251
43.8853
44.6293
45.3578
46.0717
46.7715
47.4581
48.1319
48.7935
49.4435
50.0824
50.7107
51.3287
51.9369
52.5357
53.1255
53.7065
54.2791
54.8436
55.4003
55.9493
56.491
57.0255
57.5531
58.0739
58.5881
59.096
59.5975
60.093
60.5824
61.066
61.5438
62.016
62.4828
62.944
63.3999
63.8505
64.2957
64.7362
65.1718
65.6014
66.0252
66.445
66.8634
67.2767
67.6721
68.0514
14.5077
15.7495
17.0405
18.2956
19.5387
20.7583
21.9543
23.1243
24.267
25.3813
26.467
27.5242
28.5531
29.5543
30.5282
31.4758
32.3978
33.2954
34.1697
35.0215
35.8499
36.6573
37.4445
38.2126
38.9627
39.6955
40.4118
41.1124
41.798
42.4692
43.1267
43.771
44.4028
45.0226
45.6308
46.2279
46.8144
47.3906
47.957
48.5139
49.0616
49.6005
50.1308
50.6528
51.1667
51.6729
52.1714
52.6626
53.1466
53.6237
54.0938
54.5573
55.0143
55.4648
55.9091
56.3472
56.7792
57.2053
57.6254
58.0398
58.4485
58.8514
59.2488
59.6408
60.0274
60.408
60.7824
61.1526
61.5217
61.8853
62.2277
62.5515
12.7703
13.9423
15.1589
16.3319
17.4925
18.6281
19.7412
20.8296
21.8928
22.9301
23.9414
24.9267
25.8863
26.8205
27.7299
28.615
29.4767
30.3157
31.1329
31.9292
32.705
33.4602
34.1964
34.9145
35.6155
36.3
36.9688
37.6225
38.2618
38.8873
39.4996
40.0991
40.6864
41.262
41.8263
42.3797
42.9227
43.4556
43.9787
44.4925
44.9972
45.493
45.9803
46.4594
46.9303
47.3935
47.849
48.2971
48.7379
49.1717
49.5985
50.0186
50.432
50.8389
51.2393
51.6335
52.0215
52.4033
52.7792
53.149
53.513
53.8711
54.2235
54.5703
54.9115
55.2465
55.575
55.8992
56.2223
56.5397
56.8347
57.11
11.1656
12.2647
13.398
14.4863
15.5623
16.613
17.6422
18.648
19.6305
20.5891
21.5238
22.4349
23.3225
24.1869
25.0287
25.8483
26.6466
27.4239
28.181
28.9189
29.6381
30.3387
31.0213
31.687
32.3364
32.9705
33.5897
34.1948
34.7861
35.3644
35.9301
36.4836
37.0254
37.556
38.0758
38.5851
39.0843
39.5737
40.0537
40.5246
40.9866
41.44
41.8851
42.322
42.751
43.1724
43.5862
43.9928
44.3921
44.7845
45.17
45.5487
45.9209
46.2866
46.6459
46.9989
47.3457
47.6865
48.0212
48.3499
48.6728
48.9897
49.3009
49.6065
49.9065
50.2004
50.4876
50.7704
51.0521
51.328
51.5818
51.816
9.86096
10.8429
11.8535
12.8318
13.8035
14.7551
15.6899
16.6051
17.5006
18.3754
19.2295
20.0627
20.8752
21.667
22.4386
23.1904
23.9228
24.6365
25.3318
26.0094
26.6701
27.3144
27.9419
28.5539
29.1509
29.7335
30.3025
30.8583
31.4013
31.9322
32.4512
32.9588
33.4555
33.9416
34.4175
34.8834
35.3398
35.787
36.2251
36.6546
37.0756
37.4884
37.8931
38.2901
38.6795
39.0615
39.4363
39.804
40.1647
40.5187
40.866
41.2068
41.5412
41.8693
42.1911
42.5069
42.8165
43.1202
43.4181
43.71
43.9962
44.2766
44.5514
44.8206
45.0843
45.342
45.5932
45.84
46.0854
46.3251
46.5437
46.7438
8.67092
9.55193
10.4458
11.3177
12.1847
13.036
13.8741
14.6964
15.5023
16.2911
17.0623
17.8157
18.5511
19.2687
19.9685
20.651
21.3164
21.9652
22.5977
23.2143
23.8157
24.4024
24.9747
25.5324
26.0766
26.6078
27.1265
27.6331
28.1281
28.6119
29.0848
29.5473
29.9996
30.4422
30.8752
31.2991
31.714
32.1204
32.5183
32.9081
33.29
33.6642
34.0308
34.3902
34.7423
35.0875
35.4259
35.7575
36.0826
36.4013
36.7137
37.0199
37.3199
37.614
37.9021
38.1844
38.4609
38.7317
38.9968
39.2564
39.5104
39.7589
40.002
40.2397
40.4722
40.6988
40.9193
41.1354
41.3499
41.559
41.7487
41.9214
7.47345
8.283
9.08609
9.87159
10.6485
11.4106
12.1601
12.8953
13.616
14.3216
15.012
15.6869
16.3463
16.9902
17.6187
18.2321
18.8307
19.4147
19.9845
20.5403
21.0827
21.612
22.1287
22.6328
23.1248
23.6051
24.0742
24.5326
24.9805
25.4183
25.8464
26.265
26.6745
27.0751
27.4672
27.8509
28.2266
28.5944
28.9545
29.3072
29.6527
29.9912
30.3227
30.6476
30.9658
31.2777
31.5832
31.8826
32.176
32.4634
32.7449
33.0207
33.2908
33.5554
33.8144
34.0679
34.3161
34.5589
34.7965
35.0288
35.2558
35.4777
35.6944
35.9061
36.1127
36.3139
36.5093
36.7004
36.8898
37.0739
37.2407
37.392
6.41407
7.13256
7.83771
8.53239
9.21785
9.8912
10.5534
11.2032
11.8405
12.4649
13.0761
13.6741
14.2587
14.8301
15.3883
15.9336
16.4661
16.986
17.4937
17.9894
18.4734
18.946
19.4077
19.8587
20.2989
20.7291
21.1493
21.5601
21.9618
22.3546
22.7388
23.1146
23.4824
23.8423
24.1946
24.5395
24.8773
25.208
25.5319
25.8493
26.1601
26.4647
26.763
27.0554
27.3419
27.6226
27.8977
28.1672
28.4313
28.69
28.9435
29.1918
29.4349
29.6731
29.9062
30.1344
30.3577
30.5762
30.7899
30.9989
31.2031
31.4026
31.5974
31.7876
31.9732
32.1539
32.3293
32.5008
32.6704
32.8351
32.9849
33.1213
5.52908
6.13863
6.73538
7.32913
7.91608
8.49531
9.06639
9.62831
10.1806
10.7227
11.2543
11.7753
12.2853
12.7845
13.2729
13.7505
14.2174
14.6739
15.1201
15.5563
15.9826
16.3994
16.8068
17.2053
17.5948
17.9757
18.3482
18.7126
19.0693
19.4183
19.7601
20.0948
20.4226
20.7437
21.0583
21.3666
21.6687
21.9649
22.2554
22.5401
22.8194
23.0933
23.3619
23.6254
23.8839
24.1374
24.3862
24.6302
24.8695
25.1043
25.3345
25.5603
25.7817
25.9987
26.2115
26.4199
26.6241
26.8241
27.0199
27.2115
27.3989
27.5822
27.7612
27.9362
28.107
28.2734
28.4351
28.5931
28.7491
28.9007
29.0394
29.1665
4.6757
5.19362
5.69767
6.20073
6.69746
7.18862
7.67335
8.1511
8.62138
9.08377
9.53794
9.98367
10.4208
10.8492
11.2689
11.68
12.0824
12.4764
12.8619
13.2393
13.6085
13.9699
14.3237
14.67
15.0091
15.3409
15.6658
15.9841
16.2959
16.6014
16.9008
17.1944
17.4822
17.7645
18.0414
18.3131
18.5796
18.8413
19.0981
19.3502
19.5978
19.841
20.0798
20.3144
20.5448
20.7712
20.9936
21.2122
21.4269
21.6379
21.8452
22.0489
22.249
22.4456
22.6387
22.8284
23.0146
23.1975
23.3769
23.553
23.7258
23.8952
24.0612
24.224
24.3834
24.5393
24.6914
24.8405
24.988
25.1319
25.2653
25.3895
3.84727
4.27649
4.69456
5.11281
5.52564
5.93431
6.33775
6.73572
7.12778
7.51361
7.893
8.26576
8.63176
8.99096
9.34334
9.68894
10.0278
10.36
10.6856
11.0048
11.3176
11.6243
11.925
12.2198
12.509
12.7927
13.0709
13.3439
13.6119
13.875
14.1335
14.3874
14.637
14.8823
15.1235
15.3608
15.5943
15.824
16.0503
16.2731
16.4925
16.7088
16.9219
17.1321
17.3393
17.5436
17.7452
17.9442
18.1405
18.3342
18.5254
18.7142
18.9006
19.0846
19.2662
19.4455
19.6224
19.7971
19.9694
20.1393
20.3069
20.472
20.6347
20.795
20.9527
21.1076
21.2595
21.409
21.5571
21.7022
21.8387
21.9673
3.05543
3.40425
3.74453
4.0844
4.41955
4.75135
5.07889
5.40212
5.72068
6.03439
6.34308
6.64662
6.94492
7.23793
7.52567
7.80813
8.08534
8.35737
8.62429
8.8862
9.1432
9.3954
9.64292
9.8859
10.1245
10.3589
10.589
10.8152
11.0375
11.2561
11.4711
11.6827
11.8911
12.0962
12.2984
12.4976
12.694
12.8878
13.0791
13.2679
13.4544
13.6387
13.8208
14.001
14.1792
14.3556
14.5303
14.7033
14.8747
15.0447
15.2132
15.3804
15.5462
15.7108
15.8743
16.0366
16.1978
16.358
16.5171
16.6752
16.8323
16.9884
17.1436
17.2978
17.451
17.6031
17.754
17.9041
18.0541
18.203
18.3466
18.4856
2.27758
2.54334
2.80375
3.06277
3.31789
3.57023
3.81918
4.06485
4.30704
4.54571
4.78079
5.01224
5.24005
5.46424
5.68484
5.9019
6.11545
6.32557
6.53234
6.73585
6.93618
7.13344
7.32771
7.51911
7.70775
7.89375
8.07723
8.2582
8.43685
8.61329
8.78762
8.95997
9.13045
9.29916
9.46624
9.63178
9.79592
9.95877
10.1204
10.2811
10.4408
10.5997
10.7579
10.9156
11.0729
11.2298
11.3867
11.5435
11.7004
11.8575
12.015
12.173
12.3317
12.4911
12.6514
12.8128
12.9752
13.1388
13.3038
13.4702
13.6381
13.8075
13.9781
14.1497
14.3222
14.4954
14.6691
14.8441
15.0214
15.1999
15.3751
15.5464
1.63701
1.82343
2.00905
2.19412
2.3775
2.55955
2.73976
2.91806
3.09419
3.26802
3.4394
3.60822
3.77439
3.93785
4.09857
4.2565
4.41164
4.564
4.71361
4.86052
5.00476
5.14643
5.28558
5.42232
5.55673
5.68894
5.81906
5.94719
6.07345
6.19799
6.32092
6.44239
6.56254
6.68151
6.79944
6.91648
7.03279
7.14851
7.2638
7.37881
7.49371
7.60864
7.72378
7.83929
7.95532
8.07206
8.18967
8.30834
8.42824
8.54955
8.67247
8.79719
8.92391
9.05286
9.18423
9.31819
9.45496
9.59492
9.73853
9.88558
10.035
10.1865
10.3402
10.4972
10.6575
10.8214
10.9893
11.1615
11.3386
11.5204
11.7052
11.8932
0.803278
0.890629
0.978568
1.06557
1.15192
1.23779
1.32311
1.408
1.49247
1.5766
1.66045
1.7441
1.82764
1.91116
1.99477
2.07854
2.16255
2.24687
2.33158
2.41672
2.50233
2.58843
2.67504
2.76215
2.84976
2.93784
3.02639
3.11536
3.20471
3.2944
3.38439
3.47467
3.56522
3.65602
3.74707
3.83838
3.92995
4.02181
4.11398
4.20652
4.29949
4.39297
4.48705
4.58186
4.67754
4.77425
4.8722
4.97161
5.07273
5.17585
5.28131
5.38949
5.50083
5.61578
5.73482
5.85856
5.988
6.12414
6.26671
6.41458
6.56999
6.73639
6.91611
7.11012
7.31946
7.54654
7.79269
8.05932
8.35001
8.67745
9.04598
9.41779
0.560994
0.612793
0.668092
0.724622
0.782285
0.840293
0.898187
0.955493
1.01179
1.06672
1.11994
1.17113
1.22001
1.26634
1.30991
1.35052
1.38804
1.42237
1.45346
1.48129
1.50589
1.52733
1.54573
1.56121
1.57396
1.58417
1.59205
1.59785
1.6019
1.60447
1.60571
1.60571
1.60474
1.60309
1.60106
1.59894
1.59702
1.59558
1.5949
1.59526
1.59692
1.60017
1.60526
1.61247
1.62207
1.63433
1.64953
1.66798
1.68997
1.71582
1.74587
1.78049
1.82007
1.86502
1.91577
1.9729
2.03703
2.10864
2.1881
2.27655
2.376
2.48665
2.61019
2.75115
2.91284
3.0965
3.3016
3.51658
3.73245
3.99016
4.37591
4.85623
)
;

boundaryField
{
    walls
    {
        type            zeroGradient;
    }
    frontAndBack
    {
        type            empty;
    }
    farfield
    {
        type            outletInlet;
        outletValue     uniform 0;
        value           nonuniform List<scalar> 
72
(
0
0
0
0
0
0
0
0
0
0
0
0
0
0
0
0
0
0
0
0
0
0
0
0
0
0
0
0
0
0
0
0
0
0
0
0
0
0
0
0
0
0
0
0
0
0
0
0
0
0
0
0
0
0
0
0
0
0
0
0
0
0
0
0
0
0
0
0
0
0
0
4.85623
)
;
    }
    procBoundary3to1
    {
        type            processor;
        value           nonuniform List<scalar> 
101
(
104.296
104.298
104.302
104.306
104.312
104.318
104.325
104.333
104.342
104.353
104.366
104.376
104.381
104.382
104.384
104.401
104.467
104.62
104.897
105.325
105.919
106.683
107.609
108.675
109.879
111.211
112.633
114.095
115.557
117.001
118.415
119.778
121.065
122.265
123.378
124.405
125.332
126.157
126.889
127.534
128.108
128.614
129.034
129.336
129.507
129.547
129.459
129.221
128.799
130.113
130.5
130.5
129.43
128.144
126.636
124.864
122.8
120.395
117.639
114.507
111.093
107.546
103.776
99.7462
95.4785
91.0078
86.371
81.6018
76.7825
71.9158
66.9966
62.2391
57.8624
53.5086
49.1993
45.0309
41.1206
37.2249
33.1503
29.4746
26.3776
23.4637
20.6981
18.2639
16.2809
14.6912
13.0946
11.4278
9.93303
8.80824
7.76316
6.65847
5.70789
4.94249
4.17853
3.43432
2.71329
2.01092
1.44778
0.71058
0.50897
)
;
    }
    procBoundary3to2
    {
        type            processor;
        value           nonuniform List<scalar> 
108
(
65.4769
65.477
65.477
65.477
65.477
65.4771
65.4772
65.4774
65.4777
65.4781
65.4788
65.4797
65.4808
65.4823
65.4841
65.4863
65.489
65.4922
65.4959
62.0742
62.2807
62.5488
62.8825
63.2787
63.733
64.2511
65.5004
64.84
62.0742
62.08
62.0869
62.095
62.1045
62.1157
62.1289
62.1444
62.1626
62.184
62.2092
62.2387
62.1267
62.1267
62.1673
62.2149
62.2709
62.3367
62.4139
62.5046
62.6111
62.7361
62.8824
63.053
63.2522
63.4804
63.7387
64.0304
64.3583
64.7268
65.1403
65.6038
66.1224
66.7017
67.3476
68.0659
68.8627
69.7438
70.7147
71.78
72.9435
74.2072
75.5717
77.035
78.593
80.2391
81.9648
83.7599
85.6125
87.5066
89.418
91.3062
93.104
94.7088
95.9772
96.7388
96.8198
96.0728
94.4028
91.7897
88.2925
84.0373
79.1932
73.9445
68.47
62.9231
57.4362
52.1002
46.9904
42.1356
37.5792
33.2876
29.3178
25.5332
22.1106
18.6368
15.7257
12.0925
9.77424
5.26306
)
;
    }
}


// ************************************************************************* //
