/*--------------------------------*- C++ -*----------------------------------*\
| =========                 |                                                 |
| \\      /  F ield         | OpenFOAM: The Open Source CFD Toolbox           |
|  \\    /   O peration     | Version:  2412                                  |
|   \\  /    A nd           | Website:  www.openfoam.com                      |
|    \\/     M anipulation  |                                                 |
\*---------------------------------------------------------------------------*/
FoamFile
{
    version     2.0;
    format      ascii;
    arch        "LSB;label=32;scalar=64";
    class       volScalarField;
    location    "80";
    object      nut;
}
// * * * * * * * * * * * * * * * * * * * * * * * * * * * * * * * * * * * * * //

dimensions      [0 2 -1 0 0 0 0];

internalField   nonuniform List<scalar> 
7387
(
8.48007e-12
8.65501e-12
8.80899e-12
8.94672e-12
9.06952e-12
9.17949e-12
9.27791e-12
9.36564e-12
9.44383e-12
9.51328e-12
9.57497e-12
9.62976e-12
9.67611e-12
9.71499e-12
9.74877e-12
9.77659e-12
9.79838e-12
9.81436e-12
9.82583e-12
9.83376e-12
9.83735e-12
9.83599e-12
9.83123e-12
9.8217e-12
9.80798e-12
9.7908e-12
9.76858e-12
9.74181e-12
9.71098e-12
9.67603e-12
9.63675e-12
9.59277e-12
9.54504e-12
9.4932e-12
9.43745e-12
9.37798e-12
9.31485e-12
9.24852e-12
9.17962e-12
9.10808e-12
9.0341e-12
8.9598e-12
8.88549e-12
8.81043e-12
8.73302e-12
8.65523e-12
8.58293e-12
8.52314e-12
8.47529e-12
8.42392e-12
8.35706e-12
8.27086e-12
8.20217e-12
8.19665e-12
8.27882e-12
8.45184e-12
8.62032e-12
8.68906e-12
8.64555e-12
8.42803e-12
8.17423e-12
8.19883e-12
8.66775e-12
9.70814e-12
1.18462e-11
1.58655e-11
1.63588e-11
7.75672e-12
6.44408e-13
7.39175e-13
1.33513e-13
2.52317e-13
8.0116e-10
8.18524e-10
8.33811e-10
8.47421e-10
8.59571e-10
8.70433e-10
8.80132e-10
8.88805e-10
8.96561e-10
9.03468e-10
9.09589e-10
9.14978e-10
9.19634e-10
9.23604e-10
9.27006e-10
9.29825e-10
9.32061e-10
9.33763e-10
9.35039e-10
9.35944e-10
9.36428e-10
9.36454e-10
9.36139e-10
9.3539e-10
9.34238e-10
9.32707e-10
9.30715e-10
9.28326e-10
9.25529e-10
9.22334e-10
9.18738e-10
9.14696e-10
9.10268e-10
9.05456e-10
9.00262e-10
8.9471e-10
8.88835e-10
8.82646e-10
8.76181e-10
8.69473e-10
8.62556e-10
8.5556e-10
8.48569e-10
8.41514e-10
8.34272e-10
8.26976e-10
8.20152e-10
8.14453e-10
8.09833e-10
8.04979e-10
7.9879e-10
7.90895e-10
7.84451e-10
7.83496e-10
7.90339e-10
8.05412e-10
8.20448e-10
8.27054e-10
8.23718e-10
8.05306e-10
7.83207e-10
7.84239e-10
8.24055e-10
9.13967e-10
1.09509e-09
1.41785e-09
1.47501e-09
7.59854e-10
6.3659e-11
6.312e-11
1.32307e-11
2.54035e-11
7.6295e-09
7.80813e-09
7.96532e-09
8.1046e-09
8.2286e-09
8.33945e-09
8.43859e-09
8.52731e-09
8.60684e-09
8.67796e-09
8.74109e-09
8.79673e-09
8.84538e-09
8.8873e-09
8.92323e-09
8.95326e-09
8.97764e-09
8.99689e-09
9.01194e-09
9.02299e-09
9.02995e-09
9.03287e-09
9.03219e-09
9.02744e-09
9.01874e-09
9.0061e-09
8.98927e-09
8.96863e-09
8.94388e-09
8.91522e-09
8.88266e-09
8.8459e-09
8.80525e-09
8.76088e-09
8.71277e-09
8.6612e-09
8.6065e-09
8.54873e-09
8.48824e-09
8.42539e-09
8.36049e-09
8.29462e-09
8.22872e-09
8.16218e-09
8.09404e-09
8.02537e-09
7.96059e-09
7.90544e-09
7.85988e-09
7.8134e-09
7.7562e-09
7.68456e-09
7.62406e-09
7.60914e-09
7.6616e-09
7.78521e-09
7.91411e-09
7.97778e-09
7.95741e-09
7.81175e-09
7.6279e-09
7.62319e-09
7.9392e-09
8.67194e-09
1.01105e-08
1.24752e-08
1.30808e-08
7.61242e-09
7.63156e-10
5.26351e-10
1.42779e-10
3.00428e-10
3.61757e-08
3.71118e-08
3.79345e-08
3.86601e-08
3.93035e-08
3.9878e-08
4.03931e-08
4.08552e-08
4.12703e-08
4.16426e-08
4.19747e-08
4.22698e-08
4.25295e-08
4.2755e-08
4.29495e-08
4.3114e-08
4.32511e-08
4.33626e-08
4.34527e-08
4.35224e-08
4.35727e-08
4.36039e-08
4.36169e-08
4.36108e-08
4.35853e-08
4.35407e-08
4.34763e-08
4.33927e-08
4.32893e-08
4.31665e-08
4.30242e-08
4.28618e-08
4.26803e-08
4.24804e-08
4.22625e-08
4.20275e-08
4.17766e-08
4.15111e-08
4.12323e-08
4.09421e-08
4.06413e-08
4.0335e-08
4.00274e-08
3.97168e-08
3.93994e-08
3.9079e-08
3.87739e-08
3.85079e-08
3.82831e-08
3.80606e-08
3.77991e-08
3.74807e-08
3.72002e-08
3.70965e-08
3.72702e-08
3.77374e-08
3.82585e-08
3.85551e-08
3.85192e-08
3.79982e-08
3.72907e-08
3.72037e-08
3.83536e-08
4.11442e-08
4.64713e-08
5.42995e-08
5.69856e-08
3.77204e-08
5.31909e-09
2.17714e-09
8.53977e-10
1.96984e-09
1.2106e-07
1.2458e-07
1.27671e-07
1.30382e-07
1.32779e-07
1.34914e-07
1.3683e-07
1.38555e-07
1.4011e-07
1.4151e-07
1.42766e-07
1.4389e-07
1.44886e-07
1.45759e-07
1.46518e-07
1.47169e-07
1.47721e-07
1.48184e-07
1.48568e-07
1.48882e-07
1.4913e-07
1.49312e-07
1.4943e-07
1.49484e-07
1.49472e-07
1.49394e-07
1.49248e-07
1.49036e-07
1.48755e-07
1.48405e-07
1.47988e-07
1.47501e-07
1.46948e-07
1.4633e-07
1.45648e-07
1.44907e-07
1.44111e-07
1.43264e-07
1.4237e-07
1.41435e-07
1.40464e-07
1.39469e-07
1.38465e-07
1.3745e-07
1.36415e-07
1.35369e-07
1.34362e-07
1.33459e-07
1.32677e-07
1.31924e-07
1.31086e-07
1.30104e-07
1.29196e-07
1.28733e-07
1.29029e-07
1.30134e-07
1.31506e-07
1.32432e-07
1.32511e-07
1.31383e-07
1.29671e-07
1.29247e-07
1.31888e-07
1.38806e-07
1.51627e-07
1.67442e-07
1.74202e-07
1.29332e-07
2.6945e-08
6.51133e-09
3.84618e-09
9.45051e-09
3.26774e-07
3.37562e-07
3.47037e-07
3.55302e-07
3.62577e-07
3.69051e-07
3.74867e-07
3.80116e-07
3.84865e-07
3.89163e-07
3.93046e-07
3.9654e-07
3.99659e-07
4.02417e-07
4.04836e-07
4.06942e-07
4.08759e-07
4.10313e-07
4.1164e-07
4.12767e-07
4.1371e-07
4.14474e-07
4.15065e-07
4.15477e-07
4.15704e-07
4.15748e-07
4.15605e-07
4.15276e-07
4.14754e-07
4.14035e-07
4.13125e-07
4.12021e-07
4.10728e-07
4.0925e-07
4.07593e-07
4.05768e-07
4.03785e-07
4.01655e-07
3.99393e-07
3.97013e-07
3.94527e-07
3.91965e-07
3.89359e-07
3.86719e-07
3.84034e-07
3.81318e-07
3.78665e-07
3.76213e-07
3.7403e-07
3.71977e-07
3.69824e-07
3.67429e-07
3.65112e-07
3.63563e-07
3.63548e-07
3.65178e-07
3.67685e-07
3.69816e-07
3.70478e-07
3.69099e-07
3.66473e-07
3.65344e-07
3.69422e-07
3.81612e-07
4.03349e-07
4.21586e-07
4.30463e-07
3.48727e-07
1.10159e-07
1.68904e-08
1.43039e-08
3.73776e-08
7.58174e-07
7.86722e-07
8.11808e-07
8.33588e-07
8.52686e-07
8.69664e-07
8.84929e-07
8.98744e-07
9.11295e-07
9.22708e-07
9.33079e-07
9.4248e-07
9.50928e-07
9.58461e-07
9.65136e-07
9.71013e-07
9.76158e-07
9.80649e-07
9.84564e-07
9.8799e-07
9.90972e-07
9.93539e-07
9.95704e-07
9.97445e-07
9.98753e-07
9.99621e-07
1.00004e-06
1.00001e-06
9.99514e-07
9.98542e-07
9.97098e-07
9.95181e-07
9.92802e-07
9.89977e-07
9.86715e-07
9.83039e-07
9.78971e-07
9.74537e-07
9.69775e-07
9.64722e-07
9.594e-07
9.53866e-07
9.48188e-07
9.42412e-07
9.36545e-07
9.30599e-07
9.24698e-07
9.19066e-07
9.13884e-07
9.09094e-07
9.04384e-07
8.99495e-07
8.94568e-07
8.9041e-07
8.88505e-07
8.89025e-07
8.91668e-07
8.9519e-07
8.97327e-07
8.97662e-07
8.9645e-07
8.94992e-07
8.98636e-07
9.13005e-07
9.36196e-07
9.30526e-07
9.2426e-07
7.93182e-07
3.65477e-07
4.90241e-08
4.37932e-08
1.16768e-07
1.56381e-06
1.63079e-06
1.68974e-06
1.74074e-06
1.78532e-06
1.8249e-06
1.86051e-06
1.89282e-06
1.9223e-06
1.94924e-06
1.97385e-06
1.9963e-06
2.01663e-06
2.0349e-06
2.05122e-06
2.06575e-06
2.07863e-06
2.09005e-06
2.10019e-06
2.10926e-06
2.11739e-06
2.12465e-06
2.13109e-06
2.13666e-06
2.14134e-06
2.14509e-06
2.14788e-06
2.14971e-06
2.15054e-06
2.15035e-06
2.14912e-06
2.14687e-06
2.14362e-06
2.13941e-06
2.13425e-06
2.12818e-06
2.12124e-06
2.11351e-06
2.10506e-06
2.09595e-06
2.08624e-06
2.07601e-06
2.06539e-06
2.05451e-06
2.04344e-06
2.03221e-06
2.02086e-06
2.00965e-06
1.99894e-06
1.98912e-06
1.98005e-06
1.97144e-06
1.96251e-06
1.95327e-06
1.94594e-06
1.94052e-06
1.93889e-06
1.94188e-06
1.94604e-06
1.95236e-06
1.95942e-06
1.96127e-06
1.96122e-06
1.9673e-06
1.96719e-06
1.87405e-06
1.79932e-06
1.5862e-06
9.62991e-07
1.45609e-07
1.11309e-07
2.84794e-07
2.92252e-06
3.06355e-06
3.18792e-06
3.29527e-06
3.38883e-06
3.47179e-06
3.54647e-06
3.61439e-06
3.67655e-06
3.73362e-06
3.78603e-06
3.83415e-06
3.87797e-06
3.91764e-06
3.95333e-06
3.98539e-06
4.0141e-06
4.03991e-06
4.06313e-06
4.08425e-06
4.10358e-06
4.12129e-06
4.13749e-06
4.15212e-06
4.16507e-06
4.17629e-06
4.18569e-06
4.19325e-06
4.19888e-06
4.20249e-06
4.2041e-06
4.20371e-06
4.20138e-06
4.19718e-06
4.19112e-06
4.18328e-06
4.17374e-06
4.16262e-06
4.15005e-06
4.13619e-06
4.12112e-06
4.10491e-06
4.0878e-06
4.07005e-06
4.05193e-06
4.03348e-06
4.0145e-06
3.995e-06
3.9756e-06
3.95771e-06
3.94203e-06
3.92865e-06
3.9148e-06
3.89764e-06
3.87951e-06
3.85919e-06
3.8431e-06
3.83842e-06
3.84208e-06
3.85916e-06
3.88641e-06
3.90238e-06
3.89939e-06
3.88318e-06
3.81775e-06
3.52532e-06
3.26248e-06
2.86794e-06
2.09447e-06
4.22336e-07
2.32503e-07
5.81552e-07
5.00782e-06
5.27587e-06
5.51288e-06
5.71708e-06
5.89456e-06
6.05165e-06
6.19304e-06
6.32183e-06
6.44002e-06
6.54889e-06
6.64931e-06
6.74194e-06
6.82674e-06
6.90397e-06
6.97386e-06
7.03708e-06
7.09416e-06
7.14597e-06
7.19311e-06
7.2365e-06
7.27675e-06
7.31429e-06
7.34934e-06
7.38177e-06
7.41141e-06
7.43808e-06
7.46166e-06
7.48206e-06
7.49909e-06
7.51253e-06
7.52246e-06
7.52886e-06
7.53187e-06
7.53159e-06
7.52803e-06
7.52133e-06
7.51159e-06
7.49902e-06
7.48387e-06
7.46638e-06
7.44671e-06
7.4249e-06
7.40121e-06
7.37618e-06
7.35043e-06
7.32403e-06
7.29635e-06
7.26673e-06
7.23587e-06
7.20676e-06
7.18206e-06
7.16315e-06
7.1446e-06
7.11806e-06
7.08421e-06
7.03821e-06
6.99207e-06
6.96491e-06
6.95788e-06
6.98498e-06
7.04445e-06
7.09362e-06
7.1024e-06
7.06437e-06
6.90192e-06
6.27147e-06
5.60276e-06
4.78116e-06
3.94781e-06
1.16964e-06
4.40783e-07
1.08545e-06
7.93915e-06
8.40225e-06
8.81293e-06
9.16629e-06
9.47256e-06
9.74296e-06
9.98608e-06
1.02077e-05
1.04113e-05
1.05993e-05
1.07733e-05
1.09343e-05
1.10823e-05
1.12177e-05
1.13408e-05
1.14527e-05
1.15544e-05
1.16473e-05
1.17326e-05
1.18117e-05
1.18857e-05
1.19556e-05
1.20217e-05
1.20838e-05
1.21416e-05
1.21949e-05
1.22433e-05
1.22867e-05
1.23247e-05
1.23569e-05
1.23835e-05
1.24045e-05
1.242e-05
1.24303e-05
1.24354e-05
1.24354e-05
1.24305e-05
1.2421e-05
1.24072e-05
1.23897e-05
1.23686e-05
1.2344e-05
1.2316e-05
1.22854e-05
1.22534e-05
1.22203e-05
1.21849e-05
1.21454e-05
1.2102e-05
1.20595e-05
1.20235e-05
1.19983e-05
1.19763e-05
1.19417e-05
1.18912e-05
1.18126e-05
1.17208e-05
1.16507e-05
1.16132e-05
1.16372e-05
1.17314e-05
1.18343e-05
1.18865e-05
1.18605e-05
1.16295e-05
1.05826e-05
9.19361e-06
7.45275e-06
6.65747e-06
3.07992e-06
9.13448e-07
2.24159e-06
1.17428e-05
1.24771e-05
1.31309e-05
1.36931e-05
1.41789e-05
1.46066e-05
1.49904e-05
1.534e-05
1.56614e-05
1.59586e-05
1.6234e-05
1.64895e-05
1.67251e-05
1.69413e-05
1.71386e-05
1.73187e-05
1.74829e-05
1.76338e-05
1.7773e-05
1.79029e-05
1.80252e-05
1.81414e-05
1.82522e-05
1.83575e-05
1.84566e-05
1.85492e-05
1.86348e-05
1.87131e-05
1.87834e-05
1.88451e-05
1.88984e-05
1.89435e-05
1.89806e-05
1.90099e-05
1.90316e-05
1.90458e-05
1.90528e-05
1.90528e-05
1.90465e-05
1.90346e-05
1.90174e-05
1.89947e-05
1.89667e-05
1.89345e-05
1.88996e-05
1.8863e-05
1.88228e-05
1.87758e-05
1.87212e-05
1.86649e-05
1.86159e-05
1.8583e-05
1.85589e-05
1.85201e-05
1.84574e-05
1.83475e-05
1.82019e-05
1.80701e-05
1.79766e-05
1.79714e-05
1.8086e-05
1.82528e-05
1.83853e-05
1.84333e-05
1.82353e-05
1.68559e-05
1.44393e-05
1.11257e-05
1.02815e-05
7.01831e-06
1.93157e-06
4.75813e-06
1.6341e-05
1.74221e-05
1.83903e-05
1.92234e-05
1.99413e-05
2.0571e-05
2.11346e-05
2.16474e-05
2.21187e-05
2.25546e-05
2.29589e-05
2.33346e-05
2.36817e-05
2.4001e-05
2.42931e-05
2.45605e-05
2.48052e-05
2.50306e-05
2.52395e-05
2.5435e-05
2.562e-05
2.57964e-05
2.59654e-05
2.6127e-05
2.62805e-05
2.64249e-05
2.656e-05
2.66851e-05
2.6799e-05
2.6901e-05
2.69914e-05
2.70703e-05
2.71383e-05
2.71956e-05
2.72425e-05
2.7279e-05
2.73055e-05
2.73224e-05
2.73304e-05
2.73307e-05
2.73235e-05
2.73087e-05
2.72864e-05
2.72576e-05
2.72245e-05
2.71884e-05
2.71476e-05
2.70974e-05
2.70349e-05
2.69663e-05
2.69037e-05
2.68612e-05
2.6835e-05
2.67967e-05
2.67298e-05
2.65984e-05
2.6402e-05
2.61989e-05
2.60269e-05
2.596e-05
2.60648e-05
2.62867e-05
2.65238e-05
2.67089e-05
2.66731e-05
2.51893e-05
2.16365e-05
1.61348e-05
1.48292e-05
1.27758e-05
4.04629e-06
9.88825e-06
2.02332e-05
2.1571e-05
2.30653e-05
2.44158e-05
2.55805e-05
2.65817e-05
2.74567e-05
2.82375e-05
2.89464e-05
2.95974e-05
3.01992e-05
3.07578e-05
3.12771e-05
3.17574e-05
3.22e-05
3.26059e-05
3.29782e-05
3.33196e-05
3.3635e-05
3.3928e-05
3.42027e-05
3.44631e-05
3.47121e-05
3.49515e-05
3.51812e-05
3.54005e-05
3.56082e-05
3.58036e-05
3.59862e-05
3.6154e-05
3.6306e-05
3.64426e-05
3.65642e-05
3.66714e-05
3.67648e-05
3.68447e-05
3.6911e-05
3.69642e-05
3.70047e-05
3.70337e-05
3.70524e-05
3.70614e-05
3.70605e-05
3.70496e-05
3.70295e-05
3.70029e-05
3.69719e-05
3.69349e-05
3.68862e-05
3.68203e-05
3.67425e-05
3.66667e-05
3.66125e-05
3.65826e-05
3.65482e-05
3.64855e-05
3.63469e-05
3.61131e-05
3.58415e-05
3.55795e-05
3.54221e-05
3.54792e-05
3.57283e-05
3.607e-05
3.64299e-05
3.66558e-05
3.53202e-05
3.0816e-05
2.28504e-05
2.03005e-05
1.98819e-05
8.34058e-06
1.95262e-05
2.54551e-05
2.7222e-05
2.91793e-05
3.0973e-05
3.25268e-05
3.38607e-05
3.50222e-05
3.60551e-05
3.69905e-05
3.78483e-05
3.86407e-05
3.93759e-05
4.00596e-05
4.06926e-05
4.12764e-05
4.18128e-05
4.23057e-05
4.27584e-05
4.31773e-05
4.35672e-05
4.39332e-05
4.42802e-05
4.46125e-05
4.49323e-05
4.52402e-05
4.55349e-05
4.58153e-05
4.60803e-05
4.6329e-05
4.65591e-05
4.6769e-05
4.69593e-05
4.71308e-05
4.72842e-05
4.74202e-05
4.75393e-05
4.76416e-05
4.77273e-05
4.77971e-05
4.78524e-05
4.78947e-05
4.7925e-05
4.79432e-05
4.79487e-05
4.79422e-05
4.79265e-05
4.79045e-05
4.78753e-05
4.78323e-05
4.7768e-05
4.7685e-05
4.75974e-05
4.75299e-05
4.74935e-05
4.74637e-05
4.74109e-05
4.72791e-05
4.70266e-05
4.67005e-05
4.63506e-05
4.60867e-05
4.60613e-05
4.62985e-05
4.67194e-05
4.72553e-05
4.77823e-05
4.67725e-05
4.17004e-05
3.15275e-05
2.68057e-05
2.76876e-05
1.65261e-05
3.56805e-05
3.09062e-05
3.30757e-05
3.55233e-05
3.78123e-05
3.98097e-05
4.15243e-05
4.30126e-05
4.43311e-05
4.55219e-05
4.66118e-05
4.76175e-05
4.85501e-05
4.94173e-05
5.02205e-05
5.09618e-05
5.16437e-05
5.22713e-05
5.28489e-05
5.33838e-05
5.3882e-05
5.43499e-05
5.47936e-05
5.52182e-05
5.56272e-05
5.60215e-05
5.63998e-05
5.67605e-05
5.71025e-05
5.74246e-05
5.77236e-05
5.79977e-05
5.82475e-05
5.84742e-05
5.86789e-05
5.88625e-05
5.90254e-05
5.9168e-05
5.92905e-05
5.93936e-05
5.94791e-05
5.95489e-05
5.96043e-05
5.96453e-05
5.96712e-05
5.96822e-05
5.9681e-05
5.96712e-05
5.96527e-05
5.96191e-05
5.95606e-05
5.94764e-05
5.93796e-05
5.9298e-05
5.92517e-05
5.9224e-05
5.91832e-05
5.90682e-05
5.88154e-05
5.84545e-05
5.80308e-05
5.76595e-05
5.7529e-05
5.77151e-05
5.81742e-05
5.88545e-05
5.96644e-05
5.90516e-05
5.38206e-05
4.21362e-05
3.44877e-05
3.57609e-05
2.78382e-05
5.95596e-05
3.64478e-05
3.89427e-05
4.18818e-05
4.47078e-05
4.72016e-05
4.93457e-05
5.12017e-05
5.28403e-05
5.43155e-05
5.56629e-05
5.69046e-05
5.80549e-05
5.91241e-05
6.01148e-05
6.10292e-05
6.18714e-05
6.26477e-05
6.33631e-05
6.40263e-05
6.46443e-05
6.52243e-05
6.57739e-05
6.62994e-05
6.68054e-05
6.72934e-05
6.77623e-05
6.82101e-05
6.86353e-05
6.90368e-05
6.94102e-05
6.97534e-05
7.00671e-05
7.0353e-05
7.06126e-05
7.08469e-05
7.10567e-05
7.12423e-05
7.14041e-05
7.15431e-05
7.16611e-05
7.17608e-05
7.18436e-05
7.19099e-05
7.19588e-05
7.199e-05
7.20059e-05
7.20105e-05
7.20048e-05
7.1983e-05
7.19333e-05
7.18515e-05
7.17484e-05
7.16529e-05
7.15939e-05
7.15639e-05
7.15333e-05
7.14392e-05
7.11994e-05
7.08235e-05
7.03463e-05
6.98797e-05
6.96368e-05
6.97421e-05
7.01954e-05
7.09712e-05
7.20085e-05
7.17759e-05
6.66933e-05
5.43264e-05
4.34176e-05
4.39236e-05
4.07311e-05
8.88667e-05
4.19991e-05
4.46975e-05
4.80977e-05
5.14904e-05
5.45321e-05
5.71573e-05
5.9426e-05
6.14221e-05
6.32135e-05
6.4846e-05
6.63479e-05
6.7738e-05
6.90292e-05
7.02256e-05
7.133e-05
7.2348e-05
7.32874e-05
7.41548e-05
7.49595e-05
7.57091e-05
7.64121e-05
7.70772e-05
7.77124e-05
7.83231e-05
7.89121e-05
7.94784e-05
8.00195e-05
8.05338e-05
8.10199e-05
8.14723e-05
8.18885e-05
8.22695e-05
8.26174e-05
8.29342e-05
8.32212e-05
8.34794e-05
8.37093e-05
8.39114e-05
8.40869e-05
8.42383e-05
8.43686e-05
8.44798e-05
8.45725e-05
8.46457e-05
8.46985e-05
8.4733e-05
8.47532e-05
8.47615e-05
8.47524e-05
8.47133e-05
8.46366e-05
8.45296e-05
8.44214e-05
8.43474e-05
8.43102e-05
8.42847e-05
8.42102e-05
8.39899e-05
8.36135e-05
8.3103e-05
8.25603e-05
8.22111e-05
8.22205e-05
8.2633e-05
8.34549e-05
8.46525e-05
8.47312e-05
7.99566e-05
6.75366e-05
5.34639e-05
5.21494e-05
5.36531e-05
0.000115424
4.75813e-05
5.03113e-05
5.41049e-05
5.80782e-05
6.1718e-05
6.48806e-05
6.76127e-05
7.00096e-05
7.2154e-05
7.41034e-05
7.58939e-05
7.75491e-05
7.90853e-05
8.05087e-05
8.18222e-05
8.30334e-05
8.41525e-05
8.51881e-05
8.61495e-05
8.70445e-05
8.78827e-05
8.8674e-05
8.94284e-05
9.01525e-05
9.08503e-05
9.15211e-05
9.21621e-05
9.27712e-05
9.33471e-05
9.38827e-05
9.43752e-05
9.48259e-05
9.52375e-05
9.56126e-05
9.59527e-05
9.62592e-05
9.65329e-05
9.67745e-05
9.69857e-05
9.71695e-05
9.73294e-05
9.74682e-05
9.75866e-05
9.76837e-05
9.77582e-05
9.78114e-05
9.78475e-05
9.78695e-05
9.78731e-05
9.78449e-05
9.77743e-05
9.76652e-05
9.75455e-05
9.74553e-05
9.74062e-05
9.73792e-05
9.73183e-05
9.71167e-05
9.67465e-05
9.62171e-05
9.56175e-05
9.51768e-05
9.50896e-05
9.54423e-05
9.62745e-05
9.75748e-05
9.78765e-05
9.34243e-05
8.11903e-05
6.46416e-05
6.05464e-05
6.55612e-05
0.000136738
5.3353e-05
5.5891e-05
5.99657e-05
6.45125e-05
6.87978e-05
7.25595e-05
7.58133e-05
7.86618e-05
8.12029e-05
8.35075e-05
8.56207e-05
8.75717e-05
8.93807e-05
9.10569e-05
9.26024e-05
9.40277e-05
9.5346e-05
9.65691e-05
9.77055e-05
9.87621e-05
9.97499e-05
0.00010068
0.000101565
0.000102413
0.000103228
0.000104011
0.000104759
0.000105469
0.00010614
0.000106762
0.000107334
0.000107856
0.000108331
0.000108764
0.000109156
0.000109508
0.000109823
0.0001101
0.000110344
0.000110557
0.000110743
0.000110906
0.000111047
0.000111165
0.000111259
0.000111329
0.00011138
0.000111414
0.000111429
0.00011141
0.000111344
0.000111233
0.000111102
0.000110995
0.00011093
0.000110894
0.000110837
0.000110647
0.000110281
0.000109738
0.000109095
0.000108579
0.000108406
0.000108699
0.000109528
0.000110898
0.000111336
0.000107097
9.5121e-05
7.69152e-05
6.94261e-05
7.62819e-05
0.000152215
5.96519e-05
6.17297e-05
6.5925e-05
7.10114e-05
7.59835e-05
8.04103e-05
8.42524e-05
8.76125e-05
9.06032e-05
9.33098e-05
9.57877e-05
9.80723e-05
0.000100189
0.000102149
0.000103955
0.00010562
0.000107161
0.000108595
0.000109929
0.000111167
0.000112322
0.000113407
0.000114436
0.000115419
0.000116362
0.000117267
0.000118129
0.000118945
0.000119715
0.000120427
0.000121078
0.00012167
0.000122208
0.000122694
0.000123133
0.000123526
0.000123874
0.000124181
0.000124449
0.000124683
0.000124888
0.000125068
0.000125225
0.000125358
0.000125466
0.000125548
0.000125608
0.00012565
0.000125671
0.000125656
0.000125592
0.000125475
0.000125331
0.000125204
0.000125119
0.000125065
0.000125003
0.00012481
0.000124437
0.000123875
0.000123194
0.000122618
0.000122376
0.000122626
0.00012347
0.000124914
0.000125417
0.00012116
0.000109331
9.02365e-05
7.9077e-05
8.58764e-05
0.000162072
6.70604e-05
6.8394e-05
7.25039e-05
7.80652e-05
8.37557e-05
8.89172e-05
9.34234e-05
9.73665e-05
0.000100872
0.000104038
0.000106934
0.000109601
0.000112068
0.000114354
0.000116456
0.000118392
0.000120186
0.00012186
0.00012342
0.000124864
0.000126207
0.000127465
0.000128654
0.000129786
0.000130869
0.000131904
0.000132887
0.000133815
0.000134686
0.000135487
0.000136213
0.00013687
0.000137461
0.000137992
0.000138465
0.000138884
0.000139251
0.000139571
0.000139848
0.000140088
0.000140297
0.00014048
0.000140638
0.000140773
0.000140881
0.000140964
0.000141024
0.000141065
0.000141082
0.000141062
0.000140988
0.000140857
0.000140693
0.000140543
0.000140431
0.000140349
0.000140267
0.000140054
0.000139654
0.000139059
0.000138338
0.00013771
0.000137423
0.000137671
0.000138585
0.00014017
0.000140697
0.00013601
0.000123973
0.000104665
8.96964e-05
9.47258e-05
0.00016687
7.65757e-05
7.69494e-05
8.07424e-05
8.66808e-05
9.3109e-05
9.90794e-05
0.00010434
0.000108957
0.000113064
0.000116771
0.00012016
0.000123278
0.000126161
0.00012883
0.000131278
0.000133532
0.000135621
0.000137576
0.000139399
0.000141082
0.000142641
0.000144096
0.000145464
0.000146759
0.000147992
0.000149164
0.00015027
0.000151305
0.000152269
0.000153145
0.00015393
0.000154628
0.000155246
0.000155792
0.000156268
0.000156679
0.000157028
0.000157324
0.000157574
0.000157783
0.000157961
0.000158113
0.00015824
0.000158346
0.000158428
0.000158486
0.000158523
0.00015854
0.000158533
0.000158488
0.000158385
0.000158223
0.000158025
0.000157837
0.000157688
0.000157565
0.000157448
0.000157198
0.000156752
0.000156109
0.000155342
0.000154674
0.000154377
0.0001547
0.000155824
0.000157773
0.000158424
0.000152763
0.000140157
0.000120704
0.000101693
0.000103372
0.000169522
9.04362e-05
9.01162e-05
9.34399e-05
9.95917e-05
0.000106739
0.000113611
0.000119775
0.00012524
0.000130128
0.000134554
0.000138605
0.000142337
0.000145785
0.000148971
0.000151879
0.000154558
0.000157036
0.000159359
0.00016152
0.000163501
0.000165323
0.000167009
0.000168577
0.00017004
0.000171412
0.000172694
0.000173878
0.00017496
0.00017594
0.000176802
0.000177543
0.000178169
0.000178692
0.000179122
0.000179466
0.000179729
0.00017992
0.000180054
0.000180143
0.000180194
0.00018022
0.000180225
0.000180214
0.000180195
0.000180164
0.000180118
0.000180058
0.000179986
0.000179898
0.000179775
0.000179598
0.000179362
0.000179092
0.000178837
0.00017863
0.000178454
0.000178314
0.000178044
0.000177576
0.000176909
0.000176116
0.000175438
0.000175212
0.000175824
0.000177645
0.000180953
0.000183227
0.000178182
0.000162892
0.000140356
0.000116248
0.00011254
0.000171333
0.000114288
0.000113408
0.00011625
0.00012273
0.000130786
0.000138741
0.000145962
0.000152399
0.000158176
0.000163415
0.000168214
0.000172635
0.000176721
0.000180491
0.000183921
0.000187084
0.00019001
0.000192762
0.000195321
0.000197655
0.000199795
0.000201766
0.000203589
0.000205278
0.000206849
0.000208303
0.000209629
0.000210822
0.000211882
0.000212792
0.00021355
0.000214161
0.000214643
0.000215009
0.000215264
0.000215414
0.000215468
0.000215449
0.000215363
0.000215216
0.000215017
0.000214766
0.000214474
0.000214155
0.000213809
0.000213437
0.000213047
0.000212657
0.000212274
0.00021189
0.000211475
0.000211015
0.000210527
0.000210095
0.000209789
0.000209635
0.000209659
0.000209623
0.000209385
0.000208899
0.000208189
0.000207589
0.000207572
0.000208712
0.000211323
0.000215613
0.000218753
0.000213251
0.000194738
0.000165317
0.00013487
0.000123609
0.000172931
0.000147296
0.000145994
0.000148335
0.000155189
0.000164264
0.000173404
0.000181765
0.000189249
0.000195991
0.000202115
0.000207735
0.000212921
0.000217716
0.000222158
0.000226249
0.00023003
0.000233528
0.00023679
0.000239814
0.000242566
0.000245085
0.000247404
0.000249544
0.000251518
0.000253348
0.000255035
0.00025656
0.000257919
0.000259114
0.000260122
0.000260943
0.000261591
0.00026208
0.00026242
0.000262621
0.000262691
0.000262641
0.000262504
0.000262279
0.000261969
0.000261586
0.000261133
0.000260623
0.000260076
0.000259488
0.000258863
0.000258216
0.000257571
0.000256949
0.000256342
0.000255718
0.000255054
0.000254369
0.000253772
0.000253357
0.000253175
0.000253215
0.000253251
0.000253112
0.000252702
0.000252011
0.000251447
0.000251575
0.000253011
0.000256093
0.000260962
0.000264352
0.00025797
0.000236053
0.000199161
0.000159641
0.000138086
0.000175526
0.000191379
0.000188289
0.000186685
0.000188477
0.000195755
0.000206038
0.000216549
0.000226211
0.000234885
0.000242716
0.000249846
0.000256405
0.000262476
0.000268099
0.000273322
0.000278165
0.000282653
0.000286813
0.000290684
0.000294279
0.00029758
0.000300609
0.000303398
0.000305971
0.000308343
0.00031052
0.000312505
0.000314289
0.000315871
0.000317254
0.000318427
0.00031939
0.000320151
0.00032072
0.00032111
0.00032133
0.000321391
0.000321304
0.00032109
0.000320758
0.000320316
0.000319779
0.000319149
0.000318448
0.000317707
0.000316905
0.000316057
0.00031518
0.000314307
0.000313465
0.000312648
0.000311821
0.000310957
0.000310078
0.000309312
0.000308774
0.000308513
0.000308524
0.000308574
0.000308439
0.000308037
0.000307312
0.000306736
0.000306933
0.000308554
0.000311914
0.000316993
0.000320208
0.000312699
0.00028734
0.000243121
0.000191649
0.000157485
0.00018065
0.000239936
0.000236735
0.000234571
0.000235547
0.000243272
0.00025503
0.000267209
0.000278434
0.000288533
0.000297675
0.000306023
0.000313722
0.000320871
0.000327508
0.000333685
0.000339438
0.000344783
0.000349746
0.000354367
0.000358665
0.000362633
0.000366285
0.00036965
0.000372759
0.000375627
0.000378258
0.000380648
0.000382794
0.000384697
0.000386361
0.000387781
0.000388956
0.000389892
0.000390601
0.000391093
0.00039138
0.000391475
0.00039139
0.000391144
0.000390748
0.000390216
0.000389563
0.000388802
0.000387951
0.00038703
0.000386041
0.000384993
0.000383909
0.000382826
0.000381777
0.000380756
0.000379726
0.000378658
0.000377578
0.000376633
0.000375951
0.000375621
0.000375563
0.00037554
0.000375329
0.00037485
0.000374032
0.000373393
0.00037358
0.000375265
0.000378711
0.000383741
0.000386466
0.000377675
0.000348955
0.000297963
0.000233979
0.000184304
0.000189651
0.000296705
0.000292889
0.000289887
0.000289732
0.000298022
0.000311664
0.000325888
0.000339023
0.000350872
0.000361624
0.000371469
0.000380564
0.000389037
0.000396922
0.000404272
0.000411138
0.000417533
0.000423479
0.000429022
0.00043419
0.000438978
0.000443393
0.000447468
0.000451239
0.000454724
0.000457924
0.000460833
0.000463448
0.000465769
0.000467806
0.000469553
0.000471008
0.00047218
0.000473079
0.000473718
0.00047411
0.00047427
0.000474214
0.000473957
0.000473515
0.000472906
0.000472149
0.000471259
0.000470257
0.000469161
0.000467979
0.000466724
0.000465422
0.000464116
0.000462841
0.000461596
0.000460339
0.000459045
0.000457742
0.000456592
0.000455736
0.000455274
0.000455095
0.000454962
0.000454675
0.000454079
0.00045314
0.000452411
0.000452543
0.000454202
0.000457573
0.000462325
0.000464347
0.000454252
0.000422444
0.000365444
0.000288014
0.000220545
0.000205095
0.000363096
0.000358182
0.00035401
0.000352256
0.000360986
0.000376379
0.000392451
0.000407418
0.000421039
0.00043347
0.000444911
0.000455511
0.000465438
0.000474725
0.000483411
0.00049157
0.000499216
0.000506362
0.000513059
0.000519344
0.000525207
0.000530644
0.000535686
0.000540377
0.000544735
0.000548763
0.00055245
0.000555792
0.000558791
0.000561455
0.000563782
0.000565768
0.000567418
0.000568738
0.00056974
0.000570436
0.000570843
0.000570977
0.000570854
0.000570493
0.000569914
0.000569138
0.000568187
0.000567084
0.00056585
0.000564499
0.000563048
0.000561529
0.00055999
0.000558475
0.000556983
0.000555475
0.000553927
0.000552372
0.000550986
0.000549917
0.000549269
0.000548932
0.000548641
0.000548227
0.00054748
0.000546401
0.000545561
0.000545579
0.000547048
0.000550062
0.000554152
0.000555204
0.000543585
0.00050841
0.000444993
0.000354546
0.000266492
0.000228201
0.000441327
0.000434787
0.000429031
0.000424899
0.000431452
0.000446733
0.000463577
0.000479736
0.000494755
0.000508632
0.000521537
0.000533566
0.000544924
0.000555618
0.000565658
0.000575145
0.000584098
0.000592512
0.000600444
0.000607945
0.000614999
0.000621581
0.000627718
0.000633461
0.000638836
0.000643842
0.000648464
0.000652696
0.000656544
0.000660016
0.000663115
0.000665835
0.000668177
0.000670144
0.000671743
0.00067299
0.0006739
0.00067449
0.000674777
0.000674779
0.000674517
0.000674011
0.000673284
0.000672359
0.000671259
0.000669998
0.000668596
0.000667087
0.000665523
0.000663951
0.000662372
0.000660746
0.000659053
0.000657331
0.000655763
0.000654505
0.000653666
0.000653164
0.00065266
0.000651987
0.000650977
0.000649632
0.00064852
0.000648227
0.000649206
0.000651474
0.000654415
0.000654098
0.000640576
0.000602271
0.00053329
0.000433774
0.00032474
0.000260991
0.0005342
0.000525448
0.000517591
0.000510657
0.000511296
0.000523611
0.000539662
0.000556029
0.000571805
0.000586656
0.000600712
0.000613942
0.000626568
0.000638578
0.000649901
0.00066067
0.000670909
0.000680577
0.000689739
0.000698469
0.000706741
0.000714504
0.000721774
0.000728614
0.000735058
0.000741103
0.000746727
0.000751919
0.000756688
0.000761045
0.000764996
0.000768537
0.00077166
0.000774364
0.000776657
0.000778553
0.000780068
0.000781221
0.000782028
0.000782507
0.000782677
0.000782559
0.000782173
0.000781542
0.00078069
0.000779631
0.000778386
0.000776989
0.000775498
0.000773957
0.000772372
0.000770707
0.00076894
0.000767114
0.000765414
0.000763997
0.000762974
0.000762272
0.000761572
0.000760661
0.000759407
0.000757812
0.000756417
0.000755822
0.00075616
0.000757508
0.00075914
0.000757954
0.000742251
0.000701308
0.000628068
0.000521448
0.000394251
0.000303959
0.000645142
0.000633498
0.000622881
0.000613023
0.000606723
0.000610811
0.000623233
0.000638182
0.000653673
0.000668697
0.000683342
0.000697333
0.000710875
0.000723969
0.000736384
0.000748277
0.0007597
0.000770542
0.000780867
0.000790788
0.000800262
0.000809192
0.000817584
0.000825511
0.000833032
0.000840137
0.000846789
0.00085297
0.00085869
0.000863971
0.000868817
0.000873223
0.000877177
0.00088067
0.000883709
0.000886307
0.000888483
0.000890258
0.000891647
0.000892667
0.000893335
0.00089367
0.000893691
0.00089342
0.000892879
0.000892085
0.000891056
0.000889832
0.000888467
0.000887011
0.00088547
0.00088381
0.000882017
0.000880133
0.000878339
0.000876788
0.000875595
0.000874696
0.000873791
0.000872668
0.000871201
0.000869388
0.000867725
0.000866755
0.000866448
0.000866824
0.000867092
0.000864242
0.000846727
0.000803797
0.000727521
0.000615533
0.000475448
0.000357265
0.00077799
0.000762983
0.000748812
0.000735497
0.000723925
0.000717503
0.000719757
0.000729928
0.000743212
0.000757023
0.000771317
0.000785315
0.000799145
0.000812903
0.000826025
0.000838703
0.000851076
0.000862907
0.000874221
0.000885203
0.000895799
0.00090583
0.00091527
0.000924232
0.0009328
0.000940952
0.000948623
0.000955784
0.000962455
0.000968665
0.000974424
0.000979719
0.000984529
0.00098884
0.000992653
0.000995986
0.00099886
0.0010013
0.00100331
0.00100492
0.00100614
0.00100698
0.00100746
0.0010076
0.00100741
0.00100693
0.00100617
0.00100516
0.00100396
0.00100263
0.00100117
0.00099956
0.000997778
0.000995874
0.000994014
0.000992358
0.000991017
0.000989933
0.000988833
0.000987513
0.000985852
0.000983841
0.000981922
0.000980566
0.00097967
0.00097909
0.000978211
0.000973424
0.000953875
0.000909058
0.000830409
0.00071429
0.000564107
0.000418523
0.000936506
0.000918398
0.00090014
0.000882462
0.000866001
0.000852237
0.000842918
0.000839854
0.000846059
0.000855737
0.000867911
0.000880595
0.000893625
0.00090735
0.000920504
0.000933362
0.000946264
0.000958719
0.000970662
0.00098243
0.000993959
0.00100492
0.00101523
0.00102508
0.00103459
0.00104372
0.00105236
0.00106045
0.00106802
0.00107513
0.00108179
0.00108797
0.00109363
0.00109876
0.00110335
0.00110743
0.00111101
0.00111413
0.00111681
0.00111904
0.00112085
0.00112223
0.00112321
0.0011238
0.00112402
0.00112388
0.00112342
0.00112267
0.00112168
0.00112051
0.00111917
0.00111764
0.0011159
0.00111401
0.00111212
0.00111039
0.00110892
0.00110768
0.0011064
0.0011049
0.00110306
0.00110087
0.0010987
0.00109696
0.00109568
0.00109442
0.00109228
0.00108516
0.0010633
0.00101646
0.000935734
0.000816311
0.000658132
0.000491377
0.00112515
0.0011037
0.0010817
0.00105936
0.00103741
0.00101746
0.000999766
0.000986089
0.000977925
0.000974433
0.000979776
0.000988227
0.000998264
0.00101074
0.00102272
0.0010347
0.00104745
0.00105989
0.00107182
0.00108389
0.00109599
0.00110753
0.00111835
0.00112877
0.001139
0.00114895
0.00115841
0.00116728
0.00117563
0.00118353
0.00119101
0.00119803
0.00120451
0.00121041
0.00121574
0.00122052
0.0012248
0.00122861
0.00123195
0.00123483
0.00123724
0.0012392
0.0012407
0.00124176
0.00124241
0.00124265
0.00124252
0.00124205
0.0012413
0.00124032
0.00123913
0.0012377
0.00123604
0.00123418
0.00123229
0.00123052
0.00122896
0.00122758
0.00122615
0.0012245
0.0012225
0.00122014
0.00121772
0.00121556
0.00121364
0.00121146
0.0012077
0.00119838
0.00117424
0.00112536
0.00104275
0.000920494
0.000755874
0.00057105
0.00134914
0.00132376
0.00129769
0.0012709
0.00124418
0.00121795
0.00119266
0.0011708
0.0011525
0.0011375
0.00112746
0.00112115
0.00112166
0.00112993
0.00113806
0.00114708
0.00115853
0.00116984
0.00118056
0.00119211
0.00120421
0.00121574
0.0012264
0.00123683
0.0012474
0.00125787
0.00126785
0.00127719
0.00128601
0.00129448
0.00130262
0.00131033
0.0013175
0.00132405
0.00133
0.00133539
0.00134028
0.00134472
0.0013487
0.0013522
0.00135522
0.00135774
0.00135977
0.0013613
0.00136236
0.00136297
0.00136317
0.00136299
0.00136248
0.00136171
0.00136068
0.00135938
0.00135781
0.00135603
0.00135417
0.00135239
0.00135077
0.00134929
0.00134774
0.00134596
0.00134383
0.00134131
0.00133864
0.00133601
0.00133331
0.00132995
0.00132443
0.00131282
0.00128629
0.00123528
0.00115081
0.00102597
0.000856016
0.000655122
0.00161454
0.0015844
0.00155351
0.00152167
0.00149028
0.00145875
0.00142708
0.00139765
0.00137088
0.00134682
0.00132572
0.00130757
0.00129413
0.00128602
0.00128013
0.00128001
0.00128737
0.00129495
0.00130203
0.00131171
0.00132291
0.00133332
0.00134259
0.00135211
0.00136245
0.00137293
0.00138288
0.00139209
0.00140085
0.00140949
0.00141799
0.00142613
0.00143371
0.00144063
0.00144692
0.00145268
0.00145801
0.00146294
0.00146746
0.00147153
0.00147509
0.00147811
0.00148058
0.00148251
0.00148392
0.00148485
0.00148533
0.0014854
0.00148512
0.00148453
0.00148366
0.00148249
0.00148102
0.00147932
0.00147752
0.00147575
0.0014741
0.00147254
0.0014709
0.00146903
0.00146679
0.00146412
0.00146117
0.00145803
0.00145447
0.00144971
0.00144232
0.00142824
0.00139917
0.00134585
0.00125939
0.00113206
0.000957495
0.000742143
0.00192418
0.00189165
0.00185563
0.00181761
0.00178103
0.0017441
0.0017062
0.00167065
0.0016377
0.00160593
0.00157533
0.00154715
0.0015233
0.00150354
0.00148567
0.00147048
0.00146009
0.00145253
0.00144816
0.00145242
0.00146062
0.00146743
0.00147278
0.00147978
0.00148906
0.00149874
0.00150763
0.00151559
0.00152338
0.0015316
0.00154
0.0015481
0.00155558
0.00156231
0.00156842
0.00157411
0.00157955
0.00158475
0.00158963
0.00159409
0.00159801
0.00160135
0.00160407
0.00160621
0.0016078
0.00160888
0.0016095
0.00160971
0.00160956
0.0016091
0.00160833
0.00160725
0.00160588
0.00160425
0.0016025
0.00160075
0.00159908
0.00159747
0.00159577
0.00159381
0.00159147
0.00158863
0.00158536
0.00158163
0.00157708
0.00157081
0.00156133
0.00154463
0.00151278
0.00145691
0.00136824
0.00123832
0.00105948
0.000831484
0.00225367
0.00222622
0.00219549
0.00216086
0.00212271
0.00208018
0.00203496
0.0019933
0.001955
0.0019167
0.00187823
0.00184239
0.00181059
0.00178163
0.0017536
0.00172644
0.0017031
0.00168335
0.00166662
0.00165421
0.00164503
0.00163696
0.00163032
0.00163072
0.00163725
0.00164419
0.00164974
0.00165419
0.00165942
0.00166642
0.00167407
0.00168131
0.00168769
0.00169319
0.00169815
0.00170308
0.00170818
0.00171333
0.00171829
0.00172283
0.00172675
0.00172999
0.00173254
0.00173446
0.00173583
0.00173674
0.00173724
0.00173738
0.00173719
0.00173671
0.00173595
0.00173489
0.00173354
0.00173193
0.00173019
0.00172841
0.00172669
0.00172502
0.00172323
0.00172117
0.00171867
0.00171559
0.00171188
0.00170742
0.0017017
0.00169372
0.00168189
0.00166232
0.00162737
0.00156858
0.0014773
0.00134452
0.00116142
0.000922259
0.0025861
0.00256453
0.00254066
0.00251369
0.00248326
0.00244874
0.00241028
0.00236995
0.00232793
0.00228295
0.00223621
0.00219342
0.00215599
0.00212061
0.00208482
0.00204841
0.00201458
0.00198488
0.0019583
0.00193409
0.00191178
0.00189092
0.00187148
0.00185584
0.0018446
0.00183593
0.00182859
0.00182248
0.00182113
0.00182547
0.0018309
0.00183531
0.00183841
0.00184054
0.00184261
0.00184576
0.00185006
0.00185483
0.00185942
0.00186343
0.0018666
0.00186887
0.00187036
0.00187124
0.00187171
0.0018719
0.00187186
0.00187161
0.00187114
0.00187046
0.00186954
0.00186834
0.00186686
0.00186513
0.00186324
0.00186132
0.00185944
0.00185758
0.00185559
0.00185328
0.00185047
0.00184693
0.00184256
0.00183708
0.00182988
0.00181982
0.00180525
0.00178237
0.00174381
0.00168148
0.00158691
0.00145078
0.00126315
0.00101396
0.00291438
0.00289829
0.00288066
0.00286078
0.00283812
0.0028122
0.00278295
0.00275117
0.00271722
0.00268071
0.00264181
0.00260226
0.00256283
0.00252217
0.00247874
0.00243309
0.00239074
0.00235454
0.0023217
0.00228989
0.00225784
0.00222542
0.00219434
0.00216684
0.00214319
0.00212234
0.00210392
0.00208674
0.00207115
0.00205799
0.00204683
0.00203706
0.0020283
0.00202065
0.00201541
0.00201503
0.00201806
0.00202173
0.00202472
0.00202662
0.00202717
0.00202648
0.00202511
0.00202346
0.0020219
0.00202065
0.00201963
0.0020187
0.00201773
0.0020166
0.00201526
0.00201364
0.00201172
0.00200951
0.00200714
0.00200472
0.00200234
0.00199996
0.00199741
0.00199447
0.00199092
0.00198649
0.00198097
0.00197397
0.00196474
0.00195199
0.00193399
0.00190708
0.00186402
0.00179711
0.00169811
0.00155763
0.00136484
0.00110607
0.0032326
0.00322184
0.00320999
0.00319649
0.00318082
0.00316254
0.0031415
0.00311802
0.00309237
0.00306456
0.00303468
0.00300341
0.00297127
0.00293798
0.00290289
0.00286583
0.00282831
0.00279159
0.00275492
0.00271688
0.00267619
0.00263314
0.00259219
0.00255721
0.00252667
0.00249846
0.00247136
0.00244432
0.00241704
0.00239046
0.00236603
0.00234422
0.00232472
0.0023077
0.00229267
0.00227979
0.0022688
0.00225894
0.00224955
0.0022403
0.00223091
0.00222154
0.00221274
0.00220507
0.00219947
0.00219599
0.00219382
0.00219206
0.00219023
0.00218811
0.00218564
0.0021828
0.00217954
0.00217593
0.00217214
0.00216831
0.00216452
0.00216071
0.00215668
0.00215219
0.00214699
0.00214082
0.00213338
0.00212416
0.0021121
0.00209581
0.0020734
0.00204108
0.00199191
0.00191847
0.001813
0.00166632
0.00146708
0.00119864
0.00353277
0.00352767
0.00352169
0.00351441
0.00350538
0.00349422
0.00348073
0.00346499
0.00344716
0.00342732
0.0034056
0.00338232
0.00335779
0.00333207
0.00330499
0.00327644
0.00324689
0.00321694
0.00318658
0.00315539
0.00312281
0.00308864
0.00305393
0.00302009
0.00298716
0.00295437
0.00292073
0.00288523
0.00284746
0.0028095
0.00277559
0.00274641
0.00272044
0.0026966
0.00267416
0.00265268
0.00263182
0.00261123
0.00259078
0.0025707
0.00255135
0.00253295
0.00251584
0.00250012
0.00248571
0.00247252
0.00246039
0.00244912
0.00243851
0.00242841
0.00241869
0.00240919
0.00239983
0.00239064
0.00238174
0.00237319
0.002365
0.00235702
0.00234896
0.00234051
0.00233169
0.00232266
0.00231278
0.00230094
0.00228524
0.00226375
0.00223433
0.00219313
0.00213451
0.00205086
0.00193531
0.00177919
0.0015711
0.00129215
0.00380344
0.00380483
0.00380534
0.0038047
0.00380256
0.00379859
0.00379261
0.00378456
0.00377449
0.00376249
0.00374866
0.00373316
0.00371622
0.00369795
0.00367837
0.00365748
0.00363545
0.00361258
0.00358899
0.00356463
0.00353933
0.00351299
0.00348588
0.0034585
0.00343113
0.00340366
0.00337585
0.00334732
0.00331777
0.00328751
0.00325762
0.00322872
0.00320076
0.0031734
0.00314619
0.00311864
0.00309024
0.00306065
0.00303017
0.00300016
0.00297228
0.00294702
0.00292394
0.00290242
0.00288202
0.00286243
0.00284359
0.00282547
0.00280802
0.00279118
0.00277482
0.00275888
0.00274336
0.00272827
0.00271373
0.00269977
0.00268632
0.00267314
0.00265968
0.00264535
0.00262934
0.00261075
0.00258874
0.00256217
0.00252924
0.00248853
0.00243853
0.00237979
0.00230522
0.00220418
0.00207166
0.00190019
0.00167901
0.00138748
0.00402885
0.00403804
0.00404618
0.00405314
0.00405868
0.00406256
0.0040646
0.00406471
0.00406288
0.00405913
0.00405353
0.00404619
0.00403724
0.00402679
0.00401492
0.00400169
0.0039872
0.00397161
0.00395503
0.00393754
0.00391913
0.00389979
0.00387963
0.00385883
0.00383759
0.00381598
0.003794
0.00377156
0.00374857
0.00372508
0.00370134
0.00367764
0.00365412
0.00363078
0.00360754
0.00358426
0.00356076
0.00353687
0.00351252
0.00348792
0.00346341
0.0034393
0.00341563
0.00339237
0.00336946
0.00334679
0.00332428
0.00330195
0.00327984
0.00325791
0.00323616
0.00321458
0.00319309
0.00317172
0.0031507
0.00313039
0.00311103
0.00309228
0.00307321
0.00305259
0.00302905
0.00300099
0.00296685
0.00292454
0.00287183
0.00280687
0.00272821
0.00263366
0.00251937
0.00239013
0.00223051
0.00203483
0.00179388
0.00148568
0.00418792
0.00420676
0.00422425
0.00424033
0.00425491
0.00426783
0.00427896
0.00428822
0.00429556
0.00430096
0.00430447
0.00430613
0.00430604
0.00430427
0.00430092
0.00429604
0.00428972
0.00428208
0.0042732
0.00426318
0.00425208
0.00423994
0.00422684
0.00421287
0.00419816
0.00418281
0.00416687
0.00415037
0.00413334
0.00411579
0.00409781
0.00407952
0.00406101
0.00404233
0.00402351
0.00400453
0.00398535
0.00396591
0.00394618
0.00392615
0.0039059
0.00388548
0.00386489
0.00384422
0.00382354
0.00380289
0.00378232
0.00376188
0.00374164
0.00372161
0.00370207
0.00368305
0.00366455
0.00364661
0.0036291
0.00361185
0.00359453
0.00357638
0.00355623
0.00353263
0.00350386
0.00346783
0.00342215
0.00336321
0.00328802
0.0031965
0.00308776
0.00295659
0.002798
0.00261608
0.00241885
0.00218887
0.00191944
0.00158874
0.00425318
0.0042841
0.00431322
0.00434057
0.00436614
0.00438989
0.00441177
0.0044317
0.00444965
0.00446561
0.00447957
0.00449157
0.00450165
0.00450987
0.00451629
0.00452099
0.00452403
0.0045255
0.00452547
0.00452404
0.00452127
0.00451724
0.00451202
0.00450568
0.00449832
0.00449002
0.00448087
0.00447092
0.00446023
0.00444885
0.00443684
0.00442425
0.00441115
0.00439758
0.0043836
0.00436922
0.00435444
0.00433928
0.00432371
0.00430776
0.00429141
0.00427463
0.00425746
0.00424001
0.00422234
0.00420454
0.00418668
0.0041688
0.0041511
0.00413376
0.00411691
0.00410059
0.00408478
0.00406946
0.00405443
0.00403942
0.00402394
0.00400715
0.00398786
0.0039646
0.00393564
0.00389882
0.00385161
0.0037909
0.00371287
0.00361341
0.00348813
0.00332902
0.003128
0.00289424
0.00264143
0.00236702
0.0020595
0.00169895
0.00418946
0.00423551
0.00427917
0.00432057
0.00435976
0.0043968
0.00443169
0.00446444
0.00449504
0.00452348
0.00454977
0.00457392
0.00459595
0.00461592
0.00463386
0.00464983
0.00466389
0.00467611
0.00468654
0.00469527
0.00470237
0.00470791
0.00471195
0.00471458
0.00471588
0.00471592
0.00471477
0.00471252
0.00470922
0.00470495
0.00469976
0.00469369
0.00468681
0.00467916
0.00467079
0.00466174
0.00465203
0.0046417
0.00463075
0.00461922
0.00460705
0.00459429
0.00458101
0.0045673
0.00455325
0.0045389
0.0045244
0.00450986
0.00449547
0.00448139
0.00446771
0.00445442
0.00444147
0.00442876
0.00441606
0.00440303
0.00438914
0.00437358
0.00435524
0.0043328
0.00430462
0.00426868
0.00422251
0.00416309
0.00408639
0.00398733
0.00385971
0.0036945
0.00348051
0.0032105
0.00289647
0.00257091
0.00221688
0.00181857
0.00395298
0.0040178
0.00407954
0.00413838
0.00419447
0.0042479
0.00429878
0.00434715
0.00439305
0.00443651
0.00447756
0.00451622
0.00455251
0.00458647
0.00461814
0.00464756
0.00467477
0.00469983
0.0047228
0.00474373
0.00476269
0.00477974
0.00479496
0.0048084
0.00482015
0.00483026
0.00483882
0.0048459
0.00485158
0.0048559
0.00485894
0.00486075
0.00486139
0.00486093
0.00485941
0.00485688
0.00485338
0.00484897
0.00484369
0.00483752
0.0048305
0.00482273
0.00481429
0.00480524
0.0047957
0.00478579
0.0047756
0.00476529
0.00475502
0.00474489
0.00473494
0.00472516
0.00471547
0.0047057
0.00469562
0.00468489
0.00467302
0.00465933
0.00464287
0.00462251
0.00459683
0.00456403
0.00452181
0.00446726
0.00439635
0.00430369
0.00418181
0.00402149
0.00380874
0.00353017
0.00318014
0.0027977
0.00239202
0.00194922
0.00142344
0.00072394
0.00349265
0.00358005
0.00366367
0.0037437
0.00382034
0.00389375
0.00396406
0.00403139
0.0040958
0.00415738
0.00421618
0.00427223
0.00432559
0.00437628
0.00442436
0.00446986
0.00451281
0.00455327
0.00459128
0.00462689
0.00466015
0.00469112
0.00471985
0.00474641
0.00477087
0.00479327
0.0048137
0.00483223
0.00484891
0.00486382
0.00487701
0.00488857
0.00489857
0.00490706
0.00491411
0.0049198
0.00492417
0.0049273
0.00492922
0.00492997
0.00492967
0.00492837
0.00492619
0.00492322
0.00491956
0.00491531
0.0049106
0.00490557
0.00490031
0.00489489
0.00488934
0.00488366
0.00487776
0.00487152
0.00486477
0.00485724
0.00484859
0.00483832
0.00482576
0.00481004
0.00479002
0.00476417
0.00473048
0.00468616
0.00462728
0.00454803
0.00444091
0.00429566
0.00409655
0.00382546
0.00346793
0.00303463
0.00258188
0.00209135
0.00152551
0.000745541
0.00275927
0.00287152
0.00297957
0.00308358
0.00318374
0.0032802
0.00337309
0.00346255
0.00354865
0.0036315
0.00371116
0.00378769
0.00386113
0.00393155
0.00399898
0.00406345
0.00412502
0.00418372
0.00423958
0.00429265
0.00434298
0.00439059
0.00443555
0.0044779
0.00451769
0.00455499
0.00458985
0.00462234
0.0046525
0.00468043
0.00470619
0.00472986
0.00475153
0.00477127
0.00478916
0.00480528
0.0048197
0.0048325
0.00484377
0.00485359
0.00486203
0.00486919
0.00487514
0.00487997
0.00488379
0.00488668
0.00488875
0.0048901
0.0048908
0.00489095
0.00489059
0.0048898
0.00488859
0.00488696
0.00488488
0.00488229
0.00487907
0.004875
0.00486977
0.00486287
0.00485353
0.00484055
0.00482221
0.00479592
0.00475779
0.00470185
0.00462047
0.00450224
0.00433005
0.00408183
0.00373583
0.00328784
0.00278645
0.00224535
0.00163623
0.000765366
0.00176002
0.00188656
0.00201133
0.00213391
0.00225398
0.00237129
0.00248567
0.002597
0.00270518
0.00281017
0.00291194
0.00301048
0.00310577
0.00319784
0.0032867
0.00337235
0.00345482
0.00353411
0.00361027
0.00368329
0.00375321
0.00382005
0.00388383
0.0039446
0.00400239
0.00405724
0.0041092
0.00415831
0.00420466
0.00424831
0.00428934
0.00432784
0.00436389
0.00439758
0.00442899
0.00445821
0.00448532
0.00451046
0.0045337
0.00455509
0.00457467
0.0045925
0.00460865
0.0046232
0.0046362
0.00464772
0.00465784
0.00466669
0.00467439
0.00468112
0.00468704
0.00469238
0.00469736
0.00470221
0.00470716
0.00471244
0.00471825
0.00472479
0.00473217
0.00474032
0.00474892
0.0047572
0.00476376
0.00476621
0.00476082
0.00474158
0.00469996
0.00462358
0.00449398
0.0042855
0.00397029
0.00353098
0.00299566
0.00240753
0.00175567
0.000783258
0.000796603
0.000889138
0.000985897
0.00108633
0.00118988
0.00129595
0.00140392
0.00151321
0.00162321
0.0017334
0.00184326
0.00195235
0.00206025
0.00216661
0.00227112
0.00237351
0.00247355
0.00257105
0.00266588
0.00275789
0.00284697
0.00293307
0.0030161
0.00309604
0.00317286
0.00324655
0.0033171
0.00338455
0.00344898
0.00351041
0.00356892
0.00362457
0.00367743
0.00372757
0.00377506
0.00381997
0.00386246
0.0039026
0.00394033
0.00397566
0.00400858
0.00403913
0.00406733
0.00409321
0.00411676
0.00413809
0.00415736
0.00417479
0.00419064
0.00420524
0.004219
0.0042324
0.00424597
0.00426029
0.00427593
0.00429352
0.00431371
0.00433717
0.00436454
0.0043963
0.00443263
0.00447326
0.00451715
0.00456254
0.00460533
0.00463929
0.00465502
0.0046389
0.00457085
0.00442202
0.00415825
0.00374967
0.00319416
0.00257258
0.00188085
0.000798529
0.000261714
0.000302934
0.000347685
0.000396215
0.00044872
0.000505302
0.000566001
0.000630768
0.000699479
0.000771954
0.000847929
0.000927092
0.00100909
0.00109353
0.00118001
0.0012681
0.00135738
0.00144744
0.00153787
0.00162829
0.00171829
0.00180755
0.00189575
0.00198262
0.0020679
0.00215137
0.00223288
0.00231232
0.00238956
0.0024645
0.00253709
0.00260726
0.00267496
0.00274015
0.0028028
0.00286298
0.00292073
0.0029758
0.00302804
0.00307736
0.00312371
0.00316702
0.00320726
0.00324438
0.00327839
0.00330954
0.00333816
0.00336462
0.00338941
0.00341312
0.00343647
0.00346028
0.00348549
0.00351307
0.00354404
0.00357951
0.00362064
0.00366867
0.00372486
0.00379031
0.00386578
0.00395164
0.00404798
0.00415221
0.00426067
0.00436686
0.00446034
0.00452598
0.00454188
0.00447564
0.00428638
0.00393256
0.00339203
0.00273904
0.00200929
0.000810823
5.04054e-05
6.43665e-05
8.1025e-05
0.000100274
0.000121914
0.000145729
0.00017158
0.000199425
0.000229317
0.000261374
0.000295735
0.000332539
0.000371896
0.000413884
0.000458536
0.000505838
0.00055573
0.000608119
0.000662872
0.000719812
0.000778725
0.000839404
0.000901617
0.000965116
0.00102965
0.00109498
0.00116097
0.00122734
0.00129386
0.00136032
0.00142651
0.00149219
0.00155715
0.00162118
0.00168411
0.00174594
0.00180605
0.00186413
0.00191989
0.00197309
0.0020235
0.00207094
0.00211528
0.00215639
0.00219445
0.00222983
0.00226297
0.00229443
0.0023249
0.00235522
0.00238637
0.00241952
0.00245595
0.00249704
0.00254425
0.00259918
0.00266357
0.00273927
0.00282827
0.00293239
0.00305361
0.00319338
0.00335115
0.00352562
0.00371352
0.00390822
0.00409827
0.0042671
0.00439027
0.00443099
0.00434144
0.00406826
0.00357079
0.00290525
0.002141
0.000819718
9.11235e-06
1.06451e-05
1.2633e-05
1.52142e-05
1.85623e-05
2.28854e-05
2.84208e-05
3.54182e-05
4.41113e-05
5.46834e-05
6.72327e-05
8.17558e-05
9.81575e-05
0.000116285
0.000135973
0.00015708
0.000179516
0.000203243
0.000228263
0.000254602
0.000282296
0.000311383
0.000341888
0.000373821
0.000407191
0.000442051
0.000478319
0.00051594
0.000554834
0.000594897
0.000635994
0.00067797
0.000720643
0.000763822
0.000807455
0.000850993
0.000894057
0.000936309
0.00097742
0.00101708
0.00105503
0.00109105
0.001125
0.00115679
0.00118669
0.00121507
0.00124236
0.00126914
0.00129613
0.00132419
0.00135433
0.00138778
0.00142591
0.00147026
0.00152253
0.00158464
0.0016588
0.00174748
0.00185361
0.00198083
0.00213155
0.00230839
0.00251316
0.00274639
0.00300644
0.00328772
0.0035788
0.00386226
0.00410891
0.00427765
0.00431228
0.0041463
0.00371981
0.00306505
0.0022744
0.000824521
4.63541e-06
4.85985e-06
5.13403e-06
5.47006e-06
5.88338e-06
6.39365e-06
7.02599e-06
7.81257e-06
8.79446e-06
1.0024e-05
1.1567e-05
1.35056e-05
1.59397e-05
1.89881e-05
2.2787e-05
2.74843e-05
3.32304e-05
4.01647e-05
4.83989e-05
5.80008e-05
6.89844e-05
8.13095e-05
9.48912e-05
0.000109625
0.000125446
0.000142219
0.00015986
0.000178304
0.000197501
0.000217411
0.000237995
0.00025921
0.000281001
0.000303349
0.000326034
0.000348847
0.000371604
0.000394114
0.000416182
0.000437625
0.000458291
0.000478073
0.000496936
0.000514885
0.000532145
0.000548984
0.000565742
0.00058285
0.000600836
0.000620343
0.000642152
0.000667205
0.000696614
0.000731693
0.000773978
0.000825342
0.000888089
0.000965389
0.00106049
0.00117731
0.00132044
0.00149489
0.00170557
0.00195673
0.00225086
0.00258649
0.00295644
0.00334082
0.00370967
0.00401601
0.00419317
0.00415867
0.00383049
0.00321101
0.00240651
0.000824234
3.85411e-06
3.90618e-06
3.96666e-06
4.03727e-06
4.1201e-06
4.21767e-06
4.33301e-06
4.46977e-06
4.63239e-06
4.82625e-06
5.05791e-06
5.33535e-06
5.66835e-06
6.06892e-06
6.55183e-06
7.13523e-06
7.84144e-06
8.69788e-06
9.73806e-06
1.10026e-05
1.25404e-05
1.44091e-05
1.66766e-05
1.94317e-05
2.27553e-05
2.67384e-05
3.14695e-05
3.70259e-05
4.34645e-05
5.08117e-05
5.90571e-05
6.81496e-05
7.801e-05
8.84776e-05
9.93595e-05
0.000110481
0.000121673
0.000132785
0.000143685
0.000154275
0.000164492
0.000174316
0.000183771
0.000192928
0.00020192
0.000210936
0.000220196
0.000229969
0.000240579
0.000252416
0.000265961
0.0002818
0.000300658
0.000323427
0.000351252
0.000385698
0.000428516
0.000482202
0.000550036
0.000636225
0.000746123
0.000886356
0.00106463
0.00128942
0.00156904
0.00191075
0.00231177
0.00275933
0.00322585
0.00366085
0.00398665
0.00410154
0.00389642
0.00333462
0.00252946
0.000820387
3.63577e-06
3.6554e-06
3.67664e-06
3.69984e-06
3.72538e-06
3.75372e-06
3.78542e-06
3.82112e-06
3.86158e-06
3.90771e-06
3.96055e-06
4.02136e-06
4.09158e-06
4.17293e-06
4.26739e-06
4.37734e-06
4.50555e-06
4.6553e-06
4.83049e-06
5.03571e-06
5.27646e-06
5.55932e-06
5.89374e-06
6.28851e-06
6.75499e-06
7.30641e-06
7.95804e-06
8.72718e-06
9.63305e-06
1.06964e-05
1.19388e-05
1.33811e-05
1.50372e-05
1.69128e-05
1.90096e-05
2.1321e-05
2.3832e-05
2.65203e-05
2.93596e-05
3.23239e-05
3.53933e-05
3.85596e-05
4.18311e-05
4.52368e-05
4.88312e-05
5.27009e-05
5.69633e-05
6.17677e-05
6.73074e-05
7.38287e-05
8.16446e-05
9.11784e-05
0.000102898
0.000117393
0.000135368
0.000157716
0.000185571
0.000220498
0.000264767
0.000321672
0.000395957
0.000494243
0.000625292
0.000800268
0.00103343
0.00133718
0.00172044
0.00218209
0.00270409
0.00323966
0.00370437
0.00397658
0.00391409
0.00343081
0.00263575
0.000814838
3.53299e-06
3.54483e-06
3.557e-06
3.56956e-06
3.58258e-06
3.59614e-06
3.61035e-06
3.62534e-06
3.64125e-06
3.65826e-06
3.67657e-06
3.69645e-06
3.71816e-06
3.74205e-06
3.76852e-06
3.79802e-06
3.83109e-06
3.86834e-06
3.91048e-06
3.95835e-06
4.0129e-06
4.07552e-06
4.14734e-06
4.22979e-06
4.32449e-06
4.43316e-06
4.55769e-06
4.70005e-06
4.86227e-06
5.04633e-06
5.25405e-06
5.48631e-06
5.74348e-06
6.02574e-06
6.33272e-06
6.66358e-06
7.0171e-06
7.39203e-06
7.78747e-06
8.20348e-06
8.64163e-06
9.10571e-06
9.60248e-06
1.01426e-05
1.07417e-05
1.14223e-05
1.22159e-05
1.31662e-05
1.43346e-05
1.58086e-05
1.77157e-05
2.0246e-05
2.36844e-05
2.84621e-05
3.52272e-05
4.49384e-05
5.89367e-05
7.89346e-05
0.000106861
0.000144699
0.000194868
0.000261426
0.000351642
0.000476896
0.000652312
0.000896593
0.00122842
0.00166062
0.00219113
0.00278658
0.003366
0.00379049
0.00388299
0.00349599
0.00272201
0.000806737
3.46369e-06
3.47267e-06
3.48172e-06
3.49086e-06
3.50009e-06
3.50941e-06
3.51886e-06
3.52844e-06
3.53818e-06
3.5481e-06
3.55826e-06
3.56869e-06
3.57944e-06
3.5906e-06
3.60223e-06
3.61443e-06
3.62733e-06
3.64104e-06
3.65573e-06
3.67157e-06
3.68883e-06
3.70774e-06
3.72854e-06
3.75153e-06
3.77701e-06
3.80531e-06
3.83675e-06
3.87163e-06
3.91026e-06
3.95284e-06
3.99944e-06
4.04999e-06
4.10446e-06
4.16273e-06
4.22461e-06
4.28991e-06
4.35845e-06
4.43018e-06
4.5052e-06
4.58391e-06
4.66704e-06
4.75578e-06
4.8519e-06
4.95793e-06
5.07735e-06
5.21494e-06
5.37725e-06
5.5733e-06
5.81568e-06
6.12248e-06
6.52032e-06
7.04971e-06
7.77397e-06
8.79566e-06
1.02867e-05
1.25473e-05
1.61187e-05
2.19972e-05
3.19966e-05
4.91633e-05
7.77254e-05
0.000122021
0.00018536
0.000273508
0.000399145
0.000582583
0.000849068
0.00122386
0.00172318
0.00233563
0.00299403
0.00355425
0.00380557
0.00352569
0.00278546
0.000795382
3.41015e-06
3.41744e-06
3.42476e-06
3.43209e-06
3.43944e-06
3.4468e-06
3.45417e-06
3.46155e-06
3.46894e-06
3.47634e-06
3.48375e-06
3.49117e-06
3.49862e-06
3.50611e-06
3.51365e-06
3.52126e-06
3.52895e-06
3.53676e-06
3.54472e-06
3.55287e-06
3.56127e-06
3.56994e-06
3.57896e-06
3.58837e-06
3.59822e-06
3.60859e-06
3.61952e-06
3.63106e-06
3.64327e-06
3.65614e-06
3.66967e-06
3.68386e-06
3.69871e-06
3.7142e-06
3.73033e-06
3.74709e-06
3.76452e-06
3.78269e-06
3.80172e-06
3.8218e-06
3.84322e-06
3.86639e-06
3.89186e-06
3.92036e-06
3.95291e-06
3.99083e-06
4.03593e-06
4.09067e-06
4.15849e-06
4.24422e-06
4.35495e-06
4.50128e-06
4.69949e-06
4.97547e-06
5.37186e-06
5.96232e-06
6.88054e-06
8.38376e-06
1.09989e-05
1.58728e-05
2.55296e-05
4.50499e-05
8.22514e-05
0.000143912
0.00023515
0.000369423
0.000572897
0.000879313
0.00132182
0.00191328
0.00261122
0.00328148
0.00368723
0.00353317
0.00282576
0.000780194
3.36677e-06
3.37282e-06
3.37887e-06
3.38492e-06
3.39097e-06
3.397e-06
3.40303e-06
3.40903e-06
3.41501e-06
3.42097e-06
3.42689e-06
3.43279e-06
3.43865e-06
3.44449e-06
3.45029e-06
3.45606e-06
3.4618e-06
3.46751e-06
3.47321e-06
3.4789e-06
3.48459e-06
3.49028e-06
3.49597e-06
3.50169e-06
3.50742e-06
3.51318e-06
3.51897e-06
3.52479e-06
3.53066e-06
3.53657e-06
3.54251e-06
3.5485e-06
3.55454e-06
3.56065e-06
3.56685e-06
3.57315e-06
3.57959e-06
3.58623e-06
3.59313e-06
3.60038e-06
3.6081e-06
3.61645e-06
3.62561e-06
3.63586e-06
3.64753e-06
3.66107e-06
3.67707e-06
3.69635e-06
3.72004e-06
3.74974e-06
3.78778e-06
3.83764e-06
3.90463e-06
3.99715e-06
4.12878e-06
4.32253e-06
4.619e-06
5.09445e-06
5.9022e-06
7.36357e-06
1.02368e-05
1.64253e-05
3.07501e-05
6.3342e-05
0.000126259
0.000226366
0.000379234
0.000620058
0.000994003
0.0015364
0.00223736
0.00298665
0.00353489
0.00351415
0.00284261
0.000760789
3.33076e-06
3.3358e-06
3.34085e-06
3.34588e-06
3.35091e-06
3.35591e-06
3.3609e-06
3.36586e-06
3.37079e-06
3.37569e-06
3.38055e-06
3.38537e-06
3.39016e-06
3.3949e-06
3.3996e-06
3.40425e-06
3.40885e-06
3.41341e-06
3.41793e-06
3.4224e-06
3.42682e-06
3.43119e-06
3.43551e-06
3.43978e-06
3.44399e-06
3.44815e-06
3.45224e-06
3.45627e-06
3.46025e-06
3.46416e-06
3.46803e-06
3.47185e-06
3.47563e-06
3.47939e-06
3.48313e-06
3.48689e-06
3.49069e-06
3.49456e-06
3.49853e-06
3.50266e-06
3.507e-06
3.51163e-06
3.51662e-06
3.5221e-06
3.5282e-06
3.5351e-06
3.54304e-06
3.55232e-06
3.56336e-06
3.57678e-06
3.59342e-06
3.61457e-06
3.6422e-06
3.6794e-06
3.73124e-06
3.80639e-06
3.92007e-06
4.09943e-06
4.3979e-06
4.92455e-06
5.92342e-06
7.9983e-06
1.28153e-05
2.52655e-05
5.78399e-05
0.000127908
0.000244859
0.000431195
0.000735824
0.00121346
0.00188754
0.00268354
0.00335643
0.00347047
0.00283644
0.000736917
3.30039e-06
3.30461e-06
3.30882e-06
3.31302e-06
3.31721e-06
3.32137e-06
3.32551e-06
3.32963e-06
3.33371e-06
3.33777e-06
3.34179e-06
3.34577e-06
3.34971e-06
3.35362e-06
3.35748e-06
3.3613e-06
3.36507e-06
3.3688e-06
3.37249e-06
3.37613e-06
3.37972e-06
3.38326e-06
3.38674e-06
3.39017e-06
3.39354e-06
3.39684e-06
3.40009e-06
3.40328e-06
3.40641e-06
3.40949e-06
3.41253e-06
3.41552e-06
3.41848e-06
3.42143e-06
3.42436e-06
3.42731e-06
3.43028e-06
3.43331e-06
3.43641e-06
3.43962e-06
3.44298e-06
3.44652e-06
3.45031e-06
3.4544e-06
3.45886e-06
3.46379e-06
3.4693e-06
3.47555e-06
3.48272e-06
3.49108e-06
3.50099e-06
3.51299e-06
3.5279e-06
3.54704e-06
3.57237e-06
3.60736e-06
3.65811e-06
3.73579e-06
3.86195e-06
4.08015e-06
4.48448e-06
5.29621e-06
7.09839e-06
1.16525e-05
2.48156e-05
6.33624e-05
0.00014954
0.000295125
0.000538339
0.000945771
0.00157151
0.00238405
0.00315999
0.00340506
0.00280843
0.000708531
3.27455e-06
3.27808e-06
3.2816e-06
3.2851e-06
3.28859e-06
3.29205e-06
3.29549e-06
3.29891e-06
3.3023e-06
3.30566e-06
3.309e-06
3.31229e-06
3.31556e-06
3.31879e-06
3.32198e-06
3.32514e-06
3.32826e-06
3.33134e-06
3.33439e-06
3.33739e-06
3.34036e-06
3.34327e-06
3.34615e-06
3.34897e-06
3.35176e-06
3.35449e-06
3.35719e-06
3.35984e-06
3.36245e-06
3.36503e-06
3.36758e-06
3.37012e-06
3.37264e-06
3.37516e-06
3.37769e-06
3.38024e-06
3.38283e-06
3.38548e-06
3.3882e-06
3.39103e-06
3.39399e-06
3.3971e-06
3.40042e-06
3.40397e-06
3.40782e-06
3.41202e-06
3.41664e-06
3.42179e-06
3.42757e-06
3.43414e-06
3.44172e-06
3.45054e-06
3.46099e-06
3.47366e-06
3.48945e-06
3.50987e-06
3.53756e-06
3.57733e-06
3.63857e-06
3.74035e-06
3.92365e-06
4.2826e-06
5.05334e-06
6.91086e-06
1.21429e-05
2.92694e-05
8.24996e-05
0.000195986
0.000390047
0.00072975
0.00129426
0.00209757
0.00295339
0.00332147
0.00276062
0.000675842
3.2525e-06
3.25544e-06
3.25837e-06
3.26129e-06
3.26419e-06
3.26707e-06
3.26993e-06
3.27277e-06
3.27558e-06
3.27837e-06
3.28114e-06
3.28387e-06
3.28658e-06
3.28926e-06
3.29191e-06
3.29454e-06
3.29714e-06
3.2997e-06
3.30224e-06
3.30474e-06
3.30722e-06
3.30966e-06
3.31206e-06
3.31444e-06
3.31678e-06
3.3191e-06
3.32139e-06
3.32365e-06
3.3259e-06
3.32813e-06
3.33035e-06
3.33257e-06
3.3348e-06
3.33704e-06
3.3393e-06
3.3416e-06
3.34395e-06
3.34636e-06
3.34886e-06
3.35145e-06
3.35417e-06
3.35704e-06
3.36008e-06
3.36335e-06
3.36686e-06
3.37068e-06
3.37487e-06
3.37949e-06
3.38461e-06
3.39035e-06
3.39683e-06
3.40422e-06
3.41276e-06
3.42277e-06
3.43472e-06
3.44936e-06
3.46794e-06
3.49271e-06
3.52796e-06
3.5825e-06
3.67537e-06
3.85043e-06
4.21652e-06
5.06989e-06
7.34953e-06
1.46588e-05
4.16132e-05
0.000122447
0.000279132
0.000558978
0.00105686
0.0018308
0.00274365
0.00322354
0.00269562
0.000637661
3.23365e-06
3.23609e-06
3.23853e-06
3.24095e-06
3.24336e-06
3.24575e-06
3.24813e-06
3.25049e-06
3.25282e-06
3.25514e-06
3.25744e-06
3.25971e-06
3.26197e-06
3.26421e-06
3.26643e-06
3.26863e-06
3.2708e-06
3.27296e-06
3.27509e-06
3.2772e-06
3.27929e-06
3.28136e-06
3.28341e-06
3.28544e-06
3.28746e-06
3.28946e-06
3.29144e-06
3.29342e-06
3.2954e-06
3.29737e-06
3.29935e-06
3.30134e-06
3.30335e-06
3.30538e-06
3.30745e-06
3.30957e-06
3.31175e-06
3.31399e-06
3.31632e-06
3.31875e-06
3.3213e-06
3.32399e-06
3.32686e-06
3.32991e-06
3.3332e-06
3.33675e-06
3.34062e-06
3.34485e-06
3.34952e-06
3.35471e-06
3.36052e-06
3.36707e-06
3.37454e-06
3.38314e-06
3.39318e-06
3.4051e-06
3.41959e-06
3.43783e-06
3.46194e-06
3.49623e-06
3.55e-06
3.64505e-06
3.83478e-06
4.26283e-06
5.36189e-06
8.69994e-06
2.12245e-05
7.03049e-05
0.000195084
0.000425809
0.000857624
0.00158794
0.00253679
0.00311492
0.00261602
0.000593878
3.2175e-06
3.21953e-06
3.22155e-06
3.22356e-06
3.22556e-06
3.22755e-06
3.22952e-06
3.23149e-06
3.23343e-06
3.23536e-06
3.23728e-06
3.23919e-06
3.24109e-06
3.24297e-06
3.24484e-06
3.2467e-06
3.24854e-06
3.25037e-06
3.25219e-06
3.25399e-06
3.25579e-06
3.25757e-06
3.25934e-06
3.26111e-06
3.26287e-06
3.26463e-06
3.26639e-06
3.26815e-06
3.26992e-06
3.2717e-06
3.2735e-06
3.27531e-06
3.27716e-06
3.27904e-06
3.28097e-06
3.28294e-06
3.28498e-06
3.28709e-06
3.28929e-06
3.29159e-06
3.294e-06
3.29654e-06
3.29924e-06
3.30213e-06
3.30521e-06
3.30854e-06
3.31215e-06
3.31608e-06
3.3204e-06
3.32516e-06
3.33046e-06
3.3364e-06
3.34311e-06
3.35076e-06
3.35959e-06
3.36991e-06
3.38216e-06
3.39708e-06
3.41587e-06
3.44088e-06
3.47686e-06
3.53489e-06
3.64258e-06
3.87427e-06
4.449e-06
6.11541e-06
1.20784e-05
3.82306e-05
0.000130462
0.000322462
0.000693127
0.00137106
0.00233793
0.00299956
0.00252518
0.000546144
3.20365e-06
3.20533e-06
3.20701e-06
3.20868e-06
3.21035e-06
3.212e-06
3.21365e-06
3.21529e-06
3.21692e-06
3.21855e-06
3.22017e-06
3.22178e-06
3.22338e-06
3.22498e-06
3.22658e-06
3.22816e-06
3.22974e-06
3.23132e-06
3.23289e-06
3.23446e-06
3.23602e-06
3.23758e-06
3.23915e-06
3.24071e-06
3.24228e-06
3.24385e-06
3.24543e-06
3.24703e-06
3.24864e-06
3.25027e-06
3.25193e-06
3.25361e-06
3.25533e-06
3.25709e-06
3.2589e-06
3.26076e-06
3.26269e-06
3.26469e-06
3.26678e-06
3.26896e-06
3.27126e-06
3.27368e-06
3.27624e-06
3.27897e-06
3.28188e-06
3.28502e-06
3.2884e-06
3.29208e-06
3.29609e-06
3.3005e-06
3.30537e-06
3.31081e-06
3.31691e-06
3.32383e-06
3.33174e-06
3.34091e-06
3.35169e-06
3.3646e-06
3.38044e-06
3.40057e-06
3.42768e-06
3.46777e-06
3.53561e-06
3.67128e-06
3.99292e-06
4.89116e-06
7.93581e-06
2.12659e-05
8.21428e-05
0.000241778
0.000558994
0.00118082
0.00215115
0.00288069
0.00242629
0.000496012
3.19177e-06
3.19317e-06
3.19457e-06
3.19597e-06
3.19736e-06
3.19874e-06
3.20013e-06
3.20151e-06
3.20289e-06
3.20428e-06
3.20566e-06
3.20703e-06
3.20841e-06
3.20979e-06
3.21116e-06
3.21253e-06
3.21391e-06
3.21529e-06
3.21666e-06
3.21804e-06
3.21943e-06
3.22082e-06
3.22221e-06
3.22362e-06
3.22504e-06
3.22647e-06
3.22791e-06
3.22938e-06
3.23087e-06
3.23238e-06
3.23392e-06
3.2355e-06
3.23712e-06
3.23878e-06
3.24049e-06
3.24226e-06
3.2441e-06
3.24601e-06
3.248e-06
3.25008e-06
3.25227e-06
3.25458e-06
3.25702e-06
3.25961e-06
3.26238e-06
3.26535e-06
3.26854e-06
3.27199e-06
3.27574e-06
3.27984e-06
3.28436e-06
3.28937e-06
3.29496e-06
3.30126e-06
3.30844e-06
3.31673e-06
3.3264e-06
3.33785e-06
3.35167e-06
3.36883e-06
3.39101e-06
3.42172e-06
3.46928e-06
3.55605e-06
3.74841e-06
4.26403e-06
5.93561e-06
1.29104e-05
4.92959e-05
0.000177918
0.000450712
0.00101626
0.00197871
0.00276641
0.00232202
0.000444882
3.18162e-06
3.18279e-06
3.18396e-06
3.18513e-06
3.1863e-06
3.18748e-06
3.18866e-06
3.18984e-06
3.19103e-06
3.19221e-06
3.1934e-06
3.19459e-06
3.19579e-06
3.19699e-06
3.19819e-06
3.19939e-06
3.20061e-06
3.20183e-06
3.20305e-06
3.20429e-06
3.20553e-06
3.20678e-06
3.20805e-06
3.20933e-06
3.21063e-06
3.21195e-06
3.21328e-06
3.21464e-06
3.21603e-06
3.21745e-06
3.2189e-06
3.22039e-06
3.22192e-06
3.2235e-06
3.22513e-06
3.22682e-06
3.22857e-06
3.2304e-06
3.23231e-06
3.2343e-06
3.2364e-06
3.2386e-06
3.24094e-06
3.24341e-06
3.24605e-06
3.24886e-06
3.25188e-06
3.25513e-06
3.25866e-06
3.2625e-06
3.26671e-06
3.27135e-06
3.27652e-06
3.28234e-06
3.28893e-06
3.29646e-06
3.30519e-06
3.31546e-06
3.32776e-06
3.34282e-06
3.36186e-06
3.38715e-06
3.42371e-06
3.48453e-06
3.60817e-06
3.92151e-06
4.89804e-06
8.76007e-06
2.94684e-05
0.000127162
0.000363505
0.000875346
0.00182241
0.00266364
0.00220397
0.000393919
3.17299e-06
3.17397e-06
3.17496e-06
3.17596e-06
3.17696e-06
3.17797e-06
3.17899e-06
3.18001e-06
3.18103e-06
3.18206e-06
3.1831e-06
3.18415e-06
3.1852e-06
3.18625e-06
3.18732e-06
3.18839e-06
3.18948e-06
3.19057e-06
3.19168e-06
3.19279e-06
3.19393e-06
3.19507e-06
3.19623e-06
3.19742e-06
3.19862e-06
3.19984e-06
3.20109e-06
3.20236e-06
3.20367e-06
3.20501e-06
3.20638e-06
3.2078e-06
3.20925e-06
3.21076e-06
3.21232e-06
3.21393e-06
3.21562e-06
3.21737e-06
3.2192e-06
3.22111e-06
3.22312e-06
3.22524e-06
3.22747e-06
3.22984e-06
3.23235e-06
3.23503e-06
3.2379e-06
3.24099e-06
3.24431e-06
3.24793e-06
3.25189e-06
3.25625e-06
3.26107e-06
3.26644e-06
3.27249e-06
3.27939e-06
3.28733e-06
3.29662e-06
3.30769e-06
3.32113e-06
3.33791e-06
3.35966e-06
3.38971e-06
3.43605e-06
3.52187e-06
3.72365e-06
4.32515e-06
6.59676e-06
1.84413e-05
8.77117e-05
0.000293051
0.000755835
0.00168309
0.00257082
0.00206949
0.000344046
3.16569e-06
3.16653e-06
3.16739e-06
3.16825e-06
3.16912e-06
3.16999e-06
3.17088e-06
3.17177e-06
3.17267e-06
3.17358e-06
3.17449e-06
3.17542e-06
3.17636e-06
3.1773e-06
3.17826e-06
3.17923e-06
3.18021e-06
3.1812e-06
3.18221e-06
3.18323e-06
3.18427e-06
3.18533e-06
3.18641e-06
3.18751e-06
3.18863e-06
3.18978e-06
3.19095e-06
3.19216e-06
3.19339e-06
3.19466e-06
3.19597e-06
3.19732e-06
3.19871e-06
3.20015e-06
3.20164e-06
3.2032e-06
3.20481e-06
3.20649e-06
3.20825e-06
3.21009e-06
3.21202e-06
3.21406e-06
3.2162e-06
3.21847e-06
3.22088e-06
3.22344e-06
3.22618e-06
3.22912e-06
3.23229e-06
3.23573e-06
3.23946e-06
3.24355e-06
3.24806e-06
3.25306e-06
3.25866e-06
3.26501e-06
3.27229e-06
3.28076e-06
3.29079e-06
3.30291e-06
3.31791e-06
3.3371e-06
3.36288e-06
3.40058e-06
3.46477e-06
3.60298e-06
3.99219e-06
5.40507e-06
1.24202e-05
5.88423e-05
0.000235758
0.000655349
0.00156091
0.0024817
0.00192154
0.000295997
3.15958e-06
3.16032e-06
3.16106e-06
3.16181e-06
3.16257e-06
3.16334e-06
3.16412e-06
3.16491e-06
3.16571e-06
3.16652e-06
3.16734e-06
3.16817e-06
3.16901e-06
3.16987e-06
3.17074e-06
3.17162e-06
3.17252e-06
3.17343e-06
3.17436e-06
3.17531e-06
3.17628e-06
3.17726e-06
3.17827e-06
3.1793e-06
3.18036e-06
3.18144e-06
3.18255e-06
3.18369e-06
3.18486e-06
3.18607e-06
3.18732e-06
3.18861e-06
3.18995e-06
3.19133e-06
3.19276e-06
3.19426e-06
3.19581e-06
3.19743e-06
3.19912e-06
3.2009e-06
3.20276e-06
3.20471e-06
3.20678e-06
3.20896e-06
3.21127e-06
3.21374e-06
3.21638e-06
3.21919e-06
3.22222e-06
3.22548e-06
3.22903e-06
3.23289e-06
3.23712e-06
3.24181e-06
3.24704e-06
3.25292e-06
3.25964e-06
3.26742e-06
3.27657e-06
3.28757e-06
3.30111e-06
3.3183e-06
3.34102e-06
3.37312e-06
3.42432e-06
3.52528e-06
3.79012e-06
4.71089e-06
9.06695e-06
3.92505e-05
0.000188789
0.000571522
0.0014558
0.00239511
0.0017639
0.0002503
3.15451e-06
3.15515e-06
3.15581e-06
3.15647e-06
3.15714e-06
3.15783e-06
3.15852e-06
3.15923e-06
3.15994e-06
3.16067e-06
3.16142e-06
3.16217e-06
3.16294e-06
3.16372e-06
3.16452e-06
3.16534e-06
3.16617e-06
3.16701e-06
3.16788e-06
3.16876e-06
3.16966e-06
3.17059e-06
3.17154e-06
3.17251e-06
3.17351e-06
3.17454e-06
3.17559e-06
3.17668e-06
3.1778e-06
3.17895e-06
3.18015e-06
3.18139e-06
3.18267e-06
3.184e-06
3.18538e-06
3.18681e-06
3.18831e-06
3.18988e-06
3.19151e-06
3.19322e-06
3.19502e-06
3.19691e-06
3.19891e-06
3.20103e-06
3.20326e-06
3.20564e-06
3.20817e-06
3.21087e-06
3.21377e-06
3.21689e-06
3.22027e-06
3.22394e-06
3.22796e-06
3.23238e-06
3.23729e-06
3.24279e-06
3.24904e-06
3.25623e-06
3.26465e-06
3.2747e-06
3.28702e-06
3.30255e-06
3.3229e-06
3.35107e-06
3.39404e-06
3.47244e-06
3.66189e-06
4.28832e-06
7.12655e-06
2.67218e-05
0.000150132
0.0005021
0.00136731
0.00231025
0.00160021
0.000207582
3.15031e-06
3.15088e-06
3.15146e-06
3.15205e-06
3.15265e-06
3.15327e-06
3.1539e-06
3.15453e-06
3.15519e-06
3.15585e-06
3.15653e-06
3.15722e-06
3.15793e-06
3.15865e-06
3.15939e-06
3.16015e-06
3.16092e-06
3.16171e-06
3.16252e-06
3.16335e-06
3.1642e-06
3.16507e-06
3.16597e-06
3.16689e-06
3.16784e-06
3.16882e-06
3.16982e-06
3.17086e-06
3.17193e-06
3.17304e-06
3.17419e-06
3.17538e-06
3.17661e-06
3.17789e-06
3.17922e-06
3.18061e-06
3.18206e-06
3.18357e-06
3.18515e-06
3.18682e-06
3.18857e-06
3.1904e-06
3.19234e-06
3.19438e-06
3.19655e-06
3.19884e-06
3.20129e-06
3.2039e-06
3.20669e-06
3.20969e-06
3.21293e-06
3.21645e-06
3.22028e-06
3.22449e-06
3.22914e-06
3.23433e-06
3.24019e-06
3.24689e-06
3.25469e-06
3.26396e-06
3.27524e-06
3.28939e-06
3.30781e-06
3.33305e-06
3.37042e-06
3.43452e-06
3.5772e-06
4.02142e-06
5.95524e-06
1.8939e-05
0.000118521
0.000445036
0.00129472
0.00222526
0.00143415
0.000168037
3.14685e-06
3.14736e-06
3.14788e-06
3.14841e-06
3.14895e-06
3.14951e-06
3.15008e-06
3.15066e-06
3.15126e-06
3.15187e-06
3.15249e-06
3.15313e-06
3.15379e-06
3.15446e-06
3.15515e-06
3.15585e-06
3.15658e-06
3.15732e-06
3.15808e-06
3.15886e-06
3.15967e-06
3.16049e-06
3.16135e-06
3.16222e-06
3.16313e-06
3.16406e-06
3.16502e-06
3.16602e-06
3.16705e-06
3.16811e-06
3.16921e-06
3.17036e-06
3.17155e-06
3.17278e-06
3.17407e-06
3.17542e-06
3.17683e-06
3.1783e-06
3.17984e-06
3.18145e-06
3.18314e-06
3.18493e-06
3.18681e-06
3.18879e-06
3.1909e-06
3.19313e-06
3.1955e-06
3.19803e-06
3.20074e-06
3.20365e-06
3.20678e-06
3.21017e-06
3.21386e-06
3.2179e-06
3.22234e-06
3.22728e-06
3.23283e-06
3.23914e-06
3.24644e-06
3.25505e-06
3.26546e-06
3.27845e-06
3.2953e-06
3.31819e-06
3.35148e-06
3.40614e-06
3.51907e-06
3.84743e-06
5.22009e-06
1.41117e-05
9.3166e-05
0.000398568
0.00123733
0.00213702
0.00126868
0.00013171
3.144e-06
3.14445e-06
3.14492e-06
3.1454e-06
3.14589e-06
3.1464e-06
3.14692e-06
3.14745e-06
3.148e-06
3.14856e-06
3.14914e-06
3.14973e-06
3.15034e-06
3.15097e-06
3.15161e-06
3.15227e-06
3.15295e-06
3.15365e-06
3.15437e-06
3.15511e-06
3.15587e-06
3.15666e-06
3.15747e-06
3.15831e-06
3.15917e-06
3.16006e-06
3.16098e-06
3.16194e-06
3.16293e-06
3.16395e-06
3.16502e-06
3.16613e-06
3.16728e-06
3.16848e-06
3.16973e-06
3.17104e-06
3.1724e-06
3.17383e-06
3.17533e-06
3.1769e-06
3.17855e-06
3.18029e-06
3.18212e-06
3.18406e-06
3.18611e-06
3.18829e-06
3.1906e-06
3.19307e-06
3.19572e-06
3.19855e-06
3.20161e-06
3.20491e-06
3.20849e-06
3.2124e-06
3.21669e-06
3.22144e-06
3.22675e-06
3.23276e-06
3.23965e-06
3.24773e-06
3.25743e-06
3.26948e-06
3.28499e-06
3.30595e-06
3.3361e-06
3.38422e-06
3.47774e-06
3.73086e-06
4.74315e-06
1.107e-05
7.3397e-05
0.000361338
0.00120827
0.00202834
0.00110651
9.9219e-05
3.14167e-06
3.14208e-06
3.14249e-06
3.14293e-06
3.14337e-06
3.14383e-06
3.14431e-06
3.14479e-06
3.1453e-06
3.14581e-06
3.14635e-06
3.1469e-06
3.14746e-06
3.14805e-06
3.14865e-06
3.14927e-06
3.1499e-06
3.15056e-06
3.15124e-06
3.15194e-06
3.15266e-06
3.15341e-06
3.15418e-06
3.15498e-06
3.1558e-06
3.15666e-06
3.15754e-06
3.15846e-06
3.15942e-06
3.16041e-06
3.16144e-06
3.16251e-06
3.16363e-06
3.16479e-06
3.16601e-06
3.16727e-06
3.1686e-06
3.16999e-06
3.17145e-06
3.17298e-06
3.1746e-06
3.1763e-06
3.17809e-06
3.17999e-06
3.182e-06
3.18414e-06
3.18641e-06
3.18884e-06
3.19143e-06
3.19422e-06
3.19722e-06
3.20045e-06
3.20396e-06
3.20779e-06
3.21198e-06
3.2166e-06
3.22174e-06
3.22753e-06
3.23412e-06
3.2418e-06
3.25095e-06
3.26221e-06
3.27661e-06
3.29595e-06
3.32362e-06
3.36699e-06
3.4475e-06
3.65089e-06
4.42537e-06
9.10799e-06
5.84458e-05
0.000332249
0.00120156
0.00189889
0.000946458
7.15341e-05
3.1398e-06
3.14016e-06
3.14054e-06
3.14092e-06
3.14132e-06
3.14173e-06
3.14216e-06
3.14261e-06
3.14306e-06
3.14354e-06
3.14403e-06
3.14453e-06
3.14505e-06
3.14559e-06
3.14615e-06
3.14673e-06
3.14733e-06
3.14794e-06
3.14858e-06
3.14924e-06
3.14992e-06
3.15063e-06
3.15136e-06
3.15213e-06
3.15292e-06
3.15373e-06
3.15458e-06
3.15547e-06
3.15638e-06
3.15734e-06
3.15833e-06
3.15937e-06
3.16045e-06
3.16158e-06
3.16276e-06
3.16399e-06
3.16528e-06
3.16664e-06
3.16807e-06
3.16957e-06
3.17115e-06
3.17281e-06
3.17458e-06
3.17644e-06
3.17842e-06
3.18053e-06
3.18277e-06
3.18516e-06
3.18773e-06
3.19048e-06
3.19345e-06
3.19665e-06
3.20012e-06
3.2039e-06
3.20803e-06
3.21258e-06
3.21762e-06
3.22327e-06
3.22967e-06
3.23707e-06
3.2458e-06
3.25643e-06
3.26992e-06
3.28794e-06
3.31358e-06
3.35337e-06
3.42493e-06
3.59502e-06
4.20935e-06
7.81148e-06
4.74441e-05
0.000310462
0.0012044
0.00175126
0.000791347
4.95006e-05
3.13838e-06
3.13869e-06
3.13901e-06
3.13935e-06
3.1397e-06
3.14007e-06
3.14045e-06
3.14084e-06
3.14125e-06
3.14168e-06
3.14212e-06
3.14258e-06
3.14306e-06
3.14356e-06
3.14407e-06
3.1446e-06
3.14515e-06
3.14573e-06
3.14632e-06
3.14694e-06
3.14759e-06
3.14825e-06
3.14894e-06
3.14966e-06
3.15041e-06
3.15119e-06
3.152e-06
3.15285e-06
3.15372e-06
3.15464e-06
3.1556e-06
3.1566e-06
3.15764e-06
3.15874e-06
3.15988e-06
3.16108e-06
3.16234e-06
3.16367e-06
3.16506e-06
3.16653e-06
3.16808e-06
3.16972e-06
3.17145e-06
3.17329e-06
3.17525e-06
3.17733e-06
3.17955e-06
3.18192e-06
3.18447e-06
3.18721e-06
3.19016e-06
3.19335e-06
3.19681e-06
3.20057e-06
3.20469e-06
3.20922e-06
3.21423e-06
3.21981e-06
3.22612e-06
3.23334e-06
3.24179e-06
3.25197e-06
3.26475e-06
3.28169e-06
3.30568e-06
3.34271e-06
3.40796e-06
3.55556e-06
4.06069e-06
6.93758e-06
3.9541e-05
0.000295489
0.00122721
0.00159739
0.000648504
3.32651e-05
3.13734e-06
3.1376e-06
3.13788e-06
3.13817e-06
3.13847e-06
3.13879e-06
3.13912e-06
3.13946e-06
3.13982e-06
3.1402e-06
3.1406e-06
3.14101e-06
3.14144e-06
3.14188e-06
3.14235e-06
3.14284e-06
3.14334e-06
3.14387e-06
3.14442e-06
3.14499e-06
3.14559e-06
3.14621e-06
3.14686e-06
3.14753e-06
3.14824e-06
3.14897e-06
3.14974e-06
3.15054e-06
3.15138e-06
3.15226e-06
3.15317e-06
3.15413e-06
3.15514e-06
3.1562e-06
3.15731e-06
3.15847e-06
3.1597e-06
3.16099e-06
3.16235e-06
3.16379e-06
3.16531e-06
3.16692e-06
3.16863e-06
3.17045e-06
3.17238e-06
3.17444e-06
3.17665e-06
3.17901e-06
3.18155e-06
3.18428e-06
3.18723e-06
3.19043e-06
3.1939e-06
3.19768e-06
3.20182e-06
3.20637e-06
3.2114e-06
3.217e-06
3.2233e-06
3.23045e-06
3.23875e-06
3.24864e-06
3.26092e-06
3.27703e-06
3.2997e-06
3.33456e-06
3.39531e-06
3.52772e-06
3.9581e-06
6.34104e-06
3.40171e-05
0.000304322
0.00124623
0.00144528
0.000521335
2.2226e-05
3.13656e-06
3.13677e-06
3.137e-06
3.13724e-06
3.1375e-06
3.13777e-06
3.13805e-06
3.13835e-06
3.13866e-06
3.13899e-06
3.13934e-06
3.1397e-06
3.14008e-06
3.14048e-06
3.1409e-06
3.14133e-06
3.14179e-06
3.14227e-06
3.14277e-06
3.1433e-06
3.14385e-06
3.14442e-06
3.14502e-06
3.14565e-06
3.14631e-06
3.147e-06
3.14773e-06
3.14848e-06
3.14928e-06
3.15011e-06
3.15099e-06
3.15191e-06
3.15288e-06
3.15389e-06
3.15497e-06
3.1561e-06
3.15729e-06
3.15854e-06
3.15987e-06
3.16128e-06
3.16277e-06
3.16436e-06
3.16604e-06
3.16784e-06
3.16975e-06
3.1718e-06
3.17399e-06
3.17635e-06
3.17888e-06
3.18162e-06
3.18458e-06
3.18779e-06
3.19129e-06
3.19511e-06
3.1993e-06
3.20391e-06
3.20902e-06
3.21469e-06
3.22105e-06
3.22825e-06
3.23653e-06
3.2463e-06
3.25828e-06
3.2738e-06
3.29545e-06
3.32863e-06
3.38616e-06
3.50846e-06
3.88808e-06
5.93298e-06
3.03129e-05
0.000340597
0.00125094
0.00128065
0.00041109
1.51414e-05
3.1359e-06
3.13607e-06
3.13626e-06
3.13645e-06
3.13666e-06
3.13689e-06
3.13713e-06
3.13738e-06
3.13765e-06
3.13793e-06
3.13823e-06
3.13854e-06
3.13888e-06
3.13923e-06
3.1396e-06
3.13999e-06
3.1404e-06
3.14083e-06
3.14129e-06
3.14177e-06
3.14227e-06
3.1428e-06
3.14336e-06
3.14394e-06
3.14455e-06
3.1452e-06
3.14588e-06
3.1466e-06
3.14735e-06
3.14814e-06
3.14897e-06
3.14985e-06
3.15078e-06
3.15176e-06
3.15279e-06
3.15389e-06
3.15504e-06
3.15627e-06
3.15757e-06
3.15894e-06
3.16041e-06
3.16197e-06
3.16363e-06
3.1654e-06
3.1673e-06
3.16933e-06
3.17151e-06
3.17386e-06
3.1764e-06
3.17914e-06
3.18212e-06
3.18536e-06
3.18889e-06
3.19277e-06
3.19703e-06
3.20174e-06
3.20695e-06
3.21276e-06
3.21926e-06
3.2266e-06
3.23499e-06
3.2448e-06
3.25668e-06
3.27184e-06
3.29278e-06
3.32471e-06
3.37999e-06
3.49585e-06
3.84203e-06
5.65899e-06
2.80502e-05
0.000401373
0.00123514
0.00111148
0.000318051
1.07055e-05
3.13531e-06
3.13544e-06
3.13558e-06
3.13573e-06
3.1359e-06
3.13608e-06
3.13627e-06
3.13648e-06
3.1367e-06
3.13694e-06
3.13719e-06
3.13746e-06
3.13775e-06
3.13805e-06
3.13838e-06
3.13872e-06
3.13909e-06
3.13947e-06
3.13988e-06
3.14032e-06
3.14077e-06
3.14126e-06
3.14177e-06
3.14231e-06
3.14288e-06
3.14348e-06
3.14412e-06
3.14479e-06
3.1455e-06
3.14626e-06
3.14705e-06
3.14789e-06
3.14878e-06
3.14972e-06
3.15072e-06
3.15178e-06
3.1529e-06
3.15409e-06
3.15536e-06
3.15671e-06
3.15815e-06
3.15968e-06
3.16132e-06
3.16308e-06
3.16496e-06
3.16698e-06
3.16915e-06
3.1715e-06
3.17404e-06
3.17679e-06
3.17979e-06
3.18306e-06
3.18665e-06
3.19059e-06
3.19494e-06
3.19976e-06
3.20511e-06
3.21109e-06
3.21779e-06
3.22536e-06
3.23399e-06
3.244e-06
3.25597e-06
3.27104e-06
3.29155e-06
3.32263e-06
3.37647e-06
3.48867e-06
3.81459e-06
5.4862e-06
3.01723e-05
0.00047873
0.00119557
0.000944922
0.00024016
7.95896e-06
3.13479e-06
3.13488e-06
3.13497e-06
3.13508e-06
3.1352e-06
3.13533e-06
3.13548e-06
3.13564e-06
3.13581e-06
3.136e-06
3.13621e-06
3.13643e-06
3.13667e-06
3.13692e-06
3.1372e-06
3.1375e-06
3.13781e-06
3.13815e-06
3.13852e-06
3.1389e-06
3.13931e-06
3.13975e-06
3.14022e-06
3.14071e-06
3.14124e-06
3.1418e-06
3.14239e-06
3.14302e-06
3.14369e-06
3.1444e-06
3.14516e-06
3.14596e-06
3.14681e-06
3.14772e-06
3.14868e-06
3.1497e-06
3.1508e-06
3.15196e-06
3.1532e-06
3.15452e-06
3.15594e-06
3.15745e-06
3.15907e-06
3.16081e-06
3.16268e-06
3.16469e-06
3.16686e-06
3.16921e-06
3.17175e-06
3.17452e-06
3.17755e-06
3.18085e-06
3.18449e-06
3.1885e-06
3.19295e-06
3.19789e-06
3.20341e-06
3.20959e-06
3.21655e-06
3.22442e-06
3.23339e-06
3.24376e-06
3.25603e-06
3.27126e-06
3.29166e-06
3.32227e-06
3.37536e-06
3.48617e-06
3.80239e-06
5.3986e-06
4.71027e-05
0.000550296
0.00113123
0.000786177
0.000174776
6.24444e-06
3.13441e-06
3.13445e-06
3.13449e-06
3.13455e-06
3.13462e-06
3.1347e-06
3.13479e-06
3.1349e-06
3.13502e-06
3.13516e-06
3.13532e-06
3.13548e-06
3.13567e-06
3.13588e-06
3.1361e-06
3.13634e-06
3.13661e-06
3.13689e-06
3.1372e-06
3.13754e-06
3.1379e-06
3.13828e-06
3.1387e-06
3.13914e-06
3.13962e-06
3.14013e-06
3.14068e-06
3.14126e-06
3.14189e-06
3.14255e-06
3.14326e-06
3.14403e-06
3.14484e-06
3.14571e-06
3.14663e-06
3.14763e-06
3.14869e-06
3.14982e-06
3.15103e-06
3.15233e-06
3.15372e-06
3.15522e-06
3.15682e-06
3.15855e-06
3.16041e-06
3.16241e-06
3.16458e-06
3.16694e-06
3.1695e-06
3.17228e-06
3.17533e-06
3.17868e-06
3.18237e-06
3.18646e-06
3.19101e-06
3.19608e-06
3.20178e-06
3.20819e-06
3.21544e-06
3.22368e-06
3.23309e-06
3.24395e-06
3.25673e-06
3.27238e-06
3.29299e-06
3.32354e-06
3.37652e-06
3.48792e-06
3.80348e-06
5.39009e-06
8.57161e-05
0.000615331
0.00104599
0.000634549
0.000120104
5.16359e-06
3.13422e-06
3.13421e-06
3.1342e-06
3.1342e-06
3.13422e-06
3.13424e-06
3.13428e-06
3.13433e-06
3.1344e-06
3.13448e-06
3.13457e-06
3.13468e-06
3.13481e-06
3.13495e-06
3.13512e-06
3.1353e-06
3.13551e-06
3.13573e-06
3.13598e-06
3.13626e-06
3.13656e-06
3.13688e-06
3.13724e-06
3.13763e-06
3.13805e-06
3.1385e-06
3.13899e-06
3.13953e-06
3.1401e-06
3.14071e-06
3.14138e-06
3.14209e-06
3.14286e-06
3.14368e-06
3.14457e-06
3.14552e-06
3.14654e-06
3.14765e-06
3.14883e-06
3.1501e-06
3.15147e-06
3.15294e-06
3.15453e-06
3.15625e-06
3.1581e-06
3.1601e-06
3.16228e-06
3.16464e-06
3.16721e-06
3.17002e-06
3.17311e-06
3.1765e-06
3.18025e-06
3.18442e-06
3.18907e-06
3.19428e-06
3.20016e-06
3.20681e-06
3.21439e-06
3.22304e-06
3.23298e-06
3.24447e-06
3.25795e-06
3.27428e-06
3.29545e-06
3.32635e-06
3.37988e-06
3.49369e-06
3.81711e-06
5.46387e-06
0.000145682
0.00066663
0.000949438
0.000499878
7.64977e-05
4.4654e-06
3.1341e-06
3.1341e-06
3.13409e-06
3.13408e-06
3.13407e-06
3.13405e-06
3.13402e-06
3.13401e-06
3.13401e-06
3.13403e-06
3.13406e-06
3.1341e-06
3.13416e-06
3.13424e-06
3.13434e-06
3.13445e-06
3.13459e-06
3.13475e-06
3.13493e-06
3.13513e-06
3.13536e-06
3.13562e-06
3.13591e-06
3.13623e-06
3.13658e-06
3.13697e-06
3.1374e-06
3.13786e-06
3.13837e-06
3.13893e-06
3.13953e-06
3.14019e-06
3.1409e-06
3.14167e-06
3.1425e-06
3.14341e-06
3.14438e-06
3.14544e-06
3.14659e-06
3.14782e-06
3.14916e-06
3.15061e-06
3.15218e-06
3.15388e-06
3.15572e-06
3.15773e-06
3.1599e-06
3.16227e-06
3.16486e-06
3.1677e-06
3.17082e-06
3.17426e-06
3.17807e-06
3.18232e-06
3.18707e-06
3.19243e-06
3.19849e-06
3.2054e-06
3.21332e-06
3.22242e-06
3.23295e-06
3.24518e-06
3.25955e-06
3.27684e-06
3.29893e-06
3.33064e-06
3.38537e-06
3.50345e-06
3.84393e-06
7.43575e-06
0.000213402
0.000699114
0.000837709
0.00038492
4.53501e-05
4.01171e-06
3.13364e-06
3.13369e-06
3.13374e-06
3.13377e-06
3.13381e-06
3.13383e-06
3.13384e-06
3.13385e-06
3.13385e-06
3.13385e-06
3.13383e-06
3.13382e-06
3.1338e-06
3.13381e-06
3.13382e-06
3.13386e-06
3.13392e-06
3.134e-06
3.1341e-06
3.13423e-06
3.13438e-06
3.13456e-06
3.13477e-06
3.135e-06
3.13528e-06
3.13559e-06
3.13593e-06
3.13632e-06
3.13675e-06
3.13723e-06
3.13776e-06
3.13834e-06
3.13898e-06
3.13969e-06
3.14046e-06
3.1413e-06
3.14222e-06
3.14322e-06
3.14431e-06
3.14551e-06
3.1468e-06
3.14822e-06
3.14976e-06
3.15143e-06
3.15326e-06
3.15525e-06
3.15743e-06
3.15981e-06
3.16242e-06
3.16528e-06
3.16843e-06
3.17192e-06
3.1758e-06
3.18013e-06
3.18499e-06
3.19049e-06
3.19674e-06
3.20391e-06
3.21217e-06
3.22175e-06
3.23291e-06
3.24599e-06
3.26141e-06
3.27994e-06
3.30332e-06
3.33634e-06
3.39297e-06
3.51726e-06
3.8859e-06
1.40436e-05
0.000281534
0.000708941
0.000719626
0.000289363
2.61221e-05
3.72626e-06
3.13277e-06
3.13288e-06
3.13298e-06
3.13307e-06
3.13316e-06
3.13324e-06
3.13331e-06
3.13338e-06
3.13344e-06
3.13349e-06
3.13352e-06
3.13355e-06
3.13357e-06
3.13359e-06
3.13359e-06
3.13359e-06
3.13358e-06
3.13358e-06
3.13359e-06
3.13363e-06
3.13369e-06
3.13378e-06
3.13389e-06
3.13404e-06
3.13422e-06
3.13444e-06
3.13469e-06
3.13499e-06
3.13533e-06
3.13571e-06
3.13615e-06
3.13665e-06
3.1372e-06
3.13781e-06
3.1385e-06
3.13926e-06
3.1401e-06
3.14103e-06
3.14206e-06
3.14318e-06
3.14442e-06
3.14578e-06
3.14728e-06
3.14892e-06
3.15071e-06
3.15269e-06
3.15485e-06
3.15723e-06
3.15985e-06
3.16273e-06
3.16592e-06
3.16946e-06
3.1734e-06
3.17781e-06
3.18278e-06
3.18841e-06
3.19485e-06
3.20227e-06
3.21088e-06
3.22094e-06
3.23278e-06
3.24677e-06
3.26341e-06
3.28343e-06
3.30852e-06
3.34337e-06
3.40269e-06
3.53534e-06
3.9495e-06
3.10724e-05
0.000341453
0.000695035
0.000602759
0.000210742
1.54908e-05
3.54528e-06
3.13137e-06
3.13153e-06
3.13168e-06
3.13184e-06
3.13199e-06
3.13213e-06
3.13228e-06
3.13241e-06
3.13254e-06
3.13266e-06
3.13278e-06
3.13289e-06
3.13298e-06
3.13307e-06
3.13314e-06
3.1332e-06
3.13325e-06
3.13329e-06
3.13332e-06
3.13334e-06
3.13335e-06
3.13336e-06
3.13337e-06
3.13341e-06
3.13348e-06
3.13358e-06
3.13373e-06
3.13391e-06
3.13414e-06
3.13442e-06
3.13475e-06
3.13514e-06
3.13558e-06
3.13609e-06
3.13668e-06
3.13734e-06
3.13808e-06
3.13892e-06
3.13985e-06
3.14089e-06
3.14205e-06
3.14334e-06
3.14477e-06
3.14635e-06
3.1481e-06
3.15003e-06
3.15216e-06
3.15453e-06
3.15714e-06
3.16003e-06
3.16325e-06
3.16683e-06
3.17082e-06
3.17531e-06
3.18039e-06
3.18616e-06
3.19278e-06
3.20045e-06
3.2094e-06
3.21995e-06
3.23248e-06
3.24744e-06
3.26541e-06
3.28719e-06
3.31438e-06
3.35165e-06
3.41449e-06
3.55794e-06
4.04056e-06
6.42306e-05
0.000392716
0.000663372
0.00048884
0.000145932
9.896e-06
3.43064e-06
3.12934e-06
3.12955e-06
3.12976e-06
3.12997e-06
3.13018e-06
3.13039e-06
3.13059e-06
3.1308e-06
3.131e-06
3.13119e-06
3.13139e-06
3.13157e-06
3.13175e-06
3.13192e-06
3.13209e-06
3.13224e-06
3.13238e-06
3.13251e-06
3.13262e-06
3.13272e-06
3.13281e-06
3.13288e-06
3.13294e-06
3.13298e-06
3.13302e-06
3.13305e-06
3.13308e-06
3.13315e-06
3.13326e-06
3.13342e-06
3.13363e-06
3.13389e-06
3.13422e-06
3.13461e-06
3.13507e-06
3.13561e-06
3.13623e-06
3.13695e-06
3.13777e-06
3.1387e-06
3.13976e-06
3.14094e-06
3.14228e-06
3.14377e-06
3.14545e-06
3.14731e-06
3.1494e-06
3.15172e-06
3.1543e-06
3.15719e-06
3.16041e-06
3.16401e-06
3.16806e-06
3.17262e-06
3.17779e-06
3.18369e-06
3.19049e-06
3.19839e-06
3.20767e-06
3.2187e-06
3.23191e-06
3.24788e-06
3.26729e-06
3.29104e-06
3.32077e-06
3.36107e-06
3.42838e-06
3.58567e-06
4.65797e-06
0.000109322
0.000431925
0.000612786
0.000385986
9.38358e-05
6.94752e-06
3.36233e-06
3.12609e-06
3.12635e-06
3.12662e-06
3.12689e-06
3.12717e-06
3.12746e-06
3.12775e-06
3.12804e-06
3.12833e-06
3.12863e-06
3.12892e-06
3.12921e-06
3.12951e-06
3.12979e-06
3.13008e-06
3.13035e-06
3.13062e-06
3.13088e-06
3.13113e-06
3.13136e-06
3.13158e-06
3.13178e-06
3.13197e-06
3.13213e-06
3.13227e-06
3.1324e-06
3.1325e-06
3.13259e-06
3.13267e-06
3.13274e-06
3.13282e-06
3.13294e-06
3.13311e-06
3.13336e-06
3.13367e-06
3.13407e-06
3.13455e-06
3.13513e-06
3.13581e-06
3.13661e-06
3.13753e-06
3.1386e-06
3.13981e-06
3.14119e-06
3.14277e-06
3.14454e-06
3.14655e-06
3.1488e-06
3.15134e-06
3.15419e-06
3.1574e-06
3.16101e-06
3.16508e-06
3.16969e-06
3.17494e-06
3.18096e-06
3.18792e-06
3.19605e-06
3.20565e-06
3.21713e-06
3.23102e-06
3.248e-06
3.26892e-06
3.29484e-06
3.3275e-06
3.37151e-06
3.44433e-06
3.61923e-06
6.32459e-06
0.000157308
0.000456656
0.000548494
0.000297461
5.56508e-05
5.36072e-06
3.32297e-06
3.12202e-06
3.12227e-06
3.12253e-06
3.12281e-06
3.1231e-06
3.1234e-06
3.12372e-06
3.12405e-06
3.12439e-06
3.12474e-06
3.1251e-06
3.12547e-06
3.12584e-06
3.12623e-06
3.12661e-06
3.12701e-06
3.1274e-06
3.12779e-06
3.12818e-06
3.12856e-06
3.12893e-06
3.12929e-06
3.12964e-06
3.12998e-06
3.13029e-06
3.13059e-06
3.13086e-06
3.1311e-06
3.13132e-06
3.13151e-06
3.13168e-06
3.13182e-06
3.13197e-06
3.13214e-06
3.13238e-06
3.13269e-06
3.13306e-06
3.13353e-06
3.13409e-06
3.13476e-06
3.13555e-06
3.13647e-06
3.13755e-06
3.13879e-06
3.14022e-06
3.14187e-06
3.14374e-06
3.14589e-06
3.14833e-06
3.1511e-06
3.15427e-06
3.15786e-06
3.16193e-06
3.16656e-06
3.17186e-06
3.17797e-06
3.18506e-06
3.19338e-06
3.20327e-06
3.21517e-06
3.22971e-06
3.24769e-06
3.27015e-06
3.29841e-06
3.33441e-06
3.38287e-06
3.46239e-06
3.66174e-06
9.93117e-06
0.000200837
0.000465739
0.000477509
0.000222766
3.15043e-05
4.47864e-06
3.30229e-06
3.1196e-06
3.11971e-06
3.11982e-06
3.11994e-06
3.12009e-06
3.12027e-06
3.12048e-06
3.12071e-06
3.12098e-06
3.12127e-06
3.1216e-06
3.12194e-06
3.12232e-06
3.12272e-06
3.12315e-06
3.12359e-06
3.12406e-06
3.12454e-06
3.12504e-06
3.12555e-06
3.12606e-06
3.12659e-06
3.12711e-06
3.12763e-06
3.12814e-06
3.12864e-06
3.12912e-06
3.12958e-06
3.13001e-06
3.13041e-06
3.13077e-06
3.1311e-06
3.13139e-06
3.13165e-06
3.13189e-06
3.13212e-06
3.13235e-06
3.13259e-06
3.13286e-06
3.13318e-06
3.13367e-06
3.13433e-06
3.13519e-06
3.13623e-06
3.13749e-06
3.13896e-06
3.14067e-06
3.14265e-06
3.14493e-06
3.14751e-06
3.15051e-06
3.15411e-06
3.15823e-06
3.16294e-06
3.16833e-06
3.17455e-06
3.18179e-06
3.19031e-06
3.20048e-06
3.21279e-06
3.22794e-06
3.24688e-06
3.27087e-06
3.30153e-06
3.34112e-06
3.39462e-06
3.48199e-06
3.71302e-06
1.62383e-05
0.000237116
0.000458355
0.00040446
0.000159992
1.81223e-05
3.97732e-06
3.29569e-06
3.12816e-06
3.12838e-06
3.12855e-06
3.12868e-06
3.12878e-06
3.12885e-06
3.1289e-06
3.12892e-06
3.12892e-06
3.1289e-06
3.12887e-06
3.12884e-06
3.12881e-06
3.12878e-06
3.12875e-06
3.12874e-06
3.12874e-06
3.12875e-06
3.12879e-06
3.12885e-06
3.12893e-06
3.12904e-06
3.12917e-06
3.12933e-06
3.12951e-06
3.12972e-06
3.12994e-06
3.13019e-06
3.13044e-06
3.1307e-06
3.13096e-06
3.13123e-06
3.13148e-06
3.13173e-06
3.13197e-06
3.1322e-06
3.13242e-06
3.13264e-06
3.13286e-06
3.13308e-06
3.13335e-06
3.1337e-06
3.13416e-06
3.13475e-06
3.13553e-06
3.13651e-06
3.13775e-06
3.13929e-06
3.14117e-06
3.14353e-06
3.14651e-06
3.14998e-06
3.15399e-06
3.15861e-06
3.16398e-06
3.17022e-06
3.17753e-06
3.18619e-06
3.19658e-06
3.20924e-06
3.22495e-06
3.24482e-06
3.27037e-06
3.30369e-06
3.34755e-06
3.40736e-06
3.50438e-06
3.78206e-06
2.72854e-05
0.000268198
0.000442456
0.000331767
0.000108414
1.12227e-05
3.69676e-06
3.30349e-06
)
;

boundaryField
{
    walls
    {
        type            fixedValue;
        value           uniform 0;
    }
    frontAndBack
    {
        type            empty;
    }
    farfield
    {
        type            calculated;
        value           nonuniform List<scalar> 
76
(
3.12816e-06
3.12838e-06
3.12855e-06
3.12868e-06
3.12878e-06
3.12885e-06
3.1289e-06
3.12892e-06
3.12892e-06
3.1289e-06
3.12887e-06
3.12884e-06
3.12881e-06
3.12878e-06
3.12875e-06
3.12874e-06
3.12874e-06
3.12875e-06
3.12879e-06
3.12885e-06
3.12893e-06
3.12904e-06
3.12917e-06
3.12933e-06
3.12951e-06
3.12972e-06
3.12994e-06
3.13019e-06
3.13044e-06
3.1307e-06
3.13096e-06
3.13123e-06
3.13148e-06
3.13173e-06
3.13197e-06
3.1322e-06
3.13242e-06
3.13264e-06
3.13286e-06
3.13308e-06
3.13335e-06
3.1337e-06
3.13416e-06
3.13475e-06
3.13553e-06
3.13651e-06
3.13775e-06
3.13929e-06
3.14117e-06
3.14353e-06
3.14651e-06
3.14998e-06
3.15399e-06
3.15861e-06
3.16398e-06
3.17022e-06
3.17753e-06
3.18619e-06
3.19658e-06
3.20924e-06
3.22495e-06
3.24482e-06
3.27037e-06
3.30369e-06
3.34755e-06
3.40736e-06
3.50438e-06
3.78206e-06
2.72854e-05
0.000268198
0.000442456
0.000331767
0.000108414
1.12227e-05
3.69676e-06
3.30349e-06
)
;
    }
    procBoundary1to0
    {
        type            processor;
        value           nonuniform List<scalar> 
101
(
8.27094e-12
7.80556e-10
7.41984e-09
3.50927e-08
1.17061e-07
3.14776e-07
7.2719e-07
1.49303e-06
2.77785e-06
4.74102e-06
7.49148e-06
1.10516e-05
1.53476e-05
1.53476e-05
1.87814e-05
2.38284e-05
2.91962e-05
3.47859e-05
4.05682e-05
4.66156e-05
5.31273e-05
6.0454e-05
6.91368e-05
8.00137e-05
9.46846e-05
0.00011807
0.000150707
0.000150707
0.000196959
0.000245457
0.000302637
0.000370107
0.000450102
0.000545353
0.000658953
0.000794436
0.000955877
0.00114797
0.00137611
0.00164613
0.00195548
0.0022802
0.00260742
0.00293065
0.00324373
0.00353823
0.00380226
0.00401955
0.00416853
0.00422112
0.00414148
0.00388531
0.00340147
0.00264278
0.00163233
0.000708811
0.000223753
3.90896e-05
7.92728e-06
4.45111e-06
3.80898e-06
3.61751e-06
3.52143e-06
3.45478e-06
3.40288e-06
3.36073e-06
3.32571e-06
3.29616e-06
3.27102e-06
3.24955e-06
3.23119e-06
3.21546e-06
3.20196e-06
3.19037e-06
3.18045e-06
3.172e-06
3.16486e-06
3.15886e-06
3.15388e-06
3.14976e-06
3.14635e-06
3.14356e-06
3.14127e-06
3.13946e-06
3.13808e-06
3.13709e-06
3.13635e-06
3.13574e-06
3.13519e-06
3.13472e-06
3.13439e-06
3.13425e-06
3.13409e-06
3.13358e-06
3.13266e-06
3.1312e-06
3.12914e-06
3.12584e-06
3.12178e-06
3.11949e-06
3.12791e-06
)
;
    }
    procBoundary1to3
    {
        type            processor;
        value           nonuniform List<scalar> 
101
(
6.7181e-12
5.47042e-10
4.25919e-09
1.63447e-08
4.51471e-08
1.06374e-07
2.5589e-07
6.78481e-07
1.778e-06
4.40565e-06
1.00746e-05
2.08381e-05
3.86075e-05
6.40832e-05
9.63411e-05
0.000133827
0.00017542
0.000213085
0.000245411
0.000272806
0.000295092
0.000311343
0.000319405
0.000319318
0.000312863
0.000303466
0.000293967
0.000285741
0.00028106
0.000281823
0.000289605
0.000305554
0.000330316
0.000363094
0.00040307
0.000448489
0.000498233
0.000551454
0.000609222
0.00067006
0.000733138
0.000796148
0.000864199
0.000934649
0.00100548
0.00108096
0.00115944
0.00124186
0.00132938
0.00132938
0.000700888
0.0003091
0.000297692
0.000284956
0.000271127
0.000256417
0.000240981
0.000224892
0.000208244
0.00019111
0.000173593
0.000155891
0.000138278
0.000121038
0.000104405
8.86317e-05
7.3996e-05
6.07832e-05
4.92569e-05
3.94781e-05
3.14031e-05
2.4889e-05
1.97493e-05
1.57707e-05
1.274e-05
1.04336e-05
8.7026e-06
7.40428e-06
6.42684e-06
5.71173e-06
5.18241e-06
4.77071e-06
4.44537e-06
4.18528e-06
3.97619e-06
3.80339e-06
3.65693e-06
3.53677e-06
3.44327e-06
3.3778e-06
3.33193e-06
3.29865e-06
3.27868e-06
3.26687e-06
3.26038e-06
3.25784e-06
3.25863e-06
3.26363e-06
3.27299e-06
3.28626e-06
3.29764e-06
)
;
    }
}


// ************************************************************************* //
