/*--------------------------------*- C++ -*----------------------------------*\
| =========                 |                                                 |
| \\      /  F ield         | OpenFOAM: The Open Source CFD Toolbox           |
|  \\    /   O peration     | Version:  2412                                  |
|   \\  /    A nd           | Website:  www.openfoam.com                      |
|    \\/     M anipulation  |                                                 |
\*---------------------------------------------------------------------------*/
FoamFile
{
    version     2.0;
    format      ascii;
    arch        "LSB;label=32;scalar=64";
    class       volScalarField;
    location    "80";
    object      nut;
}
// * * * * * * * * * * * * * * * * * * * * * * * * * * * * * * * * * * * * * //

dimensions      [0 2 -1 0 0 0 0];

internalField   nonuniform List<scalar> 
7448
(
1.94064e-11
1.93756e-11
1.93404e-11
1.92969e-11
1.92453e-11
1.91874e-11
1.91231e-11
1.90519e-11
1.89752e-11
1.88937e-11
1.88069e-11
1.87165e-11
1.86229e-11
1.8528e-11
1.84299e-11
1.83294e-11
1.82274e-11
1.81225e-11
1.80163e-11
1.79098e-11
1.7803e-11
1.76962e-11
1.75886e-11
1.74805e-11
1.73712e-11
1.72597e-11
1.7144e-11
1.7021e-11
1.68839e-11
1.67283e-11
1.65563e-11
1.63982e-11
1.63511e-11
1.65959e-11
1.72682e-11
1.82357e-11
1.91755e-11
1.98798e-11
2.03025e-11
2.05033e-11
2.05409e-11
2.04755e-11
2.03387e-11
2.01584e-11
1.99516e-11
1.97305e-11
1.95016e-11
1.92709e-11
1.90415e-11
1.8818e-11
1.85997e-11
1.83866e-11
1.81799e-11
1.79771e-11
1.77793e-11
1.75866e-11
1.7397e-11
1.72106e-11
1.70273e-11
1.68466e-11
1.66692e-11
1.64922e-11
1.63162e-11
1.61426e-11
1.59708e-11
1.57999e-11
1.56291e-11
1.54598e-11
1.52922e-11
1.51266e-11
1.49608e-11
1.47971e-11
1.46349e-11
1.44742e-11
1.43164e-11
1.41592e-11
1.40039e-11
1.38508e-11
1.37003e-11
1.35535e-11
1.34057e-11
1.51077e-09
1.50958e-09
1.50853e-09
1.50705e-09
1.50508e-09
1.50274e-09
1.50002e-09
1.49686e-09
1.49335e-09
1.48958e-09
1.48547e-09
1.48112e-09
1.47657e-09
1.47192e-09
1.46704e-09
1.46195e-09
1.45676e-09
1.45133e-09
1.44577e-09
1.44017e-09
1.4345e-09
1.4288e-09
1.42295e-09
1.41699e-09
1.41082e-09
1.40429e-09
1.39709e-09
1.38887e-09
1.37892e-09
1.36671e-09
1.35281e-09
1.34137e-09
1.34458e-09
1.38479e-09
1.4797e-09
1.61539e-09
1.75186e-09
1.86015e-09
1.93136e-09
1.97181e-09
1.98853e-09
1.98959e-09
1.97963e-09
1.96289e-09
1.94177e-09
1.91835e-09
1.89366e-09
1.8687e-09
1.84395e-09
1.81993e-09
1.79663e-09
1.77417e-09
1.7526e-09
1.73175e-09
1.7116e-09
1.69209e-09
1.67308e-09
1.65456e-09
1.63647e-09
1.61872e-09
1.60129e-09
1.58407e-09
1.56705e-09
1.55026e-09
1.53365e-09
1.51712e-09
1.50068e-09
1.48445e-09
1.46834e-09
1.45239e-09
1.43648e-09
1.42076e-09
1.40518e-09
1.38975e-09
1.37453e-09
1.35942e-09
1.34453e-09
1.32983e-09
1.3154e-09
1.3013e-09
1.28713e-09
1.28371e-08
1.28309e-08
1.28272e-08
1.282e-08
1.28096e-08
1.27963e-08
1.27801e-08
1.27608e-08
1.27387e-08
1.27144e-08
1.26881e-08
1.26602e-08
1.26307e-08
1.26005e-08
1.2569e-08
1.25357e-08
1.25015e-08
1.24662e-08
1.24293e-08
1.23924e-08
1.23548e-08
1.23167e-08
1.22776e-08
1.2237e-08
1.21944e-08
1.21478e-08
1.2094e-08
1.20292e-08
1.19477e-08
1.18449e-08
1.17301e-08
1.16511e-08
1.17411e-08
1.22426e-08
1.33595e-08
1.49539e-08
1.65769e-08
1.78856e-08
1.87669e-08
1.92885e-08
1.95299e-08
1.95848e-08
1.95077e-08
1.93491e-08
1.91369e-08
1.88965e-08
1.86405e-08
1.83813e-08
1.8124e-08
1.78747e-08
1.76336e-08
1.74026e-08
1.71815e-08
1.69693e-08
1.67656e-08
1.65692e-08
1.63788e-08
1.61941e-08
1.60144e-08
1.58385e-08
1.5666e-08
1.54964e-08
1.5329e-08
1.51641e-08
1.50007e-08
1.48387e-08
1.46778e-08
1.4519e-08
1.43612e-08
1.42047e-08
1.40493e-08
1.38955e-08
1.3743e-08
1.35919e-08
1.34427e-08
1.32947e-08
1.31492e-08
1.30054e-08
1.2864e-08
1.27259e-08
1.25874e-08
6.01907e-08
6.01292e-08
6.00678e-08
5.9986e-08
5.98885e-08
5.97739e-08
5.96463e-08
5.95035e-08
5.93485e-08
5.91824e-08
5.90076e-08
5.88259e-08
5.86403e-08
5.84525e-08
5.826e-08
5.80635e-08
5.78646e-08
5.76627e-08
5.74575e-08
5.72525e-08
5.70469e-08
5.68411e-08
5.6633e-08
5.64197e-08
5.61972e-08
5.59582e-08
5.5688e-08
5.53691e-08
5.498e-08
5.45127e-08
5.40291e-08
5.37866e-08
5.44479e-08
5.72247e-08
6.31954e-08
7.16836e-08
8.03072e-08
8.72508e-08
9.19378e-08
9.47394e-08
9.60768e-08
9.64397e-08
9.61112e-08
9.53543e-08
9.43136e-08
9.31233e-08
9.18469e-08
9.05534e-08
8.92676e-08
8.80215e-08
8.68169e-08
8.56636e-08
8.45615e-08
8.3506e-08
8.24943e-08
8.15214e-08
8.05801e-08
7.96677e-08
7.87801e-08
7.79125e-08
7.70636e-08
7.62291e-08
7.54057e-08
7.45942e-08
7.37902e-08
7.29948e-08
7.22049e-08
7.14245e-08
7.06484e-08
6.9879e-08
6.91153e-08
6.83584e-08
6.76085e-08
6.6866e-08
6.61319e-08
6.54049e-08
6.46887e-08
6.39815e-08
6.32859e-08
6.26056e-08
6.19253e-08
2.25332e-07
2.24893e-07
2.24395e-07
2.23793e-07
2.2311e-07
2.2235e-07
2.21523e-07
2.20632e-07
2.19681e-07
2.18679e-07
2.17639e-07
2.16567e-07
2.15478e-07
2.1438e-07
2.13271e-07
2.12149e-07
2.11024e-07
2.09894e-07
2.08761e-07
2.07634e-07
2.06513e-07
2.05398e-07
2.04285e-07
2.03166e-07
2.02027e-07
2.00845e-07
1.99585e-07
1.982e-07
1.96651e-07
1.94965e-07
1.93423e-07
1.92951e-07
1.95745e-07
2.05763e-07
2.26506e-07
2.55344e-07
2.84012e-07
3.06697e-07
3.21836e-07
3.3081e-07
3.35033e-07
3.36093e-07
3.34901e-07
3.32315e-07
3.28796e-07
3.24782e-07
3.20476e-07
3.16112e-07
3.11765e-07
3.07544e-07
3.03453e-07
2.99528e-07
2.95768e-07
2.9216e-07
2.8869e-07
2.85347e-07
2.82109e-07
2.78963e-07
2.75896e-07
2.72895e-07
2.69953e-07
2.67059e-07
2.642e-07
2.61378e-07
2.58581e-07
2.55812e-07
2.53061e-07
2.50339e-07
2.47633e-07
2.4495e-07
2.42284e-07
2.39639e-07
2.3702e-07
2.34425e-07
2.31859e-07
2.2932e-07
2.26815e-07
2.24343e-07
2.2191e-07
2.19529e-07
2.17155e-07
7.36823e-07
7.35114e-07
7.33094e-07
7.30671e-07
7.27919e-07
7.24869e-07
7.2155e-07
7.17979e-07
7.14172e-07
7.10157e-07
7.05973e-07
7.01664e-07
6.97265e-07
6.92817e-07
6.8832e-07
6.83772e-07
6.7919e-07
6.74588e-07
6.6997e-07
6.65363e-07
6.60774e-07
6.562e-07
6.51636e-07
6.47065e-07
6.42455e-07
6.37749e-07
6.32876e-07
6.27761e-07
6.22385e-07
6.16989e-07
6.12587e-07
6.11961e-07
6.21015e-07
6.49072e-07
7.02154e-07
7.70971e-07
8.36202e-07
8.86331e-07
9.19041e-07
9.3787e-07
9.46021e-07
9.47053e-07
9.42967e-07
9.3571e-07
9.26307e-07
9.15762e-07
9.04538e-07
8.93177e-07
8.81842e-07
8.70784e-07
8.6002e-07
8.49631e-07
8.39613e-07
8.29934e-07
8.20567e-07
8.11488e-07
8.02645e-07
7.94008e-07
7.85552e-07
7.77247e-07
7.69069e-07
7.60997e-07
7.53002e-07
7.4509e-07
7.37239e-07
7.29452e-07
7.21709e-07
7.14025e-07
7.06388e-07
6.98807e-07
6.91272e-07
6.83796e-07
6.76382e-07
6.69033e-07
6.61764e-07
6.54571e-07
6.47473e-07
6.40473e-07
6.33576e-07
6.26822e-07
6.20102e-07
2.17965e-06
2.17428e-06
2.16775e-06
2.15983e-06
2.1508e-06
2.14078e-06
2.12982e-06
2.11801e-06
2.10539e-06
2.09207e-06
2.07815e-06
2.06377e-06
2.04906e-06
2.03412e-06
2.019e-06
2.00369e-06
1.98824e-06
1.97269e-06
1.95707e-06
1.94145e-06
1.92587e-06
1.91032e-06
1.89479e-06
1.87928e-06
1.86371e-06
1.84799e-06
1.83201e-06
1.81572e-06
1.79929e-06
1.78365e-06
1.77158e-06
1.76965e-06
1.78942e-06
1.84458e-06
1.93832e-06
2.05079e-06
2.15234e-06
2.22768e-06
2.27466e-06
2.29934e-06
2.30676e-06
2.30262e-06
2.29006e-06
2.27228e-06
2.25092e-06
2.22767e-06
2.20328e-06
2.17867e-06
2.15408e-06
2.12996e-06
2.10631e-06
2.08328e-06
2.06085e-06
2.03898e-06
2.01761e-06
1.9967e-06
1.97618e-06
1.95599e-06
1.93607e-06
1.91641e-06
1.89694e-06
1.87764e-06
1.85846e-06
1.83941e-06
1.82046e-06
1.80162e-06
1.78286e-06
1.76421e-06
1.74564e-06
1.72719e-06
1.70884e-06
1.69063e-06
1.67255e-06
1.65462e-06
1.63688e-06
1.61933e-06
1.60199e-06
1.5849e-06
1.56805e-06
1.55155e-06
1.53515e-06
5.68442e-06
5.66414e-06
5.64095e-06
5.61457e-06
5.58562e-06
5.5544e-06
5.52111e-06
5.48587e-06
5.44889e-06
5.41032e-06
5.37039e-06
5.32938e-06
5.28758e-06
5.24525e-06
5.20251e-06
5.15946e-06
5.11619e-06
5.07275e-06
5.02925e-06
4.9858e-06
4.94251e-06
4.89943e-06
4.85655e-06
4.81388e-06
4.77135e-06
4.72885e-06
4.68629e-06
4.64368e-06
4.60142e-06
4.56102e-06
4.5267e-06
4.50774e-06
4.51917e-06
4.57629e-06
4.67891e-06
4.80024e-06
4.90548e-06
4.97836e-06
5.01718e-06
5.02946e-06
5.021e-06
4.99868e-06
4.96614e-06
4.92732e-06
4.88412e-06
4.83868e-06
4.79181e-06
4.74473e-06
4.69764e-06
4.65116e-06
4.60522e-06
4.56005e-06
4.51561e-06
4.4718e-06
4.42859e-06
4.3859e-06
4.34364e-06
4.30175e-06
4.26017e-06
4.21882e-06
4.17771e-06
4.13677e-06
4.09593e-06
4.05524e-06
4.01466e-06
3.97419e-06
3.93388e-06
3.89368e-06
3.85365e-06
3.81381e-06
3.77416e-06
3.73477e-06
3.69566e-06
3.65688e-06
3.61848e-06
3.58047e-06
3.54288e-06
3.50587e-06
3.46935e-06
3.43357e-06
3.39807e-06
1.23519e-05
1.22937e-05
1.2231e-05
1.21635e-05
1.20919e-05
1.20169e-05
1.19386e-05
1.18575e-05
1.17738e-05
1.16876e-05
1.15994e-05
1.15095e-05
1.14182e-05
1.13261e-05
1.12334e-05
1.11405e-05
1.10475e-05
1.09545e-05
1.08616e-05
1.0769e-05
1.06769e-05
1.05853e-05
1.04944e-05
1.04042e-05
1.03146e-05
1.02256e-05
1.01371e-05
1.00492e-05
9.96228e-06
9.87806e-06
9.80095e-06
9.74042e-06
9.71143e-06
9.72831e-06
9.78922e-06
9.8668e-06
9.92768e-06
9.95729e-06
9.95444e-06
9.92678e-06
9.8796e-06
9.81968e-06
9.75014e-06
9.67491e-06
9.59559e-06
9.51434e-06
9.43171e-06
9.34903e-06
9.26627e-06
9.18418e-06
9.10251e-06
9.02155e-06
8.94124e-06
8.86145e-06
8.78211e-06
8.70316e-06
8.6245e-06
8.54606e-06
8.46779e-06
8.38962e-06
8.3116e-06
8.23364e-06
8.15564e-06
8.07771e-06
7.99987e-06
7.92207e-06
7.84446e-06
7.76695e-06
7.68972e-06
7.61277e-06
7.53614e-06
7.45995e-06
7.38428e-06
7.3092e-06
7.23483e-06
7.16123e-06
7.08838e-06
7.01669e-06
6.94589e-06
6.87647e-06
6.80769e-06
2.28606e-05
2.27333e-05
2.26021e-05
2.24655e-05
2.23243e-05
2.21792e-05
2.20305e-05
2.18789e-05
2.17246e-05
2.15677e-05
2.14085e-05
2.12473e-05
2.10843e-05
2.09203e-05
2.07561e-05
2.05919e-05
2.04282e-05
2.0265e-05
2.01024e-05
1.99406e-05
1.97799e-05
1.96203e-05
1.9462e-05
1.93051e-05
1.91496e-05
1.89955e-05
1.88428e-05
1.86916e-05
1.85422e-05
1.83963e-05
1.82575e-05
1.81336e-05
1.8037e-05
1.79788e-05
1.79569e-05
1.79483e-05
1.79255e-05
1.78776e-05
1.78037e-05
1.77106e-05
1.76024e-05
1.74847e-05
1.73596e-05
1.72306e-05
1.70983e-05
1.6965e-05
1.68305e-05
1.66963e-05
1.65618e-05
1.64279e-05
1.62942e-05
1.61609e-05
1.60281e-05
1.58954e-05
1.57628e-05
1.56303e-05
1.54977e-05
1.5365e-05
1.52321e-05
1.50991e-05
1.4966e-05
1.48327e-05
1.4699e-05
1.45653e-05
1.44315e-05
1.42976e-05
1.41639e-05
1.40303e-05
1.3897e-05
1.37641e-05
1.36317e-05
1.35e-05
1.33691e-05
1.32392e-05
1.31105e-05
1.29831e-05
1.28569e-05
1.27327e-05
1.261e-05
1.24896e-05
1.23704e-05
3.73016e-05
3.70727e-05
3.68435e-05
3.66104e-05
3.6374e-05
3.61345e-05
3.58924e-05
3.56485e-05
3.54032e-05
3.51562e-05
3.49075e-05
3.46571e-05
3.4405e-05
3.41521e-05
3.38995e-05
3.36479e-05
3.33977e-05
3.31489e-05
3.29016e-05
3.2656e-05
3.24122e-05
3.21704e-05
3.19307e-05
3.16932e-05
3.1458e-05
3.12251e-05
3.09945e-05
3.07665e-05
3.05413e-05
3.032e-05
3.01054e-05
2.99031e-05
2.97217e-05
2.95686e-05
2.94419e-05
2.93244e-05
2.91967e-05
2.90514e-05
2.88878e-05
2.87118e-05
2.85255e-05
2.83337e-05
2.81369e-05
2.79381e-05
2.77371e-05
2.7536e-05
2.73339e-05
2.71323e-05
2.69302e-05
2.67287e-05
2.65269e-05
2.63252e-05
2.61235e-05
2.59214e-05
2.5719e-05
2.55162e-05
2.53128e-05
2.51088e-05
2.49043e-05
2.46991e-05
2.44933e-05
2.42872e-05
2.40803e-05
2.3873e-05
2.36654e-05
2.34576e-05
2.32499e-05
2.30421e-05
2.28349e-05
2.26281e-05
2.2422e-05
2.2217e-05
2.20131e-05
2.18107e-05
2.16101e-05
2.14115e-05
2.12147e-05
2.10209e-05
2.08295e-05
2.06414e-05
2.04555e-05
5.52435e-05
5.48857e-05
5.45344e-05
5.41832e-05
5.38314e-05
5.34791e-05
5.31264e-05
5.27745e-05
5.24238e-05
5.20735e-05
5.17232e-05
5.13723e-05
5.10203e-05
5.0668e-05
5.03168e-05
4.9968e-05
4.96221e-05
4.92789e-05
4.89385e-05
4.86008e-05
4.8266e-05
4.79339e-05
4.76049e-05
4.7279e-05
4.69563e-05
4.66367e-05
4.63203e-05
4.60073e-05
4.56978e-05
4.53926e-05
4.50936e-05
4.48043e-05
4.45299e-05
4.42745e-05
4.40363e-05
4.3804e-05
4.35648e-05
4.33147e-05
4.30529e-05
4.27844e-05
4.25095e-05
4.22323e-05
4.1952e-05
4.16713e-05
4.13893e-05
4.11078e-05
4.08252e-05
4.05434e-05
4.02608e-05
3.99787e-05
3.96957e-05
3.94124e-05
3.91286e-05
3.88439e-05
3.85584e-05
3.82719e-05
3.79843e-05
3.76955e-05
3.74056e-05
3.71146e-05
3.68226e-05
3.65298e-05
3.62358e-05
3.59411e-05
3.56458e-05
3.53501e-05
3.50544e-05
3.47586e-05
3.44635e-05
3.41689e-05
3.38753e-05
3.35831e-05
3.32925e-05
3.30039e-05
3.27178e-05
3.24345e-05
3.21539e-05
3.18773e-05
3.16041e-05
3.13352e-05
3.10701e-05
7.59582e-05
7.54533e-05
7.4964e-05
7.44805e-05
7.40006e-05
7.35238e-05
7.30501e-05
7.25809e-05
7.21163e-05
7.16554e-05
7.11971e-05
7.074e-05
7.02829e-05
6.98263e-05
6.9372e-05
6.89217e-05
6.84761e-05
6.80348e-05
6.75978e-05
6.71648e-05
6.67357e-05
6.63103e-05
6.58888e-05
6.54713e-05
6.50578e-05
6.46481e-05
6.42421e-05
6.38402e-05
6.34421e-05
6.30485e-05
6.26604e-05
6.22799e-05
6.19095e-05
6.15512e-05
6.12032e-05
6.08586e-05
6.05094e-05
6.01543e-05
5.97919e-05
5.94267e-05
5.90578e-05
5.86888e-05
5.83175e-05
5.79471e-05
5.75755e-05
5.7205e-05
5.68332e-05
5.64624e-05
5.60902e-05
5.57185e-05
5.53454e-05
5.49714e-05
5.45966e-05
5.42204e-05
5.38428e-05
5.34636e-05
5.30828e-05
5.27003e-05
5.23162e-05
5.19303e-05
5.15431e-05
5.11547e-05
5.07648e-05
5.03737e-05
4.99819e-05
4.95894e-05
4.91969e-05
4.88043e-05
4.84124e-05
4.80214e-05
4.76316e-05
4.72436e-05
4.68577e-05
4.64744e-05
4.60943e-05
4.5718e-05
4.53452e-05
4.49775e-05
4.46143e-05
4.42566e-05
4.39042e-05
9.86852e-05
9.80235e-05
9.73873e-05
9.67637e-05
9.61487e-05
9.5541e-05
9.49403e-05
9.43484e-05
9.37655e-05
9.31899e-05
9.26204e-05
9.20544e-05
9.14898e-05
9.09267e-05
9.03674e-05
8.98137e-05
8.92668e-05
8.8726e-05
8.8191e-05
8.76614e-05
8.7137e-05
8.66172e-05
8.6102e-05
8.55916e-05
8.5086e-05
8.45846e-05
8.40873e-05
8.35943e-05
8.31053e-05
8.26205e-05
8.21405e-05
8.16664e-05
8.11991e-05
8.07391e-05
8.0285e-05
7.98325e-05
7.9377e-05
7.89186e-05
7.84556e-05
7.79922e-05
7.75264e-05
7.70617e-05
7.65952e-05
7.61299e-05
7.56636e-05
7.51985e-05
7.47319e-05
7.42663e-05
7.3799e-05
7.33321e-05
7.28631e-05
7.2393e-05
7.19216e-05
7.14485e-05
7.09734e-05
7.04962e-05
7.00169e-05
6.95356e-05
6.90521e-05
6.85666e-05
6.80791e-05
6.75903e-05
6.70996e-05
6.66077e-05
6.61146e-05
6.56208e-05
6.5127e-05
6.46332e-05
6.41402e-05
6.36484e-05
6.31581e-05
6.26702e-05
6.21848e-05
6.17028e-05
6.12247e-05
6.07514e-05
6.02824e-05
5.98196e-05
5.93627e-05
5.8912e-05
5.84689e-05
0.000122826
0.000122004
0.000121216
0.000120447
0.000119693
0.00011895
0.000118217
0.000117499
0.000116793
0.000116099
0.000115415
0.000114737
0.000114062
0.000113391
0.000112724
0.000112064
0.000111413
0.000110771
0.000110136
0.000109508
0.000108886
0.000108269
0.000107658
0.000107053
0.000106453
0.000105857
0.000105266
0.00010468
0.000104097
0.000103518
0.000102943
0.000102372
0.000101806
0.000101244
0.000100686
0.000100128
9.95682e-05
9.9007e-05
9.84428e-05
9.78792e-05
9.73139e-05
9.67502e-05
9.61847e-05
9.56206e-05
9.50553e-05
9.44914e-05
9.39256e-05
9.33608e-05
9.27941e-05
9.22276e-05
9.16588e-05
9.10884e-05
9.05166e-05
8.99427e-05
8.93666e-05
8.87879e-05
8.82069e-05
8.76235e-05
8.70377e-05
8.64494e-05
8.5859e-05
8.52672e-05
8.46731e-05
8.40778e-05
8.34812e-05
8.2884e-05
8.22867e-05
8.16898e-05
8.10939e-05
8.04995e-05
7.99071e-05
7.93175e-05
7.87312e-05
7.81488e-05
7.75713e-05
7.69994e-05
7.64329e-05
7.58737e-05
7.53216e-05
7.47766e-05
7.42414e-05
0.000148018
0.000147033
0.000146091
0.000145174
0.000144274
0.000143391
0.000142522
0.000141671
0.000140837
0.000140019
0.000139214
0.000138419
0.000137629
0.000136843
0.000136063
0.000135293
0.000134533
0.000133783
0.000133043
0.000132311
0.000131586
0.000130868
0.000130157
0.000129451
0.000128752
0.000128057
0.000127367
0.000126681
0.000125999
0.00012532
0.000124645
0.000123973
0.000123304
0.000122638
0.000121973
0.000121308
0.000120642
0.000119976
0.000119307
0.000118639
0.00011797
0.000117302
0.000116633
0.000115965
0.000115296
0.000114628
0.000113958
0.000113289
0.000112618
0.000111947
0.000111274
0.000110599
0.000109922
0.000109243
0.000108562
0.000107879
0.000107192
0.000106503
0.000105812
0.000105118
0.000104422
0.000103725
0.000103025
0.000102324
0.000101622
0.000100919
0.000100217
9.95149e-05
9.88145e-05
9.81161e-05
9.74202e-05
9.67278e-05
9.60394e-05
9.53558e-05
9.46778e-05
9.40065e-05
9.33417e-05
9.26851e-05
9.20371e-05
9.1397e-05
9.07692e-05
0.000174106
0.00017296
0.000171862
0.000170792
0.000169744
0.000168714
0.000167701
0.000166709
0.000165739
0.000164788
0.000163854
0.000162933
0.000162018
0.000161109
0.000160208
0.000159318
0.00015844
0.000157574
0.000156719
0.000155874
0.000155039
0.00015421
0.000153389
0.000152575
0.000151767
0.000150965
0.000150167
0.000149373
0.000148583
0.000147796
0.000147012
0.00014623
0.000145451
0.000144673
0.000143896
0.000143119
0.00014234
0.000141562
0.000140781
0.000140002
0.000139222
0.000138443
0.000137662
0.000136882
0.000136102
0.000135322
0.000134541
0.000133761
0.000132978
0.000132197
0.000131412
0.000130627
0.000129839
0.00012905
0.000128258
0.000127464
0.000126667
0.000125868
0.000125066
0.000124262
0.000123456
0.000122649
0.00012184
0.000121029
0.000120218
0.000119407
0.000118596
0.000117786
0.000116979
0.000116174
0.000115372
0.000114574
0.000113782
0.000112995
0.000112214
0.000111442
0.000110677
0.000109921
0.000109175
0.000108438
0.000107717
0.000201078
0.000199778
0.000198525
0.000197302
0.000196101
0.000194918
0.000193754
0.000192612
0.000191495
0.0001904
0.000189326
0.000188266
0.000187216
0.000186173
0.000185138
0.000184115
0.000183106
0.000182111
0.000181129
0.000180159
0.000179199
0.000178248
0.000177305
0.000176369
0.000175441
0.000174518
0.0001736
0.000172686
0.000171776
0.000170869
0.000169964
0.000169061
0.000168159
0.000167259
0.000166359
0.000165459
0.000164558
0.000163657
0.000162754
0.000161853
0.00016095
0.000160049
0.000159146
0.000158245
0.000157342
0.000156441
0.000155539
0.000154637
0.000153734
0.000152832
0.000151928
0.000151022
0.000150115
0.000149207
0.000148296
0.000147383
0.000146469
0.000145552
0.000144633
0.000143711
0.000142788
0.000141865
0.00014094
0.000140014
0.000139088
0.000138163
0.000137238
0.000136316
0.000135396
0.000134479
0.000133567
0.00013266
0.000131758
0.000130864
0.000129977
0.000129099
0.00012823
0.000127372
0.000126525
0.000125688
0.000124869
0.000228991
0.000227554
0.000226156
0.000224783
0.000223428
0.00022209
0.000220769
0.000219469
0.000218195
0.000216945
0.000215718
0.000214508
0.000213308
0.000212116
0.000210933
0.000209763
0.000208608
0.000207469
0.000206344
0.000205233
0.000204133
0.000203043
0.000201962
0.000200889
0.000199824
0.000198765
0.000197711
0.000196662
0.000195616
0.000194573
0.000193532
0.000192492
0.000191455
0.000190417
0.00018938
0.000188343
0.000187305
0.000186268
0.000185229
0.000184191
0.000183152
0.000182115
0.000181077
0.00018004
0.000179002
0.000177966
0.000176929
0.000175893
0.000174857
0.000173822
0.000172786
0.000171748
0.00017071
0.000169671
0.000168631
0.000167589
0.000166545
0.0001655
0.000164454
0.000163406
0.000162357
0.000161308
0.000160258
0.000159209
0.000158159
0.000157112
0.000156065
0.000155022
0.000153982
0.000152947
0.000151917
0.000150893
0.000149877
0.000148868
0.000147868
0.000146879
0.0001459
0.000144933
0.000143979
0.000143037
0.000142115
0.00025791
0.00025637
0.00025485
0.000253342
0.000251843
0.000250353
0.000248875
0.000247414
0.000245976
0.000244563
0.000243172
0.000241799
0.000240436
0.000239082
0.000237735
0.000236402
0.000235085
0.000233785
0.0002325
0.000231229
0.000229971
0.000228725
0.000227487
0.000226259
0.000225039
0.000223826
0.000222618
0.000221415
0.000220215
0.000219018
0.000217823
0.000216629
0.000215437
0.000214246
0.000213054
0.000211862
0.00021067
0.000209479
0.000208287
0.000207095
0.000205904
0.000204714
0.000203523
0.000202333
0.000201144
0.000199957
0.00019877
0.000197585
0.0001964
0.000195216
0.000194033
0.000192849
0.000191666
0.000190482
0.000189298
0.000188114
0.000186928
0.000185742
0.000184556
0.000183369
0.000182181
0.000180995
0.000179809
0.000178624
0.000177441
0.00017626
0.000175081
0.000173907
0.000172737
0.000171574
0.000170416
0.000169266
0.000168125
0.000166993
0.000165872
0.000164762
0.000163665
0.000162581
0.000161513
0.000160456
0.000159425
0.000287867
0.00028628
0.00028468
0.000283071
0.000281452
0.000279827
0.000278202
0.000276585
0.000274985
0.000273404
0.000271844
0.000270299
0.000268764
0.000267235
0.000265713
0.000264203
0.000262707
0.000261229
0.000259766
0.000258319
0.000256885
0.000255462
0.000254049
0.000252646
0.000251252
0.000249864
0.000248482
0.000247105
0.000245732
0.000244361
0.000242991
0.000241624
0.000240257
0.000238891
0.000237525
0.000236159
0.000234794
0.000233429
0.000232063
0.000230699
0.000229334
0.000227972
0.000226609
0.000225249
0.000223889
0.000222532
0.000221176
0.000219823
0.000218471
0.000217122
0.000215774
0.000214426
0.000213081
0.000211736
0.000210392
0.000209048
0.000207705
0.000206363
0.000205021
0.00020368
0.00020234
0.000201002
0.000199666
0.000198332
0.000197001
0.000195673
0.00019435
0.000193032
0.00019172
0.000190415
0.000189118
0.000187831
0.000186553
0.000185287
0.000184033
0.000182792
0.000181566
0.000180355
0.000179161
0.000177981
0.00017683
0.000318814
0.000317271
0.000315664
0.00031401
0.000312316
0.000310593
0.000308849
0.000307096
0.000305346
0.000303607
0.00030188
0.000300164
0.000298454
0.000296745
0.000295038
0.00029334
0.000291655
0.000289984
0.000288329
0.000286688
0.00028506
0.000283444
0.000281837
0.00028024
0.000278651
0.000277069
0.000275493
0.000273922
0.000272353
0.000270787
0.000269223
0.00026766
0.000266097
0.000264536
0.000262974
0.000261413
0.000259851
0.000258291
0.00025673
0.000255171
0.000253613
0.000252057
0.000250501
0.000248948
0.000247397
0.000245849
0.000244304
0.000242762
0.000241223
0.000239688
0.000238156
0.000236626
0.000235098
0.000233573
0.000232051
0.00023053
0.000229011
0.000227495
0.00022598
0.000224468
0.000222958
0.000221452
0.000219949
0.00021845
0.000216955
0.000215466
0.000213982
0.000212505
0.000211036
0.000209576
0.000208126
0.000206686
0.000205259
0.000203844
0.000202444
0.00020106
0.000199691
0.000198341
0.000197009
0.000195694
0.000194411
0.000350602
0.000349232
0.000347727
0.00034612
0.000344427
0.000342667
0.000340856
0.000339008
0.000337142
0.000335269
0.000333394
0.00033152
0.000329642
0.000327757
0.000325868
0.00032398
0.000322099
0.000320229
0.000318371
0.000316525
0.00031469
0.000312865
0.000311049
0.00030924
0.000307439
0.000305645
0.000303855
0.000302069
0.000300286
0.000298505
0.000296724
0.000294944
0.000293165
0.000291386
0.000289606
0.000287827
0.000286048
0.00028427
0.000282492
0.000280716
0.00027894
0.000277168
0.000275397
0.000273629
0.000271863
0.000270103
0.000268346
0.000266593
0.000264845
0.000263103
0.000261364
0.00025963
0.000257899
0.000256174
0.000254452
0.000252734
0.000251019
0.000249309
0.000247602
0.0002459
0.000244201
0.000242508
0.00024082
0.000239138
0.000237462
0.000235793
0.000234132
0.000232479
0.000230836
0.000229204
0.000227584
0.000225977
0.000224383
0.000222805
0.000221244
0.0002197
0.000218175
0.00021667
0.000215186
0.000213722
0.000212292
0.000382941
0.000381923
0.000380675
0.000379246
0.000377669
0.000375971
0.000374175
0.000372304
0.00037038
0.000368422
0.00036644
0.000364439
0.000362419
0.000360379
0.000358322
0.000356255
0.000354186
0.000352119
0.000350057
0.000348003
0.000345955
0.000343913
0.000341877
0.000339846
0.00033782
0.000335798
0.000333779
0.000331763
0.000329747
0.000327732
0.000325717
0.000323701
0.000321684
0.000319667
0.000317649
0.000315631
0.000313612
0.000311595
0.000309577
0.00030756
0.000305545
0.000303534
0.000301524
0.000299518
0.000297516
0.000295519
0.000293527
0.000291541
0.000289561
0.000287587
0.00028562
0.000283659
0.000281703
0.000279754
0.000277811
0.000275874
0.000273942
0.000272016
0.000270096
0.000268183
0.000266275
0.000264375
0.000262482
0.000260597
0.00025872
0.000256852
0.000254994
0.000253147
0.000251312
0.000249489
0.000247681
0.000245888
0.000244111
0.000242352
0.000240612
0.000238892
0.000237193
0.000235517
0.000233865
0.000232235
0.000230643
0.000415367
0.00041494
0.000414157
0.00041309
0.000411789
0.000410294
0.000408638
0.000406851
0.000404964
0.000403001
0.00040098
0.000398912
0.000396801
0.000394648
0.00039246
0.000390244
0.00038801
0.000385765
0.000383514
0.000381261
0.000379006
0.000376751
0.000374495
0.000372239
0.000369983
0.000367727
0.00036547
0.000363213
0.000360954
0.000358692
0.000356428
0.000354161
0.000351891
0.000349619
0.000347345
0.000345069
0.000342791
0.000340514
0.000338236
0.000335959
0.000333683
0.00033141
0.00032914
0.000326874
0.000324612
0.000322356
0.000320106
0.000317864
0.000315628
0.000313402
0.000311182
0.000308971
0.000306767
0.000304572
0.000302385
0.000300205
0.000298034
0.000295871
0.000293716
0.000291569
0.000289431
0.000287302
0.000285182
0.000283073
0.000280975
0.000278887
0.000276812
0.00027475
0.000272702
0.000270669
0.000268653
0.000266655
0.000264675
0.000262716
0.000260777
0.000258862
0.000256971
0.000255105
0.000253267
0.000251452
0.000249681
0.00044721
0.000447678
0.000447633
0.000447172
0.000446363
0.000445263
0.000443919
0.000442371
0.000440658
0.000438812
0.000436859
0.000434817
0.000432698
0.000430506
0.00042825
0.00042594
0.00042359
0.000421208
0.000418804
0.000416381
0.000413944
0.000411494
0.000409034
0.000406564
0.000404087
0.000401602
0.000399111
0.000396613
0.000394108
0.000391596
0.000389077
0.000386551
0.00038402
0.000381483
0.000378941
0.000376394
0.000373844
0.000371292
0.000368738
0.000366183
0.000363629
0.000361077
0.000358527
0.000355981
0.00035344
0.000350905
0.000348376
0.000345856
0.000343344
0.000340841
0.000338348
0.000335864
0.00033339
0.000330926
0.000328472
0.000326029
0.000323595
0.000321172
0.000318759
0.000316357
0.000313965
0.000311585
0.000309218
0.000306863
0.00030452
0.000302192
0.000299878
0.00029758
0.000295298
0.000293034
0.000290788
0.000288563
0.00028636
0.000284179
0.000282023
0.000279892
0.000277788
0.000275712
0.000273666
0.000271648
0.000269676
0.000477552
0.000479296
0.000480333
0.000480787
0.000480752
0.000480302
0.0004795
0.000478399
0.000477046
0.000475487
0.000473755
0.000471878
0.000469873
0.000467752
0.000465529
0.000463216
0.00046083
0.000458384
0.000455888
0.000453351
0.000450781
0.00044818
0.000445553
0.000442902
0.000440231
0.000437541
0.000434835
0.000432112
0.000429374
0.000426622
0.000423856
0.000421077
0.000418286
0.000415484
0.000412673
0.000409853
0.000407025
0.000404192
0.000401354
0.000398513
0.000395669
0.000392827
0.000389984
0.000387145
0.000384309
0.000381479
0.000378655
0.00037584
0.000373033
0.000370236
0.00036745
0.000364675
0.00036191
0.000359157
0.000356416
0.000353687
0.00035097
0.000348266
0.000345574
0.000342895
0.000340229
0.000337577
0.000334939
0.000332316
0.000329709
0.000327118
0.000324543
0.000321986
0.000319449
0.000316931
0.000314435
0.000311962
0.000309513
0.000307089
0.000304692
0.000302323
0.000299984
0.000297677
0.000295402
0.000293158
0.000290963
0.000505173
0.000508662
0.000511208
0.000512967
0.000514059
0.000514583
0.000514619
0.000514235
0.000513492
0.000512446
0.000511142
0.000509617
0.000507899
0.000506008
0.000503961
0.000501777
0.000499476
0.000497074
0.000494587
0.000492027
0.000489404
0.000486726
0.000483998
0.000481226
0.000478415
0.000475569
0.00047269
0.000469781
0.000466844
0.000463882
0.000460895
0.000457885
0.000454855
0.000451806
0.000448739
0.000445657
0.000442561
0.000439454
0.000436337
0.000433212
0.00043008
0.000426946
0.000423808
0.000420671
0.000417535
0.000414403
0.000411276
0.000408155
0.000405043
0.00040194
0.000398848
0.000395767
0.000392698
0.000389641
0.000386597
0.000383566
0.000380548
0.000377545
0.000374556
0.000371582
0.000368622
0.000365678
0.000362751
0.000359841
0.000356948
0.000354073
0.000351218
0.000348382
0.000345568
0.000342776
0.000340008
0.000337264
0.000334547
0.000331858
0.000329199
0.00032657
0.000323973
0.000321411
0.000318885
0.000316391
0.000313951
0.000528501
0.000534303
0.000538878
0.00054242
0.000545079
0.00054698
0.000548225
0.000548902
0.000549085
0.000548844
0.000548238
0.000547315
0.000546113
0.000544662
0.000542988
0.000541114
0.000539065
0.000536862
0.000534527
0.000532076
0.000529523
0.00052688
0.000524155
0.000521357
0.000518493
0.00051557
0.000512593
0.000509565
0.000506492
0.000503377
0.000500221
0.000497029
0.000493803
0.000490546
0.00048726
0.000483948
0.000480614
0.000477258
0.000473885
0.000470496
0.000467094
0.000463683
0.000460264
0.000456839
0.000453411
0.000449983
0.000446557
0.000443134
0.000439717
0.000436308
0.000432907
0.000429517
0.000426137
0.00042277
0.000419415
0.000416073
0.000412745
0.000409432
0.000406135
0.000402853
0.000399586
0.000396337
0.000393105
0.000389892
0.000386698
0.000383524
0.00038037
0.000377239
0.000374129
0.000371044
0.000367984
0.000364951
0.000361947
0.000358972
0.000356028
0.000353117
0.000350242
0.000347401
0.0003446
0.000341835
0.000339124
0.000545544
0.000554337
0.000561569
0.000567473
0.000572234
0.000576007
0.000578921
0.000581083
0.000582587
0.000583519
0.000583951
0.000583946
0.000583555
0.000582819
0.000581772
0.000580447
0.000578873
0.000577079
0.00057509
0.000572929
0.000570615
0.000568164
0.000565589
0.000562902
0.000560114
0.000557234
0.00055427
0.000551228
0.000548116
0.000544938
0.000541699
0.000538403
0.000535056
0.00053166
0.000528219
0.000524738
0.00052122
0.000517669
0.000514088
0.00051048
0.000506849
0.000503199
0.000499532
0.000495852
0.000492161
0.000488464
0.000484762
0.000481058
0.000477355
0.000473655
0.00046996
0.000466271
0.000462591
0.000458921
0.000455261
0.000451613
0.000447978
0.000444356
0.000440749
0.000437158
0.000433582
0.000430023
0.000426482
0.00042296
0.000419457
0.000415974
0.000412513
0.000409074
0.000405658
0.000402267
0.000398903
0.000395566
0.000392258
0.000388981
0.000385736
0.000382526
0.000379351
0.000376214
0.000373118
0.000370058
0.000367055
0.000553821
0.000566407
0.000577043
0.000586002
0.000593509
0.000599752
0.000604891
0.000609057
0.000612367
0.000614923
0.000616816
0.000618124
0.000618913
0.000619237
0.000619142
0.000618669
0.000617857
0.000616739
0.00061535
0.000613716
0.000611865
0.000609816
0.000607588
0.000605199
0.000602661
0.00059999
0.000597195
0.000594286
0.000591274
0.000588164
0.000584966
0.000581684
0.000578325
0.000574896
0.0005714
0.000567844
0.000564232
0.000560569
0.000556859
0.000553108
0.000549319
0.000545497
0.000541646
0.00053777
0.000533873
0.000529958
0.00052603
0.000522091
0.000518144
0.000514193
0.000510241
0.000506289
0.000502339
0.000498395
0.000494457
0.000490527
0.000486606
0.000482695
0.000478797
0.000474912
0.00047104
0.000467183
0.000463343
0.000459519
0.000455714
0.000451929
0.000448163
0.000444419
0.000440698
0.000437001
0.000433329
0.000429684
0.000426068
0.000422483
0.00041893
0.00041541
0.000411927
0.000408481
0.000405075
0.000401708
0.000398396
0.000550299
0.000567606
0.000582519
0.000595351
0.000606369
0.000615798
0.000623829
0.000630625
0.000636326
0.000641055
0.000644925
0.000648029
0.000650452
0.000652263
0.000653521
0.000654279
0.000654584
0.000654481
0.000654009
0.000653204
0.000652099
0.000650722
0.000649097
0.000647246
0.000645188
0.000642942
0.000640522
0.000637943
0.000635215
0.000632352
0.000629362
0.000626254
0.000623038
0.00061972
0.000616309
0.000612811
0.000609232
0.000605579
0.000601858
0.000598075
0.000594234
0.000590343
0.000586405
0.000582426
0.000578411
0.000574364
0.00057029
0.000566193
0.000562077
0.000557945
0.000553802
0.00054965
0.000545492
0.00054133
0.000537168
0.000533006
0.000528848
0.000524694
0.000520547
0.000516408
0.000512279
0.00050816
0.000504053
0.00049996
0.000495882
0.00049182
0.000487775
0.000483749
0.000479743
0.000475759
0.000471797
0.00046786
0.00046395
0.000460068
0.000456216
0.000452395
0.000448609
0.000444858
0.000441146
0.000437471
0.000433849
0.000531346
0.000554424
0.000574613
0.000592265
0.000607686
0.000621141
0.000632855
0.000643023
0.000651814
0.000659375
0.000665841
0.000671327
0.000675934
0.00067975
0.000682851
0.000685303
0.000687164
0.000688489
0.000689327
0.000689725
0.000689721
0.000689351
0.000688647
0.000687638
0.000686349
0.000684803
0.00068302
0.000681018
0.000678815
0.000676424
0.000673861
0.000671136
0.000668261
0.000665247
0.000662103
0.000658839
0.000655463
0.000651983
0.000648407
0.000644742
0.000640996
0.000637175
0.000633286
0.000629335
0.000625327
0.000621269
0.000617167
0.000613024
0.000608846
0.000604639
0.000600406
0.00059615
0.000591877
0.000587588
0.000583288
0.000578979
0.000574664
0.000570344
0.000566023
0.000561702
0.000557384
0.000553069
0.00054876
0.000544458
0.000540166
0.000535884
0.000531615
0.000527359
0.000523118
0.000518894
0.000514689
0.000510504
0.000506341
0.000502202
0.000498088
0.000494003
0.000489948
0.000485924
0.000481936
0.000477981
0.000474074
0.000492758
0.00052273
0.000549293
0.000572824
0.000593666
0.000612114
0.000628429
0.000642838
0.00065554
0.000666712
0.000676511
0.000685074
0.000692525
0.00069897
0.000704503
0.000709206
0.000713153
0.00071641
0.000719038
0.000721091
0.00072262
0.00072367
0.000724279
0.000724486
0.000724321
0.000723814
0.000722992
0.000721879
0.000720495
0.000718862
0.000716996
0.000714915
0.000712631
0.000710161
0.000707516
0.000704709
0.00070175
0.00069865
0.000695419
0.000692066
0.0006886
0.00068503
0.000681363
0.000677608
0.000673772
0.000669862
0.000665884
0.000661846
0.000657751
0.000653608
0.000649421
0.000645195
0.000640934
0.000636644
0.000632327
0.000627988
0.000623629
0.000619255
0.000614868
0.00061047
0.000606065
0.000601654
0.000597239
0.000592824
0.00058841
0.000583999
0.000579592
0.000575192
0.000570801
0.00056642
0.000562051
0.000557696
0.000553358
0.000549037
0.000544737
0.000540458
0.000536205
0.000531979
0.000527782
0.000523614
0.000519487
0.000429955
0.000467891
0.000501935
0.000532463
0.000559828
0.000584342
0.000606291
0.000625932
0.000643492
0.000659177
0.000673168
0.000685626
0.000696698
0.00070651
0.000715177
0.000722799
0.000729465
0.000735256
0.000740247
0.000744504
0.000748087
0.000751053
0.00075345
0.000755324
0.000756716
0.000757662
0.000758197
0.000758349
0.000758148
0.000757619
0.000756784
0.000755664
0.00075428
0.000752648
0.000750786
0.000748709
0.000746431
0.000743965
0.000741324
0.00073852
0.000735564
0.000732467
0.000729239
0.000725889
0.000722426
0.00071886
0.000715199
0.000711449
0.000707619
0.000703715
0.000699745
0.000695713
0.000691627
0.000687492
0.000683312
0.000679092
0.000674837
0.00067055
0.000666236
0.000661898
0.000657538
0.000653161
0.000648769
0.000644364
0.000639951
0.00063553
0.000631105
0.000626677
0.000622249
0.000617824
0.000613403
0.000608989
0.000604583
0.000600189
0.000595809
0.000591445
0.0005871
0.000582775
0.000578475
0.000574199
0.000569956
0.000338564
0.000385191
0.000427614
0.000466158
0.000501124
0.0005328
0.000561476
0.000587423
0.00061089
0.000632102
0.000651261
0.000668553
0.000684143
0.000698182
0.000710802
0.000722124
0.000732256
0.000741295
0.00074933
0.000756441
0.0007627
0.000768176
0.000772928
0.000777013
0.00078048
0.000783376
0.000785742
0.000787616
0.000789034
0.000790027
0.000790625
0.000790853
0.000790738
0.000790302
0.000789566
0.000788549
0.00078727
0.000785745
0.000783991
0.000782023
0.000779854
0.000777498
0.000774967
0.000772274
0.000769429
0.000766444
0.000763327
0.000760089
0.000756739
0.000753286
0.000749737
0.0007461
0.000742382
0.000738591
0.000734731
0.00073081
0.000726833
0.000722804
0.000718729
0.000714613
0.000710459
0.00070627
0.000702052
0.000697807
0.00069354
0.000689253
0.000684949
0.000680632
0.000676303
0.000671967
0.000667626
0.000663282
0.000658939
0.000654599
0.000650266
0.000645941
0.000641629
0.000637331
0.000633051
0.000628791
0.000624558
0.000215573
0.000270772
0.000321886
0.000369045
0.00041239
0.000452134
0.000488531
0.000521831
0.00055227
0.000580073
0.000605452
0.000628604
0.000649713
0.000668945
0.000686452
0.000702373
0.000716834
0.000729948
0.000741821
0.000752547
0.000762212
0.000770897
0.000778676
0.000785614
0.000791773
0.000797209
0.000801973
0.000806112
0.00080967
0.000812686
0.000815197
0.000817235
0.000818834
0.00082002
0.00082082
0.000821259
0.00082136
0.000821145
0.000820633
0.000819842
0.000818791
0.000817496
0.000815973
0.000814236
0.000812298
0.000810175
0.000807876
0.000805414
0.000802801
0.000800047
0.000797161
0.000794154
0.000791033
0.000787807
0.000784485
0.000781073
0.000777577
0.000774006
0.000770364
0.000766658
0.000762892
0.000759072
0.000755202
0.000751287
0.000747332
0.000743341
0.000739317
0.000735264
0.000731187
0.000727088
0.000722971
0.000718839
0.000714698
0.000710548
0.000706395
0.000702241
0.000698091
0.000693947
0.000689814
0.000685694
0.000681593
7.3204e-05
0.000126345
0.000182946
0.000237878
0.000289498
0.000337575
0.000382238
0.000423621
0.00046189
0.000497225
0.000529815
0.000559848
0.000587502
0.000612949
0.000636348
0.000657851
0.000677599
0.000695719
0.00071233
0.00072754
0.00074145
0.000754153
0.000765736
0.000776276
0.000785848
0.000794517
0.000802345
0.00080939
0.000815703
0.000821334
0.000826327
0.000830723
0.000834561
0.000837877
0.000840702
0.000843068
0.000845003
0.000846534
0.000847685
0.00084848
0.000848941
0.000849087
0.000848938
0.000848513
0.000847827
0.000846898
0.00084574
0.000844367
0.000842794
0.000841033
0.000839096
0.000836995
0.00083474
0.000832341
0.000829809
0.000827152
0.000824378
0.000821496
0.000818513
0.000815436
0.000812272
0.000809028
0.000805708
0.000802319
0.000798867
0.000795356
0.000791791
0.000788178
0.000784521
0.000780824
0.000777091
0.000773328
0.000769539
0.000765726
0.000761896
0.000758051
0.000754198
0.000750338
0.000746478
0.000742619
0.000738769
8.56555e-06
1.87881e-05
4.26072e-05
8.34339e-05
0.000134513
0.000187663
0.000239469
0.000288647
0.000334879
0.000378147
0.000418549
0.00045621
0.000491259
0.000523834
0.000554077
0.000582136
0.00060815
0.000632251
0.000654561
0.0006752
0.000694277
0.000711897
0.000728158
0.00074315
0.000756955
0.00076965
0.000781309
0.000791999
0.000801783
0.000810718
0.000818858
0.000826254
0.00083295
0.000838991
0.000844416
0.000849263
0.000853567
0.00085736
0.000860673
0.000863535
0.000865972
0.000868009
0.00086967
0.000870976
0.000871949
0.000872609
0.000872973
0.000873059
0.000872885
0.000872464
0.000871813
0.000870945
0.000869873
0.00086861
0.000867167
0.000865555
0.000863785
0.000861866
0.000859808
0.000857619
0.000855308
0.000852882
0.000850348
0.000847715
0.000844988
0.000842174
0.000839279
0.000836309
0.00083327
0.000830166
0.000827004
0.000823789
0.000820525
0.000817219
0.000813874
0.000810495
0.000807089
0.000803659
0.000800211
0.000796749
0.000793278
3.12098e-06
3.75052e-06
5.28652e-06
9.10874e-06
1.87154e-05
3.97219e-05
7.54019e-05
0.000121438
0.000171007
0.000220281
0.000267792
0.000312968
0.000355614
0.000395727
0.000433388
0.000468703
0.000501775
0.000532707
0.000561606
0.000588582
0.000613747
0.000637207
0.000659063
0.000679408
0.000698334
0.000715925
0.000732263
0.000747425
0.000761482
0.000774502
0.000786546
0.000797674
0.000807938
0.000817392
0.000826081
0.000834052
0.000841347
0.000848004
0.000854062
0.000859553
0.000864512
0.000868967
0.000872947
0.00087648
0.00087959
0.000882302
0.000884638
0.000886619
0.000888265
0.000889595
0.000890628
0.00089138
0.000891866
0.000892102
0.000892101
0.000891878
0.000891445
0.000890813
0.000889995
0.000889
0.000887839
0.000886521
0.000885055
0.00088345
0.000881714
0.000879855
0.00087788
0.000875796
0.000873611
0.00087133
0.00086896
0.000866508
0.000863979
0.00086138
0.000858716
0.000855992
0.000853216
0.000850392
0.000847525
0.000844621
0.000841686
2.80045e-06
2.84095e-06
2.95148e-06
3.20549e-06
3.75984e-06
4.98824e-06
7.76598e-06
1.41973e-05
2.81033e-05
5.35987e-05
9.06501e-05
0.000134484
0.000180415
0.000226025
0.000270267
0.000312639
0.000352901
0.00039099
0.000426943
0.000460841
0.000492773
0.000522824
0.000551073
0.000577601
0.000602492
0.000625831
0.000647702
0.000668187
0.000687362
0.000705297
0.000722062
0.00073772
0.000752333
0.00076596
0.000778656
0.000790474
0.000801462
0.000811667
0.000821133
0.000829899
0.000838004
0.000845484
0.000852373
0.000858704
0.000864507
0.00086981
0.00087464
0.000879024
0.000882985
0.000886546
0.000889728
0.000892552
0.000895037
0.0008972
0.000899059
0.00090063
0.000901927
0.000902967
0.000903761
0.000904323
0.000904665
0.000904799
0.000904735
0.000904485
0.000904057
0.000903461
0.000902707
0.000901801
0.000900754
0.000899573
0.000898264
0.000896837
0.000895297
0.000893651
0.000891907
0.000890071
0.000888149
0.000886147
0.000884072
0.00088193
0.000879728
2.89279e-06
2.88752e-06
2.88811e-06
2.90115e-06
2.93927e-06
3.02717e-06
3.21229e-06
3.58986e-06
4.34075e-06
5.86921e-06
9.04576e-06
1.57362e-05
2.89078e-05
5.15481e-05
8.38475e-05
0.000122596
0.000164083
0.000206038
0.000247358
0.00028746
0.000325995
0.000362769
0.000397709
0.000430828
0.000462186
0.000491855
0.000519911
0.000546422
0.000571451
0.000595062
0.000617316
0.00063828
0.000658016
0.000676588
0.000694055
0.000710476
0.000725904
0.00074039
0.000753982
0.000766726
0.000778666
0.000789843
0.000800297
0.000810065
0.000819184
0.000827687
0.000835606
0.000842971
0.000849811
0.000856152
0.000862019
0.000867437
0.000872429
0.000877015
0.000881217
0.000885052
0.00088854
0.000891698
0.000894542
0.000897087
0.000899348
0.000901339
0.000903073
0.000904563
0.000905819
0.000906854
0.000907678
0.000908302
0.000908734
0.000908984
0.000909062
0.000908975
0.000908732
0.000908341
0.000907809
0.000907145
0.000906351
0.00090544
0.000904418
0.000903293
0.00090207
2.99243e-06
2.9874e-06
2.98313e-06
2.9807e-06
2.98222e-06
2.99171e-06
3.01676e-06
3.0706e-06
3.17716e-06
3.3792e-06
3.75615e-06
4.45267e-06
5.73518e-06
8.16741e-06
1.2839e-05
2.15962e-05
3.67332e-05
5.97702e-05
8.99897e-05
0.000124873
0.000161907
0.000199506
0.000236826
0.000273381
0.000308838
0.000342975
0.000375654
0.00040682
0.000436471
0.000464647
0.000491406
0.000516811
0.000540919
0.000563787
0.000585467
0.000606008
0.000625457
0.000643861
0.000661268
0.000677723
0.000693273
0.000707961
0.000721829
0.000734919
0.000747266
0.000758908
0.000769879
0.00078021
0.000789932
0.000799074
0.000807663
0.000815727
0.000823289
0.000830374
0.000837005
0.000843202
0.000848986
0.000854377
0.000859392
0.000864049
0.000868364
0.000872353
0.00087603
0.000879409
0.000882503
0.000885326
0.000887888
0.000890201
0.000892277
0.000894124
0.000895754
0.000897176
0.000898399
0.000899432
0.000900283
3.05263e-06
3.05014e-06
3.0476e-06
3.04507e-06
3.04271e-06
3.04081e-06
3.03997e-06
3.04129e-06
3.0468e-06
3.06003e-06
3.0871e-06
3.13814e-06
3.22939e-06
3.38821e-06
3.66079e-06
4.12564e-06
4.91734e-06
6.26262e-06
8.60455e-06
1.26908e-05
1.97855e-05
3.13701e-05
4.8709e-05
7.19669e-05
9.9959e-05
0.000130896
0.000163253
0.000196058
0.000228748
0.000260971
0.000292474
0.00032306
0.000352586
0.000380958
0.00040813
0.000434093
0.000458863
0.000482477
0.000504979
0.000526417
0.000546839
0.000566287
0.000584805
0.000602431
0.000619201
0.000635152
0.000650316
0.000664726
0.000678415
0.000691413
0.000703751
0.000715459
0.000726563
0.000737092
0.000747071
0.000756525
0.000765476
0.000773946
0.000781957
0.000789528
0.000796677
0.000803424
0.000809783
0.000815772
0.000821405
0.000826697
0.000831661
0.000836311
0.000840659
0.000844717
0.000848496
0.000852007
0.00085526
0.000858267
0.000861034
3.08062e-06
3.07981e-06
3.07896e-06
3.07808e-06
3.07717e-06
3.07624e-06
3.07534e-06
3.07454e-06
3.07397e-06
3.07391e-06
3.07485e-06
3.07762e-06
3.08363e-06
3.09516e-06
3.11587e-06
3.15151e-06
3.21083e-06
3.3068e-06
3.45977e-06
3.70097e-06
4.08091e-06
4.67824e-06
5.61889e-06
7.09954e-06
9.46755e-06
1.32496e-05
1.92632e-05
2.83984e-05
4.14817e-05
5.88601e-05
8.01592e-05
0.000104436
0.000130602
0.000157766
0.000185326
0.000212904
0.000240252
0.000267192
0.000293578
0.000319294
0.000344247
0.000368369
0.000391615
0.000413964
0.000435411
0.000455967
0.000475652
0.000494492
0.000512518
0.000529761
0.000546255
0.000562031
0.000577118
0.000591545
0.000605338
0.000618523
0.000631124
0.000643162
0.000654659
0.000665637
0.000676115
0.000686111
0.000695643
0.000704729
0.000713385
0.000721628
0.000729472
0.000736932
0.000744022
0.000750755
0.000757143
0.000763198
0.000768933
0.000774357
0.000779481
3.09404e-06
3.09395e-06
3.09385e-06
3.09375e-06
3.09365e-06
3.09355e-06
3.09345e-06
3.09335e-06
3.09325e-06
3.09318e-06
3.09317e-06
3.09326e-06
3.09357e-06
3.09427e-06
3.09565e-06
3.09819e-06
3.10265e-06
3.11018e-06
3.1225e-06
3.14215e-06
3.17284e-06
3.21988e-06
3.29073e-06
3.39571e-06
3.54979e-06
3.77449e-06
4.10203e-06
4.57855e-06
5.27227e-06
6.28329e-06
7.75383e-06
9.91491e-06
1.30803e-05
1.77086e-05
2.42719e-05
3.32526e-05
4.49876e-05
5.95327e-05
7.66176e-05
9.57288e-05
0.000116268
0.000137695
0.000159596
0.00018168
0.00020375
0.000225672
0.000247343
0.00026868
0.000289616
0.000310091
0.000330058
0.000349478
0.000368323
0.000386573
0.000404217
0.00042125
0.000437677
0.000453502
0.000468738
0.000483397
0.000497497
0.000511053
0.000524081
0.0005366
0.000548625
0.000560174
0.000571263
0.000581906
0.000592118
0.000601913
0.000611303
0.000620301
0.000628919
0.000637167
0.000645057
3.101e-06
3.10118e-06
3.10137e-06
3.10157e-06
3.10179e-06
3.10202e-06
3.10226e-06
3.10252e-06
3.10278e-06
3.10306e-06
3.10335e-06
3.10366e-06
3.10399e-06
3.10434e-06
3.10475e-06
3.10524e-06
3.10586e-06
3.10671e-06
3.10793e-06
3.10972e-06
3.11242e-06
3.1165e-06
3.12262e-06
3.13174e-06
3.14514e-06
3.16461e-06
3.19255e-06
3.23219e-06
3.28777e-06
3.36486e-06
3.47062e-06
3.61487e-06
3.81064e-06
4.07615e-06
4.43549e-06
4.92142e-06
5.5787e-06
6.46817e-06
7.66326e-06
9.28483e-06
1.14786e-05
1.44285e-05
1.83861e-05
2.35704e-05
3.02049e-05
3.84603e-05
4.84105e-05
6.0006e-05
7.30795e-05
8.73803e-05
0.000102622
0.000118526
0.000134855
0.000151418
0.000168073
0.000184718
0.000201276
0.00021769
0.000233917
0.00024992
0.00026567
0.00028114
0.000296307
0.000311152
0.000325658
0.000339811
0.000353604
0.000367019
0.000380061
0.000392724
0.000405003
0.000416899
0.000428413
0.000439548
0.000450308
3.10479e-06
3.10506e-06
3.10534e-06
3.10564e-06
3.10596e-06
3.10629e-06
3.10664e-06
3.10701e-06
3.10739e-06
3.10779e-06
3.1082e-06
3.10863e-06
3.10908e-06
3.10954e-06
3.11001e-06
3.1105e-06
3.11101e-06
3.11155e-06
3.11211e-06
3.11272e-06
3.11341e-06
3.11419e-06
3.11514e-06
3.11632e-06
3.11785e-06
3.11989e-06
3.12267e-06
3.12648e-06
3.13174e-06
3.13897e-06
3.14886e-06
3.1623e-06
3.18042e-06
3.20466e-06
3.23685e-06
3.27926e-06
3.33469e-06
3.40664e-06
3.49927e-06
3.61803e-06
3.76968e-06
3.96272e-06
4.20837e-06
4.52041e-06
4.91625e-06
5.41812e-06
6.05421e-06
6.85987e-06
7.87855e-06
9.15844e-06
1.07728e-05
1.28001e-05
1.53299e-05
1.84803e-05
2.23389e-05
2.69975e-05
3.25307e-05
3.89838e-05
4.63665e-05
5.46479e-05
6.37595e-05
7.36012e-05
8.40543e-05
9.49931e-05
0.000106296
0.000117853
0.00012957
0.000141363
0.000153174
0.000164951
0.000176652
0.000188247
0.000199712
0.000211026
0.000222173
3.10687e-06
3.10715e-06
3.10744e-06
3.10775e-06
3.10807e-06
3.10841e-06
3.10876e-06
3.10913e-06
3.10952e-06
3.10992e-06
3.11034e-06
3.11078e-06
3.11123e-06
3.11169e-06
3.11217e-06
3.11267e-06
3.11317e-06
3.11369e-06
3.11422e-06
3.11477e-06
3.11532e-06
3.1159e-06
3.11648e-06
3.11709e-06
3.11773e-06
3.1184e-06
3.11914e-06
3.11995e-06
3.12088e-06
3.12197e-06
3.12328e-06
3.1249e-06
3.12695e-06
3.12956e-06
3.13292e-06
3.13727e-06
3.1429e-06
3.15019e-06
3.15957e-06
3.17159e-06
3.18693e-06
3.20639e-06
3.23093e-06
3.26174e-06
3.30019e-06
3.34795e-06
3.40697e-06
3.47959e-06
3.56852e-06
3.67694e-06
3.80873e-06
3.96855e-06
4.16195e-06
4.39581e-06
4.6782e-06
5.01875e-06
5.42896e-06
5.92249e-06
6.51561e-06
7.22752e-06
8.08059e-06
9.10036e-06
1.03145e-05
1.17525e-05
1.34542e-05
1.54572e-05
1.78001e-05
2.05313e-05
2.36792e-05
2.72708e-05
3.1326e-05
3.58551e-05
4.08569e-05
4.63175e-05
5.22136e-05
3.10798e-06
3.10823e-06
3.10849e-06
3.10877e-06
3.10906e-06
3.10936e-06
3.10968e-06
3.11001e-06
3.11036e-06
3.11072e-06
3.1111e-06
3.11149e-06
3.11189e-06
3.11231e-06
3.11274e-06
3.11319e-06
3.11364e-06
3.11411e-06
3.11459e-06
3.11508e-06
3.11557e-06
3.11608e-06
3.11659e-06
3.11711e-06
3.11763e-06
3.11817e-06
3.1187e-06
3.11925e-06
3.1198e-06
3.12037e-06
3.12095e-06
3.12155e-06
3.12218e-06
3.12285e-06
3.12357e-06
3.12438e-06
3.12529e-06
3.12635e-06
3.12759e-06
3.12908e-06
3.1309e-06
3.13313e-06
3.13589e-06
3.13932e-06
3.14358e-06
3.14888e-06
3.15546e-06
3.16362e-06
3.17368e-06
3.18606e-06
3.20121e-06
3.21968e-06
3.24209e-06
3.26918e-06
3.30179e-06
3.34089e-06
3.38759e-06
3.44314e-06
3.50898e-06
3.58677e-06
3.6784e-06
3.78598e-06
3.91192e-06
4.05893e-06
4.23018e-06
4.42929e-06
4.66038e-06
4.92826e-06
5.23833e-06
5.59667e-06
6.0101e-06
6.48628e-06
7.03383e-06
7.66218e-06
8.38197e-06
3.10858e-06
3.10879e-06
3.10901e-06
3.10924e-06
3.10948e-06
3.10974e-06
3.11001e-06
3.11028e-06
3.11058e-06
3.11088e-06
3.1112e-06
3.11152e-06
3.11186e-06
3.11222e-06
3.11258e-06
3.11295e-06
3.11334e-06
3.11373e-06
3.11414e-06
3.11455e-06
3.11497e-06
3.1154e-06
3.11583e-06
3.11627e-06
3.11672e-06
3.11717e-06
3.11762e-06
3.11807e-06
3.11853e-06
3.11898e-06
3.11944e-06
3.11989e-06
3.12034e-06
3.1208e-06
3.12125e-06
3.1217e-06
3.12215e-06
3.12261e-06
3.12308e-06
3.12356e-06
3.12406e-06
3.12458e-06
3.12514e-06
3.12576e-06
3.12645e-06
3.12723e-06
3.12813e-06
3.12919e-06
3.13045e-06
3.13196e-06
3.13379e-06
3.13601e-06
3.13871e-06
3.14201e-06
3.14601e-06
3.15088e-06
3.15678e-06
3.16391e-06
3.1725e-06
3.18281e-06
3.19513e-06
3.2098e-06
3.22719e-06
3.24771e-06
3.27183e-06
3.30007e-06
3.33301e-06
3.37126e-06
3.41554e-06
3.46663e-06
3.52537e-06
3.59271e-06
3.66968e-06
3.75741e-06
3.8572e-06
3.10901e-06
3.10917e-06
3.10935e-06
3.10953e-06
3.10972e-06
3.10992e-06
3.11013e-06
3.11035e-06
3.11058e-06
3.11083e-06
3.11108e-06
3.11134e-06
3.11162e-06
3.1119e-06
3.11219e-06
3.11249e-06
3.1128e-06
3.11312e-06
3.11345e-06
3.11378e-06
3.11412e-06
3.11447e-06
3.11482e-06
3.11518e-06
3.11554e-06
3.11591e-06
3.11627e-06
3.11664e-06
3.11701e-06
3.11738e-06
3.11775e-06
3.11812e-06
3.11848e-06
3.11884e-06
3.1192e-06
3.11955e-06
3.1199e-06
3.12024e-06
3.12058e-06
3.12091e-06
3.12123e-06
3.12155e-06
3.12186e-06
3.12217e-06
3.12247e-06
3.12277e-06
3.12307e-06
3.12338e-06
3.12369e-06
3.12402e-06
3.12437e-06
3.12474e-06
3.12516e-06
3.12563e-06
3.12617e-06
3.12681e-06
3.12755e-06
3.12845e-06
3.12952e-06
3.13082e-06
3.13238e-06
3.13427e-06
3.13655e-06
3.13929e-06
3.14259e-06
3.14654e-06
3.15125e-06
3.15684e-06
3.16346e-06
3.17127e-06
3.18043e-06
3.19114e-06
3.20362e-06
3.21809e-06
3.23483e-06
3.10939e-06
3.10952e-06
3.10965e-06
3.10979e-06
3.10993e-06
3.11009e-06
3.11025e-06
3.11042e-06
3.1106e-06
3.11078e-06
3.11098e-06
3.11118e-06
3.11139e-06
3.11161e-06
3.11184e-06
3.11207e-06
3.11232e-06
3.11257e-06
3.11282e-06
3.11308e-06
3.11335e-06
3.11362e-06
3.1139e-06
3.11418e-06
3.11447e-06
3.11475e-06
3.11504e-06
3.11533e-06
3.11562e-06
3.11591e-06
3.11621e-06
3.11649e-06
3.11678e-06
3.11707e-06
3.11735e-06
3.11762e-06
3.1179e-06
3.11816e-06
3.11842e-06
3.11868e-06
3.11892e-06
3.11916e-06
3.11939e-06
3.11962e-06
3.11983e-06
3.12003e-06
3.12023e-06
3.12041e-06
3.12059e-06
3.12076e-06
3.12092e-06
3.12107e-06
3.12122e-06
3.12135e-06
3.12149e-06
3.12162e-06
3.12176e-06
3.1219e-06
3.12205e-06
3.12221e-06
3.12239e-06
3.12261e-06
3.12286e-06
3.12316e-06
3.12352e-06
3.12396e-06
3.1245e-06
3.12516e-06
3.12595e-06
3.12692e-06
3.12809e-06
3.1295e-06
3.13119e-06
3.1332e-06
3.13564e-06
3.11e-06
3.11011e-06
3.11023e-06
3.11035e-06
3.11048e-06
3.11062e-06
3.11076e-06
3.11091e-06
3.11107e-06
3.11123e-06
3.1114e-06
3.11157e-06
3.11176e-06
3.11194e-06
3.11214e-06
3.11234e-06
3.11254e-06
3.11275e-06
3.11296e-06
3.11317e-06
3.11339e-06
3.11361e-06
3.11384e-06
3.11406e-06
3.11429e-06
3.11451e-06
3.11474e-06
3.11497e-06
3.11519e-06
3.11541e-06
3.11563e-06
3.11585e-06
3.11606e-06
3.11627e-06
3.11647e-06
3.11667e-06
3.11687e-06
3.11705e-06
3.11723e-06
3.11741e-06
3.11757e-06
3.11773e-06
3.11788e-06
3.11802e-06
3.11815e-06
3.11827e-06
3.11838e-06
3.11848e-06
3.11857e-06
3.11865e-06
3.11872e-06
3.11878e-06
3.11883e-06
3.11887e-06
3.1189e-06
3.11891e-06
3.11892e-06
3.11892e-06
3.11891e-06
3.11889e-06
3.11887e-06
3.11884e-06
3.1188e-06
3.11876e-06
3.11872e-06
3.11868e-06
3.11865e-06
3.11863e-06
3.11862e-06
3.11865e-06
3.11871e-06
3.11884e-06
3.11023e-06
3.11031e-06
3.11039e-06
3.11049e-06
3.11058e-06
3.11068e-06
3.11079e-06
3.1109e-06
3.11102e-06
3.11114e-06
3.11127e-06
3.1114e-06
3.11154e-06
3.11169e-06
3.11183e-06
3.11199e-06
3.11214e-06
3.1123e-06
3.11247e-06
3.11263e-06
3.1128e-06
3.11297e-06
3.11315e-06
3.11332e-06
3.11349e-06
3.11367e-06
3.11384e-06
3.11402e-06
3.11419e-06
3.11436e-06
3.11453e-06
3.1147e-06
3.11486e-06
3.11502e-06
3.11518e-06
3.11533e-06
3.11547e-06
3.11561e-06
3.11575e-06
3.11588e-06
3.116e-06
3.11611e-06
3.11622e-06
3.11632e-06
3.11641e-06
3.11649e-06
3.11656e-06
3.11662e-06
3.11668e-06
3.11672e-06
3.11676e-06
3.11678e-06
3.11679e-06
3.11679e-06
3.11678e-06
3.11675e-06
3.11672e-06
3.11666e-06
3.1166e-06
3.11651e-06
3.11641e-06
3.11629e-06
3.11615e-06
3.11599e-06
3.11581e-06
3.11562e-06
3.11541e-06
3.11519e-06
3.11496e-06
3.11474e-06
3.11452e-06
3.11431e-06
3.11051e-06
3.11057e-06
3.11064e-06
3.11071e-06
3.11079e-06
3.11087e-06
3.11095e-06
3.11104e-06
3.11113e-06
3.11123e-06
3.11133e-06
3.11144e-06
3.11155e-06
3.11166e-06
3.11178e-06
3.1119e-06
3.11202e-06
3.11215e-06
3.11227e-06
3.11241e-06
3.11254e-06
3.11267e-06
3.11281e-06
3.11294e-06
3.11308e-06
3.11321e-06
3.11335e-06
3.11348e-06
3.11361e-06
3.11374e-06
3.11387e-06
3.11399e-06
3.11411e-06
3.11423e-06
3.11435e-06
3.11446e-06
3.11456e-06
3.11466e-06
3.11476e-06
3.11484e-06
3.11493e-06
3.115e-06
3.11507e-06
3.11513e-06
3.11518e-06
3.11523e-06
3.11527e-06
3.11529e-06
3.11531e-06
3.11532e-06
3.11532e-06
3.1153e-06
3.11528e-06
3.11524e-06
3.11518e-06
3.11511e-06
3.11502e-06
3.11491e-06
3.11478e-06
3.11463e-06
3.11445e-06
3.11425e-06
3.11403e-06
3.1138e-06
3.11355e-06
3.1133e-06
3.11304e-06
3.11279e-06
3.11255e-06
3.11232e-06
3.1121e-06
3.11072e-06
3.11076e-06
3.11081e-06
3.11086e-06
3.11091e-06
3.11097e-06
3.11104e-06
3.1111e-06
3.11117e-06
3.11125e-06
3.11133e-06
3.11141e-06
3.11149e-06
3.11158e-06
3.11167e-06
3.11176e-06
3.11186e-06
3.11196e-06
3.11206e-06
3.11216e-06
3.11226e-06
3.11236e-06
3.11247e-06
3.11258e-06
3.11268e-06
3.11279e-06
3.11289e-06
3.113e-06
3.1131e-06
3.1132e-06
3.1133e-06
3.1134e-06
3.11349e-06
3.11358e-06
3.11367e-06
3.11375e-06
3.11383e-06
3.11391e-06
3.11398e-06
3.11404e-06
3.1141e-06
3.11415e-06
3.1142e-06
3.11424e-06
3.11428e-06
3.1143e-06
3.11432e-06
3.11433e-06
3.11433e-06
3.11432e-06
3.1143e-06
3.11426e-06
3.11422e-06
3.11416e-06
3.11408e-06
3.11398e-06
3.11386e-06
3.11371e-06
3.11355e-06
3.11336e-06
3.11315e-06
3.11293e-06
3.1127e-06
3.11247e-06
3.11224e-06
3.112e-06
3.11179e-06
3.11158e-06
3.11138e-06
3.11119e-06
3.11101e-06
3.11091e-06
3.11094e-06
3.11097e-06
3.11101e-06
3.11105e-06
3.1111e-06
3.11114e-06
3.11119e-06
3.11125e-06
3.11131e-06
3.11137e-06
3.11143e-06
3.11149e-06
3.11156e-06
3.11163e-06
3.11171e-06
3.11178e-06
3.11186e-06
3.11194e-06
3.11202e-06
3.1121e-06
3.11218e-06
3.11227e-06
3.11235e-06
3.11243e-06
3.11252e-06
3.1126e-06
3.11268e-06
3.11277e-06
3.11285e-06
3.11293e-06
3.113e-06
3.11308e-06
3.11315e-06
3.11322e-06
3.11328e-06
3.11335e-06
3.1134e-06
3.11346e-06
3.11351e-06
3.11355e-06
3.11359e-06
3.11362e-06
3.11365e-06
3.11367e-06
3.11369e-06
3.11369e-06
3.11369e-06
3.11368e-06
3.11366e-06
3.11363e-06
3.11358e-06
3.11352e-06
3.11345e-06
3.11335e-06
3.11324e-06
3.1131e-06
3.11295e-06
3.11277e-06
3.11259e-06
3.1124e-06
3.11221e-06
3.11202e-06
3.11183e-06
3.11165e-06
3.11148e-06
3.11131e-06
3.11115e-06
3.111e-06
3.11085e-06
3.11071e-06
3.11109e-06
3.11112e-06
3.11114e-06
3.11117e-06
3.1112e-06
3.11124e-06
3.11128e-06
3.11132e-06
3.11136e-06
3.1114e-06
3.11145e-06
3.1115e-06
3.11156e-06
3.11161e-06
3.11167e-06
3.11173e-06
3.11179e-06
3.11185e-06
3.11192e-06
3.11198e-06
3.11205e-06
3.11211e-06
3.11218e-06
3.11225e-06
3.11232e-06
3.11239e-06
3.11246e-06
3.11252e-06
3.11259e-06
3.11266e-06
3.11272e-06
3.11278e-06
3.11284e-06
3.1129e-06
3.11296e-06
3.11301e-06
3.11306e-06
3.11311e-06
3.11315e-06
3.11319e-06
3.11323e-06
3.11326e-06
3.11329e-06
3.11331e-06
3.11332e-06
3.11333e-06
3.11333e-06
3.11333e-06
3.11331e-06
3.11329e-06
3.11325e-06
3.1132e-06
3.11314e-06
3.11306e-06
3.11297e-06
3.11286e-06
3.11274e-06
3.11261e-06
3.11248e-06
3.11234e-06
3.11219e-06
3.11205e-06
3.11192e-06
3.11178e-06
3.11165e-06
3.11153e-06
3.11141e-06
3.11129e-06
3.11118e-06
3.11107e-06
3.11096e-06
3.11131e-06
3.11133e-06
3.11135e-06
3.11138e-06
3.11141e-06
3.11143e-06
3.11147e-06
3.1115e-06
3.11154e-06
3.11157e-06
3.11162e-06
3.11166e-06
3.1117e-06
3.11175e-06
3.1118e-06
3.11185e-06
3.1119e-06
3.11195e-06
3.11201e-06
3.11206e-06
3.11212e-06
3.11218e-06
3.11223e-06
3.11229e-06
3.11235e-06
3.11241e-06
3.11247e-06
3.11252e-06
3.11258e-06
3.11264e-06
3.11269e-06
3.11274e-06
3.1128e-06
3.11285e-06
3.11289e-06
3.11294e-06
3.11298e-06
3.11302e-06
3.11306e-06
3.1131e-06
3.11313e-06
3.11315e-06
3.11318e-06
3.1132e-06
3.11321e-06
3.11322e-06
3.11322e-06
3.11322e-06
3.11321e-06
3.11319e-06
3.11316e-06
3.11312e-06
3.11307e-06
3.11302e-06
3.11295e-06
3.11287e-06
3.11279e-06
3.11271e-06
3.11262e-06
3.11253e-06
3.11244e-06
3.11235e-06
3.11225e-06
3.11216e-06
3.11208e-06
3.11199e-06
3.11191e-06
3.11183e-06
3.11175e-06
3.11167e-06
3.1116e-06
3.11156e-06
3.11157e-06
3.11159e-06
3.11162e-06
3.11164e-06
3.11167e-06
3.1117e-06
3.11173e-06
3.11176e-06
3.1118e-06
3.11183e-06
3.11187e-06
3.11191e-06
3.11195e-06
3.112e-06
3.11204e-06
3.11209e-06
3.11213e-06
3.11218e-06
3.11223e-06
3.11228e-06
3.11233e-06
3.11238e-06
3.11243e-06
3.11249e-06
3.11254e-06
3.11259e-06
3.11264e-06
3.11269e-06
3.11274e-06
3.11279e-06
3.11284e-06
3.11289e-06
3.11293e-06
3.11298e-06
3.11302e-06
3.11306e-06
3.1131e-06
3.11313e-06
3.11317e-06
3.1132e-06
3.11322e-06
3.11325e-06
3.11327e-06
3.11329e-06
3.1133e-06
3.11331e-06
3.11332e-06
3.11332e-06
3.11331e-06
3.1133e-06
3.11329e-06
3.11326e-06
3.11324e-06
3.11321e-06
3.11317e-06
3.11313e-06
3.11309e-06
3.11305e-06
3.113e-06
3.11295e-06
3.1129e-06
3.11285e-06
3.11281e-06
3.11276e-06
3.11271e-06
3.11266e-06
3.11262e-06
3.11257e-06
3.11253e-06
3.11249e-06
3.11174e-06
3.11176e-06
3.11178e-06
3.1118e-06
3.11182e-06
3.11185e-06
3.11187e-06
3.1119e-06
3.11193e-06
3.11197e-06
3.112e-06
3.11204e-06
3.11208e-06
3.11212e-06
3.11216e-06
3.1122e-06
3.11224e-06
3.11229e-06
3.11233e-06
3.11238e-06
3.11243e-06
3.11248e-06
3.11252e-06
3.11257e-06
3.11262e-06
3.11267e-06
3.11272e-06
3.11277e-06
3.11282e-06
3.11286e-06
3.11291e-06
3.11296e-06
3.113e-06
3.11305e-06
3.11309e-06
3.11313e-06
3.11317e-06
3.11321e-06
3.11325e-06
3.11329e-06
3.11332e-06
3.11335e-06
3.11338e-06
3.11341e-06
3.11343e-06
3.11346e-06
3.11348e-06
3.11349e-06
3.11351e-06
3.11352e-06
3.11353e-06
3.11354e-06
3.11354e-06
3.11355e-06
3.11355e-06
3.11354e-06
3.11354e-06
3.11354e-06
3.11353e-06
3.11352e-06
3.11351e-06
3.1135e-06
3.11349e-06
3.11349e-06
3.11348e-06
3.11347e-06
3.11346e-06
3.11345e-06
3.11344e-06
3.11343e-06
3.11343e-06
3.11193e-06
3.11194e-06
3.11195e-06
3.11197e-06
3.11199e-06
3.11201e-06
3.11203e-06
3.11206e-06
3.11209e-06
3.11212e-06
3.11215e-06
3.11219e-06
3.11222e-06
3.11226e-06
3.1123e-06
3.11234e-06
3.11238e-06
3.11242e-06
3.11247e-06
3.11251e-06
3.11256e-06
3.1126e-06
3.11265e-06
3.11269e-06
3.11274e-06
3.11279e-06
3.11284e-06
3.11288e-06
3.11293e-06
3.11298e-06
3.11302e-06
3.11307e-06
3.11311e-06
3.11316e-06
3.1132e-06
3.11325e-06
3.11329e-06
3.11333e-06
3.11337e-06
3.11341e-06
3.11345e-06
3.11348e-06
3.11352e-06
3.11355e-06
3.11359e-06
3.11362e-06
3.11365e-06
3.11368e-06
3.11371e-06
3.11373e-06
3.11376e-06
3.11378e-06
3.11381e-06
3.11383e-06
3.11386e-06
3.11388e-06
3.1139e-06
3.11393e-06
3.11395e-06
3.11397e-06
3.114e-06
3.11402e-06
3.11405e-06
3.11407e-06
3.1141e-06
3.11412e-06
3.11415e-06
3.11418e-06
3.1142e-06
3.11423e-06
3.11426e-06
3.11221e-06
3.11219e-06
3.11219e-06
3.11219e-06
3.1122e-06
3.11222e-06
3.11223e-06
3.11226e-06
3.11228e-06
3.11231e-06
3.11234e-06
3.11237e-06
3.1124e-06
3.11243e-06
3.11247e-06
3.11251e-06
3.11255e-06
3.11259e-06
3.11263e-06
3.11267e-06
3.11271e-06
3.11275e-06
3.1128e-06
3.11284e-06
3.11289e-06
3.11293e-06
3.11298e-06
3.11302e-06
3.11307e-06
3.11311e-06
3.11316e-06
3.1132e-06
3.11325e-06
3.11329e-06
3.11334e-06
3.11338e-06
3.11342e-06
3.11347e-06
3.11351e-06
3.11355e-06
3.11359e-06
3.11363e-06
3.11367e-06
3.11371e-06
3.11375e-06
3.11379e-06
3.11383e-06
3.11387e-06
3.1139e-06
3.11394e-06
3.11398e-06
3.11402e-06
3.11406e-06
3.1141e-06
3.11414e-06
3.11418e-06
3.11422e-06
3.11427e-06
3.11431e-06
3.11436e-06
3.11441e-06
3.11445e-06
3.1145e-06
3.11456e-06
3.11461e-06
3.11466e-06
3.11472e-06
3.11477e-06
3.11482e-06
3.11488e-06
3.11493e-06
3.11252e-06
3.11248e-06
3.11245e-06
3.11244e-06
3.11243e-06
3.11243e-06
3.11244e-06
3.11246e-06
3.11247e-06
3.1125e-06
3.11252e-06
3.11255e-06
3.11258e-06
3.11261e-06
3.11265e-06
3.11268e-06
3.11272e-06
3.11276e-06
3.1128e-06
3.11284e-06
3.11288e-06
3.11292e-06
3.11296e-06
3.11301e-06
3.11305e-06
3.11309e-06
3.11314e-06
3.11318e-06
3.11323e-06
3.11327e-06
3.11332e-06
3.11336e-06
3.11341e-06
3.11345e-06
3.1135e-06
3.11354e-06
3.11359e-06
3.11363e-06
3.11367e-06
3.11372e-06
3.11376e-06
3.11381e-06
3.11385e-06
3.1139e-06
3.11394e-06
3.11399e-06
3.11403e-06
3.11408e-06
3.11413e-06
3.11417e-06
3.11422e-06
3.11427e-06
3.11432e-06
3.11438e-06
3.11443e-06
3.11449e-06
3.11455e-06
3.11461e-06
3.11467e-06
3.11474e-06
3.1148e-06
3.11487e-06
3.11494e-06
3.11501e-06
3.11508e-06
3.11515e-06
3.11523e-06
3.1153e-06
3.11537e-06
3.11545e-06
3.11288e-06
3.11284e-06
3.1128e-06
3.11277e-06
3.11274e-06
3.11271e-06
3.11269e-06
3.11268e-06
3.11268e-06
3.11269e-06
3.11271e-06
3.11273e-06
3.11275e-06
3.11278e-06
3.11281e-06
3.11284e-06
3.11287e-06
3.11291e-06
3.11294e-06
3.11298e-06
3.11302e-06
3.11306e-06
3.1131e-06
3.11314e-06
3.11318e-06
3.11322e-06
3.11326e-06
3.1133e-06
3.11335e-06
3.11339e-06
3.11344e-06
3.11348e-06
3.11352e-06
3.11357e-06
3.11361e-06
3.11366e-06
3.1137e-06
3.11375e-06
3.1138e-06
3.11384e-06
3.11389e-06
3.11394e-06
3.11398e-06
3.11403e-06
3.11408e-06
3.11413e-06
3.11419e-06
3.11424e-06
3.11429e-06
3.11435e-06
3.1144e-06
3.11446e-06
3.11452e-06
3.11459e-06
3.11465e-06
3.11472e-06
3.11479e-06
3.11486e-06
3.11494e-06
3.11501e-06
3.11509e-06
3.11517e-06
3.11525e-06
3.11533e-06
3.11541e-06
3.1155e-06
3.11558e-06
3.11566e-06
3.11575e-06
3.11583e-06
3.11318e-06
3.11315e-06
3.11312e-06
3.11309e-06
3.11306e-06
3.11304e-06
3.11301e-06
3.11299e-06
3.11297e-06
3.11295e-06
3.11295e-06
3.11295e-06
3.11296e-06
3.11298e-06
3.113e-06
3.11303e-06
3.11306e-06
3.11309e-06
3.11312e-06
3.11315e-06
3.11318e-06
3.11322e-06
3.11325e-06
3.11329e-06
3.11333e-06
3.11337e-06
3.11341e-06
3.11345e-06
3.11349e-06
3.11353e-06
3.11357e-06
3.11361e-06
3.11366e-06
3.1137e-06
3.11374e-06
3.11379e-06
3.11383e-06
3.11388e-06
3.11393e-06
3.11398e-06
3.11402e-06
3.11407e-06
3.11412e-06
3.11418e-06
3.11423e-06
3.11428e-06
3.11434e-06
3.1144e-06
3.11446e-06
3.11452e-06
3.11458e-06
3.11465e-06
3.11471e-06
3.11478e-06
3.11486e-06
3.11493e-06
3.11501e-06
3.11509e-06
3.11517e-06
3.11525e-06
3.11534e-06
3.11542e-06
3.11551e-06
3.11559e-06
3.11568e-06
3.11577e-06
3.11586e-06
3.11594e-06
3.11603e-06
3.11612e-06
3.11343e-06
3.11341e-06
3.11339e-06
3.11336e-06
3.11334e-06
3.11332e-06
3.1133e-06
3.11328e-06
3.11326e-06
3.11324e-06
3.11323e-06
3.11321e-06
3.11321e-06
3.11321e-06
3.11322e-06
3.11324e-06
3.11326e-06
3.11328e-06
3.11331e-06
3.11333e-06
3.11336e-06
3.11339e-06
3.11343e-06
3.11346e-06
3.11349e-06
3.11353e-06
3.11356e-06
3.1136e-06
3.11364e-06
3.11368e-06
3.11372e-06
3.11376e-06
3.1138e-06
3.11384e-06
3.11389e-06
3.11393e-06
3.11397e-06
3.11402e-06
3.11407e-06
3.11412e-06
3.11417e-06
3.11422e-06
3.11427e-06
3.11432e-06
3.11438e-06
3.11444e-06
3.1145e-06
3.11456e-06
3.11462e-06
3.11469e-06
3.11476e-06
3.11483e-06
3.1149e-06
3.11498e-06
3.11505e-06
3.11513e-06
3.11521e-06
3.1153e-06
3.11538e-06
3.11547e-06
3.11555e-06
3.11564e-06
3.11573e-06
3.11581e-06
3.1159e-06
3.11599e-06
3.11608e-06
3.11617e-06
3.11625e-06
3.11634e-06
3.11365e-06
3.11363e-06
3.11361e-06
3.11359e-06
3.11357e-06
3.11356e-06
3.11354e-06
3.11352e-06
3.11351e-06
3.11349e-06
3.11348e-06
3.11347e-06
3.11346e-06
3.11345e-06
3.11344e-06
3.11345e-06
3.11346e-06
3.11348e-06
3.1135e-06
3.11352e-06
3.11355e-06
3.11357e-06
3.1136e-06
3.11363e-06
3.11366e-06
3.11369e-06
3.11372e-06
3.11376e-06
3.11379e-06
3.11383e-06
3.11387e-06
3.1139e-06
3.11394e-06
3.11399e-06
3.11403e-06
3.11407e-06
3.11412e-06
3.11416e-06
3.11421e-06
3.11426e-06
3.11431e-06
3.11436e-06
3.11442e-06
3.11447e-06
3.11453e-06
3.11459e-06
3.11465e-06
3.11472e-06
3.11478e-06
3.11485e-06
3.11493e-06
3.115e-06
3.11508e-06
3.11516e-06
3.11524e-06
3.11532e-06
3.1154e-06
3.11548e-06
3.11557e-06
3.11565e-06
3.11574e-06
3.11582e-06
3.11591e-06
3.116e-06
3.11608e-06
3.11617e-06
3.11625e-06
3.11634e-06
3.11642e-06
3.11651e-06
3.11383e-06
3.11381e-06
3.1138e-06
3.11378e-06
3.11377e-06
3.11376e-06
3.11374e-06
3.11373e-06
3.11372e-06
3.11371e-06
3.1137e-06
3.11369e-06
3.11368e-06
3.11367e-06
3.11366e-06
3.11366e-06
3.11366e-06
3.11367e-06
3.11369e-06
3.11371e-06
3.11373e-06
3.11375e-06
3.11378e-06
3.1138e-06
3.11383e-06
3.11386e-06
3.11389e-06
3.11392e-06
3.11395e-06
3.11399e-06
3.11402e-06
3.11406e-06
3.11409e-06
3.11413e-06
3.11417e-06
3.11422e-06
3.11426e-06
3.11431e-06
3.11435e-06
3.1144e-06
3.11445e-06
3.11451e-06
3.11456e-06
3.11462e-06
3.11468e-06
3.11474e-06
3.11481e-06
3.11487e-06
3.11494e-06
3.11502e-06
3.11509e-06
3.11517e-06
3.11524e-06
3.11532e-06
3.1154e-06
3.11548e-06
3.11556e-06
3.11564e-06
3.11573e-06
3.11581e-06
3.11589e-06
3.11598e-06
3.11606e-06
3.11614e-06
3.11623e-06
3.11631e-06
3.11639e-06
3.11647e-06
3.11655e-06
3.11398e-06
3.11397e-06
3.11396e-06
3.11395e-06
3.11394e-06
3.11393e-06
3.11392e-06
3.11391e-06
3.1139e-06
3.11389e-06
3.11388e-06
3.11388e-06
3.11387e-06
3.11387e-06
3.11386e-06
3.11386e-06
3.11386e-06
3.11387e-06
3.11389e-06
3.1139e-06
3.11392e-06
3.11394e-06
3.11396e-06
3.11399e-06
3.11401e-06
3.11404e-06
3.11406e-06
3.11409e-06
3.11412e-06
3.11415e-06
3.11419e-06
3.11422e-06
3.11426e-06
3.1143e-06
3.11434e-06
3.11438e-06
3.11442e-06
3.11447e-06
3.11451e-06
3.11456e-06
3.11462e-06
3.11467e-06
3.11472e-06
3.11478e-06
3.11484e-06
3.11491e-06
3.11497e-06
3.11504e-06
3.11511e-06
3.11518e-06
3.11525e-06
3.11533e-06
3.1154e-06
3.11548e-06
3.11555e-06
3.11563e-06
3.11571e-06
3.11579e-06
3.11587e-06
3.11595e-06
3.11602e-06
3.1161e-06
3.11618e-06
3.11626e-06
3.11634e-06
3.11642e-06
3.1165e-06
3.11657e-06
3.11665e-06
3.11411e-06
3.11411e-06
3.1141e-06
3.11409e-06
3.11408e-06
3.11408e-06
3.11407e-06
3.11406e-06
3.11406e-06
3.11405e-06
3.11405e-06
3.11404e-06
3.11404e-06
3.11404e-06
3.11404e-06
3.11404e-06
3.11405e-06
3.11406e-06
3.11407e-06
3.11409e-06
3.11411e-06
3.11413e-06
3.11415e-06
3.11417e-06
3.11419e-06
3.11422e-06
3.11424e-06
3.11427e-06
3.1143e-06
3.11433e-06
3.11436e-06
3.11439e-06
3.11443e-06
3.11447e-06
3.11451e-06
3.11455e-06
3.11459e-06
3.11464e-06
3.11468e-06
3.11473e-06
3.11478e-06
3.11484e-06
3.11489e-06
3.11495e-06
3.11501e-06
3.11507e-06
3.11514e-06
3.11521e-06
3.11527e-06
3.11534e-06
3.11541e-06
3.11548e-06
3.11555e-06
3.11562e-06
3.11569e-06
3.11577e-06
3.11584e-06
3.11592e-06
3.11599e-06
3.11606e-06
3.11614e-06
3.11621e-06
3.11629e-06
3.11636e-06
3.11643e-06
3.11651e-06
3.11658e-06
3.11665e-06
3.11423e-06
3.11423e-06
3.11422e-06
3.11422e-06
3.11421e-06
3.11421e-06
3.1142e-06
3.1142e-06
3.1142e-06
3.1142e-06
3.1142e-06
3.11419e-06
3.1142e-06
3.1142e-06
3.1142e-06
3.11421e-06
3.11423e-06
3.11424e-06
3.11426e-06
3.11427e-06
3.11429e-06
3.11431e-06
3.11433e-06
3.11435e-06
3.11437e-06
3.1144e-06
3.11442e-06
3.11445e-06
3.11448e-06
3.11451e-06
3.11454e-06
3.11457e-06
3.11461e-06
3.11465e-06
3.11469e-06
3.11473e-06
3.11477e-06
3.11482e-06
3.11486e-06
3.11491e-06
3.11496e-06
3.11501e-06
3.11507e-06
3.11513e-06
3.11518e-06
3.11525e-06
3.11531e-06
3.11537e-06
3.11543e-06
3.11549e-06
3.11556e-06
3.11563e-06
3.11569e-06
3.11576e-06
3.11583e-06
3.11589e-06
3.11596e-06
3.11603e-06
3.1161e-06
3.11617e-06
3.11624e-06
3.11631e-06
3.11637e-06
3.11644e-06
3.11651e-06
3.11658e-06
3.11664e-06
3.11671e-06
3.11434e-06
3.11434e-06
3.11433e-06
3.11433e-06
3.11433e-06
3.11433e-06
3.11433e-06
3.11433e-06
3.11433e-06
3.11434e-06
3.11434e-06
3.11435e-06
3.11436e-06
3.11437e-06
3.11438e-06
3.1144e-06
3.11441e-06
3.11443e-06
3.11444e-06
3.11446e-06
3.11448e-06
3.1145e-06
3.11452e-06
3.11454e-06
3.11456e-06
3.11459e-06
3.11461e-06
3.11464e-06
3.11467e-06
3.1147e-06
3.11473e-06
3.11476e-06
3.1148e-06
3.11484e-06
3.11488e-06
3.11492e-06
3.11496e-06
3.115e-06
3.11505e-06
3.1151e-06
3.11515e-06
3.1152e-06
3.11525e-06
3.1153e-06
3.11536e-06
3.11541e-06
3.11547e-06
3.11553e-06
3.11559e-06
3.11564e-06
3.1157e-06
3.11576e-06
3.11583e-06
3.11589e-06
3.11595e-06
3.11601e-06
3.11607e-06
3.11614e-06
3.1162e-06
3.11626e-06
3.11633e-06
3.11639e-06
3.11645e-06
3.11651e-06
3.11657e-06
3.11664e-06
3.1167e-06
3.11676e-06
3.11444e-06
3.11444e-06
3.11445e-06
3.11445e-06
3.11445e-06
3.11446e-06
3.11447e-06
3.11448e-06
3.11449e-06
3.1145e-06
3.11451e-06
3.11453e-06
3.11454e-06
3.11455e-06
3.11457e-06
3.11458e-06
3.1146e-06
3.11461e-06
3.11463e-06
3.11465e-06
3.11466e-06
3.11468e-06
3.11471e-06
3.11473e-06
3.11475e-06
3.11478e-06
3.1148e-06
3.11483e-06
3.11486e-06
3.11489e-06
3.11492e-06
3.11495e-06
3.11499e-06
3.11503e-06
3.11506e-06
3.1151e-06
3.11514e-06
3.11519e-06
3.11523e-06
3.11528e-06
3.11532e-06
3.11537e-06
3.11542e-06
3.11547e-06
3.11552e-06
3.11557e-06
3.11562e-06
3.11568e-06
3.11573e-06
3.11578e-06
3.11584e-06
3.11589e-06
3.11595e-06
3.11601e-06
3.11606e-06
3.11612e-06
3.11618e-06
3.11623e-06
3.11629e-06
3.11635e-06
3.11641e-06
3.11646e-06
3.11652e-06
3.11658e-06
3.11663e-06
3.11669e-06
3.11675e-06
3.1168e-06
3.11456e-06
3.11457e-06
3.11458e-06
3.11459e-06
3.1146e-06
3.11461e-06
3.11462e-06
3.11463e-06
3.11465e-06
3.11466e-06
3.11467e-06
3.11468e-06
3.1147e-06
3.11471e-06
3.11473e-06
3.11474e-06
3.11476e-06
3.11478e-06
3.11479e-06
3.11481e-06
3.11483e-06
3.11485e-06
3.11488e-06
3.1149e-06
3.11492e-06
3.11495e-06
3.11498e-06
3.115e-06
3.11503e-06
3.11506e-06
3.1151e-06
3.11513e-06
3.11517e-06
3.1152e-06
3.11524e-06
3.11528e-06
3.11532e-06
3.11536e-06
3.1154e-06
3.11544e-06
3.11549e-06
3.11553e-06
3.11558e-06
3.11562e-06
3.11567e-06
3.11571e-06
3.11576e-06
3.11581e-06
3.11586e-06
3.11591e-06
3.11596e-06
3.11601e-06
3.11606e-06
3.11611e-06
3.11616e-06
3.11621e-06
3.11626e-06
3.11632e-06
3.11637e-06
3.11642e-06
3.11647e-06
3.11653e-06
3.11658e-06
3.11663e-06
3.11668e-06
3.11674e-06
3.11679e-06
3.11684e-06
3.11689e-06
3.11468e-06
3.11469e-06
3.11471e-06
3.11472e-06
3.11473e-06
3.11474e-06
3.11475e-06
3.11477e-06
3.11478e-06
3.11479e-06
3.11481e-06
3.11482e-06
3.11484e-06
3.11485e-06
3.11487e-06
3.11489e-06
3.1149e-06
3.11492e-06
3.11494e-06
3.11496e-06
3.11498e-06
3.11501e-06
3.11503e-06
3.11505e-06
3.11508e-06
3.11511e-06
3.11513e-06
3.11516e-06
3.11519e-06
3.11522e-06
3.11526e-06
3.11529e-06
3.11532e-06
3.11536e-06
3.11539e-06
3.11543e-06
3.11547e-06
3.11551e-06
3.11554e-06
3.11558e-06
3.11562e-06
3.11566e-06
3.1157e-06
3.11575e-06
3.11579e-06
3.11583e-06
3.11587e-06
3.11592e-06
3.11596e-06
3.11601e-06
3.11605e-06
3.1161e-06
3.11615e-06
3.11619e-06
3.11624e-06
3.11629e-06
3.11633e-06
3.11638e-06
3.11643e-06
3.11648e-06
3.11653e-06
3.11657e-06
3.11662e-06
3.11667e-06
3.11672e-06
3.11677e-06
3.11682e-06
3.11687e-06
3.11692e-06
3.11479e-06
3.1148e-06
3.11481e-06
3.11483e-06
3.11484e-06
3.11485e-06
3.11487e-06
3.11488e-06
3.11489e-06
3.11491e-06
3.11493e-06
3.11494e-06
3.11496e-06
3.11498e-06
3.11499e-06
3.11501e-06
3.11503e-06
3.11505e-06
3.11507e-06
3.11509e-06
3.11512e-06
3.11514e-06
3.11516e-06
3.11519e-06
3.11521e-06
3.11524e-06
3.11527e-06
3.1153e-06
3.11533e-06
3.11536e-06
3.11539e-06
3.11542e-06
3.11545e-06
3.11548e-06
3.11552e-06
3.11555e-06
3.11558e-06
3.11562e-06
3.11565e-06
3.11569e-06
3.11573e-06
3.11576e-06
3.1158e-06
3.11584e-06
3.11588e-06
3.11592e-06
3.11596e-06
3.116e-06
3.11604e-06
3.11608e-06
3.11612e-06
3.11616e-06
3.1162e-06
3.11624e-06
3.11629e-06
3.11633e-06
3.11637e-06
3.11642e-06
3.11646e-06
3.11651e-06
3.11655e-06
3.1166e-06
3.11664e-06
3.11669e-06
3.11674e-06
3.11678e-06
3.11683e-06
3.11688e-06
3.11692e-06
3.11697e-06
3.11488e-06
3.11489e-06
3.11491e-06
3.11492e-06
3.11493e-06
3.11495e-06
3.11496e-06
3.11498e-06
3.11499e-06
3.11501e-06
3.11503e-06
3.11504e-06
3.11506e-06
3.11508e-06
3.1151e-06
3.11512e-06
3.11514e-06
3.11516e-06
3.11518e-06
3.1152e-06
3.11523e-06
3.11525e-06
3.11527e-06
3.1153e-06
3.11532e-06
3.11535e-06
3.11538e-06
3.1154e-06
3.11543e-06
3.11546e-06
3.11549e-06
3.11552e-06
3.11555e-06
3.11558e-06
3.11561e-06
3.11564e-06
3.11567e-06
3.1157e-06
3.11573e-06
3.11576e-06
3.1158e-06
3.11583e-06
3.11586e-06
3.1159e-06
3.11593e-06
3.11597e-06
3.116e-06
3.11604e-06
3.11607e-06
3.11611e-06
3.11615e-06
3.11619e-06
3.11622e-06
3.11626e-06
3.1163e-06
3.11634e-06
3.11638e-06
3.11642e-06
3.11646e-06
3.1165e-06
3.11654e-06
3.11659e-06
3.11663e-06
3.11667e-06
3.11672e-06
3.11676e-06
3.11681e-06
3.11685e-06
3.1169e-06
3.11695e-06
3.11495e-06
3.11497e-06
3.11498e-06
3.115e-06
3.11501e-06
3.11503e-06
3.11504e-06
3.11506e-06
3.11508e-06
3.11509e-06
3.11511e-06
3.11513e-06
3.11515e-06
3.11517e-06
3.11519e-06
3.11521e-06
3.11523e-06
3.11525e-06
3.11527e-06
3.11529e-06
3.11532e-06
3.11534e-06
3.11536e-06
3.11539e-06
3.11541e-06
3.11543e-06
3.11546e-06
3.11548e-06
3.11551e-06
3.11553e-06
3.11556e-06
3.11559e-06
3.11561e-06
3.11564e-06
3.11567e-06
3.11569e-06
3.11572e-06
3.11575e-06
3.11578e-06
3.11581e-06
3.11584e-06
3.11587e-06
3.1159e-06
3.11593e-06
3.11596e-06
3.11599e-06
3.11602e-06
3.11605e-06
3.11608e-06
3.11611e-06
3.11615e-06
3.11618e-06
3.11621e-06
3.11625e-06
3.11628e-06
3.11632e-06
3.11636e-06
3.11639e-06
3.11643e-06
3.11647e-06
3.11651e-06
3.11655e-06
3.11659e-06
3.11663e-06
3.11667e-06
3.11672e-06
3.11676e-06
3.11681e-06
3.11685e-06
3.1169e-06
3.11502e-06
3.11503e-06
3.11505e-06
3.11506e-06
3.11508e-06
3.1151e-06
3.11511e-06
3.11513e-06
3.11515e-06
3.11517e-06
3.11519e-06
3.1152e-06
3.11522e-06
3.11524e-06
3.11526e-06
3.11528e-06
3.1153e-06
3.11532e-06
3.11534e-06
3.11536e-06
3.11539e-06
3.11541e-06
3.11543e-06
3.11545e-06
3.11547e-06
3.1155e-06
3.11552e-06
3.11554e-06
3.11556e-06
3.11559e-06
3.11561e-06
3.11563e-06
3.11566e-06
3.11568e-06
3.11571e-06
3.11573e-06
3.11576e-06
3.11578e-06
3.1158e-06
3.11583e-06
3.11586e-06
3.11588e-06
3.11591e-06
3.11593e-06
3.11596e-06
3.11599e-06
3.11601e-06
3.11604e-06
3.11607e-06
3.1161e-06
3.11613e-06
3.11615e-06
3.11618e-06
3.11621e-06
3.11625e-06
3.11628e-06
3.11631e-06
3.11634e-06
3.11638e-06
3.11641e-06
3.11645e-06
3.11648e-06
3.11652e-06
3.11656e-06
3.1166e-06
3.11664e-06
3.11669e-06
3.11673e-06
3.11678e-06
3.11682e-06
3.11508e-06
3.11509e-06
3.11511e-06
3.11513e-06
3.11514e-06
3.11516e-06
3.11518e-06
3.11519e-06
3.11521e-06
3.11523e-06
3.11525e-06
3.11527e-06
3.11529e-06
3.1153e-06
3.11532e-06
3.11534e-06
3.11536e-06
3.11538e-06
3.1154e-06
3.11542e-06
3.11544e-06
3.11546e-06
3.11548e-06
3.1155e-06
3.11552e-06
3.11554e-06
3.11556e-06
3.11558e-06
3.11561e-06
3.11563e-06
3.11565e-06
3.11567e-06
3.11569e-06
3.11571e-06
3.11573e-06
3.11575e-06
3.11577e-06
3.11579e-06
3.11582e-06
3.11584e-06
3.11586e-06
3.11588e-06
3.1159e-06
3.11593e-06
3.11595e-06
3.11597e-06
3.11599e-06
3.11602e-06
3.11604e-06
3.11607e-06
3.11609e-06
3.11612e-06
3.11614e-06
3.11617e-06
3.1162e-06
3.11622e-06
3.11625e-06
3.11628e-06
3.11631e-06
3.11634e-06
3.11638e-06
3.11641e-06
3.11644e-06
3.11648e-06
3.11652e-06
3.11656e-06
3.1166e-06
3.11664e-06
3.11668e-06
3.11673e-06
3.11513e-06
3.11515e-06
3.11516e-06
3.11518e-06
3.1152e-06
3.11521e-06
3.11523e-06
3.11525e-06
3.11527e-06
3.11528e-06
3.1153e-06
3.11532e-06
3.11534e-06
3.11536e-06
3.11537e-06
3.11539e-06
3.11541e-06
3.11543e-06
3.11545e-06
3.11547e-06
3.11549e-06
3.1155e-06
3.11552e-06
3.11554e-06
3.11556e-06
3.11558e-06
3.1156e-06
3.11562e-06
3.11564e-06
3.11565e-06
3.11567e-06
3.11569e-06
3.11571e-06
3.11573e-06
3.11575e-06
3.11576e-06
3.11578e-06
3.1158e-06
3.11582e-06
3.11584e-06
3.11586e-06
3.11588e-06
3.1159e-06
3.11592e-06
3.11593e-06
3.11595e-06
3.11597e-06
3.11599e-06
3.11601e-06
3.11604e-06
3.11606e-06
3.11608e-06
3.1161e-06
3.11612e-06
3.11615e-06
3.11617e-06
3.1162e-06
3.11622e-06
3.11625e-06
3.11628e-06
3.11631e-06
3.11634e-06
3.11637e-06
3.1164e-06
3.11643e-06
3.11647e-06
3.11651e-06
3.11655e-06
3.11659e-06
3.11663e-06
3.11518e-06
3.11519e-06
3.11521e-06
3.11523e-06
3.11524e-06
3.11526e-06
3.11528e-06
3.11529e-06
3.11531e-06
3.11533e-06
3.11535e-06
3.11536e-06
3.11538e-06
3.1154e-06
3.11542e-06
3.11543e-06
3.11545e-06
3.11547e-06
3.11549e-06
3.11551e-06
3.11552e-06
3.11554e-06
3.11556e-06
3.11558e-06
3.11559e-06
3.11561e-06
3.11563e-06
3.11564e-06
3.11566e-06
3.11568e-06
3.1157e-06
3.11571e-06
3.11573e-06
3.11575e-06
3.11576e-06
3.11578e-06
3.11579e-06
3.11581e-06
3.11583e-06
3.11584e-06
3.11586e-06
3.11588e-06
3.11589e-06
3.11591e-06
3.11593e-06
3.11594e-06
3.11596e-06
3.11598e-06
3.116e-06
3.11601e-06
3.11603e-06
3.11605e-06
3.11607e-06
3.11609e-06
3.11611e-06
3.11613e-06
3.11615e-06
3.11618e-06
3.1162e-06
3.11622e-06
3.11625e-06
3.11628e-06
3.1163e-06
3.11633e-06
3.11636e-06
3.1164e-06
3.11643e-06
3.11647e-06
3.11651e-06
3.11655e-06
3.11522e-06
3.11523e-06
3.11525e-06
3.11527e-06
3.11528e-06
3.1153e-06
3.11532e-06
3.11534e-06
3.11535e-06
3.11537e-06
3.11539e-06
3.1154e-06
3.11542e-06
3.11544e-06
3.11546e-06
3.11547e-06
3.11549e-06
3.11551e-06
3.11552e-06
3.11554e-06
3.11556e-06
3.11558e-06
3.11559e-06
3.11561e-06
3.11562e-06
3.11564e-06
3.11566e-06
3.11567e-06
3.11569e-06
3.11571e-06
3.11572e-06
3.11574e-06
3.11575e-06
3.11577e-06
3.11578e-06
3.1158e-06
3.11581e-06
3.11583e-06
3.11584e-06
3.11586e-06
3.11587e-06
3.11589e-06
3.1159e-06
3.11592e-06
3.11593e-06
3.11595e-06
3.11596e-06
3.11598e-06
3.11599e-06
3.11601e-06
3.11603e-06
3.11604e-06
3.11606e-06
3.11608e-06
3.11609e-06
3.11611e-06
3.11613e-06
3.11615e-06
3.11617e-06
3.11619e-06
3.11621e-06
3.11624e-06
3.11626e-06
3.11629e-06
3.11632e-06
3.11634e-06
3.11637e-06
3.11641e-06
3.11644e-06
3.11648e-06
3.11526e-06
3.11527e-06
3.11529e-06
3.11531e-06
3.11532e-06
3.11534e-06
3.11536e-06
3.11537e-06
3.11539e-06
3.11541e-06
3.11543e-06
3.11544e-06
3.11546e-06
3.11548e-06
3.11549e-06
3.11551e-06
3.11553e-06
3.11554e-06
3.11556e-06
3.11558e-06
3.11559e-06
3.11561e-06
3.11563e-06
3.11564e-06
3.11566e-06
3.11567e-06
3.11569e-06
3.1157e-06
3.11572e-06
3.11574e-06
3.11575e-06
3.11577e-06
3.11578e-06
3.11579e-06
3.11581e-06
3.11582e-06
3.11584e-06
3.11585e-06
3.11587e-06
3.11588e-06
3.11589e-06
3.11591e-06
3.11592e-06
3.11594e-06
3.11595e-06
3.11596e-06
3.11598e-06
3.11599e-06
3.11601e-06
3.11602e-06
3.11603e-06
3.11605e-06
3.11606e-06
3.11608e-06
3.1161e-06
3.11611e-06
3.11613e-06
3.11615e-06
3.11616e-06
3.11618e-06
3.1162e-06
3.11622e-06
3.11624e-06
3.11627e-06
3.11629e-06
3.11632e-06
3.11634e-06
3.11637e-06
3.1164e-06
3.11644e-06
3.11529e-06
3.11531e-06
3.11533e-06
3.11534e-06
3.11536e-06
3.11538e-06
3.11539e-06
3.11541e-06
3.11543e-06
3.11544e-06
3.11546e-06
3.11548e-06
3.11549e-06
3.11551e-06
3.11553e-06
3.11554e-06
3.11556e-06
3.11558e-06
3.11559e-06
3.11561e-06
3.11563e-06
3.11564e-06
3.11566e-06
3.11567e-06
3.11569e-06
3.1157e-06
3.11572e-06
3.11574e-06
3.11575e-06
3.11577e-06
3.11578e-06
3.1158e-06
3.11581e-06
3.11582e-06
3.11584e-06
3.11585e-06
3.11587e-06
3.11588e-06
3.11589e-06
3.11591e-06
3.11592e-06
3.11594e-06
3.11595e-06
3.11596e-06
3.11598e-06
3.11599e-06
3.116e-06
3.11602e-06
3.11603e-06
3.11604e-06
3.11606e-06
3.11607e-06
3.11608e-06
3.1161e-06
3.11611e-06
3.11613e-06
3.11614e-06
3.11616e-06
3.11617e-06
3.11619e-06
3.11621e-06
3.11623e-06
3.11624e-06
3.11627e-06
3.11629e-06
3.11631e-06
3.11633e-06
3.11636e-06
3.11639e-06
3.11641e-06
3.11532e-06
3.11534e-06
3.11536e-06
3.11537e-06
3.11539e-06
3.11541e-06
3.11542e-06
3.11544e-06
3.11546e-06
3.11547e-06
3.11549e-06
3.11551e-06
3.11552e-06
3.11554e-06
3.11556e-06
3.11557e-06
3.11559e-06
3.1156e-06
3.11562e-06
3.11564e-06
3.11565e-06
3.11567e-06
3.11569e-06
3.1157e-06
3.11572e-06
3.11573e-06
3.11575e-06
3.11576e-06
3.11578e-06
3.1158e-06
3.11581e-06
3.11583e-06
3.11584e-06
3.11585e-06
3.11587e-06
3.11588e-06
3.1159e-06
3.11591e-06
3.11593e-06
3.11594e-06
3.11595e-06
3.11597e-06
3.11598e-06
3.11599e-06
3.11601e-06
3.11602e-06
3.11603e-06
3.11605e-06
3.11606e-06
3.11607e-06
3.11609e-06
3.1161e-06
3.11611e-06
3.11613e-06
3.11614e-06
3.11615e-06
3.11617e-06
3.11618e-06
3.1162e-06
3.11621e-06
3.11623e-06
3.11625e-06
3.11626e-06
3.11628e-06
3.1163e-06
3.11632e-06
3.11634e-06
3.11636e-06
3.11639e-06
3.11641e-06
3.11535e-06
3.11536e-06
3.11538e-06
3.1154e-06
3.11541e-06
3.11543e-06
3.11545e-06
3.11546e-06
3.11548e-06
3.1155e-06
3.11551e-06
3.11553e-06
3.11555e-06
3.11556e-06
3.11558e-06
3.1156e-06
3.11561e-06
3.11563e-06
3.11565e-06
3.11566e-06
3.11568e-06
3.1157e-06
3.11571e-06
3.11573e-06
3.11575e-06
3.11576e-06
3.11578e-06
3.11579e-06
3.11581e-06
3.11583e-06
3.11584e-06
3.11586e-06
3.11587e-06
3.11589e-06
3.1159e-06
3.11592e-06
3.11593e-06
3.11595e-06
3.11596e-06
3.11598e-06
3.11599e-06
3.11601e-06
3.11602e-06
3.11603e-06
3.11605e-06
3.11606e-06
3.11608e-06
3.11609e-06
3.1161e-06
3.11612e-06
3.11613e-06
3.11614e-06
3.11616e-06
3.11617e-06
3.11618e-06
3.1162e-06
3.11621e-06
3.11623e-06
3.11624e-06
3.11625e-06
3.11627e-06
3.11629e-06
3.1163e-06
3.11632e-06
3.11634e-06
3.11635e-06
3.11637e-06
3.11639e-06
3.11641e-06
3.11644e-06
3.11536e-06
3.11538e-06
3.1154e-06
3.11541e-06
3.11543e-06
3.11545e-06
3.11546e-06
3.11548e-06
3.1155e-06
3.11552e-06
3.11553e-06
3.11555e-06
3.11557e-06
3.11558e-06
3.1156e-06
3.11562e-06
3.11564e-06
3.11565e-06
3.11567e-06
3.11569e-06
3.11571e-06
3.11572e-06
3.11574e-06
3.11576e-06
3.11577e-06
3.11579e-06
3.11581e-06
3.11583e-06
3.11584e-06
3.11586e-06
3.11588e-06
3.11589e-06
3.11591e-06
3.11593e-06
3.11594e-06
3.11596e-06
3.11597e-06
3.11599e-06
3.11601e-06
3.11602e-06
3.11604e-06
3.11605e-06
3.11607e-06
3.11608e-06
3.1161e-06
3.11611e-06
3.11613e-06
3.11614e-06
3.11616e-06
3.11617e-06
3.11619e-06
3.1162e-06
3.11622e-06
3.11623e-06
3.11624e-06
3.11626e-06
3.11627e-06
3.11629e-06
3.1163e-06
3.11632e-06
3.11633e-06
3.11634e-06
3.11636e-06
3.11638e-06
3.11639e-06
3.11641e-06
3.11643e-06
3.11644e-06
3.11646e-06
3.11648e-06
3.11537e-06
3.11539e-06
3.11541e-06
3.11543e-06
3.11544e-06
3.11546e-06
3.11548e-06
3.1155e-06
3.11551e-06
3.11553e-06
3.11555e-06
3.11557e-06
3.11559e-06
3.1156e-06
3.11562e-06
3.11564e-06
3.11566e-06
3.11568e-06
3.11569e-06
3.11571e-06
3.11573e-06
3.11575e-06
3.11577e-06
3.11578e-06
3.1158e-06
3.11582e-06
3.11584e-06
3.11586e-06
3.11588e-06
3.11589e-06
3.11591e-06
3.11593e-06
3.11595e-06
3.11597e-06
3.11598e-06
3.116e-06
3.11602e-06
3.11604e-06
3.11605e-06
3.11607e-06
3.11609e-06
3.11611e-06
3.11612e-06
3.11614e-06
3.11616e-06
3.11617e-06
3.11619e-06
3.11621e-06
3.11622e-06
3.11624e-06
3.11625e-06
3.11627e-06
3.11628e-06
3.1163e-06
3.11632e-06
3.11633e-06
3.11635e-06
3.11636e-06
3.11638e-06
3.11639e-06
3.11641e-06
3.11642e-06
3.11644e-06
3.11645e-06
3.11647e-06
3.11648e-06
3.1165e-06
3.11652e-06
3.11654e-06
3.11655e-06
3.11538e-06
3.1154e-06
3.11541e-06
3.11543e-06
3.11545e-06
3.11547e-06
3.11549e-06
3.1155e-06
3.11552e-06
3.11554e-06
3.11556e-06
3.11558e-06
3.11559e-06
3.11561e-06
3.11563e-06
3.11565e-06
3.11567e-06
3.11569e-06
3.1157e-06
3.11572e-06
3.11574e-06
3.11576e-06
3.11578e-06
3.1158e-06
3.11582e-06
3.11584e-06
3.11586e-06
3.11588e-06
3.1159e-06
3.11592e-06
3.11594e-06
3.11596e-06
3.11598e-06
3.116e-06
3.11601e-06
3.11603e-06
3.11605e-06
3.11607e-06
3.11609e-06
3.11611e-06
3.11613e-06
3.11615e-06
3.11617e-06
3.11619e-06
3.11621e-06
3.11623e-06
3.11625e-06
3.11626e-06
3.11628e-06
3.1163e-06
3.11632e-06
3.11634e-06
3.11635e-06
3.11637e-06
3.11639e-06
3.11641e-06
3.11642e-06
3.11644e-06
3.11646e-06
3.11647e-06
3.11649e-06
3.11651e-06
3.11652e-06
3.11654e-06
3.11656e-06
3.11657e-06
3.11659e-06
3.11661e-06
3.11662e-06
3.11664e-06
3.11537e-06
3.11539e-06
3.11541e-06
3.11542e-06
3.11544e-06
3.11546e-06
3.11548e-06
3.11549e-06
3.11551e-06
3.11553e-06
3.11555e-06
3.11557e-06
3.11558e-06
3.1156e-06
3.11562e-06
3.11564e-06
3.11566e-06
3.11568e-06
3.1157e-06
3.11572e-06
3.11574e-06
3.11576e-06
3.11578e-06
3.1158e-06
3.11582e-06
3.11584e-06
3.11586e-06
3.11588e-06
3.1159e-06
3.11592e-06
3.11594e-06
3.11596e-06
3.11599e-06
3.11601e-06
3.11603e-06
3.11605e-06
3.11607e-06
3.11609e-06
3.11612e-06
3.11614e-06
3.11616e-06
3.11618e-06
3.1162e-06
3.11623e-06
3.11625e-06
3.11627e-06
3.11629e-06
3.11631e-06
3.11633e-06
3.11635e-06
3.11638e-06
3.1164e-06
3.11642e-06
3.11644e-06
3.11646e-06
3.11648e-06
3.1165e-06
3.11652e-06
3.11654e-06
3.11656e-06
3.11657e-06
3.11659e-06
3.11661e-06
3.11663e-06
3.11665e-06
3.11667e-06
3.11668e-06
3.1167e-06
3.11672e-06
3.11674e-06
3.11534e-06
3.11536e-06
3.11538e-06
3.11539e-06
3.11541e-06
3.11543e-06
3.11544e-06
3.11546e-06
3.11548e-06
3.1155e-06
3.11551e-06
3.11553e-06
3.11555e-06
3.11557e-06
3.11559e-06
3.11561e-06
3.11562e-06
3.11564e-06
3.11566e-06
3.11568e-06
3.1157e-06
3.11572e-06
3.11575e-06
3.11577e-06
3.11579e-06
3.11581e-06
3.11583e-06
3.11585e-06
3.11588e-06
3.1159e-06
3.11592e-06
3.11595e-06
3.11597e-06
3.11599e-06
3.11602e-06
3.11604e-06
3.11607e-06
3.11609e-06
3.11612e-06
3.11614e-06
3.11617e-06
3.11619e-06
3.11622e-06
3.11624e-06
3.11627e-06
3.11629e-06
3.11632e-06
3.11634e-06
3.11637e-06
3.11639e-06
3.11642e-06
3.11644e-06
3.11647e-06
3.11649e-06
3.11652e-06
3.11654e-06
3.11656e-06
3.11659e-06
3.11661e-06
3.11663e-06
3.11665e-06
3.11668e-06
3.1167e-06
3.11672e-06
3.11674e-06
3.11676e-06
3.11678e-06
3.1168e-06
3.11682e-06
3.11684e-06
3.11529e-06
3.1153e-06
3.11532e-06
3.11533e-06
3.11535e-06
3.11537e-06
3.11538e-06
3.1154e-06
3.11542e-06
3.11543e-06
3.11545e-06
3.11547e-06
3.11549e-06
3.1155e-06
3.11552e-06
3.11554e-06
3.11556e-06
3.11558e-06
3.1156e-06
3.11562e-06
3.11564e-06
3.11566e-06
3.11568e-06
3.1157e-06
3.11573e-06
3.11575e-06
3.11577e-06
3.1158e-06
3.11582e-06
3.11585e-06
3.11587e-06
3.1159e-06
3.11592e-06
3.11595e-06
3.11598e-06
3.116e-06
3.11603e-06
3.11606e-06
3.11609e-06
3.11612e-06
3.11614e-06
3.11617e-06
3.1162e-06
3.11623e-06
3.11626e-06
3.11629e-06
3.11632e-06
3.11635e-06
3.11638e-06
3.11641e-06
3.11644e-06
3.11647e-06
3.1165e-06
3.11652e-06
3.11655e-06
3.11658e-06
3.11661e-06
3.11664e-06
3.11667e-06
3.11669e-06
3.11672e-06
3.11675e-06
3.11677e-06
3.1168e-06
3.11683e-06
3.11685e-06
3.11688e-06
3.1169e-06
3.11692e-06
3.11695e-06
3.1152e-06
3.11522e-06
3.11523e-06
3.11525e-06
3.11526e-06
3.11527e-06
3.11529e-06
3.1153e-06
3.11532e-06
3.11534e-06
3.11535e-06
3.11537e-06
3.11539e-06
3.1154e-06
3.11542e-06
3.11544e-06
3.11546e-06
3.11548e-06
3.11549e-06
3.11551e-06
3.11553e-06
3.11556e-06
3.11558e-06
3.1156e-06
3.11562e-06
3.11565e-06
3.11567e-06
3.11569e-06
3.11572e-06
3.11575e-06
3.11577e-06
3.1158e-06
3.11583e-06
3.11586e-06
3.11589e-06
3.11592e-06
3.11595e-06
3.11598e-06
3.11601e-06
3.11605e-06
3.11608e-06
3.11611e-06
3.11615e-06
3.11618e-06
3.11621e-06
3.11625e-06
3.11628e-06
3.11632e-06
3.11635e-06
3.11639e-06
3.11642e-06
3.11646e-06
3.11649e-06
3.11653e-06
3.11657e-06
3.1166e-06
3.11664e-06
3.11668e-06
3.11671e-06
3.11675e-06
3.11678e-06
3.11681e-06
3.11684e-06
3.11688e-06
3.11691e-06
3.11694e-06
3.11697e-06
3.117e-06
3.11703e-06
3.11705e-06
3.11508e-06
3.1151e-06
3.11511e-06
3.11512e-06
3.11513e-06
3.11515e-06
3.11516e-06
3.11517e-06
3.11518e-06
3.1152e-06
3.11521e-06
3.11523e-06
3.11524e-06
3.11526e-06
3.11527e-06
3.11529e-06
3.1153e-06
3.11532e-06
3.11534e-06
3.11536e-06
3.11538e-06
3.1154e-06
3.11542e-06
3.11544e-06
3.11546e-06
3.11548e-06
3.1155e-06
3.11553e-06
3.11555e-06
3.11558e-06
3.11561e-06
3.11564e-06
3.11567e-06
3.1157e-06
3.11573e-06
3.11576e-06
3.1158e-06
3.11583e-06
3.11587e-06
3.11591e-06
3.11594e-06
3.11598e-06
3.11602e-06
3.11606e-06
3.1161e-06
3.11614e-06
3.11618e-06
3.11622e-06
3.11627e-06
3.11631e-06
3.11635e-06
3.11639e-06
3.11644e-06
3.11648e-06
3.11652e-06
3.11657e-06
3.11661e-06
3.11665e-06
3.1167e-06
3.11674e-06
3.11678e-06
3.11682e-06
3.11686e-06
3.1169e-06
3.11694e-06
3.11698e-06
3.11702e-06
3.11706e-06
3.11709e-06
3.11713e-06
3.11493e-06
3.11494e-06
3.11495e-06
3.11495e-06
3.11496e-06
3.11497e-06
3.11498e-06
3.11499e-06
3.115e-06
3.11501e-06
3.11502e-06
3.11503e-06
3.11504e-06
3.11506e-06
3.11507e-06
3.11508e-06
3.11509e-06
3.11511e-06
3.11512e-06
3.11513e-06
3.11515e-06
3.11516e-06
3.11518e-06
3.1152e-06
3.11521e-06
3.11523e-06
3.11525e-06
3.11527e-06
3.11529e-06
3.11532e-06
3.11535e-06
3.11537e-06
3.1154e-06
3.11543e-06
3.11546e-06
3.11549e-06
3.11553e-06
3.11556e-06
3.1156e-06
3.11564e-06
3.11568e-06
3.11573e-06
3.11577e-06
3.11582e-06
3.11586e-06
3.11591e-06
3.11596e-06
3.11601e-06
3.11607e-06
3.11612e-06
3.11618e-06
3.11624e-06
3.1163e-06
3.11636e-06
3.11642e-06
3.11648e-06
3.11654e-06
3.1166e-06
3.11666e-06
3.11672e-06
3.11678e-06
3.11684e-06
3.11689e-06
3.11695e-06
3.117e-06
3.11706e-06
3.11711e-06
3.11716e-06
3.11721e-06
3.11725e-06
3.11473e-06
3.11473e-06
3.11474e-06
3.11474e-06
3.11475e-06
3.11475e-06
3.11476e-06
3.11476e-06
3.11477e-06
3.11477e-06
3.11478e-06
3.11478e-06
3.11479e-06
3.1148e-06
3.1148e-06
3.11481e-06
3.11481e-06
3.11482e-06
3.11483e-06
3.11483e-06
3.11484e-06
3.11485e-06
3.11486e-06
3.11486e-06
3.11487e-06
3.11488e-06
3.11489e-06
3.1149e-06
3.11491e-06
3.11492e-06
3.11493e-06
3.11494e-06
3.11495e-06
3.11497e-06
3.11498e-06
3.115e-06
3.11501e-06
3.11503e-06
3.11505e-06
3.11507e-06
3.1151e-06
3.11512e-06
3.11515e-06
3.11517e-06
3.1152e-06
3.11523e-06
3.11525e-06
3.11528e-06
3.1153e-06
3.11533e-06
3.11537e-06
3.1154e-06
3.11544e-06
3.11549e-06
3.11554e-06
3.11559e-06
3.11564e-06
3.1157e-06
3.11576e-06
3.11583e-06
3.1159e-06
3.11597e-06
3.11604e-06
3.11612e-06
3.1162e-06
3.11628e-06
3.11636e-06
3.11645e-06
3.11653e-06
3.11662e-06
)
;

boundaryField
{
    walls
    {
        type            fixedValue;
        value           uniform 0;
    }
    frontAndBack
    {
        type            empty;
    }
    farfield
    {
        type            calculated;
        value           nonuniform List<scalar> 
70
(
3.11449e-06
3.11449e-06
3.11449e-06
3.11449e-06
3.11449e-06
3.11449e-06
3.11449e-06
3.11449e-06
3.11449e-06
3.11449e-06
3.11449e-06
3.11449e-06
3.11449e-06
3.11449e-06
3.11449e-06
3.11449e-06
3.11449e-06
3.11449e-06
3.11449e-06
3.11449e-06
3.11449e-06
3.11449e-06
3.11449e-06
3.11449e-06
3.11449e-06
3.11449e-06
3.11449e-06
3.11449e-06
3.11449e-06
3.11449e-06
3.11449e-06
3.11449e-06
3.11449e-06
3.11449e-06
3.11449e-06
3.11449e-06
3.11449e-06
3.11503e-06
3.11505e-06
3.11507e-06
3.1151e-06
3.11512e-06
3.11515e-06
3.11517e-06
3.1152e-06
3.11523e-06
3.11525e-06
3.11528e-06
3.1153e-06
3.11533e-06
3.11537e-06
3.1154e-06
3.11544e-06
3.11549e-06
3.11554e-06
3.11559e-06
3.11564e-06
3.1157e-06
3.11576e-06
3.11583e-06
3.1159e-06
3.11597e-06
3.11604e-06
3.11612e-06
3.1162e-06
3.11628e-06
3.11636e-06
3.11645e-06
3.11653e-06
3.11662e-06
)
;
    }
    procBoundary0to1
    {
        type            processor;
        value           nonuniform List<scalar> 
105
(
1.94082e-11
1.50946e-09
1.2821e-08
6.01519e-08
2.2543e-07
7.37408e-07
2.1816e-06
5.69817e-06
1.24023e-05
2.29826e-05
3.7533e-05
5.56163e-05
7.64936e-05
9.93937e-05
0.000123711
0.000149076
0.000175332
0.000202458
0.000230498
0.000259498
0.000289459
0.000320301
0.000351827
0.000383693
0.000415377
0.000446135
0.000474968
0.000500566
0.000521251
0.000534916
0.000538959
0.000530222
0.00050497
0.000458962
0.000387758
0.00028746
0.000156527
3.37298e-05
4.84421e-06
2.86793e-06
2.79385e-06
2.90059e-06
2.99773e-06
2.99773e-06
3.05504e-06
3.0814e-06
3.09414e-06
3.10083e-06
3.10453e-06
3.10661e-06
3.10774e-06
3.10839e-06
3.10885e-06
3.10927e-06
3.10971e-06
3.1098e-06
3.1099e-06
3.1099e-06
3.11015e-06
3.11045e-06
3.11045e-06
3.11067e-06
3.11088e-06
3.11107e-06
3.1113e-06
3.11154e-06
3.11173e-06
3.11193e-06
3.11224e-06
3.11256e-06
3.11256e-06
3.11291e-06
3.11321e-06
3.11346e-06
3.11367e-06
3.11384e-06
3.11399e-06
3.11412e-06
3.11424e-06
3.11434e-06
3.11444e-06
3.11454e-06
3.11467e-06
3.11478e-06
3.11487e-06
3.11494e-06
3.115e-06
3.11506e-06
3.11511e-06
3.11516e-06
3.1152e-06
3.11524e-06
3.11527e-06
3.1153e-06
3.11533e-06
3.11535e-06
3.11536e-06
3.11536e-06
3.11535e-06
3.11532e-06
3.11527e-06
3.11519e-06
3.11507e-06
3.11492e-06
3.11472e-06
)
;
    }
    procBoundary0to2
    {
        type            processor;
        value           nonuniform List<scalar> 
108
(
1.32634e-11
1.27348e-09
1.24538e-08
6.12688e-08
2.14861e-07
6.136e-07
1.51926e-06
3.36352e-06
6.74016e-06
1.22517e-05
2.0267e-05
3.07955e-05
4.3532e-05
5.79917e-05
7.36552e-05
9.00713e-05
0.000106904
0.000123937
0.000141059
0.000158236
0.000175499
0.000192926
0.000210642
0.000228814
0.000247657
0.000267441
0.0002885
0.00031124
0.000336147
0.000363794
0.000394838
0.000429996
0.000469953
0.000515166
0.000565541
0.000620174
0.000677362
0.000734803
0.000789701
0.000838647
0.000877413
0.000900937
0.000901447
0.000901801
0.000902005
0.000900718
0.000902067
0.000900937
0.00086356
0.000784309
0.000652594
0.000460689
0.000233127
5.8504e-05
9.2036e-06
3.97032e-06
3.25415e-06
3.13854e-06
3.11904e-06
3.11413e-06
3.11189e-06
3.11083e-06
3.11057e-06
3.11086e-06
3.11153e-06
3.11245e-06
3.11342e-06
3.11429e-06
3.11499e-06
3.11552e-06
3.11591e-06
3.1162e-06
3.11642e-06
3.11659e-06
3.11663e-06
3.11663e-06
3.11672e-06
3.11672e-06
3.11672e-06
3.11677e-06
3.11682e-06
3.11685e-06
3.11685e-06
3.11694e-06
3.11696e-06
3.11696e-06
3.11702e-06
3.117e-06
3.11695e-06
3.11687e-06
3.11678e-06
3.11668e-06
3.11659e-06
3.11652e-06
3.11647e-06
3.11645e-06
3.11644e-06
3.11646e-06
3.11651e-06
3.11657e-06
3.11666e-06
3.11676e-06
3.11686e-06
3.11697e-06
3.11708e-06
3.11716e-06
3.1173e-06
3.11671e-06
)
;
    }
}


// ************************************************************************* //
