/*--------------------------------*- C++ -*----------------------------------*\
| =========                 |                                                 |
| \\      /  F ield         | OpenFOAM: The Open Source CFD Toolbox           |
|  \\    /   O peration     | Version:  2412                                  |
|   \\  /    A nd           | Website:  www.openfoam.com                      |
|    \\/     M anipulation  |                                                 |
\*---------------------------------------------------------------------------*/
FoamFile
{
    version     2.0;
    format      ascii;
    arch        "LSB;label=32;scalar=64";
    class       volScalarField;
    location    "80";
    object      p;
}
// * * * * * * * * * * * * * * * * * * * * * * * * * * * * * * * * * * * * * //

dimensions      [0 2 -2 0 0 0 0];

internalField   nonuniform List<scalar> 
7448
(
-317.719
-313.999
-310.008
-305.748
-301.246
-296.528
-291.618
-286.53
-281.291
-275.911
-270.416
-264.821
-259.142
-253.391
-247.584
-241.735
-235.858
-229.963
-224.06
-218.159
-212.269
-206.401
-200.556
-194.746
-188.975
-183.244
-177.564
-171.935
-166.357
-160.836
-155.373
-149.97
-144.626
-139.338
-134.111
-128.943
-123.83
-118.772
-113.77
-108.819
-103.918
-99.0637
-94.254
-89.4881
-84.761
-80.07
-75.4156
-70.7929
-66.1972
-61.629
-57.0862
-52.5651
-48.0631
-43.5786
-39.1096
-34.6549
-30.2127
-25.7805
-21.3582
-16.9466
-12.5438
-8.14833
-3.7585
0.622815
4.99594
9.35881
13.7139
18.0585
22.3931
26.7132
31.0188
35.3083
39.5782
43.8258
48.0489
52.2444
56.4089
60.5365
64.6232
68.6736
72.6547
-317.719
-313.999
-310.008
-305.748
-301.246
-296.528
-291.618
-286.53
-281.291
-275.911
-270.416
-264.821
-259.142
-253.391
-247.584
-241.735
-235.858
-229.963
-224.06
-218.159
-212.269
-206.401
-200.556
-194.746
-188.975
-183.244
-177.564
-171.935
-166.357
-160.836
-155.373
-149.97
-144.626
-139.338
-134.111
-128.943
-123.83
-118.772
-113.77
-108.819
-103.918
-99.0637
-94.2539
-89.4881
-84.761
-80.07
-75.4156
-70.7929
-66.1972
-61.629
-57.0862
-52.5651
-48.0631
-43.5786
-39.1096
-34.6549
-30.2126
-25.7805
-21.3582
-16.9466
-12.5438
-8.1483
-3.75848
0.622836
4.99594
9.35881
13.7139
18.0585
22.3931
26.7133
31.0189
35.3083
39.5783
43.8258
48.0489
52.2444
56.4089
60.5366
64.6232
68.6736
72.6548
-317.719
-313.999
-310.007
-305.748
-301.246
-296.528
-291.618
-286.53
-281.291
-275.911
-270.416
-264.821
-259.142
-253.391
-247.584
-241.735
-235.858
-229.963
-224.06
-218.159
-212.269
-206.401
-200.556
-194.746
-188.975
-183.244
-177.564
-171.935
-166.357
-160.836
-155.373
-149.97
-144.626
-139.338
-134.111
-128.943
-123.83
-118.772
-113.77
-108.819
-103.918
-99.0637
-94.2539
-89.4881
-84.7609
-80.0699
-75.4156
-70.7929
-66.1972
-61.629
-57.0862
-52.5651
-48.0631
-43.5786
-39.1096
-34.6549
-30.2126
-25.7805
-21.3581
-16.9465
-12.5438
-8.14829
-3.75845
0.622854
4.99597
9.35886
13.7139
18.0585
22.3931
26.7133
31.0189
35.3083
39.5783
43.8259
48.0489
52.2444
56.409
60.5366
64.6233
68.6736
72.6548
-317.719
-313.999
-310.007
-305.748
-301.245
-296.528
-291.618
-286.529
-281.291
-275.911
-270.416
-264.821
-259.141
-253.391
-247.584
-241.735
-235.858
-229.963
-224.06
-218.159
-212.269
-206.401
-200.556
-194.746
-188.975
-183.244
-177.564
-171.935
-166.357
-160.836
-155.373
-149.97
-144.625
-139.338
-134.111
-128.943
-123.83
-118.772
-113.77
-108.819
-103.918
-99.0636
-94.2539
-89.488
-84.7609
-80.0699
-75.4155
-70.7929
-66.1971
-61.629
-57.0861
-52.5651
-48.0631
-43.5785
-39.1096
-34.6548
-30.2126
-25.7805
-21.3581
-16.9465
-12.5437
-8.14824
-3.75842
0.622895
4.99602
9.35889
13.714
18.0586
22.3932
26.7133
31.0189
35.3084
39.5783
43.8259
48.049
52.2445
56.409
60.5366
64.6233
68.6737
72.6549
-317.719
-313.998
-310.007
-305.747
-301.245
-296.528
-291.617
-286.529
-281.29
-275.91
-270.415
-264.821
-259.141
-253.39
-247.583
-241.735
-235.858
-229.963
-224.06
-218.159
-212.269
-206.401
-200.556
-194.746
-188.975
-183.243
-177.564
-171.935
-166.357
-160.836
-155.373
-149.97
-144.625
-139.338
-134.111
-128.943
-123.829
-118.772
-113.769
-108.819
-103.918
-99.0636
-94.2538
-89.488
-84.7608
-80.0698
-75.4155
-70.7928
-66.1971
-61.6289
-57.0861
-52.565
-48.063
-43.5785
-39.1095
-34.6548
-30.2125
-25.7804
-21.358
-16.9464
-12.5437
-8.14817
-3.75835
0.622967
4.99608
9.35896
13.7141
18.0587
22.3932
26.7134
31.019
35.3084
39.5784
43.826
48.0491
52.2446
56.4091
60.5367
64.6234
68.6738
72.655
-317.718
-313.997
-310.006
-305.747
-301.244
-296.527
-291.617
-286.529
-281.29
-275.91
-270.415
-264.82
-259.141
-253.39
-247.583
-241.735
-235.858
-229.963
-224.06
-218.159
-212.269
-206.4
-200.556
-194.745
-188.975
-183.243
-177.564
-171.935
-166.357
-160.835
-155.373
-149.97
-144.625
-139.338
-134.111
-128.943
-123.829
-118.772
-113.769
-108.819
-103.918
-99.0634
-94.2537
-89.4878
-84.7607
-80.0697
-75.4153
-70.7927
-66.1969
-61.6288
-57.0859
-52.5649
-48.0629
-43.5783
-39.1094
-34.6547
-30.2124
-25.7803
-21.3579
-16.9463
-12.5436
-8.14806
-3.75823
0.623081
4.9962
9.35908
13.7142
18.0588
22.3933
26.7135
31.0192
35.3086
39.5785
43.8261
48.0492
52.2447
56.4092
60.5369
64.6235
68.6739
72.6551
-317.716
-313.996
-310.005
-305.745
-301.243
-296.526
-291.616
-286.528
-281.289
-275.909
-270.414
-264.82
-259.14
-253.389
-247.582
-241.734
-235.857
-229.962
-224.059
-218.158
-212.268
-206.4
-200.555
-194.745
-188.974
-183.243
-177.564
-171.934
-166.357
-160.835
-155.373
-149.97
-144.625
-139.337
-134.111
-128.942
-123.829
-118.772
-113.769
-108.819
-103.918
-99.0632
-94.2535
-89.4876
-84.7605
-80.0695
-75.4151
-70.7925
-66.1967
-61.6286
-57.0857
-52.5647
-48.0627
-43.5781
-39.1092
-34.6545
-30.2122
-25.7801
-21.3577
-16.9461
-12.5434
-8.14786
-3.75803
0.62329
4.9964
9.35928
13.7144
18.059
22.3936
26.7137
31.0194
35.3088
39.5787
43.8263
48.0494
52.2449
56.4094
60.5371
64.6238
68.6741
72.6553
-317.713
-313.993
-310.002
-305.743
-301.241
-296.524
-291.614
-286.526
-281.287
-275.907
-270.412
-264.818
-259.139
-253.388
-247.581
-241.733
-235.856
-229.961
-224.058
-218.157
-212.267
-206.399
-200.554
-194.744
-188.973
-183.242
-177.563
-171.934
-166.356
-160.835
-155.372
-149.969
-144.624
-139.337
-134.11
-128.942
-123.829
-118.771
-113.769
-108.818
-103.917
-99.0628
-94.2531
-89.4873
-84.7601
-80.0691
-75.4148
-70.7921
-66.1964
-61.6282
-57.0854
-52.5643
-48.0623
-43.5778
-39.1088
-34.6541
-30.2119
-25.7797
-21.3574
-16.9458
-12.543
-8.14752
-3.7577
0.623617
4.99674
9.35962
13.7147
18.0593
22.3939
26.7141
31.0197
35.3091
39.5791
43.8267
48.0497
52.2452
56.4098
60.5374
64.6241
68.6745
72.6557
-317.709
-313.989
-309.999
-305.74
-301.238
-296.521
-291.611
-286.523
-281.285
-275.905
-270.41
-264.816
-259.137
-253.386
-247.579
-241.731
-235.854
-229.96
-224.057
-218.156
-212.266
-206.398
-200.553
-194.743
-188.972
-183.241
-177.562
-171.933
-166.355
-160.834
-155.371
-149.968
-144.624
-139.336
-134.11
-128.941
-123.828
-118.771
-113.768
-108.818
-103.917
-99.0622
-94.2525
-89.4867
-84.7596
-80.0686
-75.4142
-70.7916
-66.1958
-61.6277
-57.0849
-52.5638
-48.0618
-43.5773
-39.1083
-34.6536
-30.2114
-25.7792
-21.3569
-16.9453
-12.5425
-8.147
-3.75718
0.624149
4.99726
9.36015
13.7153
18.0598
22.3944
26.7146
31.0202
35.3097
39.5796
43.8272
48.0503
52.2458
56.4104
60.538
64.6247
68.675
72.6562
-317.703
-313.984
-309.993
-305.735
-301.233
-296.517
-291.607
-286.519
-281.281
-275.901
-270.407
-264.813
-259.134
-253.383
-247.577
-241.729
-235.852
-229.957
-224.055
-218.154
-212.264
-206.396
-200.551
-194.741
-188.971
-183.24
-177.561
-171.931
-166.354
-160.832
-155.37
-149.967
-144.623
-139.335
-134.109
-128.94
-123.827
-118.77
-113.767
-108.817
-103.916
-99.0613
-94.2516
-89.4858
-84.7587
-80.0678
-75.4134
-70.7907
-66.1951
-61.6269
-57.0841
-52.563
-48.061
-43.5765
-39.1075
-34.6528
-30.2106
-25.7785
-21.3561
-16.9445
-12.5417
-8.14623
-3.7564
0.624916
4.99804
9.36093
13.716
18.0606
22.3952
26.7154
31.021
35.3105
39.5804
43.828
48.0511
52.2466
56.4112
60.5388
64.6255
68.6759
72.657
-317.696
-313.976
-309.987
-305.728
-301.227
-296.511
-291.601
-286.514
-281.276
-275.897
-270.403
-264.809
-259.13
-253.38
-247.573
-241.725
-235.849
-229.954
-224.052
-218.151
-212.262
-206.394
-200.549
-194.739
-188.969
-183.238
-177.559
-171.929
-166.352
-160.831
-155.368
-149.965
-144.621
-139.334
-134.107
-128.939
-123.826
-118.769
-113.766
-108.816
-103.915
-99.0601
-94.2505
-89.4847
-84.7576
-80.0666
-75.4123
-70.7896
-66.194
-61.6258
-57.083
-52.5619
-48.06
-43.5754
-39.1065
-34.6518
-30.2095
-25.7774
-21.355
-16.9434
-12.5407
-8.14516
-3.75533
0.625994
4.99912
9.36201
13.7171
18.0617
22.3963
26.7165
31.0221
35.3116
39.5815
43.8292
48.0522
52.2477
56.4123
60.5399
64.6266
68.677
72.6582
-317.685
-313.967
-309.978
-305.72
-301.219
-296.503
-291.594
-286.507
-281.27
-275.891
-270.397
-264.804
-259.125
-253.375
-247.569
-241.721
-235.845
-229.95
-224.048
-218.148
-212.258
-206.39
-200.546
-194.736
-188.966
-183.235
-177.556
-171.927
-166.35
-160.828
-155.366
-149.963
-144.619
-139.332
-134.105
-128.937
-123.824
-118.767
-113.764
-108.814
-103.913
-99.0585
-94.2489
-89.4831
-84.7561
-80.0651
-75.4108
-70.7882
-66.1925
-61.6244
-57.0816
-52.5605
-48.0586
-43.574
-39.1051
-34.6504
-30.2081
-25.776
-21.3536
-16.942
-12.5393
-8.14374
-3.75392
0.627418
5.00054
9.36344
13.7186
18.0632
22.3978
26.718
31.0236
35.313
39.583
43.8306
48.0537
52.2492
56.4138
60.5414
64.6282
68.6785
72.6597
-317.673
-313.955
-309.966
-305.709
-301.209
-296.494
-291.585
-286.499
-281.262
-275.883
-270.39
-264.797
-259.118
-253.369
-247.563
-241.715
-235.839
-229.945
-224.043
-218.143
-212.254
-206.386
-200.542
-194.733
-188.962
-183.232
-177.553
-171.924
-166.347
-160.826
-155.363
-149.961
-144.616
-139.329
-134.103
-128.935
-123.822
-118.765
-113.762
-108.812
-103.911
-99.0565
-94.2469
-89.4812
-84.7542
-80.0633
-75.409
-70.7863
-66.1907
-61.6226
-57.0798
-52.5587
-48.0568
-43.5722
-39.1033
-34.6486
-30.2063
-25.7742
-21.3519
-16.9402
-12.5375
-8.14195
-3.75212
0.629218
5.00235
9.36526
13.7204
18.065
22.3996
26.7198
31.0255
35.3149
39.5849
43.8325
48.0556
52.2511
56.4157
60.5434
64.6301
68.6805
72.6616
-317.657
-313.94
-309.953
-305.696
-301.197
-296.483
-291.575
-286.489
-281.252
-275.874
-270.381
-264.789
-259.111
-253.361
-247.556
-241.709
-235.833
-229.939
-224.038
-218.138
-212.249
-206.381
-200.537
-194.728
-188.958
-183.227
-177.549
-171.92
-166.343
-160.822
-155.36
-149.957
-144.613
-139.326
-134.1
-128.932
-123.819
-118.762
-113.759
-108.809
-103.908
-99.0541
-94.2445
-89.4788
-84.7518
-80.0609
-75.4067
-70.7841
-66.1884
-61.6203
-57.0775
-52.5565
-48.0546
-43.5701
-39.1011
-34.6464
-30.2041
-25.772
-21.3497
-16.938
-12.5353
-8.13973
-3.7499
0.631445
5.00459
9.36751
13.7226
18.0673
22.4019
26.7221
31.0277
35.3172
39.5872
43.8349
48.058
52.2535
56.4181
60.5457
64.6325
68.6829
72.664
-317.638
-313.922
-309.936
-305.681
-301.182
-296.469
-291.561
-286.476
-281.24
-275.863
-270.371
-264.779
-259.101
-253.352
-247.547
-241.701
-235.825
-229.932
-224.031
-218.131
-212.242
-206.375
-200.532
-194.723
-188.953
-183.222
-177.544
-171.915
-166.339
-160.818
-155.356
-149.953
-144.609
-139.322
-134.096
-128.928
-123.815
-118.759
-113.756
-108.806
-103.905
-99.051
-94.2415
-89.4759
-84.7489
-80.0581
-75.4039
-70.7813
-66.1857
-61.6176
-57.0748
-52.5538
-48.0519
-43.5674
-39.0984
-34.6437
-30.2015
-25.7694
-21.347
-16.9354
-12.5326
-8.13704
-3.7472
0.634149
5.0073
9.37024
13.7254
18.07
22.4046
26.7249
31.0305
35.32
39.59
43.8377
48.0608
52.2563
56.4209
60.5486
64.6353
68.6857
72.6669
-317.615
-313.901
-309.916
-305.662
-301.164
-296.452
-291.545
-286.461
-281.226
-275.85
-270.358
-264.766
-259.09
-253.341
-247.537
-241.691
-235.816
-229.923
-224.022
-218.123
-212.235
-206.368
-200.525
-194.716
-188.946
-183.216
-177.538
-171.91
-166.333
-160.813
-155.351
-149.949
-144.605
-139.318
-134.092
-128.924
-123.811
-118.755
-113.752
-108.802
-103.902
-99.0474
-94.238
-89.4724
-84.7455
-80.0547
-75.4005
-70.778
-66.1824
-61.6143
-57.0716
-52.5506
-48.0487
-43.5642
-39.0952
-34.6405
-30.1983
-25.7662
-21.3438
-16.9322
-12.5294
-8.13381
-3.74397
0.637395
5.01055
9.37351
13.7287
18.0733
22.4079
26.7282
31.0339
35.3233
39.5934
43.841
48.0642
52.2597
56.4244
60.552
64.6388
68.6892
72.6703
-317.588
-313.875
-309.891
-305.639
-301.143
-296.432
-291.526
-286.443
-281.209
-275.833
-270.343
-264.752
-259.076
-253.328
-247.525
-241.679
-235.805
-229.913
-224.012
-218.113
-212.226
-206.359
-200.516
-194.708
-188.939
-183.209
-177.531
-171.903
-166.327
-160.806
-155.345
-149.943
-144.599
-139.313
-134.087
-128.919
-123.806
-118.75
-113.748
-108.798
-103.897
-99.0431
-94.2338
-89.4682
-84.7414
-80.0507
-75.3965
-70.774
-66.1785
-61.6104
-57.0677
-52.5467
-48.0448
-43.5603
-39.0914
-34.6367
-30.1945
-25.7623
-21.34
-16.9283
-12.5255
-8.12996
-3.74011
0.641259
5.01443
9.3774
13.7326
18.0772
22.4119
26.7321
31.0378
35.3273
39.5974
43.845
48.0682
52.2638
56.4284
60.5561
64.6428
68.6932
72.6743
-317.555
-313.845
-309.863
-305.612
-301.117
-296.407
-291.504
-286.422
-281.189
-275.814
-270.324
-264.735
-259.06
-253.313
-247.51
-241.665
-235.792
-229.9
-224
-218.102
-212.215
-206.349
-200.506
-194.698
-188.93
-183.2
-177.523
-171.895
-166.319
-160.799
-155.338
-149.936
-144.593
-139.306
-134.081
-128.913
-123.801
-118.744
-113.742
-108.792
-103.892
-99.038
-94.2287
-89.4632
-84.7365
-80.0458
-75.3917
-70.7693
-66.1738
-61.6058
-57.0631
-52.5422
-48.0403
-43.5558
-39.0869
-34.6322
-30.1899
-25.7578
-21.3354
-16.9238
-12.521
-8.12539
-3.73554
0.645845
5.01902
9.38202
13.7372
18.0819
22.4165
26.7368
31.0425
35.332
39.6021
43.8498
48.0729
52.2685
56.4332
60.5608
64.6476
68.698
72.6791
-317.516
-313.808
-309.828
-305.58
-301.087
-296.379
-291.477
-286.396
-281.165
-275.791
-270.303
-264.714
-259.04
-253.295
-247.493
-241.649
-235.776
-229.885
-223.986
-218.088
-212.202
-206.336
-200.495
-194.687
-188.919
-183.19
-177.513
-171.886
-166.31
-160.79
-155.33
-149.928
-144.585
-139.299
-134.073
-128.906
-123.794
-118.738
-113.736
-108.786
-103.886
-99.0319
-94.2227
-89.4574
-84.7307
-80.0401
-75.3861
-70.7637
-66.1683
-61.6003
-57.0576
-52.5367
-48.0348
-43.5504
-39.0815
-34.6268
-30.1846
-25.7524
-21.3301
-16.9184
-12.5156
-8.11999
-3.73013
0.651266
5.02445
9.38747
13.7427
18.0874
22.422
26.7423
31.048
35.3376
39.6076
43.8553
48.0785
52.2741
56.4388
60.5664
64.6532
68.7036
72.6847
-317.47
-313.765
-309.788
-305.541
-301.051
-296.345
-291.445
-286.366
-281.136
-275.765
-270.277
-264.69
-259.017
-253.273
-247.472
-241.629
-235.757
-229.867
-223.969
-218.072
-212.187
-206.322
-200.481
-194.674
-188.906
-183.178
-177.501
-171.875
-166.299
-160.78
-155.32
-149.918
-144.576
-139.29
-134.065
-128.898
-123.786
-118.73
-113.728
-108.779
-103.878
-99.0247
-94.2157
-89.4504
-84.7239
-80.0334
-75.3794
-70.7571
-66.1617
-61.5938
-57.0512
-52.5303
-48.0285
-43.544
-39.0751
-34.6205
-30.1782
-25.7461
-21.3237
-16.9121
-12.5092
-8.11362
-3.72376
0.657658
5.03086
9.3939
13.7491
18.0938
22.4285
26.7488
31.0545
35.3441
39.6142
43.8619
48.0851
52.2807
56.4453
60.573
64.6598
68.7102
72.6913
-317.415
-313.714
-309.74
-305.496
-301.009
-296.305
-291.407
-286.331
-281.103
-275.733
-270.247
-264.662
-258.99
-253.247
-247.448
-241.606
-235.735
-229.847
-223.949
-218.054
-212.169
-206.305
-200.464
-194.658
-188.891
-183.164
-177.488
-171.861
-166.287
-160.768
-155.308
-149.907
-144.565
-139.279
-134.055
-128.888
-123.776
-118.72
-113.719
-108.77
-103.87
-99.0162
-94.2074
-89.4422
-84.7158
-80.0254
-75.3716
-70.7493
-66.154
-61.5862
-57.0436
-52.5228
-48.0209
-43.5365
-39.0677
-34.613
-30.1708
-25.7387
-21.3163
-16.9046
-12.5017
-8.10613
-3.71626
0.665171
5.03839
9.40146
13.7567
18.1014
22.4361
26.7564
31.0622
35.3517
39.6218
43.8696
48.0928
52.2884
56.4531
60.5807
64.6675
68.7179
72.6991
-317.351
-313.654
-309.683
-305.443
-300.959
-296.258
-291.363
-286.289
-281.063
-275.696
-270.212
-264.628
-258.959
-253.217
-247.419
-241.579
-235.71
-229.822
-223.926
-218.031
-212.147
-206.285
-200.445
-194.64
-188.874
-183.147
-177.472
-171.846
-166.272
-160.754
-155.294
-149.894
-144.552
-139.267
-134.043
-128.876
-123.765
-118.709
-113.708
-108.759
-103.86
-99.0062
-94.1976
-89.4326
-84.7064
-80.0161
-75.3624
-70.7402
-66.145
-61.5772
-57.0347
-52.5139
-48.0121
-43.5277
-39.0589
-34.6042
-30.162
-25.7299
-21.3075
-16.8958
-12.493
-8.09733
-3.70746
0.673985
5.04721
9.41032
13.7656
18.1103
22.445
26.7654
31.0711
35.3607
39.6308
43.8785
48.1017
52.2974
56.4621
60.5897
64.6765
68.7268
72.7081
-317.275
-313.583
-309.617
-305.381
-300.9
-296.203
-291.311
-286.24
-281.017
-275.652
-270.171
-264.589
-258.922
-253.182
-247.386
-241.547
-235.68
-229.793
-223.899
-218.006
-212.123
-206.261
-200.423
-194.619
-188.853
-183.127
-177.453
-171.828
-166.255
-160.737
-155.278
-149.879
-144.537
-139.253
-134.029
-128.863
-123.752
-118.697
-113.696
-108.747
-103.848
-98.9946
-94.1861
-89.4214
-84.6953
-80.0052
-75.3516
-70.7295
-66.1344
-61.5667
-57.0243
-52.5035
-48.0018
-43.5174
-39.0486
-34.594
-30.1518
-25.7197
-21.2973
-16.8856
-12.4827
-8.08704
-3.69717
0.684295
5.05754
9.42068
13.7759
18.1207
22.4554
26.7758
31.0816
35.3711
39.6412
43.889
48.1122
52.3079
56.4725
60.6002
64.687
68.7372
72.7188
-317.185
-313.499
-309.539
-305.307
-300.831
-296.138
-291.25
-286.182
-280.962
-275.6
-270.122
-264.543
-258.878
-253.141
-247.347
-241.51
-235.644
-229.76
-223.867
-217.975
-212.094
-206.233
-200.396
-194.593
-188.829
-183.104
-177.431
-171.807
-166.234
-160.718
-155.26
-149.861
-144.52
-139.236
-134.012
-128.847
-123.736
-118.682
-113.681
-108.733
-103.834
-98.9809
-94.1728
-89.4082
-84.6823
-79.9924
-75.3389
-70.717
-66.122
-61.5545
-57.0121
-52.4914
-47.9897
-43.5054
-39.0366
-34.582
-30.1398
-25.7077
-21.2853
-16.8736
-12.4707
-8.07503
-3.68516
0.696328
5.06959
9.43277
13.788
18.1329
22.4675
26.7879
31.0937
35.3833
39.6534
43.9012
48.1244
52.3201
56.4847
60.6123
64.6991
68.7493
72.7311
-317.08
-313.401
-309.446
-305.221
-300.75
-296.062
-291.178
-286.115
-280.899
-275.54
-270.065
-264.489
-258.827
-253.092
-247.301
-241.467
-235.603
-229.721
-223.829
-217.94
-212.06
-206.201
-200.366
-194.564
-188.801
-183.077
-177.405
-171.782
-166.211
-160.695
-155.238
-149.839
-144.499
-139.216
-133.993
-128.828
-123.718
-118.664
-113.664
-108.716
-103.817
-98.965
-94.1571
-89.3928
-84.6672
-79.9775
-75.3242
-70.7024
-66.1076
-61.5401
-56.9978
-52.4772
-47.9756
-43.4914
-39.0226
-34.568
-30.1258
-25.6938
-21.2714
-16.8597
-12.4567
-8.06104
-3.67117
0.710333
5.08361
9.44683
13.8021
18.147
22.4817
26.802
31.1078
35.3974
39.6675
43.9153
48.1385
52.3342
56.4988
60.6264
64.7132
68.7633
72.7455
-316.955
-313.285
-309.338
-305.12
-300.655
-295.973
-291.094
-286.036
-280.824
-275.47
-269.999
-264.426
-258.767
-253.036
-247.247
-241.416
-235.555
-229.675
-223.786
-217.898
-212.021
-206.164
-200.33
-194.53
-188.768
-183.046
-177.375
-171.754
-166.183
-160.668
-155.212
-149.815
-144.476
-139.193
-133.971
-128.807
-123.698
-118.644
-113.644
-108.697
-103.799
-98.9465
-94.139
-89.375
-84.6496
-79.9601
-75.307
-70.6854
-66.0908
-61.5235
-56.9813
-52.4608
-47.9592
-43.475
-39.0063
-34.5518
-30.1096
-25.6775
-21.2552
-16.8435
-12.4405
-8.0448
-3.65492
0.726596
5.09988
9.46315
13.8184
18.1633
22.498
26.8184
31.1242
35.4138
39.6839
43.9317
48.1549
52.3505
56.5152
60.6427
64.7294
68.7794
72.7622
-316.809
-313.148
-309.211
-305.001
-300.544
-295.868
-290.996
-285.943
-280.737
-275.387
-269.921
-264.353
-258.698
-252.97
-247.185
-241.357
-235.499
-229.621
-223.735
-217.85
-211.975
-206.12
-200.288
-194.49
-188.73
-183.01
-177.34
-171.72
-166.151
-160.638
-155.182
-149.786
-144.448
-139.166
-133.945
-128.782
-123.673
-118.62
-113.621
-108.674
-103.777
-98.9249
-94.1178
-89.3542
-84.6291
-79.94
-75.2871
-70.6657
-66.0713
-61.5041
-56.9621
-52.4417
-47.9402
-43.4561
-38.9874
-34.5329
-30.0908
-25.6588
-21.2364
-16.8247
-12.4217
-8.02597
-3.6361
0.745433
5.11873
9.48204
13.8373
18.1823
22.5169
26.8373
31.1431
35.4327
39.7028
43.9505
48.1737
52.3694
56.534
60.6614
64.7481
68.798
72.7814
-316.636
-312.988
-309.061
-304.861
-300.413
-295.746
-290.881
-285.835
-280.635
-275.291
-269.83
-264.267
-258.617
-252.893
-247.112
-241.288
-235.433
-229.559
-223.676
-217.794
-211.921
-206.069
-200.24
-194.444
-188.686
-182.967
-177.3
-171.681
-166.114
-160.602
-155.148
-149.753
-144.416
-139.135
-133.915
-128.753
-123.645
-118.593
-113.595
-108.648
-103.751
-98.8999
-94.0933
-89.3301
-84.6054
-79.9166
-75.264
-70.6429
-66.0487
-61.4817
-56.9398
-52.4195
-47.9182
-43.4342
-38.9656
-34.5111
-30.069
-25.637
-21.2147
-16.803
-12.4
-8.0042
-3.61435
0.767198
5.1405
9.50385
13.8592
18.2041
22.5387
26.8591
31.1649
35.4545
39.7246
43.9723
48.1954
52.391
56.5556
60.6828
64.7695
68.8192
72.8035
-316.432
-312.799
-308.886
-304.697
-300.26
-295.602
-290.746
-285.708
-280.516
-275.179
-269.724
-264.167
-258.522
-252.804
-247.027
-241.207
-235.357
-229.487
-223.607
-217.728
-211.859
-206.01
-200.183
-194.39
-188.635
-182.918
-177.253
-171.636
-166.071
-160.56
-155.108
-149.714
-144.379
-139.1
-133.881
-128.719
-123.612
-118.561
-113.564
-108.618
-103.721
-98.871
-94.0649
-89.3021
-84.5779
-79.8895
-75.2373
-70.6164
-66.0225
-61.4558
-56.914
-52.3939
-47.8927
-43.4088
-38.9403
-34.4859
-30.0438
-25.6119
-21.1896
-16.7779
-12.3749
-7.97909
-3.58926
0.79229
5.16559
9.52898
13.8843
18.2292
22.5638
26.8842
31.19
35.4795
39.7495
43.9972
48.2203
52.4158
56.5803
60.7074
64.794
68.8435
72.8287
-316.192
-312.576
-308.678
-304.504
-300.079
-295.433
-290.588
-285.56
-280.376
-275.048
-269.6
-264.05
-258.412
-252.699
-246.928
-241.114
-235.268
-229.403
-223.527
-217.652
-211.787
-205.941
-200.118
-194.327
-188.575
-182.861
-177.198
-171.584
-166.02
-160.512
-155.062
-149.67
-144.336
-139.058
-133.84
-128.68
-123.574
-118.524
-113.528
-108.583
-103.687
-98.8374
-94.032
-89.2698
-84.5462
-79.8582
-75.2064
-70.5858
-65.9923
-61.4258
-56.8843
-52.3644
-47.8633
-43.3795
-38.9112
-34.4568
-30.0148
-25.5829
-21.1607
-16.749
-12.346
-7.95019
-3.5604
0.821153
5.19444
9.55786
13.9132
18.2581
22.5926
26.913
31.2187
35.5082
39.7781
44.0257
48.2487
52.4441
56.6085
60.7354
64.8219
68.8711
72.8574
-315.907
-312.313
-308.434
-304.277
-299.867
-295.235
-290.402
-285.386
-280.213
-274.894
-269.455
-263.913
-258.283
-252.577
-246.813
-241.005
-235.165
-229.305
-223.434
-217.564
-211.703
-205.861
-200.041
-194.254
-188.505
-182.795
-177.135
-171.523
-165.962
-160.456
-155.008
-149.618
-144.286
-139.01
-133.794
-128.635
-123.531
-118.481
-113.486
-108.543
-103.648
-98.7987
-93.9941
-89.2325
-84.5095
-79.8221
-75.1707
-70.5506
-65.9574
-61.3912
-56.85
-52.3303
-47.8294
-43.3458
-38.8776
-34.4234
-29.9814
-25.5496
-21.1275
-16.7158
-12.3127
-7.91698
-3.52725
0.854281
5.22754
9.59098
13.9462
18.2911
22.6256
26.9459
31.2515
35.5409
39.8107
44.0581
48.281
52.4763
56.6405
60.7671
64.8535
68.9023
72.8898
-315.571
-312.003
-308.146
-304.009
-299.618
-295.003
-290.185
-285.182
-280.021
-274.714
-269.286
-263.754
-258.132
-252.435
-246.679
-240.878
-235.044
-229.191
-223.326
-217.461
-211.605
-205.768
-199.953
-194.17
-188.425
-182.718
-177.061
-171.453
-165.895
-160.391
-154.946
-149.558
-144.228
-138.954
-133.74
-128.582
-123.48
-118.432
-113.438
-108.496
-103.602
-98.754
-93.9503
-89.1895
-84.4671
-79.7804
-75.1296
-70.5099
-65.9172
-61.3514
-56.8105
-52.2911
-47.7905
-43.307
-38.839
-34.3849
-29.943
-25.5114
-21.0893
-16.6776
-12.2746
-7.87891
-3.48925
0.892233
5.26544
9.62887
13.9841
18.3289
22.6633
26.9834
31.2889
35.5782
39.8478
44.0951
48.3177
52.5128
56.6768
60.803
64.8891
68.9374
72.9263
-315.172
-311.635
-307.806
-303.693
-299.324
-294.729
-289.929
-284.942
-279.797
-274.503
-269.088
-263.567
-257.956
-252.269
-246.522
-240.729
-234.904
-229.058
-223.2
-217.342
-211.492
-205.66
-199.85
-194.072
-188.332
-182.629
-176.976
-171.371
-165.817
-160.316
-154.874
-149.489
-144.161
-138.89
-133.677
-128.522
-123.421
-118.375
-113.383
-108.442
-103.549
-98.7024
-93.8997
-89.1399
-84.4184
-79.7324
-75.0822
-70.4631
-65.871
-61.3056
-56.7651
-52.246
-47.7456
-43.2625
-38.7946
-34.3407
-29.899
-25.4675
-21.0456
-16.6339
-12.231
-7.83532
-3.44579
0.935624
5.30874
9.67213
14.0272
18.372
22.7062
27.0262
31.3315
35.6205
39.8899
44.1369
48.3593
52.554
56.7177
60.8434
64.9291
68.9769
72.9669
-314.701
-311.201
-307.404
-303.321
-298.978
-294.406
-289.628
-284.661
-279.533
-274.256
-268.855
-263.349
-257.75
-252.075
-246.339
-240.556
-234.741
-228.903
-223.054
-217.203
-211.36
-205.535
-199.731
-193.959
-188.223
-182.526
-176.877
-171.277
-165.726
-160.23
-154.79
-149.409
-144.084
-138.815
-133.605
-128.452
-123.354
-118.31
-113.319
-108.379
-103.488
-98.6429
-93.8415
-89.0827
-84.3621
-79.6771
-75.0276
-70.4092
-65.8177
-61.2529
-56.7129
-52.1941
-47.6942
-43.2113
-38.7437
-34.29
-29.8485
-25.4172
-20.9955
-16.584
-12.1811
-7.78552
-3.39615
0.985142
5.35812
9.72142
14.0763
18.4209
22.7549
27.0747
31.3797
35.6684
39.9375
44.1841
48.406
52.6004
56.7637
60.8886
64.9738
69.0208
73.0119
-314.143
-310.687
-306.929
-302.881
-298.57
-294.026
-289.273
-284.33
-279.223
-273.966
-268.583
-263.093
-257.51
-251.848
-246.125
-240.354
-234.55
-228.722
-222.883
-217.041
-211.206
-205.388
-199.592
-193.827
-188.097
-182.406
-176.762
-171.167
-165.621
-160.129
-154.694
-149.316
-143.994
-138.729
-133.522
-128.372
-123.275
-118.234
-113.245
-108.308
-103.418
-98.5743
-93.7743
-89.0167
-84.2974
-79.6134
-74.9648
-70.3473
-65.7566
-61.1924
-56.6529
-52.1346
-47.6351
-43.1527
-38.6854
-34.232
-29.7907
-25.3597
-20.9382
-16.5268
-12.1241
-7.72869
-3.33955
1.04155
5.41432
9.77747
14.1321
18.4765
22.8101
27.1295
31.4342
35.7225
39.9911
44.2371
48.4585
52.6523
56.815
60.9389
65.0234
69.0693
73.0613
-313.484
-310.081
-306.369
-302.362
-298.088
-293.578
-288.856
-283.94
-278.859
-273.625
-268.263
-262.792
-257.227
-251.583
-245.875
-240.118
-234.327
-228.511
-222.683
-216.852
-211.027
-205.218
-199.43
-193.673
-187.951
-182.266
-176.629
-171.039
-165.499
-160.012
-154.582
-149.208
-143.891
-138.629
-133.425
-128.278
-123.185
-118.146
-113.16
-108.224
-103.337
-98.4951
-93.6968
-88.9407
-84.2228
-79.5401
-74.8926
-70.276
-65.6862
-61.1228
-56.584
-52.0664
-47.5674
-43.0854
-38.6186
-34.1656
-29.7246
-25.2939
-20.8727
-16.4616
-12.0591
-7.66395
-3.27513
1.1057
5.47816
9.84105
14.1954
18.5393
22.8725
27.1914
31.4955
35.7833
40.0511
44.2965
48.5171
52.71
56.8718
60.9944
65.0779
69.1225
73.1149
-312.714
-309.369
-305.709
-301.751
-297.521
-293.051
-288.364
-283.482
-278.43
-273.224
-267.887
-262.439
-256.895
-251.271
-245.581
-239.841
-234.065
-228.265
-222.45
-216.631
-210.817
-205.02
-199.242
-193.494
-187.78
-182.104
-176.474
-170.891
-165.358
-159.877
-154.451
-149.083
-143.77
-138.513
-133.314
-128.17
-123.08
-118.044
-113.061
-108.128
-103.243
-98.4037
-93.6074
-88.8531
-84.1368
-79.4556
-74.8094
-70.194
-65.6053
-61.0429
-56.5049
-51.988
-47.4897
-43.0084
-38.5421
-34.0895
-29.649
-25.2188
-20.798
-16.3873
-11.9851
-7.59028
-3.2019
1.17852
5.55055
9.91304
14.2668
18.6103
22.9428
27.261
31.5643
35.8512
40.1182
44.3625
48.582
52.7738
56.9345
61.0552
65.1373
69.18
73.1721
-311.827
-308.544
-304.942
-301.036
-296.855
-292.431
-287.787
-282.943
-277.927
-272.753
-267.446
-262.025
-256.506
-250.905
-245.237
-239.517
-233.76
-227.976
-222.177
-216.373
-210.573
-204.788
-199.022
-193.285
-187.582
-181.914
-176.294
-170.719
-165.193
-159.719
-154.3
-148.938
-143.631
-138.379
-133.184
-128.045
-122.959
-117.927
-112.947
-108.017
-103.135
-98.2981
-93.5042
-88.752
-84.0377
-79.3583
-74.7136
-70.0995
-65.5122
-60.951
-56.414
-51.898
-47.4006
-42.92
-38.4545
-34.0025
-29.5626
-25.133
-20.7128
-16.3025
-11.9008
-7.50652
-3.11876
1.26108
5.63249
9.99438
14.3475
18.6901
23.0218
27.3389
31.6412
35.927
40.1926
44.4355
48.6534
52.8437
57.0028
61.1209
65.201
69.2413
73.2321
-310.818
-307.603
-304.062
-300.214
-296.086
-291.711
-287.113
-282.313
-277.337
-272.2
-266.928
-261.54
-256.051
-250.476
-244.833
-239.137
-233.401
-227.638
-221.857
-216.071
-210.287
-204.517
-198.765
-193.041
-187.35
-181.694
-176.083
-170.518
-165.001
-159.535
-154.124
-148.769
-143.469
-138.222
-133.033
-127.899
-122.818
-117.791
-112.815
-107.889
-103.01
-98.176
-93.3849
-88.6352
-83.9232
-79.246
-74.6031
-69.9908
-65.4051
-60.8453
-56.3095
-51.7947
-47.2984
-42.8188
-38.3541
-33.903
-29.4639
-25.035
-20.6156
-16.206
-11.805
-7.41141
-3.02448
1.35455
5.72508
10.0861
14.4382
18.7797
23.1102
27.4259
31.7267
36.0109
40.2748
44.5157
48.7314
52.9195
57.0765
61.1911
65.2686
69.3054
73.2937
-309.678
-306.538
-303.063
-299.278
-295.208
-290.887
-286.339
-281.586
-276.654
-271.558
-266.324
-260.972
-255.517
-249.975
-244.361
-238.693
-232.982
-227.242
-221.484
-215.717
-209.953
-204.2
-198.465
-192.756
-187.079
-181.436
-175.838
-170.284
-164.777
-159.321
-153.92
-148.572
-143.28
-138.041
-132.858
-127.73
-122.655
-117.633
-112.661
-107.74
-102.865
-98.0346
-93.2468
-88.5002
-83.7909
-79.1163
-74.4757
-69.8654
-65.2817
-60.7236
-56.1894
-51.676
-47.181
-42.7026
-38.2391
-33.7891
-29.351
-24.9231
-20.5048
-16.0961
-11.696
-7.30346
-2.91767
1.46022
5.82955
10.1893
14.54
18.88
23.2089
27.5226
31.8214
36.1034
40.3648
44.603
48.8158
53.001
57.1549
61.2644
65.3382
69.3707
73.3546
-308.391
-305.337
-301.936
-298.221
-294.215
-289.952
-285.459
-280.757
-275.873
-270.823
-265.631
-260.318
-254.9
-249.392
-243.812
-238.174
-232.493
-226.78
-221.047
-215.305
-209.562
-203.83
-198.114
-192.423
-186.762
-181.135
-175.551
-170.011
-164.516
-159.072
-153.681
-148.343
-143.06
-137.829
-132.655
-127.534
-122.465
-117.449
-112.483
-107.567
-102.697
-97.8707
-93.0869
-88.3438
-83.6379
-78.9664
-74.3285
-69.7207
-65.1393
-60.5834
-56.0511
-51.5395
-47.0462
-42.5693
-38.1073
-33.6587
-29.2219
-24.7954
-20.3784
-15.9711
-11.5723
-7.18107
-2.79681
1.57953
5.94719
10.3053
14.654
18.9919
23.3185
27.6294
31.9255
36.2046
40.4626
44.6971
48.9059
53.0874
57.2382
61.3396
65.407
69.433
73.4091
-306.94
-303.983
-300.664
-297.027
-293.093
-288.895
-284.464
-279.819
-274.988
-269.987
-264.841
-259.572
-254.195
-248.726
-243.181
-237.577
-231.928
-226.245
-220.541
-214.825
-209.108
-203.399
-197.705
-192.034
-186.393
-180.785
-175.217
-169.692
-164.212
-158.781
-153.403
-148.077
-142.804
-137.583
-132.418
-127.305
-122.245
-117.235
-112.276
-107.366
-102.501
-97.6805
-92.9015
-88.1627
-83.4608
-78.7929
-74.1583
-69.5535
-64.975
-60.4217
-55.8918
-51.3824
-46.8911
-42.4163
-37.9562
-33.5094
-29.0744
-24.6496
-20.2344
-15.8288
-11.4317
-7.04241
-2.66022
1.71401
6.0794
10.4351
14.7812
19.1162
23.4397
27.7469
32.0393
36.3144
40.5677
44.7972
49.0004
53.1754
57.3265
61.4256
65.4867
69.5056
73.4759
-302.456
-299.231
-295.682
-291.827
-287.704
-283.341
-278.761
-273.988
-269.042
-263.948
-258.726
-253.394
-247.968
-242.463
-236.897
-231.283
-225.634
-219.961
-214.274
-208.585
-202.902
-197.233
-191.585
-185.965
-180.377
-174.828
-169.321
-163.858
-158.443
-153.079
-147.766
-142.506
-137.297
-132.142
-127.04
-121.988
-116.987
-112.036
-107.133
-102.275
-97.4599
-92.6865
-87.9527
-83.2555
-78.5921
-73.9614
-69.3602
-64.7853
-60.2351
-55.7081
-51.2015
-46.7129
-42.2405
-37.7828
-33.3383
-28.9056
-24.4832
-20.0704
-15.667
-11.2724
-6.88556
-2.50612
1.86524
6.22756
10.58
14.9225
19.2536
23.573
27.8751
32.1625
36.4321
40.6792
44.9018
49.0976
53.2614
-300.736
-297.615
-294.165
-290.401
-286.36
-282.074
-277.566
-272.859
-267.975
-262.939
-257.771
-252.49
-247.11
-241.65
-236.126
-230.551
-224.939
-219.3
-213.647
-207.988
-202.335
-196.693
-191.07
-185.475
-179.909
-174.382
-168.894
-163.45
-158.052
-152.704
-147.406
-142.16
-136.965
-131.822
-126.731
-121.69
-116.699
-111.757
-106.862
-102.012
-97.2043
-92.4374
-87.7097
-83.0181
-78.3599
-73.7339
-69.1371
-64.5664
-60.0201
-55.4966
-50.9934
-46.508
-42.0388
-37.5841
-33.1425
-28.7128
-24.2934
-19.8836
-15.4833
-11.0918
-6.7084
-2.33263
2.03489
6.39304
10.741
15.0787
19.4045
23.7183
28.0134
32.2942
36.5565
40.795
45.0085
49.1942
53.3465
-298.798
-295.796
-292.456
-288.792
-284.844
-280.646
-276.218
-271.587
-266.772
-261.8
-256.693
-251.468
-246.142
-240.732
-235.255
-229.724
-224.152
-218.553
-212.936
-207.311
-201.69
-196.078
-190.485
-184.916
-179.376
-173.871
-168.406
-162.983
-157.605
-152.275
-146.994
-141.764
-136.583
-131.454
-126.376
-121.347
-116.367
-111.435
-106.549
-101.708
-96.9083
-92.1491
-87.4284
-82.7434
-78.0914
-73.471
-68.8796
-64.3139
-59.7723
-55.2533
-50.7543
-46.2729
-41.8076
-37.3568
-32.9191
-28.493
-24.0775
-19.6717
-15.2754
-10.8881
-6.50913
-2.13818
2.22426
6.57689
10.919
15.2501
19.5689
23.8756
28.1608
32.4329
36.6856
40.9126
45.1135
49.2859
53.4247
-296.616
-293.749
-290.532
-286.981
-283.137
-279.036
-274.699
-270.151
-265.414
-260.516
-255.477
-250.316
-245.05
-239.696
-234.271
-228.789
-223.265
-217.708
-212.132
-206.546
-200.961
-195.383
-189.822
-184.282
-178.77
-173.292
-167.852
-162.452
-157.095
-151.785
-146.524
-141.311
-136.147
-131.034
-125.97
-120.954
-115.987
-111.067
-106.192
-101.36
-96.5701
-91.8195
-87.1066
-82.4289
-77.7838
-73.1698
-68.5842
-64.0242
-59.4881
-54.9741
-50.48
-46.0035
-41.5429
-37.0968
-32.6638
-28.2425
-23.832
-19.4313
-15.0403
-10.6585
-6.2855
-1.92098
2.43467
6.77989
11.114
15.4365
19.7455
24.0433
28.3155
32.5748
36.8146
41.0268
45.2114
49.3659
53.4857
-294.162
-291.447
-288.366
-284.941
-281.214
-277.222
-272.987
-268.533
-263.884
-259.067
-254.105
-249.016
-243.817
-238.526
-233.16
-227.735
-222.262
-216.755
-211.225
-205.683
-200.138
-194.598
-189.072
-183.567
-178.086
-172.638
-167.225
-161.851
-156.518
-151.231
-145.991
-140.798
-135.652
-130.556
-125.508
-120.507
-115.554
-110.646
-105.784
-100.963
-96.1838
-91.443
-86.7394
-82.0703
-77.4333
-72.8268
-68.2484
-63.6953
-59.1656
-54.6577
-50.1695
-45.6988
-41.2439
-36.8034
-32.3761
-27.9606
-23.5561
-19.1616
-14.7771
-10.4021
-6.03668
-1.6802
2.66681
7.00256
11.3264
15.6375
19.9343
24.2158
28.4778
32.7196
36.9387
41.1313
45.2945
49.4254
53.5193
-291.404
-288.859
-285.931
-282.646
-279.05
-275.18
-271.059
-266.71
-262.159
-257.434
-252.558
-247.55
-242.426
-237.207
-231.907
-226.544
-221.13
-215.679
-210.2
-204.707
-199.208
-193.712
-188.226
-182.758
-177.314
-171.898
-166.517
-161.172
-155.867
-150.605
-145.389
-140.218
-135.093
-130.016
-124.986
-120.002
-115.064
-110.171
-105.322
-100.514
-95.7465
-91.0167
-86.3231
-81.6636
-77.0356
-72.4375
-67.8671
-63.3216
-58.7993
-54.2985
-49.8173
-45.3535
-40.9055
-36.4721
-32.0518
-27.6438
-23.2469
-18.8605
-14.4845
-10.1186
-5.76277
-1.41667
2.91886
7.24227
11.5527
15.849
20.1301
24.3902
28.6391
32.859
37.0515
41.2187
45.3541
49.4539
53.5142
-288.308
-285.954
-283.196
-280.065
-276.615
-272.883
-268.889
-264.658
-260.217
-255.595
-250.815
-245.897
-240.858
-235.718
-230.494
-225.201
-219.853
-214.464
-209.044
-203.605
-198.158
-192.71
-187.27
-181.845
-176.441
-171.063
-165.717
-160.405
-155.131
-149.898
-144.708
-139.563
-134.462
-129.407
-124.397
-119.432
-114.512
-109.636
-104.802
-100.009
-95.2541
-90.5367
-85.8548
-81.2061
-76.5884
-72
-67.4387
-62.9021
-58.3884
-53.8958
-49.4226
-44.9669
-40.527
-36.1017
-31.6898
-27.2904
-22.9026
-18.5258
-14.16
-9.80501
-5.46093
-1.1278
3.19344
7.50142
11.795
16.0726
20.3328
24.5725
28.7942
32.9862
37.1489
41.2828
45.3811
49.4401
53.454
-284.837
-282.695
-280.125
-277.167
-273.88
-270.3
-266.449
-262.35
-258.031
-253.523
-248.852
-244.035
-239.091
-234.041
-228.9
-223.686
-218.413
-213.093
-207.739
-202.362
-196.973
-191.58
-186.191
-180.814
-175.455
-170.12
-164.813
-159.539
-154.3
-149.1
-143.941
-138.824
-133.749
-128.719
-123.733
-118.79
-113.89
-109.033
-104.216
-99.4392
-94.7001
-89.9972
-85.3288
-80.6929
-76.0873
-71.5103
-66.9599
-62.4338
-57.9302
-53.4475
-48.984
-44.538
-40.1078
-35.6925
-31.2908
-26.902
-22.5254
-18.1605
-13.8074
-9.46602
-5.13663
-0.819643
3.48399
7.77282
12.0453
16.2998
20.5344
24.7463
28.9344
33.0923
37.2177
41.3087
45.3597
49.3677
53.3254
-280.952
-279.045
-276.683
-273.916
-270.81
-267.4
-263.708
-259.754
-255.572
-251.193
-246.642
-241.938
-237.101
-232.151
-227.104
-221.979
-216.789
-211.547
-206.267
-200.96
-195.636
-190.304
-184.973
-179.651
-174.343
-169.055
-163.794
-158.561
-153.362
-148.199
-143.074
-137.989
-132.946
-127.944
-122.984
-118.066
-113.189
-108.353
-103.557
-98.799
-94.0777
-89.3915
-84.7388
-80.1177
-75.5263
-70.9627
-66.4252
-61.9116
-57.4203
-52.9496
-48.498
-44.0638
-39.6458
-35.2429
-30.8541
-26.4787
-22.1162
-17.7664
-13.4293
-9.10516
-4.79443
-0.497822
3.78354
8.04804
12.2938
16.519
20.7212
24.8974
29.0454
33.1603
37.2382
41.2761
45.2685
49.2135
53.1017
-276.613
-274.961
-272.831
-270.272
-267.367
-264.146
-260.631
-256.84
-252.81
-248.574
-244.157
-239.58
-234.862
-230.023
-225.082
-220.056
-214.959
-209.805
-204.608
-199.379
-194.128
-188.865
-183.599
-178.338
-173.087
-167.854
-162.643
-157.458
-152.303
-147.182
-142.097
-137.049
-132.039
-127.07
-122.14
-117.25
-112.4
-107.589
-102.816
-98.0796
-93.3789
-88.7121
-84.0778
-79.4741
-74.8994
-70.3518
-65.8296
-61.3311
-56.8545
-52.3984
-47.9613
-43.5419
-39.1388
-34.7513
-30.3785
-26.02
-21.6753
-17.3445
-13.0277
-8.72551
-4.43855
-0.167859
4.08515
8.31861
12.5304
16.7181
20.8791
25.0099
29.1075
33.1673
37.1845
41.1555
45.0743
48.94
52.7403
-271.778
-270.402
-268.526
-266.196
-263.514
-260.502
-257.182
-253.571
-249.709
-245.633
-241.366
-236.929
-232.344
-227.63
-222.806
-217.891
-212.898
-207.843
-202.739
-197.597
-192.428
-187.243
-182.05
-176.858
-171.672
-166.499
-161.345
-156.214
-151.11
-146.036
-140.995
-135.988
-131.018
-126.085
-121.19
-116.332
-111.512
-106.73
-101.983
-97.2724
-92.5955
-87.9513
-83.3384
-78.7552
-74.2001
-69.6715
-65.1678
-60.6873
-56.2286
-51.7902
-47.371
-42.9697
-38.5853
-34.217
-29.8643
-25.527
-21.2048
-16.898
-12.607
-8.33266
-4.07591
0.161844
4.37885
8.57292
12.7415
16.8818
20.9905
25.064
29.0982
33.0886
37.0299
40.9179
44.7454
48.5127
52.2041
-261.644
-259.207
-256.428
-253.323
-249.91
-246.234
-242.334
-238.234
-233.954
-229.515
-224.94
-220.248
-215.456
-210.58
-205.635
-200.634
-195.59
-190.514
-185.416
-180.305
-175.189
-170.076
-164.972
-159.882
-154.812
-149.765
-144.744
-139.753
-134.794
-129.868
-124.977
-120.121
-115.3
-110.515
-105.765
-101.049
-96.3677
-91.7185
-87.1006
-82.5129
-77.9538
-73.422
-68.916
-64.4344
-59.9758
-55.5387
-51.1221
-46.7248
-42.3459
-37.9846
-33.6404
-29.313
-25.0023
-20.7086
-16.4321
-12.1738
-7.93468
-3.71623
0.479778
4.65118
8.79538
12.9094
16.9897
21.0327
25.0341
28.9893
32.8932
36.7402
40.5256
44.2404
47.8866
51.4457
-256.583
-254.394
-251.881
-249.014
-245.816
-242.345
-238.64
-234.724
-230.617
-226.342
-221.921
-217.375
-212.72
-207.974
-203.152
-198.267
-193.332
-188.36
-183.359
-178.34
-173.311
-168.279
-163.252
-158.235
-153.233
-148.25
-143.29
-138.356
-133.45
-128.575
-123.731
-118.919
-114.141
-109.396
-104.683
-100.003
-95.3553
-90.7383
-86.1512
-81.5931
-77.0626
-72.5585
-68.0795
-63.6245
-59.1922
-54.7816
-50.3916
-46.0214
-41.6703
-37.3378
-33.0237
-28.728
-24.4509
-20.1928
-15.9547
-11.7377
-7.54319
-3.3732
0.770063
4.88392
8.96526
13.0105
17.0158
20.9766
24.8883
28.7457
32.5433
36.2749
39.9352
43.5129
47.0138
50.4175
-249.027
-246.818
-244.212
-241.249
-238.002
-234.512
-230.798
-226.882
-222.788
-218.538
-214.153
-209.651
-205.05
-200.364
-195.608
-190.795
-185.937
-181.046
-176.129
-171.197
-166.258
-161.317
-156.381
-151.456
-146.545
-141.654
-136.784
-131.939
-127.121
-122.331
-117.571
-112.841
-108.141
-103.472
-98.8332
-94.2245
-89.6451
-85.0941
-80.5708
-76.0741
-71.603
-67.1565
-62.7336
-58.3334
-53.955
-49.5976
-45.2608
-40.9442
-36.6477
-32.3713
-28.1153
-23.8803
-19.6673
-15.4774
-11.3124
-7.17421
-3.06525
1.01167
5.0533
9.05596
13.0155
16.9274
20.7867
24.5882
28.3262
31.9949
35.5876
39.0972
42.5123
45.8448
49.0716
-243.081
-241.194
-238.873
-236.165
-233.161
-229.906
-226.416
-222.709
-218.813
-214.752
-210.545
-206.212
-201.771
-197.236
-192.624
-187.947
-183.218
-178.447
-173.646
-168.823
-163.985
-159.141
-154.297
-149.458
-144.63
-139.815
-135.018
-130.242
-125.489
-120.761
-116.059
-111.384
-106.737
-102.118
-97.527
-92.9641
-88.4286
-83.9201
-79.4379
-74.9814
-70.5498
-66.1423
-61.7582
-57.3969
-53.0579
-48.7408
-44.4453
-40.1716
-35.9199
-31.6905
-27.4842
-23.3021
-19.1455
-15.0163
-10.9166
-6.84903
-2.8165
1.17754
5.12924
9.03431
12.8881
16.6854
20.421
24.0892
27.6841
31.1998
34.6268
37.9602
41.1895
44.3339
47.3652
-236.517
-234.965
-232.952
-230.521
-227.782
-224.782
-221.534
-218.057
-214.379
-210.524
-206.513
-202.367
-198.102
-193.735
-189.281
-184.755
-180.168
-175.533
-170.86
-166.157
-161.435
-156.699
-151.958
-147.216
-142.48
-137.752
-133.038
-128.34
-123.661
-119.003
-114.367
-109.756
-105.169
-100.608
-96.0724
-91.5627
-87.0787
-82.6202
-78.1868
-73.7781
-69.3938
-65.0332
-60.6962
-56.3824
-52.0916
-47.824
-43.5797
-39.3592
-35.1632
-30.9924
-26.8482
-22.7321
-18.6463
-14.5929
-10.5748
-6.59512
-2.65754
1.23395
5.07489
8.86048
12.5856
16.2447
19.8324
23.3428
26.77
30.1056
33.3421
36.4772
39.5035
42.4439
45.2664
-229.3
-228.097
-226.411
-224.278
-221.824
-219.099
-216.113
-212.885
-209.443
-205.814
-202.018
-198.076
-194.005
-189.822
-185.544
-181.184
-176.755
-172.27
-167.739
-163.171
-158.577
-153.963
-149.336
-144.704
-140.07
-135.441
-130.82
-126.21
-121.615
-117.037
-112.478
-107.939
-103.422
-98.9277
-94.4566
-90.0092
-85.5857
-81.1862
-76.8106
-72.4591
-68.1314
-63.8275
-59.5476
-55.2916
-51.06
-46.8533
-42.6723
-38.5177
-34.3907
-30.2928
-26.2259
-22.1921
-18.1941
-14.2349
-10.3178
-6.44663
-2.62565
1.14059
4.84719
8.48899
12.0606
15.5566
18.9714
22.2997
25.5327
28.6645
31.6905
34.6135
37.4247
40.1515
42.7595
-221.399
-220.559
-219.215
-217.399
-215.248
-212.817
-210.113
-207.153
-203.967
-200.582
-197.02
-193.301
-189.442
-185.461
-181.375
-177.198
-172.944
-168.624
-164.25
-159.833
-155.38
-150.902
-146.404
-141.893
-137.376
-132.857
-128.341
-123.831
-119.331
-114.844
-110.372
-105.917
-101.481
-97.0638
-92.6677
-88.2931
-83.9407
-79.6109
-75.3041
-71.0207
-66.7611
-62.5257
-58.3149
-54.1296
-49.9706
-45.839
-41.7358
-37.6626
-33.621
-29.6134
-25.642
-21.7099
-17.8203
-13.9767
-10.1832
-6.44415
-2.76417
0.851804
4.39866
7.87117
11.2642
14.5724
17.7909
20.9116
23.9287
26.8403
29.6464
32.3493
34.9408
37.4527
39.8492
-212.798
-212.33
-211.339
-209.856
-208.026
-205.904
-203.498
-200.825
-197.914
-194.792
-191.482
-188.003
-184.374
-180.614
-176.738
-172.761
-168.698
-164.561
-160.361
-156.109
-151.814
-147.485
-143.131
-138.756
-134.369
-129.974
-125.576
-121.18
-116.789
-112.406
-108.033
-103.674
-99.3303
-95.0033
-90.6945
-86.4051
-82.1363
-77.8889
-73.6639
-69.4621
-65.2843
-61.1315
-57.0049
-52.9058
-48.8356
-44.7958
-40.7882
-36.8149
-32.8785
-28.9817
-25.1277
-21.3199
-17.5623
-13.8589
-10.2143
-6.6331
-3.12017
0.319561
3.68113
6.9597
10.1506
13.2493
16.2482
19.143
21.9324
24.619
27.2022
29.6854
32.0619
34.3658
36.5625
-203.5
-203.404
-202.768
-201.629
-200.133
-198.335
-196.242
-193.871
-191.251
-188.409
-185.368
-182.147
-178.767
-175.244
-171.596
-167.838
-163.983
-160.046
-156.036
-151.967
-147.846
-143.684
-139.488
-135.266
-131.024
-126.768
-122.504
-118.235
-113.967
-109.702
-105.443
-101.194
-96.9575
-92.7345
-88.5274
-84.3379
-80.1675
-76.0178
-71.89
-67.7856
-63.7061
-59.6532
-55.6287
-51.6344
-47.6722
-43.7444
-39.8534
-36.0022
-32.1939
-28.432
-24.7201
-21.0623
-17.4629
-13.9263
-10.4572
-7.06034
-3.74025
-0.501527
2.6515
5.71474
8.68415
11.5532
14.3187
16.9813
19.5438
22.0078
24.3736
26.6463
28.8209
30.9319
32.9474
-193.527
-193.789
-193.506
-192.719
-191.564
-190.096
-188.326
-186.269
-183.954
-181.407
-178.651
-175.706
-172.59
-169.322
-165.919
-162.397
-158.768
-155.048
-151.247
-147.376
-143.447
-139.468
-135.449
-131.395
-127.315
-123.215
-119.1
-114.975
-110.846
-106.715
-102.587
-98.4645
-94.3508
-90.2485
-86.1599
-82.0872
-78.0327
-73.9983
-69.986
-65.9981
-62.0367
-58.1042
-54.2029
-50.3352
-46.5036
-42.7114
-38.9616
-35.2579
-31.6038
-28.0034
-24.4608
-20.9804
-17.5665
-14.2236
-10.9561
-7.76828
-4.66405
-1.64718
1.27901
4.1108
6.84315
9.4743
12.0065
14.4433
16.7865
19.0385
21.2013
23.2807
25.2736
27.2127
29.0706
-182.933
-183.49
-183.573
-183.15
-182.331
-181.189
-179.746
-178.014
-176.013
-173.772
-171.313
-168.656
-165.82
-162.823
-159.681
-156.411
-153.026
-149.539
-145.964
-142.311
-138.591
-134.813
-130.987
-127.12
-123.219
-119.292
-115.345
-111.382
-107.41
-103.431
-99.4516
-95.4742
-91.5025
-87.5398
-83.589
-79.653
-75.7345
-71.8363
-67.9612
-64.1122
-60.2922
-56.5038
-52.7499
-49.0338
-45.3591
-41.7293
-38.1482
-34.6197
-31.1481
-27.7374
-24.3921
-21.1162
-17.9139
-14.7893
-11.746
-8.78729
-5.91634
-3.13554
-0.448319
2.14204
4.63555
7.03575
9.34645
11.5701
13.7094
15.7678
17.7482
19.6569
21.4924
23.2838
25.0084
-172.509
-172.997
-172.962
-172.465
-171.637
-170.52
-169.113
-167.431
-165.502
-163.348
-160.991
-158.446
-155.732
-152.866
-149.863
-146.736
-143.5
-140.167
-136.749
-133.255
-129.697
-126.083
-122.421
-118.719
-114.984
-111.223
-107.442
-103.646
-99.8405
-96.0296
-92.2179
-88.4093
-84.6078
-80.8169
-77.0402
-73.2814
-69.5438
-65.8313
-62.1469
-58.494
-54.8763
-51.2975
-47.7616
-44.2723
-40.8339
-37.4505
-34.1263
-30.8653
-27.6718
-24.5496
-21.5024
-18.5337
-15.6466
-12.8436
-10.1271
-7.49867
-4.96122
-2.51621
-0.161648
2.10676
4.29279
6.39931
8.42949
10.3867
12.2748
14.0974
15.8605
17.5635
19.2308
20.8441
-161.116
-161.911
-162.201
-162.011
-161.491
-160.688
-159.599
-158.234
-156.616
-154.772
-152.718
-150.472
-148.051
-145.471
-142.747
-139.893
-136.922
-133.847
-130.68
-127.43
-124.109
-120.725
-117.287
-113.803
-110.281
-106.727
-103.148
-99.5503
-95.939
-92.3194
-88.6964
-85.0745
-81.4585
-77.8527
-74.2615
-70.6893
-67.1399
-63.6173
-60.1255
-56.6688
-53.2514
-49.8776
-46.5516
-43.2776
-40.0599
-36.9027
-33.8098
-30.7851
-27.8322
-24.9541
-22.1537
-19.4333
-16.795
-14.2401
-11.7694
-9.38512
-7.08692
-4.87096
-2.73284
-0.669031
1.3236
3.24833
5.10863
6.9081
8.65067
10.3397
11.9804
13.5725
15.1354
16.655
-149.38
-150.402
-150.955
-151.053
-150.824
-150.318
-149.53
-148.469
-147.157
-145.617
-143.867
-141.922
-139.798
-137.511
-135.075
-132.504
-129.811
-127.007
-124.105
-121.115
-118.048
-114.912
-111.717
-108.471
-105.181
-101.856
-98.5019
-95.1251
-91.7317
-88.3278
-84.9187
-81.5098
-78.1066
-74.7143
-71.3372
-67.9802
-64.6478
-61.345
-58.0762
-54.8462
-51.6596
-48.5206
-45.4338
-42.4032
-39.4329
-36.5264
-33.6872
-30.9183
-28.2222
-25.6012
-23.0568
-20.5903
-18.2023
-15.8931
-13.6633
-11.511
-9.43166
-7.42097
-5.47576
-3.59288
-1.76915
-0.00131945
1.71396
3.38
5.0002
6.57734
8.11545
9.61438
11.0887
12.5279
-137.397
-138.592
-139.358
-139.706
-139.74
-139.501
-138.99
-138.215
-137.194
-135.948
-134.493
-132.845
-131.017
-129.024
-126.88
-124.598
-122.19
-119.668
-117.044
-114.328
-111.529
-108.659
-105.724
-102.735
-99.6993
-96.6241
-93.5171
-90.3852
-87.235
-84.0729
-80.9054
-77.738
-74.5764
-71.4258
-68.2919
-65.1799
-62.0951
-59.0424
-56.0268
-53.053
-50.1255
-47.2485
-44.4261
-41.662
-38.9593
-36.3211
-33.7497
-31.2471
-28.8148
-26.4539
-24.1649
-21.9476
-19.8021
-17.7266
-15.7184
-13.7732
-11.8872
-10.0575
-8.2813
-6.55561
-4.87759
-3.24436
-1.65307
-0.101069
1.41427
2.89506
4.34426
5.76186
7.15825
8.52625
-125.328
-126.634
-127.559
-128.111
-128.367
-128.361
-128.095
-127.577
-126.824
-125.853
-124.679
-123.316
-121.776
-120.072
-118.219
-116.227
-114.108
-111.875
-109.537
-107.105
-104.588
-101.997
-99.3403
-96.6263
-93.8636
-91.06
-88.2234
-85.3611
-82.4798
-79.5862
-76.6868
-73.7878
-70.8955
-68.0157
-65.1541
-62.3163
-59.5075
-56.7327
-53.9967
-51.3039
-48.6583
-46.0637
-43.5233
-41.0399
-38.616
-36.2533
-33.9534
-31.7171
-29.5449
-27.4366
-25.3918
-23.4091
-21.486
-19.6189
-17.8045
-16.0396
-14.3217
-12.6485
-11.0174
-9.42599
-7.87184
-6.3527
-4.8664
-3.41093
-1.98436
-0.585059
0.789009
2.13831
3.46837
4.7744
-113.337
-114.691
-115.716
-116.422
-116.856
-117.04
-116.98
-116.687
-116.172
-115.451
-114.536
-113.439
-112.172
-110.747
-109.176
-107.471
-105.64
-103.697
-101.649
-99.5085
-97.2838
-94.9843
-92.619
-90.1965
-87.7252
-85.2129
-82.6675
-80.0963
-77.5065
-74.9051
-72.2988
-69.6941
-67.0972
-64.5139
-61.9498
-59.4103
-56.9003
-54.4245
-51.9869
-49.5914
-47.2412
-44.9392
-42.6878
-40.4888
-38.3436
-36.2533
-34.2181
-32.238
-30.3126
-28.4408
-26.62
-24.8474
-23.1203
-21.4357
-19.7915
-18.1858
-16.6166
-15.0819
-13.5798
-12.1086
-10.6665
-9.25187
-7.86331
-6.49936
-5.15882
-3.84023
-2.54317
-1.26316
-0.00138036
-101.586
-102.928
-103.999
-104.809
-105.373
-105.702
-105.807
-105.699
-105.387
-104.884
-104.201
-103.347
-102.333
-101.17
-99.869
-98.4391
-96.8904
-95.2327
-93.4756
-91.6284
-89.7
-87.6993
-85.6351
-83.5155
-81.3489
-79.143
-76.9055
-74.6439
-72.3651
-70.076
-67.783
-65.4925
-63.2102
-60.9416
-58.6919
-56.4659
-54.2676
-52.1011
-49.9696
-47.876
-45.8227
-43.8117
-41.8444
-39.9217
-38.0443
-36.2121
-34.4247
-32.6814
-30.9802
-29.3184
-27.6937
-26.1036
-24.5467
-23.0214
-21.5262
-20.0598
-18.6205
-17.2071
-15.8181
-14.4523
-13.1087
-11.7859
-10.4831
-9.19922
-7.93331
-6.68439
-5.45197
-4.2338
-3.03127
-90.2285
-91.5052
-92.5713
-93.4383
-94.0861
-94.5161
-94.7433
-94.78
-94.6348
-94.3155
-93.8314
-93.1919
-92.4063
-91.4837
-90.4331
-89.2636
-87.9841
-86.6034
-85.1301
-83.5729
-81.9402
-80.2402
-78.481
-76.6706
-74.8166
-72.9265
-71.0074
-69.0663
-67.1097
-65.144
-63.175
-61.2084
-59.2492
-57.3023
-55.3719
-53.4618
-51.5755
-49.7159
-47.8855
-46.0862
-44.3195
-42.5867
-40.8883
-39.2247
-37.5955
-36.0002
-34.438
-32.9059
-31.4023
-29.9254
-28.4738
-27.0469
-25.6438
-24.2634
-22.9046
-21.5666
-20.2483
-18.9489
-17.6676
-16.4036
-15.1561
-13.9244
-12.7079
-11.5058
-10.3176
-9.14272
-7.97977
-6.82867
-79.3966
-80.5673
-81.587
-82.4693
-83.1597
-83.6495
-83.9588
-84.1023
-84.0861
-83.9157
-83.5987
-83.1433
-82.5578
-81.85
-81.0277
-80.0988
-79.0712
-77.9528
-76.7513
-75.4744
-74.1298
-72.7248
-71.2669
-69.763
-68.2202
-66.645
-65.044
-63.423
-61.788
-60.1443
-58.4968
-56.8502
-55.2088
-53.5762
-51.9559
-50.3507
-48.7631
-47.1951
-45.6485
-44.1244
-42.6237
-41.1467
-39.6936
-38.2642
-36.8579
-35.4728
-34.1078
-32.7613
-31.4316
-30.1195
-28.8246
-27.5463
-26.2838
-25.0366
-23.804
-22.5856
-21.3808
-20.1892
-19.0102
-17.8433
-16.6882
-15.5444
-14.4114
-13.2889
-12.1764
-11.0736
-9.98003
-8.89555
-69.2001
-70.2363
-71.1786
-72.0425
-72.7408
-73.2559
-73.6128
-73.8288
-73.9081
-73.8537
-73.672
-73.3706
-72.9565
-72.4363
-71.8168
-71.1048
-70.3073
-69.4311
-68.4828
-67.4693
-66.3969
-65.2723
-64.1016
-62.891
-61.6463
-60.3731
-59.0766
-57.762
-56.4337
-55.0961
-53.7533
-52.4086
-51.0654
-49.7264
-48.3941
-47.0704
-45.7572
-44.4556
-43.1667
-41.891
-40.629
-39.3807
-38.146
-36.9239
-35.7135
-34.5142
-33.324
-32.1439
-30.9747
-29.816
-28.6675
-27.5287
-26.3996
-25.2797
-24.169
-23.0671
-21.9738
-20.8889
-19.8121
-18.7433
-17.6821
-16.6285
-15.5821
-14.5428
-13.5104
-12.4848
-11.4659
-10.4534
-59.7229
-60.6092
-61.4544
-62.2751
-62.9551
-63.4687
-63.846
-64.1063
-64.2524
-64.2853
-64.2103
-64.0344
-63.7635
-63.4034
-62.9596
-62.4381
-61.8447
-61.1852
-60.465
-59.6899
-58.8652
-57.9962
-57.088
-56.1455
-55.1733
-54.1759
-53.1572
-52.1212
-51.0714
-50.011
-48.9429
-47.8697
-46.7937
-45.7168
-44.6407
-43.5666
-42.4956
-41.4286
-40.366
-39.3083
-38.2556
-37.2075
-36.1636
-35.1242
-34.0873
-33.0532
-32.0241
-31.0001
-29.9808
-28.966
-27.9559
-26.9504
-25.9496
-24.9535
-23.9619
-22.9749
-21.9924
-21.0144
-20.0409
-19.0717
-18.107
-17.1466
-16.1906
-15.2388
-14.2913
-13.348
-12.4093
-11.4744
-51.0228
-51.7567
-52.4957
-53.2573
-53.9007
-54.3944
-54.7721
-55.0553
-55.2451
-55.3411
-55.3478
-55.2713
-55.1169
-54.8893
-54.593
-54.2329
-53.8138
-53.3404
-52.8172
-52.2485
-51.6386
-50.9917
-50.3116
-49.602
-48.8665
-48.1082
-47.3302
-46.5353
-45.726
-44.9046
-44.073
-43.2331
-42.3863
-41.534
-40.6771
-39.8165
-38.953
-38.0871
-37.2193
-36.3494
-35.4776
-34.6045
-33.7285
-32.8493
-31.9701
-31.0911
-30.2119
-29.3326
-28.4533
-27.5745
-26.6962
-25.8185
-24.9417
-24.0657
-23.1907
-22.3168
-21.4441
-20.5728
-19.7028
-18.8342
-17.9673
-17.1019
-16.2383
-15.3764
-14.5164
-13.6584
-12.8023
-11.9491
-11.0983
-43.1337
-43.7245
-44.3581
-45.0515
-45.6474
-46.1097
-46.4748
-46.765
-46.9806
-47.1199
-47.1866
-47.1862
-47.1229
-47.0007
-46.8231
-46.594
-46.3172
-45.9963
-45.6348
-45.2361
-44.8034
-44.3397
-43.8478
-43.3305
-42.7903
-42.2294
-41.65
-41.0539
-40.443
-39.8186
-39.1822
-38.535
-37.8778
-37.2117
-36.5373
-35.8554
-35.1664
-34.4703
-33.7684
-33.0605
-32.3453
-31.6232
-30.8972
-30.1674
-29.4335
-28.6956
-27.9542
-27.2097
-26.4623
-25.7122
-24.9597
-24.2049
-23.4482
-22.6896
-21.9295
-21.1679
-20.4052
-19.6414
-18.8768
-18.1115
-17.3457
-16.5795
-15.8133
-15.0471
-14.2811
-13.5156
-12.7507
-11.9866
-11.2229
-36.0683
-36.5348
-37.0711
-37.693
-38.2352
-38.6599
-39.0042
-39.2904
-39.5178
-39.684
-39.7919
-39.8461
-39.8505
-39.8077
-39.7208
-39.5925
-39.426
-39.2237
-38.9885
-38.7227
-38.4287
-38.1086
-37.7646
-37.3984
-37.0118
-36.6064
-36.1835
-35.7446
-35.2908
-34.823
-34.3423
-33.8494
-33.3452
-32.8302
-32.3049
-31.7696
-31.226
-30.673
-30.1096
-29.5379
-28.9594
-28.3741
-27.7818
-27.183
-26.578
-25.9672
-25.3509
-24.7294
-24.1029
-23.4718
-22.8362
-22.1964
-21.5527
-20.9052
-20.2543
-19.6001
-18.9429
-18.2829
-17.6202
-16.9552
-16.2879
-15.6186
-14.9475
-14.2748
-13.6007
-12.9253
-12.249
-11.5717
-10.894
-10.2166
-29.8216
-30.1884
-30.6399
-31.1903
-31.6765
-32.061
-32.3797
-32.6538
-32.8821
-33.0617
-33.1948
-33.2854
-33.3364
-33.35
-33.3283
-33.2735
-33.1879
-33.0734
-32.9319
-32.7652
-32.5749
-32.3626
-32.1298
-31.8777
-31.6075
-31.3204
-31.0173
-30.6991
-30.3667
-30.0208
-29.6621
-29.2912
-28.9086
-28.515
-28.1109
-27.6962
-27.27
-26.8349
-26.3912
-25.9389
-25.478
-25.0091
-24.5325
-24.0486
-23.5575
-23.0596
-22.5552
-22.0445
-21.5278
-21.0053
-20.4774
-19.9442
-19.4059
-18.8629
-18.3153
-17.7634
-17.2074
-16.6476
-16.0841
-15.5172
-14.9471
-14.374
-13.7982
-13.2198
-12.6392
-12.0566
-11.472
-10.886
-10.2979
-9.70889
-24.373
-24.6653
-25.0461
-25.5274
-25.9574
-26.3013
-26.5919
-26.8483
-27.0691
-27.2513
-27.3965
-27.5081
-27.5883
-27.6386
-27.6608
-27.6563
-27.6269
-27.574
-27.4989
-27.403
-27.2873
-27.1531
-27.0012
-26.8328
-26.6485
-26.4493
-26.2358
-26.0087
-25.7687
-25.5163
-25.2519
-24.9761
-24.6896
-24.392
-24.0835
-23.7654
-23.438
-23.1013
-22.7556
-22.4013
-22.0386
-21.6679
-21.2894
-20.9033
-20.5099
-20.1095
-19.7022
-19.2883
-18.868
-18.4416
-18.0093
-17.5712
-17.1277
-16.6788
-16.2249
-15.7661
-15.3026
-14.8347
-14.3625
-13.8864
-13.4063
-12.9227
-12.4356
-11.9454
-11.4521
-10.9561
-10.4575
-9.95677
-9.45279
-8.9469
-19.6878
-19.9274
-20.2506
-20.6671
-21.0427
-21.347
-21.6086
-21.8438
-22.0513
-22.2283
-22.3758
-22.4967
-22.5926
-22.6646
-22.714
-22.7419
-22.7496
-22.7381
-22.7084
-22.6614
-22.598
-22.519
-22.4251
-22.3171
-22.1955
-22.0609
-21.9139
-21.7551
-21.5848
-21.4035
-21.2115
-21.0094
-20.797
-20.575
-20.3437
-20.1035
-19.8544
-19.5967
-19.3308
-19.0568
-18.775
-18.4855
-18.1887
-17.8846
-17.5736
-17.2557
-16.9313
-16.6004
-16.2632
-15.9201
-15.571
-15.2162
-14.856
-14.4904
-14.1196
-13.7439
-13.3634
-12.9782
-12.5887
-12.1949
-11.797
-11.3953
-10.9899
-10.5809
-10.1685
-9.7529
-9.33426
-8.91284
-8.48752
-8.05983
-15.7176
-15.9207
-16.1969
-16.5539
-16.8785
-17.1453
-17.378
-17.5904
-17.781
-17.9473
-18.0904
-18.2122
-18.314
-18.3968
-18.4613
-18.5085
-18.5393
-18.5543
-18.5545
-18.5404
-18.5128
-18.4721
-18.419
-18.354
-18.2775
-18.1899
-18.0918
-17.9835
-17.8653
-17.7376
-17.6006
-17.4545
-17.2998
-17.1366
-16.9652
-16.7858
-16.5986
-16.4038
-16.2015
-15.992
-15.7755
-15.552
-15.3218
-15.0851
-14.8419
-14.5925
-14.3369
-14.0754
-13.8081
-13.5351
-13.2566
-12.9727
-12.6837
-12.3895
-12.0904
-11.7865
-11.478
-11.165
-10.8477
-10.526
-10.2005
-9.87093
-9.53747
-9.20037
-8.85975
-8.51544
-8.16763
-7.81731
-7.46303
-7.10658
-12.4023
-12.5795
-12.8171
-13.1208
-13.3989
-13.6309
-13.8361
-14.0253
-14.1973
-14.35
-14.4843
-14.6016
-14.703
-14.7891
-14.8605
-14.918
-14.962
-14.9934
-15.0125
-15.0199
-15.0162
-15.0016
-14.9768
-14.942
-14.8976
-14.8439
-14.7814
-14.7101
-14.6305
-14.5428
-14.4471
-14.3438
-14.2329
-14.1148
-13.9896
-13.8575
-13.7186
-13.573
-13.421
-13.2627
-13.0981
-12.9275
-12.751
-12.5686
-12.3805
-12.1868
-11.9877
-11.7833
-11.5736
-11.3588
-11.139
-10.9143
-10.6847
-10.4507
-10.212
-9.96882
-9.72129
-9.46958
-9.21379
-8.95398
-8.68995
-8.42214
-8.15086
-7.87615
-7.59806
-7.31679
-7.03237
-6.74527
-6.45418
-6.16092
-9.67275
-9.83047
-10.0355
-10.2923
-10.5288
-10.7292
-10.9086
-11.0753
-11.2284
-11.3663
-11.4894
-11.599
-11.6959
-11.7806
-11.8534
-11.9149
-11.9656
-12.006
-12.0364
-12.0573
-12.0689
-12.0717
-12.066
-12.052
-12.0301
-12.0005
-11.9634
-11.919
-11.8677
-11.8094
-11.7445
-11.6732
-11.5954
-11.5115
-11.4216
-11.3256
-11.224
-11.1166
-11.0037
-10.8854
-10.7617
-10.6328
-10.4987
-10.3595
-10.2155
-10.0665
-9.91275
-9.75431
-9.59127
-9.42372
-9.25174
-9.07542
-8.89482
-8.70986
-8.52088
-8.32797
-8.13116
-7.93053
-7.72618
-7.51823
-7.30677
-7.0919
-6.87372
-6.65233
-6.42782
-6.20033
-5.96987
-5.73686
-5.50008
-5.26124
-7.45582
-7.5974
-7.77461
-7.99059
-8.1907
-8.36289
-8.51864
-8.6643
-8.79911
-8.92183
-9.03289
-9.13318
-9.22327
-9.30352
-9.37428
-9.43593
-9.48885
-9.53336
-9.56979
-9.59843
-9.61954
-9.6334
-9.64024
-9.64029
-9.63376
-9.62085
-9.60174
-9.5766
-9.54559
-9.50887
-9.46656
-9.41881
-9.36573
-9.30743
-9.24404
-9.17566
-9.10239
-9.02432
-8.94154
-8.85412
-8.76215
-8.66571
-8.56487
-8.45971
-8.35028
-8.23668
-8.11895
-7.99718
-7.87143
-7.74177
-7.60827
-7.471
-7.33002
-7.1854
-7.03723
-6.88555
-6.73045
-6.57199
-6.41025
-6.24531
-6.07724
-5.90611
-5.732
-5.55502
-5.37522
-5.19273
-5.00754
-4.82003
-4.62912
-4.4363
-5.67754
-5.80467
-5.95762
-6.13864
-6.30719
-6.45441
-6.58885
-6.7152
-6.83287
-6.94097
-7.03982
-7.13008
-7.21219
-7.2864
-7.35299
-7.41224
-7.46444
-7.50983
-7.54866
-7.58115
-7.6075
-7.62792
-7.64259
-7.65168
-7.65536
-7.65378
-7.64707
-7.63537
-7.61881
-7.5975
-7.57155
-7.54106
-7.50612
-7.46682
-7.42326
-7.37551
-7.32366
-7.26777
-7.20793
-7.14419
-7.07661
-7.00526
-6.93019
-6.85146
-6.76913
-6.68325
-6.59388
-6.50106
-6.40486
-6.30531
-6.20248
-6.09642
-5.98718
-5.87482
-5.75938
-5.64092
-5.5195
-5.39518
-5.26801
-5.13806
-5.00538
-4.87003
-4.73209
-4.59162
-4.44867
-4.30336
-4.15565
-4.00588
-3.85313
-3.69868
-4.26766
-4.38128
-4.51293
-4.6642
-4.8057
-4.93108
-5.04654
-5.15548
-5.25746
-5.35187
-5.43894
-5.51917
-5.59287
-5.66024
-5.72149
-5.77683
-5.82648
-5.87063
-5.90945
-5.94312
-5.97179
-5.99562
-6.01475
-6.02931
-6.03943
-6.04521
-6.04679
-6.04424
-6.03768
-6.02719
-6.01285
-5.99475
-5.97296
-5.94755
-5.91858
-5.88612
-5.85024
-5.81099
-5.76844
-5.72263
-5.67361
-5.62142
-5.56613
-5.50776
-5.44636
-5.38198
-5.31466
-5.24444
-5.17136
-5.09546
-5.01678
-4.93537
-4.85127
-4.76451
-4.67515
-4.58322
-4.48877
-4.39184
-4.29248
-4.19073
-4.08665
-3.98028
-3.87168
-3.7609
-3.64798
-3.53301
-3.41598
-3.29714
-3.17575
-3.05287
-3.16153
-3.2623
-3.37519
-3.50131
-3.61978
-3.72616
-3.82485
-3.91827
-4.00612
-4.08796
-4.16399
-4.23455
-4.2999
-4.36017
-4.41552
-4.46611
-4.51211
-4.55367
-4.5909
-4.62395
-4.65294
-4.67798
-4.69919
-4.71666
-4.73049
-4.74076
-4.74758
-4.75101
-4.75113
-4.74801
-4.74172
-4.73231
-4.71986
-4.70441
-4.68602
-4.66473
-4.6406
-4.61367
-4.584
-4.55162
-4.51657
-4.47888
-4.43861
-4.39577
-4.35042
-4.30257
-4.25227
-4.19954
-4.14443
-4.08695
-4.02716
-3.96507
-3.90073
-3.83415
-3.76539
-3.69447
-3.62143
-3.5463
-3.46911
-3.38992
-3.30875
-3.22564
-3.14064
-3.05379
-2.96513
-2.87472
-2.78256
-2.68885
-2.59301
-2.49588
-2.30218
-2.39079
-2.4872
-2.59216
-2.69116
-2.78112
-2.86514
-2.94488
-3.02015
-3.09066
-3.15656
-3.21811
-3.27546
-3.32875
-3.37809
-3.42359
-3.46539
-3.50359
-3.5383
-3.5696
-3.59761
-3.6224
-3.64405
-3.66266
-3.67829
-3.69101
-3.70089
-3.70799
-3.71238
-3.71409
-3.7132
-3.70974
-3.70377
-3.69533
-3.68445
-3.67119
-3.65557
-3.63765
-3.61745
-3.59501
-3.57036
-3.54353
-3.51455
-3.48346
-3.45028
-3.41503
-3.37775
-3.33846
-3.29718
-3.25396
-3.2088
-3.16174
-3.1128
-3.06202
-3.0094
-2.955
-2.89882
-2.84091
-2.78129
-2.71998
-2.65703
-2.59246
-2.52631
-2.45861
-2.38939
-2.31871
-2.24656
-2.1731
-2.09789
-2.02158
-1.6404
-1.71765
-1.79963
-1.88686
-1.96944
-2.0453
-2.11655
-2.18433
-2.24852
-2.30894
-2.36569
-2.41895
-2.46886
-2.5155
-2.55896
-2.59934
-2.63671
-2.67118
-2.70281
-2.73168
-2.75786
-2.78143
-2.80244
-2.82096
-2.83704
-2.85075
-2.86213
-2.87123
-2.8781
-2.88278
-2.88532
-2.88575
-2.88412
-2.88045
-2.87479
-2.86717
-2.85761
-2.84614
-2.8328
-2.81762
-2.80062
-2.78183
-2.76127
-2.73896
-2.71493
-2.68921
-2.66182
-2.63277
-2.60208
-2.56979
-2.53592
-2.50047
-2.46348
-2.42497
-2.38495
-2.34346
-2.30051
-2.25613
-2.21034
-2.16316
-2.11462
-2.06475
-2.01357
-1.96111
-1.9074
-1.85248
-1.79635
-1.73913
-1.68048
-1.62093
-1.13501
-1.20185
-1.27132
-1.34377
-1.4126
-1.47643
-1.53668
-1.59412
-1.64866
-1.70021
-1.74884
-1.79468
-1.83782
-1.87833
-1.91627
-1.95172
-1.98475
-2.01542
-2.04378
-2.0699
-2.09384
-2.11564
-2.13535
-2.15303
-2.16872
-2.18245
-2.19429
-2.20425
-2.21239
-2.21873
-2.22332
-2.22617
-2.22733
-2.22682
-2.22467
-2.22091
-2.21556
-2.20865
-2.2002
-2.19023
-2.17877
-2.16584
-2.15147
-2.13566
-2.11845
-2.09985
-2.07988
-2.05856
-2.03591
-2.01194
-1.98668
-1.96014
-1.93235
-1.90331
-1.87304
-1.84157
-1.80892
-1.7751
-1.74012
-1.70402
-1.66682
-1.62852
-1.58916
-1.54876
-1.50734
-1.46493
-1.42154
-1.37725
-1.33183
-1.28566
-0.751978
-0.80944
-0.868144
-0.928329
-0.985682
-1.03931
-1.09014
-1.13869
-1.18489
-1.22871
-1.27019
-1.30942
-1.34647
-1.3814
-1.41425
-1.44507
-1.47393
-1.50086
-1.52592
-1.54914
-1.57057
-1.59026
-1.60824
-1.62455
-1.63923
-1.65231
-1.66383
-1.67381
-1.6823
-1.68932
-1.69489
-1.69905
-1.70182
-1.70323
-1.7033
-1.70205
-1.69951
-1.6957
-1.69062
-1.68431
-1.67677
-1.66804
-1.65814
-1.64707
-1.63485
-1.62151
-1.60707
-1.59152
-1.57491
-1.55723
-1.5385
-1.51875
-1.49798
-1.47621
-1.45345
-1.42973
-1.40506
-1.37944
-1.35291
-1.32547
-1.29714
-1.26794
-1.23789
-1.207
-1.1753
-1.1428
-1.10952
-1.07553
-1.04064
-1.00515
-0.464037
-0.513262
-0.562842
-0.612943
-0.66082
-0.70591
-0.748804
-0.789826
-0.828957
-0.866166
-0.901495
-0.935008
-0.966753
-0.996769
-1.02509
-1.05177
-1.07683
-1.10032
-1.12227
-1.14272
-1.16169
-1.17923
-1.19537
-1.21013
-1.22354
-1.23564
-1.24645
-1.256
-1.26431
-1.27141
-1.27732
-1.28207
-1.28567
-1.28816
-1.28954
-1.28985
-1.2891
-1.2873
-1.28447
-1.28063
-1.27579
-1.26999
-1.26324
-1.25554
-1.24693
-1.23741
-1.22699
-1.21571
-1.20356
-1.19057
-1.17675
-1.16211
-1.14667
-1.13044
-1.11343
-1.09566
-1.07713
-1.05787
-1.03788
-1.01718
-0.995785
-0.973701
-0.950943
-0.927529
-0.903472
-0.878792
-0.853494
-0.827632
-0.80108
-0.774049
-0.249319
-0.291446
-0.333384
-0.375244
-0.415339
-0.453321
-0.489556
-0.524245
-0.557382
-0.588955
-0.618993
-0.64754
-0.674631
-0.700294
-0.724561
-0.74746
-0.769022
-0.789276
-0.808249
-0.825971
-0.842467
-0.857765
-0.87189
-0.88487
-0.896728
-0.90749
-0.91718
-0.925821
-0.933437
-0.94005
-0.945684
-0.950359
-0.954097
-0.956919
-0.958846
-0.959898
-0.960094
-0.959446
-0.957955
-0.955639
-0.952521
-0.948619
-0.94395
-0.93853
-0.932375
-0.925502
-0.917924
-0.909658
-0.900717
-0.891115
-0.880866
-0.869981
-0.858473
-0.846355
-0.833639
-0.820337
-0.806461
-0.792022
-0.777032
-0.761503
-0.745447
-0.728877
-0.711802
-0.694235
-0.676185
-0.657667
-0.638685
-0.619278
-0.599361
-0.579083
-0.0911526
-0.127378
-0.163102
-0.198397
-0.232271
-0.26452
-0.295359
-0.32491
-0.353173
-0.380144
-0.405846
-0.430308
-0.453554
-0.475605
-0.496484
-0.516213
-0.534815
-0.552312
-0.568725
-0.584077
-0.59839
-0.611684
-0.623981
-0.635303
-0.645671
-0.655107
-0.663631
-0.671265
-0.678029
-0.683946
-0.689035
-0.693317
-0.696814
-0.699546
-0.701532
-0.702793
-0.703348
-0.703213
-0.702397
-0.70092
-0.698806
-0.696073
-0.69274
-0.688823
-0.684338
-0.679306
-0.673741
-0.667651
-0.661046
-0.653951
-0.646385
-0.638359
-0.62988
-0.620957
-0.611607
-0.601862
-0.591743
-0.581247
-0.570353
-0.559035
-0.547285
-0.535114
-0.522542
-0.509595
-0.496288
-0.482636
-0.46864
-0.454323
-0.439625
-0.42465
0.0233248
-0.00809956
-0.038845
-0.0689489
-0.0978674
-0.125491
-0.151939
-0.177278
-0.201513
-0.224644
-0.246687
-0.267662
-0.287585
-0.306473
-0.324342
-0.341209
-0.357092
-0.372008
-0.385975
-0.399011
-0.411133
-0.42236
-0.432711
-0.442203
-0.450857
-0.45869
-0.465723
-0.471974
-0.477463
-0.482211
-0.486239
-0.48957
-0.492227
-0.494233
-0.495608
-0.496375
-0.496558
-0.49617
-0.495211
-0.493702
-0.491678
-0.48917
-0.486203
-0.482796
-0.478963
-0.474722
-0.470102
-0.465118
-0.459766
-0.454043
-0.44798
-0.441594
-0.434885
-0.427853
-0.420461
-0.412705
-0.404676
-0.396523
-0.388314
-0.380004
-0.371489
-0.362693
-0.353601
-0.344243
-0.33466
-0.324883
-0.31492
-0.304779
-0.294411
-0.283861
0.102887
0.0750299
0.0479427
0.0216062
-0.00370971
-0.0279501
-0.0511721
-0.0734091
-0.0946641
-0.114939
-0.134242
-0.152585
-0.169977
-0.18643
-0.201953
-0.216559
-0.230259
-0.243066
-0.254993
-0.266054
-0.276264
-0.285637
-0.294191
-0.301941
-0.308908
-0.31511
-0.320567
-0.325301
-0.32933
-0.332676
-0.335376
-0.337469
-0.33898
-0.33994
-0.340359
-0.340264
-0.339676
-0.338633
-0.337198
-0.335437
-0.33337
-0.331003
-0.328352
-0.325434
-0.322271
-0.318875
-0.315258
-0.311437
-0.30744
-0.30327
-0.298951
-0.294519
-0.28994
-0.285194
-0.280292
-0.275234
-0.26993
-0.264413
-0.258865
-0.253331
-0.24774
-0.242017
-0.236123
-0.230067
-0.223888
-0.217614
-0.211251
-0.204799
-0.198221
-0.191541
0.156346
0.131038
0.106562
0.0829069
0.0601711
0.0383754
0.0174999
-0.00246894
-0.021534
-0.039698
-0.0569664
-0.0733458
-0.0888431
-0.103465
-0.117219
-0.130113
-0.142154
-0.153351
-0.163711
-0.173244
-0.181957
-0.189859
-0.196957
-0.203261
-0.208778
-0.213516
-0.217483
-0.220676
-0.223088
-0.224728
-0.225607
-0.22573
-0.225091
-0.223692
-0.221532
-0.218576
-0.214848
-0.210141
-0.204726
-0.199592
-0.194871
-0.190347
-0.185912
-0.181554
-0.177259
-0.173012
-0.168807
-0.164605
-0.160367
-0.156081
-0.151725
-0.14732
-0.142888
-0.138405
-0.133859
-0.129247
-0.124568
-0.119796
-0.114962
-0.11011
-0.10523
-0.100351
-0.0955362
-0.0907469
-0.085936
-0.0811247
-0.0763505
-0.0716432
-0.0670124
-0.0624761
0.179467
0.155345
0.132136
0.109842
0.0884784
0.068052
0.048565
0.0300195
0.0124185
-0.00423545
-0.0199401
-0.0346938
-0.0484955
-0.0613443
-0.0732399
-0.0841827
-0.0941737
-0.103215
-0.111308
-0.118458
-0.12467
-0.129949
-0.134305
-0.137748
-0.140292
-0.141956
-0.142753
-0.14268
-0.141739
-0.139949
-0.137349
-0.133984
-0.129905
-0.125151
-0.119788
-0.113735
-0.107364
-0.0993489
-0.0934455
-0.0899086
-0.0868839
-0.0836303
-0.0804458
-0.0776362
-0.0751938
-0.0730138
-0.0710721
-0.0693931
-0.0679712
-0.0667833
-0.0658041
-0.0649953
-0.0643313
-0.0637953
-0.0633728
-0.063048
-0.0628062
-0.062628
-0.0624987
-0.0624101
-0.0623623
-0.0623496
-0.062365
-0.0623929
-0.0624097
-0.0623972
-0.0623421
-0.0622292
-0.0620977
-0.0619898
)
;

boundaryField
{
    walls
    {
        type            zeroGradient;
    }
    frontAndBack
    {
        type            empty;
    }
    farfield
    {
        type            outletInlet;
        outletValue     uniform 0;
        value           nonuniform List<scalar> 
70
(
0.179467
0.155345
0.132136
0.109842
0.0884784
0.068052
0.048565
0.0300195
0.0124185
-0.00423545
-0.0199401
-0.0346938
-0.0484955
-0.0613443
-0.0732399
-0.0841827
-0.0941737
-0.103215
-0.111308
-0.118458
-0.12467
-0.129949
-0.134305
-0.137748
-0.140292
-0.141956
-0.142753
-0.14268
-0.141739
-0.139949
-0.137349
-0.133984
-0.129905
-0.125151
-0.119788
-0.113735
-0.107364
0
0
0
0
0
0
0
0
0
0
0
0
0
0
0
0
0
0
0
0
0
0
0
0
0
0
0
0
0
0
0
0
0
)
;
    }
    procBoundary0to1
    {
        type            processor;
        value           nonuniform List<scalar> 
105
(
-321.069
-321.069
-321.069
-321.069
-321.068
-321.067
-321.066
-321.063
-321.058
-321.052
-321.044
-321.033
-321.019
-321.003
-320.982
-320.958
-320.929
-320.894
-320.852
-320.803
-320.744
-320.675
-320.593
-320.497
-320.384
-320.25
-320.092
-319.905
-319.684
-319.424
-319.115
-318.749
-318.316
-317.802
-317.194
-316.478
-315.645
-314.69
-313.607
-312.385
-311.007
-309.455
-305.306
-305.306
-303.464
-301.393
-299.063
-296.445
-293.506
-290.211
-286.521
-282.395
-277.789
-272.66
-266.405
-265.32
-263.725
-263.725
-258.384
-250.976
-250.976
-244.762
-237.899
-230.358
-222.116
-213.164
-203.51
-193.182
-182.24
-171.923
-171.923
-160.292
-148.304
-136.114
-123.885
-111.787
-99.9794
-88.6108
-77.8071
-67.6695
-58.2736
-49.6704
-41.8889
-34.9393
-28.8145
-23.4912
-18.9304
-15.0786
-11.8716
-9.23764
-7.10247
-5.39253
-4.03874
-2.97809
-2.15527
-1.52267
-1.0405
-0.675862
-0.402428
-0.199094
-0.0497204
0.0580494
0.132835
0.182988
0.20455
)
;
    }
    procBoundary0to2
    {
        type            processor;
        value           nonuniform List<scalar> 
108
(
76.6327
76.6327
76.6328
76.6328
76.6329
76.633
76.6333
76.6336
76.6342
76.635
76.6361
76.6377
76.6396
76.642
76.6448
76.6482
76.6522
76.6569
76.6624
76.6689
76.6764
76.6853
76.6955
76.7074
76.7212
76.7371
76.7554
76.7764
76.8003
76.8275
76.8582
76.8927
76.9311
76.9736
77.0201
77.0702
77.1234
77.1784
77.2336
77.2868
77.3282
57.3727
61.4714
65.5215
69.5254
77.3706
73.4863
57.3727
57.4551
57.5204
57.562
57.5707
57.5323
57.4339
57.2597
56.9802
56.5519
55.9367
55.0875
53.9568
52.4957
50.6608
48.4198
45.7568
42.6773
39.2104
35.4088
31.3463
27.1061
22.7737
18.4278
14.1566
10.0257
6.1268
1.31644
1.31644
-1.81895
-5.66765
-5.66765
-7.81663
-9.45314
-10.551
-10.551
-10.268
-10.458
-10.458
-9.54686
-9.10139
-8.41583
-7.60176
-6.71902
-5.83755
-4.99484
-4.21939
-3.52391
-2.91337
-2.38549
-1.93494
-1.55348
-1.23357
-0.965318
-0.743886
-0.556644
-0.408179
-0.272382
-0.184258
-0.0578705
-0.0618083
)
;
    }
}


// ************************************************************************* //
