/*--------------------------------*- C++ -*----------------------------------*\
| =========                 |                                                 |
| \\      /  F ield         | OpenFOAM: The Open Source CFD Toolbox           |
|  \\    /   O peration     | Version:  2412                                  |
|   \\  /    A nd           | Website:  www.openfoam.com                      |
|    \\/     M anipulation  |                                                 |
\*---------------------------------------------------------------------------*/
FoamFile
{
    version     2.0;
    format      ascii;
    arch        "LSB;label=32;scalar=64";
    class       volScalarField;
    location    "260";
    object      nuTilda;
}
// * * * * * * * * * * * * * * * * * * * * * * * * * * * * * * * * * * * * * //

dimensions      [0 2 -1 0 0 0 0];

internalField   nonuniform List<scalar> 
7418
(
7.99728e-07
1.06041e-06
1.0115e-06
9.67757e-07
1.01003e-06
9.70901e-07
1.72345e-06
2.14e-06
2.14037e-06
2.00886e-06
1.93094e-06
1.88948e-06
1.87125e-06
1.87399e-06
1.89044e-06
1.90409e-06
1.9081e-06
1.90601e-06
1.89802e-06
1.88891e-06
1.88388e-06
1.88274e-06
1.88454e-06
1.88702e-06
1.88835e-06
1.88877e-06
1.88892e-06
1.88962e-06
1.8909e-06
1.89248e-06
1.89407e-06
1.89563e-06
1.89725e-06
1.89898e-06
1.90084e-06
1.90275e-06
1.90472e-06
1.90675e-06
1.90881e-06
1.91088e-06
1.91297e-06
1.9151e-06
1.91725e-06
1.91939e-06
1.92153e-06
1.92366e-06
1.9258e-06
1.92794e-06
1.93001e-06
1.93202e-06
1.93404e-06
1.93602e-06
1.93797e-06
1.93988e-06
1.9417e-06
1.94352e-06
1.94529e-06
1.94701e-06
1.94866e-06
1.95021e-06
1.95172e-06
1.95321e-06
1.95461e-06
1.95591e-06
1.9572e-06
1.95843e-06
1.95961e-06
1.96071e-06
1.96173e-06
1.96274e-06
1.96371e-06
1.96461e-06
1.9655e-06
1.96627e-06
1.96682e-06
1.96736e-06
1.9678e-06
1.96817e-06
1.96845e-06
1.96861e-06
1.96872e-06
7.39655e-07
9.30668e-07
2.51226e-06
3.24797e-06
3.11727e-06
2.99977e-06
3.10076e-06
3.04224e-06
5.45275e-06
6.61436e-06
6.59771e-06
6.24607e-06
6.02841e-06
5.91276e-06
5.8643e-06
5.87386e-06
5.91978e-06
5.9571e-06
5.9674e-06
5.96012e-06
5.93664e-06
5.91071e-06
5.89669e-06
5.894e-06
5.89944e-06
5.9066e-06
5.91048e-06
5.91187e-06
5.9126e-06
5.91496e-06
5.91905e-06
5.92393e-06
5.92885e-06
5.93373e-06
5.93879e-06
5.94425e-06
5.95005e-06
5.95601e-06
5.96216e-06
5.96848e-06
5.9749e-06
5.98138e-06
5.98797e-06
5.99459e-06
6.00128e-06
6.00799e-06
6.01465e-06
6.02133e-06
6.02801e-06
6.03463e-06
6.04115e-06
6.04751e-06
6.05383e-06
6.06004e-06
6.06611e-06
6.07208e-06
6.07785e-06
6.0835e-06
6.089e-06
6.09436e-06
6.09954e-06
6.10443e-06
6.10916e-06
6.11376e-06
6.11817e-06
6.12233e-06
6.12635e-06
6.13017e-06
6.13382e-06
6.13729e-06
6.14054e-06
6.14366e-06
6.14664e-06
6.14951e-06
6.15226e-06
6.15468e-06
6.15641e-06
6.15807e-06
6.15946e-06
6.16058e-06
6.16146e-06
6.16203e-06
6.16234e-06
2.28344e-06
2.86061e-06
4.52209e-06
5.5705e-06
5.38086e-06
5.2243e-06
5.33555e-06
5.61612e-06
9.79861e-06
1.14716e-05
1.14091e-05
1.0936e-05
1.06203e-05
1.04542e-05
1.03894e-05
1.04079e-05
1.04752e-05
1.05274e-05
1.05395e-05
1.05248e-05
1.04877e-05
1.04491e-05
1.0429e-05
1.04263e-05
1.04354e-05
1.04466e-05
1.04528e-05
1.04554e-05
1.04574e-05
1.0462e-05
1.04693e-05
1.04778e-05
1.04864e-05
1.0495e-05
1.05039e-05
1.05136e-05
1.05238e-05
1.05343e-05
1.05451e-05
1.05561e-05
1.05674e-05
1.05788e-05
1.05904e-05
1.0602e-05
1.06138e-05
1.06256e-05
1.06374e-05
1.06491e-05
1.06608e-05
1.06725e-05
1.0684e-05
1.06952e-05
1.07063e-05
1.07173e-05
1.0728e-05
1.07385e-05
1.07487e-05
1.07586e-05
1.07683e-05
1.07777e-05
1.07868e-05
1.07955e-05
1.08039e-05
1.0812e-05
1.08197e-05
1.08271e-05
1.08342e-05
1.08409e-05
1.08473e-05
1.08535e-05
1.08592e-05
1.08647e-05
1.08699e-05
1.0875e-05
1.08798e-05
1.08841e-05
1.08871e-05
1.089e-05
1.08924e-05
1.08944e-05
1.08959e-05
1.0897e-05
1.08975e-05
3.95236e-06
4.9318e-06
7.03543e-06
8.01198e-06
7.77362e-06
7.62799e-06
7.71422e-06
9.13485e-06
1.48205e-05
1.66875e-05
1.65678e-05
1.61085e-05
1.57573e-05
1.55769e-05
1.55153e-05
1.55439e-05
1.56187e-05
1.5672e-05
1.56791e-05
1.56548e-05
1.56082e-05
1.55637e-05
1.55422e-05
1.55417e-05
1.55542e-05
1.55681e-05
1.55761e-05
1.55803e-05
1.55844e-05
1.55921e-05
1.56031e-05
1.56154e-05
1.5628e-05
1.56407e-05
1.5654e-05
1.56683e-05
1.56833e-05
1.56988e-05
1.57146e-05
1.57309e-05
1.57475e-05
1.57644e-05
1.57814e-05
1.57986e-05
1.5816e-05
1.58334e-05
1.58508e-05
1.58682e-05
1.58854e-05
1.59026e-05
1.59195e-05
1.59362e-05
1.59526e-05
1.59688e-05
1.59847e-05
1.60002e-05
1.60154e-05
1.60301e-05
1.60444e-05
1.60583e-05
1.60718e-05
1.60847e-05
1.60971e-05
1.61091e-05
1.61205e-05
1.61314e-05
1.61419e-05
1.61519e-05
1.61614e-05
1.61705e-05
1.6179e-05
1.6187e-05
1.61948e-05
1.62023e-05
1.62094e-05
1.62157e-05
1.62202e-05
1.62245e-05
1.6228e-05
1.62308e-05
1.62331e-05
1.62346e-05
1.62354e-05
5.72953e-06
7.14387e-06
1.02817e-05
1.05895e-05
1.02801e-05
1.02011e-05
1.02897e-05
1.37543e-05
2.05076e-05
2.22547e-05
2.20966e-05
2.18103e-05
2.15016e-05
2.13519e-05
2.13157e-05
2.13526e-05
2.1416e-05
2.14531e-05
2.14471e-05
2.14118e-05
2.13618e-05
2.13206e-05
2.13038e-05
2.13081e-05
2.13234e-05
2.13384e-05
2.13475e-05
2.13538e-05
2.13612e-05
2.13727e-05
2.13877e-05
2.14042e-05
2.1421e-05
2.14382e-05
2.14564e-05
2.14758e-05
2.1496e-05
2.15168e-05
2.15382e-05
2.15601e-05
2.15825e-05
2.16053e-05
2.16284e-05
2.16516e-05
2.1675e-05
2.16985e-05
2.1722e-05
2.17455e-05
2.17689e-05
2.17921e-05
2.1815e-05
2.18376e-05
2.18598e-05
2.18818e-05
2.19033e-05
2.19244e-05
2.19449e-05
2.19648e-05
2.19842e-05
2.20031e-05
2.20213e-05
2.20388e-05
2.20557e-05
2.20719e-05
2.20874e-05
2.21022e-05
2.21165e-05
2.213e-05
2.21429e-05
2.21552e-05
2.21667e-05
2.21776e-05
2.21881e-05
2.21982e-05
2.22079e-05
2.22165e-05
2.22226e-05
2.22282e-05
2.22329e-05
2.22368e-05
2.22398e-05
2.22418e-05
2.22428e-05
7.60988e-06
9.54047e-06
1.43413e-05
1.3371e-05
1.29061e-05
1.2944e-05
1.34441e-05
1.96823e-05
2.67868e-05
2.81882e-05
2.80435e-05
2.81044e-05
2.79287e-05
2.78597e-05
2.78698e-05
2.79094e-05
2.79387e-05
2.79399e-05
2.79123e-05
2.78661e-05
2.78215e-05
2.77946e-05
2.77895e-05
2.78012e-05
2.78183e-05
2.78322e-05
2.78419e-05
2.78508e-05
2.78628e-05
2.78792e-05
2.78987e-05
2.79195e-05
2.79407e-05
2.79629e-05
2.79863e-05
2.80111e-05
2.8037e-05
2.80635e-05
2.80908e-05
2.81189e-05
2.81475e-05
2.81766e-05
2.82061e-05
2.82358e-05
2.82658e-05
2.82959e-05
2.8326e-05
2.83561e-05
2.8386e-05
2.84157e-05
2.84451e-05
2.84741e-05
2.85027e-05
2.85309e-05
2.85584e-05
2.85854e-05
2.86118e-05
2.86374e-05
2.86624e-05
2.86866e-05
2.871e-05
2.87325e-05
2.87542e-05
2.87751e-05
2.8795e-05
2.88141e-05
2.88323e-05
2.88497e-05
2.88663e-05
2.8882e-05
2.88968e-05
2.89109e-05
2.89243e-05
2.89372e-05
2.89495e-05
2.89606e-05
2.89685e-05
2.89756e-05
2.89816e-05
2.89865e-05
2.89904e-05
2.89929e-05
2.89941e-05
9.60391e-06
1.28129e-05
1.93187e-05
1.69016e-05
1.56966e-05
1.58804e-05
1.78972e-05
2.71736e-05
3.35488e-05
3.45353e-05
3.44831e-05
3.50756e-05
3.51317e-05
3.5194e-05
3.52666e-05
3.52987e-05
3.52687e-05
3.52138e-05
3.51565e-05
3.51023e-05
3.50739e-05
3.50737e-05
3.50877e-05
3.51092e-05
3.51267e-05
3.51375e-05
3.5147e-05
3.51595e-05
3.51775e-05
3.51998e-05
3.52242e-05
3.52493e-05
3.52753e-05
3.53027e-05
3.53318e-05
3.53625e-05
3.53944e-05
3.54271e-05
3.54607e-05
3.54953e-05
3.55306e-05
3.55664e-05
3.56028e-05
3.56394e-05
3.56764e-05
3.57135e-05
3.57507e-05
3.57879e-05
3.58248e-05
3.58615e-05
3.58978e-05
3.59337e-05
3.59691e-05
3.6004e-05
3.60381e-05
3.60715e-05
3.61042e-05
3.6136e-05
3.61669e-05
3.61968e-05
3.62258e-05
3.62537e-05
3.62806e-05
3.63065e-05
3.63312e-05
3.63548e-05
3.63775e-05
3.63991e-05
3.64196e-05
3.6439e-05
3.64573e-05
3.64747e-05
3.64913e-05
3.65072e-05
3.65223e-05
3.65361e-05
3.65458e-05
3.65546e-05
3.65619e-05
3.65679e-05
3.65726e-05
3.65757e-05
3.65771e-05
1.17541e-05
1.7078e-05
2.52984e-05
2.16441e-05
1.87742e-05
1.90958e-05
2.38417e-05
3.60295e-05
4.06897e-05
4.13874e-05
4.15232e-05
4.28464e-05
4.32332e-05
4.34697e-05
4.36107e-05
4.36183e-05
4.35037e-05
4.33746e-05
4.32827e-05
4.32267e-05
4.32278e-05
4.32667e-05
4.33069e-05
4.33399e-05
4.33561e-05
4.33615e-05
4.33705e-05
4.33876e-05
4.34131e-05
4.34424e-05
4.3472e-05
4.35017e-05
4.35326e-05
4.35657e-05
4.3601e-05
4.36379e-05
4.36761e-05
4.37154e-05
4.37558e-05
4.37972e-05
4.38396e-05
4.38826e-05
4.39262e-05
4.39703e-05
4.40147e-05
4.40593e-05
4.41041e-05
4.41488e-05
4.41932e-05
4.42375e-05
4.42812e-05
4.43245e-05
4.43671e-05
4.44091e-05
4.44503e-05
4.44906e-05
4.453e-05
4.45684e-05
4.46057e-05
4.46418e-05
4.46769e-05
4.47106e-05
4.47431e-05
4.47743e-05
4.48042e-05
4.48327e-05
4.48601e-05
4.48862e-05
4.49109e-05
4.49344e-05
4.49565e-05
4.49774e-05
4.49972e-05
4.5016e-05
4.50341e-05
4.5051e-05
4.50626e-05
4.5073e-05
4.50817e-05
4.50888e-05
4.50944e-05
4.50981e-05
4.50996e-05
1.43977e-05
2.24343e-05
3.23246e-05
2.76016e-05
2.26607e-05
2.29281e-05
3.15731e-05
4.53729e-05
4.81424e-05
4.88924e-05
4.93307e-05
5.16018e-05
5.2393e-05
5.28185e-05
5.30104e-05
5.29668e-05
5.27467e-05
5.25348e-05
5.2411e-05
5.23652e-05
5.24103e-05
5.24987e-05
5.25691e-05
5.26134e-05
5.26259e-05
5.26243e-05
5.2633e-05
5.26561e-05
5.26906e-05
5.27275e-05
5.27626e-05
5.27967e-05
5.28327e-05
5.28718e-05
5.29136e-05
5.2957e-05
5.30017e-05
5.30476e-05
5.30949e-05
5.31435e-05
5.31932e-05
5.32436e-05
5.32948e-05
5.33465e-05
5.33986e-05
5.34511e-05
5.35037e-05
5.35562e-05
5.36085e-05
5.36606e-05
5.37121e-05
5.3763e-05
5.38133e-05
5.38627e-05
5.39113e-05
5.39589e-05
5.40054e-05
5.40507e-05
5.40947e-05
5.41373e-05
5.41786e-05
5.42184e-05
5.42567e-05
5.42936e-05
5.43288e-05
5.43625e-05
5.43947e-05
5.44254e-05
5.44546e-05
5.44821e-05
5.4508e-05
5.45324e-05
5.45554e-05
5.45771e-05
5.4598e-05
5.46182e-05
5.46315e-05
5.46435e-05
5.46535e-05
5.46617e-05
5.4668e-05
5.46722e-05
5.46737e-05
1.79085e-05
2.89568e-05
4.04395e-05
3.47828e-05
2.79689e-05
2.83925e-05
4.14901e-05
5.48394e-05
5.59085e-05
5.72698e-05
5.81899e-05
6.15989e-05
6.27729e-05
6.33335e-05
6.35193e-05
6.33902e-05
6.3061e-05
6.27795e-05
6.26415e-05
6.26247e-05
6.27258e-05
6.28656e-05
6.29631e-05
6.30142e-05
6.302e-05
6.30115e-05
6.30213e-05
6.30519e-05
6.30959e-05
6.31401e-05
6.31801e-05
6.32184e-05
6.32592e-05
6.33041e-05
6.3352e-05
6.34015e-05
6.34524e-05
6.35046e-05
6.35585e-05
6.36139e-05
6.36704e-05
6.37279e-05
6.37863e-05
6.38453e-05
6.39049e-05
6.39648e-05
6.40249e-05
6.4085e-05
6.41448e-05
6.42044e-05
6.42634e-05
6.43217e-05
6.43793e-05
6.4436e-05
6.44917e-05
6.45463e-05
6.45996e-05
6.46515e-05
6.4702e-05
6.47509e-05
6.47982e-05
6.48439e-05
6.48878e-05
6.493e-05
6.49703e-05
6.50088e-05
6.50456e-05
6.50807e-05
6.51138e-05
6.5145e-05
6.51742e-05
6.52016e-05
6.52273e-05
6.5251e-05
6.52741e-05
6.52973e-05
6.5312e-05
6.53251e-05
6.5336e-05
6.53447e-05
6.53516e-05
6.5356e-05
6.53571e-05
2.23543e-05
3.67549e-05
4.96746e-05
4.32439e-05
3.47166e-05
3.56521e-05
5.40537e-05
6.43463e-05
6.40399e-05
6.68255e-05
6.85704e-05
7.30865e-05
7.44452e-05
7.50039e-05
7.50998e-05
7.486e-05
7.44446e-05
7.41324e-05
7.40123e-05
7.40452e-05
7.42053e-05
7.4385e-05
7.44966e-05
7.45462e-05
7.45433e-05
7.45303e-05
7.45439e-05
7.45829e-05
7.46354e-05
7.46855e-05
7.47291e-05
7.47709e-05
7.4816e-05
7.4866e-05
7.49192e-05
7.49739e-05
7.503e-05
7.50876e-05
7.51472e-05
7.52084e-05
7.52709e-05
7.53346e-05
7.53992e-05
7.54646e-05
7.55306e-05
7.55971e-05
7.56637e-05
7.57305e-05
7.5797e-05
7.58632e-05
7.59288e-05
7.59937e-05
7.60579e-05
7.6121e-05
7.6183e-05
7.62438e-05
7.63031e-05
7.63609e-05
7.64171e-05
7.64714e-05
7.65241e-05
7.65749e-05
7.66237e-05
7.66704e-05
7.67151e-05
7.67577e-05
7.67983e-05
7.68368e-05
7.68731e-05
7.69071e-05
7.69388e-05
7.69681e-05
7.69951e-05
7.70197e-05
7.70438e-05
7.70693e-05
7.70847e-05
7.70981e-05
7.7109e-05
7.71177e-05
7.71243e-05
7.71285e-05
7.71285e-05
2.77991e-05
4.59485e-05
6.00557e-05
5.3074e-05
4.29783e-05
4.49331e-05
6.80306e-05
7.39156e-05
7.30323e-05
7.79439e-05
8.10221e-05
8.61476e-05
8.73755e-05
8.77737e-05
8.77099e-05
8.73564e-05
8.68967e-05
8.66042e-05
8.65366e-05
8.66333e-05
8.68439e-05
8.70424e-05
8.71507e-05
8.71902e-05
8.71785e-05
8.71652e-05
8.71856e-05
8.72333e-05
8.72925e-05
8.73462e-05
8.73923e-05
8.7437e-05
8.74861e-05
8.75405e-05
8.75981e-05
8.76571e-05
8.77176e-05
8.77798e-05
8.78442e-05
8.79104e-05
8.7978e-05
8.80469e-05
8.81169e-05
8.81878e-05
8.82594e-05
8.83316e-05
8.8404e-05
8.84765e-05
8.85488e-05
8.86208e-05
8.86922e-05
8.87629e-05
8.88328e-05
8.89016e-05
8.89691e-05
8.90353e-05
8.90998e-05
8.91627e-05
8.92238e-05
8.92829e-05
8.93401e-05
8.93951e-05
8.94479e-05
8.94984e-05
8.95466e-05
8.95924e-05
8.9636e-05
8.96771e-05
8.97156e-05
8.97514e-05
8.97843e-05
8.98143e-05
8.98413e-05
8.98651e-05
8.98887e-05
8.99156e-05
8.99306e-05
8.99432e-05
8.99532e-05
8.99609e-05
8.99664e-05
8.99695e-05
8.99675e-05
3.43589e-05
5.66452e-05
7.16019e-05
6.43943e-05
5.29159e-05
5.67028e-05
8.13371e-05
8.37282e-05
8.34129e-05
9.10065e-05
9.57099e-05
0.000100696
0.000101524
0.000101643
0.000101385
0.000100936
0.00010048
0.000100254
0.000100266
0.000100429
0.000100674
0.000100868
0.000100957
0.000100981
0.000100962
0.000100953
0.000100983
0.000101039
0.000101102
0.000101158
0.000101206
0.000101253
0.000101306
0.000101364
0.000101426
0.000101489
0.000101553
0.000101619
0.000101688
0.000101759
0.000101831
0.000101904
0.000101979
0.000102055
0.000102132
0.000102209
0.000102286
0.000102364
0.000102442
0.000102519
0.000102596
0.000102672
0.000102747
0.00010282
0.000102893
0.000102964
0.000103033
0.0001031
0.000103166
0.000103229
0.00010329
0.000103348
0.000103405
0.000103458
0.000103509
0.000103557
0.000103603
0.000103645
0.000103685
0.000103721
0.000103754
0.000103784
0.000103809
0.00010383
0.000103852
0.000103878
0.000103892
0.000103902
0.00010391
0.000103915
0.000103919
0.000103919
0.000103914
4.22006e-05
6.89699e-05
8.43213e-05
7.73479e-05
6.47719e-05
7.16337e-05
9.38965e-05
9.41205e-05
9.57726e-05
0.00010623
0.000112367
0.000116626
0.000116908
0.000116687
0.000116231
0.000115721
0.000115316
0.000115193
0.000115297
0.000115521
0.000115779
0.000115948
0.000116005
0.00011601
0.000115987
0.000115987
0.000116028
0.000116091
0.000116157
0.000116213
0.000116262
0.000116313
0.000116369
0.000116431
0.000116496
0.000116562
0.00011663
0.0001167
0.000116773
0.000116848
0.000116924
0.000117002
0.000117081
0.000117162
0.000117243
0.000117325
0.000117407
0.00011749
0.000117572
0.000117654
0.000117736
0.000117817
0.000117896
0.000117975
0.000118051
0.000118127
0.0001182
0.000118271
0.00011834
0.000118406
0.000118471
0.000118532
0.00011859
0.000118646
0.000118699
0.000118748
0.000118795
0.000118838
0.000118877
0.000118913
0.000118944
0.000118971
0.000118993
0.000119009
0.000119026
0.00011905
0.000119061
0.000119068
0.000119072
0.000119073
0.000119072
0.000119069
0.000119059
5.14819e-05
8.30987e-05
9.82012e-05
9.21074e-05
7.88353e-05
9.05063e-05
0.000105877
0.000105512
0.00011061
0.000123594
0.000130663
0.000133903
0.000133604
0.000133026
0.000132397
0.000131865
0.000131551
0.000131552
0.000131751
0.000132021
0.000132272
0.000132398
0.000132416
0.000132402
0.000132378
0.000132391
0.000132444
0.000132513
0.00013258
0.000132636
0.000132686
0.000132739
0.000132799
0.000132865
0.000132933
0.000133002
0.000133073
0.000133147
0.000133223
0.000133302
0.000133382
0.000133464
0.000133548
0.000133633
0.000133718
0.000133805
0.000133891
0.000133978
0.000134065
0.000134152
0.000134237
0.000134322
0.000134406
0.000134488
0.000134569
0.000134648
0.000134724
0.000134798
0.00013487
0.000134939
0.000135005
0.000135068
0.000135128
0.000135185
0.000135238
0.000135287
0.000135333
0.000135375
0.000135413
0.000135446
0.000135474
0.000135496
0.000135511
0.00013552
0.000135529
0.000135549
0.000135554
0.000135555
0.000135552
0.000135547
0.00013554
0.000135531
0.000135514
6.24402e-05
9.9199e-05
0.000113202
0.000108875
9.55963e-05
0.000108902
0.000117696
0.000118295
0.000128058
0.000142936
0.000150417
0.000152575
0.000151722
0.000150807
0.000150043
0.000149531
0.000149336
0.000149471
0.000149756
0.000150053
0.000150276
0.000150347
0.000150323
0.000150292
0.000150272
0.000150299
0.000150365
0.000150439
0.000150505
0.000150559
0.00015061
0.000150667
0.000150731
0.0001508
0.000150871
0.000150943
0.000151017
0.000151094
0.000151174
0.000151256
0.00015134
0.000151426
0.000151513
0.000151602
0.000151691
0.000151782
0.000151872
0.000151963
0.000152054
0.000152144
0.000152233
0.000152322
0.000152409
0.000152494
0.000152577
0.000152659
0.000152738
0.000152814
0.000152887
0.000152957
0.000153024
0.000153088
0.000153148
0.000153203
0.000153255
0.000153303
0.000153346
0.000153385
0.000153419
0.000153447
0.000153468
0.000153483
0.000153489
0.000153487
0.000153484
0.000153494
0.000153492
0.000153484
0.000153472
0.000153457
0.000153441
0.000153422
0.000153394
7.53969e-05
0.000117449
0.000129242
0.000127948
0.000115859
0.000126081
0.000129808
0.000132757
0.000147886
0.000164093
0.000171596
0.000172745
0.000171397
0.000170186
0.000169334
0.000168876
0.000168815
0.00016908
0.000169434
0.000169738
0.000169917
0.000169926
0.000169859
0.000169814
0.000169802
0.000169847
0.000169923
0.00017
0.000170064
0.000170117
0.000170169
0.000170229
0.000170297
0.000170369
0.000170443
0.000170518
0.000170595
0.000170676
0.000170759
0.000170844
0.000170932
0.000171021
0.000171111
0.000171203
0.000171296
0.000171389
0.000171483
0.000171577
0.000171671
0.000171764
0.000171856
0.000171946
0.000172036
0.000172123
0.000172208
0.000172291
0.00017237
0.000172447
0.00017252
0.00017259
0.000172656
0.000172718
0.000172776
0.000172829
0.000172877
0.000172921
0.000172959
0.000172992
0.000173018
0.000173038
0.00017305
0.000173053
0.000173046
0.000173028
0.000173009
0.000173003
0.000172989
0.000172968
0.000172943
0.000172915
0.000172885
0.000172852
0.00017281
9.07862e-05
0.000137866
0.000146137
0.000149741
0.000140508
0.000142008
0.000142663
0.000149315
0.000169771
0.000186966
0.000194259
0.000194533
0.000192771
0.000191318
0.000190422
0.00019004
0.000190117
0.000190497
0.0001909
0.000191191
0.000191313
0.000191258
0.000191152
0.000191098
0.000191097
0.000191159
0.000191245
0.000191324
0.000191385
0.000191436
0.00019149
0.000191554
0.000191626
0.000191701
0.000191777
0.000191855
0.000191935
0.000192019
0.000192105
0.000192193
0.000192283
0.000192375
0.000192468
0.000192563
0.000192658
0.000192754
0.00019285
0.000192946
0.000193041
0.000193136
0.00019323
0.000193321
0.000193411
0.000193499
0.000193584
0.000193666
0.000193745
0.00019382
0.000193891
0.000193958
0.000194021
0.000194079
0.000194132
0.000194179
0.000194221
0.000194257
0.000194287
0.00019431
0.000194325
0.000194333
0.000194331
0.000194318
0.000194292
0.000194254
0.000194211
0.00019418
0.000194151
0.000194111
0.000194068
0.000194021
0.000193971
0.000193919
0.000193857
0.000108863
0.00016017
0.000163619
0.00017481
0.000163629
0.000157001
0.000156745
0.00016833
0.000193442
0.00021152
0.000218512
0.000218069
0.00021598
0.000214344
0.000213437
0.000213147
0.000213353
0.000213826
0.000214255
0.000214517
0.000214577
0.000214459
0.00021432
0.000214261
0.000214273
0.000214352
0.000214448
0.000214526
0.000214585
0.000214634
0.000214691
0.00021476
0.000214835
0.000214913
0.000214992
0.000215072
0.000215155
0.000215241
0.00021533
0.000215421
0.000215513
0.000215607
0.000215702
0.000215799
0.000215896
0.000215993
0.00021609
0.000216187
0.000216283
0.000216377
0.00021647
0.000216562
0.00021665
0.000216736
0.000216819
0.000216898
0.000216974
0.000217044
0.000217111
0.000217172
0.000217229
0.000217279
0.000217324
0.000217362
0.000217393
0.000217418
0.000217435
0.000217444
0.000217443
0.000217433
0.000217411
0.000217377
0.000217327
0.000217261
0.000217187
0.000217118
0.000217068
0.000217004
0.000216935
0.000216861
0.000216785
0.000216705
0.000216617
0.000125245
0.000180523
0.000181344
0.000203742
0.000184821
0.000171651
0.0001725
0.000189984
0.000218895
0.000237773
0.000244484
0.000243486
0.000241125
0.00023939
0.000238495
0.000238298
0.000238613
0.000239155
0.000239591
0.000239813
0.000239809
0.000239635
0.000239468
0.000239409
0.000239436
0.000239531
0.000239634
0.000239712
0.000239767
0.000239817
0.000239877
0.00023995
0.00024003
0.000240111
0.000240192
0.000240274
0.00024036
0.000240449
0.00024054
0.000240633
0.000240727
0.000240822
0.000240919
0.000241016
0.000241113
0.00024121
0.000241307
0.000241403
0.000241498
0.000241591
0.000241681
0.00024177
0.000241855
0.000241936
0.000242014
0.000242088
0.000242156
0.00024222
0.000242278
0.00024233
0.000242376
0.000242415
0.000242447
0.000242471
0.000242487
0.000242495
0.000242493
0.000242482
0.000242459
0.000242425
0.000242377
0.000242313
0.000242231
0.000242129
0.000242015
0.000241895
0.000241815
0.000241718
0.000241615
0.000241506
0.000241393
0.000241276
0.000241152
0.000139753
0.00019814
0.000199059
0.000230109
0.000203892
0.000186563
0.000190408
0.000214302
0.000246268
0.000265772
0.000272277
0.00027091
0.00026832
0.000266553
0.00026568
0.000265567
0.000265969
0.000266557
0.000266983
0.000267159
0.000267096
0.000266873
0.000266687
0.00026663
0.000266673
0.000266783
0.000266892
0.00026697
0.000267023
0.000267073
0.000267138
0.000267216
0.0002673
0.000267384
0.000267468
0.000267553
0.000267642
0.000267733
0.000267826
0.00026792
0.000268015
0.000268111
0.000268207
0.000268304
0.0002684
0.000268496
0.00026859
0.000268683
0.000268774
0.000268863
0.000268949
0.000269032
0.00026911
0.000269184
0.000269254
0.000269317
0.000269376
0.000269427
0.000269473
0.000269511
0.000269541
0.000269563
0.000269577
0.000269581
0.000269576
0.000269561
0.000269534
0.000269495
0.000269443
0.000269376
0.000269293
0.000269191
0.000269067
0.000268921
0.000268755
0.000152826
0.000213084
0.000216796
0.000254184
0.000221024
0.00020237
0.000210784
0.000241117
0.000275634
0.000295581
0.000301959
0.000300408
0.000297652
0.000295896
0.000295051
0.000295007
0.000295472
0.000296085
0.000296491
0.000296621
0.000296505
0.000296244
0.000296047
0.000295994
0.000296052
0.000296176
0.00029629
0.000296368
0.000296421
0.000296474
0.000296543
0.000296627
0.000296716
0.000296804
0.00029689
0.000296978
0.00029707
0.000297163
0.000297257
0.000297352
0.000297447
0.000297543
0.000297638
0.000297732
0.000297826
0.000297918
0.000298008
0.000298096
0.000298181
0.000298263
0.00029834
0.000298414
0.000298482
0.000298544
0.000298601
0.000298651
0.000298694
0.000298729
0.000298755
0.000298774
0.000298783
0.000298782
0.00029877
0.000298747
0.000298713
0.000298666
0.000298605
0.000298529
0.000298438
0.000298329
0.000298201
0.000298051
0.000297874
0.000297672
0.000297444
0.000164686
0.000225818
0.000234785
0.000276368
0.000237076
0.000219589
0.00023377
0.000270455
0.000307014
0.000327271
0.000333616
0.000332021
0.000329185
0.000327446
0.000326633
0.000326642
0.000327148
0.000327771
0.00032815
0.000328238
0.000328079
0.00032779
0.000327588
0.000327544
0.000327617
0.000327754
0.000327873
0.000327953
0.000328007
0.000328063
0.000328139
0.000328229
0.000328324
0.000328415
0.000328505
0.000328596
0.00032869
0.000328785
0.00032888
0.000328975
0.000329069
0.000329163
0.000329256
0.000329346
0.000329435
0.000329521
0.000329604
0.000329684
0.00032976
0.00032983
0.000329896
0.000329956
0.000330009
0.000330055
0.000330094
0.000330124
0.000330145
0.000330157
0.000330159
0.00033015
0.00033013
0.000330097
0.000330052
0.000329993
0.00032992
0.000329832
0.000329726
0.000329603
0.000329461
0.000329298
0.000329112
0.0003289
0.000328658
0.000328386
0.000328086
0.000175795
0.000236832
0.000253287
0.000296723
0.000252915
0.000238682
0.000259702
0.00030232
0.00034039
0.00036088
0.000367262
0.00036574
0.000362928
0.000361193
0.000360419
0.000360465
0.000360996
0.000361616
0.000361968
0.000362022
0.000361832
0.000361526
0.000361325
0.00036129
0.000361379
0.000361528
0.000361654
0.000361737
0.000361794
0.000361856
0.000361939
0.000362037
0.000362137
0.000362233
0.000362326
0.000362421
0.000362517
0.000362613
0.000362709
0.000362803
0.000362895
0.000362985
0.000363073
0.000363158
0.000363239
0.000363316
0.000363389
0.000363457
0.000363519
0.000363575
0.000363624
0.000363665
0.000363698
0.000363721
0.000363735
0.000363739
0.000363731
0.000363712
0.000363681
0.000363636
0.000363577
0.000363504
0.000363414
0.000363308
0.000363185
0.000363043
0.000362881
0.000362697
0.00036249
0.000362258
0.000361999
0.00036171
0.000361387
0.00036103
0.000360643
0.000186921
0.000246677
0.000273347
0.000315241
0.000269173
0.000260084
0.000288899
0.000336632
0.000375718
0.000396389
0.000402855
0.000401501
0.000398802
0.000397092
0.000396362
0.000396434
0.000396978
0.000397589
0.000397916
0.000397945
0.000397735
0.000397422
0.000397229
0.000397207
0.00039731
0.000397472
0.000397606
0.000397694
0.000397757
0.000397827
0.000397918
0.000398024
0.00039813
0.000398232
0.000398329
0.000398427
0.000398525
0.000398622
0.000398717
0.000398808
0.000398897
0.000398982
0.000399063
0.000399139
0.000399209
0.000399274
0.000399333
0.000399384
0.000399428
0.000399463
0.000399489
0.000399505
0.000399511
0.000399504
0.000399486
0.000399455
0.000399409
0.00039935
0.000399275
0.000399184
0.000399075
0.000398949
0.000398803
0.000398636
0.000398449
0.000398239
0.000398004
0.000397743
0.000397455
0.000397137
0.000396787
0.000396402
0.000395979
0.000395519
0.000395029
0.000199075
0.000255974
0.000296466
0.000332492
0.000286408
0.000284298
0.000321389
0.00037324
0.000412921
0.00043372
0.000440309
0.000439206
0.000436683
0.000435051
0.000434372
0.000434465
0.000435012
0.000435611
0.000435918
0.000435931
0.000435713
0.000435405
0.000435226
0.000435218
0.000435337
0.000435512
0.000435656
0.000435752
0.000435823
0.000435902
0.000436003
0.000436117
0.000436231
0.000436337
0.000436439
0.000436539
0.000436639
0.000436736
0.000436828
0.000436916
0.000436998
0.000437075
0.000437146
0.000437209
0.000437265
0.000437313
0.000437352
0.000437382
0.000437401
0.00043741
0.000437406
0.000437389
0.000437359
0.000437314
0.000437253
0.000437177
0.000437083
0.000436972
0.000436841
0.000436691
0.000436519
0.000436325
0.000436107
0.000435864
0.000435596
0.0004353
0.000434974
0.000434617
0.000434227
0.000433803
0.000433341
0.000432838
0.000432293
0.000431708
0.000431094
0.000213391
0.000265374
0.000320104
0.000348967
0.000305366
0.00031157
0.000356836
0.000411954
0.000451876
0.000472746
0.000479488
0.000478712
0.00047643
0.000474922
0.000474304
0.000474415
0.000474961
0.000475547
0.000475839
0.000475846
0.000475632
0.000475339
0.00047518
0.00047519
0.000475326
0.000475515
0.000475669
0.000475776
0.000475858
0.000475948
0.000476059
0.000476182
0.000476303
0.000476415
0.00047652
0.000476622
0.000476722
0.000476817
0.000476905
0.000476986
0.00047706
0.000477125
0.000477182
0.000477228
0.000477265
0.00047729
0.000477304
0.000477305
0.000477292
0.000477265
0.000477222
0.000477163
0.000477087
0.000476993
0.000476879
0.000476745
0.00047659
0.000476412
0.000476211
0.000475986
0.000475734
0.000475455
0.000475147
0.00047481
0.00047444
0.000474037
0.000473598
0.000473122
0.000472607
0.000472051
0.000471452
0.000470806
0.000470112
0.000469375
0.000468609
0.000230998
0.00027643
0.000342564
0.000365058
0.00032648
0.00034186
0.000395028
0.000452532
0.000492403
0.00051328
0.000520199
0.000519812
0.000517832
0.000516486
0.000515944
0.000516077
0.000516619
0.00051719
0.000517473
0.000517484
0.000517286
0.000517018
0.000516886
0.000516916
0.00051707
0.000517273
0.000517441
0.000517561
0.000517655
0.000517757
0.000517879
0.000518011
0.000518138
0.000518255
0.000518363
0.000518466
0.000518564
0.000518654
0.000518735
0.000518806
0.000518866
0.000518916
0.000518953
0.000518977
0.000518987
0.000518982
0.000518962
0.000518926
0.000518872
0.0005188
0.000518708
0.000518595
0.000518461
0.000518303
0.000518122
0.000517916
0.000517683
0.000517423
0.000517134
0.000516815
0.000516463
0.000516079
0.000515659
0.000515203
0.000514709
0.000514173
0.000513596
0.000512973
0.000512305
0.000511588
0.00051082
0.00051
0.000509127
0.000508205
0.000507251
0.000252986
0.000291413
0.000366532
0.000381485
0.000350099
0.000375309
0.000435679
0.000494672
0.000534266
0.000555077
0.000562186
0.000562213
0.000560589
0.000559443
0.000558997
0.000559154
0.000559691
0.000560249
0.000560528
0.000560552
0.00056038
0.000560147
0.000560048
0.000560102
0.000560274
0.000560494
0.000560676
0.00056081
0.000560918
0.000561033
0.000561165
0.000561306
0.000561439
0.000561558
0.000561667
0.000561768
0.00056186
0.000561942
0.000562012
0.000562068
0.000562109
0.000562136
0.000562147
0.00056214
0.000562116
0.000562073
0.000562009
0.000561925
0.000561818
0.000561688
0.000561534
0.000561353
0.000561145
0.000560909
0.000560643
0.000560346
0.000560017
0.000559654
0.000559255
0.00055882
0.000558345
0.00055783
0.000557273
0.000556671
0.000556023
0.000555326
0.000554578
0.000553777
0.000552922
0.000552009
0.000551038
0.000550005
0.000548913
0.000547767
0.000546582
0.000280394
0.000311891
0.00039167
0.000399189
0.000376462
0.000411988
0.000478369
0.000538024
0.000577142
0.000597823
0.000605174
0.000605522
0.000604302
0.000603393
0.000603063
0.000603249
0.000603781
0.000604326
0.000604607
0.000604651
0.000604516
0.000604327
0.000604265
0.000604345
0.000604538
0.000604773
0.000604971
0.00060512
0.000605243
0.00060537
0.000605512
0.000605658
0.000605794
0.000605914
0.00060602
0.000606114
0.000606197
0.000606265
0.000606317
0.000606351
0.000606366
0.000606362
0.000606338
0.000606291
0.000606221
0.000606128
0.000606008
0.000605863
0.000605689
0.000605486
0.000605252
0.000604986
0.000604686
0.000604351
0.00060398
0.000603571
0.000603122
0.000602632
0.000602098
0.000601519
0.000600893
0.000600218
0.000599492
0.000598712
0.000597876
0.000596982
0.000596027
0.000595009
0.000593927
0.000592777
0.000591558
0.000590269
0.000588912
0.00058749
0.000586019
0.000314101
0.000336873
0.000419503
0.000418945
0.000405706
0.00045163
0.000522563
0.000582145
0.000620566
0.000641011
0.000648638
0.000649235
0.000648451
0.00064781
0.000647614
0.000647838
0.000648365
0.000648898
0.000649184
0.000649255
0.000649166
0.000649029
0.000649007
0.000649115
0.000649328
0.000649578
0.000649791
0.000649955
0.000650092
0.000650229
0.000650378
0.000650527
0.000650662
0.000650777
0.000650875
0.000650957
0.000651023
0.00065107
0.000651095
0.000651098
0.000651077
0.000651031
0.00065096
0.00065086
0.000650731
0.000650573
0.000650382
0.000650158
0.000649899
0.000649604
0.000649271
0.000648898
0.000648484
0.000648027
0.000647525
0.000646977
0.00064638
0.000645733
0.000645034
0.000644279
0.000643468
0.000642597
0.000641664
0.000640668
0.000639604
0.00063847
0.000637264
0.000635984
0.000634627
0.00063319
0.000631673
0.000630074
0.000628393
0.000626634
0.00062481
0.000354724
0.000362839
0.000450423
0.000440909
0.00043779
0.000493552
0.000567653
0.000626476
0.0006639
0.000683912
0.000691669
0.000692702
0.000692375
0.000692022
0.000691975
0.000692243
0.000692767
0.000693289
0.000693587
0.000693685
0.000693648
0.000693573
0.000693586
0.000693723
0.000693954
0.000694217
0.000694443
0.00069462
0.000694768
0.000694913
0.000695064
0.00069521
0.000695337
0.000695441
0.000695522
0.000695583
0.000695623
0.000695638
0.000695626
0.000695585
0.000695515
0.000695413
0.000695279
0.00069511
0.000694905
0.000694662
0.00069438
0.000694057
0.000693691
0.000693281
0.000692823
0.000692318
0.000691762
0.000691153
0.00069049
0.000689771
0.000688993
0.000688153
0.000687251
0.000686282
0.000685244
0.000684135
0.000682952
0.000681692
0.000680352
0.000678929
0.00067742
0.000675823
0.000674134
0.000672352
0.000670475
0.0006685
0.000666427
0.000664257
0.000661995
0.000403061
0.000397956
0.000482874
0.000465006
0.000472458
0.000537079
0.000612964
0.000670356
0.000706433
0.000725804
0.000733638
0.000735151
0.000735244
0.00073518
0.000735282
0.0007356
0.000736122
0.000736634
0.000736946
0.000737069
0.000737087
0.000737075
0.000737124
0.00073729
0.000737536
0.000737808
0.000738041
0.000738227
0.000738382
0.000738528
0.000738674
0.000738808
0.000738919
0.000739001
0.000739055
0.000739083
0.000739083
0.000739052
0.000738987
0.000738887
0.00073875
0.000738574
0.000738358
0.000738099
0.000737795
0.000737445
0.000737047
0.000736599
0.000736098
0.000735543
0.000734931
0.000734261
0.000733529
0.000732733
0.000731872
0.000730943
0.000729942
0.000728869
0.000727718
0.000726488
0.000725176
0.000723778
0.000722292
0.000720713
0.00071904
0.000717267
0.000715392
0.000713413
0.000711326
0.000709127
0.000706815
0.000704387
0.00070184
0.000699172
0.000459962
0.000445601
0.000513884
0.000491051
0.00050915
0.000581458
0.000657731
0.00071302
0.000747367
0.000765883
0.000773761
0.000775802
0.000776075
0.000776255
0.000776454
0.00077682
0.000777337
0.000777835
0.000778155
0.000778312
0.000778381
0.000778426
0.000778517
0.000778708
0.000778965
0.000779239
0.000779473
0.00077966
0.000779813
0.000779951
0.00078008
0.000780191
0.000780273
0.000780319
0.000780331
0.000780309
0.000780252
0.000780156
0.000780019
0.000779838
0.000779611
0.000779338
0.000779014
0.000778639
0.000778209
0.000777723
0.000777178
0.000776572
0.000775903
0.000775167
0.000774363
0.000773488
0.000772539
0.000771514
0.00077041
0.000769223
0.000767951
0.000766591
0.00076514
0.000763593
0.000761947
0.0007602
0.000758347
0.000756384
0.000754309
0.000752115
0.000749801
0.000747362
0.000744795
0.000742096
0.000739261
0.000736287
0.00073317
0.000729909
0.00052578
0.000496655
0.000543901
0.000519082
0.000547571
0.000625838
0.000701065
0.000753473
0.000785553
0.000802843
0.000810508
0.000812911
0.000813568
0.000813857
0.000814146
0.000814555
0.000815064
0.000815542
0.000815868
0.000816055
0.00081617
0.000816262
0.000816391
0.0008166
0.000816859
0.000817124
0.000817348
0.000817524
0.000817662
0.000817778
0.000817876
0.000817947
0.000817981
0.000817972
0.000817922
0.000817829
0.000817692
0.000817507
0.000817271
0.000816982
0.000816638
0.000816236
0.000815774
0.000815249
0.000814658
0.000813999
0.000813269
0.000812465
0.000811585
0.000810626
0.000809584
0.000808457
0.000807241
0.000805933
0.000804531
0.000803031
0.000801428
0.00079972
0.000797903
0.000795972
0.000793925
0.000791755
0.00078946
0.000787035
0.000784475
0.000781776
0.000778934
0.000775943
0.0007728
0.000769499
0.000766036
0.000762405
0.000758602
0.000754626
0.000600675
0.000548614
0.000573563
0.000548924
0.000587231
0.000669271
0.000741948
0.000790571
0.000819656
0.000835207
0.000842309
0.000844863
0.000845805
0.000846295
0.000846699
0.000847145
0.000847637
0.000848088
0.000848415
0.00084863
0.000848778
0.000848898
0.000849054
0.000849266
0.000849511
0.000849752
0.00084995
0.000850097
0.000850202
0.000850276
0.000850321
0.000850329
0.000850291
0.000850203
0.000850064
0.000849872
0.000849625
0.00084932
0.000848953
0.000848522
0.000848024
0.000847456
0.000846815
0.000846099
0.000845303
0.000844426
0.000843464
0.000842413
0.000841271
0.000840033
0.000838698
0.00083726
0.000835717
0.000834064
0.000832298
0.000830415
0.000828411
0.000826281
0.000824022
0.000821627
0.000819093
0.000816415
0.000813588
0.000810607
0.000807466
0.000804161
0.000800684
0.000797031
0.000793197
0.000789174
0.000784957
0.000780538
0.000775911
0.000771071
0.000684709
0.00060146
0.000603519
0.000580326
0.000627347
0.000710705
0.000779222
0.000822966
0.000848173
0.000861348
0.000867455
0.000869897
0.000870978
0.000871604
0.000872086
0.000872545
0.000873002
0.000873412
0.000873724
0.000873952
0.000874121
0.000874265
0.000874431
0.000874628
0.000874836
0.000875028
0.000875176
0.000875271
0.000875317
0.000875322
0.000875285
0.0008752
0.000875059
0.000874858
0.000874594
0.000874267
0.000873872
0.000873407
0.000872868
0.000872251
0.000871553
0.000870772
0.000869904
0.000868945
0.000867891
0.00086674
0.000865487
0.000864129
0.000862661
0.000861081
0.000859384
0.000857565
0.000855621
0.000853547
0.000851338
0.000848991
0.0008465
0.00084386
0.000841065
0.000838112
0.000834993
0.000831704
0.000828238
0.00082459
0.000820753
0.00081672
0.000812484
0.000808039
0.000803377
0.000798491
0.000793371
0.000788008
0.000782394
0.000776516
0.000777462
0.000654901
0.000634051
0.00061282
0.000666725
0.000748964
0.000811563
0.000849108
0.000869375
0.000879352
0.00088387
0.000885803
0.000886768
0.000887391
0.000887864
0.000888283
0.000888675
0.000889023
0.000889303
0.000889525
0.000889704
0.000889857
0.000890009
0.000890162
0.000890303
0.000890414
0.000890477
0.000890485
0.000890437
0.000890335
0.000890177
0.000889958
0.000889673
0.000889315
0.000888883
0.000888374
0.000887783
0.000887108
0.000886343
0.000885487
0.000884534
0.00088348
0.000882323
0.000881058
0.000879681
0.000878188
0.000876573
0.000874834
0.000872966
0.000870964
0.000868823
0.000866538
0.000864105
0.000861519
0.000858773
0.000855863
0.000852784
0.000849528
0.000846091
0.000842465
0.000838644
0.000834622
0.000830392
0.000825945
0.000821275
0.000816373
0.000811232
0.000805841
0.000800193
0.000794276
0.00078808
0.000781594
0.000774804
0.000767696
0.000877069
0.000708351
0.000665018
0.000645772
0.000704244
0.00078276
0.000837479
0.00086725
0.000881265
0.000886995
0.000889123
0.000889967
0.000890442
0.000890802
0.000891112
0.000891401
0.000891675
0.000891928
0.000892154
0.00089235
0.000892517
0.000892654
0.000892761
0.000892834
0.000892867
0.000892854
0.000892785
0.000892658
0.000892467
0.000892208
0.000891879
0.000891473
0.000890988
0.000890418
0.00088976
0.00088901
0.000888162
0.000887214
0.00088616
0.000884996
0.000883718
0.000882321
0.000880801
0.000879153
0.000877372
0.000875454
0.000873394
0.000871186
0.000868825
0.000866306
0.000863623
0.000860772
0.000857745
0.000854538
0.000851144
0.000847556
0.000843768
0.000839773
0.000835564
0.000831133
0.000826473
0.000821576
0.000816433
0.000811036
0.000805375
0.000799441
0.000793223
0.000786711
0.000779893
0.000772757
0.00076529
0.000757477
0.000749304
0.000740753
0.000979627
0.00076131
0.000696362
0.000678412
0.000738723
0.000810669
0.00085528
0.000875393
0.000881555
0.000881706
0.000880386
0.000879352
0.000878769
0.000878477
0.000878371
0.000878377
0.000878443
0.00087855
0.000878689
0.000878835
0.000878965
0.000879053
0.000879077
0.000879027
0.000878903
0.00087871
0.000878451
0.000878124
0.000877724
0.000877242
0.000876673
0.000876012
0.000875258
0.000874404
0.000873447
0.000872381
0.000871201
0.000869901
0.000868477
0.000866924
0.000865237
0.000863409
0.000861436
0.000859313
0.000857033
0.000854592
0.000851983
0.000849201
0.00084624
0.000843093
0.000839754
0.000836216
0.000832474
0.000828519
0.000824345
0.000819944
0.000815309
0.000810431
0.000805302
0.000799914
0.000794257
0.000788323
0.0007821
0.000775579
0.000768748
0.000761598
0.000754114
0.000746285
0.000738096
0.000729533
0.000720583
0.000711228
0.000701452
0.000691237
0.00110088
0.000816775
0.000727971
0.000709591
0.000768869
0.000831117
0.000863075
0.000871289
0.00086766
0.000860581
0.000854455
0.000850488
0.000848049
0.000846529
0.000845618
0.000845092
0.0008448
0.000844675
0.000844678
0.000844742
0.000844806
0.000844817
0.000844718
0.000844493
0.000844153
0.000843713
0.000843191
0.000842586
0.000841893
0.000841099
0.0008402
0.000839195
0.000838082
0.000836855
0.000835507
0.000834033
0.000832425
0.000830679
0.000828788
0.000826747
0.000824548
0.000822186
0.000819655
0.000816947
0.000814056
0.000810977
0.000807702
0.000804224
0.000800536
0.000796632
0.000792505
0.000788145
0.000783547
0.000778701
0.000773599
0.000768233
0.000762594
0.000756673
0.00075046
0.000743945
0.000737117
0.000729967
0.000722482
0.00071465
0.000706459
0.000697897
0.000688949
0.0006796
0.000669835
0.000659638
0.000648994
0.000637886
0.000626296
0.000614208
0.00125105
0.000882681
0.000759733
0.000738403
0.000793258
0.000842355
0.000858742
0.000852443
0.000836715
0.000820406
0.00080778
0.000799512
0.000794143
0.000790587
0.000788296
0.000786852
0.00078596
0.000785457
0.000785243
0.000785178
0.000785149
0.000785053
0.000784797
0.000784351
0.000783729
0.000782967
0.000782096
0.000781119
0.00078003
0.000778817
0.000777476
0.000776009
0.000774423
0.000772711
0.00077086
0.000768864
0.000766715
0.000764407
0.000761934
0.000759287
0.00075646
0.000753443
0.000750231
0.000746814
0.000743186
0.000739339
0.000735265
0.000730956
0.000726405
0.000721603
0.000716541
0.000711212
0.000705606
0.000699715
0.000693528
0.000687036
0.000680229
0.000673097
0.000665628
0.000657813
0.000649639
0.000641095
0.000632168
0.000622846
0.000613115
0.000602961
0.00059237
0.000581325
0.000569812
0.000557813
0.000545313
0.000532294
0.00051874
0.000504633
0.00141603
0.000957849
0.000791201
0.000763931
0.000810319
0.000842457
0.000839957
0.000816142
0.000785644
0.000757756
0.000736596
0.000722316
0.000712627
0.00070595
0.000701473
0.000698545
0.000696675
0.000695561
0.000694993
0.000694727
0.000694564
0.000694337
0.0006939
0.000693199
0.000692246
0.000691078
0.000689765
0.000688313
0.000686713
0.000684955
0.000683039
0.000680973
0.000678768
0.000676433
0.000673946
0.000671295
0.000668472
0.000665471
0.000662283
0.000658901
0.000655313
0.000651512
0.000647488
0.000643231
0.000638733
0.000633984
0.000628976
0.0006237
0.000618147
0.000612308
0.000606172
0.000599732
0.000592975
0.000585894
0.000578476
0.000570712
0.00056259
0.0005541
0.00054523
0.000535969
0.000526306
0.000516229
0.000505728
0.000494789
0.000483402
0.000471555
0.000459235
0.000446428
0.000433122
0.000419305
0.000404961
0.000390072
0.000374616
0.00035858
0.00159373
0.00104087
0.000821813
0.000785088
0.000818334
0.000829339
0.000804252
0.000759578
0.00071134
0.000669244
0.000637224
0.000614905
0.000599206
0.00058804
0.000580316
0.00057512
0.000571724
0.000569634
0.000568487
0.000567894
0.000567535
0.000567151
0.00056652
0.000565549
0.000564238
0.000562624
0.000560774
0.000558742
0.000556513
0.000554078
0.000551444
0.000548631
0.000545654
0.000542522
0.00053925
0.000535799
0.00053216
0.000528327
0.000524291
0.000520042
0.000515569
0.00051086
0.000505905
0.000500694
0.000495216
0.000489459
0.000483414
0.000477072
0.000470422
0.000463455
0.000456162
0.000448531
0.000440552
0.000432213
0.000423503
0.000414408
0.000404917
0.000395016
0.000384693
0.000373937
0.000362735
0.00035108
0.000338961
0.000326374
0.000313318
0.000299801
0.000285836
0.000271449
0.000256674
0.000241607
0.000226354
0.000210994
0.000195631
0.000180385
0.00178099
0.00113024
0.00085086
0.000800527
0.000815475
0.000800855
0.000749241
0.000680214
0.000611218
0.000552261
0.000506999
0.000474474
0.000450911
0.000433695
0.000421465
0.000413023
0.000407371
0.000403786
0.000401712
0.000400574
0.000399902
0.000399309
0.000398472
0.000397237
0.00039557
0.000393499
0.000391088
0.000388371
0.000385407
0.00038217
0.000378678
0.000374961
0.00037105
0.000366961
0.000362702
0.000358295
0.000353687
0.000348875
0.000343851
0.000338606
0.000333127
0.000327404
0.000321425
0.000315181
0.000308665
0.000301866
0.000294778
0.000287399
0.000279736
0.000271797
0.000263588
0.000255117
0.000246394
0.000237431
0.000228246
0.000218858
0.000209294
0.000199583
0.000189761
0.000179871
0.000169958
0.000160075
0.000150276
0.000140621
0.000131176
0.00012201
0.000113179
0.000104753
9.67947e-05
8.93655e-05
8.2514e-05
7.63227e-05
7.07532e-05
6.58075e-05
0.00197717
0.00122395
0.000877331
0.000808713
0.000799956
0.000755239
0.000673629
0.000577861
0.000486826
0.000410584
0.000352087
0.000309415
0.000278121
0.000254991
0.000238356
0.000226728
0.000218853
0.000213796
0.000210823
0.000209206
0.000208349
0.000207757
0.000207023
0.000205926
0.00020439
0.000202416
0.000200057
0.000197338
0.000194298
0.000191005
0.000187468
0.000183737
0.00017986
0.000175876
0.000171807
0.000167681
0.000163526
0.000159299
0.000155009
0.000150659
0.000146253
0.000141794
0.000137286
0.000132736
0.000128152
0.000123548
0.000118929
0.000114311
0.000109712
0.000105149
0.000100642
9.62109e-05
9.18757e-05
8.76564e-05
8.35722e-05
7.96422e-05
7.58844e-05
7.23157e-05
6.89493e-05
6.57989e-05
6.2874e-05
6.01812e-05
5.77234e-05
5.55011e-05
5.3512e-05
5.1752e-05
5.02237e-05
4.88994e-05
4.77652e-05
4.68057e-05
4.60036e-05
4.53421e-05
4.48021e-05
4.43673e-05
0.00218246
0.00131641
0.000900115
0.000808159
0.000770572
0.000692644
0.000580828
0.000461954
0.000356511
0.000273741
0.000214055
0.00017283
0.000144308
0.000124302
0.000110531
0.000101233
9.51022e-05
9.12436e-05
8.90149e-05
8.78632e-05
8.73582e-05
8.71546e-05
8.6968e-05
8.66312e-05
8.6069e-05
8.52615e-05
8.42271e-05
8.29778e-05
8.15317e-05
7.9928e-05
7.82253e-05
7.64505e-05
7.46415e-05
7.28287e-05
7.10347e-05
6.92753e-05
6.75748e-05
6.59415e-05
6.43587e-05
6.28297e-05
6.13567e-05
5.9941e-05
5.85836e-05
5.72878e-05
5.60517e-05
5.48751e-05
5.37596e-05
5.27039e-05
5.17097e-05
5.07781e-05
4.99096e-05
4.91047e-05
4.83632e-05
4.76844e-05
4.70672e-05
4.65098e-05
4.60104e-05
4.55663e-05
4.51747e-05
4.48325e-05
4.45362e-05
4.42822e-05
4.40667e-05
4.3886e-05
4.37363e-05
4.36143e-05
4.35163e-05
4.34389e-05
4.33793e-05
4.33347e-05
4.33027e-05
4.32812e-05
4.32683e-05
4.32624e-05
0.00239663
0.00140751
0.000918022
0.000797635
0.000727448
0.000616424
0.000479944
0.000349276
0.000244667
0.00017139
0.000124564
9.58809e-05
7.83254e-05
6.74027e-05
6.06565e-05
5.65031e-05
5.39545e-05
5.24237e-05
5.15539e-05
5.11017e-05
5.09045e-05
5.08442e-05
5.0827e-05
5.07932e-05
5.07097e-05
5.05616e-05
5.0348e-05
5.00695e-05
4.97311e-05
4.9342e-05
4.89221e-05
4.84907e-05
4.80581e-05
4.76346e-05
4.72274e-05
4.68418e-05
4.64815e-05
4.61521e-05
4.58511e-05
4.55742e-05
4.53205e-05
4.50891e-05
4.48785e-05
4.46874e-05
4.45145e-05
4.43586e-05
4.42186e-05
4.40935e-05
4.3982e-05
4.38834e-05
4.37967e-05
4.37211e-05
4.36559e-05
4.36002e-05
4.35532e-05
4.35142e-05
4.34823e-05
4.34569e-05
4.34373e-05
4.34227e-05
4.34126e-05
4.34064e-05
4.34035e-05
4.34035e-05
4.34059e-05
4.34104e-05
4.34167e-05
4.34244e-05
4.34333e-05
4.34432e-05
4.34539e-05
4.34653e-05
4.34773e-05
4.34898e-05
0.00261888
0.00149649
0.000929989
0.000776592
0.000672386
0.000532578
0.000381922
0.000253673
0.000163268
0.000108396
7.8254e-05
6.23956e-05
5.40349e-05
4.95814e-05
4.71994e-05
4.59108e-05
4.52008e-05
4.48058e-05
4.4589e-05
4.44745e-05
4.442e-05
4.43997e-05
4.43948e-05
4.43932e-05
4.43872e-05
4.43723e-05
4.43465e-05
4.4309e-05
4.42603e-05
4.42019e-05
4.41369e-05
4.40697e-05
4.40034e-05
4.394e-05
4.38808e-05
4.38267e-05
4.37784e-05
4.3736e-05
4.36998e-05
4.36689e-05
4.36424e-05
4.36201e-05
4.36015e-05
4.35862e-05
4.35739e-05
4.35641e-05
4.35567e-05
4.35514e-05
4.35479e-05
4.3546e-05
4.35455e-05
4.35464e-05
4.35484e-05
4.35515e-05
4.35554e-05
4.35602e-05
4.35656e-05
4.35717e-05
4.35783e-05
4.35853e-05
4.35928e-05
4.36007e-05
4.36088e-05
4.36173e-05
4.3626e-05
4.36349e-05
4.36441e-05
4.36534e-05
4.36629e-05
4.36726e-05
4.36824e-05
4.36924e-05
4.37025e-05
4.37128e-05
0.00284821
0.00158256
0.000935159
0.000745384
0.000608609
0.000447915
0.000295273
0.00018089
0.000110827
7.44803e-05
5.74991e-05
4.99187e-05
4.65183e-05
4.50011e-05
4.43165e-05
4.40025e-05
4.3854e-05
4.37818e-05
4.37461e-05
4.37283e-05
4.372e-05
4.37168e-05
4.37163e-05
4.37168e-05
4.37175e-05
4.37176e-05
4.37169e-05
4.3715e-05
4.37119e-05
4.37079e-05
4.37033e-05
4.36986e-05
4.36942e-05
4.36906e-05
4.36877e-05
4.36858e-05
4.36849e-05
4.36848e-05
4.36856e-05
4.36871e-05
4.36893e-05
4.36919e-05
4.36951e-05
4.36986e-05
4.37025e-05
4.37067e-05
4.37111e-05
4.37158e-05
4.37207e-05
4.37258e-05
4.37311e-05
4.37365e-05
4.37421e-05
4.37479e-05
4.37538e-05
4.37598e-05
4.3766e-05
4.37722e-05
4.37786e-05
4.37851e-05
4.37917e-05
4.37984e-05
4.38053e-05
4.38122e-05
4.38192e-05
4.38263e-05
4.38336e-05
4.38409e-05
4.38483e-05
4.38559e-05
4.38635e-05
4.38713e-05
4.38791e-05
4.3887e-05
0.000932953
0.000705156
0.000540072
0.000368269
0.000224269
0.00012983
7.98489e-05
5.77579e-05
4.90125e-05
4.57187e-05
4.44838e-05
4.40327e-05
4.38729e-05
4.38193e-05
4.38039e-05
4.38017e-05
4.38036e-05
4.38062e-05
4.38085e-05
4.38103e-05
4.38116e-05
4.38126e-05
4.38135e-05
4.38144e-05
4.38154e-05
4.38165e-05
4.38179e-05
4.38196e-05
4.38216e-05
4.38239e-05
4.38267e-05
4.38298e-05
4.38331e-05
4.38368e-05
4.38406e-05
4.38446e-05
4.38488e-05
4.3853e-05
4.38572e-05
4.38614e-05
4.38656e-05
4.38699e-05
4.38742e-05
4.38785e-05
4.38829e-05
4.38872e-05
4.38916e-05
4.38961e-05
4.39006e-05
4.39051e-05
4.39097e-05
4.39144e-05
4.39191e-05
4.39239e-05
4.39288e-05
4.39337e-05
4.39387e-05
4.39438e-05
4.39489e-05
4.39541e-05
4.39594e-05
4.39648e-05
4.39702e-05
4.39757e-05
4.39813e-05
4.39869e-05
4.39927e-05
4.39985e-05
4.40044e-05
4.40103e-05
4.40164e-05
4.40225e-05
0.000923229
0.000657667
0.000470674
0.000297487
0.000169494
9.61332e-05
6.26347e-05
4.99995e-05
4.57702e-05
4.4438e-05
4.40347e-05
4.39268e-05
4.39085e-05
4.39145e-05
4.39253e-05
4.39353e-05
4.39433e-05
4.39493e-05
4.39534e-05
4.39563e-05
4.39581e-05
4.39594e-05
4.39603e-05
4.3961e-05
4.39617e-05
4.39626e-05
4.39638e-05
4.39652e-05
4.39671e-05
4.39693e-05
4.39718e-05
4.39747e-05
4.39779e-05
4.39812e-05
4.39847e-05
4.39883e-05
4.39919e-05
4.39956e-05
4.39992e-05
4.40028e-05
4.40063e-05
4.40099e-05
4.40134e-05
4.40169e-05
4.40204e-05
4.40239e-05
4.40274e-05
4.40309e-05
4.40344e-05
4.4038e-05
4.40416e-05
4.40452e-05
4.40488e-05
4.40526e-05
4.40563e-05
4.40601e-05
4.4064e-05
4.40679e-05
4.40719e-05
4.40759e-05
4.40799e-05
4.40841e-05
4.40882e-05
4.40925e-05
4.40968e-05
4.41011e-05
4.41055e-05
4.411e-05
4.41145e-05
4.41191e-05
4.41238e-05
4.41285e-05
0.000905996
0.000604891
0.000403785
0.000237589
0.000129204
7.48992e-05
5.3482e-05
4.65634e-05
4.46143e-05
4.41138e-05
4.40057e-05
4.39991e-05
4.40147e-05
4.40318e-05
4.40462e-05
4.40574e-05
4.40658e-05
4.4072e-05
4.40763e-05
4.40793e-05
4.40814e-05
4.40827e-05
4.40836e-05
4.40842e-05
4.40848e-05
4.40853e-05
4.4086e-05
4.40869e-05
4.40881e-05
4.40896e-05
4.40914e-05
4.40934e-05
4.40958e-05
4.40983e-05
4.4101e-05
4.41038e-05
4.41067e-05
4.41097e-05
4.41126e-05
4.41155e-05
4.41184e-05
4.41212e-05
4.4124e-05
4.41268e-05
4.41296e-05
4.41324e-05
4.41351e-05
4.41379e-05
4.41406e-05
4.41434e-05
4.41461e-05
4.41489e-05
4.41518e-05
4.41546e-05
4.41575e-05
4.41604e-05
4.41634e-05
4.41664e-05
4.41694e-05
4.41725e-05
4.41756e-05
4.41787e-05
4.41819e-05
4.41852e-05
4.41885e-05
4.41918e-05
4.41951e-05
4.41985e-05
4.4202e-05
4.42055e-05
4.4209e-05
4.42126e-05
0.000880679
0.000548902
0.000341801
0.000188882
0.000100673
6.19823e-05
4.87687e-05
4.51108e-05
4.42539e-05
4.40903e-05
4.40822e-05
4.41039e-05
4.41269e-05
4.41459e-05
4.41605e-05
4.41715e-05
4.41796e-05
4.41853e-05
4.41891e-05
4.41916e-05
4.41931e-05
4.41938e-05
4.4194e-05
4.41938e-05
4.41935e-05
4.41931e-05
4.41929e-05
4.41928e-05
4.41929e-05
4.41934e-05
4.41942e-05
4.41952e-05
4.41966e-05
4.41982e-05
4.42e-05
4.4202e-05
4.42041e-05
4.42062e-05
4.42084e-05
4.42106e-05
4.42128e-05
4.4215e-05
4.42171e-05
4.42192e-05
4.42213e-05
4.42234e-05
4.42255e-05
4.42275e-05
4.42296e-05
4.42316e-05
4.42337e-05
4.42357e-05
4.42378e-05
4.42399e-05
4.4242e-05
4.42442e-05
4.42463e-05
4.42486e-05
4.42508e-05
4.4253e-05
4.42553e-05
4.42577e-05
4.426e-05
4.42624e-05
4.42648e-05
4.42673e-05
4.42698e-05
4.42723e-05
4.42748e-05
4.42774e-05
4.428e-05
4.42827e-05
0.000848042
0.000491978
0.000286383
0.00015052
8.10694e-05
5.43398e-05
4.64139e-05
4.45423e-05
4.41925e-05
4.41627e-05
4.41894e-05
4.42209e-05
4.42478e-05
4.42695e-05
4.42866e-05
4.42997e-05
4.43097e-05
4.43171e-05
4.43223e-05
4.43259e-05
4.4328e-05
4.43292e-05
4.43296e-05
4.43294e-05
4.43288e-05
4.4328e-05
4.43272e-05
4.43265e-05
4.43259e-05
4.43256e-05
4.43255e-05
4.43258e-05
4.43263e-05
4.43272e-05
4.43284e-05
4.43298e-05
4.43313e-05
4.4333e-05
4.43347e-05
4.43365e-05
4.43382e-05
4.43399e-05
4.43414e-05
4.43429e-05
4.43442e-05
4.43455e-05
4.43466e-05
4.43477e-05
4.43486e-05
4.43494e-05
4.43502e-05
4.43509e-05
4.43515e-05
4.43521e-05
4.43526e-05
4.4353e-05
4.43534e-05
4.43538e-05
4.43542e-05
4.43545e-05
4.43548e-05
4.43551e-05
4.43554e-05
4.43557e-05
4.4356e-05
4.43563e-05
4.43566e-05
4.4357e-05
4.43574e-05
4.43578e-05
4.43583e-05
4.43589e-05
0.000809108
0.000436139
0.00023833
0.000121099
6.79284e-05
4.9921e-05
4.52792e-05
4.43557e-05
4.42361e-05
4.4257e-05
4.42936e-05
4.43259e-05
4.43516e-05
4.43717e-05
4.43871e-05
4.43988e-05
4.44076e-05
4.44141e-05
4.44187e-05
4.4422e-05
4.44241e-05
4.44254e-05
4.44261e-05
4.44262e-05
4.4426e-05
4.44256e-05
4.44251e-05
4.44245e-05
4.44239e-05
4.44235e-05
4.44233e-05
4.44232e-05
4.44234e-05
4.44238e-05
4.44244e-05
4.44253e-05
4.44263e-05
4.44274e-05
4.44286e-05
4.44299e-05
4.44312e-05
4.44325e-05
4.44338e-05
4.4435e-05
4.44361e-05
4.44372e-05
4.44382e-05
4.44391e-05
4.444e-05
4.44408e-05
4.44415e-05
4.44422e-05
4.44428e-05
4.44433e-05
4.44439e-05
4.44443e-05
4.44448e-05
4.44452e-05
4.44456e-05
4.4446e-05
4.44463e-05
4.44466e-05
4.44469e-05
4.44471e-05
4.44474e-05
4.44476e-05
4.44477e-05
4.44479e-05
4.4448e-05
4.44481e-05
4.44482e-05
4.44483e-05
0.00076521
0.000383
0.000197755
9.90704e-05
5.92993e-05
4.74198e-05
4.47594e-05
4.43264e-05
4.43062e-05
4.43417e-05
4.43761e-05
4.4403e-05
4.4423e-05
4.44377e-05
4.44485e-05
4.44563e-05
4.4462e-05
4.44661e-05
4.44689e-05
4.44709e-05
4.44722e-05
4.44731e-05
4.44735e-05
4.44737e-05
4.44736e-05
4.44734e-05
4.44731e-05
4.44728e-05
4.44724e-05
4.44721e-05
4.44718e-05
4.44716e-05
4.44715e-05
4.44714e-05
4.44716e-05
4.44718e-05
4.44721e-05
4.44725e-05
4.44729e-05
4.44734e-05
4.44739e-05
4.44744e-05
4.4475e-05
4.44754e-05
4.44759e-05
4.44763e-05
4.44767e-05
4.4477e-05
4.44773e-05
4.44775e-05
4.44778e-05
4.44779e-05
4.44781e-05
4.44782e-05
4.44783e-05
4.44783e-05
4.44784e-05
4.44784e-05
4.44784e-05
4.44784e-05
4.44784e-05
4.44783e-05
4.44783e-05
4.44782e-05
4.44781e-05
4.4478e-05
4.44779e-05
4.44778e-05
4.44777e-05
4.44776e-05
4.44774e-05
4.44773e-05
0.000717866
0.000333659
0.000164112
8.29065e-05
5.37309e-05
4.60332e-05
4.45406e-05
4.43539e-05
4.43712e-05
4.44055e-05
4.44325e-05
4.44517e-05
4.44649e-05
4.4474e-05
4.44803e-05
4.44846e-05
4.44875e-05
4.44896e-05
4.44909e-05
4.44918e-05
4.44924e-05
4.44927e-05
4.44928e-05
4.44928e-05
4.44927e-05
4.44926e-05
4.44923e-05
4.44921e-05
4.44918e-05
4.44915e-05
4.44913e-05
4.4491e-05
4.44908e-05
4.44906e-05
4.44905e-05
4.44904e-05
4.44904e-05
4.44904e-05
4.44904e-05
4.44904e-05
4.44905e-05
4.44906e-05
4.44906e-05
4.44907e-05
4.44908e-05
4.44908e-05
4.44908e-05
4.44908e-05
4.44908e-05
4.44908e-05
4.44907e-05
4.44907e-05
4.44906e-05
4.44905e-05
4.44904e-05
4.44903e-05
4.44901e-05
4.449e-05
4.44898e-05
4.44897e-05
4.44895e-05
4.44893e-05
4.44891e-05
4.44889e-05
4.44887e-05
4.44885e-05
4.44883e-05
4.44881e-05
4.44879e-05
4.44877e-05
4.44874e-05
4.44872e-05
0.000668477
0.000288771
0.00013674
7.12302e-05
5.01934e-05
4.52816e-05
4.44629e-05
4.43944e-05
4.44213e-05
4.44483e-05
4.44671e-05
4.44792e-05
4.4487e-05
4.44919e-05
4.4495e-05
4.4497e-05
4.44982e-05
4.4499e-05
4.44994e-05
4.44996e-05
4.44997e-05
4.44997e-05
4.44996e-05
4.44995e-05
4.44993e-05
4.44991e-05
4.44989e-05
4.44986e-05
4.44984e-05
4.44981e-05
4.44979e-05
4.44977e-05
4.44974e-05
4.44972e-05
4.4497e-05
4.44969e-05
4.44967e-05
4.44965e-05
4.44964e-05
4.44963e-05
4.44961e-05
4.4496e-05
4.44959e-05
4.44958e-05
4.44957e-05
4.44956e-05
4.44955e-05
4.44953e-05
4.44952e-05
4.44951e-05
4.44949e-05
4.44948e-05
4.44946e-05
4.44944e-05
4.44942e-05
4.44941e-05
4.44939e-05
4.44937e-05
4.44935e-05
4.44933e-05
4.4493e-05
4.44928e-05
4.44926e-05
4.44924e-05
4.44921e-05
4.44919e-05
4.44917e-05
4.44914e-05
4.44912e-05
4.44909e-05
4.44907e-05
4.44905e-05
0.00061825
0.000248724
0.000114843
6.29126e-05
4.79777e-05
4.48843e-05
4.44466e-05
4.4431e-05
4.44558e-05
4.44748e-05
4.44865e-05
4.44934e-05
4.44974e-05
4.44996e-05
4.45008e-05
4.45014e-05
4.45017e-05
4.45017e-05
4.45017e-05
4.45015e-05
4.45013e-05
4.45011e-05
4.45009e-05
4.45007e-05
4.45004e-05
4.45002e-05
4.45e-05
4.44997e-05
4.44995e-05
4.44993e-05
4.4499e-05
4.44988e-05
4.44986e-05
4.44984e-05
4.44982e-05
4.4498e-05
4.44978e-05
4.44976e-05
4.44974e-05
4.44972e-05
4.4497e-05
4.44969e-05
4.44967e-05
4.44965e-05
4.44964e-05
4.44962e-05
4.4496e-05
4.44958e-05
4.44957e-05
4.44955e-05
4.44953e-05
4.44951e-05
4.44949e-05
4.44947e-05
4.44945e-05
4.44943e-05
4.44941e-05
4.44939e-05
4.44937e-05
4.44935e-05
4.44933e-05
4.44931e-05
4.44928e-05
4.44926e-05
4.44924e-05
4.44922e-05
4.44919e-05
4.44917e-05
4.44915e-05
4.44912e-05
4.4491e-05
4.44908e-05
0.000568172
0.000213573
9.75854e-05
5.70636e-05
4.66035e-05
4.4681e-05
4.44538e-05
4.44587e-05
4.44777e-05
4.44898e-05
4.44964e-05
4.44998e-05
4.45014e-05
4.45021e-05
4.45022e-05
4.45021e-05
4.45018e-05
4.45015e-05
4.45011e-05
4.45008e-05
4.45005e-05
4.45001e-05
4.44998e-05
4.44995e-05
4.44992e-05
4.4499e-05
4.44987e-05
4.44985e-05
4.44983e-05
4.4498e-05
4.44978e-05
4.44976e-05
4.44974e-05
4.44972e-05
4.4497e-05
4.44968e-05
4.44966e-05
4.44964e-05
4.44963e-05
4.44961e-05
4.44959e-05
4.44957e-05
4.44955e-05
4.44953e-05
4.44951e-05
4.4495e-05
4.44948e-05
4.44946e-05
4.44944e-05
4.44942e-05
4.4494e-05
4.44938e-05
4.44937e-05
4.44935e-05
4.44933e-05
4.44931e-05
4.44929e-05
4.44927e-05
4.44925e-05
4.44923e-05
4.44921e-05
4.44919e-05
4.44917e-05
4.44915e-05
4.44913e-05
4.44911e-05
4.44909e-05
4.44907e-05
4.44904e-05
4.44902e-05
4.449e-05
4.44898e-05
0.000518991
0.000183136
8.41768e-05
5.29978e-05
4.57611e-05
4.45808e-05
4.4467e-05
4.44777e-05
4.44906e-05
4.44976e-05
4.45008e-05
4.4502e-05
4.45022e-05
4.4502e-05
4.45015e-05
4.4501e-05
4.45004e-05
4.44999e-05
4.44994e-05
4.4499e-05
4.44986e-05
4.44982e-05
4.44978e-05
4.44975e-05
4.44972e-05
4.44969e-05
4.44967e-05
4.44964e-05
4.44962e-05
4.4496e-05
4.44958e-05
4.44956e-05
4.44954e-05
4.44952e-05
4.4495e-05
4.44948e-05
4.44947e-05
4.44945e-05
4.44943e-05
4.44941e-05
4.4494e-05
4.44938e-05
4.44936e-05
4.44934e-05
4.44933e-05
4.44931e-05
4.44929e-05
4.44927e-05
4.44926e-05
4.44924e-05
4.44922e-05
4.4492e-05
4.44919e-05
4.44917e-05
4.44915e-05
4.44913e-05
4.44912e-05
4.4491e-05
4.44908e-05
4.44906e-05
4.44905e-05
4.44903e-05
4.44901e-05
4.44899e-05
4.44897e-05
4.44896e-05
4.44894e-05
4.44892e-05
4.4489e-05
4.44888e-05
4.44887e-05
4.44885e-05
0.000471272
0.00015714
7.38816e-05
5.02009e-05
4.52503e-05
4.45339e-05
4.44794e-05
4.44896e-05
4.44975e-05
4.45009e-05
4.4502e-05
4.45019e-05
4.45014e-05
4.45007e-05
4.44999e-05
4.44992e-05
4.44985e-05
4.44979e-05
4.44973e-05
4.44968e-05
4.44964e-05
4.4496e-05
4.44956e-05
4.44953e-05
4.4495e-05
4.44947e-05
4.44944e-05
4.44942e-05
4.44939e-05
4.44937e-05
4.44935e-05
4.44933e-05
4.44932e-05
4.4493e-05
4.44928e-05
4.44927e-05
4.44925e-05
4.44923e-05
4.44922e-05
4.4492e-05
4.44919e-05
4.44917e-05
4.44915e-05
4.44914e-05
4.44912e-05
4.44911e-05
4.44909e-05
4.44908e-05
4.44906e-05
4.44904e-05
4.44903e-05
4.44901e-05
4.449e-05
4.44898e-05
4.44897e-05
4.44895e-05
4.44894e-05
4.44892e-05
4.44891e-05
4.44889e-05
4.44888e-05
4.44886e-05
4.44885e-05
4.44883e-05
4.44881e-05
4.4488e-05
4.44878e-05
4.44877e-05
4.44875e-05
4.44874e-05
4.44872e-05
4.44871e-05
0.000425428
0.000135145
6.60652e-05
4.82953e-05
4.49437e-05
4.45135e-05
4.44889e-05
4.44964e-05
4.45006e-05
4.45018e-05
4.45015e-05
4.45008e-05
4.44998e-05
4.44989e-05
4.4498e-05
4.44972e-05
4.44964e-05
4.44958e-05
4.44952e-05
4.44947e-05
4.44942e-05
4.44938e-05
4.44934e-05
4.44931e-05
4.44927e-05
4.44925e-05
4.44922e-05
4.4492e-05
4.44917e-05
4.44915e-05
4.44913e-05
4.44912e-05
4.4491e-05
4.44908e-05
4.44907e-05
4.44905e-05
4.44904e-05
4.44902e-05
4.44901e-05
4.44899e-05
4.44898e-05
4.44896e-05
4.44895e-05
4.44894e-05
4.44892e-05
4.44891e-05
4.4489e-05
4.44888e-05
4.44887e-05
4.44885e-05
4.44884e-05
4.44883e-05
4.44881e-05
4.4488e-05
4.44879e-05
4.44877e-05
4.44876e-05
4.44875e-05
4.44873e-05
4.44872e-05
4.44871e-05
4.44869e-05
4.44868e-05
4.44867e-05
4.44866e-05
4.44864e-05
4.44863e-05
4.44862e-05
4.4486e-05
4.44859e-05
4.44858e-05
4.44857e-05
0.000381768
0.000116767
6.01928e-05
4.70084e-05
4.47616e-05
4.45057e-05
4.44952e-05
4.44998e-05
4.45015e-05
4.45012e-05
4.45003e-05
4.44991e-05
4.4498e-05
4.44969e-05
4.4496e-05
4.44951e-05
4.44943e-05
4.44937e-05
4.44931e-05
4.44925e-05
4.44921e-05
4.44916e-05
4.44913e-05
4.44909e-05
4.44906e-05
4.44903e-05
4.44901e-05
4.44898e-05
4.44896e-05
4.44894e-05
4.44892e-05
4.4489e-05
4.44889e-05
4.44887e-05
4.44885e-05
4.44884e-05
4.44883e-05
4.44881e-05
4.4488e-05
4.44879e-05
4.44878e-05
4.44876e-05
4.44875e-05
4.44874e-05
4.44873e-05
4.44871e-05
4.4487e-05
4.44869e-05
4.44868e-05
4.44867e-05
4.44865e-05
4.44864e-05
4.44863e-05
4.44862e-05
4.44861e-05
4.4486e-05
4.44858e-05
4.44857e-05
4.44856e-05
4.44855e-05
4.44854e-05
4.44853e-05
4.44852e-05
4.44851e-05
4.4485e-05
4.44849e-05
4.44848e-05
4.44847e-05
4.44845e-05
4.44844e-05
4.44843e-05
4.44842e-05
0.000340502
0.000101574
5.58239e-05
4.61465e-05
4.46544e-05
4.45032e-05
4.44988e-05
4.4501e-05
4.4501e-05
4.45e-05
4.44986e-05
4.44973e-05
4.4496e-05
4.44949e-05
4.44939e-05
4.44931e-05
4.44923e-05
4.44916e-05
4.4491e-05
4.44905e-05
4.449e-05
4.44896e-05
4.44892e-05
4.44888e-05
4.44885e-05
4.44882e-05
4.4488e-05
4.44877e-05
4.44875e-05
4.44873e-05
4.44871e-05
4.44869e-05
4.44868e-05
4.44866e-05
4.44865e-05
4.44864e-05
4.44862e-05
4.44861e-05
4.4486e-05
4.44859e-05
4.44857e-05
4.44856e-05
4.44855e-05
4.44854e-05
4.44853e-05
4.44852e-05
4.44851e-05
4.4485e-05
4.44849e-05
4.44848e-05
4.44847e-05
4.44846e-05
4.44845e-05
4.44844e-05
4.44843e-05
4.44842e-05
4.44841e-05
4.4484e-05
4.44839e-05
4.44838e-05
4.44837e-05
4.44836e-05
4.44835e-05
4.44834e-05
4.44833e-05
4.44833e-05
4.44832e-05
4.44831e-05
4.4483e-05
4.44829e-05
4.44829e-05
4.44828e-05
0.000301847
8.91445e-05
5.26036e-05
4.55738e-05
4.45917e-05
4.45027e-05
4.45005e-05
4.45009e-05
4.44999e-05
4.44984e-05
4.44968e-05
4.44954e-05
4.44941e-05
4.4493e-05
4.4492e-05
4.44911e-05
4.44903e-05
4.44896e-05
4.4489e-05
4.44885e-05
4.4488e-05
4.44876e-05
4.44872e-05
4.44869e-05
4.44865e-05
4.44863e-05
4.4486e-05
4.44858e-05
4.44855e-05
4.44853e-05
4.44852e-05
4.4485e-05
4.44848e-05
4.44847e-05
4.44845e-05
4.44844e-05
4.44843e-05
4.44842e-05
4.44841e-05
4.44839e-05
4.44838e-05
4.44837e-05
4.44836e-05
4.44835e-05
4.44834e-05
4.44833e-05
4.44833e-05
4.44832e-05
4.44831e-05
4.44829e-05
4.44828e-05
4.44827e-05
4.44826e-05
4.44825e-05
4.44824e-05
4.44824e-05
4.44823e-05
4.44822e-05
4.44821e-05
4.4482e-05
4.44819e-05
4.44819e-05
4.44818e-05
4.44817e-05
4.44817e-05
4.44816e-05
4.44815e-05
4.44815e-05
4.44814e-05
4.44814e-05
4.44813e-05
4.44812e-05
0.000266072
7.90863e-05
5.02514e-05
4.51962e-05
4.45551e-05
4.45025e-05
4.45009e-05
4.45001e-05
4.44984e-05
4.44966e-05
4.4495e-05
4.44935e-05
4.44922e-05
4.4491e-05
4.449e-05
4.44891e-05
4.44884e-05
4.44877e-05
4.44871e-05
4.44865e-05
4.4486e-05
4.44856e-05
4.44852e-05
4.44848e-05
4.44845e-05
4.44842e-05
4.4484e-05
4.44837e-05
4.44835e-05
4.44833e-05
4.44831e-05
4.44829e-05
4.44828e-05
4.44826e-05
4.44825e-05
4.44823e-05
4.44822e-05
4.44821e-05
4.4482e-05
4.44819e-05
4.44817e-05
4.44816e-05
4.44815e-05
4.44814e-05
4.44813e-05
4.44813e-05
4.44812e-05
4.44811e-05
4.4481e-05
4.44809e-05
4.44808e-05
4.44807e-05
4.44806e-05
4.44805e-05
4.44804e-05
4.44804e-05
4.44803e-05
4.44802e-05
4.44801e-05
4.44801e-05
4.448e-05
4.44799e-05
4.44799e-05
4.44798e-05
4.44798e-05
4.44797e-05
4.44797e-05
4.44797e-05
4.44796e-05
4.44796e-05
4.44796e-05
4.44796e-05
0.000233255
7.10378e-05
4.85486e-05
4.49489e-05
4.45338e-05
4.45022e-05
4.45004e-05
4.44987e-05
4.44967e-05
4.44948e-05
4.44931e-05
4.44916e-05
4.44902e-05
4.44891e-05
4.44881e-05
4.44872e-05
4.44864e-05
4.44856e-05
4.4485e-05
4.44844e-05
4.44839e-05
4.44834e-05
4.4483e-05
4.44826e-05
4.44822e-05
4.44819e-05
4.44816e-05
4.44813e-05
4.4481e-05
4.44807e-05
4.44805e-05
4.44802e-05
4.448e-05
4.44798e-05
4.44796e-05
4.44796e-05
4.44795e-05
4.44794e-05
4.44793e-05
4.44792e-05
4.4479e-05
4.44789e-05
4.44788e-05
4.44786e-05
4.44785e-05
4.44784e-05
4.44782e-05
4.44781e-05
4.4478e-05
4.44779e-05
4.44778e-05
4.44777e-05
4.44776e-05
4.44775e-05
4.44774e-05
4.44773e-05
4.44773e-05
4.44773e-05
4.44772e-05
4.44772e-05
4.44772e-05
4.44772e-05
4.44772e-05
4.44772e-05
4.44772e-05
4.44772e-05
4.44773e-05
4.44773e-05
4.44773e-05
4.44774e-05
4.44774e-05
4.44775e-05
0.000203447
6.46624e-05
4.73276e-05
4.47882e-05
4.45211e-05
4.45015e-05
4.44993e-05
4.44972e-05
4.44949e-05
4.44929e-05
4.44912e-05
4.44896e-05
4.44883e-05
4.44871e-05
4.44861e-05
4.44852e-05
4.44843e-05
4.44836e-05
4.44829e-05
4.44824e-05
4.44818e-05
4.44814e-05
4.4481e-05
4.44806e-05
4.44803e-05
4.448e-05
4.44797e-05
4.44795e-05
4.44793e-05
4.44791e-05
4.44789e-05
4.44788e-05
4.44787e-05
4.44786e-05
4.44785e-05
4.44784e-05
4.44783e-05
4.44782e-05
4.44782e-05
4.44781e-05
4.44781e-05
4.4478e-05
4.4478e-05
4.4478e-05
4.4478e-05
4.44779e-05
4.44779e-05
4.44779e-05
4.44779e-05
4.4478e-05
4.4478e-05
4.4478e-05
4.44781e-05
4.44781e-05
4.44782e-05
4.44783e-05
4.44783e-05
4.44784e-05
4.44784e-05
4.44785e-05
4.44786e-05
4.44787e-05
4.44787e-05
4.44788e-05
4.44789e-05
4.4479e-05
4.44791e-05
4.44791e-05
4.44792e-05
4.44793e-05
4.44794e-05
4.44795e-05
0.000176717
5.96699e-05
4.64584e-05
4.46843e-05
4.45133e-05
4.45005e-05
4.44979e-05
4.44954e-05
4.44931e-05
4.44911e-05
4.44893e-05
4.44878e-05
4.44865e-05
4.44854e-05
4.44844e-05
4.44836e-05
4.44829e-05
4.44823e-05
4.44818e-05
4.44814e-05
4.4481e-05
4.44808e-05
4.44806e-05
4.44804e-05
4.44803e-05
4.44802e-05
4.44801e-05
4.44801e-05
4.44801e-05
4.44801e-05
4.44801e-05
4.44801e-05
4.44801e-05
4.44802e-05
4.44802e-05
4.44802e-05
4.44803e-05
4.44803e-05
4.44804e-05
4.44804e-05
4.44805e-05
4.44806e-05
4.44806e-05
4.44807e-05
4.44808e-05
4.44809e-05
4.4481e-05
4.44811e-05
4.44812e-05
4.44813e-05
4.44814e-05
4.44815e-05
4.44816e-05
4.44817e-05
4.44818e-05
4.44819e-05
4.4482e-05
4.44821e-05
4.44822e-05
4.44823e-05
4.44824e-05
4.44824e-05
4.44825e-05
4.44826e-05
4.44826e-05
4.44827e-05
4.44828e-05
4.44828e-05
4.44829e-05
4.44829e-05
4.4483e-05
4.4483e-05
0.000153079
5.5803e-05
4.58449e-05
4.46175e-05
4.45082e-05
4.44992e-05
4.44963e-05
4.44937e-05
4.44914e-05
4.44894e-05
4.44877e-05
4.44863e-05
4.44852e-05
4.44843e-05
4.44835e-05
4.4483e-05
4.44825e-05
4.44822e-05
4.4482e-05
4.44819e-05
4.44819e-05
4.44819e-05
4.44819e-05
4.4482e-05
4.44821e-05
4.44822e-05
4.44823e-05
4.44824e-05
4.44825e-05
4.44826e-05
4.44827e-05
4.44828e-05
4.44829e-05
4.4483e-05
4.4483e-05
4.44831e-05
4.44832e-05
4.44833e-05
4.44833e-05
4.44834e-05
4.44834e-05
4.44835e-05
4.44836e-05
4.44836e-05
4.44837e-05
4.44838e-05
4.44839e-05
4.44839e-05
4.4484e-05
4.44841e-05
4.44841e-05
4.44842e-05
4.44842e-05
4.44842e-05
4.44843e-05
4.44843e-05
4.44843e-05
4.44844e-05
4.44844e-05
4.44844e-05
4.44844e-05
4.44844e-05
4.44844e-05
4.44845e-05
4.44845e-05
4.44845e-05
4.44845e-05
4.44845e-05
4.44845e-05
4.44845e-05
4.44845e-05
4.44845e-05
0.000132485
5.28388e-05
4.54156e-05
4.45746e-05
4.45046e-05
4.44977e-05
4.44947e-05
4.4492e-05
4.44898e-05
4.4488e-05
4.44865e-05
4.44854e-05
4.44846e-05
4.44839e-05
4.44835e-05
4.44833e-05
4.44832e-05
4.44831e-05
4.44832e-05
4.44832e-05
4.44833e-05
4.44835e-05
4.44836e-05
4.44837e-05
4.44839e-05
4.4484e-05
4.44841e-05
4.44842e-05
4.44843e-05
4.44844e-05
4.44845e-05
4.44845e-05
4.44846e-05
4.44847e-05
4.44847e-05
4.44848e-05
4.44848e-05
4.44849e-05
4.44849e-05
4.4485e-05
4.44851e-05
4.44851e-05
4.44852e-05
4.44853e-05
4.44853e-05
4.44854e-05
4.44854e-05
4.44855e-05
4.44855e-05
4.44855e-05
4.44855e-05
4.44855e-05
4.44855e-05
4.44856e-05
4.44856e-05
4.44856e-05
4.44856e-05
4.44856e-05
4.44856e-05
4.44856e-05
4.44856e-05
4.44856e-05
4.44856e-05
4.44856e-05
4.44856e-05
4.44855e-05
4.44855e-05
4.44855e-05
4.44855e-05
4.44855e-05
4.44855e-05
4.44854e-05
0.000114824
5.05904e-05
4.51176e-05
4.45471e-05
4.45019e-05
4.44962e-05
4.44932e-05
4.44906e-05
4.44886e-05
4.44871e-05
4.44859e-05
4.44851e-05
4.44846e-05
4.44843e-05
4.44842e-05
4.44841e-05
4.44842e-05
4.44843e-05
4.44844e-05
4.44846e-05
4.44847e-05
4.44848e-05
4.4485e-05
4.44851e-05
4.44852e-05
4.44853e-05
4.44854e-05
4.44855e-05
4.44855e-05
4.44856e-05
4.44857e-05
4.44858e-05
4.44858e-05
4.44859e-05
4.4486e-05
4.4486e-05
4.44861e-05
4.44862e-05
4.44863e-05
4.44863e-05
4.44864e-05
4.44864e-05
4.44865e-05
4.44865e-05
4.44865e-05
4.44866e-05
4.44866e-05
4.44866e-05
4.44866e-05
4.44866e-05
4.44866e-05
4.44866e-05
4.44866e-05
4.44866e-05
4.44866e-05
4.44866e-05
4.44866e-05
4.44866e-05
4.44865e-05
4.44865e-05
4.44865e-05
4.44865e-05
4.44865e-05
4.44864e-05
4.44864e-05
4.44864e-05
4.44864e-05
4.44863e-05
4.44863e-05
4.44863e-05
4.44863e-05
4.44862e-05
9.99304e-05
4.89022e-05
4.49126e-05
4.45293e-05
4.44996e-05
4.44948e-05
4.44919e-05
4.44896e-05
4.44878e-05
4.44866e-05
4.44858e-05
4.44853e-05
4.44851e-05
4.4485e-05
4.4485e-05
4.44851e-05
4.44853e-05
4.44854e-05
4.44856e-05
4.44857e-05
4.44858e-05
4.4486e-05
4.44861e-05
4.44862e-05
4.44863e-05
4.44864e-05
4.44865e-05
4.44866e-05
4.44867e-05
4.44868e-05
4.44869e-05
4.4487e-05
4.44871e-05
4.44872e-05
4.44873e-05
4.44874e-05
4.44874e-05
4.44875e-05
4.44875e-05
4.44876e-05
4.44876e-05
4.44876e-05
4.44877e-05
4.44877e-05
4.44877e-05
4.44877e-05
4.44877e-05
4.44877e-05
4.44877e-05
4.44877e-05
4.44877e-05
4.44876e-05
4.44876e-05
4.44876e-05
4.44876e-05
4.44876e-05
4.44875e-05
4.44875e-05
4.44875e-05
4.44874e-05
4.44874e-05
4.44874e-05
4.44873e-05
4.44873e-05
4.44872e-05
4.44872e-05
4.44872e-05
4.44871e-05
4.44871e-05
4.4487e-05
4.4487e-05
4.44869e-05
8.75344e-05
4.76486e-05
4.47726e-05
4.45178e-05
4.44978e-05
4.44935e-05
4.44908e-05
4.44889e-05
4.44875e-05
4.44866e-05
4.44861e-05
4.44859e-05
4.44858e-05
4.44859e-05
4.4486e-05
4.44861e-05
4.44863e-05
4.44864e-05
4.44866e-05
4.44867e-05
4.44869e-05
4.4487e-05
4.44871e-05
4.44873e-05
4.44874e-05
4.44876e-05
4.44877e-05
4.44879e-05
4.4488e-05
4.44882e-05
4.44883e-05
4.44884e-05
4.44885e-05
4.44886e-05
4.44887e-05
4.44887e-05
4.44888e-05
4.44888e-05
4.44888e-05
4.44888e-05
4.44889e-05
4.44889e-05
4.44889e-05
4.44889e-05
4.44888e-05
4.44888e-05
4.44888e-05
4.44888e-05
4.44888e-05
4.44887e-05
4.44887e-05
4.44887e-05
4.44886e-05
4.44886e-05
4.44886e-05
4.44885e-05
4.44885e-05
4.44884e-05
4.44884e-05
4.44883e-05
4.44883e-05
4.44882e-05
4.44881e-05
4.44881e-05
4.4488e-05
4.4488e-05
4.44879e-05
4.44878e-05
4.44878e-05
4.44877e-05
4.44876e-05
4.44876e-05
7.73919e-05
4.67282e-05
4.4678e-05
4.45102e-05
4.44962e-05
4.44925e-05
4.44901e-05
4.44885e-05
4.44875e-05
4.44869e-05
4.44866e-05
4.44866e-05
4.44866e-05
4.44867e-05
4.44868e-05
4.4487e-05
4.44872e-05
4.44874e-05
4.44876e-05
4.44877e-05
4.44879e-05
4.44882e-05
4.44884e-05
4.44886e-05
4.44888e-05
4.4489e-05
4.44892e-05
4.44894e-05
4.44895e-05
4.44896e-05
4.44897e-05
4.44898e-05
4.44899e-05
4.44899e-05
4.44899e-05
4.449e-05
4.449e-05
4.449e-05
4.449e-05
4.449e-05
4.449e-05
4.449e-05
4.44899e-05
4.44899e-05
4.44899e-05
4.44898e-05
4.44898e-05
4.44898e-05
4.44897e-05
4.44897e-05
4.44896e-05
4.44895e-05
4.44895e-05
4.44894e-05
4.44894e-05
4.44893e-05
4.44892e-05
4.44892e-05
4.44891e-05
4.4489e-05
4.4489e-05
4.44889e-05
4.44888e-05
4.44887e-05
4.44887e-05
4.44886e-05
4.44885e-05
4.44884e-05
4.44883e-05
4.44882e-05
4.44882e-05
4.44881e-05
6.92469e-05
4.60599e-05
4.46148e-05
4.45051e-05
4.44949e-05
4.44917e-05
4.44897e-05
4.44885e-05
4.44877e-05
4.44874e-05
4.44872e-05
4.44873e-05
4.44874e-05
4.44875e-05
4.44877e-05
4.44879e-05
4.44882e-05
4.44884e-05
4.44887e-05
4.4489e-05
4.44893e-05
4.44896e-05
4.44898e-05
4.44901e-05
4.44903e-05
4.44904e-05
4.44906e-05
4.44907e-05
4.44908e-05
4.44908e-05
4.44909e-05
4.44909e-05
4.4491e-05
4.4491e-05
4.4491e-05
4.4491e-05
4.44909e-05
4.44909e-05
4.44909e-05
4.44908e-05
4.44908e-05
4.44907e-05
4.44907e-05
4.44906e-05
4.44906e-05
4.44905e-05
4.44905e-05
4.44904e-05
4.44903e-05
4.44902e-05
4.44902e-05
4.44901e-05
4.449e-05
4.44899e-05
4.44898e-05
4.44898e-05
4.44897e-05
4.44896e-05
4.44895e-05
4.44894e-05
4.44893e-05
4.44892e-05
4.44891e-05
4.4489e-05
4.44889e-05
4.44889e-05
4.44888e-05
4.44887e-05
4.44886e-05
4.44885e-05
4.44884e-05
4.44883e-05
6.28252e-05
4.55799e-05
4.45728e-05
4.45017e-05
4.44939e-05
4.44912e-05
4.44896e-05
4.44886e-05
4.44881e-05
4.44879e-05
4.44879e-05
4.4488e-05
4.44881e-05
4.44884e-05
4.44887e-05
4.4489e-05
4.44894e-05
4.44898e-05
4.44901e-05
4.44905e-05
4.44908e-05
4.4491e-05
4.44912e-05
4.44914e-05
4.44915e-05
4.44916e-05
4.44917e-05
4.44917e-05
4.44917e-05
4.44917e-05
4.44917e-05
4.44917e-05
4.44917e-05
4.44916e-05
4.44916e-05
4.44915e-05
4.44915e-05
4.44914e-05
4.44913e-05
4.44912e-05
4.44912e-05
4.44911e-05
4.4491e-05
4.44909e-05
4.44908e-05
4.44907e-05
4.44906e-05
4.44905e-05
4.44904e-05
4.44903e-05
4.44902e-05
4.44901e-05
4.449e-05
4.44899e-05
4.44898e-05
4.44897e-05
4.44896e-05
4.44895e-05
4.44894e-05
4.44893e-05
4.44892e-05
4.44891e-05
4.4489e-05
4.44889e-05
4.44888e-05
4.44887e-05
4.44886e-05
4.44885e-05
4.44884e-05
4.44882e-05
4.44881e-05
4.4488e-05
5.7852e-05
4.52388e-05
4.45451e-05
4.44993e-05
4.44932e-05
4.4491e-05
4.44896e-05
4.44889e-05
4.44885e-05
4.44885e-05
4.44885e-05
4.44887e-05
4.4489e-05
4.44894e-05
4.44899e-05
4.44904e-05
4.44908e-05
4.44912e-05
4.44915e-05
4.44918e-05
4.4492e-05
4.44921e-05
4.44922e-05
4.44923e-05
4.44923e-05
4.44924e-05
4.44923e-05
4.44923e-05
4.44922e-05
4.44922e-05
4.44921e-05
4.4492e-05
4.44919e-05
4.44918e-05
4.44917e-05
4.44916e-05
4.44915e-05
4.44914e-05
4.44913e-05
4.44911e-05
4.4491e-05
4.44909e-05
4.44908e-05
4.44907e-05
4.44905e-05
4.44904e-05
4.44903e-05
4.44902e-05
4.449e-05
4.44899e-05
4.44898e-05
4.44897e-05
4.44896e-05
4.44894e-05
4.44893e-05
4.44892e-05
4.44891e-05
4.4489e-05
4.44889e-05
4.44887e-05
4.44886e-05
4.44885e-05
4.44884e-05
4.44883e-05
4.44881e-05
4.4488e-05
4.44879e-05
4.44878e-05
4.44877e-05
4.44875e-05
4.44874e-05
4.44873e-05
5.40688e-05
4.49988e-05
4.45269e-05
4.44976e-05
4.44927e-05
4.44909e-05
4.44898e-05
4.44892e-05
4.44891e-05
4.44891e-05
4.44893e-05
4.44897e-05
4.44903e-05
4.44908e-05
4.44914e-05
4.44918e-05
4.44922e-05
4.44925e-05
4.44927e-05
4.44928e-05
4.44929e-05
4.44929e-05
4.44929e-05
4.44929e-05
4.44928e-05
4.44927e-05
4.44926e-05
4.44925e-05
4.44923e-05
4.44922e-05
4.4492e-05
4.44919e-05
4.44917e-05
4.44916e-05
4.44914e-05
4.44912e-05
4.44911e-05
4.44909e-05
4.44907e-05
4.44906e-05
4.44904e-05
4.44903e-05
4.44901e-05
4.44899e-05
4.44898e-05
4.44896e-05
4.44895e-05
4.44893e-05
4.44892e-05
4.4489e-05
4.44889e-05
4.44888e-05
4.44886e-05
4.44885e-05
4.44883e-05
4.44882e-05
4.44881e-05
4.44879e-05
4.44878e-05
4.44877e-05
4.44875e-05
4.44874e-05
4.44873e-05
4.44871e-05
4.4487e-05
4.44869e-05
4.44868e-05
4.44866e-05
4.44865e-05
4.44864e-05
4.44862e-05
4.44861e-05
5.12519e-05
4.48319e-05
4.4515e-05
4.44964e-05
4.44924e-05
4.44909e-05
4.449e-05
4.44897e-05
4.44897e-05
4.449e-05
4.44905e-05
4.44911e-05
4.44918e-05
4.44923e-05
4.44928e-05
4.44931e-05
4.44933e-05
4.44935e-05
4.44935e-05
4.44935e-05
4.44935e-05
4.44934e-05
4.44932e-05
4.44931e-05
4.44929e-05
4.44927e-05
4.44925e-05
4.44923e-05
4.4492e-05
4.44918e-05
4.44916e-05
4.44914e-05
4.44912e-05
4.44909e-05
4.44907e-05
4.44905e-05
4.44903e-05
4.44901e-05
4.44899e-05
4.44897e-05
4.44895e-05
4.44893e-05
4.44891e-05
4.44889e-05
4.44887e-05
4.44885e-05
4.44883e-05
4.44881e-05
4.4488e-05
4.44878e-05
4.44876e-05
4.44875e-05
4.44873e-05
4.44872e-05
4.4487e-05
4.44868e-05
4.44867e-05
4.44865e-05
4.44864e-05
4.44862e-05
4.44861e-05
4.44859e-05
4.44858e-05
4.44857e-05
4.44855e-05
4.44854e-05
4.44852e-05
4.44851e-05
4.4485e-05
4.44848e-05
4.44847e-05
4.44846e-05
4.91909e-05
4.47171e-05
4.45075e-05
4.44955e-05
4.44922e-05
4.4491e-05
4.44904e-05
4.44903e-05
4.44906e-05
4.44913e-05
4.4492e-05
4.44927e-05
4.44932e-05
4.44937e-05
4.4494e-05
4.44941e-05
4.44942e-05
4.44941e-05
4.4494e-05
4.44939e-05
4.44937e-05
4.44935e-05
4.44932e-05
4.4493e-05
4.44927e-05
4.44924e-05
4.44921e-05
4.44918e-05
4.44915e-05
4.44912e-05
4.44909e-05
4.44906e-05
4.44903e-05
4.44901e-05
4.44898e-05
4.44895e-05
4.44893e-05
4.4489e-05
4.44888e-05
4.44885e-05
4.44883e-05
4.4488e-05
4.44878e-05
4.44876e-05
4.44874e-05
4.44871e-05
4.44869e-05
4.44867e-05
4.44865e-05
4.44863e-05
4.44861e-05
4.44859e-05
4.44858e-05
4.44856e-05
4.44854e-05
4.44852e-05
4.4485e-05
4.44849e-05
4.44847e-05
4.44845e-05
4.44844e-05
4.44842e-05
4.4484e-05
4.44839e-05
4.44837e-05
4.44836e-05
4.44834e-05
4.44833e-05
4.44831e-05
4.4483e-05
4.44828e-05
4.44827e-05
4.77092e-05
4.46393e-05
4.45029e-05
4.44948e-05
4.44921e-05
4.44912e-05
4.44909e-05
4.44912e-05
4.4492e-05
4.44928e-05
4.44936e-05
4.44942e-05
4.44946e-05
4.44948e-05
4.44949e-05
4.44949e-05
4.44948e-05
4.44946e-05
4.44943e-05
4.4494e-05
4.44937e-05
4.44934e-05
4.4493e-05
4.44926e-05
4.44923e-05
4.44919e-05
4.44915e-05
4.44912e-05
4.44908e-05
4.44904e-05
4.44901e-05
4.44897e-05
4.44894e-05
4.44891e-05
4.44887e-05
4.44884e-05
4.44881e-05
4.44878e-05
4.44875e-05
4.44872e-05
4.44869e-05
4.44867e-05
4.44864e-05
4.44861e-05
4.44859e-05
4.44856e-05
4.44854e-05
4.44851e-05
4.44849e-05
4.44847e-05
4.44845e-05
4.44842e-05
4.4484e-05
4.44838e-05
4.44836e-05
4.44834e-05
4.44832e-05
4.4483e-05
4.44828e-05
4.44826e-05
4.44824e-05
4.44823e-05
4.44821e-05
4.44819e-05
4.44817e-05
4.44815e-05
4.44814e-05
4.44812e-05
4.4481e-05
4.44809e-05
4.44807e-05
4.44806e-05
4.66619e-05
4.45872e-05
4.45e-05
4.44943e-05
4.44922e-05
4.44917e-05
4.44919e-05
4.44928e-05
4.44937e-05
4.44945e-05
4.44951e-05
4.44955e-05
4.44957e-05
4.44958e-05
4.44956e-05
4.44954e-05
4.44951e-05
4.44948e-05
4.44944e-05
4.4494e-05
4.44936e-05
4.44931e-05
4.44927e-05
4.44922e-05
4.44918e-05
4.44913e-05
4.44909e-05
4.44904e-05
4.449e-05
4.44896e-05
4.44892e-05
4.44888e-05
4.44884e-05
4.4488e-05
4.44876e-05
4.44873e-05
4.44869e-05
4.44865e-05
4.44862e-05
4.44859e-05
4.44855e-05
4.44852e-05
4.44849e-05
4.44846e-05
4.44843e-05
4.4484e-05
4.44837e-05
4.44834e-05
4.44832e-05
4.44829e-05
4.44827e-05
4.44824e-05
4.44822e-05
4.44819e-05
4.44817e-05
4.44814e-05
4.44812e-05
4.4481e-05
4.44808e-05
4.44805e-05
4.44803e-05
4.44801e-05
4.44799e-05
4.44797e-05
4.44795e-05
4.44793e-05
4.44791e-05
4.44789e-05
4.44788e-05
4.44786e-05
4.44784e-05
4.44782e-05
4.59336e-05
4.45529e-05
4.44982e-05
4.4494e-05
4.44926e-05
4.44927e-05
4.44935e-05
4.44946e-05
4.44955e-05
4.44962e-05
4.44966e-05
4.44967e-05
4.44967e-05
4.44965e-05
4.44962e-05
4.44959e-05
4.44954e-05
4.44949e-05
4.44944e-05
4.44939e-05
4.44934e-05
4.44928e-05
4.44923e-05
4.44918e-05
4.44912e-05
4.44907e-05
4.44902e-05
4.44897e-05
4.44892e-05
4.44887e-05
4.44882e-05
4.44878e-05
4.44873e-05
4.44869e-05
4.44864e-05
4.4486e-05
4.44856e-05
4.44852e-05
4.44848e-05
4.44844e-05
4.4484e-05
4.44837e-05
4.44833e-05
4.4483e-05
4.44826e-05
4.44823e-05
4.4482e-05
4.44816e-05
4.44813e-05
4.4481e-05
4.44807e-05
4.44804e-05
4.44801e-05
4.44799e-05
4.44796e-05
4.44793e-05
4.44791e-05
4.44788e-05
4.44785e-05
4.44783e-05
4.44781e-05
4.44778e-05
4.44776e-05
4.44773e-05
4.44771e-05
4.44769e-05
4.44767e-05
4.44765e-05
4.44762e-05
4.4476e-05
4.44758e-05
4.44756e-05
4.54358e-05
4.45308e-05
4.44971e-05
4.4494e-05
4.44935e-05
4.44943e-05
4.44955e-05
4.44966e-05
4.44973e-05
4.44977e-05
4.44979e-05
4.44978e-05
4.44976e-05
4.44972e-05
4.44967e-05
4.44962e-05
4.44956e-05
4.4495e-05
4.44944e-05
4.44938e-05
4.44932e-05
4.44925e-05
4.44919e-05
4.44913e-05
4.44907e-05
4.44901e-05
4.44895e-05
4.44889e-05
4.44884e-05
4.44878e-05
4.44873e-05
4.44867e-05
4.44862e-05
4.44857e-05
4.44852e-05
4.44847e-05
4.44842e-05
4.44838e-05
4.44833e-05
4.44829e-05
4.44824e-05
4.4482e-05
4.44816e-05
4.44812e-05
4.44808e-05
4.44804e-05
4.448e-05
4.44797e-05
4.44793e-05
4.4479e-05
4.44786e-05
4.44783e-05
4.4478e-05
4.44776e-05
4.44773e-05
4.4477e-05
4.44767e-05
4.44764e-05
4.44761e-05
4.44758e-05
4.44756e-05
4.44753e-05
4.4475e-05
4.44747e-05
4.44745e-05
4.44742e-05
4.4474e-05
4.44737e-05
4.44735e-05
4.44733e-05
4.4473e-05
4.44728e-05
4.51009e-05
4.45171e-05
4.44966e-05
4.44946e-05
4.44952e-05
4.44965e-05
4.44977e-05
4.44986e-05
4.44991e-05
4.44992e-05
4.44991e-05
4.44988e-05
4.44984e-05
4.44978e-05
4.44972e-05
4.44966e-05
4.44959e-05
4.44952e-05
4.44944e-05
4.44937e-05
4.4493e-05
4.44922e-05
4.44915e-05
4.44908e-05
4.44901e-05
4.44894e-05
4.44888e-05
4.44881e-05
4.44874e-05
4.44868e-05
4.44862e-05
4.44856e-05
4.4485e-05
4.44844e-05
4.44838e-05
4.44833e-05
4.44827e-05
4.44822e-05
4.44817e-05
4.44811e-05
4.44806e-05
4.44802e-05
4.44797e-05
4.44792e-05
4.44788e-05
4.44783e-05
4.44779e-05
4.44775e-05
4.44771e-05
4.44767e-05
4.44763e-05
4.44759e-05
4.44755e-05
4.44751e-05
4.44748e-05
4.44744e-05
4.44741e-05
4.44737e-05
4.44734e-05
4.44731e-05
4.44727e-05
4.44724e-05
4.44721e-05
4.44718e-05
4.44715e-05
4.44712e-05
4.4471e-05
4.44707e-05
4.44704e-05
4.44701e-05
4.44699e-05
4.44696e-05
4.48791e-05
4.4509e-05
4.44968e-05
4.44962e-05
4.44975e-05
4.44989e-05
4.45e-05
4.45006e-05
4.45008e-05
4.45006e-05
4.45003e-05
4.44998e-05
4.44992e-05
4.44985e-05
4.44977e-05
4.44969e-05
4.44961e-05
4.44953e-05
4.44944e-05
4.44936e-05
4.44928e-05
4.44919e-05
4.44911e-05
4.44903e-05
4.44895e-05
4.44887e-05
4.44879e-05
4.44871e-05
4.44864e-05
4.44857e-05
4.44849e-05
4.44842e-05
4.44836e-05
4.44829e-05
4.44822e-05
4.44816e-05
4.4481e-05
4.44803e-05
4.44797e-05
4.44792e-05
4.44786e-05
4.4478e-05
4.44775e-05
4.4477e-05
4.44764e-05
4.44759e-05
4.44754e-05
4.44749e-05
4.44745e-05
4.4474e-05
4.44736e-05
4.44731e-05
4.44727e-05
4.44723e-05
4.44719e-05
4.44714e-05
4.44711e-05
4.44707e-05
4.44703e-05
4.44699e-05
4.44696e-05
4.44692e-05
4.44689e-05
4.44685e-05
4.44682e-05
4.44679e-05
4.44675e-05
4.44672e-05
4.44669e-05
4.44666e-05
4.44663e-05
4.4466e-05
4.47346e-05
4.45045e-05
4.44977e-05
4.44986e-05
4.45002e-05
4.45015e-05
4.45022e-05
4.45025e-05
4.45024e-05
4.45021e-05
4.45015e-05
4.45008e-05
4.45001e-05
4.44992e-05
4.44983e-05
4.44974e-05
4.44964e-05
4.44954e-05
4.44944e-05
4.44935e-05
4.44925e-05
4.44915e-05
4.44906e-05
4.44896e-05
4.44887e-05
4.44878e-05
4.44869e-05
4.4486e-05
4.44851e-05
4.44843e-05
4.44835e-05
4.44827e-05
4.44819e-05
4.44811e-05
4.44803e-05
4.44796e-05
4.44789e-05
4.44782e-05
4.44775e-05
4.44768e-05
4.44762e-05
4.44755e-05
4.44749e-05
4.44743e-05
4.44737e-05
4.44731e-05
4.44725e-05
4.4472e-05
4.44714e-05
4.44709e-05
4.44704e-05
4.44699e-05
4.44694e-05
4.44689e-05
4.44684e-05
4.4468e-05
4.44675e-05
4.44671e-05
4.44667e-05
4.44663e-05
4.44658e-05
4.44654e-05
4.44651e-05
4.44647e-05
4.44643e-05
4.44639e-05
4.44636e-05
4.44632e-05
4.44629e-05
4.44626e-05
4.44622e-05
4.44619e-05
4.46424e-05
4.45029e-05
4.44998e-05
4.45016e-05
4.45031e-05
4.45041e-05
4.45046e-05
4.45045e-05
4.45042e-05
4.45036e-05
4.45028e-05
4.45019e-05
4.4501e-05
4.44999e-05
4.44989e-05
4.44978e-05
4.44966e-05
4.44955e-05
4.44943e-05
4.44932e-05
4.44921e-05
4.44909e-05
4.44898e-05
4.44887e-05
4.44877e-05
4.44866e-05
4.44856e-05
4.44845e-05
4.44835e-05
4.44826e-05
4.44816e-05
4.44807e-05
4.44798e-05
4.44789e-05
4.4478e-05
4.44771e-05
4.44763e-05
4.44755e-05
4.44747e-05
4.44739e-05
4.44732e-05
4.44725e-05
4.44717e-05
4.44711e-05
4.44704e-05
4.44697e-05
4.44691e-05
4.44684e-05
4.44678e-05
4.44672e-05
4.44666e-05
4.44661e-05
4.44655e-05
4.4465e-05
4.44645e-05
4.44639e-05
4.44634e-05
4.44629e-05
4.44625e-05
4.4462e-05
4.44615e-05
4.44611e-05
4.44607e-05
4.44602e-05
4.44598e-05
4.44594e-05
4.4459e-05
4.44586e-05
4.44583e-05
4.44579e-05
4.44575e-05
4.44572e-05
4.4585e-05
4.45035e-05
4.45029e-05
4.4505e-05
4.45062e-05
4.45069e-05
4.4507e-05
4.45066e-05
4.4506e-05
4.45052e-05
4.45042e-05
4.45031e-05
4.45019e-05
4.45007e-05
4.44994e-05
4.44981e-05
4.44967e-05
4.44954e-05
4.44941e-05
4.44927e-05
4.44914e-05
4.44901e-05
4.44888e-05
4.44875e-05
4.44863e-05
4.4485e-05
4.44838e-05
4.44827e-05
4.44815e-05
4.44804e-05
4.44793e-05
4.44782e-05
4.44771e-05
4.44761e-05
4.44751e-05
4.44741e-05
4.44732e-05
4.44723e-05
4.44713e-05
4.44705e-05
4.44696e-05
4.44688e-05
4.44679e-05
4.44671e-05
4.44664e-05
4.44656e-05
4.44649e-05
4.44642e-05
4.44635e-05
4.44628e-05
4.44621e-05
4.44615e-05
4.44609e-05
4.44602e-05
4.44596e-05
4.44591e-05
4.44585e-05
4.4458e-05
4.44574e-05
4.44569e-05
4.44564e-05
4.44559e-05
4.44554e-05
4.4455e-05
4.44545e-05
4.44541e-05
4.44537e-05
4.44532e-05
4.44528e-05
4.44524e-05
4.44521e-05
4.44517e-05
4.45521e-05
4.45058e-05
4.45067e-05
4.45086e-05
4.45095e-05
4.45097e-05
4.45095e-05
4.45089e-05
4.45079e-05
4.45068e-05
4.45056e-05
4.45042e-05
4.45028e-05
4.45013e-05
4.44997e-05
4.44982e-05
4.44966e-05
4.4495e-05
4.44934e-05
4.44919e-05
4.44903e-05
4.44888e-05
4.44873e-05
4.44858e-05
4.44843e-05
4.44829e-05
4.44815e-05
4.44801e-05
4.44788e-05
4.44775e-05
4.44762e-05
4.44749e-05
4.44737e-05
4.44725e-05
4.44714e-05
4.44703e-05
4.44692e-05
4.44681e-05
4.44671e-05
4.44661e-05
4.44651e-05
4.44641e-05
4.44632e-05
4.44623e-05
4.44614e-05
4.44606e-05
4.44598e-05
4.4459e-05
4.44582e-05
4.44574e-05
4.44567e-05
4.4456e-05
4.44553e-05
4.44546e-05
4.4454e-05
4.44533e-05
4.44527e-05
4.44521e-05
4.44515e-05
4.4451e-05
4.44504e-05
4.44499e-05
4.44494e-05
4.44489e-05
4.44484e-05
4.44479e-05
4.44474e-05
4.4447e-05
4.44466e-05
4.44462e-05
4.44457e-05
4.44454e-05
4.45349e-05
4.45093e-05
4.4511e-05
4.45124e-05
4.45129e-05
4.45127e-05
4.45121e-05
4.45111e-05
4.45099e-05
4.45085e-05
4.45069e-05
4.45052e-05
4.45035e-05
4.45017e-05
4.44998e-05
4.4498e-05
4.44961e-05
4.44942e-05
4.44924e-05
4.44905e-05
4.44887e-05
4.44869e-05
4.44851e-05
4.44834e-05
4.44817e-05
4.448e-05
4.44784e-05
4.44768e-05
4.44753e-05
4.44738e-05
4.44723e-05
4.44709e-05
4.44695e-05
4.44681e-05
4.44668e-05
4.44655e-05
4.44642e-05
4.4463e-05
4.44618e-05
4.44606e-05
4.44595e-05
4.44584e-05
4.44573e-05
4.44563e-05
4.44553e-05
4.44543e-05
4.44534e-05
4.44525e-05
4.44516e-05
4.44507e-05
4.44499e-05
4.44491e-05
4.44483e-05
4.44475e-05
4.44468e-05
4.44461e-05
4.44454e-05
4.44447e-05
4.44441e-05
4.44435e-05
4.44429e-05
4.44423e-05
4.44418e-05
4.44412e-05
4.44407e-05
4.44403e-05
4.44398e-05
4.44393e-05
4.44389e-05
4.44385e-05
4.44381e-05
4.44377e-05
4.45273e-05
4.45138e-05
4.45155e-05
4.45164e-05
4.45165e-05
4.45159e-05
4.45148e-05
4.45135e-05
4.45118e-05
4.451e-05
4.4508e-05
4.4506e-05
4.45038e-05
4.45016e-05
4.44994e-05
4.44972e-05
4.4495e-05
4.44927e-05
4.44905e-05
4.44884e-05
4.44862e-05
4.44841e-05
4.4482e-05
4.448e-05
4.4478e-05
4.4476e-05
4.44741e-05
4.44723e-05
4.44704e-05
4.44687e-05
4.44669e-05
4.44652e-05
4.44636e-05
4.4462e-05
4.44604e-05
4.44589e-05
4.44575e-05
4.4456e-05
4.44546e-05
4.44533e-05
4.4452e-05
4.44508e-05
4.44495e-05
4.44484e-05
4.44472e-05
4.44461e-05
4.44451e-05
4.44441e-05
4.44431e-05
4.44421e-05
4.44412e-05
4.44403e-05
4.44395e-05
4.44387e-05
4.44379e-05
4.44372e-05
4.44365e-05
4.44358e-05
4.44351e-05
4.44345e-05
4.44339e-05
4.44333e-05
4.44328e-05
4.44322e-05
4.44317e-05
4.44313e-05
4.44308e-05
4.44304e-05
4.44299e-05
4.44296e-05
4.44292e-05
4.44288e-05
4.45257e-05
4.45189e-05
4.45203e-05
4.45207e-05
4.45202e-05
4.45191e-05
4.45176e-05
4.45157e-05
4.45136e-05
4.45113e-05
4.45088e-05
4.45063e-05
4.45037e-05
4.45011e-05
4.44984e-05
4.44957e-05
4.44931e-05
4.44905e-05
4.44878e-05
4.44853e-05
4.44827e-05
4.44802e-05
4.44778e-05
4.44754e-05
4.4473e-05
4.44707e-05
4.44684e-05
4.44662e-05
4.4464e-05
4.44619e-05
4.44598e-05
4.44578e-05
4.44558e-05
4.44539e-05
4.4452e-05
4.44502e-05
4.44485e-05
4.44467e-05
4.44451e-05
4.44435e-05
4.44419e-05
4.44404e-05
4.4439e-05
4.44376e-05
4.44362e-05
4.44349e-05
4.44337e-05
4.44325e-05
4.44314e-05
4.44303e-05
4.44293e-05
4.44283e-05
4.44273e-05
4.44265e-05
4.44256e-05
4.44248e-05
4.44241e-05
4.44234e-05
4.44228e-05
4.44222e-05
4.44216e-05
4.44211e-05
4.44206e-05
4.44202e-05
4.44198e-05
4.44195e-05
4.44191e-05
4.44189e-05
4.44186e-05
4.44184e-05
4.44182e-05
4.44181e-05
4.45277e-05
4.45245e-05
4.45253e-05
4.4525e-05
4.45239e-05
4.45222e-05
4.452e-05
4.45175e-05
4.45147e-05
4.45118e-05
4.45087e-05
4.45056e-05
4.45024e-05
4.44991e-05
4.44959e-05
4.44926e-05
4.44894e-05
4.44862e-05
4.4483e-05
4.44799e-05
4.44768e-05
4.44738e-05
4.44708e-05
4.44679e-05
4.4465e-05
4.44622e-05
4.44595e-05
4.44568e-05
4.44542e-05
4.44517e-05
4.44492e-05
4.44468e-05
4.44445e-05
4.44423e-05
4.44401e-05
4.44381e-05
4.44361e-05
4.44342e-05
4.44325e-05
4.44307e-05
4.44291e-05
4.44276e-05
4.44262e-05
4.44249e-05
4.44236e-05
4.44224e-05
4.44214e-05
4.44204e-05
4.44195e-05
4.44186e-05
4.44179e-05
4.44172e-05
4.44166e-05
4.4416e-05
4.44155e-05
4.44151e-05
4.44147e-05
4.44144e-05
4.4414e-05
4.44137e-05
4.44134e-05
4.44132e-05
4.44129e-05
4.44128e-05
4.44126e-05
4.44124e-05
4.44122e-05
4.44119e-05
4.44118e-05
4.44117e-05
4.44116e-05
4.44115e-05
4.45319e-05
4.45305e-05
4.45307e-05
4.45296e-05
4.45278e-05
4.45254e-05
4.45226e-05
4.45194e-05
4.4516e-05
4.45124e-05
4.45088e-05
4.4505e-05
4.45013e-05
4.44975e-05
4.44937e-05
4.44899e-05
4.44862e-05
4.44825e-05
4.44789e-05
4.44753e-05
4.44717e-05
4.44683e-05
4.44649e-05
4.44615e-05
4.44583e-05
4.44552e-05
4.44521e-05
4.44492e-05
4.44464e-05
4.44438e-05
4.44412e-05
4.44388e-05
4.44366e-05
4.44345e-05
4.44325e-05
4.44308e-05
4.44291e-05
4.44277e-05
4.44264e-05
4.44252e-05
4.44243e-05
4.44234e-05
4.44228e-05
4.44223e-05
4.44219e-05
4.44217e-05
4.44216e-05
4.44216e-05
4.44216e-05
4.44216e-05
4.44216e-05
4.44215e-05
4.44214e-05
4.44213e-05
4.44212e-05
4.4421e-05
4.44207e-05
4.44204e-05
4.44201e-05
4.44197e-05
4.44192e-05
4.44189e-05
4.44187e-05
4.44185e-05
4.44184e-05
4.44183e-05
4.44184e-05
4.44184e-05
4.44184e-05
4.44183e-05
4.44183e-05
4.44182e-05
4.45381e-05
4.45364e-05
4.45348e-05
4.4532e-05
4.45286e-05
4.45246e-05
4.45202e-05
4.45157e-05
4.4511e-05
4.45062e-05
4.45015e-05
4.44968e-05
4.44923e-05
4.4488e-05
4.44839e-05
4.44802e-05
4.44768e-05
4.44736e-05
4.44704e-05
4.44674e-05
4.44646e-05
4.4462e-05
4.44595e-05
4.44572e-05
4.44551e-05
4.44533e-05
4.44516e-05
4.44502e-05
4.4449e-05
4.4448e-05
4.44472e-05
4.44466e-05
4.44463e-05
4.44461e-05
4.44462e-05
4.44465e-05
4.44469e-05
4.44474e-05
4.44481e-05
4.44489e-05
4.44497e-05
4.44506e-05
4.44515e-05
4.44524e-05
4.44532e-05
4.44541e-05
4.44548e-05
4.44555e-05
4.44561e-05
4.44565e-05
4.44568e-05
4.4457e-05
4.44571e-05
4.4457e-05
4.44568e-05
4.44564e-05
4.44559e-05
4.44552e-05
4.44543e-05
4.44532e-05
4.4452e-05
4.44506e-05
4.4449e-05
4.44472e-05
4.44453e-05
4.44431e-05
4.44407e-05
4.44381e-05
4.44355e-05
4.44329e-05
4.44302e-05
4.44276e-05
)
;

boundaryField
{
    walls
    {
        type            fixedValue;
        value           uniform 0;
    }
    frontAndBack
    {
        type            empty;
    }
    farfield
    {
        type            inletOutlet;
        inletValue      uniform 4.44e-05;
        value           nonuniform List<scalar> 
72
(
4.45381e-05
4.45364e-05
4.45348e-05
4.4532e-05
4.45286e-05
4.45246e-05
4.45202e-05
4.45157e-05
4.4511e-05
4.45062e-05
4.45015e-05
4.44968e-05
4.44923e-05
4.4488e-05
4.44839e-05
4.44802e-05
4.44768e-05
4.44736e-05
4.44704e-05
4.44674e-05
4.44646e-05
4.4462e-05
4.44595e-05
4.44572e-05
4.44551e-05
4.44533e-05
4.44516e-05
4.44502e-05
4.4449e-05
4.4448e-05
4.44472e-05
4.44466e-05
4.44463e-05
4.44461e-05
4.44462e-05
4.44465e-05
4.44469e-05
4.44474e-05
4.44481e-05
4.44489e-05
4.44497e-05
4.44506e-05
4.44515e-05
4.44524e-05
4.44532e-05
4.44541e-05
4.44548e-05
4.44555e-05
4.44561e-05
4.44565e-05
4.44568e-05
4.4457e-05
4.44571e-05
4.4457e-05
4.44568e-05
4.44564e-05
4.44559e-05
4.44552e-05
4.44543e-05
4.44532e-05
4.4452e-05
4.44506e-05
4.4449e-05
4.44472e-05
4.44453e-05
4.44431e-05
4.44407e-05
4.44381e-05
4.44355e-05
4.44329e-05
4.44302e-05
4.44e-05
)
;
    }
    procBoundary3to1
    {
        type            processor;
        value           nonuniform List<scalar> 
101
(
3.58419e-07
1.1229e-06
2.00119e-06
3.0267e-06
4.24369e-06
5.70812e-06
7.4883e-06
9.65475e-06
1.2171e-05
1.48739e-05
1.76815e-05
2.10991e-05
2.53336e-05
3.04747e-05
3.66626e-05
4.40932e-05
5.31154e-05
6.4312e-05
7.60488e-05
8.83169e-05
0.000100937
0.000113897
0.000127586
0.000142711
0.000160201
0.000181016
0.000206202
0.000237276
0.000275477
0.000321478
0.000376536
0.000441866
0.000518674
0.000608121
0.000711288
0.000829133
0.000962406
0.00111156
0.00127678
0.00145856
0.00165744
0.00187298
0.00210435
0.00235036
0.00260994
0.00288202
0.00316544
0.00345891
0.00376095
0.00308406
0.00166545
0.00166545
0.00174432
0.00182202
0.0018979
0.00197016
0.00203688
0.00209613
0.00214617
0.00218565
0.00221341
0.00222828
0.00222937
0.00221617
0.00218818
0.00214505
0.0020864
0.00201217
0.00192281
0.00181459
0.00168908
0.00155104
0.0014051
0.00125572
0.00110714
0.000963406
0.000827649
0.000701936
0.000587728
0.000486098
0.000397596
0.000322116
0.00025894
0.000207124
0.000165538
0.000132918
0.000107887
8.90705e-05
7.52247e-05
6.52678e-05
5.82663e-05
5.34562e-05
5.02195e-05
4.80868e-05
4.67105e-05
4.58406e-05
4.53018e-05
4.49758e-05
4.47851e-05
4.46771e-05
4.46199e-05
)
;
    }
    procBoundary3to2
    {
        type            processor;
        value           nonuniform List<scalar> 
108
(
1.9688e-06
6.16258e-06
1.08979e-05
1.62358e-05
2.22432e-05
2.89945e-05
3.65773e-05
4.50993e-05
5.46724e-05
6.53539e-05
7.71222e-05
8.99567e-05
0.000103897
0.000119033
0.000135477
0.000153344
0.000172743
0.00019377
0.000216506
0.000268573
0.000268454
0.000268313
0.000268166
0.00026801
0.000267848
0.000267681
0.000241011
0.000267506
0.000268573
0.000297201
0.000327771
0.000360249
0.000394539
0.000430483
0.000467845
0.000506297
0.000545389
0.000584533
0.000622967
0.000659719
0.000696367
0.000696367
0.000726509
0.000750473
0.000766004
0.000770358
0.00076025
0.000731807
0.000680568
0.000601605
0.000489963
0.00034195
0.000165393
6.14603e-05
4.40231e-05
4.32623e-05
4.35027e-05
4.37232e-05
4.38951e-05
4.40287e-05
4.41332e-05
4.42162e-05
4.42854e-05
4.43595e-05
4.44483e-05
4.44772e-05
4.4487e-05
4.44902e-05
4.44905e-05
4.44896e-05
4.44883e-05
4.44869e-05
4.44855e-05
4.44841e-05
4.44827e-05
4.44812e-05
4.44796e-05
4.44775e-05
4.44795e-05
4.44831e-05
4.44845e-05
4.44854e-05
4.44862e-05
4.44869e-05
4.44875e-05
4.4488e-05
4.44881e-05
4.44879e-05
4.44872e-05
4.4486e-05
4.44844e-05
4.44825e-05
4.44804e-05
4.4478e-05
4.44754e-05
4.44726e-05
4.44694e-05
4.44657e-05
4.44616e-05
4.44569e-05
4.44513e-05
4.4445e-05
4.44374e-05
4.44285e-05
4.44179e-05
4.44115e-05
4.44182e-05
4.44252e-05
)
;
    }
}


// ************************************************************************* //
