/*--------------------------------*- C++ -*----------------------------------*\
| =========                 |                                                 |
| \\      /  F ield         | OpenFOAM: The Open Source CFD Toolbox           |
|  \\    /   O peration     | Version:  2412                                  |
|   \\  /    A nd           | Website:  www.openfoam.com                      |
|    \\/     M anipulation  |                                                 |
\*---------------------------------------------------------------------------*/
FoamFile
{
    version     2.0;
    format      ascii;
    arch        "LSB;label=32;scalar=64";
    class       volScalarField;
    location    "400";
    object      nuTilda;
}
// * * * * * * * * * * * * * * * * * * * * * * * * * * * * * * * * * * * * * //

dimensions      [0 2 -1 0 0 0 0];

internalField   nonuniform List<scalar> 
7418
(
6.60857e-07
8.8783e-07
9.3277e-07
9.20632e-07
9.28199e-07
9.14553e-07
1.63276e-06
2.00707e-06
2.00326e-06
1.88075e-06
1.80814e-06
1.76926e-06
1.75193e-06
1.75414e-06
1.76895e-06
1.78109e-06
1.78442e-06
1.78221e-06
1.77458e-06
1.76594e-06
1.76109e-06
1.75986e-06
1.76137e-06
1.76353e-06
1.76465e-06
1.76496e-06
1.76505e-06
1.76567e-06
1.76687e-06
1.76836e-06
1.76988e-06
1.77139e-06
1.773e-06
1.77472e-06
1.77658e-06
1.77851e-06
1.78052e-06
1.78259e-06
1.78471e-06
1.78686e-06
1.78905e-06
1.79128e-06
1.79354e-06
1.79582e-06
1.7981e-06
1.80039e-06
1.80269e-06
1.805e-06
1.80725e-06
1.80946e-06
1.8117e-06
1.8139e-06
1.81608e-06
1.81824e-06
1.82032e-06
1.8224e-06
1.82445e-06
1.82646e-06
1.82841e-06
1.83028e-06
1.83212e-06
1.83395e-06
1.83569e-06
1.83736e-06
1.83902e-06
1.84063e-06
1.8422e-06
1.84371e-06
1.84515e-06
1.84658e-06
1.84798e-06
1.84932e-06
1.85066e-06
1.85192e-06
1.85304e-06
1.85418e-06
1.85527e-06
1.85631e-06
1.85732e-06
1.85827e-06
1.85921e-06
5.71385e-07
6.99082e-07
2.07683e-06
2.73027e-06
2.87361e-06
2.85452e-06
2.8556e-06
2.87399e-06
5.15658e-06
6.20631e-06
6.18183e-06
5.85112e-06
5.64664e-06
5.53682e-06
5.48967e-06
5.49783e-06
5.53969e-06
5.57321e-06
5.5818e-06
5.57435e-06
5.55184e-06
5.52707e-06
5.51343e-06
5.51036e-06
5.51497e-06
5.52126e-06
5.52458e-06
5.52566e-06
5.52619e-06
5.52832e-06
5.53214e-06
5.53678e-06
5.54153e-06
5.5463e-06
5.55131e-06
5.55675e-06
5.56257e-06
5.5686e-06
5.57487e-06
5.58134e-06
5.58796e-06
5.59469e-06
5.60156e-06
5.60851e-06
5.61556e-06
5.62268e-06
5.62978e-06
5.63693e-06
5.64412e-06
5.65128e-06
5.65838e-06
5.66536e-06
5.67234e-06
5.67924e-06
5.68602e-06
5.69275e-06
5.69932e-06
5.70579e-06
5.71216e-06
5.71842e-06
5.72453e-06
5.7304e-06
5.73615e-06
5.7418e-06
5.74729e-06
5.75258e-06
5.75776e-06
5.76277e-06
5.76765e-06
5.77239e-06
5.77694e-06
5.78138e-06
5.78572e-06
5.78995e-06
5.7941e-06
5.79804e-06
5.8016e-06
5.80514e-06
5.80853e-06
5.81178e-06
5.81495e-06
5.81798e-06
5.8209e-06
1.77596e-06
2.16666e-06
3.73281e-06
4.70677e-06
4.96121e-06
4.97452e-06
4.92698e-06
5.3124e-06
9.2441e-06
1.077e-05
1.07038e-05
1.0252e-05
9.95169e-06
9.79085e-06
9.72549e-06
9.74216e-06
9.80455e-06
9.85206e-06
9.8621e-06
9.84757e-06
9.81192e-06
9.7746e-06
9.7547e-06
9.75116e-06
9.759e-06
9.76898e-06
9.77436e-06
9.7765e-06
9.77814e-06
9.7824e-06
9.78929e-06
9.79742e-06
9.8058e-06
9.81427e-06
9.82317e-06
9.83285e-06
9.84315e-06
9.85381e-06
9.86484e-06
9.87623e-06
9.88788e-06
9.89974e-06
9.91189e-06
9.92414e-06
9.93656e-06
9.94912e-06
9.96166e-06
9.97427e-06
9.98688e-06
9.99948e-06
1.0012e-05
1.00244e-05
1.00367e-05
1.00488e-05
1.00608e-05
1.00726e-05
1.00843e-05
1.00957e-05
1.01069e-05
1.01179e-05
1.01286e-05
1.0139e-05
1.01492e-05
1.01591e-05
1.01688e-05
1.01782e-05
1.01873e-05
1.01961e-05
1.02047e-05
1.02131e-05
1.02212e-05
1.0229e-05
1.02366e-05
1.02442e-05
1.02515e-05
1.02584e-05
1.02647e-05
1.0271e-05
1.02769e-05
1.02826e-05
1.02883e-05
1.02937e-05
1.02988e-05
3.11144e-06
3.78199e-06
5.75779e-06
6.80326e-06
7.17563e-06
7.27124e-06
7.14196e-06
8.62396e-06
1.3951e-05
1.56767e-05
1.55629e-05
1.51125e-05
1.47721e-05
1.45919e-05
1.45257e-05
1.45528e-05
1.46239e-05
1.46734e-05
1.46793e-05
1.46559e-05
1.46107e-05
1.4567e-05
1.45451e-05
1.45432e-05
1.45542e-05
1.45669e-05
1.45741e-05
1.45777e-05
1.45814e-05
1.45885e-05
1.4599e-05
1.46111e-05
1.46234e-05
1.46361e-05
1.46495e-05
1.46639e-05
1.46792e-05
1.4695e-05
1.47113e-05
1.47282e-05
1.47454e-05
1.47631e-05
1.4781e-05
1.47992e-05
1.48176e-05
1.48362e-05
1.48548e-05
1.48735e-05
1.48922e-05
1.49108e-05
1.49293e-05
1.49477e-05
1.49659e-05
1.49839e-05
1.50017e-05
1.50193e-05
1.50365e-05
1.50535e-05
1.507e-05
1.50863e-05
1.51023e-05
1.51178e-05
1.51329e-05
1.51476e-05
1.5162e-05
1.51758e-05
1.51894e-05
1.52026e-05
1.52154e-05
1.52278e-05
1.52398e-05
1.52514e-05
1.52628e-05
1.52739e-05
1.52848e-05
1.52952e-05
1.53046e-05
1.53138e-05
1.53227e-05
1.53312e-05
1.53395e-05
1.53476e-05
1.53553e-05
4.58419e-06
5.55909e-06
8.34011e-06
9.02661e-06
9.51174e-06
9.74077e-06
9.54374e-06
1.29501e-05
1.92742e-05
2.09197e-05
2.07788e-05
2.04768e-05
2.01681e-05
2.00096e-05
1.9963e-05
1.99998e-05
2.0063e-05
2.00992e-05
2.00937e-05
2.00602e-05
2.00115e-05
1.99699e-05
1.99516e-05
1.99539e-05
1.99678e-05
1.99819e-05
1.99904e-05
1.99962e-05
2.00031e-05
2.00141e-05
2.00288e-05
2.00451e-05
2.0062e-05
2.00793e-05
2.00978e-05
2.01175e-05
2.01384e-05
2.01598e-05
2.0182e-05
2.02049e-05
2.02284e-05
2.02524e-05
2.02768e-05
2.03016e-05
2.03265e-05
2.03518e-05
2.03771e-05
2.04025e-05
2.04279e-05
2.04533e-05
2.04784e-05
2.05034e-05
2.05282e-05
2.05527e-05
2.0577e-05
2.06009e-05
2.06244e-05
2.06475e-05
2.06701e-05
2.06923e-05
2.0714e-05
2.07351e-05
2.07557e-05
2.07759e-05
2.07954e-05
2.08144e-05
2.08329e-05
2.08508e-05
2.08683e-05
2.08852e-05
2.09016e-05
2.09175e-05
2.09331e-05
2.09483e-05
2.09631e-05
2.09773e-05
2.09902e-05
2.10028e-05
2.10149e-05
2.10266e-05
2.1038e-05
2.1049e-05
2.10596e-05
6.21022e-06
7.54278e-06
1.15731e-05
1.14325e-05
1.19851e-05
1.23902e-05
1.25862e-05
1.84857e-05
2.51575e-05
2.65109e-05
2.6393e-05
2.64035e-05
2.62119e-05
2.61233e-05
2.61177e-05
2.61595e-05
2.61938e-05
2.61984e-05
2.61739e-05
2.61305e-05
2.60864e-05
2.60576e-05
2.60498e-05
2.60591e-05
2.60753e-05
2.60891e-05
2.60987e-05
2.61075e-05
2.6119e-05
2.61351e-05
2.61546e-05
2.61756e-05
2.61973e-05
2.622e-05
2.62442e-05
2.62698e-05
2.62968e-05
2.63246e-05
2.63533e-05
2.63829e-05
2.64133e-05
2.64442e-05
2.64757e-05
2.65077e-05
2.654e-05
2.65725e-05
2.66052e-05
2.66381e-05
2.66709e-05
2.67036e-05
2.67362e-05
2.67685e-05
2.68006e-05
2.68324e-05
2.68637e-05
2.68946e-05
2.6925e-05
2.69549e-05
2.69843e-05
2.7013e-05
2.70411e-05
2.70685e-05
2.70953e-05
2.71214e-05
2.71467e-05
2.71714e-05
2.71954e-05
2.72187e-05
2.72414e-05
2.72633e-05
2.72846e-05
2.73053e-05
2.73255e-05
2.73453e-05
2.73646e-05
2.73831e-05
2.73999e-05
2.74163e-05
2.7432e-05
2.74473e-05
2.74622e-05
2.74765e-05
2.74902e-05
8.02253e-06
1.01145e-05
1.55412e-05
1.44957e-05
1.46448e-05
1.52514e-05
1.67845e-05
2.54471e-05
3.15142e-05
3.249e-05
3.24693e-05
3.29694e-05
3.29926e-05
3.30264e-05
3.3081e-05
3.31182e-05
3.30992e-05
3.30527e-05
3.30012e-05
3.29504e-05
3.29216e-05
3.29179e-05
3.29284e-05
3.29478e-05
3.29653e-05
3.29771e-05
3.29874e-05
3.30002e-05
3.30182e-05
3.30407e-05
3.30657e-05
3.30918e-05
3.31189e-05
3.31477e-05
3.31782e-05
3.32106e-05
3.32443e-05
3.32791e-05
3.3315e-05
3.33521e-05
3.339e-05
3.34286e-05
3.3468e-05
3.35078e-05
3.35482e-05
3.35888e-05
3.36297e-05
3.36708e-05
3.37118e-05
3.37527e-05
3.37934e-05
3.38339e-05
3.38741e-05
3.39138e-05
3.39531e-05
3.39918e-05
3.403e-05
3.40675e-05
3.41042e-05
3.41402e-05
3.41755e-05
3.42099e-05
3.42435e-05
3.42763e-05
3.43082e-05
3.43392e-05
3.43694e-05
3.43987e-05
3.44272e-05
3.44549e-05
3.44816e-05
3.45077e-05
3.45332e-05
3.4558e-05
3.45823e-05
3.46057e-05
3.46269e-05
3.46476e-05
3.46675e-05
3.46868e-05
3.47056e-05
3.47238e-05
3.47411e-05
1.01011e-05
1.34375e-05
2.03471e-05
1.85372e-05
1.7599e-05
1.84186e-05
2.23462e-05
3.36842e-05
3.82615e-05
3.89348e-05
3.90971e-05
4.02818e-05
4.06262e-05
4.08342e-05
4.09622e-05
4.09799e-05
4.08814e-05
4.07644e-05
4.06798e-05
4.06267e-05
4.06262e-05
4.06611e-05
4.06984e-05
4.07305e-05
4.07482e-05
4.07561e-05
4.07669e-05
4.07853e-05
4.08117e-05
4.08422e-05
4.08736e-05
4.09054e-05
4.09386e-05
4.09742e-05
4.10121e-05
4.10519e-05
4.10932e-05
4.11358e-05
4.11797e-05
4.1225e-05
4.12714e-05
4.13186e-05
4.13667e-05
4.14154e-05
4.14647e-05
4.15144e-05
4.15644e-05
4.16145e-05
4.16647e-05
4.17148e-05
4.17647e-05
4.18142e-05
4.18634e-05
4.19121e-05
4.19603e-05
4.20078e-05
4.20546e-05
4.21007e-05
4.21458e-05
4.21901e-05
4.22334e-05
4.22758e-05
4.23171e-05
4.23574e-05
4.23967e-05
4.24348e-05
4.2472e-05
4.25082e-05
4.25433e-05
4.25774e-05
4.26104e-05
4.26426e-05
4.2674e-05
4.27046e-05
4.27344e-05
4.27636e-05
4.27898e-05
4.28154e-05
4.28401e-05
4.2864e-05
4.28874e-05
4.29099e-05
4.29314e-05
1.26902e-05
1.76188e-05
2.60715e-05
2.36006e-05
2.11614e-05
2.22389e-05
2.95566e-05
4.25387e-05
4.53485e-05
4.59752e-05
4.64112e-05
4.8505e-05
4.92725e-05
4.96924e-05
4.98918e-05
4.98672e-05
4.96646e-05
4.94626e-05
4.93436e-05
4.9298e-05
4.93408e-05
4.94277e-05
4.94987e-05
4.95453e-05
4.95619e-05
4.95644e-05
4.95762e-05
4.96021e-05
4.96392e-05
4.96792e-05
4.9718e-05
4.97562e-05
4.97963e-05
4.98397e-05
4.98859e-05
4.99342e-05
4.9984e-05
5.00352e-05
5.00881e-05
5.01426e-05
5.01984e-05
5.02552e-05
5.0313e-05
5.03716e-05
5.04309e-05
5.04907e-05
5.05509e-05
5.06113e-05
5.06716e-05
5.0732e-05
5.07921e-05
5.08518e-05
5.09112e-05
5.097e-05
5.10281e-05
5.10856e-05
5.11421e-05
5.11977e-05
5.12524e-05
5.13059e-05
5.13584e-05
5.14096e-05
5.14597e-05
5.15086e-05
5.15562e-05
5.16024e-05
5.16476e-05
5.16915e-05
5.17341e-05
5.17756e-05
5.18157e-05
5.18547e-05
5.18928e-05
5.19299e-05
5.19662e-05
5.20018e-05
5.20339e-05
5.20651e-05
5.20952e-05
5.21245e-05
5.2153e-05
5.21806e-05
5.22068e-05
1.6029e-05
2.27697e-05
3.27708e-05
2.97041e-05
2.60518e-05
2.76391e-05
3.87789e-05
5.16431e-05
5.27878e-05
5.38109e-05
5.46445e-05
5.78929e-05
5.91334e-05
5.97543e-05
5.99889e-05
5.98902e-05
5.95697e-05
5.92839e-05
5.91409e-05
5.91193e-05
5.92211e-05
5.93684e-05
5.94755e-05
5.95353e-05
5.95487e-05
5.95455e-05
5.956e-05
5.95956e-05
5.96454e-05
5.96962e-05
5.97429e-05
5.97881e-05
5.98358e-05
5.98879e-05
5.99434e-05
6.00007e-05
6.00597e-05
6.01204e-05
6.0183e-05
6.02475e-05
6.03134e-05
6.03805e-05
6.04489e-05
6.05181e-05
6.05882e-05
6.06589e-05
6.073e-05
6.08014e-05
6.08729e-05
6.09443e-05
6.10154e-05
6.10862e-05
6.11566e-05
6.12263e-05
6.12953e-05
6.13634e-05
6.14306e-05
6.14966e-05
6.15616e-05
6.16252e-05
6.16876e-05
6.17486e-05
6.18083e-05
6.18665e-05
6.19231e-05
6.19782e-05
6.2032e-05
6.20843e-05
6.21352e-05
6.21846e-05
6.22324e-05
6.2279e-05
6.23244e-05
6.23684e-05
6.24115e-05
6.24545e-05
6.24928e-05
6.25301e-05
6.25662e-05
6.26013e-05
6.26355e-05
6.26686e-05
6.27001e-05
2.02468e-05
2.90018e-05
4.04996e-05
3.68986e-05
3.23068e-05
3.48066e-05
5.04415e-05
6.09051e-05
6.06415e-05
6.2739e-05
6.42272e-05
6.87759e-05
7.03888e-05
7.11079e-05
7.12998e-05
7.10949e-05
7.06674e-05
7.03261e-05
7.01867e-05
7.02118e-05
7.03824e-05
7.05863e-05
7.07216e-05
7.07886e-05
7.07969e-05
7.07903e-05
7.08104e-05
7.08579e-05
7.09211e-05
7.09825e-05
7.10372e-05
7.10895e-05
7.11454e-05
7.12066e-05
7.12714e-05
7.13382e-05
7.14065e-05
7.14768e-05
7.15493e-05
7.16239e-05
7.17001e-05
7.17777e-05
7.18567e-05
7.19368e-05
7.20178e-05
7.20996e-05
7.21818e-05
7.22644e-05
7.2347e-05
7.24297e-05
7.25121e-05
7.25942e-05
7.26758e-05
7.27566e-05
7.28367e-05
7.29158e-05
7.29937e-05
7.30705e-05
7.31459e-05
7.32199e-05
7.32925e-05
7.33635e-05
7.34329e-05
7.35006e-05
7.35666e-05
7.36307e-05
7.36933e-05
7.37543e-05
7.38135e-05
7.3871e-05
7.39267e-05
7.39808e-05
7.40335e-05
7.40843e-05
7.41342e-05
7.41846e-05
7.42294e-05
7.4273e-05
7.4315e-05
7.4356e-05
7.43959e-05
7.44346e-05
7.44712e-05
2.54807e-05
3.64439e-05
4.93131e-05
4.5256e-05
3.99763e-05
4.39888e-05
6.43584e-05
7.03452e-05
6.93149e-05
7.31814e-05
7.58397e-05
8.14207e-05
8.31125e-05
8.3759e-05
8.38207e-05
8.34943e-05
8.29958e-05
8.2649e-05
8.25513e-05
8.26438e-05
8.28815e-05
8.31247e-05
8.32719e-05
8.33373e-05
8.33398e-05
8.33342e-05
8.33639e-05
8.3425e-05
8.35008e-05
8.35716e-05
8.36337e-05
8.36936e-05
8.37579e-05
8.38284e-05
8.39026e-05
8.39786e-05
8.40563e-05
8.41361e-05
8.42185e-05
8.43032e-05
8.43896e-05
8.44777e-05
8.45673e-05
8.46581e-05
8.475e-05
8.48428e-05
8.49361e-05
8.50299e-05
8.51238e-05
8.52177e-05
8.53114e-05
8.54047e-05
8.54975e-05
8.55896e-05
8.56807e-05
8.57708e-05
8.58596e-05
8.59471e-05
8.60331e-05
8.61174e-05
8.62003e-05
8.62813e-05
8.63605e-05
8.64378e-05
8.6513e-05
8.65863e-05
8.66577e-05
8.67272e-05
8.67947e-05
8.68602e-05
8.69236e-05
8.69851e-05
8.70448e-05
8.7102e-05
8.71583e-05
8.72161e-05
8.72672e-05
8.73167e-05
8.73645e-05
8.7411e-05
8.74564e-05
8.75003e-05
8.75416e-05
3.18936e-05
4.52362e-05
5.92709e-05
5.48567e-05
4.92461e-05
5.56578e-05
7.76513e-05
8.0133e-05
7.93586e-05
8.56575e-05
8.99856e-05
9.58833e-05
9.73115e-05
9.77256e-05
9.75969e-05
9.7157e-05
9.6637e-05
9.63392e-05
9.63181e-05
9.64895e-05
9.67816e-05
9.70402e-05
9.71814e-05
9.72374e-05
9.72356e-05
9.72367e-05
9.72799e-05
9.73553e-05
9.74425e-05
9.75214e-05
9.75907e-05
9.76585e-05
9.7732e-05
9.78121e-05
9.78958e-05
9.79813e-05
9.80686e-05
9.81584e-05
9.82509e-05
9.8346e-05
9.8443e-05
9.85419e-05
9.86423e-05
9.87443e-05
9.88474e-05
9.89515e-05
9.90563e-05
9.91616e-05
9.9267e-05
9.93726e-05
9.94779e-05
9.95828e-05
9.96872e-05
9.97908e-05
9.98934e-05
9.99948e-05
0.000100095
0.000100193
0.00010029
0.000100385
0.000100479
0.00010057
0.000100659
0.000100746
0.000100831
0.000100913
0.000100994
0.000101072
0.000101148
0.000101221
0.000101292
0.000101361
0.000101427
0.00010149
0.000101552
0.000101617
0.000101674
0.000101729
0.000101783
0.000101834
0.000101884
0.000101933
0.000101978
3.96801e-05
5.55006e-05
7.04351e-05
6.57884e-05
6.03481e-05
7.04966e-05
9.03211e-05
9.06098e-05
9.14427e-05
0.000100608
0.00010663
0.000112095
0.000113023
0.0001131
0.000112758
0.000112232
0.000111743
0.000111541
0.000111621
0.000111871
0.000112198
0.000112448
0.000112568
0.00011261
0.000112607
0.00011262
0.00011268
0.00011277
0.000112868
0.000112954
0.00011303
0.000113107
0.000113191
0.000113281
0.000113375
0.00011347
0.000113568
0.000113668
0.000113772
0.000113878
0.000113986
0.000114096
0.000114208
0.000114322
0.000114437
0.000114553
0.00011467
0.000114788
0.000114906
0.000115023
0.000115141
0.000115258
0.000115375
0.000115491
0.000115605
0.000115719
0.00011583
0.000115941
0.000116049
0.000116155
0.000116259
0.000116361
0.000116461
0.000116558
0.000116652
0.000116744
0.000116834
0.00011692
0.000117004
0.000117086
0.000117164
0.00011724
0.000117312
0.000117381
0.000117448
0.000117519
0.000117582
0.000117642
0.000117699
0.000117755
0.000117809
0.000117861
0.00011791
4.90964e-05
6.73779e-05
8.28546e-05
7.81644e-05
7.35964e-05
8.9278e-05
0.000102557
0.000102241
0.000106273
0.000118197
0.000125493
0.000130021
0.000130349
0.000130041
0.000129494
0.000128923
0.000128513
0.000128441
0.000128632
0.000128951
0.000129291
0.000129512
0.0001296
0.000129627
0.000129626
0.000129658
0.000129737
0.000129841
0.000129947
0.00013004
0.000130125
0.000130211
0.000130306
0.000130407
0.000130512
0.000130618
0.000130727
0.000130839
0.000130954
0.000131072
0.000131192
0.000131315
0.000131439
0.000131566
0.000131694
0.000131823
0.000131953
0.000132083
0.000132214
0.000132345
0.000132476
0.000132606
0.000132736
0.000132864
0.000132992
0.000133118
0.000133242
0.000133364
0.000133484
0.000133602
0.000133718
0.000133831
0.000133941
0.000134048
0.000134152
0.000134253
0.000134352
0.000134447
0.000134539
0.000134628
0.000134713
0.000134795
0.000134872
0.000134945
0.000135015
0.000135092
0.000135159
0.000135222
0.000135283
0.000135341
0.000135398
0.000135451
0.000135501
6.04563e-05
8.10716e-05
9.6553e-05
9.21366e-05
8.9557e-05
0.000107638
0.000114793
0.000115501
0.000124216
0.000138348
0.000146354
0.000149735
0.00014945
0.000148752
0.000148033
0.000147461
0.000147169
0.000147247
0.000147548
0.000147919
0.000148249
0.000148425
0.000148474
0.000148487
0.000148494
0.000148547
0.000148647
0.000148765
0.000148879
0.000148978
0.000149071
0.000149169
0.000149276
0.000149389
0.000149505
0.000149623
0.000149744
0.000149868
0.000149996
0.000150127
0.00015026
0.000150396
0.000150534
0.000150674
0.000150816
0.000150958
0.000151102
0.000151247
0.000151391
0.000151536
0.00015168
0.000151824
0.000151968
0.00015211
0.00015225
0.000152389
0.000152526
0.000152661
0.000152793
0.000152922
0.000153049
0.000153173
0.000153294
0.000153411
0.000153525
0.000153635
0.000153741
0.000153844
0.000153943
0.000154038
0.000154129
0.000154216
0.000154296
0.000154371
0.000154443
0.000154521
0.000154591
0.000154656
0.000154717
0.000154776
0.000154831
0.000154883
0.00015493
7.41487e-05
9.68147e-05
0.000111524
0.000107902
0.000108873
0.000124886
0.000127527
0.000130773
0.000145142
0.000160926
0.000169164
0.00017139
0.000170527
0.000169466
0.000168617
0.000168087
0.000167941
0.000168173
0.000168573
0.000168974
0.000169274
0.000169392
0.0001694
0.000169402
0.000169423
0.000169501
0.000169622
0.000169752
0.000169873
0.000169978
0.000170081
0.000170192
0.000170312
0.000170437
0.000170565
0.000170696
0.00017083
0.000170967
0.000171109
0.000171253
0.0001714
0.00017155
0.000171702
0.000171857
0.000172013
0.00017217
0.000172328
0.000172487
0.000172646
0.000172805
0.000172963
0.000173121
0.000173278
0.000173434
0.000173588
0.000173739
0.000173889
0.000174036
0.00017418
0.00017432
0.000174458
0.000174592
0.000174723
0.000174849
0.000174971
0.000175089
0.000175202
0.000175311
0.000175415
0.000175515
0.000175609
0.000175698
0.000175779
0.000175853
0.000175922
0.000175998
0.000176067
0.00017613
0.000176188
0.000176242
0.000176292
0.000176338
0.000176377
9.06324e-05
0.000114903
0.000127719
0.000125738
0.000132659
0.000141147
0.000141269
0.000148521
0.000168734
0.00018586
0.000194018
0.000195178
0.000193806
0.000192429
0.000191497
0.000191043
0.000191054
0.000191434
0.000191913
0.000192322
0.000192576
0.00019263
0.000192597
0.000192593
0.000192631
0.000192736
0.000192877
0.000193019
0.000193145
0.000193258
0.000193372
0.000193496
0.000193629
0.000193768
0.000193909
0.000194053
0.0001942
0.000194352
0.000194507
0.000194666
0.000194828
0.000194992
0.000195159
0.000195328
0.000195499
0.00019567
0.000195843
0.000196016
0.00019619
0.000196363
0.000196536
0.000196707
0.000196878
0.000197047
0.000197213
0.000197377
0.000197539
0.000197697
0.000197851
0.000198002
0.00019815
0.000198292
0.000198431
0.000198564
0.000198692
0.000198816
0.000198934
0.000199046
0.000199153
0.000199253
0.000199347
0.000199434
0.000199512
0.000199579
0.000199641
0.000199707
0.000199771
0.000199825
0.000199874
0.000199917
0.000199955
0.000199987
0.000200012
0.000107576
0.000135598
0.000145054
0.000146038
0.000155863
0.000156753
0.000156573
0.000169209
0.000194744
0.000213161
0.000221097
0.000221332
0.000219526
0.000217892
0.000216918
0.000216561
0.00021673
0.00021724
0.000217774
0.000218171
0.000218366
0.000218354
0.000218285
0.000218279
0.000218337
0.00021847
0.000218631
0.000218783
0.000218915
0.000219035
0.00021916
0.000219298
0.000219447
0.000219599
0.000219753
0.000219911
0.000220072
0.000220238
0.000220409
0.000220582
0.000220758
0.000220937
0.000221119
0.000221303
0.000221488
0.000221674
0.000221861
0.000222048
0.000222236
0.000222422
0.000222608
0.000222793
0.000222976
0.000223157
0.000223335
0.00022351
0.000223681
0.000223849
0.000224012
0.000224171
0.000224325
0.000224474
0.000224618
0.000224755
0.000224886
0.000225011
0.00022513
0.000225241
0.000225345
0.000225442
0.000225531
0.00022561
0.000225678
0.000225733
0.000225779
0.000225824
0.000225875
0.000225914
0.000225945
0.000225968
0.000225984
0.000225993
0.000225992
0.000124064
0.000156
0.000163434
0.000169493
0.000178014
0.000172362
0.000173976
0.000193122
0.000223176
0.000242916
0.000250628
0.000250107
0.000247898
0.000246105
0.000245118
0.000244866
0.000245179
0.000245796
0.000246362
0.000246729
0.000246859
0.000246781
0.00024668
0.000246677
0.000246759
0.000246918
0.000247098
0.000247258
0.000247395
0.000247524
0.000247662
0.000247815
0.000247978
0.000248144
0.000248312
0.000248483
0.000248659
0.00024884
0.000249025
0.000249213
0.000249404
0.000249597
0.000249793
0.000249991
0.00025019
0.00025039
0.00025059
0.000250791
0.000250991
0.00025119
0.000251387
0.000251583
0.000251776
0.000251967
0.000252154
0.000252337
0.000252516
0.00025269
0.000252859
0.000253022
0.00025318
0.000253331
0.000253475
0.000253611
0.00025374
0.000253862
0.000253975
0.000254079
0.000254175
0.00025426
0.000254336
0.0002544
0.000254449
0.000254482
0.000254501
0.000254513
0.000254541
0.000254553
0.000254554
0.000254545
0.000254526
0.000254496
0.000254455
0.000140313
0.00017526
0.000182804
0.000197133
0.000198671
0.000188644
0.000194059
0.000220399
0.000254329
0.000275258
0.000282822
0.000281762
0.00027917
0.000277298
0.000276313
0.000276162
0.000276599
0.000277297
0.000277872
0.000278198
0.00027826
0.000278123
0.000277996
0.000277999
0.000278104
0.00027829
0.000278485
0.000278653
0.000278796
0.000278933
0.000279084
0.000279253
0.00027943
0.000279611
0.000279792
0.000279978
0.000280168
0.000280363
0.000280562
0.000280764
0.000280969
0.000281176
0.000281385
0.000281596
0.000281807
0.000282019
0.000282231
0.000282443
0.000282653
0.000282862
0.000283068
0.000283272
0.000283473
0.00028367
0.000283862
0.00028405
0.000284232
0.000284407
0.000284577
0.000284739
0.000284894
0.000285041
0.00028518
0.000285309
0.000285429
0.000285539
0.000285638
0.000285727
0.000285804
0.000285869
0.000285921
0.000285958
0.000285977
0.000285976
0.000285956
0.000156763
0.000193683
0.000203249
0.000226793
0.000218057
0.00020633
0.000217261
0.000250993
0.000288422
0.000310366
0.000317879
0.000316499
0.000313581
0.000311672
0.000310699
0.000310637
0.000311171
0.000311924
0.000312493
0.00031277
0.000312767
0.000312576
0.000312431
0.000312441
0.00031257
0.000312779
0.000312989
0.000313164
0.000313312
0.000313458
0.000313623
0.000313806
0.000313999
0.000314192
0.000314387
0.000314586
0.00031479
0.000314999
0.000315211
0.000315426
0.000315643
0.000315862
0.000316083
0.000316305
0.000316526
0.000316748
0.000316969
0.000317188
0.000317406
0.00031762
0.000317832
0.00031804
0.000318243
0.000318441
0.000318634
0.000318819
0.000318998
0.000319169
0.000319332
0.000319486
0.000319631
0.000319766
0.00031989
0.000320002
0.000320103
0.000320191
0.000320266
0.000320327
0.000320374
0.000320405
0.00032042
0.000320416
0.000320389
0.000320338
0.000320262
0.000174028
0.00021174
0.000224977
0.000255677
0.00023676
0.00022605
0.000243887
0.00028509
0.000325602
0.000348442
0.000356024
0.000354493
0.000351351
0.000349395
0.000348441
0.000348449
0.000349055
0.000349841
0.00035039
0.000350617
0.000350553
0.000350318
0.000350161
0.000350178
0.000350329
0.000350559
0.000350781
0.000350962
0.000351116
0.000351272
0.00035145
0.000351649
0.000351855
0.000352062
0.000352269
0.00035248
0.000352697
0.000352918
0.000353142
0.000353367
0.000353595
0.000353823
0.000354053
0.000354282
0.000354511
0.000354738
0.000354964
0.000355187
0.000355406
0.000355622
0.000355833
0.000356038
0.000356238
0.00035643
0.000356615
0.000356792
0.000356959
0.000357117
0.000357264
0.0003574
0.000357524
0.000357635
0.000357733
0.000357816
0.000357884
0.000357937
0.000357973
0.000357991
0.000357991
0.000357972
0.000357931
0.000357867
0.000357775
0.000357654
0.000357502
0.000192891
0.000229932
0.000248618
0.000282506
0.000255621
0.000248387
0.000274391
0.000322841
0.000365976
0.000389651
0.000397397
0.00039585
0.000392623
0.000390595
0.000389666
0.000389725
0.00039038
0.00039118
0.000391701
0.000391881
0.000391764
0.000391492
0.000391327
0.000391353
0.000391523
0.000391773
0.000392006
0.000392193
0.000392352
0.000392518
0.000392709
0.000392921
0.00039314
0.000393358
0.000393576
0.000393799
0.000394026
0.000394257
0.00039449
0.000394723
0.000394958
0.000395192
0.000395427
0.000395659
0.00039589
0.000396118
0.000396343
0.000396563
0.000396778
0.000396987
0.00039719
0.000397385
0.000397572
0.00039775
0.000397918
0.000398075
0.00039822
0.000398352
0.000398471
0.000398576
0.000398666
0.000398739
0.000398795
0.000398833
0.000398852
0.000398852
0.00039883
0.000398786
0.000398719
0.000398627
0.000398509
0.000398361
0.000398179
0.000397962
0.000397709
0.000214258
0.000248727
0.000275116
0.000306816
0.000275382
0.000273908
0.000309248
0.000364311
0.000409616
0.000434096
0.000442074
0.000440632
0.00043743
0.000435357
0.000434457
0.00043455
0.000435234
0.000436035
0.000436525
0.00043666
0.0004365
0.0004362
0.000436031
0.000436066
0.000436254
0.000436519
0.000436761
0.000436954
0.000437119
0.000437294
0.000437497
0.000437721
0.000437951
0.000438178
0.000438406
0.000438636
0.000438872
0.000439109
0.000439347
0.000439585
0.000439822
0.000440057
0.000440291
0.000440521
0.000440748
0.000440969
0.000441186
0.000441395
0.000441597
0.000441791
0.000441976
0.00044215
0.000442314
0.000442465
0.000442603
0.000442727
0.000442836
0.000442928
0.000443003
0.000443061
0.000443098
0.000443115
0.000443111
0.000443083
0.000443032
0.000442956
0.000442853
0.000442722
0.000442562
0.000442372
0.000442148
0.000441887
0.000441585
0.00044124
0.000440855
0.00023914
0.000268413
0.000306305
0.000329664
0.000296858
0.000303229
0.000348621
0.000409478
0.000456557
0.000481805
0.000490074
0.000488851
0.000485751
0.000483707
0.00048284
0.000482954
0.000483651
0.000484443
0.0004849
0.000484998
0.000484803
0.000484484
0.000484316
0.00048436
0.000484562
0.000484841
0.000485091
0.000485288
0.000485459
0.000485641
0.000485854
0.000486088
0.000486327
0.000486561
0.000486794
0.00048703
0.000487269
0.000487509
0.000487748
0.000487984
0.000488217
0.000488448
0.000488673
0.000488894
0.000489108
0.000489314
0.000489512
0.000489701
0.000489879
0.000490046
0.0004902
0.00049034
0.000490466
0.000490576
0.000490668
0.000490743
0.000490797
0.000490831
0.000490843
0.000490832
0.000490797
0.000490735
0.000490646
0.000490528
0.000490381
0.000490202
0.000489989
0.000489741
0.000489457
0.000489135
0.00048877
0.000488361
0.000487902
0.000487393
0.000486837
0.000268572
0.000288838
0.000337208
0.000351753
0.000320839
0.000336767
0.000392361
0.000458266
0.000506774
0.000532739
0.000541352
0.00054046
0.000537553
0.000535596
0.000534773
0.000534901
0.000535599
0.000536373
0.000536797
0.000536865
0.000536646
0.000536317
0.000536154
0.000536205
0.00053642
0.00053671
0.000536966
0.000537167
0.000537342
0.000537531
0.000537751
0.000537992
0.000538235
0.000538473
0.000538708
0.000538944
0.000539181
0.000539418
0.00053965
0.000539878
0.0005401
0.000540317
0.000540526
0.000540726
0.000540917
0.000541097
0.000541265
0.00054142
0.000541561
0.000541686
0.000541794
0.000541884
0.000541954
0.000542004
0.000542031
0.000542036
0.000542015
0.000541967
0.000541892
0.000541788
0.000541653
0.000541485
0.000541282
0.000541045
0.000540769
0.000540454
0.000540097
0.000539697
0.000539251
0.000538757
0.000538211
0.00053761
0.00053695
0.000536231
0.000535457
0.000303491
0.000309213
0.000369539
0.000373897
0.000347911
0.000374726
0.000440395
0.000510525
0.000560171
0.000586788
0.000595791
0.000595332
0.000592711
0.000590892
0.000590129
0.000590269
0.000590958
0.000591707
0.000592099
0.000592143
0.00059191
0.000591581
0.000591427
0.000591487
0.000591711
0.000592008
0.000592269
0.000592473
0.000592651
0.000592843
0.000593067
0.00059331
0.000593554
0.00059379
0.000594021
0.000594251
0.00059448
0.000594705
0.000594923
0.000595134
0.000595335
0.000595527
0.000595709
0.000595877
0.000596032
0.000596171
0.000596294
0.000596399
0.000596485
0.000596551
0.000596593
0.000596613
0.000596607
0.000596574
0.000596513
0.000596422
0.0005963
0.000596144
0.000595953
0.000595725
0.000595459
0.000595151
0.000594801
0.000594407
0.000593965
0.000593475
0.000592932
0.000592336
0.000591683
0.000590971
0.000590195
0.000589353
0.00058844
0.000587456
0.000586408
0.000344849
0.000336803
0.000403021
0.000397062
0.000378485
0.000417271
0.000492542
0.000566025
0.000616574
0.000643765
0.000653198
0.000653233
0.000650986
0.000649359
0.000648681
0.000648832
0.000649504
0.000650222
0.000650584
0.000650612
0.000650375
0.000650054
0.000649914
0.000649981
0.000650212
0.000650513
0.000650775
0.000650981
0.000651158
0.000651351
0.000651574
0.000651814
0.000652052
0.000652279
0.000652499
0.000652715
0.000652927
0.000653131
0.000653325
0.000653506
0.000653675
0.00065383
0.000653969
0.00065409
0.000654193
0.000654274
0.000654334
0.00065437
0.000654381
0.000654365
0.00065432
0.000654244
0.000654136
0.000653994
0.000653817
0.000653601
0.000653346
0.000653048
0.000652707
0.00065232
0.000651885
0.000651399
0.00065086
0.000650265
0.000649613
0.000648901
0.000648124
0.00064728
0.000646368
0.000645382
0.00064432
0.000643176
0.000641949
0.000640636
0.000639245
0.0003936
0.000376645
0.000439757
0.000422262
0.000413006
0.000464611
0.000548462
0.000624467
0.000675703
0.000703403
0.000713348
0.000713809
0.000712019
0.000710642
0.000710076
0.000710241
0.00071089
0.000711571
0.000711904
0.000711922
0.000711691
0.000711387
0.000711263
0.000711337
0.000711571
0.000711873
0.000712133
0.000712336
0.00071251
0.000712698
0.000712914
0.000713144
0.000713368
0.000713579
0.000713778
0.000713969
0.000714153
0.000714324
0.00071448
0.000714618
0.000714739
0.00071484
0.000714919
0.000714975
0.000715006
0.000715009
0.000714984
0.000714927
0.000714838
0.000714714
0.000714553
0.000714354
0.000714113
0.00071383
0.000713502
0.000713126
0.0007127
0.000712223
0.000711691
0.000711102
0.000710453
0.000709742
0.000708966
0.000708121
0.000707206
0.000706216
0.000705148
0.000703998
0.000702763
0.00070144
0.000700024
0.000698509
0.000696895
0.000695178
0.000693364
0.000450493
0.000426513
0.000480452
0.000450334
0.000451754
0.000516564
0.00060767
0.000685434
0.000737115
0.000765234
0.000775818
0.000776579
0.000775313
0.00077424
0.000773813
0.000773998
0.000774618
0.000775258
0.000775563
0.000775575
0.00077536
0.000775081
0.000774971
0.000775051
0.000775284
0.000775581
0.000775834
0.00077603
0.000776196
0.000776372
0.000776573
0.000776783
0.000776984
0.000777166
0.000777333
0.000777487
0.000777628
0.00077775
0.000777852
0.00077793
0.000777984
0.000778011
0.00077801
0.000777978
0.000777913
0.000777812
0.000777675
0.000777498
0.000777279
0.000777016
0.000776706
0.000776348
0.000775939
0.000775476
0.000774957
0.000774379
0.000773739
0.000773036
0.000772265
0.000771424
0.00077051
0.000769519
0.000768448
0.000767295
0.000766054
0.000764722
0.000763296
0.00076177
0.000760141
0.000758405
0.000756556
0.00075459
0.000752503
0.000750292
0.000747961
0.000515998
0.000491032
0.000522267
0.0004815
0.000494815
0.000572542
0.000669582
0.000748363
0.000800148
0.000828473
0.000839533
0.000840889
0.000840203
0.000839477
0.000839213
0.000839424
0.000840013
0.000840608
0.000840889
0.000840892
0.000840699
0.000840459
0.000840352
0.000840433
0.00084066
0.000840944
0.000841184
0.000841366
0.000841517
0.000841673
0.000841848
0.000842027
0.000842191
0.000842331
0.00084245
0.00084255
0.00084263
0.000842685
0.000842712
0.000842709
0.000842673
0.000842602
0.000842494
0.000842347
0.000842156
0.000841922
0.00084164
0.000841308
0.000840924
0.000840484
0.000839987
0.000839429
0.000838807
0.000838119
0.000837362
0.000836533
0.000835628
0.000834644
0.000833578
0.000832426
0.000831185
0.00082985
0.000828419
0.000826886
0.000825248
0.0008235
0.000821636
0.000819653
0.000817546
0.000815309
0.000812936
0.000810423
0.000807765
0.000804956
0.000801995
0.000589738
0.00055616
0.000561299
0.000515762
0.000542091
0.000631954
0.000733504
0.000812557
0.000864046
0.000892359
0.000903882
0.000905958
0.000905834
0.000905472
0.000905379
0.000905621
0.000906176
0.000906725
0.000906983
0.000906968
0.000906799
0.000906593
0.00090649
0.000906571
0.000906783
0.000907046
0.000907263
0.000907423
0.000907547
0.000907672
0.000907808
0.00090794
0.000908051
0.000908131
0.000908183
0.000908208
0.000908206
0.00090817
0.000908098
0.000907985
0.000907831
0.000907633
0.000907387
0.00090709
0.000906741
0.000906335
0.00090587
0.000905343
0.00090475
0.00090409
0.000903357
0.00090255
0.000901665
0.000900699
0.000899648
0.000898508
0.000897276
0.000895949
0.000894521
0.000892989
0.000891349
0.000889595
0.000887725
0.000885732
0.000883612
0.000881359
0.000878967
0.000876432
0.000873747
0.000870907
0.000867905
0.000864734
0.000861389
0.000857863
0.00067107
0.000619483
0.000598723
0.000553137
0.000593242
0.000694048
0.000798613
0.000877185
0.000927958
0.00095606
0.000968094
0.000971035
0.000971176
0.000971141
0.000971154
0.000971425
0.000971941
0.000972432
0.000972656
0.000972631
0.000972479
0.0009723
0.000972205
0.000972278
0.000972468
0.000972697
0.000972879
0.000973003
0.000973088
0.000973165
0.000973244
0.00097331
0.000973347
0.000973345
0.000973306
0.000973232
0.000973119
0.000972963
0.00097276
0.000972507
0.0009722
0.000971837
0.000971415
0.000970929
0.000970378
0.000969756
0.000969062
0.00096829
0.000967439
0.000966503
0.00096548
0.000964366
0.000963156
0.000961848
0.000960437
0.000958918
0.000957288
0.000955541
0.000953674
0.00095168
0.000949556
0.000947296
0.000944895
0.000942347
0.000939646
0.000936786
0.00093376
0.000930562
0.000927185
0.000923622
0.000919867
0.00091591
0.000911745
0.000907366
0.000759094
0.000682264
0.000636219
0.000593787
0.000647749
0.00075791
0.000863921
0.000941131
0.000990603
0.00101814
0.00103046
0.00103413
0.00103487
0.00103497
0.00103506
0.00103536
0.00103583
0.00103626
0.00103644
0.0010364
0.00103626
0.00103608
0.00103599
0.00103605
0.0010362
0.00103638
0.00103651
0.00103658
0.00103661
0.00103662
0.00103662
0.00103659
0.00103653
0.00103642
0.00103626
0.00103605
0.00103579
0.00103548
0.00103511
0.00103467
0.00103417
0.0010336
0.00103296
0.00103223
0.00103143
0.00103054
0.00102956
0.00102848
0.00102731
0.00102604
0.00102466
0.00102317
0.00102156
0.00101984
0.00101799
0.00101601
0.00101389
0.00101164
0.00100924
0.00100669
0.00100398
0.00100111
0.000998076
0.000994862
0.000991465
0.000987877
0.000984093
0.000980103
0.000975901
0.000971477
0.000966824
0.000961931
0.000956792
0.000951398
0.000851731
0.000744219
0.00067503
0.000637623
0.000705126
0.000822495
0.000928278
0.0010031
0.00105046
0.00107689
0.00108914
0.00109334
0.0010946
0.001095
0.00109525
0.00109557
0.00109598
0.00109634
0.00109647
0.00109642
0.00109626
0.00109606
0.00109596
0.00109597
0.00109607
0.00109618
0.00109624
0.00109623
0.00109617
0.00109609
0.00109598
0.00109583
0.00109564
0.00109538
0.00109506
0.00109468
0.00109424
0.00109373
0.00109314
0.00109248
0.00109173
0.0010909
0.00108997
0.00108895
0.00108783
0.00108661
0.00108528
0.00108383
0.00108227
0.00108058
0.00107876
0.00107681
0.00107473
0.00107249
0.00107011
0.00106758
0.00106488
0.00106201
0.00105898
0.00105576
0.00105235
0.00104875
0.00104495
0.00104094
0.00103672
0.00103226
0.00102758
0.00102264
0.00101746
0.00101202
0.0010063
0.0010003
0.000994003
0.000987406
0.000944302
0.000804756
0.000715622
0.000684388
0.0007644
0.000886595
0.000990334
0.00106152
0.00110578
0.00113041
0.00114216
0.00114666
0.00114832
0.00114901
0.00114939
0.00114972
0.00115006
0.00115031
0.00115038
0.00115029
0.0011501
0.00114988
0.00114974
0.00114969
0.0011497
0.00114971
0.00114967
0.00114956
0.00114938
0.00114917
0.00114891
0.0011486
0.00114823
0.00114778
0.00114726
0.00114666
0.00114599
0.00114522
0.00114436
0.00114341
0.00114235
0.00114119
0.00113992
0.00113853
0.00113703
0.00113539
0.00113363
0.00113173
0.00112968
0.00112749
0.00112514
0.00112264
0.00111997
0.00111713
0.00111411
0.0011109
0.0011075
0.00110391
0.0011001
0.00109609
0.00109185
0.00108738
0.00108267
0.00107772
0.0010725
0.00106702
0.00106126
0.00105522
0.00104888
0.00104222
0.00103525
0.00102794
0.00102028
0.00101226
0.00105088
0.000866441
0.000758485
0.000733647
0.000824487
0.000948852
0.00104853
0.00111456
0.00115451
0.00117646
0.00118709
0.0011915
0.00119333
0.00119421
0.00119466
0.00119496
0.00119519
0.00119532
0.00119529
0.00119514
0.0011949
0.00119464
0.00119444
0.00119429
0.00119417
0.00119404
0.00119386
0.00119359
0.00119326
0.00119287
0.00119242
0.0011919
0.0011913
0.00119061
0.00118983
0.00118895
0.00118797
0.00118688
0.00118568
0.00118437
0.00118293
0.00118136
0.00117966
0.00117783
0.00117584
0.00117371
0.00117142
0.00116896
0.00116633
0.00116353
0.00116055
0.00115737
0.001154
0.00115042
0.00114664
0.00114263
0.00113839
0.00113392
0.00112921
0.00112424
0.00111901
0.00111351
0.00110773
0.00110165
0.00109527
0.00108858
0.00108156
0.0010742
0.00106649
0.00105842
0.00104996
0.00104112
0.00103186
0.00102217
0.00117594
0.00093315
0.000803935
0.000784761
0.000884145
0.00100773
0.00110107
0.00116012
0.00119428
0.00121237
0.00122104
0.00122477
0.00122642
0.00122722
0.0012276
0.00122779
0.00122787
0.00122784
0.00122769
0.00122744
0.00122713
0.0012268
0.00122649
0.00122619
0.0012259
0.00122558
0.00122519
0.00122472
0.00122418
0.00122355
0.00122285
0.00122205
0.00122115
0.00122015
0.00121903
0.0012178
0.00121644
0.00121495
0.00121333
0.00121157
0.00120966
0.00120759
0.00120537
0.00120298
0.00120041
0.00119767
0.00119474
0.00119161
0.00118828
0.00118475
0.00118099
0.00117701
0.0011728
0.00116835
0.00116364
0.00115868
0.00115345
0.00114794
0.00114215
0.00113606
0.00112965
0.00112293
0.00111588
0.00110849
0.00110074
0.00109262
0.00108411
0.00107521
0.0010659
0.00105616
0.00104598
0.00103534
0.00102422
0.0010126
0.00132516
0.00101236
0.000851949
0.000836922
0.000941974
0.00106152
0.0011459
0.00119578
0.00122228
0.00123502
0.00124057
0.00124277
0.00124366
0.00124401
0.00124408
0.001244
0.00124383
0.0012436
0.00124328
0.00124291
0.00124249
0.00124204
0.00124157
0.00124108
0.00124055
0.00123997
0.00123931
0.00123856
0.00123772
0.00123679
0.00123575
0.00123459
0.00123331
0.00123191
0.00123037
0.00122869
0.00122686
0.00122488
0.00122273
0.00122042
0.00121793
0.00121525
0.00121239
0.00120932
0.00120605
0.00120257
0.00119887
0.00119493
0.00119076
0.00118634
0.00118167
0.00117673
0.00117152
0.00116602
0.00116023
0.00115414
0.00114773
0.00114099
0.00113392
0.00112651
0.00111873
0.00111057
0.00110203
0.00109309
0.00108374
0.00107395
0.00106372
0.00105303
0.00104185
0.00103018
0.001018
0.00100528
0.000991999
0.000978145
0.00150524
0.00110433
0.000902209
0.000889157
0.000996407
0.00110829
0.00118072
0.00121876
0.00123533
0.0012408
0.00124168
0.0012412
0.00124048
0.00123977
0.00123911
0.00123852
0.00123796
0.00123742
0.0012369
0.00123636
0.00123579
0.00123518
0.00123451
0.00123375
0.00123292
0.00123199
0.00123097
0.00122985
0.00122862
0.00122727
0.00122579
0.00122417
0.00122241
0.00122049
0.00121842
0.00121618
0.00121377
0.00121117
0.00120838
0.00120539
0.00120219
0.00119877
0.00119513
0.00119126
0.00118714
0.00118277
0.00117814
0.00117324
0.00116807
0.0011626
0.00115683
0.00115075
0.00114435
0.00113763
0.00113055
0.00112313
0.00111533
0.00110716
0.0010986
0.00108963
0.00108024
0.00107042
0.00106015
0.00104942
0.0010382
0.00102649
0.00101426
0.0010015
0.000988185
0.000974297
0.000959816
0.000944721
0.000928989
0.0009126
0.00169405
0.00120596
0.00095443
0.00094032
0.00104571
0.00114586
0.00120284
0.00122588
0.00122976
0.00122558
0.00121983
0.0012151
0.00121156
0.0012089
0.0012069
0.00120538
0.00120418
0.00120319
0.00120237
0.00120161
0.00120087
0.00120005
0.00119912
0.00119804
0.00119681
0.00119545
0.00119397
0.00119236
0.00119061
0.00118872
0.00118666
0.00118445
0.00118207
0.00117952
0.00117677
0.00117384
0.0011707
0.00116734
0.00116376
0.00115995
0.00115589
0.00115158
0.00114701
0.00114216
0.00113703
0.00113161
0.00112588
0.00111984
0.00111347
0.00110676
0.00109971
0.0010923
0.00108451
0.00107634
0.00106777
0.00105879
0.00104939
0.00103955
0.00102926
0.0010185
0.00100725
0.000995514
0.000983258
0.00097047
0.000957131
0.000943224
0.000928728
0.000913624
0.00089789
0.000881505
0.00086445
0.000846701
0.000828237
0.000809038
0.00188917
0.00131501
0.00100794
0.000989083
0.00108795
0.00117182
0.00120928
0.00121361
0.00120147
0.00118475
0.00116988
0.00115887
0.00115088
0.00114502
0.00114078
0.0011377
0.00113543
0.00113375
0.00113248
0.00113144
0.00113046
0.00112942
0.00112819
0.00112673
0.00112504
0.00112314
0.00112107
0.00111885
0.00111644
0.00111385
0.00111107
0.00110809
0.00110491
0.00110155
0.00109798
0.00109418
0.00109015
0.00108587
0.00108133
0.00107653
0.00107144
0.00106607
0.00106039
0.00105439
0.00104806
0.0010414
0.00103438
0.001027
0.00101925
0.0010111
0.00100256
0.000993597
0.000984208
0.000974378
0.000964092
0.000953335
0.000942094
0.000930352
0.000918095
0.000905307
0.000891971
0.000878071
0.000863588
0.000848505
0.000832805
0.000816468
0.000799475
0.000781803
0.000763433
0.000744342
0.000724511
0.000703919
0.000682545
0.000660372
0.00208976
0.00142925
0.00106166
0.00103392
0.00112094
0.00118341
0.0011967
0.001178
0.00114596
0.00111325
0.00108626
0.0010664
0.00105186
0.00104112
0.00103335
0.00102779
0.00102383
0.00102103
0.00101907
0.00101761
0.00101634
0.00101504
0.0010135
0.00101163
0.00100943
0.00100692
0.00100415
0.00100117
0.000997954
0.000994495
0.000990791
0.000986853
0.000982691
0.000978307
0.000973708
0.000968857
0.000963739
0.000958346
0.000952666
0.000946684
0.000940385
0.000933757
0.000926784
0.000919453
0.000911749
0.000903658
0.000895167
0.000886262
0.00087693
0.000867156
0.000856927
0.000846228
0.000835044
0.000823361
0.000811162
0.000798433
0.000785158
0.000771323
0.000756909
0.000741904
0.000726289
0.000710052
0.000693175
0.000675646
0.000657451
0.000638575
0.000619002
0.000598717
0.0005777
0.000555935
0.000533404
0.000510083
0.000485944
0.000460969
0.00229655
0.00154265
0.00111446
0.00107309
0.00114228
0.00117765
0.00116147
0.00111484
0.00105849
0.00100583
0.0009632
0.000931406
0.00090772
0.000889975
0.000876995
0.000867688
0.000861114
0.000856576
0.000853527
0.000851402
0.000849732
0.000848131
0.000846277
0.000844008
0.000841288
0.000838136
0.000834609
0.000830737
0.000826566
0.000822072
0.00081726
0.000812158
0.00080679
0.000801167
0.000795292
0.000789177
0.000782772
0.000776065
0.000769045
0.000761698
0.000754005
0.000745951
0.000737518
0.000728692
0.000719458
0.000709796
0.000699692
0.000689132
0.000678102
0.000666586
0.000654571
0.000642039
0.000628977
0.000615368
0.000601197
0.000586447
0.000571098
0.000555132
0.00053853
0.000521273
0.000503344
0.00048473
0.000465418
0.000445408
0.000424704
0.000403326
0.000381308
0.000358705
0.000335596
0.000312089
0.000288426
0.000264806
0.000241422
0.000218495
0.00251003
0.0016548
0.00116514
0.00110463
0.00114933
0.0011513
0.00109984
0.00101997
0.000934543
0.000857717
0.000795657
0.0007485
0.000712754
0.00068554
0.000665339
0.000650693
0.000640294
0.00063313
0.00062838
0.000625212
0.000622927
0.000620944
0.000618775
0.000616151
0.000612969
0.000609218
0.000604944
0.000600165
0.000594912
0.000589245
0.000583163
0.000576707
0.00056992
0.000562831
0.000555452
0.000547798
0.000539884
0.000531647
0.000523076
0.000514157
0.000504874
0.000495207
0.000485139
0.000474654
0.000463737
0.000452378
0.000440561
0.000428278
0.000415526
0.000402303
0.000388615
0.000374469
0.00035988
0.000344895
0.000329565
0.000313926
0.000298024
0.000281914
0.00026566
0.000249337
0.000233032
0.00021684
0.000200867
0.000185225
0.000170032
0.000155406
0.000141468
0.000128328
0.000116092
0.000104838
9.46391e-05
8.55399e-05
7.7586e-05
7.07028e-05
0.00273003
0.00176633
0.00121213
0.00112634
0.00113936
0.00110127
0.00100871
0.000890706
0.000772245
0.0006681
0.000583982
0.000519072
0.000469345
0.000431096
0.000402424
0.000381466
0.000366521
0.000356231
0.000349482
0.000345162
0.000342332
0.000340203
0.000338109
0.000335648
0.000332623
0.000328967
0.000324696
0.000319814
0.000314334
0.000308322
0.000301891
0.000295088
0.000287986
0.000280648
0.000273121
0.000265443
0.000257674
0.000249833
0.000241876
0.000233815
0.000225657
0.000217412
0.000209091
0.000200705
0.000192269
0.000183805
0.000175337
0.000166883
0.000158471
0.000150134
0.000141912
0.000133843
0.000125969
0.000118331
0.000110968
0.000103917
9.72146e-05
9.08906e-05
8.49723e-05
7.94818e-05
7.44349e-05
6.98414e-05
6.57039e-05
6.20174e-05
5.877e-05
5.59429e-05
5.35119e-05
5.14479e-05
4.97203e-05
4.8303e-05
4.71475e-05
4.62189e-05
4.54832e-05
4.49076e-05
0.002956
0.00187645
0.00125388
0.001136
0.00111007
0.00102621
0.000889546
0.000734218
0.000587892
0.000465637
0.000371243
0.000301267
0.000249925
0.000212174
0.000184978
0.000165789
0.000152541
0.000143712
0.000138146
0.000134832
0.000132969
0.000131904
0.000131096
0.000130195
0.000129008
0.000127443
0.000125481
0.000123114
0.000120352
0.000117227
0.000113839
0.000110293
0.000106645
0.000102955
9.92721e-05
9.56384e-05
9.20885e-05
8.86776e-05
8.54006e-05
8.22375e-05
7.91952e-05
7.62779e-05
7.34884e-05
7.08283e-05
6.82987e-05
6.59006e-05
6.36371e-05
6.15087e-05
5.95133e-05
5.76535e-05
5.59302e-05
5.43437e-05
5.2893e-05
5.15763e-05
5.03933e-05
4.93375e-05
4.8401e-05
4.75775e-05
4.68599e-05
4.62405e-05
4.57111e-05
4.52632e-05
4.48881e-05
4.45776e-05
4.43237e-05
4.41188e-05
4.39558e-05
4.38283e-05
4.37305e-05
4.36571e-05
4.36035e-05
4.35658e-05
4.35409e-05
4.3526e-05
0.00318717
0.00198443
0.00128873
0.00113169
0.00106059
0.000928665
0.000751788
0.00057064
0.000414762
0.000296611
0.000214376
0.000159663
0.000123626
0.000100011
8.47015e-05
7.4867e-05
6.85899e-05
6.4652e-05
6.22702e-05
6.0901e-05
6.0178e-05
5.98369e-05
5.96715e-05
5.95441e-05
5.93682e-05
5.90934e-05
5.86986e-05
5.81715e-05
5.75124e-05
5.67331e-05
5.58588e-05
5.49374e-05
5.40017e-05
5.30731e-05
5.21703e-05
5.13077e-05
5.04962e-05
4.97429e-05
4.90607e-05
4.84385e-05
4.78701e-05
4.73532e-05
4.68851e-05
4.64627e-05
4.60827e-05
4.57419e-05
4.54373e-05
4.51668e-05
4.49271e-05
4.47157e-05
4.45304e-05
4.43692e-05
4.42302e-05
4.41113e-05
4.40106e-05
4.39261e-05
4.38562e-05
4.3799e-05
4.37532e-05
4.3717e-05
4.36893e-05
4.36688e-05
4.36543e-05
4.36449e-05
4.36397e-05
4.3638e-05
4.3639e-05
4.36424e-05
4.36476e-05
4.36543e-05
4.36621e-05
4.36708e-05
4.36802e-05
4.36902e-05
0.00342233
0.00208934
0.00131514
0.00111224
0.000992276
0.000815388
0.000609987
0.00042191
0.000277621
0.000181572
0.000123341
8.976e-05
7.05459e-05
5.97379e-05
5.36603e-05
5.02361e-05
4.82849e-05
4.71639e-05
4.6522e-05
4.61597e-05
4.59647e-05
4.58692e-05
4.58271e-05
4.58081e-05
4.57919e-05
4.5765e-05
4.57192e-05
4.56492e-05
4.55533e-05
4.54329e-05
4.5293e-05
4.51406e-05
4.49859e-05
4.48344e-05
4.469e-05
4.45558e-05
4.44336e-05
4.43246e-05
4.42288e-05
4.41473e-05
4.40769e-05
4.40165e-05
4.39649e-05
4.39213e-05
4.38846e-05
4.38541e-05
4.38289e-05
4.38083e-05
4.37919e-05
4.37791e-05
4.37693e-05
4.37622e-05
4.37574e-05
4.37546e-05
4.37536e-05
4.37541e-05
4.37559e-05
4.37588e-05
4.37626e-05
4.37672e-05
4.37725e-05
4.37782e-05
4.37845e-05
4.37911e-05
4.37981e-05
4.38053e-05
4.38127e-05
4.38204e-05
4.38282e-05
4.38362e-05
4.38443e-05
4.38526e-05
4.3861e-05
4.38695e-05
0.00133185
0.00107752
0.000908675
0.000695509
0.000477881
0.000301282
0.000182328
0.000113875
7.82479e-05
6.0654e-05
5.20545e-05
4.79292e-05
4.59595e-05
4.50048e-05
4.45299e-05
4.42866e-05
4.41585e-05
4.40895e-05
4.40527e-05
4.40339e-05
4.40251e-05
4.40217e-05
4.40206e-05
4.40196e-05
4.4017e-05
4.40119e-05
4.40036e-05
4.3992e-05
4.39778e-05
4.39618e-05
4.39452e-05
4.39293e-05
4.39146e-05
4.39016e-05
4.38907e-05
4.38817e-05
4.38748e-05
4.38697e-05
4.38664e-05
4.38643e-05
4.38635e-05
4.38636e-05
4.38645e-05
4.38662e-05
4.38684e-05
4.38711e-05
4.38743e-05
4.38778e-05
4.38816e-05
4.38857e-05
4.389e-05
4.38945e-05
4.38992e-05
4.39041e-05
4.39091e-05
4.39142e-05
4.39195e-05
4.39249e-05
4.39303e-05
4.39359e-05
4.39416e-05
4.39473e-05
4.39532e-05
4.39591e-05
4.39651e-05
4.39712e-05
4.39773e-05
4.39836e-05
4.39899e-05
4.39963e-05
4.40027e-05
4.40093e-05
0.00133788
0.00102856
0.000814872
0.000577999
0.000364397
0.000211693
0.000122166
7.77966e-05
5.80596e-05
4.97427e-05
4.62929e-05
4.48919e-05
4.43349e-05
4.41108e-05
4.40193e-05
4.39816e-05
4.3966e-05
4.39597e-05
4.39574e-05
4.39568e-05
4.39569e-05
4.39574e-05
4.3958e-05
4.39586e-05
4.39593e-05
4.39599e-05
4.39604e-05
4.39609e-05
4.39614e-05
4.3962e-05
4.39628e-05
4.39639e-05
4.39653e-05
4.39671e-05
4.39693e-05
4.39717e-05
4.39745e-05
4.39775e-05
4.39807e-05
4.39839e-05
4.39873e-05
4.39907e-05
4.39942e-05
4.39978e-05
4.40013e-05
4.4005e-05
4.40087e-05
4.40124e-05
4.40161e-05
4.40199e-05
4.40238e-05
4.40277e-05
4.40316e-05
4.40356e-05
4.40397e-05
4.40438e-05
4.40479e-05
4.40522e-05
4.40564e-05
4.40608e-05
4.40652e-05
4.40696e-05
4.40741e-05
4.40787e-05
4.40833e-05
4.4088e-05
4.40927e-05
4.40975e-05
4.41024e-05
4.41073e-05
4.41123e-05
4.41173e-05
0.00133266
0.000967389
0.00071647
0.000469804
0.000273078
0.000149576
8.66954e-05
5.98151e-05
4.96014e-05
4.59328e-05
4.46495e-05
4.42194e-05
4.40843e-05
4.40468e-05
4.40402e-05
4.40429e-05
4.40476e-05
4.4052e-05
4.40556e-05
4.40582e-05
4.40602e-05
4.40615e-05
4.40625e-05
4.40633e-05
4.40639e-05
4.40646e-05
4.40654e-05
4.40664e-05
4.40677e-05
4.40692e-05
4.4071e-05
4.40731e-05
4.40754e-05
4.4078e-05
4.40808e-05
4.40837e-05
4.40866e-05
4.40897e-05
4.40928e-05
4.40958e-05
4.40989e-05
4.41019e-05
4.41049e-05
4.41079e-05
4.41108e-05
4.41138e-05
4.41168e-05
4.41197e-05
4.41227e-05
4.41257e-05
4.41287e-05
4.41317e-05
4.41348e-05
4.41379e-05
4.4141e-05
4.41442e-05
4.41474e-05
4.41507e-05
4.4154e-05
4.41573e-05
4.41607e-05
4.41641e-05
4.41676e-05
4.41711e-05
4.41746e-05
4.41782e-05
4.41819e-05
4.41855e-05
4.41893e-05
4.4193e-05
4.41969e-05
4.42007e-05
0.00131616
0.000896767
0.000618653
0.000375114
0.000203405
0.000108684
6.67551e-05
5.12668e-05
4.62244e-05
4.46867e-05
4.42419e-05
4.41282e-05
4.4109e-05
4.41141e-05
4.41236e-05
4.41326e-05
4.41399e-05
4.41455e-05
4.41498e-05
4.41528e-05
4.4155e-05
4.41566e-05
4.41577e-05
4.41585e-05
4.41591e-05
4.41597e-05
4.41603e-05
4.4161e-05
4.41618e-05
4.41629e-05
4.41642e-05
4.41658e-05
4.41675e-05
4.41695e-05
4.41717e-05
4.41739e-05
4.41763e-05
4.41787e-05
4.41812e-05
4.41837e-05
4.41861e-05
4.41886e-05
4.4191e-05
4.41934e-05
4.41957e-05
4.41981e-05
4.42004e-05
4.42028e-05
4.42051e-05
4.42074e-05
4.42098e-05
4.42121e-05
4.42145e-05
4.42169e-05
4.42193e-05
4.42217e-05
4.42242e-05
4.42267e-05
4.42292e-05
4.42318e-05
4.42344e-05
4.4237e-05
4.42397e-05
4.42424e-05
4.42451e-05
4.42479e-05
4.42507e-05
4.42535e-05
4.42563e-05
4.42592e-05
4.42622e-05
4.42651e-05
0.00128872
0.000819858
0.000525714
0.000295922
0.000152426
8.27992e-05
5.59349e-05
4.73412e-05
4.49343e-05
4.43199e-05
4.41821e-05
4.41651e-05
4.41746e-05
4.41875e-05
4.41989e-05
4.42079e-05
4.42149e-05
4.42202e-05
4.42242e-05
4.42272e-05
4.42294e-05
4.4231e-05
4.42322e-05
4.4233e-05
4.42336e-05
4.42341e-05
4.42346e-05
4.42351e-05
4.42356e-05
4.42363e-05
4.42372e-05
4.42382e-05
4.42395e-05
4.42409e-05
4.42424e-05
4.42441e-05
4.42459e-05
4.42477e-05
4.42496e-05
4.42516e-05
4.42535e-05
4.42555e-05
4.42574e-05
4.42593e-05
4.42612e-05
4.4263e-05
4.42649e-05
4.42667e-05
4.42686e-05
4.42704e-05
4.42722e-05
4.4274e-05
4.42759e-05
4.42777e-05
4.42796e-05
4.42815e-05
4.42834e-05
4.42853e-05
4.42873e-05
4.42892e-05
4.42912e-05
4.42932e-05
4.42953e-05
4.42973e-05
4.42994e-05
4.43015e-05
4.43037e-05
4.43058e-05
4.4308e-05
4.43103e-05
4.43125e-05
4.43148e-05
0.00125104
0.0007397
0.000440501
0.000232043
0.000116367
6.69087e-05
5.02218e-05
4.5585e-05
4.44715e-05
4.42414e-05
4.4211e-05
4.42209e-05
4.42358e-05
4.42487e-05
4.42591e-05
4.42671e-05
4.42733e-05
4.42781e-05
4.42818e-05
4.42846e-05
4.42867e-05
4.42883e-05
4.42895e-05
4.42903e-05
4.42909e-05
4.42914e-05
4.42918e-05
4.42922e-05
4.42926e-05
4.42931e-05
4.42937e-05
4.42943e-05
4.42952e-05
4.42961e-05
4.42972e-05
4.42984e-05
4.42997e-05
4.43011e-05
4.43025e-05
4.4304e-05
4.43055e-05
4.43071e-05
4.43086e-05
4.43101e-05
4.43116e-05
4.4313e-05
4.43145e-05
4.4316e-05
4.43174e-05
4.43188e-05
4.43203e-05
4.43217e-05
4.43231e-05
4.43246e-05
4.4326e-05
4.43275e-05
4.43289e-05
4.43304e-05
4.43319e-05
4.43334e-05
4.43349e-05
4.43365e-05
4.4338e-05
4.43396e-05
4.43412e-05
4.43428e-05
4.43445e-05
4.43462e-05
4.43478e-05
4.43495e-05
4.43513e-05
4.4353e-05
0.00120389
0.000658531
0.000365158
0.000181998
9.15469e-05
5.73845e-05
4.72692e-05
4.48234e-05
4.43262e-05
4.42512e-05
4.42559e-05
4.42717e-05
4.4286e-05
4.42974e-05
4.43063e-05
4.43133e-05
4.43188e-05
4.4323e-05
4.43263e-05
4.43289e-05
4.43308e-05
4.43324e-05
4.43335e-05
4.43344e-05
4.4335e-05
4.43355e-05
4.43359e-05
4.43362e-05
4.43366e-05
4.43369e-05
4.43373e-05
4.43377e-05
4.43383e-05
4.43389e-05
4.43396e-05
4.43405e-05
4.43414e-05
4.43424e-05
4.43434e-05
4.43445e-05
4.43457e-05
4.43469e-05
4.43481e-05
4.43493e-05
4.43504e-05
4.43516e-05
4.43528e-05
4.43539e-05
4.43551e-05
4.43562e-05
4.43573e-05
4.43584e-05
4.43595e-05
4.43607e-05
4.43618e-05
4.43629e-05
4.4364e-05
4.43652e-05
4.43663e-05
4.43675e-05
4.43686e-05
4.43698e-05
4.4371e-05
4.43722e-05
4.43735e-05
4.43747e-05
4.4376e-05
4.43772e-05
4.43785e-05
4.43798e-05
4.43812e-05
4.43825e-05
0.00114738
0.000579263
0.000300304
0.000143793
7.48444e-05
5.1784e-05
4.57724e-05
4.45088e-05
4.4298e-05
4.42834e-05
4.42981e-05
4.43135e-05
4.4326e-05
4.43358e-05
4.43434e-05
4.43494e-05
4.43542e-05
4.43579e-05
4.43609e-05
4.43632e-05
4.4365e-05
4.43664e-05
4.43675e-05
4.43683e-05
4.4369e-05
4.43695e-05
4.43699e-05
4.43702e-05
4.43705e-05
4.43707e-05
4.4371e-05
4.43713e-05
4.43717e-05
4.43721e-05
4.43726e-05
4.43731e-05
4.43738e-05
4.43745e-05
4.43752e-05
4.4376e-05
4.43769e-05
4.43778e-05
4.43787e-05
4.43796e-05
4.43805e-05
4.43815e-05
4.43824e-05
4.43833e-05
4.43842e-05
4.43851e-05
4.4386e-05
4.43868e-05
4.43877e-05
4.43886e-05
4.43895e-05
4.43903e-05
4.43912e-05
4.43921e-05
4.4393e-05
4.43939e-05
4.43948e-05
4.43957e-05
4.43966e-05
4.43975e-05
4.43985e-05
4.43994e-05
4.44004e-05
4.44014e-05
4.44024e-05
4.44034e-05
4.44044e-05
4.44054e-05
0.00108168
0.000504288
0.000245815
0.000115229
6.38192e-05
4.85434e-05
4.50292e-05
4.43908e-05
4.43101e-05
4.43175e-05
4.43336e-05
4.43473e-05
4.43579e-05
4.43661e-05
4.43726e-05
4.43777e-05
4.43818e-05
4.4385e-05
4.43876e-05
4.43897e-05
4.43913e-05
4.43926e-05
4.43937e-05
4.43945e-05
4.43951e-05
4.43956e-05
4.4396e-05
4.43963e-05
4.43965e-05
4.43968e-05
4.4397e-05
4.43972e-05
4.43975e-05
4.43977e-05
4.43981e-05
4.43984e-05
4.43989e-05
4.43993e-05
4.43999e-05
4.44004e-05
4.4401e-05
4.44017e-05
4.44024e-05
4.4403e-05
4.44038e-05
4.44045e-05
4.44052e-05
4.44059e-05
4.44066e-05
4.44073e-05
4.4408e-05
4.44087e-05
4.44094e-05
4.441e-05
4.44107e-05
4.44114e-05
4.44121e-05
4.44127e-05
4.44134e-05
4.44141e-05
4.44148e-05
4.44155e-05
4.44162e-05
4.44169e-05
4.44177e-05
4.44184e-05
4.44191e-05
4.44199e-05
4.44206e-05
4.44214e-05
4.44222e-05
4.4423e-05
0.0010095
0.000435108
0.000200913
9.42554e-05
5.66604e-05
4.66941e-05
4.46705e-05
4.4357e-05
4.43336e-05
4.43476e-05
4.43623e-05
4.43739e-05
4.43828e-05
4.43897e-05
4.43951e-05
4.43993e-05
4.44027e-05
4.44054e-05
4.44076e-05
4.44094e-05
4.44108e-05
4.44119e-05
4.44128e-05
4.44136e-05
4.44142e-05
4.44146e-05
4.4415e-05
4.44153e-05
4.44156e-05
4.44158e-05
4.4416e-05
4.44162e-05
4.44163e-05
4.44165e-05
4.44168e-05
4.4417e-05
4.44173e-05
4.44176e-05
4.4418e-05
4.44184e-05
4.44188e-05
4.44192e-05
4.44197e-05
4.44202e-05
4.44207e-05
4.44213e-05
4.44218e-05
4.44223e-05
4.44229e-05
4.44234e-05
4.44239e-05
4.44245e-05
4.4425e-05
4.44255e-05
4.4426e-05
4.44266e-05
4.44271e-05
4.44276e-05
4.44281e-05
4.44287e-05
4.44292e-05
4.44297e-05
4.44303e-05
4.44308e-05
4.44314e-05
4.4432e-05
4.44325e-05
4.44331e-05
4.44337e-05
4.44343e-05
4.44349e-05
4.44355e-05
0.000933457
0.000372562
0.000164552
7.91015e-05
5.20631e-05
4.56546e-05
4.45046e-05
4.43574e-05
4.43579e-05
4.43726e-05
4.43851e-05
4.43947e-05
4.4402e-05
4.44077e-05
4.44121e-05
4.44156e-05
4.44184e-05
4.44206e-05
4.44224e-05
4.44239e-05
4.44251e-05
4.44261e-05
4.44269e-05
4.44276e-05
4.44281e-05
4.44285e-05
4.44289e-05
4.44292e-05
4.44294e-05
4.44297e-05
4.44299e-05
4.443e-05
4.44302e-05
4.44304e-05
4.44305e-05
4.44307e-05
4.44309e-05
4.44311e-05
4.44314e-05
4.44317e-05
4.4432e-05
4.44323e-05
4.44326e-05
4.4433e-05
4.44334e-05
4.44337e-05
4.44341e-05
4.44346e-05
4.4435e-05
4.44354e-05
4.44358e-05
4.44362e-05
4.44366e-05
4.44371e-05
4.44375e-05
4.44379e-05
4.44383e-05
4.44387e-05
4.44391e-05
4.44395e-05
4.444e-05
4.44404e-05
4.44408e-05
4.44412e-05
4.44417e-05
4.44421e-05
4.44426e-05
4.4443e-05
4.44435e-05
4.4444e-05
4.44444e-05
4.44449e-05
0.000855765
0.000317073
0.000135596
6.83066e-05
4.91459e-05
4.50773e-05
4.4434e-05
4.43701e-05
4.43795e-05
4.43927e-05
4.44031e-05
4.4411e-05
4.4417e-05
4.44216e-05
4.44253e-05
4.44282e-05
4.44306e-05
4.44325e-05
4.4434e-05
4.44353e-05
4.44364e-05
4.44373e-05
4.44381e-05
4.44387e-05
4.44392e-05
4.44396e-05
4.444e-05
4.44403e-05
4.44405e-05
4.44407e-05
4.44409e-05
4.44411e-05
4.44412e-05
4.44414e-05
4.44415e-05
4.44417e-05
4.44418e-05
4.4442e-05
4.44422e-05
4.44424e-05
4.44426e-05
4.44428e-05
4.44431e-05
4.44434e-05
4.44436e-05
4.44439e-05
4.44443e-05
4.44446e-05
4.44449e-05
4.44452e-05
4.44456e-05
4.44459e-05
4.44463e-05
4.44466e-05
4.44469e-05
4.44473e-05
4.44476e-05
4.44479e-05
4.44483e-05
4.44486e-05
4.4449e-05
4.44493e-05
4.44496e-05
4.445e-05
4.44503e-05
4.44507e-05
4.44511e-05
4.44514e-05
4.44518e-05
4.44521e-05
4.44525e-05
4.44529e-05
0.000778242
0.000268662
0.00011288
6.07139e-05
4.73154e-05
4.47623e-05
4.44088e-05
4.43857e-05
4.43975e-05
4.44088e-05
4.44174e-05
4.44239e-05
4.44289e-05
4.44328e-05
4.44358e-05
4.44383e-05
4.44404e-05
4.44421e-05
4.44435e-05
4.44446e-05
4.44456e-05
4.44464e-05
4.44471e-05
4.44477e-05
4.44481e-05
4.44485e-05
4.44489e-05
4.44492e-05
4.44494e-05
4.44496e-05
4.44498e-05
4.445e-05
4.44501e-05
4.44503e-05
4.44504e-05
4.44505e-05
4.44506e-05
4.44508e-05
4.44509e-05
4.44511e-05
4.44512e-05
4.44514e-05
4.44516e-05
4.44518e-05
4.4452e-05
4.44522e-05
4.44525e-05
4.44527e-05
4.4453e-05
4.44532e-05
4.44535e-05
4.44537e-05
4.4454e-05
4.44543e-05
4.44546e-05
4.44548e-05
4.44551e-05
4.44554e-05
4.44557e-05
4.44559e-05
4.44562e-05
4.44565e-05
4.44567e-05
4.4457e-05
4.44573e-05
4.44576e-05
4.44579e-05
4.44581e-05
4.44584e-05
4.44587e-05
4.4459e-05
4.44593e-05
0.000702256
0.000226991
9.53009e-05
5.54343e-05
4.61785e-05
4.45943e-05
4.44047e-05
4.44007e-05
4.44122e-05
4.44218e-05
4.4429e-05
4.44344e-05
4.44385e-05
4.44418e-05
4.44444e-05
4.44466e-05
4.44484e-05
4.44499e-05
4.44511e-05
4.44521e-05
4.4453e-05
4.44537e-05
4.44543e-05
4.44549e-05
4.44553e-05
4.44557e-05
4.4456e-05
4.44563e-05
4.44565e-05
4.44567e-05
4.44569e-05
4.44571e-05
4.44572e-05
4.44573e-05
4.44574e-05
4.44576e-05
4.44577e-05
4.44578e-05
4.44579e-05
4.4458e-05
4.44581e-05
4.44583e-05
4.44584e-05
4.44585e-05
4.44587e-05
4.44589e-05
4.4459e-05
4.44592e-05
4.44594e-05
4.44596e-05
4.44598e-05
4.446e-05
4.44602e-05
4.44605e-05
4.44607e-05
4.44609e-05
4.44611e-05
4.44613e-05
4.44615e-05
4.44618e-05
4.4462e-05
4.44622e-05
4.44624e-05
4.44626e-05
4.44629e-05
4.44631e-05
4.44633e-05
4.44635e-05
4.44638e-05
4.4464e-05
4.44642e-05
4.44645e-05
0.000628837
0.000191599
8.18707e-05
5.18013e-05
4.54794e-05
4.45077e-05
4.44095e-05
4.44138e-05
4.44242e-05
4.44323e-05
4.44383e-05
4.44429e-05
4.44464e-05
4.44492e-05
4.44515e-05
4.44534e-05
4.44549e-05
4.44562e-05
4.44573e-05
4.44582e-05
4.4459e-05
4.44597e-05
4.44602e-05
4.44607e-05
4.44611e-05
4.44615e-05
4.44618e-05
4.4462e-05
4.44623e-05
4.44624e-05
4.44626e-05
4.44628e-05
4.44629e-05
4.4463e-05
4.44631e-05
4.44632e-05
4.44633e-05
4.44634e-05
4.44635e-05
4.44636e-05
4.44637e-05
4.44638e-05
4.44639e-05
4.4464e-05
4.44642e-05
4.44643e-05
4.44644e-05
4.44646e-05
4.44647e-05
4.44649e-05
4.4465e-05
4.44652e-05
4.44653e-05
4.44655e-05
4.44657e-05
4.44659e-05
4.4466e-05
4.44662e-05
4.44664e-05
4.44666e-05
4.44667e-05
4.44669e-05
4.44671e-05
4.44673e-05
4.44675e-05
4.44676e-05
4.44678e-05
4.4468e-05
4.44682e-05
4.44684e-05
4.44685e-05
4.44687e-05
0.000558839
0.00016188
7.17276e-05
4.93259e-05
4.50544e-05
4.44655e-05
4.44175e-05
4.44251e-05
4.44342e-05
4.4441e-05
4.44461e-05
4.445e-05
4.4453e-05
4.44555e-05
4.44575e-05
4.44591e-05
4.44605e-05
4.44616e-05
4.44626e-05
4.44635e-05
4.44642e-05
4.44648e-05
4.44653e-05
4.44658e-05
4.44662e-05
4.44665e-05
4.44668e-05
4.4467e-05
4.44673e-05
4.44675e-05
4.44676e-05
4.44678e-05
4.44679e-05
4.4468e-05
4.44681e-05
4.44682e-05
4.44683e-05
4.44684e-05
4.44685e-05
4.44686e-05
4.44687e-05
4.44688e-05
4.44688e-05
4.44689e-05
4.4469e-05
4.44691e-05
4.44692e-05
4.44693e-05
4.44694e-05
4.44696e-05
4.44697e-05
4.44698e-05
4.44699e-05
4.44701e-05
4.44702e-05
4.44704e-05
4.44705e-05
4.44707e-05
4.44708e-05
4.44709e-05
4.44711e-05
4.44712e-05
4.44714e-05
4.44715e-05
4.44717e-05
4.44718e-05
4.4472e-05
4.44721e-05
4.44723e-05
4.44724e-05
4.44725e-05
4.44727e-05
0.00049276
0.000137195
6.41487e-05
4.7655e-05
4.47994e-05
4.44472e-05
4.44263e-05
4.44347e-05
4.44425e-05
4.44483e-05
4.44527e-05
4.44561e-05
4.44588e-05
4.44609e-05
4.44628e-05
4.44643e-05
4.44656e-05
4.44667e-05
4.44676e-05
4.44684e-05
4.44691e-05
4.44698e-05
4.44703e-05
4.44708e-05
4.44712e-05
4.44715e-05
4.44718e-05
4.44721e-05
4.44724e-05
4.44726e-05
4.44727e-05
4.44729e-05
4.4473e-05
4.44732e-05
4.44733e-05
4.44734e-05
4.44735e-05
4.44735e-05
4.44736e-05
4.44737e-05
4.44738e-05
4.44738e-05
4.44739e-05
4.4474e-05
4.44741e-05
4.44741e-05
4.44742e-05
4.44743e-05
4.44744e-05
4.44744e-05
4.44745e-05
4.44746e-05
4.44747e-05
4.44748e-05
4.4475e-05
4.44751e-05
4.44752e-05
4.44753e-05
4.44754e-05
4.44756e-05
4.44757e-05
4.44758e-05
4.4476e-05
4.44761e-05
4.44762e-05
4.44763e-05
4.44764e-05
4.44766e-05
4.44767e-05
4.44768e-05
4.44769e-05
4.4477e-05
0.00043109
0.00011694
5.85443e-05
4.65384e-05
4.46486e-05
4.44414e-05
4.44347e-05
4.4443e-05
4.44497e-05
4.44548e-05
4.44587e-05
4.44619e-05
4.44645e-05
4.44667e-05
4.44687e-05
4.44704e-05
4.44718e-05
4.44731e-05
4.44743e-05
4.44753e-05
4.44762e-05
4.4477e-05
4.44778e-05
4.44784e-05
4.44789e-05
4.44794e-05
4.44798e-05
4.44802e-05
4.44805e-05
4.44808e-05
4.4481e-05
4.44812e-05
4.44813e-05
4.44814e-05
4.44815e-05
4.44816e-05
4.44817e-05
4.44818e-05
4.44818e-05
4.44818e-05
4.44819e-05
4.44819e-05
4.44819e-05
4.4482e-05
4.4482e-05
4.4482e-05
4.44821e-05
4.44821e-05
4.44821e-05
4.44822e-05
4.44823e-05
4.44823e-05
4.44824e-05
4.44825e-05
4.44825e-05
4.44826e-05
4.44827e-05
4.44828e-05
4.44829e-05
4.4483e-05
4.4483e-05
4.44831e-05
4.44832e-05
4.44833e-05
4.44834e-05
4.44834e-05
4.44835e-05
4.44835e-05
4.44836e-05
4.44836e-05
4.44836e-05
4.44836e-05
0.000374285
0.000100526
5.44418e-05
4.57992e-05
4.45613e-05
4.44419e-05
4.44426e-05
4.44503e-05
4.44564e-05
4.44611e-05
4.44649e-05
4.4468e-05
4.44706e-05
4.44728e-05
4.44748e-05
4.44765e-05
4.4478e-05
4.44793e-05
4.44804e-05
4.44814e-05
4.44822e-05
4.44829e-05
4.44835e-05
4.4484e-05
4.44844e-05
4.44847e-05
4.4485e-05
4.44853e-05
4.44855e-05
4.44856e-05
4.44858e-05
4.44859e-05
4.44859e-05
4.4486e-05
4.4486e-05
4.4486e-05
4.4486e-05
4.4486e-05
4.4486e-05
4.4486e-05
4.4486e-05
4.4486e-05
4.4486e-05
4.4486e-05
4.4486e-05
4.4486e-05
4.4486e-05
4.4486e-05
4.4486e-05
4.4486e-05
4.4486e-05
4.4486e-05
4.4486e-05
4.4486e-05
4.4486e-05
4.4486e-05
4.4486e-05
4.44861e-05
4.44861e-05
4.44861e-05
4.44861e-05
4.44861e-05
4.44861e-05
4.44861e-05
4.44861e-05
4.44861e-05
4.44861e-05
4.44861e-05
4.44861e-05
4.44861e-05
4.44861e-05
4.44861e-05
0.000322632
8.7376e-05
5.14706e-05
4.53147e-05
4.45123e-05
4.44456e-05
4.445e-05
4.44573e-05
4.44628e-05
4.44672e-05
4.44708e-05
4.44737e-05
4.44762e-05
4.44784e-05
4.44801e-05
4.44816e-05
4.44829e-05
4.44839e-05
4.44848e-05
4.44854e-05
4.4486e-05
4.44865e-05
4.44868e-05
4.44871e-05
4.44873e-05
4.44875e-05
4.44877e-05
4.44878e-05
4.44878e-05
4.44879e-05
4.4488e-05
4.4488e-05
4.4488e-05
4.4488e-05
4.4488e-05
4.4488e-05
4.4488e-05
4.4488e-05
4.4488e-05
4.4488e-05
4.4488e-05
4.4488e-05
4.44879e-05
4.44879e-05
4.44879e-05
4.44879e-05
4.44879e-05
4.44878e-05
4.44878e-05
4.44878e-05
4.44878e-05
4.44878e-05
4.44877e-05
4.44877e-05
4.44877e-05
4.44877e-05
4.44877e-05
4.44877e-05
4.44876e-05
4.44876e-05
4.44876e-05
4.44876e-05
4.44876e-05
4.44875e-05
4.44875e-05
4.44875e-05
4.44875e-05
4.44874e-05
4.44874e-05
4.44874e-05
4.44873e-05
4.44873e-05
0.000276225
7.69579e-05
4.93371e-05
4.50007e-05
4.44863e-05
4.44511e-05
4.44571e-05
4.44637e-05
4.44688e-05
4.44729e-05
4.44761e-05
4.44788e-05
4.4481e-05
4.44828e-05
4.44843e-05
4.44854e-05
4.44863e-05
4.4487e-05
4.44876e-05
4.4488e-05
4.44884e-05
4.44886e-05
4.44888e-05
4.4489e-05
4.44891e-05
4.44892e-05
4.44893e-05
4.44893e-05
4.44894e-05
4.44894e-05
4.44894e-05
4.44894e-05
4.44894e-05
4.44894e-05
4.44894e-05
4.44894e-05
4.44893e-05
4.44893e-05
4.44893e-05
4.44893e-05
4.44892e-05
4.44892e-05
4.44892e-05
4.44891e-05
4.44891e-05
4.44891e-05
4.4489e-05
4.4489e-05
4.4489e-05
4.44889e-05
4.44889e-05
4.44889e-05
4.44888e-05
4.44888e-05
4.44888e-05
4.44887e-05
4.44887e-05
4.44887e-05
4.44886e-05
4.44886e-05
4.44886e-05
4.44885e-05
4.44885e-05
4.44884e-05
4.44884e-05
4.44884e-05
4.44883e-05
4.44883e-05
4.44883e-05
4.44882e-05
4.44882e-05
4.44881e-05
0.000235113
6.88005e-05
4.78204e-05
4.47994e-05
4.44739e-05
4.4457e-05
4.44636e-05
4.44696e-05
4.44742e-05
4.44779e-05
4.44807e-05
4.4483e-05
4.44848e-05
4.44862e-05
4.44873e-05
4.44881e-05
4.44887e-05
4.44892e-05
4.44895e-05
4.44898e-05
4.449e-05
4.44901e-05
4.44902e-05
4.44903e-05
4.44904e-05
4.44904e-05
4.44904e-05
4.44904e-05
4.44904e-05
4.44904e-05
4.44904e-05
4.44904e-05
4.44904e-05
4.44903e-05
4.44903e-05
4.44903e-05
4.44902e-05
4.44902e-05
4.44902e-05
4.44901e-05
4.44901e-05
4.449e-05
4.449e-05
4.449e-05
4.44899e-05
4.44899e-05
4.44898e-05
4.44898e-05
4.44897e-05
4.44897e-05
4.44896e-05
4.44896e-05
4.44896e-05
4.44895e-05
4.44895e-05
4.44894e-05
4.44894e-05
4.44893e-05
4.44893e-05
4.44892e-05
4.44892e-05
4.44891e-05
4.44891e-05
4.44891e-05
4.4489e-05
4.4489e-05
4.44889e-05
4.44889e-05
4.44888e-05
4.44888e-05
4.44887e-05
4.44886e-05
0.00019922
6.24959e-05
4.6753e-05
4.46722e-05
4.44693e-05
4.4463e-05
4.44695e-05
4.44749e-05
4.4479e-05
4.44821e-05
4.44845e-05
4.44863e-05
4.44877e-05
4.44887e-05
4.44894e-05
4.449e-05
4.44904e-05
4.44907e-05
4.44909e-05
4.4491e-05
4.44911e-05
4.44912e-05
4.44912e-05
4.44913e-05
4.44913e-05
4.44913e-05
4.44913e-05
4.44913e-05
4.44913e-05
4.44912e-05
4.44912e-05
4.44912e-05
4.44911e-05
4.44911e-05
4.4491e-05
4.4491e-05
4.44909e-05
4.44909e-05
4.44908e-05
4.44908e-05
4.44907e-05
4.44907e-05
4.44906e-05
4.44906e-05
4.44905e-05
4.44905e-05
4.44904e-05
4.44903e-05
4.44903e-05
4.44902e-05
4.44902e-05
4.44901e-05
4.44901e-05
4.449e-05
4.449e-05
4.44899e-05
4.44899e-05
4.44898e-05
4.44898e-05
4.44897e-05
4.44896e-05
4.44896e-05
4.44895e-05
4.44895e-05
4.44894e-05
4.44894e-05
4.44893e-05
4.44892e-05
4.44892e-05
4.44891e-05
4.44891e-05
4.4489e-05
0.000168364
5.76797e-05
4.60095e-05
4.45932e-05
4.4469e-05
4.44688e-05
4.44748e-05
4.44795e-05
4.4483e-05
4.44856e-05
4.44875e-05
4.44888e-05
4.44898e-05
4.44905e-05
4.4491e-05
4.44914e-05
4.44916e-05
4.44918e-05
4.44919e-05
4.4492e-05
4.44921e-05
4.44921e-05
4.44921e-05
4.44921e-05
4.44921e-05
4.44921e-05
4.44921e-05
4.4492e-05
4.4492e-05
4.4492e-05
4.44919e-05
4.44919e-05
4.44918e-05
4.44917e-05
4.44917e-05
4.44916e-05
4.44916e-05
4.44915e-05
4.44914e-05
4.44914e-05
4.44913e-05
4.44913e-05
4.44912e-05
4.44911e-05
4.44911e-05
4.4491e-05
4.44909e-05
4.44909e-05
4.44908e-05
4.44907e-05
4.44907e-05
4.44906e-05
4.44905e-05
4.44905e-05
4.44904e-05
4.44903e-05
4.44903e-05
4.44902e-05
4.44902e-05
4.44901e-05
4.449e-05
4.449e-05
4.44899e-05
4.44898e-05
4.44898e-05
4.44897e-05
4.44896e-05
4.44895e-05
4.44895e-05
4.44894e-05
4.44893e-05
4.44893e-05
0.000142261
5.4043e-05
4.54972e-05
4.45454e-05
4.44713e-05
4.44741e-05
4.44794e-05
4.44835e-05
4.44863e-05
4.44884e-05
4.44898e-05
4.44908e-05
4.44915e-05
4.4492e-05
4.44923e-05
4.44926e-05
4.44927e-05
4.44928e-05
4.44929e-05
4.4493e-05
4.4493e-05
4.4493e-05
4.4493e-05
4.4493e-05
4.4493e-05
4.44929e-05
4.44929e-05
4.44929e-05
4.44928e-05
4.44928e-05
4.44927e-05
4.44926e-05
4.44926e-05
4.44925e-05
4.44925e-05
4.44924e-05
4.44923e-05
4.44922e-05
4.44922e-05
4.44921e-05
4.4492e-05
4.44919e-05
4.44919e-05
4.44918e-05
4.44917e-05
4.44916e-05
4.44915e-05
4.44915e-05
4.44914e-05
4.44913e-05
4.44912e-05
4.44912e-05
4.44911e-05
4.4491e-05
4.44909e-05
4.44908e-05
4.44908e-05
4.44907e-05
4.44906e-05
4.44905e-05
4.44904e-05
4.44904e-05
4.44903e-05
4.44902e-05
4.44901e-05
4.449e-05
4.449e-05
4.44899e-05
4.44898e-05
4.44897e-05
4.44896e-05
4.44895e-05
0.000120576
5.13286e-05
4.51496e-05
4.45174e-05
4.44747e-05
4.44788e-05
4.44835e-05
4.44868e-05
4.44891e-05
4.44907e-05
4.44917e-05
4.44925e-05
4.4493e-05
4.44933e-05
4.44935e-05
4.44937e-05
4.44938e-05
4.44939e-05
4.4494e-05
4.4494e-05
4.4494e-05
4.4494e-05
4.4494e-05
4.4494e-05
4.4494e-05
4.44939e-05
4.44939e-05
4.44938e-05
4.44938e-05
4.44937e-05
4.44937e-05
4.44936e-05
4.44935e-05
4.44934e-05
4.44934e-05
4.44933e-05
4.44932e-05
4.44931e-05
4.4493e-05
4.44929e-05
4.44928e-05
4.44927e-05
4.44926e-05
4.44925e-05
4.44924e-05
4.44923e-05
4.44923e-05
4.44922e-05
4.44921e-05
4.4492e-05
4.44919e-05
4.44918e-05
4.44917e-05
4.44916e-05
4.44915e-05
4.44914e-05
4.44913e-05
4.44912e-05
4.44911e-05
4.4491e-05
4.44909e-05
4.44908e-05
4.44907e-05
4.44906e-05
4.44905e-05
4.44904e-05
4.44903e-05
4.44902e-05
4.44901e-05
4.449e-05
4.44899e-05
4.44898e-05
0.000102788
4.93278e-05
4.49167e-05
4.45019e-05
4.44786e-05
4.4483e-05
4.44869e-05
4.44896e-05
4.44914e-05
4.44926e-05
4.44934e-05
4.44939e-05
4.44943e-05
4.44946e-05
4.44948e-05
4.44949e-05
4.4495e-05
4.44951e-05
4.44951e-05
4.44952e-05
4.44952e-05
4.44952e-05
4.44952e-05
4.44951e-05
4.44951e-05
4.4495e-05
4.4495e-05
4.44949e-05
4.44948e-05
4.44947e-05
4.44947e-05
4.44946e-05
4.44945e-05
4.44944e-05
4.44943e-05
4.44942e-05
4.4494e-05
4.44939e-05
4.44938e-05
4.44937e-05
4.44936e-05
4.44935e-05
4.44934e-05
4.44932e-05
4.44931e-05
4.4493e-05
4.44929e-05
4.44928e-05
4.44927e-05
4.44925e-05
4.44924e-05
4.44923e-05
4.44922e-05
4.44921e-05
4.4492e-05
4.44919e-05
4.44917e-05
4.44916e-05
4.44915e-05
4.44914e-05
4.44913e-05
4.44912e-05
4.44911e-05
4.44909e-05
4.44908e-05
4.44907e-05
4.44906e-05
4.44905e-05
4.44904e-05
4.44902e-05
4.44901e-05
4.449e-05
8.84584e-05
4.78712e-05
4.47629e-05
4.44942e-05
4.44826e-05
4.44867e-05
4.44899e-05
4.4492e-05
4.44934e-05
4.44943e-05
4.44949e-05
4.44954e-05
4.44957e-05
4.44959e-05
4.44961e-05
4.44962e-05
4.44963e-05
4.44964e-05
4.44964e-05
4.44964e-05
4.44964e-05
4.44964e-05
4.44963e-05
4.44963e-05
4.44962e-05
4.44961e-05
4.4496e-05
4.44959e-05
4.44958e-05
4.44956e-05
4.44955e-05
4.44954e-05
4.44952e-05
4.44951e-05
4.4495e-05
4.44948e-05
4.44947e-05
4.44945e-05
4.44944e-05
4.44943e-05
4.44941e-05
4.4494e-05
4.44938e-05
4.44937e-05
4.44935e-05
4.44934e-05
4.44933e-05
4.44931e-05
4.4493e-05
4.44928e-05
4.44927e-05
4.44926e-05
4.44924e-05
4.44923e-05
4.44922e-05
4.4492e-05
4.44919e-05
4.44918e-05
4.44916e-05
4.44915e-05
4.44914e-05
4.44912e-05
4.44911e-05
4.4491e-05
4.44909e-05
4.44907e-05
4.44906e-05
4.44905e-05
4.44903e-05
4.44902e-05
4.44901e-05
4.44899e-05
7.71277e-05
4.68241e-05
4.4663e-05
4.44911e-05
4.44863e-05
4.44899e-05
4.44925e-05
4.44942e-05
4.44953e-05
4.4496e-05
4.44965e-05
4.44969e-05
4.44972e-05
4.44974e-05
4.44975e-05
4.44976e-05
4.44977e-05
4.44977e-05
4.44977e-05
4.44977e-05
4.44976e-05
4.44975e-05
4.44974e-05
4.44972e-05
4.44971e-05
4.44969e-05
4.44968e-05
4.44966e-05
4.44964e-05
4.44962e-05
4.4496e-05
4.44959e-05
4.44957e-05
4.44955e-05
4.44953e-05
4.44951e-05
4.44949e-05
4.44947e-05
4.44946e-05
4.44944e-05
4.44942e-05
4.4494e-05
4.44939e-05
4.44937e-05
4.44935e-05
4.44933e-05
4.44932e-05
4.4493e-05
4.44929e-05
4.44927e-05
4.44925e-05
4.44924e-05
4.44922e-05
4.44921e-05
4.44919e-05
4.44918e-05
4.44916e-05
4.44915e-05
4.44913e-05
4.44912e-05
4.4491e-05
4.44909e-05
4.44908e-05
4.44906e-05
4.44905e-05
4.44903e-05
4.44902e-05
4.44901e-05
4.44899e-05
4.44898e-05
4.44896e-05
4.44895e-05
6.83305e-05
4.6081e-05
4.45992e-05
4.44907e-05
4.44897e-05
4.44928e-05
4.44949e-05
4.44962e-05
4.44971e-05
4.44977e-05
4.44982e-05
4.44985e-05
4.44988e-05
4.44989e-05
4.4499e-05
4.44991e-05
4.4499e-05
4.4499e-05
4.44989e-05
4.44987e-05
4.44985e-05
4.44983e-05
4.44981e-05
4.44979e-05
4.44977e-05
4.44974e-05
4.44972e-05
4.44969e-05
4.44967e-05
4.44964e-05
4.44962e-05
4.44959e-05
4.44957e-05
4.44954e-05
4.44952e-05
4.44949e-05
4.44947e-05
4.44945e-05
4.44942e-05
4.4494e-05
4.44938e-05
4.44936e-05
4.44934e-05
4.44932e-05
4.4493e-05
4.44928e-05
4.44926e-05
4.44924e-05
4.44922e-05
4.44921e-05
4.44919e-05
4.44917e-05
4.44915e-05
4.44914e-05
4.44912e-05
4.4491e-05
4.44909e-05
4.44907e-05
4.44906e-05
4.44904e-05
4.44902e-05
4.44901e-05
4.44899e-05
4.44898e-05
4.44896e-05
4.44895e-05
4.44893e-05
4.44892e-05
4.4489e-05
4.44889e-05
4.44887e-05
4.44886e-05
6.16219e-05
4.55605e-05
4.45594e-05
4.44919e-05
4.44929e-05
4.44954e-05
4.44971e-05
4.44982e-05
4.4499e-05
4.44996e-05
4.44999e-05
4.45002e-05
4.45004e-05
4.45004e-05
4.45004e-05
4.45003e-05
4.45002e-05
4.45e-05
4.44997e-05
4.44995e-05
4.44992e-05
4.44988e-05
4.44985e-05
4.44982e-05
4.44978e-05
4.44975e-05
4.44972e-05
4.44968e-05
4.44965e-05
4.44961e-05
4.44958e-05
4.44955e-05
4.44952e-05
4.44949e-05
4.44946e-05
4.44943e-05
4.4494e-05
4.44938e-05
4.44935e-05
4.44932e-05
4.4493e-05
4.44927e-05
4.44925e-05
4.44923e-05
4.4492e-05
4.44918e-05
4.44916e-05
4.44914e-05
4.44912e-05
4.4491e-05
4.44908e-05
4.44906e-05
4.44904e-05
4.44902e-05
4.449e-05
4.44899e-05
4.44897e-05
4.44895e-05
4.44893e-05
4.44892e-05
4.4489e-05
4.44888e-05
4.44887e-05
4.44885e-05
4.44884e-05
4.44882e-05
4.4488e-05
4.44879e-05
4.44877e-05
4.44876e-05
4.44874e-05
4.44873e-05
5.65979e-05
4.52008e-05
4.45352e-05
4.4494e-05
4.44959e-05
4.4498e-05
4.44994e-05
4.45003e-05
4.4501e-05
4.45015e-05
4.45018e-05
4.45019e-05
4.45019e-05
4.45018e-05
4.45016e-05
4.45014e-05
4.45011e-05
4.45007e-05
4.45003e-05
4.44999e-05
4.44994e-05
4.4499e-05
4.44985e-05
4.44981e-05
4.44976e-05
4.44972e-05
4.44968e-05
4.44963e-05
4.44959e-05
4.44955e-05
4.44951e-05
4.44948e-05
4.44944e-05
4.4494e-05
4.44937e-05
4.44934e-05
4.4493e-05
4.44927e-05
4.44924e-05
4.44921e-05
4.44918e-05
4.44915e-05
4.44913e-05
4.4491e-05
4.44908e-05
4.44905e-05
4.44903e-05
4.449e-05
4.44898e-05
4.44896e-05
4.44894e-05
4.44891e-05
4.44889e-05
4.44887e-05
4.44885e-05
4.44883e-05
4.44881e-05
4.4488e-05
4.44878e-05
4.44876e-05
4.44874e-05
4.44872e-05
4.44871e-05
4.44869e-05
4.44867e-05
4.44865e-05
4.44864e-05
4.44862e-05
4.44861e-05
4.44859e-05
4.44857e-05
4.44856e-05
5.29106e-05
4.49558e-05
4.45212e-05
4.44966e-05
4.44988e-05
4.45005e-05
4.45017e-05
4.45025e-05
4.45031e-05
4.45034e-05
4.45035e-05
4.45035e-05
4.45033e-05
4.4503e-05
4.45026e-05
4.45021e-05
4.45016e-05
4.45011e-05
4.45005e-05
4.44999e-05
4.44994e-05
4.44988e-05
4.44982e-05
4.44977e-05
4.44971e-05
4.44966e-05
4.44961e-05
4.44956e-05
4.44951e-05
4.44947e-05
4.44942e-05
4.44938e-05
4.44933e-05
4.44929e-05
4.44925e-05
4.44922e-05
4.44918e-05
4.44914e-05
4.44911e-05
4.44908e-05
4.44904e-05
4.44901e-05
4.44898e-05
4.44895e-05
4.44892e-05
4.4489e-05
4.44887e-05
4.44884e-05
4.44882e-05
4.44879e-05
4.44877e-05
4.44874e-05
4.44872e-05
4.4487e-05
4.44868e-05
4.44866e-05
4.44863e-05
4.44861e-05
4.44859e-05
4.44857e-05
4.44856e-05
4.44854e-05
4.44852e-05
4.4485e-05
4.44848e-05
4.44846e-05
4.44844e-05
4.44843e-05
4.44841e-05
4.44839e-05
4.44838e-05
4.44836e-05
5.02537e-05
4.47919e-05
4.45136e-05
4.44994e-05
4.45017e-05
4.45031e-05
4.45042e-05
4.45048e-05
4.45052e-05
4.45052e-05
4.45051e-05
4.45048e-05
4.45044e-05
4.45038e-05
4.45032e-05
4.45026e-05
4.45019e-05
4.45012e-05
4.45004e-05
4.44997e-05
4.4499e-05
4.44984e-05
4.44977e-05
4.44971e-05
4.44964e-05
4.44958e-05
4.44953e-05
4.44947e-05
4.44942e-05
4.44936e-05
4.44931e-05
4.44926e-05
4.44922e-05
4.44917e-05
4.44913e-05
4.44908e-05
4.44904e-05
4.449e-05
4.44897e-05
4.44893e-05
4.44889e-05
4.44886e-05
4.44882e-05
4.44879e-05
4.44876e-05
4.44873e-05
4.4487e-05
4.44867e-05
4.44864e-05
4.44861e-05
4.44859e-05
4.44856e-05
4.44853e-05
4.44851e-05
4.44849e-05
4.44846e-05
4.44844e-05
4.44842e-05
4.44839e-05
4.44837e-05
4.44835e-05
4.44833e-05
4.44831e-05
4.44829e-05
4.44827e-05
4.44825e-05
4.44823e-05
4.44821e-05
4.44819e-05
4.44817e-05
4.44816e-05
4.44814e-05
4.83737e-05
4.4686e-05
4.45102e-05
4.45025e-05
4.45046e-05
4.45058e-05
4.45067e-05
4.45071e-05
4.45071e-05
4.45069e-05
4.45065e-05
4.45059e-05
4.45052e-05
4.45044e-05
4.45036e-05
4.45028e-05
4.45019e-05
4.4501e-05
4.45002e-05
4.44994e-05
4.44986e-05
4.44978e-05
4.44971e-05
4.44963e-05
4.44956e-05
4.4495e-05
4.44943e-05
4.44937e-05
4.44931e-05
4.44925e-05
4.4492e-05
4.44914e-05
4.44909e-05
4.44904e-05
4.44899e-05
4.44895e-05
4.4489e-05
4.44886e-05
4.44881e-05
4.44877e-05
4.44873e-05
4.4487e-05
4.44866e-05
4.44862e-05
4.44859e-05
4.44855e-05
4.44852e-05
4.44849e-05
4.44845e-05
4.44842e-05
4.44839e-05
4.44836e-05
4.44834e-05
4.44831e-05
4.44828e-05
4.44825e-05
4.44823e-05
4.4482e-05
4.44818e-05
4.44815e-05
4.44813e-05
4.44811e-05
4.44808e-05
4.44806e-05
4.44804e-05
4.44802e-05
4.448e-05
4.44798e-05
4.44796e-05
4.44794e-05
4.44792e-05
4.4479e-05
4.70664e-05
4.46191e-05
4.45094e-05
4.45059e-05
4.45077e-05
4.45086e-05
4.45092e-05
4.45092e-05
4.4509e-05
4.45084e-05
4.45077e-05
4.45068e-05
4.45058e-05
4.45048e-05
4.45038e-05
4.45028e-05
4.45018e-05
4.45008e-05
4.44999e-05
4.44989e-05
4.44981e-05
4.44972e-05
4.44964e-05
4.44956e-05
4.44948e-05
4.44941e-05
4.44934e-05
4.44927e-05
4.4492e-05
4.44914e-05
4.44908e-05
4.44902e-05
4.44896e-05
4.44891e-05
4.44886e-05
4.4488e-05
4.44875e-05
4.44871e-05
4.44866e-05
4.44861e-05
4.44857e-05
4.44853e-05
4.44848e-05
4.44844e-05
4.4484e-05
4.44837e-05
4.44833e-05
4.44829e-05
4.44826e-05
4.44822e-05
4.44819e-05
4.44816e-05
4.44812e-05
4.44809e-05
4.44806e-05
4.44803e-05
4.448e-05
4.44798e-05
4.44795e-05
4.44792e-05
4.44789e-05
4.44787e-05
4.44784e-05
4.44782e-05
4.44779e-05
4.44777e-05
4.44774e-05
4.44772e-05
4.4477e-05
4.44768e-05
4.44765e-05
4.44763e-05
4.61738e-05
4.45781e-05
4.45105e-05
4.45094e-05
4.45108e-05
4.45115e-05
4.45116e-05
4.45112e-05
4.45106e-05
4.45096e-05
4.45086e-05
4.45074e-05
4.45063e-05
4.45051e-05
4.45039e-05
4.45027e-05
4.45016e-05
4.45005e-05
4.44995e-05
4.44985e-05
4.44975e-05
4.44966e-05
4.44957e-05
4.44948e-05
4.4494e-05
4.44932e-05
4.44924e-05
4.44917e-05
4.4491e-05
4.44903e-05
4.44896e-05
4.44889e-05
4.44883e-05
4.44877e-05
4.44871e-05
4.44865e-05
4.4486e-05
4.44854e-05
4.44849e-05
4.44844e-05
4.44839e-05
4.44834e-05
4.4483e-05
4.44825e-05
4.44821e-05
4.44817e-05
4.44812e-05
4.44808e-05
4.44804e-05
4.44801e-05
4.44797e-05
4.44793e-05
4.44789e-05
4.44786e-05
4.44783e-05
4.44779e-05
4.44776e-05
4.44773e-05
4.4477e-05
4.44767e-05
4.44764e-05
4.44761e-05
4.44758e-05
4.44755e-05
4.44752e-05
4.44749e-05
4.44747e-05
4.44744e-05
4.44742e-05
4.44739e-05
4.44737e-05
4.44734e-05
4.55754e-05
4.45539e-05
4.45129e-05
4.4513e-05
4.4514e-05
4.45142e-05
4.45138e-05
4.4513e-05
4.45119e-05
4.45107e-05
4.45094e-05
4.4508e-05
4.45066e-05
4.45053e-05
4.4504e-05
4.45027e-05
4.45015e-05
4.45003e-05
4.44991e-05
4.4498e-05
4.4497e-05
4.4496e-05
4.4495e-05
4.44941e-05
4.44932e-05
4.44923e-05
4.44914e-05
4.44906e-05
4.44898e-05
4.44891e-05
4.44883e-05
4.44876e-05
4.44869e-05
4.44862e-05
4.44856e-05
4.44849e-05
4.44843e-05
4.44837e-05
4.44831e-05
4.44825e-05
4.4482e-05
4.44815e-05
4.44809e-05
4.44804e-05
4.44799e-05
4.44794e-05
4.4479e-05
4.44785e-05
4.44781e-05
4.44776e-05
4.44772e-05
4.44768e-05
4.44764e-05
4.4476e-05
4.44756e-05
4.44752e-05
4.44749e-05
4.44745e-05
4.44741e-05
4.44738e-05
4.44735e-05
4.44731e-05
4.44728e-05
4.44725e-05
4.44722e-05
4.44719e-05
4.44716e-05
4.44713e-05
4.4471e-05
4.44707e-05
4.44705e-05
4.44702e-05
4.51816e-05
4.45407e-05
4.45161e-05
4.45167e-05
4.45171e-05
4.45168e-05
4.45159e-05
4.45146e-05
4.45132e-05
4.45116e-05
4.451e-05
4.45085e-05
4.45069e-05
4.45055e-05
4.4504e-05
4.45026e-05
4.45013e-05
4.45e-05
4.44988e-05
4.44976e-05
4.44965e-05
4.44954e-05
4.44943e-05
4.44933e-05
4.44923e-05
4.44913e-05
4.44903e-05
4.44894e-05
4.44886e-05
4.44877e-05
4.44869e-05
4.44861e-05
4.44853e-05
4.44845e-05
4.44838e-05
4.44831e-05
4.44824e-05
4.44817e-05
4.44811e-05
4.44804e-05
4.44798e-05
4.44792e-05
4.44786e-05
4.4478e-05
4.44775e-05
4.44769e-05
4.44764e-05
4.44759e-05
4.44754e-05
4.44749e-05
4.44744e-05
4.4474e-05
4.44735e-05
4.44731e-05
4.44726e-05
4.44722e-05
4.44718e-05
4.44714e-05
4.4471e-05
4.44706e-05
4.44702e-05
4.44698e-05
4.44695e-05
4.44691e-05
4.44688e-05
4.44684e-05
4.44681e-05
4.44678e-05
4.44675e-05
4.44671e-05
4.44668e-05
4.44665e-05
4.49275e-05
4.45344e-05
4.45198e-05
4.45204e-05
4.45201e-05
4.45191e-05
4.45177e-05
4.45161e-05
4.45143e-05
4.45125e-05
4.45107e-05
4.4509e-05
4.45073e-05
4.45057e-05
4.45041e-05
4.45026e-05
4.45012e-05
4.44998e-05
4.44984e-05
4.44971e-05
4.44959e-05
4.44947e-05
4.44935e-05
4.44923e-05
4.44912e-05
4.44901e-05
4.44891e-05
4.44881e-05
4.44871e-05
4.44861e-05
4.44852e-05
4.44843e-05
4.44834e-05
4.44826e-05
4.44818e-05
4.4481e-05
4.44802e-05
4.44794e-05
4.44787e-05
4.44779e-05
4.44772e-05
4.44766e-05
4.44759e-05
4.44752e-05
4.44746e-05
4.4474e-05
4.44734e-05
4.44728e-05
4.44723e-05
4.44717e-05
4.44712e-05
4.44706e-05
4.44701e-05
4.44696e-05
4.44691e-05
4.44686e-05
4.44682e-05
4.44677e-05
4.44673e-05
4.44669e-05
4.44664e-05
4.4466e-05
4.44656e-05
4.44652e-05
4.44648e-05
4.44645e-05
4.44641e-05
4.44637e-05
4.44634e-05
4.4463e-05
4.44627e-05
4.44624e-05
4.47696e-05
4.45325e-05
4.45239e-05
4.45239e-05
4.45229e-05
4.45213e-05
4.45194e-05
4.45174e-05
4.45154e-05
4.45134e-05
4.45114e-05
4.45095e-05
4.45077e-05
4.4506e-05
4.45043e-05
4.45026e-05
4.4501e-05
4.44995e-05
4.4498e-05
4.44966e-05
4.44952e-05
4.44938e-05
4.44925e-05
4.44912e-05
4.44899e-05
4.44887e-05
4.44876e-05
4.44864e-05
4.44853e-05
4.44842e-05
4.44832e-05
4.44822e-05
4.44812e-05
4.44802e-05
4.44793e-05
4.44784e-05
4.44775e-05
4.44766e-05
4.44758e-05
4.4475e-05
4.44742e-05
4.44734e-05
4.44726e-05
4.44719e-05
4.44712e-05
4.44705e-05
4.44698e-05
4.44692e-05
4.44685e-05
4.44679e-05
4.44673e-05
4.44667e-05
4.44662e-05
4.44656e-05
4.44651e-05
4.44645e-05
4.4464e-05
4.44635e-05
4.4463e-05
4.44625e-05
4.44621e-05
4.44616e-05
4.44612e-05
4.44607e-05
4.44603e-05
4.44599e-05
4.44595e-05
4.44591e-05
4.44587e-05
4.44583e-05
4.4458e-05
4.44576e-05
4.46745e-05
4.45334e-05
4.4528e-05
4.45272e-05
4.45255e-05
4.45234e-05
4.45211e-05
4.45188e-05
4.45165e-05
4.45143e-05
4.45122e-05
4.45101e-05
4.45081e-05
4.45062e-05
4.45043e-05
4.45025e-05
4.45008e-05
4.44991e-05
4.44974e-05
4.44958e-05
4.44942e-05
4.44927e-05
4.44912e-05
4.44897e-05
4.44883e-05
4.4487e-05
4.44856e-05
4.44843e-05
4.44831e-05
4.44819e-05
4.44807e-05
4.44795e-05
4.44784e-05
4.44773e-05
4.44762e-05
4.44752e-05
4.44742e-05
4.44732e-05
4.44723e-05
4.44714e-05
4.44705e-05
4.44696e-05
4.44687e-05
4.44679e-05
4.44671e-05
4.44663e-05
4.44656e-05
4.44648e-05
4.44641e-05
4.44634e-05
4.44627e-05
4.44621e-05
4.44614e-05
4.44608e-05
4.44602e-05
4.44596e-05
4.4459e-05
4.44584e-05
4.44579e-05
4.44574e-05
4.44569e-05
4.44564e-05
4.44559e-05
4.44554e-05
4.44549e-05
4.44545e-05
4.44541e-05
4.44536e-05
4.44532e-05
4.44528e-05
4.44524e-05
4.44521e-05
4.46191e-05
4.45358e-05
4.4532e-05
4.45303e-05
4.4528e-05
4.45254e-05
4.45228e-05
4.45202e-05
4.45177e-05
4.45153e-05
4.45129e-05
4.45107e-05
4.45085e-05
4.45063e-05
4.45043e-05
4.45022e-05
4.45003e-05
4.44983e-05
4.44965e-05
4.44946e-05
4.44928e-05
4.44911e-05
4.44894e-05
4.44878e-05
4.44862e-05
4.44846e-05
4.44831e-05
4.44816e-05
4.44802e-05
4.44788e-05
4.44774e-05
4.44761e-05
4.44748e-05
4.44736e-05
4.44724e-05
4.44712e-05
4.44701e-05
4.4469e-05
4.44679e-05
4.44668e-05
4.44658e-05
4.44649e-05
4.44639e-05
4.4463e-05
4.44621e-05
4.44612e-05
4.44604e-05
4.44595e-05
4.44587e-05
4.4458e-05
4.44572e-05
4.44565e-05
4.44558e-05
4.44551e-05
4.44544e-05
4.44538e-05
4.44531e-05
4.44525e-05
4.44519e-05
4.44514e-05
4.44508e-05
4.44503e-05
4.44497e-05
4.44492e-05
4.44487e-05
4.44482e-05
4.44478e-05
4.44473e-05
4.44469e-05
4.44465e-05
4.44461e-05
4.44457e-05
4.45884e-05
4.45391e-05
4.45358e-05
4.45333e-05
4.45304e-05
4.45274e-05
4.45245e-05
4.45217e-05
4.45189e-05
4.45162e-05
4.45137e-05
4.45111e-05
4.45087e-05
4.45063e-05
4.45039e-05
4.45016e-05
4.44994e-05
4.44972e-05
4.44951e-05
4.4493e-05
4.4491e-05
4.4489e-05
4.4487e-05
4.44852e-05
4.44833e-05
4.44816e-05
4.44798e-05
4.44781e-05
4.44765e-05
4.44749e-05
4.44734e-05
4.44719e-05
4.44704e-05
4.4469e-05
4.44676e-05
4.44663e-05
4.4465e-05
4.44637e-05
4.44625e-05
4.44613e-05
4.44601e-05
4.4459e-05
4.44579e-05
4.44569e-05
4.44558e-05
4.44548e-05
4.44539e-05
4.44529e-05
4.4452e-05
4.44511e-05
4.44503e-05
4.44495e-05
4.44487e-05
4.44479e-05
4.44472e-05
4.44464e-05
4.44457e-05
4.44451e-05
4.44444e-05
4.44438e-05
4.44432e-05
4.44426e-05
4.44421e-05
4.44415e-05
4.4441e-05
4.44405e-05
4.44401e-05
4.44396e-05
4.44392e-05
4.44388e-05
4.44384e-05
4.4438e-05
4.45727e-05
4.45429e-05
4.45394e-05
4.45362e-05
4.45328e-05
4.45295e-05
4.45263e-05
4.45231e-05
4.45201e-05
4.45171e-05
4.45142e-05
4.45113e-05
4.45085e-05
4.45058e-05
4.45031e-05
4.45005e-05
4.44979e-05
4.44954e-05
4.4493e-05
4.44906e-05
4.44882e-05
4.44859e-05
4.44837e-05
4.44815e-05
4.44794e-05
4.44774e-05
4.44754e-05
4.44734e-05
4.44715e-05
4.44697e-05
4.44679e-05
4.44661e-05
4.44644e-05
4.44628e-05
4.44612e-05
4.44596e-05
4.44581e-05
4.44566e-05
4.44552e-05
4.44539e-05
4.44525e-05
4.44512e-05
4.445e-05
4.44488e-05
4.44477e-05
4.44465e-05
4.44455e-05
4.44444e-05
4.44434e-05
4.44425e-05
4.44415e-05
4.44407e-05
4.44398e-05
4.4439e-05
4.44382e-05
4.44374e-05
4.44367e-05
4.4436e-05
4.44354e-05
4.44347e-05
4.44341e-05
4.44335e-05
4.4433e-05
4.44325e-05
4.4432e-05
4.44315e-05
4.4431e-05
4.44306e-05
4.44301e-05
4.44297e-05
4.44294e-05
4.4429e-05
4.45657e-05
4.45469e-05
4.4543e-05
4.45392e-05
4.45353e-05
4.45316e-05
4.4528e-05
4.45245e-05
4.45211e-05
4.45177e-05
4.45144e-05
4.45111e-05
4.45079e-05
4.45048e-05
4.45017e-05
4.44987e-05
4.44957e-05
4.44928e-05
4.449e-05
4.44872e-05
4.44845e-05
4.44818e-05
4.44792e-05
4.44767e-05
4.44742e-05
4.44718e-05
4.44694e-05
4.44671e-05
4.44649e-05
4.44627e-05
4.44606e-05
4.44585e-05
4.44565e-05
4.44545e-05
4.44526e-05
4.44508e-05
4.4449e-05
4.44472e-05
4.44455e-05
4.44439e-05
4.44423e-05
4.44408e-05
4.44393e-05
4.44379e-05
4.44366e-05
4.44352e-05
4.4434e-05
4.44328e-05
4.44316e-05
4.44305e-05
4.44295e-05
4.44285e-05
4.44276e-05
4.44267e-05
4.44258e-05
4.4425e-05
4.44243e-05
4.44236e-05
4.44229e-05
4.44223e-05
4.44218e-05
4.44212e-05
4.44208e-05
4.44203e-05
4.44199e-05
4.44196e-05
4.44193e-05
4.4419e-05
4.44187e-05
4.44185e-05
4.44183e-05
4.44182e-05
4.45639e-05
4.45509e-05
4.45465e-05
4.45421e-05
4.45378e-05
4.45336e-05
4.45295e-05
4.45254e-05
4.45215e-05
4.45176e-05
4.45137e-05
4.45099e-05
4.45061e-05
4.45024e-05
4.44988e-05
4.44952e-05
4.44917e-05
4.44883e-05
4.44849e-05
4.44816e-05
4.44783e-05
4.44752e-05
4.4472e-05
4.4469e-05
4.4466e-05
4.44631e-05
4.44603e-05
4.44576e-05
4.44549e-05
4.44523e-05
4.44498e-05
4.44474e-05
4.4445e-05
4.44427e-05
4.44406e-05
4.44385e-05
4.44365e-05
4.44346e-05
4.44328e-05
4.4431e-05
4.44294e-05
4.44279e-05
4.44264e-05
4.44251e-05
4.44238e-05
4.44226e-05
4.44215e-05
4.44205e-05
4.44196e-05
4.44187e-05
4.4418e-05
4.44173e-05
4.44167e-05
4.44161e-05
4.44156e-05
4.44152e-05
4.44148e-05
4.44144e-05
4.44141e-05
4.44138e-05
4.44135e-05
4.44132e-05
4.4413e-05
4.44128e-05
4.44126e-05
4.44124e-05
4.44122e-05
4.4412e-05
4.44118e-05
4.44118e-05
4.44117e-05
4.44116e-05
4.45651e-05
4.45553e-05
4.45502e-05
4.45453e-05
4.45405e-05
4.45358e-05
4.45312e-05
4.45266e-05
4.45221e-05
4.45176e-05
4.45132e-05
4.45089e-05
4.45046e-05
4.45004e-05
4.44963e-05
4.44922e-05
4.44882e-05
4.44843e-05
4.44804e-05
4.44767e-05
4.4473e-05
4.44694e-05
4.44659e-05
4.44625e-05
4.44591e-05
4.44559e-05
4.44528e-05
4.44498e-05
4.4447e-05
4.44442e-05
4.44417e-05
4.44392e-05
4.44369e-05
4.44348e-05
4.44328e-05
4.4431e-05
4.44294e-05
4.44279e-05
4.44266e-05
4.44254e-05
4.44244e-05
4.44236e-05
4.44229e-05
4.44224e-05
4.4422e-05
4.44218e-05
4.44217e-05
4.44217e-05
4.44217e-05
4.44217e-05
4.44216e-05
4.44216e-05
4.44215e-05
4.44214e-05
4.44212e-05
4.4421e-05
4.44208e-05
4.44205e-05
4.44201e-05
4.44197e-05
4.44193e-05
4.4419e-05
4.44187e-05
4.44186e-05
4.44184e-05
4.44184e-05
4.44184e-05
4.44185e-05
4.44184e-05
4.44184e-05
4.44183e-05
4.44183e-05
4.45691e-05
4.45599e-05
4.45529e-05
4.45463e-05
4.45399e-05
4.45338e-05
4.45278e-05
4.45219e-05
4.45162e-05
4.45106e-05
4.45052e-05
4.44999e-05
4.44949e-05
4.44902e-05
4.44858e-05
4.44818e-05
4.44782e-05
4.44748e-05
4.44715e-05
4.44684e-05
4.44655e-05
4.44627e-05
4.44602e-05
4.44578e-05
4.44557e-05
4.44538e-05
4.44521e-05
4.44506e-05
4.44493e-05
4.44483e-05
4.44475e-05
4.44469e-05
4.44465e-05
4.44464e-05
4.44464e-05
4.44467e-05
4.44471e-05
4.44476e-05
4.44483e-05
4.4449e-05
4.44499e-05
4.44507e-05
4.44516e-05
4.44525e-05
4.44534e-05
4.44542e-05
4.4455e-05
4.44557e-05
4.44562e-05
4.44567e-05
4.4457e-05
4.44572e-05
4.44573e-05
4.44572e-05
4.44569e-05
4.44566e-05
4.4456e-05
4.44553e-05
4.44544e-05
4.44534e-05
4.44521e-05
4.44507e-05
4.44491e-05
4.44473e-05
4.44454e-05
4.44432e-05
4.44408e-05
4.44382e-05
4.44356e-05
4.44329e-05
4.44303e-05
4.44277e-05
)
;

boundaryField
{
    walls
    {
        type            fixedValue;
        value           uniform 0;
    }
    frontAndBack
    {
        type            empty;
    }
    farfield
    {
        type            inletOutlet;
        inletValue      uniform 4.44e-05;
        value           nonuniform List<scalar> 
72
(
4.45691e-05
4.45599e-05
4.45529e-05
4.45463e-05
4.45399e-05
4.45338e-05
4.45278e-05
4.45219e-05
4.45162e-05
4.45106e-05
4.45052e-05
4.44999e-05
4.44949e-05
4.44902e-05
4.44858e-05
4.44818e-05
4.44782e-05
4.44748e-05
4.44715e-05
4.44684e-05
4.44655e-05
4.44627e-05
4.44602e-05
4.44578e-05
4.44557e-05
4.44538e-05
4.44521e-05
4.44506e-05
4.44493e-05
4.44483e-05
4.44475e-05
4.44469e-05
4.44465e-05
4.44464e-05
4.44464e-05
4.44467e-05
4.44471e-05
4.44476e-05
4.44483e-05
4.4449e-05
4.44499e-05
4.44507e-05
4.44516e-05
4.44525e-05
4.44534e-05
4.44542e-05
4.4455e-05
4.44557e-05
4.44562e-05
4.44567e-05
4.4457e-05
4.44572e-05
4.44573e-05
4.44572e-05
4.44569e-05
4.44566e-05
4.4456e-05
4.44553e-05
4.44544e-05
4.44534e-05
4.44521e-05
4.44507e-05
4.44491e-05
4.44473e-05
4.44454e-05
4.44432e-05
4.44408e-05
4.44382e-05
4.44356e-05
4.44329e-05
4.44303e-05
4.44e-05
)
;
    }
    procBoundary3to1
    {
        type            processor;
        value           nonuniform List<scalar> 
101
(
4.00557e-07
1.25074e-06
2.20992e-06
3.30721e-06
4.56438e-06
6.00176e-06
7.64647e-06
9.58202e-06
1.19975e-05
1.50404e-05
1.88377e-05
2.35646e-05
2.94133e-05
3.66252e-05
4.55351e-05
5.663e-05
6.95588e-05
8.26155e-05
9.59427e-05
0.000109915
0.000125103
0.000142243
0.000162196
0.00018589
0.000214603
0.000249657
0.0002918
0.000341601
0.000400174
0.000468851
0.000548711
0.000640682
0.00074556
0.000864002
0.000996479
0.00114327
0.00130523
0.00148304
0.00167723
0.00188809
0.00211433
0.00235441
0.00260701
0.00287112
0.00314577
0.00342996
0.00372258
0.00402231
0.00432764
0.00365816
0.00219267
0.00219267
0.00229502
0.00239443
0.00248917
0.00257779
0.0026588
0.00273071
0.00279184
0.00283973
0.00287145
0.00288473
0.00287853
0.00285237
0.0028063
0.00274058
0.00265579
0.00255284
0.00243256
0.00229636
0.00214594
0.00197538
0.00179229
0.00160334
0.00141449
0.00123077
0.00105642
0.000895006
0.000748377
0.000617698
0.000503579
0.000406087
0.000324409
0.000257296
0.000203291
0.000160808
0.000128114
0.000103475
8.52823e-05
7.21551e-05
6.28936e-05
5.65001e-05
5.21854e-05
4.93362e-05
4.7494e-05
4.63297e-05
4.56099e-05
4.51747e-05
4.49175e-05
4.47693e-05
4.46877e-05
)
;
    }
    procBoundary3to2
    {
        type            processor;
        value           nonuniform List<scalar> 
108
(
1.86014e-06
5.82381e-06
1.03039e-05
1.53628e-05
2.10699e-05
2.75037e-05
3.4758e-05
4.29522e-05
5.22319e-05
6.27296e-05
7.45047e-05
8.75784e-05
0.000102017
0.000117949
0.000135538
0.000154963
0.000176399
0.000200018
0.000225972
0.000285919
0.00028591
0.00028588
0.000285836
0.000285778
0.000285705
0.000285618
0.000254396
0.000285517
0.000285919
0.000320165
0.000357327
0.000397432
0.000440445
0.000486252
0.000534647
0.000585313
0.000637795
0.000691477
0.000745542
0.000798935
0.00085414
0.00085414
0.000902769
0.000945744
0.000980493
0.00100387
0.00101204
0.00100045
0.000963692
0.000895531
0.000789082
0.000637387
0.00043515
0.000196273
6.48101e-05
4.44647e-05
4.35189e-05
4.37007e-05
4.38781e-05
4.40159e-05
4.41224e-05
4.42046e-05
4.42681e-05
4.43171e-05
4.43548e-05
4.43838e-05
4.44064e-05
4.44238e-05
4.44361e-05
4.44454e-05
4.44533e-05
4.44596e-05
4.44647e-05
4.44689e-05
4.44728e-05
4.44771e-05
4.44836e-05
4.44861e-05
4.44873e-05
4.44881e-05
4.44886e-05
4.44889e-05
4.44892e-05
4.44895e-05
4.44897e-05
4.44899e-05
4.44898e-05
4.44894e-05
4.44885e-05
4.44871e-05
4.44854e-05
4.44834e-05
4.44812e-05
4.44788e-05
4.44761e-05
4.44732e-05
4.44699e-05
4.44662e-05
4.44621e-05
4.44573e-05
4.44517e-05
4.44453e-05
4.44376e-05
4.44287e-05
4.44181e-05
4.44115e-05
4.44183e-05
4.44253e-05
)
;
    }
}


// ************************************************************************* //
