/*--------------------------------*- C++ -*----------------------------------*\
| =========                 |                                                 |
| \\      /  F ield         | OpenFOAM: The Open Source CFD Toolbox           |
|  \\    /   O peration     | Version:  2412                                  |
|   \\  /    A nd           | Website:  www.openfoam.com                      |
|    \\/     M anipulation  |                                                 |
\*---------------------------------------------------------------------------*/
FoamFile
{
    version     2.0;
    format      ascii;
    arch        "LSB;label=32;scalar=64";
    class       volScalarField;
    location    "120";
    object      nuTilda;
}
// * * * * * * * * * * * * * * * * * * * * * * * * * * * * * * * * * * * * * //

dimensions      [0 2 -1 0 0 0 0];

internalField   nonuniform List<scalar> 
7423
(
4.94055e-06
5.93476e-06
6.22598e-06
6.15485e-06
5.4637e-06
4.59653e-06
3.93423e-06
2.67806e-06
2.50021e-06
2.35742e-06
2.24088e-06
2.16064e-06
2.10662e-06
2.09026e-06
2.06305e-06
2.05936e-06
2.05844e-06
2.00204e-06
2.04386e-06
2.03975e-06
2.03378e-06
2.02839e-06
2.02315e-06
2.01807e-06
2.0126e-06
2.00668e-06
2.00019e-06
1.99325e-06
1.98578e-06
1.97786e-06
1.96947e-06
1.96065e-06
1.95144e-06
1.94187e-06
1.93193e-06
1.92169e-06
1.91118e-06
1.90041e-06
1.8894e-06
1.87821e-06
1.86689e-06
1.85543e-06
1.84387e-06
1.83226e-06
1.82057e-06
1.80887e-06
1.79718e-06
1.7855e-06
1.77385e-06
1.76224e-06
1.75071e-06
1.73921e-06
1.72776e-06
1.71643e-06
1.7052e-06
1.69402e-06
1.68293e-06
1.67195e-06
1.66108e-06
1.65031e-06
1.63964e-06
1.62912e-06
1.61874e-06
1.60849e-06
1.59844e-06
1.58858e-06
1.57897e-06
1.56963e-06
1.56065e-06
1.55196e-06
1.54357e-06
1.53547e-06
1.52771e-06
1.52024e-06
1.51319e-06
1.50717e-06
1.49554e-05
1.86817e-05
1.98079e-05
1.98218e-05
1.81013e-05
1.5598e-05
1.34269e-05
7.62655e-06
7.24021e-06
6.94996e-06
6.69566e-06
6.5317e-06
6.42451e-06
6.74732e-06
6.37255e-06
6.39112e-06
6.41064e-06
6.34518e-06
6.35773e-06
6.35375e-06
6.35917e-06
6.35748e-06
6.34492e-06
6.32918e-06
6.3112e-06
6.29169e-06
6.27038e-06
6.24775e-06
6.22354e-06
6.198e-06
6.17114e-06
6.14298e-06
6.11365e-06
6.08321e-06
6.05172e-06
6.01929e-06
5.98607e-06
5.95208e-06
5.91739e-06
5.88213e-06
5.8465e-06
5.81045e-06
5.7741e-06
5.73763e-06
5.70092e-06
5.66419e-06
5.62751e-06
5.59085e-06
5.55429e-06
5.51789e-06
5.48172e-06
5.44567e-06
5.40983e-06
5.3743e-06
5.33911e-06
5.30411e-06
5.26937e-06
5.23496e-06
5.20093e-06
5.16722e-06
5.13381e-06
5.10083e-06
5.06832e-06
5.03624e-06
5.00468e-06
4.97374e-06
4.94358e-06
4.91423e-06
4.88588e-06
4.85841e-06
4.83179e-06
4.80597e-06
4.78109e-06
4.757e-06
4.73404e-06
4.71411e-06
2.48865e-05
3.09872e-05
3.32944e-05
3.37055e-05
3.147e-05
2.77022e-05
2.41304e-05
1.41808e-05
1.3095e-05
1.21997e-05
1.15791e-05
1.1253e-05
1.10734e-05
1.23846e-05
1.10429e-05
1.11089e-05
1.11748e-05
1.14811e-05
1.1094e-05
1.11216e-05
1.12147e-05
1.12602e-05
1.12516e-05
1.12256e-05
1.11922e-05
1.11552e-05
1.11151e-05
1.10727e-05
1.10277e-05
1.09807e-05
1.09314e-05
1.08802e-05
1.0827e-05
1.0772e-05
1.07153e-05
1.0657e-05
1.05973e-05
1.05365e-05
1.04745e-05
1.04116e-05
1.0348e-05
1.02838e-05
1.02191e-05
1.01542e-05
1.0089e-05
1.00238e-05
9.95865e-06
9.89358e-06
9.82869e-06
9.76414e-06
9.69999e-06
9.63612e-06
9.57264e-06
9.5097e-06
9.44734e-06
9.3854e-06
9.32393e-06
9.26305e-06
9.20281e-06
9.14316e-06
9.08408e-06
9.02569e-06
8.9681e-06
8.91128e-06
8.85532e-06
8.8004e-06
8.74677e-06
8.69446e-06
8.64372e-06
8.59438e-06
8.54633e-06
8.49936e-06
8.45368e-06
8.40902e-06
8.36583e-06
8.32725e-06
3.43857e-05
4.18926e-05
4.59976e-05
4.72373e-05
4.50914e-05
4.04907e-05
3.5751e-05
2.25202e-05
2.0617e-05
1.90104e-05
1.7774e-05
1.69125e-05
1.63714e-05
1.91621e-05
1.61208e-05
1.62006e-05
1.63106e-05
1.76056e-05
1.62347e-05
1.63431e-05
1.66493e-05
1.68117e-05
1.68254e-05
1.67905e-05
1.67376e-05
1.66778e-05
1.6613e-05
1.65452e-05
1.64741e-05
1.64003e-05
1.63236e-05
1.62443e-05
1.61623e-05
1.60781e-05
1.59915e-05
1.59028e-05
1.58123e-05
1.57201e-05
1.56265e-05
1.55316e-05
1.54357e-05
1.53391e-05
1.52419e-05
1.51444e-05
1.50466e-05
1.49488e-05
1.48512e-05
1.47537e-05
1.46566e-05
1.456e-05
1.44641e-05
1.43687e-05
1.42738e-05
1.41798e-05
1.40867e-05
1.39943e-05
1.39026e-05
1.38118e-05
1.3722e-05
1.3633e-05
1.35449e-05
1.34578e-05
1.33718e-05
1.32869e-05
1.32033e-05
1.31211e-05
1.30406e-05
1.29618e-05
1.28851e-05
1.28101e-05
1.27366e-05
1.26642e-05
1.25929e-05
1.25223e-05
1.24528e-05
1.23888e-05
4.31249e-05
5.12884e-05
5.73702e-05
6.01185e-05
5.8856e-05
5.38863e-05
4.82209e-05
3.30237e-05
3.00409e-05
2.7522e-05
2.55574e-05
2.41006e-05
2.30715e-05
2.70929e-05
2.2062e-05
2.19492e-05
2.19924e-05
2.48181e-05
2.19168e-05
2.21367e-05
2.27739e-05
2.31159e-05
2.31659e-05
2.31202e-05
2.30413e-05
2.29507e-05
2.28536e-05
2.27527e-05
2.26483e-05
2.25407e-05
2.243e-05
2.23162e-05
2.21995e-05
2.20799e-05
2.19577e-05
2.1833e-05
2.1706e-05
2.15772e-05
2.14465e-05
2.13144e-05
2.11812e-05
2.10472e-05
2.09124e-05
2.07774e-05
2.06422e-05
2.05071e-05
2.03723e-05
2.02379e-05
2.0104e-05
1.9971e-05
1.9839e-05
1.97076e-05
1.95772e-05
1.9448e-05
1.932e-05
1.9193e-05
1.90671e-05
1.89425e-05
1.88193e-05
1.86972e-05
1.85763e-05
1.84567e-05
1.83386e-05
1.8222e-05
1.81069e-05
1.79936e-05
1.78823e-05
1.77731e-05
1.76662e-05
1.75611e-05
1.74575e-05
1.73544e-05
1.72518e-05
1.71486e-05
1.70452e-05
1.69466e-05
5.07785e-05
5.97153e-05
6.79671e-05
7.28468e-05
7.2858e-05
6.81351e-05
6.17096e-05
4.62245e-05
4.1845e-05
3.81721e-05
3.5253e-05
3.30453e-05
3.14368e-05
3.61237e-05
2.95645e-05
2.91014e-05
2.88673e-05
3.31282e-05
2.8611e-05
2.88764e-05
2.98234e-05
3.0332e-05
3.0405e-05
3.03351e-05
3.02176e-05
3.00843e-05
2.99439e-05
2.97995e-05
2.9652e-05
2.95014e-05
2.93479e-05
2.91913e-05
2.90317e-05
2.88693e-05
2.8704e-05
2.8536e-05
2.83657e-05
2.81934e-05
2.80192e-05
2.78435e-05
2.76666e-05
2.7489e-05
2.73107e-05
2.71323e-05
2.69538e-05
2.67758e-05
2.65983e-05
2.64215e-05
2.62455e-05
2.60707e-05
2.58974e-05
2.57251e-05
2.55541e-05
2.53848e-05
2.52173e-05
2.50511e-05
2.48863e-05
2.47233e-05
2.45622e-05
2.44026e-05
2.42446e-05
2.40883e-05
2.39339e-05
2.37812e-05
2.36305e-05
2.34817e-05
2.33352e-05
2.31909e-05
2.30489e-05
2.29086e-05
2.27693e-05
2.26296e-05
2.24888e-05
2.23452e-05
2.21987e-05
2.20547e-05
5.70609e-05
6.72149e-05
7.81463e-05
8.5751e-05
8.77898e-05
8.42432e-05
7.71207e-05
6.32044e-05
5.68798e-05
5.16307e-05
4.74431e-05
4.4256e-05
4.18793e-05
4.62396e-05
3.8951e-05
3.81092e-05
3.75684e-05
4.24875e-05
3.69878e-05
3.71688e-05
3.81706e-05
3.86926e-05
3.87266e-05
3.85991e-05
3.84201e-05
3.82251e-05
3.80249e-05
3.78219e-05
3.76172e-05
3.74106e-05
3.72019e-05
3.69908e-05
3.67773e-05
3.65613e-05
3.63429e-05
3.6122e-05
3.5899e-05
3.56742e-05
3.54478e-05
3.52201e-05
3.49914e-05
3.47622e-05
3.45327e-05
3.43034e-05
3.40744e-05
3.38461e-05
3.3619e-05
3.3393e-05
3.31682e-05
3.29451e-05
3.27241e-05
3.25047e-05
3.22871e-05
3.20717e-05
3.18588e-05
3.16477e-05
3.14386e-05
3.12317e-05
3.10273e-05
3.0825e-05
3.06246e-05
3.04265e-05
3.02306e-05
3.0037e-05
2.98454e-05
2.96561e-05
2.9469e-05
2.92841e-05
2.91014e-05
2.89199e-05
2.87384e-05
2.8555e-05
2.83681e-05
2.8175e-05
2.79745e-05
2.77715e-05
6.17286e-05
7.34265e-05
8.75579e-05
9.85353e-05
0.000103434
0.000102194
9.5808e-05
8.41814e-05
7.61231e-05
6.89086e-05
6.3037e-05
5.85118e-05
5.50883e-05
5.76426e-05
5.07511e-05
4.94416e-05
4.85461e-05
5.2895e-05
4.75463e-05
4.75206e-05
4.82086e-05
4.84979e-05
4.83889e-05
4.81483e-05
4.78705e-05
4.75837e-05
4.72978e-05
4.70122e-05
4.67289e-05
4.64462e-05
4.61635e-05
4.58804e-05
4.55964e-05
4.53113e-05
4.50248e-05
4.4737e-05
4.4448e-05
4.41578e-05
4.38669e-05
4.35753e-05
4.32835e-05
4.29918e-05
4.27005e-05
4.24101e-05
4.21206e-05
4.18326e-05
4.15464e-05
4.12621e-05
4.09797e-05
4.06998e-05
4.04228e-05
4.01482e-05
3.98759e-05
3.96068e-05
3.93409e-05
3.90776e-05
3.88169e-05
3.85592e-05
3.83047e-05
3.80529e-05
3.78036e-05
3.75571e-05
3.73134e-05
3.70723e-05
3.68336e-05
3.65973e-05
3.6363e-05
3.61306e-05
3.58998e-05
3.56695e-05
3.54377e-05
3.52019e-05
3.49589e-05
3.47049e-05
3.4437e-05
3.41579e-05
6.45535e-05
7.79245e-05
9.57513e-05
0.000110748
0.0001193
0.000121383
0.000117092
0.000107556
9.87464e-05
9.01055e-05
8.25822e-05
7.65277e-05
7.18166e-05
7.13428e-05
6.56348e-05
6.36951e-05
6.22988e-05
6.4715e-05
6.05455e-05
6.01117e-05
6.02055e-05
6.0077e-05
5.972e-05
5.92959e-05
5.88653e-05
5.84403e-05
5.8028e-05
5.76231e-05
5.72275e-05
5.68378e-05
5.64527e-05
5.6071e-05
5.56919e-05
5.53147e-05
5.49387e-05
5.45636e-05
5.41893e-05
5.38158e-05
5.34431e-05
5.30713e-05
5.27007e-05
5.23316e-05
5.1964e-05
5.15987e-05
5.12354e-05
5.08747e-05
5.05171e-05
5.01624e-05
4.98107e-05
4.94626e-05
4.91185e-05
4.87779e-05
4.84407e-05
4.81076e-05
4.77789e-05
4.74537e-05
4.7132e-05
4.68142e-05
4.65006e-05
4.61905e-05
4.58836e-05
4.55802e-05
4.52801e-05
4.49831e-05
4.46888e-05
4.43967e-05
4.41062e-05
4.38169e-05
4.35282e-05
4.32385e-05
4.29452e-05
4.26447e-05
4.23322e-05
4.20018e-05
4.16486e-05
4.12704e-05
8.02622e-05
0.000102272
0.000121936
0.00013492
0.000141269
0.000140302
0.000133097
0.000124274
0.000114704
0.000105799
9.82647e-05
9.216e-05
8.88932e-05
8.36985e-05
8.08995e-05
7.87804e-05
7.89908e-05
7.58699e-05
7.48959e-05
7.43251e-05
7.37032e-05
7.30148e-05
7.23296e-05
7.16769e-05
7.10518e-05
7.04576e-05
6.9883e-05
6.93296e-05
6.87912e-05
6.82657e-05
6.77507e-05
6.72443e-05
6.67453e-05
6.62524e-05
6.57646e-05
6.52813e-05
6.48021e-05
6.43268e-05
6.38551e-05
6.33871e-05
6.29226e-05
6.2462e-05
6.20054e-05
6.15527e-05
6.11043e-05
6.06606e-05
6.02216e-05
5.97869e-05
5.93572e-05
5.89331e-05
5.85139e-05
5.80994e-05
5.76903e-05
5.72869e-05
5.68883e-05
5.64943e-05
5.61053e-05
5.57215e-05
5.53422e-05
5.49669e-05
5.45957e-05
5.42286e-05
5.38648e-05
5.35036e-05
5.31443e-05
5.27855e-05
5.24265e-05
5.20659e-05
5.17019e-05
5.13308e-05
5.09478e-05
5.05461e-05
5.01172e-05
4.9654e-05
4.91435e-05
0.00010665
0.000131622
0.000149828
0.000161364
0.000164859
0.000160776
0.000152862
0.000142897
0.000132823
0.000123803
0.000116162
0.000110587
0.000104954
0.000101048
9.79818e-05
9.63874e-05
9.35587e-05
9.19423e-05
9.06943e-05
8.95333e-05
8.84337e-05
8.74038e-05
8.64503e-05
8.55532e-05
8.4712e-05
8.39089e-05
8.31444e-05
8.2409e-05
8.16988e-05
8.10102e-05
8.03399e-05
7.96855e-05
7.90447e-05
7.84158e-05
7.77974e-05
7.71884e-05
7.6588e-05
7.59954e-05
7.54102e-05
7.48321e-05
7.42608e-05
7.36963e-05
7.31384e-05
7.2587e-05
7.20427e-05
7.15051e-05
7.09738e-05
7.04492e-05
6.99321e-05
6.94217e-05
6.89173e-05
6.842e-05
6.793e-05
6.7446e-05
6.69678e-05
6.64957e-05
6.60301e-05
6.55699e-05
6.51144e-05
6.46635e-05
6.4217e-05
6.37739e-05
6.33327e-05
6.28922e-05
6.24499e-05
6.20047e-05
6.15538e-05
6.1095e-05
6.06236e-05
6.01333e-05
5.96149e-05
5.90572e-05
5.84512e-05
5.77641e-05
0.000139286
0.000163513
0.000181179
0.000190216
0.00019031
0.000184501
0.000174973
0.000164111
0.000153643
0.000144308
0.000136627
0.00012981
0.000124514
0.000120248
0.000117128
0.000113919
0.000111526
0.000109542
0.000107764
0.000106154
0.000104681
0.000103335
0.000102082
0.000100918
9.98172e-05
9.87787e-05
9.77892e-05
9.68423e-05
9.59323e-05
9.50544e-05
9.42047e-05
9.33795e-05
9.25758e-05
9.17913e-05
9.10238e-05
9.02717e-05
8.95335e-05
8.88081e-05
8.80947e-05
8.73924e-05
8.67009e-05
8.60196e-05
8.53479e-05
8.46864e-05
8.40344e-05
8.33911e-05
8.27568e-05
8.21322e-05
8.15165e-05
8.09087e-05
8.03097e-05
7.97198e-05
7.91374e-05
7.8562e-05
7.79939e-05
7.74335e-05
7.68794e-05
7.63304e-05
7.57862e-05
7.52464e-05
7.47093e-05
7.41729e-05
7.36346e-05
7.30906e-05
7.25387e-05
7.19747e-05
7.13955e-05
7.07951e-05
7.0166e-05
6.94965e-05
6.87725e-05
6.79846e-05
6.70685e-05
0.000144344
0.000175393
0.000200178
0.00021583
0.00022122
0.000218857
0.000210939
0.000200007
0.00018834
0.000177247
0.000167464
0.00015894
0.000151945
0.000146191
0.000141566
0.000137478
0.000134127
0.000131278
0.000128756
0.000126506
0.000124466
0.000122615
0.000120904
0.000119325
0.000117842
0.000116453
0.000115139
0.000113891
0.0001127
0.00011156
0.000110465
0.000109409
0.000108388
0.000107398
0.000106435
0.000105497
0.000104582
0.000103686
0.000102809
0.000101949
0.000101106
0.000100277
9.94621e-05
9.86614e-05
9.7874e-05
9.70983e-05
9.63346e-05
9.55834e-05
9.48438e-05
9.41144e-05
9.33959e-05
9.26885e-05
9.19905e-05
9.13007e-05
9.06197e-05
8.99474e-05
8.92822e-05
8.86225e-05
8.79674e-05
8.73163e-05
8.66665e-05
8.6015e-05
8.5358e-05
8.46895e-05
8.40056e-05
8.33004e-05
8.25693e-05
8.18052e-05
8.09991e-05
8.01375e-05
7.9204e-05
7.81902e-05
7.69881e-05
0.000146159
0.000184797
0.000217738
0.000241124
0.000252948
0.000255367
0.00025045
0.000240559
0.000228289
0.000215587
0.000203682
0.000193093
0.000184091
0.000176538
0.00017025
0.00016489
0.00016035
0.000156451
0.00015301
0.000149955
0.000147199
0.000144705
0.000142413
0.000140305
0.000138337
0.000136502
0.000134777
0.000133148
0.000131604
0.000130134
0.000128731
0.000127387
0.000126095
0.000124849
0.000123645
0.000122478
0.000121344
0.00012024
0.000119163
0.000118111
0.000117083
0.000116075
0.000115087
0.000114118
0.000113168
0.000112233
0.000111314
0.00011041
0.000109522
0.000108647
0.000107785
0.000106937
0.0001061
0.000105273
0.000104456
0.000103649
0.00010285
0.000102056
0.000101267
0.00010048
9.96935e-05
9.89014e-05
9.80986e-05
9.72766e-05
9.64293e-05
9.55482e-05
9.46272e-05
9.36576e-05
9.26296e-05
9.15282e-05
9.03351e-05
8.90456e-05
0.000144075
0.000190964
0.000233128
0.000265436
0.000284884
0.000293378
0.000292902
0.000285453
0.000273593
0.000259772
0.00024587
0.000233019
0.00022174
0.000212081
0.000203877
0.000196896
0.000190899
0.000185713
0.000181138
0.00017708
0.000173427
0.000170126
0.000167102
0.000164328
0.000161751
0.000159355
0.000157113
0.000155006
0.000153018
0.000151136
0.000149348
0.000147645
0.000146015
0.000144453
0.000142949
0.000141499
0.000140096
0.000138736
0.000137415
0.000136128
0.000134873
0.000133648
0.00013245
0.000131277
0.000130128
0.000129
0.000127892
0.000126804
0.000125736
0.000124684
0.000123648
0.000122629
0.000121624
0.00012063
0.000119648
0.000118677
0.000117715
0.000116759
0.000115805
0.000114854
0.000113899
0.000112934
0.000111952
0.000110941
0.000109892
0.000108794
0.000107638
0.000106414
0.000105112
0.000103715
0.000102205
0.000100583
0.00013748
0.000193061
0.000245498
0.000287974
0.000316338
0.000332199
0.000337555
0.00033407
0.000323992
0.000309968
0.000294494
0.000279405
0.000265682
0.000253648
0.000243246
0.000234311
0.000226562
0.000219819
0.000213858
0.000208564
0.000203799
0.000199497
0.000195562
0.000191959
0.000188621
0.000185526
0.00018264
0.000179936
0.000177396
0.000175001
0.000172735
0.000170585
0.000168538
0.000166584
0.000164711
0.000162912
0.000161178
0.000159504
0.000157882
0.000156308
0.000154778
0.000153287
0.000151831
0.00015041
0.00014902
0.000147657
0.00014632
0.000145009
0.000143722
0.000142455
0.000141209
0.000139982
0.000138772
0.000137576
0.000136393
0.000135223
0.000134062
0.000132906
0.000131753
0.000130599
0.000129439
0.000128263
0.000127062
0.000125821
0.000124525
0.000123162
0.000121718
0.000120184
0.000118548
0.000116794
0.000114902
0.000112883
0.000125804
0.000190273
0.000253886
0.000307787
0.000346482
0.000371081
0.000383628
0.000385607
0.000378878
0.000365972
0.000349767
0.000332789
0.000316643
0.000302068
0.000289217
0.00027802
0.000268216
0.000259618
0.000251991
0.000245197
0.000239076
0.000233545
0.00022849
0.000223864
0.000219586
0.000215627
0.000211943
0.000208502
0.000205277
0.000202247
0.00019939
0.000196689
0.000194126
0.000191688
0.000189361
0.000187133
0.000184993
0.000182933
0.000180944
0.000179019
0.000177151
0.000175337
0.000173569
0.000171845
0.000170162
0.000168514
0.000166899
0.000165316
0.000163764
0.000162236
0.000160734
0.000159256
0.000157797
0.000156355
0.000154928
0.000153516
0.000152114
0.000150717
0.000149321
0.000147922
0.000146512
0.00014508
0.000143614
0.000142093
0.0001405
0.000138816
0.000137027
0.000135119
0.000133083
0.000130901
0.000128556
0.000126066
0.000109501
0.00018199
0.000257243
0.000323743
0.000374301
0.000409153
0.000430296
0.000439186
0.000437402
0.000427196
0.000411526
0.000393429
0.00037519
0.000358101
0.000342652
0.000328949
0.000316803
0.000306054
0.000296463
0.000287882
0.000280133
0.000273115
0.0002667
0.000260825
0.000255399
0.00025038
0.000245716
0.000241368
0.000237302
0.000233489
0.000229905
0.000226525
0.000223329
0.000220296
0.00021741
0.000214656
0.000212019
0.000209487
0.000207049
0.000204695
0.000202417
0.000200208
0.000198059
0.000195968
0.000193929
0.000191935
0.000189983
0.000188071
0.000186197
0.000184355
0.000182543
0.00018076
0.000179001
0.000177261
0.000175539
0.000173835
0.000172141
0.000170452
0.000168762
0.000167067
0.000165356
0.000163617
0.000161831
0.000159975
0.000158026
0.000155961
0.00015376
0.00015141
0.000148899
0.000146213
0.000143334
0.000140295
9.01039e-05
0.000168087
0.000254496
0.000334521
0.000398547
0.000445341
0.000476622
0.000493886
0.000498595
0.000492754
0.000479192
0.000461187
0.000441593
0.000422322
0.000404329
0.000387998
0.000373295
0.00036013
0.000348289
0.000337627
0.00032796
0.000319176
0.000311131
0.000303754
0.000296939
0.000290634
0.000284778
0.000279324
0.00027423
0.000269461
0.000264986
0.000260775
0.000256801
0.000253041
0.000249471
0.000246072
0.000242827
0.000239718
0.000236732
0.000233855
0.000231077
0.000228388
0.000225777
0.000223239
0.000220769
0.000218356
0.000215996
0.000213686
0.000211423
0.000209199
0.000207013
0.000204863
0.000202741
0.000200642
0.000198566
0.000196508
0.000194463
0.000192423
0.00019038
0.00018833
0.000186259
0.000184151
0.000181985
0.000179731
0.000177361
0.000174846
0.000172162
0.000169292
0.000166226
0.000162951
0.000159452
0.000155774
7.06349e-05
0.000149041
0.000244615
0.000338631
0.000417721
0.000478311
0.000521464
0.000548679
0.000561423
0.000561588
0.000551837
0.000535471
0.000515696
0.000494978
0.000474804
0.000455944
0.000438613
0.000422855
0.000408527
0.000395516
0.000383647
0.000372808
0.000362852
0.000353696
0.000345226
0.00033738
0.00033009
0.0003233
0.000316961
0.000311031
0.000305472
0.000300248
0.000295327
0.000290678
0.000286274
0.000282089
0.000278101
0.000274289
0.000270635
0.000267122
0.000263735
0.000260463
0.000257291
0.000254212
0.000251219
0.000248298
0.000245445
0.000242654
0.000239921
0.000237238
0.000234601
0.000232007
0.000229449
0.000226919
0.000224416
0.000221935
0.000219469
0.000217008
0.000214544
0.000212069
0.000209569
0.000207024
0.000204407
0.000201684
0.00019882
0.000195778
0.000192531
0.000189058
0.000185348
0.000181393
0.000177179
0.000172765
5.81344e-05
0.000126281
0.000226795
0.0003345
0.000430058
0.000506415
0.000563394
0.000602332
0.000624749
0.000632546
0.000628312
0.000615294
0.000596853
0.000575847
0.000554255
0.000533289
0.000513499
0.000495141
0.000478205
0.000462649
0.000448338
0.00043518
0.000423034
0.000411817
0.000401412
0.000391751
0.00038276
0.000374377
0.000366547
0.000359221
0.000352356
0.000345908
0.000339839
0.000334113
0.000328695
0.000323555
0.000318665
0.000313999
0.000309533
0.000305246
0.000301121
0.000297141
0.000293289
0.000289555
0.000285928
0.000282395
0.000278945
0.000275573
0.000272274
0.000269038
0.000265859
0.000262732
0.00025965
0.000256603
0.000253588
0.0002506
0.000247631
0.000244668
0.000241702
0.000238723
0.000235714
0.000232651
0.000229505
0.000226232
0.000222791
0.000219138
0.000215239
0.000211071
0.000206622
0.000201886
0.000196855
0.000191596
4.9786e-05
0.000101913
0.000200995
0.000320679
0.000433569
0.000527657
0.00060062
0.000653301
0.00068722
0.000704356
0.000707337
0.000699405
0.000683993
0.000664189
0.000642348
0.000620095
0.000598354
0.000577657
0.000558192
0.000540042
0.000523153
0.000507479
0.000492909
0.000479373
0.000466762
0.00045501
0.000444042
0.000433792
0.000424203
0.000415222
0.000406799
0.000398887
0.000391441
0.000384418
0.000377778
0.000371485
0.000365504
0.000359803
0.000354355
0.000349132
0.000344113
0.000339277
0.000334603
0.000330077
0.000325686
0.000321412
0.000317245
0.000313174
0.000309193
0.000305292
0.000301462
0.000297696
0.000293986
0.00029032
0.000286694
0.000283101
0.000279533
0.000275973
0.000272411
0.000268834
0.000265224
0.000261552
0.000257784
0.000253869
0.000249759
0.000245401
0.000240753
0.000235788
0.000230496
0.000224871
0.00021891
0.000212681
4.48453e-05
7.97287e-05
0.000168705
0.000296258
0.000426155
0.000539675
0.000630921
0.000699631
0.000747145
0.00077552
0.000787492
0.00078639
0.000775745
0.00075881
0.000738199
0.000715861
0.000693066
0.000670644
0.000649027
0.00062847
0.00060905
0.000590802
0.000573675
0.000557634
0.000542595
0.000528504
0.000515296
0.00050291
0.00049129
0.000480381
0.000470132
0.000460494
0.000451415
0.00044285
0.000434752
0.000427078
0.000419788
0.000412846
0.000406216
0.000399867
0.000393771
0.000387904
0.00038224
0.00037676
0.000371449
0.000366286
0.000361256
0.000356345
0.000351547
0.000346848
0.000342238
0.000337708
0.000333247
0.000328843
0.000324488
0.000320176
0.000315894
0.000311626
0.000307359
0.000303077
0.000298758
0.000294372
0.000289876
0.000285216
0.000280332
0.000275163
0.00026966
0.000263789
0.000257539
0.000250906
0.000243896
0.000236551
4.26345e-05
6.2757e-05
0.000135414
0.000261759
0.00040592
0.000539794
0.000651605
0.000738869
0.000802376
0.000844167
0.000867101
0.000874662
0.00087055
0.000858207
0.000840464
0.000819517
0.000796917
0.000773761
0.000750728
0.000728276
0.000706644
0.000685989
0.000666352
0.00064776
0.000630178
0.000613581
0.000597929
0.000583174
0.000569272
0.000556174
0.000543832
0.000532198
0.000521221
0.00051085
0.000501036
0.000491731
0.000482891
0.000474472
0.000466434
0.000458741
0.000451359
0.000444259
0.00043741
0.000430789
0.000424377
0.000418149
0.000412086
0.000406171
0.000400396
0.000394744
0.000389203
0.000383762
0.000378407
0.000373124
0.000367903
0.000362736
0.00035761
0.000352505
0.000347404
0.000342292
0.000337142
0.00033192
0.000326577
0.000321053
0.000315277
0.000309181
0.000302704
0.000295807
0.000288476
0.000280709
0.000272521
0.000263885
4.31729e-05
5.30226e-05
0.000105017
0.000219264
0.000371642
0.000525191
0.000659492
0.000767991
0.000850198
0.000907918
0.000944081
0.000962343
0.000966639
0.00096066
0.000947485
0.000929543
0.000908617
0.000886025
0.000862665
0.000839187
0.000816006
0.000793417
0.000771582
0.000750618
0.000730562
0.000711442
0.000693258
0.000675995
0.000659631
0.000644133
0.000629467
0.000615591
0.000602458
0.000590021
0.000578228
0.000567032
0.000556383
0.000546235
0.000536543
0.000527265
0.000518364
0.000509804
0.000501551
0.000493575
0.000485854
0.000478361
0.000471071
0.000463964
0.000457027
0.000450244
0.000443597
0.000437075
0.00043066
0.000424335
0.000418089
0.000411913
0.000405789
0.000399698
0.000393618
0.000387531
0.000381409
0.000375211
0.000368886
0.000362363
0.000355566
0.000348412
0.000340834
0.000332782
0.000324239
0.000315203
0.000305703
0.000295567
4.34927e-05
4.83132e-05
7.96687e-05
0.000171991
0.000323386
0.000493294
0.000651015
0.000783344
0.000887223
0.000963748
0.00101577
0.00104709
0.0010619
0.00106419
0.00105736
0.00104411
0.00102645
0.0010059
0.000983564
0.000960242
0.000936511
0.000912806
0.000889414
0.000866557
0.000844365
0.000822936
0.000802333
0.000782587
0.000763715
0.000745717
0.00072858
0.000712281
0.000696787
0.000682058
0.000668049
0.000654715
0.000642006
0.000629876
0.000618277
0.000607165
0.000596496
0.000586234
0.000576338
0.000566775
0.000557518
0.000548538
0.000539804
0.000531292
0.000522988
0.00051487
0.000506921
0.000499124
0.00049146
0.00048391
0.000476459
0.000469096
0.000461802
0.000454554
0.000447329
0.000440104
0.000432848
0.000425519
0.000418058
0.000410388
0.000402423
0.000394071
0.000385253
0.00037591
0.00036602
0.000355578
0.000344635
0.000332755
4.33767e-05
4.54714e-05
6.24457e-05
0.000126628
0.0002637
0.000442559
0.000622516
0.000780676
0.000909303
0.00100786
0.00107879
0.00112592
0.00115369
0.00116642
0.00116788
0.0011611
0.00114838
0.00113147
0.00111164
0.00108985
0.00106683
0.00104313
0.00101915
0.000995212
0.000971543
0.000948323
0.000925687
0.00090373
0.000882522
0.000862107
0.00084251
0.000823739
0.000805785
0.000788626
0.000772233
0.000756568
0.000741591
0.000727256
0.000713518
0.000700334
0.000687658
0.000675452
0.000663672
0.000652282
0.000641252
0.000630549
0.000620142
0.000609998
0.000600102
0.000590431
0.000580964
0.000571681
0.00056256
0.00055358
0.000544725
0.000535978
0.000527321
0.000518727
0.000510171
0.000501626
0.00049306
0.000484426
0.00047566
0.000466679
0.00045739
0.00044769
0.000437489
0.000426717
0.000415347
0.000403368
0.000390863
4.34962e-05
4.43185e-05
5.21897e-05
9.13226e-05
0.00019928
0.000374014
0.000570972
0.00075535
0.000911508
0.00103555
0.00112885
0.00119501
0.00123862
0.00126435
0.00127634
0.00127803
0.00127206
0.00126046
0.00124472
0.00122597
0.00120508
0.0011827
0.00115934
0.00113542
0.00111124
0.00108707
0.00106311
0.00103952
0.00101643
0.000993946
0.000972138
0.000951055
0.000930724
0.000911157
0.000892345
0.000874271
0.000856908
0.000840224
0.000824181
0.000808739
0.000793856
0.000779496
0.000765616
0.000752177
0.000739148
0.000726495
0.000714185
0.000702182
0.000690467
0.000679017
0.000667809
0.000656818
0.000646023
0.000635398
0.000624924
0.000614584
0.000604357
0.000594215
0.000584128
0.000574069
0.000564001
0.000553875
0.000543624
0.00053316
0.000522381
0.000511179
0.000499451
0.000487118
0.000474148
0.00046052
0.000446357
4.38483e-05
4.4153e-05
4.76219e-05
6.8147e-05
0.000140482
0.000293092
0.000495459
0.000702974
0.000888271
0.00104119
0.00116064
0.00124952
0.00131236
0.0013541
0.00137929
0.0013918
0.00139466
0.00139024
0.0013803
0.00136618
0.00134892
0.0013293
0.00130793
0.00128531
0.00126182
0.0012378
0.00121351
0.00118917
0.00116498
0.00114108
0.0011176
0.00109465
0.00107229
0.00105057
0.00102951
0.00100914
0.000989442
0.000970409
0.000952017
0.000934239
0.000917042
0.000900397
0.000884266
0.000868611
0.000853403
0.000838612
0.000824203
0.000810139
0.000796399
0.00078296
0.000769798
0.000756887
0.000744203
0.000731721
0.000719417
0.000707274
0.000695268
0.00068337
0.00067155
0.000659777
0.000648011
0.000636203
0.000624283
0.00061216
0.000599728
0.000586872
0.000573483
0.000559472
0.000544801
0.000529443
0.000513566
4.4252e-05
4.53674e-05
5.46924e-05
9.6203e-05
0.000210523
0.000399543
0.00062085
0.000833943
0.00101824
0.0011677
0.0012834
0.0013694
0.00143072
0.0014723
0.00149843
0.00151259
0.00151753
0.00151534
0.00150764
0.00149565
0.00148032
0.0014624
0.00144248
0.00142102
0.00139841
0.00137499
0.00135103
0.00132677
0.0013024
0.00127811
0.00125403
0.00123028
0.00120695
0.00118412
0.00116181
0.00114007
0.00111891
0.00109833
0.00107831
0.00105886
0.00103994
0.00102153
0.00100361
0.000986139
0.000969106
0.000952478
0.000936217
0.000920302
0.000904714
0.000889431
0.000874425
0.000859672
0.000845146
0.000830826
0.000816688
0.000802712
0.000788869
0.000775125
0.000761448
0.000747799
0.000734128
0.000720365
0.000706417
0.000692178
0.000677532
0.000662363
0.000646579
0.000630137
0.000613007
0.000595396
4.44797e-05
4.48284e-05
4.84711e-05
6.88535e-05
0.000140144
0.000293815
0.00051066
0.000744209
0.000959854
0.00114253
0.00128931
0.00140286
0.00148794
0.00154969
0.0015928
0.00162123
0.00163815
0.00164605
0.00164683
0.001642
0.00163269
0.00161981
0.00160409
0.00158608
0.00156627
0.00154504
0.00152272
0.0014996
0.00147591
0.00145188
0.00142768
0.00140347
0.00137938
0.00135551
0.00133195
0.00130875
0.00128596
0.00126361
0.00124171
0.00122028
0.00119932
0.00117881
0.00115875
0.0011391
0.00111988
0.00110105
0.00108258
0.00106445
0.00104665
0.00102917
0.00101198
0.000995045
0.000978358
0.000961892
0.000945624
0.000929534
0.000913597
0.000897778
0.000882045
0.000866361
0.000850676
0.000834923
0.000819011
0.000802838
0.000786288
0.000769247
0.000751618
0.000733361
0.000714441
0.0006951
4.46546e-05
4.47607e-05
4.62402e-05
5.47826e-05
9.17579e-05
0.000195748
0.000382353
0.000619113
0.000860257
0.00107701
0.00125861
0.00140435
0.00151789
0.00160423
0.00166835
0.00171464
0.00174673
0.00176752
0.0017793
0.00178385
0.00178258
0.00177659
0.00176676
0.00175379
0.00173826
0.00172064
0.00170132
0.00168065
0.00165892
0.00163637
0.00161323
0.00158968
0.00156589
0.00154199
0.00151809
0.00149429
0.00147066
0.00144725
0.00142412
0.00140129
0.00137878
0.00135661
0.00133478
0.00131329
0.00129214
0.00127133
0.00125083
0.00123063
0.00121073
0.00119113
0.00117179
0.00115271
0.00113386
0.00111523
0.0010968
0.00107854
0.00106045
0.00104248
0.00102461
0.0010068
0.000989014
0.000971179
0.000953213
0.000935022
0.000916494
0.000897521
0.000878006
0.000857907
0.000837189
0.00081611
4.47837e-05
4.48183e-05
4.54911e-05
4.88624e-05
6.50723e-05
0.000122409
0.00025611
0.000467917
0.000718099
0.000964045
0.00118193
0.00136402
0.001511
0.00162693
0.00171677
0.00178521
0.00183631
0.00187343
0.00189926
0.00191593
0.00192514
0.00192824
0.0019263
0.0019202
0.00191065
0.00189822
0.0018834
0.00186661
0.00184818
0.00182844
0.00180762
0.00178597
0.00176367
0.00174089
0.00171777
0.00169443
0.00167097
0.00164746
0.00162399
0.00160059
0.00157731
0.0015542
0.00153126
0.00150852
0.00148599
0.00146368
0.00144159
0.00141971
0.00139806
0.00137663
0.00135541
0.00133439
0.00131357
0.00129293
0.00127247
0.00125215
0.00123198
0.00121192
0.00119196
0.00117206
0.00115218
0.00113226
0.00111224
0.00109202
0.00107151
0.0010506
0.0010292
0.00100726
0.000984745
0.000961908
4.48634e-05
4.48972e-05
4.51944e-05
4.65008e-05
5.30298e-05
7.90209e-05
0.000155898
0.00031326
0.000542448
0.0008013
0.00105096
0.00127117
0.00145602
0.00160685
0.00172772
0.00182332
0.00189804
0.00195564
0.00199923
0.00203136
0.00205405
0.00206893
0.00207733
0.00208032
0.00207876
0.00207339
0.00206479
0.00205349
0.0020399
0.00202439
0.00200729
0.00198885
0.00196933
0.00194891
0.00192778
0.00190607
0.00188391
0.00186141
0.00183865
0.00181572
0.00179266
0.00176954
0.00174639
0.00172324
0.00170013
0.00167709
0.00165411
0.00163121
0.00160841
0.00158573
0.00156314
0.00154067
0.00151832
0.00149607
0.00147393
0.00145188
0.00142992
0.00140804
0.00138622
0.00136442
0.00134264
0.00132081
0.00129887
0.00127676
0.00125438
0.00123164
0.00120844
0.00118474
0.00116049
0.00113592
4.49016e-05
4.49494e-05
4.51279e-05
4.56153e-05
4.80898e-05
5.85626e-05
9.42064e-05
0.000186347
0.000359275
0.000598662
0.000862999
0.00111651
0.00134099
0.00153127
0.00168871
0.00181711
0.00192079
0.00200381
0.00206968
0.00212133
0.00216115
0.00219113
0.00221286
0.00222765
0.00223657
0.00224051
0.00224022
0.00223632
0.00222935
0.00221975
0.00220792
0.00219419
0.00217886
0.00216216
0.0021443
0.00212548
0.00210585
0.00208554
0.00206466
0.00204331
0.00202157
0.00199952
0.00197719
0.00195465
0.00193194
0.00190911
0.00188616
0.00186312
0.00184002
0.00181689
0.00179372
0.00177053
0.00174734
0.00172415
0.00170096
0.00167777
0.00165458
0.0016314
0.0016082
0.00158497
0.0015617
0.00153835
0.00151487
0.0014912
0.00146727
0.00144299
0.00141827
0.00139307
0.00136731
0.00134121
4.49084e-05
4.49692e-05
4.50793e-05
4.52891e-05
4.62087e-05
5.01155e-05
6.42828e-05
0.000106794
0.000207579
0.000387183
0.000630375
0.000897922
0.001156
0.00138698
0.00158547
0.00175235
0.00189091
0.00200506
0.00209853
0.00217459
0.00223602
0.00228514
0.00232388
0.00235381
0.00237625
0.0023923
0.00240287
0.00240873
0.00241054
0.00240886
0.00240417
0.00239689
0.00238738
0.00237594
0.00236284
0.0023483
0.00233252
0.00231568
0.00229792
0.00227936
0.0022601
0.00224025
0.00221987
0.00219902
0.00217778
0.0021562
0.00213431
0.00211213
0.00208972
0.00206711
0.0020443
0.00202131
0.00199818
0.00197492
0.00195153
0.00192802
0.0019044
0.00188068
0.00185685
0.0018329
0.00180883
0.00178462
0.00176023
0.00173561
0.00171071
0.00168545
0.00165976
0.00163358
0.00160683
0.00157967
4.48932e-05
4.49582e-05
4.50072e-05
4.51276e-05
4.54906e-05
4.6898e-05
5.20351e-05
6.84607e-05
0.000113581
0.000214951
0.000392066
0.000632713
0.000901104
0.0011643
0.00140385
0.00161323
0.00179233
0.00194373
0.00207084
0.00217705
0.00226541
0.00233858
0.00239881
0.00244799
0.00248771
0.00251929
0.00254387
0.00256239
0.00257566
0.00258437
0.00258912
0.00259042
0.00258871
0.00258438
0.00257777
0.00256915
0.00255877
0.00254686
0.0025336
0.00251916
0.00250365
0.00248723
0.00246998
0.00245199
0.00243333
0.00241411
0.00239434
0.00237408
0.00235339
0.00233232
0.00231088
0.00228909
0.00226701
0.00224464
0.00222202
0.00219913
0.00217601
0.00215267
0.00212912
0.00210535
0.00208136
0.00205714
0.00203268
0.00200795
0.0019829
0.00195747
0.0019316
0.00190522
0.00187827
0.00185087
4.48645e-05
4.49242e-05
4.49785e-05
4.50529e-05
4.52114e-05
4.57199e-05
4.74929e-05
5.32104e-05
6.98412e-05
0.000112732
0.000206607
0.000371864
0.000602581
0.000868099
0.00113586
0.00138537
0.00160794
0.00180189
0.00196882
0.00211149
0.00223291
0.0023359
0.00242301
0.00249641
0.00255798
0.00260933
0.0026518
0.00268656
0.00271459
0.00273675
0.00275377
0.00276628
0.00277482
0.00277989
0.00278188
0.00278117
0.00277806
0.00277284
0.00276574
0.00275696
0.00274669
0.0027351
0.00272231
0.00270844
0.00269361
0.00267791
0.00266142
0.00264419
0.0026263
0.00260782
0.00258877
0.0025692
0.00254916
0.00252868
0.00250779
0.0024865
0.00246484
0.00244284
0.00242051
0.00239785
0.00237487
0.00235159
0.00232798
0.00230405
0.00227975
0.00225506
0.00222991
0.00220426
0.00217804
0.00215133
4.4829e-05
4.48816e-05
4.49397e-05
4.5004e-05
4.50951e-05
4.52975e-05
4.59045e-05
4.7788e-05
5.32801e-05
6.80977e-05
0.000104686
0.000184244
0.000328391
0.00053982
0.000795922
0.00106535
0.00132468
0.00156189
0.00177294
0.00195796
0.00211884
0.0022581
0.00237829
0.00248179
0.00257072
0.00264693
0.00271204
0.00276743
0.0028143
0.00285368
0.00288646
0.00291344
0.00293527
0.00295255
0.00296579
0.00297545
0.00298191
0.00298553
0.00298661
0.00298541
0.00298217
0.0029771
0.00297036
0.00296213
0.00295255
0.00294175
0.00292982
0.00291686
0.00290296
0.00288822
0.00287268
0.00285639
0.00283943
0.00282185
0.00280368
0.00278495
0.00276569
0.00274596
0.00272577
0.00270514
0.00268408
0.00266261
0.00264075
0.00261848
0.00259581
0.00257272
0.00254915
0.00252508
0.00250044
0.00247531
4.48021e-05
4.48477e-05
4.49017e-05
4.49619e-05
4.50331e-05
4.51397e-05
4.53694e-05
4.59878e-05
4.77098e-05
5.23146e-05
6.40114e-05
9.19877e-05
0.000153022
0.000268301
0.000449309
0.000685201
0.00094919
0.00121521
0.00146675
0.0016962
0.00190144
0.00208308
0.0022429
0.00238304
0.00250565
0.00261275
0.00270616
0.00278749
0.00285814
0.00291936
0.00297223
0.00301768
0.00305653
0.00308953
0.00311728
0.00314037
0.00315926
0.0031744
0.00318618
0.00319492
0.00320092
0.00320446
0.00320575
0.00320501
0.00320243
0.00319818
0.00319239
0.00318518
0.00317669
0.00316703
0.00315626
0.00314448
0.00313177
0.0031182
0.00310383
0.00308869
0.00307285
0.00305635
0.00303924
0.00302154
0.00300328
0.0029845
0.00296521
0.00294543
0.00292519
0.00290446
0.00288322
0.00286147
0.00283914
0.0028163
4.48014e-05
4.48394e-05
4.48803e-05
4.49271e-05
4.49827e-05
4.50544e-05
4.51661e-05
4.53927e-05
4.59391e-05
4.73144e-05
5.07258e-05
5.89577e-05
7.811e-05
0.000120021
0.000202662
0.000342992
0.000543802
0.000788856
0.00105299
0.0013149
0.00156194
0.00178843
0.00199286
0.00217579
0.00233867
0.00248329
0.00261148
0.00272494
0.00282527
0.00291388
0.00299204
0.00306085
0.00312133
0.00317433
0.00322063
0.00326091
0.00329578
0.00332577
0.00335136
0.00337297
0.00339098
0.00340573
0.0034175
0.00342656
0.00343316
0.00343752
0.00343981
0.0034402
0.00343885
0.00343592
0.00343151
0.00342572
0.00341866
0.00341045
0.00340115
0.00339083
0.00337956
0.0033674
0.00335443
0.00334067
0.00332619
0.00331101
0.00329518
0.00327874
0.00326172
0.00324412
0.00322595
0.0032072
0.00318784
0.00316791
4.48153e-05
4.48817e-05
4.49372e-05
4.49857e-05
4.50325e-05
4.50836e-05
4.5148e-05
4.52472e-05
4.54372e-05
4.58556e-05
4.68241e-05
4.90783e-05
5.42759e-05
6.60307e-05
9.16452e-05
0.000143806
0.000239172
0.000390531
0.000596804
0.000841707
0.00110296
0.00136214
0.00160818
0.00183592
0.00204372
0.00223182
0.0024013
0.00255359
0.00269019
0.00281259
0.00292216
0.00302018
0.00310778
0.003186
0.00325575
0.00331785
0.00337305
0.00342199
0.00346526
0.00350338
0.00353682
0.00356601
0.00359131
0.00361306
0.00363156
0.0036471
0.0036599
0.00367019
0.00367817
0.00368403
0.00368792
0.00368998
0.00369035
0.00368917
0.00368653
0.00368253
0.00367726
0.00367082
0.00366328
0.0036547
0.00364515
0.0036347
0.00362339
0.00361128
0.00359843
0.00358485
0.00357058
0.00355561
0.00353994
0.00352361
4.47166e-05
4.47759e-05
4.48473e-05
4.49227e-05
4.49983e-05
4.50733e-05
4.51494e-05
4.52324e-05
4.53372e-05
4.55e-05
4.58029e-05
4.64296e-05
4.77862e-05
5.07643e-05
5.72802e-05
7.12698e-05
0.000100139
0.000155803
0.000252832
0.000401863
0.000602039
0.000839879
0.00109605
0.00135349
0.00160115
0.00183336
0.0020479
0.00224443
0.00242355
0.00258634
0.002734
0.00286777
0.00298886
0.00309841
0.00319745
0.00328693
0.00336772
0.0034406
0.00350627
0.00356537
0.00361847
0.00366609
0.00370869
0.0037467
0.00378048
0.00381041
0.00383676
0.00385982
0.00387985
0.0038971
0.00391175
0.00392398
0.00393399
0.00394194
0.00394797
0.0039522
0.00395474
0.00395573
0.00395526
0.00395342
0.0039503
0.00394597
0.00394051
0.00393401
0.00392652
0.0039181
0.00390878
0.00389859
0.00388755
0.00387568
4.45572e-05
4.45459e-05
4.45539e-05
4.45708e-05
4.459e-05
4.45835e-05
4.46041e-05
4.46491e-05
4.46989e-05
4.47439e-05
4.47916e-05
4.48602e-05
4.49427e-05
4.50355e-05
4.51392e-05
4.526e-05
4.54163e-05
4.56509e-05
4.60576e-05
4.68401e-05
4.84339e-05
5.17565e-05
5.86865e-05
7.28843e-05
0.000100902
0.000152912
0.00024141
0.000376527
0.000560066
0.00078319
0.00103012
0.00128467
0.00153475
0.00177328
0.00199688
0.00220435
0.00239569
0.00257148
0.00273262
0.00288012
0.00301498
0.0031382
0.00325073
0.00335345
0.00344717
0.00353263
0.00361052
0.00368145
0.00374598
0.00380464
0.00385789
0.00390615
0.00394981
0.00398922
0.0040247
0.00405656
0.00408503
0.00411037
0.0041328
0.00415253
0.00416973
0.00418458
0.00419722
0.00420782
0.0042165
0.00422337
0.00422856
0.00423215
0.00423427
0.00423499
0.00423442
0.00423261
0.00422964
0.00422554
0.00422036
0.00421413
4.45397e-05
4.45298e-05
4.45387e-05
4.45559e-05
4.45773e-05
4.45807e-05
4.45851e-05
4.459e-05
4.46128e-05
4.46449e-05
4.46817e-05
4.47223e-05
4.47641e-05
4.47999e-05
4.48637e-05
4.49447e-05
4.50451e-05
4.51728e-05
4.53473e-05
4.56118e-05
4.60587e-05
4.6882e-05
4.84819e-05
5.16674e-05
5.80227e-05
7.0506e-05
9.42583e-05
0.000137246
0.000209779
0.0003218
0.00047846
0.000676784
0.000906162
0.0011524
0.00140239
0.0016468
0.00188022
0.0021001
0.00230549
0.00249636
0.00267314
0.00283653
0.00298735
0.00312643
0.00325458
0.00337262
0.00348129
0.00358131
0.00367332
0.00375794
0.00383572
0.00390716
0.00397275
0.00403291
0.00408803
0.00413849
0.0041846
0.00422666
0.00426497
0.00429977
0.00433131
0.00435978
0.0043854
0.00440834
0.00442878
0.00444686
0.00446274
0.00447655
0.0044884
0.00449843
0.00450675
0.00451346
0.00451863
0.00452234
0.00452466
0.00452561
4.4524e-05
4.45197e-05
4.45305e-05
4.45479e-05
4.45711e-05
4.45885e-05
4.46173e-05
4.46374e-05
4.46497e-05
4.46599e-05
4.46692e-05
4.46772e-05
4.46834e-05
4.46987e-05
4.4723e-05
4.47472e-05
4.47808e-05
4.4838e-05
4.49155e-05
4.50219e-05
4.51759e-05
4.54168e-05
4.58246e-05
4.65602e-05
4.79435e-05
5.05935e-05
5.56768e-05
6.53011e-05
8.30662e-05
0.000114622
0.000167777
0.000251431
0.000372963
0.000535036
0.000733783
0.000959732
0.00120088
0.00144609
0.0016871
0.00191888
0.00213885
0.00234596
0.00253998
0.00272113
0.0028899
0.0030469
0.00319282
0.00332832
0.00345409
0.00357079
0.00367903
0.00377938
0.00387241
0.00395861
0.00403846
0.00411239
0.00418079
0.00424405
0.0043025
0.00435647
0.00440624
0.00445208
0.00449423
0.00453294
0.00456841
0.00460084
0.00463042
0.00465729
0.00468164
0.00470361
0.00472335
0.00474097
0.00475659
0.00477032
0.00478223
0.00479239
4.45114e-05
4.45139e-05
4.45247e-05
4.45392e-05
4.45568e-05
4.45681e-05
4.45829e-05
4.45952e-05
4.46093e-05
4.46258e-05
4.46426e-05
4.46581e-05
4.46713e-05
4.46831e-05
4.46947e-05
4.47057e-05
4.47175e-05
4.47327e-05
4.47528e-05
4.47856e-05
4.48345e-05
4.49072e-05
4.50194e-05
4.52025e-05
4.55173e-05
4.60818e-05
4.71202e-05
4.90512e-05
5.26358e-05
5.92127e-05
7.10358e-05
9.16845e-05
0.000126387
0.000181911
0.000265578
0.00038334
0.000537537
0.000725589
0.000940383
0.00117224
0.00141135
0.0016497
0.00188176
0.00210433
0.00231583
0.00251567
0.00270381
0.00288046
0.00304605
0.00320107
0.00334608
0.00348163
0.00360829
0.0037266
0.00383708
0.00394019
0.00403642
0.00412621
0.00420996
0.00428804
0.0043608
0.00442858
0.00449167
0.00455036
0.00460492
0.00465558
0.00470257
0.00474611
0.00478639
0.0048236
0.00485791
0.00488949
0.00491848
0.00494501
0.0049692
0.00499113
4.45053e-05
4.451e-05
4.45192e-05
4.45312e-05
4.45459e-05
4.45567e-05
4.45699e-05
4.4581e-05
4.45909e-05
4.46024e-05
4.46157e-05
4.46306e-05
4.46465e-05
4.46628e-05
4.46789e-05
4.46943e-05
4.47089e-05
4.4723e-05
4.47369e-05
4.47522e-05
4.47704e-05
4.47936e-05
4.48257e-05
4.48729e-05
4.49472e-05
4.50706e-05
4.52843e-05
4.5665e-05
4.63532e-05
4.76025e-05
4.98589e-05
5.38883e-05
6.09615e-05
7.31027e-05
9.33661e-05
0.000126037
0.000176544
0.000250848
0.0003542
0.000489628
0.000656736
0.000851459
0.00106691
0.00129496
0.00152782
0.00175922
0.00198477
0.00220182
0.00240905
0.00260589
0.00279228
0.00296832
0.00313435
0.00329076
0.00343795
0.00357638
0.00370652
0.00382884
0.00394376
0.00405168
0.004153
0.00424812
0.00433739
0.00442112
0.00449965
0.00457326
0.00464223
0.00470682
0.00476726
0.00482378
0.0048766
0.00492591
0.00497189
0.00501473
0.00505457
0.00509152
4.4503e-05
4.45068e-05
4.4514e-05
4.45245e-05
4.45371e-05
4.45467e-05
4.4557e-05
4.45656e-05
4.45732e-05
4.45817e-05
4.45914e-05
4.46026e-05
4.46154e-05
4.46298e-05
4.46456e-05
4.46625e-05
4.46802e-05
4.46983e-05
4.47167e-05
4.47353e-05
4.47542e-05
4.47738e-05
4.47946e-05
4.4818e-05
4.4846e-05
4.48828e-05
4.49358e-05
4.50186e-05
4.51559e-05
4.53926e-05
4.58082e-05
4.65419e-05
4.78319e-05
5.00778e-05
5.39316e-05
6.0426e-05
7.11381e-05
8.83717e-05
0.000115297
0.000155959
0.000215001
0.000297031
0.00040568
0.000542629
0.000706981
0.000895238
0.00110194
0.00132046
0.00154476
0.00176927
0.00198991
0.00220389
0.0024097
0.00260652
0.00279407
0.00297232
0.00314149
0.00330183
0.00345363
0.00359722
0.00373298
0.00386129
0.00398252
0.00409701
0.0042051
0.00430712
0.00440339
0.0044942
0.00457983
0.00466054
0.00473658
0.0048082
0.00487562
0.00493904
0.00499867
0.00505465
4.45026e-05
4.45031e-05
4.45093e-05
4.45193e-05
4.45307e-05
4.45397e-05
4.45486e-05
4.45561e-05
4.45625e-05
4.45689e-05
4.4576e-05
4.4584e-05
4.45931e-05
4.46035e-05
4.46154e-05
4.46286e-05
4.46433e-05
4.46594e-05
4.46768e-05
4.46954e-05
4.47151e-05
4.47358e-05
4.47575e-05
4.47803e-05
4.48045e-05
4.48305e-05
4.48596e-05
4.48938e-05
4.49374e-05
4.49978e-05
4.50884e-05
4.52328e-05
4.54722e-05
4.58765e-05
4.65631e-05
4.77242e-05
4.96682e-05
5.28785e-05
5.80914e-05
6.63967e-05
7.93493e-05
9.9073e-05
0.000128314
0.00017038
0.000228905
0.000307407
0.000408694
0.000534171
0.000683673
0.000855024
0.00104457
0.00124722
0.00145855
0.00167352
0.00188805
0.00209895
0.00230416
0.00250231
0.00269267
0.00287489
0.00304895
0.00321497
0.0033731
0.00352357
0.00366664
0.00380259
0.0039317
0.00405427
0.00417059
0.00428092
0.00438553
0.00448469
0.00457866
0.00466767
0.00475197
0.00483173
4.45076e-05
4.44975e-05
4.4499e-05
4.45061e-05
4.45159e-05
4.4526e-05
4.45341e-05
4.45415e-05
4.45479e-05
4.45535e-05
4.45589e-05
4.45647e-05
4.4571e-05
4.4578e-05
4.45858e-05
4.45945e-05
4.46043e-05
4.46152e-05
4.46272e-05
4.46405e-05
4.46551e-05
4.4671e-05
4.46883e-05
4.4707e-05
4.47271e-05
4.47486e-05
4.47716e-05
4.47962e-05
4.48228e-05
4.48518e-05
4.48844e-05
4.49228e-05
4.49705e-05
4.50343e-05
4.51256e-05
4.5264e-05
4.54823e-05
4.58339e-05
4.64053e-05
4.73324e-05
4.88256e-05
5.12029e-05
5.49343e-05
6.06968e-05
6.94384e-05
8.24445e-05
0.000101394
0.000128383
0.000165858
0.00021655
0.000283139
0.000367989
0.000472603
0.00059778
0.000742837
0.000905946
0.00108391
0.00127377
0.00147174
0.00167408
0.00187732
0.00207882
0.0022765
0.00246891
0.00265507
0.00283445
0.00300682
0.00317209
0.00333035
0.00348173
0.00362637
0.00376446
0.00389622
0.00402186
0.00414163
0.00425576
0.00436444
4.45027e-05
4.44921e-05
4.44966e-05
4.45042e-05
4.45131e-05
4.45217e-05
4.45287e-05
4.45348e-05
4.45402e-05
4.4545e-05
4.45496e-05
4.45544e-05
4.45597e-05
4.45655e-05
4.45718e-05
4.45788e-05
4.45865e-05
4.45949e-05
4.46041e-05
4.46143e-05
4.46253e-05
4.46374e-05
4.46505e-05
4.46648e-05
4.46803e-05
4.46971e-05
4.47152e-05
4.47347e-05
4.47557e-05
4.47784e-05
4.48029e-05
4.48295e-05
4.48588e-05
4.48919e-05
4.49305e-05
4.49776e-05
4.50386e-05
4.51222e-05
4.52425e-05
4.54227e-05
4.56992e-05
4.61284e-05
4.67967e-05
4.78328e-05
4.9426e-05
5.18481e-05
5.5482e-05
6.08552e-05
6.86726e-05
7.98645e-05
9.56035e-05
0.00011733
0.000146701
0.000185641
0.000236107
0.00029999
0.000378809
0.000473889
0.000585702
0.000714056
0.000857679
0.00101498
0.00118388
0.00136178
0.00154593
0.0017337
0.00192257
0.00211046
0.0022958
0.00247725
0.00265387
0.00282504
0.00299038
0.00314969
0.00330296
0.00345023
0.00359155
4.45019e-05
4.44903e-05
4.44954e-05
4.45027e-05
4.45104e-05
4.45177e-05
4.45236e-05
4.45286e-05
4.45331e-05
4.45371e-05
4.4541e-05
4.45451e-05
4.45495e-05
4.45543e-05
4.45596e-05
4.45653e-05
4.45716e-05
4.45785e-05
4.4586e-05
4.45941e-05
4.46029e-05
4.46125e-05
4.46227e-05
4.46339e-05
4.46459e-05
4.46588e-05
4.46727e-05
4.46876e-05
4.47037e-05
4.4721e-05
4.47395e-05
4.47594e-05
4.47809e-05
4.4804e-05
4.48292e-05
4.4857e-05
4.48881e-05
4.49239e-05
4.49667e-05
4.50203e-05
4.50904e-05
4.51866e-05
4.53234e-05
4.5523e-05
4.58191e-05
4.62613e-05
4.69215e-05
4.79031e-05
4.93501e-05
5.14627e-05
5.45107e-05
5.88531e-05
6.49522e-05
7.34083e-05
8.49601e-05
0.0001005
0.00012106
0.000147868
0.000182217
0.000225472
0.000278884
0.00034371
0.000420917
0.000511142
0.000614523
0.000730871
0.00085949
0.000999101
0.00114862
0.00130614
0.00146983
0.00163786
0.00180842
0.00197983
0.00215063
0.00231971
0.00248598
4.45046e-05
4.44986e-05
4.44897e-05
4.44946e-05
4.45012e-05
4.45079e-05
4.45139e-05
4.45187e-05
4.45227e-05
4.45264e-05
4.45297e-05
4.45331e-05
4.45366e-05
4.45403e-05
4.45444e-05
4.45488e-05
4.45536e-05
4.45588e-05
4.45645e-05
4.45707e-05
4.45773e-05
4.45846e-05
4.45923e-05
4.46007e-05
4.46097e-05
4.46194e-05
4.46297e-05
4.46408e-05
4.46527e-05
4.46653e-05
4.46788e-05
4.46933e-05
4.47086e-05
4.47251e-05
4.47426e-05
4.47613e-05
4.47813e-05
4.48028e-05
4.4826e-05
4.48514e-05
4.48794e-05
4.49112e-05
4.49481e-05
4.49925e-05
4.50482e-05
4.51206e-05
4.52183e-05
4.53536e-05
4.55449e-05
4.58185e-05
4.62116e-05
4.67763e-05
4.75842e-05
4.87317e-05
5.03484e-05
5.2604e-05
5.57163e-05
5.99603e-05
6.56862e-05
7.33178e-05
8.33648e-05
9.64144e-05
0.000113167
0.000134395
0.000160934
0.000193635
0.00023341
0.000281109
0.000337469
0.000403157
0.000478592
0.000563973
0.00065929
0.000764242
0.00087823
0.00100049
0.00113047
0.00126679
4.44971e-05
4.44969e-05
4.44893e-05
4.44939e-05
4.44997e-05
4.45052e-05
4.451e-05
4.45138e-05
4.4517e-05
4.45198e-05
4.45225e-05
4.45252e-05
4.45282e-05
4.45313e-05
4.45348e-05
4.45385e-05
4.45426e-05
4.4547e-05
4.45518e-05
4.45569e-05
4.45625e-05
4.45685e-05
4.45749e-05
4.45818e-05
4.45893e-05
4.45972e-05
4.46057e-05
4.46148e-05
4.46244e-05
4.46348e-05
4.46457e-05
4.46574e-05
4.46697e-05
4.46828e-05
4.46968e-05
4.47115e-05
4.47271e-05
4.47437e-05
4.47613e-05
4.478e-05
4.47999e-05
4.48212e-05
4.48441e-05
4.48691e-05
4.48968e-05
4.4928e-05
4.49641e-05
4.50072e-05
4.50604e-05
4.51281e-05
4.52169e-05
4.53358e-05
4.5498e-05
4.57214e-05
4.60306e-05
4.6459e-05
4.70509e-05
4.78641e-05
4.89746e-05
5.04791e-05
5.24996e-05
5.51865e-05
5.87275e-05
6.33488e-05
6.93189e-05
7.69486e-05
8.66056e-05
9.87031e-05
0.000113693
0.00013208
0.000154387
0.000181151
0.000212918
0.00025021
0.000293516
0.000343268
0.000399803
0.00046337
4.44932e-05
4.44961e-05
4.44891e-05
4.44931e-05
4.4498e-05
4.45025e-05
4.45062e-05
4.4509e-05
4.45113e-05
4.45134e-05
4.45155e-05
4.45176e-05
4.452e-05
4.45226e-05
4.45255e-05
4.45287e-05
4.45321e-05
4.45358e-05
4.45398e-05
4.45441e-05
4.45488e-05
4.45538e-05
4.45591e-05
4.45649e-05
4.4571e-05
4.45776e-05
4.45846e-05
4.45921e-05
4.46001e-05
4.46086e-05
4.46176e-05
4.46272e-05
4.46373e-05
4.4648e-05
4.46593e-05
4.46713e-05
4.4684e-05
4.46974e-05
4.47115e-05
4.47263e-05
4.4742e-05
4.47585e-05
4.4776e-05
4.47944e-05
4.4814e-05
4.48348e-05
4.48571e-05
4.48813e-05
4.49078e-05
4.49374e-05
4.49712e-05
4.50106e-05
4.5058e-05
4.51164e-05
4.51903e-05
4.52856e-05
4.54105e-05
4.55761e-05
4.5797e-05
4.60926e-05
4.64879e-05
4.7015e-05
4.77146e-05
4.86383e-05
4.98495e-05
5.14256e-05
5.34614e-05
5.60701e-05
5.93848e-05
6.35621e-05
6.87818e-05
7.52468e-05
8.31858e-05
9.28506e-05
0.000104518
0.000118484
0.000135051
0.00015454
4.44903e-05
4.44951e-05
4.44888e-05
4.44921e-05
4.44961e-05
4.44996e-05
4.45022e-05
4.45042e-05
4.45057e-05
4.45072e-05
4.45087e-05
4.45103e-05
4.45122e-05
4.45143e-05
4.45166e-05
4.45192e-05
4.4522e-05
4.45251e-05
4.45284e-05
4.4532e-05
4.45358e-05
4.454e-05
4.45444e-05
4.45492e-05
4.45543e-05
4.45598e-05
4.45656e-05
4.45718e-05
4.45783e-05
4.45853e-05
4.45927e-05
4.46006e-05
4.46089e-05
4.46177e-05
4.4627e-05
4.46369e-05
4.46472e-05
4.46581e-05
4.46696e-05
4.46817e-05
4.46945e-05
4.47078e-05
4.47219e-05
4.47366e-05
4.47521e-05
4.47683e-05
4.47854e-05
4.48033e-05
4.48223e-05
4.48423e-05
4.48636e-05
4.48865e-05
4.49113e-05
4.49385e-05
4.49689e-05
4.50034e-05
4.50436e-05
4.50914e-05
4.51493e-05
4.5221e-05
4.53112e-05
4.54261e-05
4.55736e-05
4.57643e-05
4.60111e-05
4.63308e-05
4.67441e-05
4.72768e-05
4.796e-05
4.88319e-05
4.99381e-05
5.13324e-05
5.30783e-05
5.52494e-05
5.79309e-05
6.12198e-05
6.52238e-05
7.00645e-05
4.44878e-05
4.44938e-05
4.44883e-05
4.44909e-05
4.44941e-05
4.44965e-05
4.44983e-05
4.44996e-05
4.45005e-05
4.45015e-05
4.45025e-05
4.45037e-05
4.4505e-05
4.45067e-05
4.45085e-05
4.45105e-05
4.45128e-05
4.45153e-05
4.4518e-05
4.45209e-05
4.45241e-05
4.45275e-05
4.45311e-05
4.4535e-05
4.45392e-05
4.45436e-05
4.45484e-05
4.45535e-05
4.45589e-05
4.45646e-05
4.45707e-05
4.45771e-05
4.45839e-05
4.45911e-05
4.45987e-05
4.46067e-05
4.46152e-05
4.46241e-05
4.46335e-05
4.46433e-05
4.46537e-05
4.46646e-05
4.4676e-05
4.46879e-05
4.47005e-05
4.47136e-05
4.47273e-05
4.47416e-05
4.47566e-05
4.47723e-05
4.47887e-05
4.48059e-05
4.48239e-05
4.48428e-05
4.48628e-05
4.4884e-05
4.49066e-05
4.49311e-05
4.49577e-05
4.49873e-05
4.50205e-05
4.50585e-05
4.51027e-05
4.51551e-05
4.52182e-05
4.52953e-05
4.53904e-05
4.55088e-05
4.5657e-05
4.58433e-05
4.60776e-05
4.63722e-05
4.67419e-05
4.72047e-05
4.77815e-05
4.84977e-05
4.93821e-05
5.04688e-05
4.44851e-05
4.44922e-05
4.44873e-05
4.44895e-05
4.44918e-05
4.44934e-05
4.44945e-05
4.44952e-05
4.44958e-05
4.44964e-05
4.44971e-05
4.4498e-05
4.4499e-05
4.45001e-05
4.45015e-05
4.45031e-05
4.45049e-05
4.45069e-05
4.4509e-05
4.45114e-05
4.45139e-05
4.45167e-05
4.45196e-05
4.45227e-05
4.45261e-05
4.45297e-05
4.45336e-05
4.45377e-05
4.45421e-05
4.45467e-05
4.45516e-05
4.45568e-05
4.45623e-05
4.45682e-05
4.45744e-05
4.45809e-05
4.45877e-05
4.45949e-05
4.46025e-05
4.46105e-05
4.46189e-05
4.46277e-05
4.4637e-05
4.46467e-05
4.46568e-05
4.46674e-05
4.46784e-05
4.469e-05
4.47021e-05
4.47147e-05
4.47278e-05
4.47415e-05
4.47557e-05
4.47706e-05
4.4786e-05
4.48021e-05
4.48189e-05
4.48364e-05
4.48548e-05
4.48741e-05
4.48944e-05
4.49161e-05
4.49392e-05
4.49642e-05
4.49914e-05
4.50215e-05
4.50553e-05
4.50937e-05
4.51379e-05
4.51897e-05
4.52508e-05
4.5324e-05
4.54123e-05
4.55196e-05
4.56504e-05
4.58105e-05
4.60067e-05
4.62471e-05
4.44829e-05
4.44904e-05
4.44861e-05
4.44879e-05
4.44894e-05
4.44903e-05
4.44909e-05
4.44913e-05
4.44917e-05
4.4492e-05
4.44926e-05
4.44932e-05
4.4494e-05
4.44949e-05
4.4496e-05
4.44973e-05
4.44987e-05
4.45002e-05
4.4502e-05
4.45038e-05
4.45059e-05
4.45081e-05
4.45104e-05
4.45129e-05
4.45157e-05
4.45186e-05
4.45217e-05
4.4525e-05
4.45285e-05
4.45322e-05
4.45362e-05
4.45404e-05
4.45448e-05
4.45495e-05
4.45545e-05
4.45597e-05
4.45652e-05
4.45711e-05
4.45772e-05
4.45836e-05
4.45904e-05
4.45975e-05
4.46049e-05
4.46127e-05
4.46208e-05
4.46294e-05
4.46383e-05
4.46476e-05
4.46573e-05
4.46674e-05
4.46779e-05
4.46889e-05
4.47003e-05
4.47121e-05
4.47244e-05
4.47372e-05
4.47505e-05
4.47642e-05
4.47785e-05
4.47933e-05
4.48087e-05
4.48246e-05
4.48412e-05
4.48585e-05
4.48766e-05
4.48955e-05
4.49154e-05
4.49365e-05
4.4959e-05
4.49831e-05
4.50093e-05
4.50381e-05
4.507e-05
4.51057e-05
4.51462e-05
4.51927e-05
4.52466e-05
4.53097e-05
4.44812e-05
4.44884e-05
4.44848e-05
4.44861e-05
4.44869e-05
4.44873e-05
4.44877e-05
4.4488e-05
4.44882e-05
4.44885e-05
4.44889e-05
4.44894e-05
4.44901e-05
4.44909e-05
4.44917e-05
4.44928e-05
4.44939e-05
4.44952e-05
4.44966e-05
4.44981e-05
4.44997e-05
4.45015e-05
4.45034e-05
4.45055e-05
4.45077e-05
4.45101e-05
4.45126e-05
4.45152e-05
4.45181e-05
4.45211e-05
4.45243e-05
4.45277e-05
4.45313e-05
4.45351e-05
4.45391e-05
4.45434e-05
4.45478e-05
4.45525e-05
4.45575e-05
4.45626e-05
4.45681e-05
4.45738e-05
4.45798e-05
4.4586e-05
4.45926e-05
4.45994e-05
4.46066e-05
4.4614e-05
4.46218e-05
4.46299e-05
4.46383e-05
4.46471e-05
4.46562e-05
4.46657e-05
4.46756e-05
4.46858e-05
4.46963e-05
4.47073e-05
4.47186e-05
4.47304e-05
4.47425e-05
4.4755e-05
4.4768e-05
4.47814e-05
4.47952e-05
4.48095e-05
4.48243e-05
4.48396e-05
4.48554e-05
4.48718e-05
4.48889e-05
4.49068e-05
4.49254e-05
4.49451e-05
4.49659e-05
4.49881e-05
4.50119e-05
4.50377e-05
4.44801e-05
4.44862e-05
4.44834e-05
4.44842e-05
4.44845e-05
4.44846e-05
4.44849e-05
4.44852e-05
4.44854e-05
4.44856e-05
4.4486e-05
4.44865e-05
4.4487e-05
4.44877e-05
4.44885e-05
4.44893e-05
4.44903e-05
4.44913e-05
4.44925e-05
4.44938e-05
4.44952e-05
4.44966e-05
4.44982e-05
4.44999e-05
4.45018e-05
4.45037e-05
4.45058e-05
4.4508e-05
4.45104e-05
4.45128e-05
4.45155e-05
4.45183e-05
4.45212e-05
4.45244e-05
4.45276e-05
4.45311e-05
4.45347e-05
4.45386e-05
4.45426e-05
4.45468e-05
4.45513e-05
4.45559e-05
4.45607e-05
4.45658e-05
4.45711e-05
4.45767e-05
4.45824e-05
4.45885e-05
4.45947e-05
4.46013e-05
4.46081e-05
4.46151e-05
4.46225e-05
4.46301e-05
4.4638e-05
4.46462e-05
4.46547e-05
4.46634e-05
4.46725e-05
4.46819e-05
4.46916e-05
4.47015e-05
4.47119e-05
4.47225e-05
4.47334e-05
4.47447e-05
4.47563e-05
4.47682e-05
4.47805e-05
4.47931e-05
4.48061e-05
4.48195e-05
4.48333e-05
4.48474e-05
4.4862e-05
4.48771e-05
4.48927e-05
4.49089e-05
4.44793e-05
4.44839e-05
4.4482e-05
4.44823e-05
4.44822e-05
4.44823e-05
4.44826e-05
4.44828e-05
4.44831e-05
4.44833e-05
4.44836e-05
4.4484e-05
4.44846e-05
4.44852e-05
4.44858e-05
4.44866e-05
4.44874e-05
4.44883e-05
4.44893e-05
4.44904e-05
4.44916e-05
4.44929e-05
4.44942e-05
4.44957e-05
4.44972e-05
4.44989e-05
4.45006e-05
4.45025e-05
4.45045e-05
4.45066e-05
4.45088e-05
4.45111e-05
4.45136e-05
4.45162e-05
4.45189e-05
4.45218e-05
4.45248e-05
4.4528e-05
4.45314e-05
4.45349e-05
4.45385e-05
4.45424e-05
4.45464e-05
4.45506e-05
4.45549e-05
4.45595e-05
4.45642e-05
4.45692e-05
4.45743e-05
4.45796e-05
4.45852e-05
4.45909e-05
4.45969e-05
4.46031e-05
4.46095e-05
4.46162e-05
4.4623e-05
4.46301e-05
4.46375e-05
4.4645e-05
4.46528e-05
4.46609e-05
4.46692e-05
4.46777e-05
4.46865e-05
4.46955e-05
4.47048e-05
4.47143e-05
4.47241e-05
4.47341e-05
4.47444e-05
4.47549e-05
4.47657e-05
4.47768e-05
4.47881e-05
4.47996e-05
4.48115e-05
4.48236e-05
4.44788e-05
4.44816e-05
4.44804e-05
4.44803e-05
4.44801e-05
4.44803e-05
4.44806e-05
4.4481e-05
4.44812e-05
4.44814e-05
4.44817e-05
4.4482e-05
4.44824e-05
4.4483e-05
4.44835e-05
4.44842e-05
4.44849e-05
4.44857e-05
4.44866e-05
4.44875e-05
4.44885e-05
4.44896e-05
4.44908e-05
4.4492e-05
4.44933e-05
4.44948e-05
4.44963e-05
4.44979e-05
4.44995e-05
4.45013e-05
4.45032e-05
4.45052e-05
4.45073e-05
4.45095e-05
4.45118e-05
4.45143e-05
4.45169e-05
4.45195e-05
4.45224e-05
4.45253e-05
4.45284e-05
4.45316e-05
4.4535e-05
4.45385e-05
4.45421e-05
4.45459e-05
4.45499e-05
4.4554e-05
4.45583e-05
4.45627e-05
4.45673e-05
4.45721e-05
4.4577e-05
4.45822e-05
4.45875e-05
4.45929e-05
4.45986e-05
4.46044e-05
4.46104e-05
4.46166e-05
4.4623e-05
4.46296e-05
4.46364e-05
4.46433e-05
4.46504e-05
4.46578e-05
4.46653e-05
4.4673e-05
4.46809e-05
4.4689e-05
4.46973e-05
4.47057e-05
4.47144e-05
4.47232e-05
4.47323e-05
4.47415e-05
4.47508e-05
4.47604e-05
4.44784e-05
4.44794e-05
4.44789e-05
4.44785e-05
4.44784e-05
4.44786e-05
4.44791e-05
4.44794e-05
4.44796e-05
4.44797e-05
4.448e-05
4.44802e-05
4.44806e-05
4.4481e-05
4.44815e-05
4.44821e-05
4.44827e-05
4.44834e-05
4.44841e-05
4.44849e-05
4.44858e-05
4.44867e-05
4.44877e-05
4.44888e-05
4.44899e-05
4.44911e-05
4.44924e-05
4.44937e-05
4.44952e-05
4.44967e-05
4.44983e-05
4.45e-05
4.45018e-05
4.45037e-05
4.45057e-05
4.45078e-05
4.45099e-05
4.45122e-05
4.45146e-05
4.45171e-05
4.45197e-05
4.45225e-05
4.45253e-05
4.45283e-05
4.45314e-05
4.45346e-05
4.45379e-05
4.45414e-05
4.4545e-05
4.45487e-05
4.45526e-05
4.45566e-05
4.45607e-05
4.4565e-05
4.45694e-05
4.4574e-05
4.45787e-05
4.45836e-05
4.45886e-05
4.45937e-05
4.4599e-05
4.46045e-05
4.46101e-05
4.46158e-05
4.46217e-05
4.46278e-05
4.46339e-05
4.46403e-05
4.46467e-05
4.46534e-05
4.46601e-05
4.4667e-05
4.46741e-05
4.46813e-05
4.46886e-05
4.4696e-05
4.47036e-05
4.47113e-05
4.4478e-05
4.44773e-05
4.44773e-05
4.4477e-05
4.4477e-05
4.44773e-05
4.44778e-05
4.44781e-05
4.44782e-05
4.44783e-05
4.44784e-05
4.44787e-05
4.44789e-05
4.44793e-05
4.44797e-05
4.44802e-05
4.44807e-05
4.44813e-05
4.44819e-05
4.44826e-05
4.44833e-05
4.44841e-05
4.44849e-05
4.44858e-05
4.44868e-05
4.44878e-05
4.44889e-05
4.44901e-05
4.44913e-05
4.44926e-05
4.4494e-05
4.44954e-05
4.44969e-05
4.44985e-05
4.45002e-05
4.4502e-05
4.45038e-05
4.45057e-05
4.45078e-05
4.45099e-05
4.45121e-05
4.45144e-05
4.45168e-05
4.45193e-05
4.45219e-05
4.45246e-05
4.45275e-05
4.45304e-05
4.45334e-05
4.45366e-05
4.45398e-05
4.45432e-05
4.45467e-05
4.45503e-05
4.4554e-05
4.45578e-05
4.45618e-05
4.45659e-05
4.45701e-05
4.45744e-05
4.45788e-05
4.45833e-05
4.4588e-05
4.45928e-05
4.45977e-05
4.46027e-05
4.46078e-05
4.46131e-05
4.46185e-05
4.46239e-05
4.46295e-05
4.46352e-05
4.4641e-05
4.46469e-05
4.46528e-05
4.46589e-05
4.46651e-05
4.46713e-05
4.44775e-05
4.44754e-05
4.44758e-05
4.44757e-05
4.44759e-05
4.44763e-05
4.44767e-05
4.44769e-05
4.4477e-05
4.4477e-05
4.44771e-05
4.44773e-05
4.44775e-05
4.44778e-05
4.44781e-05
4.44785e-05
4.4479e-05
4.44795e-05
4.448e-05
4.44806e-05
4.44812e-05
4.44818e-05
4.44825e-05
4.44833e-05
4.44841e-05
4.4485e-05
4.44859e-05
4.44868e-05
4.44879e-05
4.4489e-05
4.44901e-05
4.44913e-05
4.44926e-05
4.44939e-05
4.44953e-05
4.44968e-05
4.44984e-05
4.45e-05
4.45017e-05
4.45035e-05
4.45054e-05
4.45073e-05
4.45093e-05
4.45114e-05
4.45136e-05
4.45159e-05
4.45183e-05
4.45207e-05
4.45233e-05
4.45259e-05
4.45286e-05
4.45315e-05
4.45344e-05
4.45374e-05
4.45405e-05
4.45437e-05
4.45471e-05
4.45505e-05
4.4554e-05
4.45576e-05
4.45613e-05
4.45651e-05
4.45689e-05
4.45729e-05
4.4577e-05
4.45812e-05
4.45854e-05
4.45898e-05
4.45942e-05
4.45988e-05
4.46034e-05
4.46081e-05
4.46128e-05
4.46177e-05
4.46226e-05
4.46275e-05
4.46326e-05
4.46377e-05
4.44768e-05
4.44739e-05
4.44746e-05
4.44747e-05
4.4475e-05
4.44754e-05
4.44757e-05
4.44759e-05
4.44759e-05
4.44759e-05
4.4476e-05
4.44761e-05
4.44763e-05
4.44765e-05
4.44768e-05
4.44772e-05
4.44775e-05
4.44779e-05
4.44784e-05
4.44789e-05
4.44794e-05
4.44799e-05
4.44805e-05
4.44811e-05
4.44818e-05
4.44825e-05
4.44833e-05
4.44841e-05
4.4485e-05
4.44859e-05
4.44868e-05
4.44878e-05
4.44889e-05
4.449e-05
4.44912e-05
4.44924e-05
4.44937e-05
4.44951e-05
4.44965e-05
4.4498e-05
4.44995e-05
4.45011e-05
4.45028e-05
4.45046e-05
4.45064e-05
4.45083e-05
4.45103e-05
4.45123e-05
4.45145e-05
4.45167e-05
4.45189e-05
4.45213e-05
4.45237e-05
4.45262e-05
4.45288e-05
4.45315e-05
4.45343e-05
4.45371e-05
4.454e-05
4.4543e-05
4.45461e-05
4.45492e-05
4.45524e-05
4.45557e-05
4.45591e-05
4.45625e-05
4.45661e-05
4.45696e-05
4.45733e-05
4.4577e-05
4.45808e-05
4.45847e-05
4.45885e-05
4.45925e-05
4.45965e-05
4.46006e-05
4.46047e-05
4.46088e-05
4.44759e-05
4.44727e-05
4.44736e-05
4.44741e-05
4.44743e-05
4.44747e-05
4.44749e-05
4.4475e-05
4.4475e-05
4.4475e-05
4.44751e-05
4.44751e-05
4.44753e-05
4.44755e-05
4.44757e-05
4.4476e-05
4.44763e-05
4.44767e-05
4.44771e-05
4.44775e-05
4.44779e-05
4.44783e-05
4.44788e-05
4.44794e-05
4.44799e-05
4.44805e-05
4.44811e-05
4.44818e-05
4.44825e-05
4.44833e-05
4.4484e-05
4.44849e-05
4.44858e-05
4.44867e-05
4.44877e-05
4.44887e-05
4.44897e-05
4.44909e-05
4.4492e-05
4.44933e-05
4.44945e-05
4.44959e-05
4.44973e-05
4.44987e-05
4.45002e-05
4.45018e-05
4.45034e-05
4.45051e-05
4.45069e-05
4.45087e-05
4.45106e-05
4.45125e-05
4.45146e-05
4.45166e-05
4.45188e-05
4.4521e-05
4.45232e-05
4.45256e-05
4.4528e-05
4.45304e-05
4.4533e-05
4.45356e-05
4.45382e-05
4.45409e-05
4.45437e-05
4.45465e-05
4.45494e-05
4.45523e-05
4.45553e-05
4.45583e-05
4.45614e-05
4.45645e-05
4.45677e-05
4.45709e-05
4.45741e-05
4.45773e-05
4.45806e-05
4.4584e-05
4.44722e-05
4.4473e-05
4.44736e-05
4.44738e-05
4.4474e-05
4.44742e-05
4.44742e-05
4.44743e-05
4.44743e-05
4.44743e-05
4.44744e-05
4.44745e-05
4.44747e-05
4.44749e-05
4.44751e-05
4.44754e-05
4.44757e-05
4.4476e-05
4.44764e-05
4.44767e-05
4.44771e-05
4.44775e-05
4.44779e-05
4.44784e-05
4.44788e-05
4.44794e-05
4.44799e-05
4.44805e-05
4.44811e-05
4.44817e-05
4.44824e-05
4.44831e-05
4.44839e-05
4.44847e-05
4.44855e-05
4.44864e-05
4.44873e-05
4.44883e-05
4.44893e-05
4.44903e-05
4.44914e-05
4.44926e-05
4.44938e-05
4.4495e-05
4.44963e-05
4.44976e-05
4.4499e-05
4.45005e-05
4.4502e-05
4.45035e-05
4.45051e-05
4.45067e-05
4.45084e-05
4.45102e-05
4.4512e-05
4.45138e-05
4.45157e-05
4.45177e-05
4.45197e-05
4.45218e-05
4.45239e-05
4.4526e-05
4.45282e-05
4.45305e-05
4.45327e-05
4.45351e-05
4.45374e-05
4.45398e-05
4.45423e-05
4.45447e-05
4.45472e-05
4.45497e-05
4.45523e-05
4.45549e-05
4.45574e-05
4.45601e-05
4.45627e-05
4.44722e-05
4.44728e-05
4.44733e-05
4.44733e-05
4.44735e-05
4.44736e-05
4.44736e-05
4.44737e-05
4.44737e-05
4.44738e-05
4.44738e-05
4.4474e-05
4.44741e-05
4.44743e-05
4.44745e-05
4.44747e-05
4.4475e-05
4.44752e-05
4.44755e-05
4.44758e-05
4.44761e-05
4.44765e-05
4.44768e-05
4.44772e-05
4.44775e-05
4.4478e-05
4.44784e-05
4.44789e-05
4.44794e-05
4.44799e-05
4.44804e-05
4.4481e-05
4.44816e-05
4.44822e-05
4.44829e-05
4.44836e-05
4.44844e-05
4.44851e-05
4.4486e-05
4.44868e-05
4.44877e-05
4.44886e-05
4.44896e-05
4.44906e-05
4.44916e-05
4.44927e-05
4.44938e-05
4.4495e-05
4.44962e-05
4.44975e-05
4.44988e-05
4.45001e-05
4.45015e-05
4.45029e-05
4.45043e-05
4.45058e-05
4.45074e-05
4.45089e-05
4.45106e-05
4.45122e-05
4.45139e-05
4.45156e-05
4.45174e-05
4.45192e-05
4.4521e-05
4.45228e-05
4.45247e-05
4.45266e-05
4.45285e-05
4.45305e-05
4.45324e-05
4.45344e-05
4.45364e-05
4.45384e-05
4.45405e-05
4.45425e-05
4.45446e-05
4.44721e-05
4.44729e-05
4.4473e-05
4.44729e-05
4.4473e-05
4.44731e-05
4.44732e-05
4.44733e-05
4.44733e-05
4.44734e-05
4.44735e-05
4.44736e-05
4.44738e-05
4.4474e-05
4.44741e-05
4.44743e-05
4.44745e-05
4.44748e-05
4.4475e-05
4.44752e-05
4.44755e-05
4.44757e-05
4.4476e-05
4.44763e-05
4.44766e-05
4.44769e-05
4.44773e-05
4.44776e-05
4.4478e-05
4.44784e-05
4.44789e-05
4.44793e-05
4.44798e-05
4.44803e-05
4.44808e-05
4.44814e-05
4.4482e-05
4.44826e-05
4.44832e-05
4.44839e-05
4.44846e-05
4.44854e-05
4.44861e-05
4.44869e-05
4.44878e-05
4.44886e-05
4.44895e-05
4.44904e-05
4.44914e-05
4.44924e-05
4.44934e-05
4.44945e-05
4.44956e-05
4.44967e-05
4.44978e-05
4.4499e-05
4.45002e-05
4.45015e-05
4.45028e-05
4.45041e-05
4.45054e-05
4.45067e-05
4.45081e-05
4.45095e-05
4.45109e-05
4.45124e-05
4.45138e-05
4.45153e-05
4.45168e-05
4.45183e-05
4.45198e-05
4.45214e-05
4.45229e-05
4.45245e-05
4.4526e-05
4.45276e-05
4.45292e-05
4.4472e-05
4.44729e-05
4.44727e-05
4.44726e-05
4.44727e-05
4.44728e-05
4.44729e-05
4.4473e-05
4.44731e-05
4.44733e-05
4.44734e-05
4.44735e-05
4.44737e-05
4.44739e-05
4.4474e-05
4.44742e-05
4.44744e-05
4.44745e-05
4.44747e-05
4.44749e-05
4.44751e-05
4.44753e-05
4.44755e-05
4.44758e-05
4.4476e-05
4.44762e-05
4.44765e-05
4.44768e-05
4.44771e-05
4.44774e-05
4.44777e-05
4.44781e-05
4.44784e-05
4.44788e-05
4.44792e-05
4.44797e-05
4.44801e-05
4.44806e-05
4.44811e-05
4.44816e-05
4.44822e-05
4.44827e-05
4.44833e-05
4.44839e-05
4.44846e-05
4.44852e-05
4.44859e-05
4.44867e-05
4.44874e-05
4.44882e-05
4.4489e-05
4.44898e-05
4.44906e-05
4.44915e-05
4.44924e-05
4.44933e-05
4.44943e-05
4.44952e-05
4.44962e-05
4.44972e-05
4.44982e-05
4.44992e-05
4.45003e-05
4.45014e-05
4.45024e-05
4.45035e-05
4.45046e-05
4.45057e-05
4.45069e-05
4.4508e-05
4.45092e-05
4.45103e-05
4.45115e-05
4.45126e-05
4.45138e-05
4.4515e-05
4.45162e-05
4.44719e-05
4.44729e-05
4.44724e-05
4.44724e-05
4.44725e-05
4.44726e-05
4.44728e-05
4.4473e-05
4.44731e-05
4.44733e-05
4.44735e-05
4.44737e-05
4.44739e-05
4.4474e-05
4.44742e-05
4.44743e-05
4.44745e-05
4.44746e-05
4.44747e-05
4.44749e-05
4.4475e-05
4.44752e-05
4.44753e-05
4.44755e-05
4.44757e-05
4.44758e-05
4.4476e-05
4.44762e-05
4.44764e-05
4.44767e-05
4.44769e-05
4.44772e-05
4.44774e-05
4.44777e-05
4.4478e-05
4.44784e-05
4.44787e-05
4.4479e-05
4.44794e-05
4.44798e-05
4.44802e-05
4.44806e-05
4.44811e-05
4.44815e-05
4.4482e-05
4.44825e-05
4.44831e-05
4.44836e-05
4.44842e-05
4.44847e-05
4.44853e-05
4.44859e-05
4.44866e-05
4.44872e-05
4.44879e-05
4.44886e-05
4.44893e-05
4.449e-05
4.44907e-05
4.44914e-05
4.44922e-05
4.44929e-05
4.44937e-05
4.44945e-05
4.44953e-05
4.44961e-05
4.44969e-05
4.44977e-05
4.44985e-05
4.44994e-05
4.45002e-05
4.45011e-05
4.45019e-05
4.45028e-05
4.45036e-05
4.45045e-05
4.45054e-05
4.4472e-05
4.44728e-05
4.44723e-05
4.44723e-05
4.44724e-05
4.44726e-05
4.44728e-05
4.44732e-05
4.44735e-05
4.44737e-05
4.4474e-05
4.44742e-05
4.44743e-05
4.44744e-05
4.44745e-05
4.44746e-05
4.44748e-05
4.44749e-05
4.4475e-05
4.44751e-05
4.44752e-05
4.44753e-05
4.44754e-05
4.44755e-05
4.44756e-05
4.44757e-05
4.44759e-05
4.4476e-05
4.44761e-05
4.44763e-05
4.44764e-05
4.44766e-05
4.44768e-05
4.4477e-05
4.44772e-05
4.44774e-05
4.44777e-05
4.44779e-05
4.44782e-05
4.44785e-05
4.44787e-05
4.4479e-05
4.44794e-05
4.44797e-05
4.448e-05
4.44804e-05
4.44808e-05
4.44811e-05
4.44815e-05
4.4482e-05
4.44824e-05
4.44828e-05
4.44833e-05
4.44837e-05
4.44842e-05
4.44847e-05
4.44852e-05
4.44856e-05
4.44862e-05
4.44867e-05
4.44872e-05
4.44877e-05
4.44883e-05
4.44888e-05
4.44894e-05
4.44899e-05
4.44905e-05
4.44911e-05
4.44916e-05
4.44922e-05
4.44928e-05
4.44934e-05
4.4494e-05
4.44947e-05
4.44953e-05
4.44959e-05
4.44966e-05
4.4472e-05
4.44726e-05
4.44723e-05
4.44724e-05
4.44726e-05
4.44728e-05
4.44731e-05
4.44734e-05
4.44737e-05
4.44741e-05
4.44743e-05
4.44746e-05
4.44748e-05
4.4475e-05
4.44751e-05
4.44753e-05
4.44754e-05
4.44754e-05
4.44754e-05
4.44755e-05
4.44756e-05
4.44756e-05
4.44757e-05
4.44758e-05
4.44758e-05
4.44759e-05
4.4476e-05
4.44761e-05
4.44761e-05
4.44762e-05
4.44763e-05
4.44764e-05
4.44765e-05
4.44766e-05
4.44768e-05
4.44769e-05
4.4477e-05
4.44772e-05
4.44774e-05
4.44775e-05
4.44777e-05
4.44779e-05
4.44781e-05
4.44783e-05
4.44785e-05
4.44788e-05
4.4479e-05
4.44792e-05
4.44795e-05
4.44798e-05
4.448e-05
4.44803e-05
4.44806e-05
4.44809e-05
4.44812e-05
4.44815e-05
4.44818e-05
4.44821e-05
4.44825e-05
4.44828e-05
4.44831e-05
4.44835e-05
4.44838e-05
4.44842e-05
4.44846e-05
4.44849e-05
4.44853e-05
4.44857e-05
4.44861e-05
4.44864e-05
4.44868e-05
4.44873e-05
4.44877e-05
4.44881e-05
4.44886e-05
4.4489e-05
4.44895e-05
4.44718e-05
4.44724e-05
4.44722e-05
4.44723e-05
4.44726e-05
4.44728e-05
4.44732e-05
4.44735e-05
4.44739e-05
4.44742e-05
4.44745e-05
4.44748e-05
4.44751e-05
4.44753e-05
4.44755e-05
4.44757e-05
4.44759e-05
4.4476e-05
4.44761e-05
4.44762e-05
4.44763e-05
4.44764e-05
4.44764e-05
4.44764e-05
4.44764e-05
4.44765e-05
4.44765e-05
4.44765e-05
4.44765e-05
4.44766e-05
4.44766e-05
4.44766e-05
4.44767e-05
4.44767e-05
4.44767e-05
4.44768e-05
4.44769e-05
4.44769e-05
4.4477e-05
4.44771e-05
4.44772e-05
4.44773e-05
4.44774e-05
4.44775e-05
4.44776e-05
4.44777e-05
4.44778e-05
4.44779e-05
4.44781e-05
4.44782e-05
4.44783e-05
4.44785e-05
4.44786e-05
4.44788e-05
4.4479e-05
4.44791e-05
4.44793e-05
4.44795e-05
4.44796e-05
4.44798e-05
4.448e-05
4.44802e-05
4.44804e-05
4.44806e-05
4.44808e-05
4.4481e-05
4.44812e-05
4.44815e-05
4.44817e-05
4.44819e-05
4.44822e-05
4.44825e-05
4.44827e-05
4.4483e-05
4.44833e-05
4.44836e-05
4.4484e-05
4.44716e-05
4.4472e-05
4.4472e-05
4.44722e-05
4.44724e-05
4.44727e-05
4.44731e-05
4.44735e-05
4.44739e-05
4.44742e-05
4.44746e-05
4.44749e-05
4.44752e-05
4.44755e-05
4.44758e-05
4.4476e-05
4.44762e-05
4.44764e-05
4.44766e-05
4.44768e-05
4.44769e-05
4.4477e-05
4.44771e-05
4.44772e-05
4.44773e-05
4.44774e-05
4.44774e-05
4.44775e-05
4.44775e-05
4.44776e-05
4.44776e-05
4.44776e-05
4.44776e-05
4.44776e-05
4.44776e-05
4.44775e-05
4.44775e-05
4.44775e-05
4.44775e-05
4.44774e-05
4.44774e-05
4.44774e-05
4.44774e-05
4.44774e-05
4.44774e-05
4.44775e-05
4.44775e-05
4.44775e-05
4.44775e-05
4.44775e-05
4.44776e-05
4.44776e-05
4.44776e-05
4.44777e-05
4.44777e-05
4.44777e-05
4.44778e-05
4.44778e-05
4.44779e-05
4.44779e-05
4.4478e-05
4.44781e-05
4.44781e-05
4.44782e-05
4.44783e-05
4.44784e-05
4.44785e-05
4.44786e-05
4.44787e-05
4.44788e-05
4.44789e-05
4.44791e-05
4.44792e-05
4.44794e-05
4.44796e-05
4.44798e-05
4.448e-05
4.44712e-05
4.44716e-05
4.44716e-05
4.44719e-05
4.44722e-05
4.44725e-05
4.44729e-05
4.44733e-05
4.44737e-05
4.44742e-05
4.44745e-05
4.44749e-05
4.44753e-05
4.44756e-05
4.44759e-05
4.44762e-05
4.44764e-05
4.44767e-05
4.44769e-05
4.44771e-05
4.44773e-05
4.44775e-05
4.44777e-05
4.44778e-05
4.4478e-05
4.44781e-05
4.44782e-05
4.44783e-05
4.44784e-05
4.44785e-05
4.44786e-05
4.44787e-05
4.44787e-05
4.44788e-05
4.44789e-05
4.44789e-05
4.4479e-05
4.4479e-05
4.4479e-05
4.4479e-05
4.44791e-05
4.44791e-05
4.44791e-05
4.44791e-05
4.44791e-05
4.44791e-05
4.44792e-05
4.44792e-05
4.44792e-05
4.44792e-05
4.44792e-05
4.44792e-05
4.44792e-05
4.44792e-05
4.44792e-05
4.44792e-05
4.44792e-05
4.44792e-05
4.44793e-05
4.44793e-05
4.44793e-05
4.44793e-05
4.44793e-05
4.44793e-05
4.44793e-05
4.44793e-05
4.44793e-05
4.44793e-05
4.44793e-05
4.44793e-05
4.44793e-05
4.44792e-05
4.44792e-05
4.44792e-05
4.44792e-05
4.44793e-05
4.44793e-05
4.44707e-05
4.44711e-05
4.44712e-05
4.44714e-05
4.44718e-05
4.44722e-05
4.44726e-05
4.4473e-05
4.44735e-05
4.44739e-05
4.44743e-05
4.44748e-05
4.44751e-05
4.44755e-05
4.44758e-05
4.44762e-05
4.44765e-05
4.44768e-05
4.44771e-05
4.44773e-05
4.44776e-05
4.44778e-05
4.4478e-05
4.44782e-05
4.44784e-05
4.44786e-05
4.44788e-05
4.4479e-05
4.44791e-05
4.44793e-05
4.44794e-05
4.44795e-05
4.44797e-05
4.44798e-05
4.44799e-05
4.448e-05
4.44802e-05
4.44803e-05
4.44804e-05
4.44804e-05
4.44805e-05
4.44806e-05
4.44807e-05
4.44808e-05
4.44809e-05
4.44809e-05
4.4481e-05
4.44811e-05
4.44812e-05
4.44812e-05
4.44813e-05
4.44814e-05
4.44814e-05
4.44815e-05
4.44815e-05
4.44816e-05
4.44816e-05
4.44817e-05
4.44817e-05
4.44818e-05
4.44818e-05
4.44818e-05
4.44819e-05
4.44819e-05
4.44819e-05
4.44819e-05
4.44819e-05
4.44819e-05
4.44819e-05
4.44819e-05
4.44819e-05
4.44819e-05
4.44818e-05
4.44818e-05
4.44818e-05
4.44817e-05
4.44816e-05
4.44701e-05
4.44704e-05
4.44706e-05
4.44709e-05
4.44713e-05
4.44717e-05
4.44721e-05
4.44726e-05
4.44731e-05
4.44735e-05
4.4474e-05
4.44744e-05
4.44748e-05
4.44752e-05
4.44756e-05
4.4476e-05
4.44763e-05
4.44767e-05
4.4477e-05
4.44773e-05
4.44776e-05
4.44779e-05
4.44782e-05
4.44784e-05
4.44787e-05
4.44789e-05
4.44791e-05
4.44794e-05
4.44796e-05
4.44798e-05
4.448e-05
4.44802e-05
4.44804e-05
4.44805e-05
4.44807e-05
4.44809e-05
4.44811e-05
4.44812e-05
4.44814e-05
4.44815e-05
4.44817e-05
4.44818e-05
4.4482e-05
4.44821e-05
4.44823e-05
4.44824e-05
4.44825e-05
4.44826e-05
4.44828e-05
4.44829e-05
4.4483e-05
4.44831e-05
4.44833e-05
4.44834e-05
4.44835e-05
4.44836e-05
4.44837e-05
4.44838e-05
4.44839e-05
4.4484e-05
4.44841e-05
4.44841e-05
4.44842e-05
4.44843e-05
4.44844e-05
4.44844e-05
4.44845e-05
4.44845e-05
4.44846e-05
4.44846e-05
4.44846e-05
4.44847e-05
4.44847e-05
4.44847e-05
4.44847e-05
4.44847e-05
4.44846e-05
4.44693e-05
4.44696e-05
4.44698e-05
4.44702e-05
4.44706e-05
4.4471e-05
4.44715e-05
4.4472e-05
4.44725e-05
4.4473e-05
4.44735e-05
4.44739e-05
4.44744e-05
4.44748e-05
4.44752e-05
4.44756e-05
4.4476e-05
4.44764e-05
4.44768e-05
4.44771e-05
4.44774e-05
4.44778e-05
4.44781e-05
4.44784e-05
4.44787e-05
4.4479e-05
4.44792e-05
4.44795e-05
4.44798e-05
4.448e-05
4.44803e-05
4.44805e-05
4.44807e-05
4.4481e-05
4.44812e-05
4.44814e-05
4.44816e-05
4.44818e-05
4.4482e-05
4.44822e-05
4.44824e-05
4.44826e-05
4.44828e-05
4.4483e-05
4.44832e-05
4.44834e-05
4.44836e-05
4.44837e-05
4.44839e-05
4.44841e-05
4.44843e-05
4.44844e-05
4.44846e-05
4.44847e-05
4.44849e-05
4.4485e-05
4.44852e-05
4.44853e-05
4.44855e-05
4.44856e-05
4.44858e-05
4.44859e-05
4.4486e-05
4.44861e-05
4.44862e-05
4.44864e-05
4.44865e-05
4.44866e-05
4.44867e-05
4.44868e-05
4.44868e-05
4.44869e-05
4.4487e-05
4.4487e-05
4.44871e-05
4.44871e-05
4.44872e-05
4.44683e-05
4.44687e-05
4.4469e-05
4.44693e-05
4.44698e-05
4.44702e-05
4.44707e-05
4.44712e-05
4.44717e-05
4.44723e-05
4.44727e-05
4.44732e-05
4.44737e-05
4.44742e-05
4.44746e-05
4.4475e-05
4.44755e-05
4.44759e-05
4.44763e-05
4.44767e-05
4.4477e-05
4.44774e-05
4.44777e-05
4.44781e-05
4.44784e-05
4.44787e-05
4.4479e-05
4.44793e-05
4.44796e-05
4.44799e-05
4.44802e-05
4.44805e-05
4.44808e-05
4.4481e-05
4.44813e-05
4.44815e-05
4.44818e-05
4.4482e-05
4.44823e-05
4.44825e-05
4.44828e-05
4.4483e-05
4.44832e-05
4.44835e-05
4.44837e-05
4.44839e-05
4.44841e-05
4.44843e-05
4.44845e-05
4.44848e-05
4.4485e-05
4.44852e-05
4.44854e-05
4.44856e-05
4.44857e-05
4.44859e-05
4.44861e-05
4.44863e-05
4.44865e-05
4.44867e-05
4.44868e-05
4.4487e-05
4.44872e-05
4.44873e-05
4.44875e-05
4.44877e-05
4.44878e-05
4.4488e-05
4.44881e-05
4.44882e-05
4.44884e-05
4.44885e-05
4.44886e-05
4.44887e-05
4.44889e-05
4.4489e-05
4.44891e-05
4.44672e-05
4.44676e-05
4.44679e-05
4.44683e-05
4.44688e-05
4.44693e-05
4.44698e-05
4.44703e-05
4.44708e-05
4.44713e-05
4.44718e-05
4.44723e-05
4.44728e-05
4.44733e-05
4.44738e-05
4.44742e-05
4.44747e-05
4.44751e-05
4.44755e-05
4.44759e-05
4.44763e-05
4.44767e-05
4.44771e-05
4.44775e-05
4.44778e-05
4.44782e-05
4.44785e-05
4.44788e-05
4.44792e-05
4.44795e-05
4.44798e-05
4.44801e-05
4.44804e-05
4.44807e-05
4.4481e-05
4.44813e-05
4.44816e-05
4.44818e-05
4.44821e-05
4.44824e-05
4.44826e-05
4.44829e-05
4.44832e-05
4.44834e-05
4.44837e-05
4.44839e-05
4.44842e-05
4.44844e-05
4.44847e-05
4.44849e-05
4.44851e-05
4.44854e-05
4.44856e-05
4.44858e-05
4.4486e-05
4.44863e-05
4.44865e-05
4.44867e-05
4.44869e-05
4.44871e-05
4.44873e-05
4.44875e-05
4.44878e-05
4.4488e-05
4.44882e-05
4.44883e-05
4.44885e-05
4.44887e-05
4.44889e-05
4.44891e-05
4.44893e-05
4.44895e-05
4.44896e-05
4.44898e-05
4.449e-05
4.44901e-05
4.44903e-05
4.44659e-05
4.44663e-05
4.44667e-05
4.44671e-05
4.44676e-05
4.44681e-05
4.44686e-05
4.44691e-05
4.44697e-05
4.44702e-05
4.44707e-05
4.44712e-05
4.44717e-05
4.44722e-05
4.44727e-05
4.44732e-05
4.44736e-05
4.44741e-05
4.44745e-05
4.44749e-05
4.44753e-05
4.44757e-05
4.44761e-05
4.44765e-05
4.44769e-05
4.44773e-05
4.44776e-05
4.4478e-05
4.44783e-05
4.44787e-05
4.4479e-05
4.44793e-05
4.44796e-05
4.448e-05
4.44803e-05
4.44806e-05
4.44809e-05
4.44812e-05
4.44815e-05
4.44818e-05
4.44821e-05
4.44823e-05
4.44826e-05
4.44829e-05
4.44832e-05
4.44834e-05
4.44837e-05
4.4484e-05
4.44843e-05
4.44845e-05
4.44848e-05
4.4485e-05
4.44853e-05
4.44856e-05
4.44858e-05
4.44861e-05
4.44863e-05
4.44866e-05
4.44868e-05
4.44871e-05
4.44873e-05
4.44875e-05
4.44878e-05
4.4488e-05
4.44882e-05
4.44885e-05
4.44887e-05
4.44889e-05
4.44892e-05
4.44894e-05
4.44896e-05
4.44898e-05
4.44901e-05
4.44903e-05
4.44905e-05
4.44907e-05
4.44909e-05
4.44644e-05
4.44648e-05
4.44652e-05
4.44657e-05
4.44662e-05
4.44667e-05
4.44672e-05
4.44677e-05
4.44683e-05
4.44688e-05
4.44693e-05
4.44698e-05
4.44703e-05
4.44708e-05
4.44713e-05
4.44718e-05
4.44722e-05
4.44727e-05
4.44731e-05
4.44735e-05
4.4474e-05
4.44744e-05
4.44748e-05
4.44752e-05
4.44756e-05
4.44759e-05
4.44763e-05
4.44767e-05
4.4477e-05
4.44774e-05
4.44777e-05
4.44781e-05
4.44784e-05
4.44788e-05
4.44791e-05
4.44794e-05
4.44797e-05
4.448e-05
4.44804e-05
4.44807e-05
4.4481e-05
4.44813e-05
4.44816e-05
4.44819e-05
4.44822e-05
4.44825e-05
4.44828e-05
4.4483e-05
4.44833e-05
4.44836e-05
4.44839e-05
4.44842e-05
4.44845e-05
4.44848e-05
4.4485e-05
4.44853e-05
4.44856e-05
4.44859e-05
4.44862e-05
4.44864e-05
4.44867e-05
4.4487e-05
4.44873e-05
4.44875e-05
4.44878e-05
4.44881e-05
4.44884e-05
4.44886e-05
4.44889e-05
4.44892e-05
4.44894e-05
4.44897e-05
4.449e-05
4.44902e-05
4.44905e-05
4.44907e-05
4.4491e-05
4.44627e-05
4.44631e-05
4.44636e-05
4.4464e-05
4.44645e-05
4.4465e-05
4.44656e-05
4.44661e-05
4.44666e-05
4.44671e-05
4.44677e-05
4.44682e-05
4.44686e-05
4.44691e-05
4.44696e-05
4.44701e-05
4.44705e-05
4.44709e-05
4.44714e-05
4.44718e-05
4.44722e-05
4.44726e-05
4.4473e-05
4.44734e-05
4.44738e-05
4.44742e-05
4.44746e-05
4.4475e-05
4.44753e-05
4.44757e-05
4.4476e-05
4.44764e-05
4.44767e-05
4.44771e-05
4.44774e-05
4.44777e-05
4.44781e-05
4.44784e-05
4.44787e-05
4.4479e-05
4.44794e-05
4.44797e-05
4.448e-05
4.44803e-05
4.44806e-05
4.44809e-05
4.44813e-05
4.44816e-05
4.44819e-05
4.44822e-05
4.44825e-05
4.44828e-05
4.44831e-05
4.44834e-05
4.44837e-05
4.44841e-05
4.44844e-05
4.44847e-05
4.4485e-05
4.44853e-05
4.44856e-05
4.44859e-05
4.44862e-05
4.44866e-05
4.44869e-05
4.44872e-05
4.44875e-05
4.44878e-05
4.44881e-05
4.44884e-05
4.44887e-05
4.4489e-05
4.44894e-05
4.44897e-05
4.449e-05
4.44903e-05
4.44906e-05
4.44607e-05
4.44612e-05
4.44616e-05
4.44621e-05
4.44626e-05
4.44631e-05
4.44636e-05
4.44642e-05
4.44647e-05
4.44652e-05
4.44657e-05
4.44661e-05
4.44666e-05
4.44671e-05
4.44675e-05
4.4468e-05
4.44684e-05
4.44688e-05
4.44692e-05
4.44696e-05
4.447e-05
4.44704e-05
4.44708e-05
4.44712e-05
4.44716e-05
4.4472e-05
4.44723e-05
4.44727e-05
4.44731e-05
4.44734e-05
4.44738e-05
4.44741e-05
4.44745e-05
4.44748e-05
4.44752e-05
4.44755e-05
4.44758e-05
4.44762e-05
4.44765e-05
4.44768e-05
4.44772e-05
4.44775e-05
4.44778e-05
4.44781e-05
4.44785e-05
4.44788e-05
4.44791e-05
4.44795e-05
4.44798e-05
4.44801e-05
4.44805e-05
4.44808e-05
4.44811e-05
4.44815e-05
4.44818e-05
4.44822e-05
4.44825e-05
4.44829e-05
4.44832e-05
4.44836e-05
4.44839e-05
4.44843e-05
4.44846e-05
4.4485e-05
4.44853e-05
4.44857e-05
4.4486e-05
4.44864e-05
4.44868e-05
4.44871e-05
4.44875e-05
4.44878e-05
4.44882e-05
4.44886e-05
4.44889e-05
4.44893e-05
4.44897e-05
4.44585e-05
4.44589e-05
4.44594e-05
4.44599e-05
4.44604e-05
4.44609e-05
4.44614e-05
4.44619e-05
4.44624e-05
4.44629e-05
4.44633e-05
4.44638e-05
4.44642e-05
4.44646e-05
4.4465e-05
4.44654e-05
4.44658e-05
4.44662e-05
4.44666e-05
4.4467e-05
4.44674e-05
4.44678e-05
4.44681e-05
4.44685e-05
4.44689e-05
4.44692e-05
4.44696e-05
4.44699e-05
4.44702e-05
4.44706e-05
4.44709e-05
4.44713e-05
4.44716e-05
4.44719e-05
4.44723e-05
4.44726e-05
4.44729e-05
4.44733e-05
4.44736e-05
4.4474e-05
4.44743e-05
4.44746e-05
4.4475e-05
4.44753e-05
4.44757e-05
4.4476e-05
4.44763e-05
4.44767e-05
4.4477e-05
4.44774e-05
4.44778e-05
4.44781e-05
4.44785e-05
4.44789e-05
4.44792e-05
4.44796e-05
4.448e-05
4.44804e-05
4.44807e-05
4.44811e-05
4.44815e-05
4.44819e-05
4.44823e-05
4.44827e-05
4.44831e-05
4.44835e-05
4.44839e-05
4.44843e-05
4.44848e-05
4.44852e-05
4.44856e-05
4.4486e-05
4.44864e-05
4.44869e-05
4.44873e-05
4.44877e-05
4.44882e-05
4.44559e-05
4.44564e-05
4.44569e-05
4.44573e-05
4.44578e-05
4.44583e-05
4.44588e-05
4.44593e-05
4.44597e-05
4.44601e-05
4.44606e-05
4.4461e-05
4.44613e-05
4.44617e-05
4.44621e-05
4.44625e-05
4.44628e-05
4.44632e-05
4.44635e-05
4.44639e-05
4.44642e-05
4.44645e-05
4.44649e-05
4.44652e-05
4.44655e-05
4.44658e-05
4.44662e-05
4.44665e-05
4.44668e-05
4.44671e-05
4.44674e-05
4.44677e-05
4.44681e-05
4.44684e-05
4.44687e-05
4.4469e-05
4.44693e-05
4.44697e-05
4.447e-05
4.44703e-05
4.44707e-05
4.4471e-05
4.44714e-05
4.44717e-05
4.4472e-05
4.44724e-05
4.44728e-05
4.44731e-05
4.44735e-05
4.44739e-05
4.44742e-05
4.44746e-05
4.4475e-05
4.44754e-05
4.44758e-05
4.44762e-05
4.44766e-05
4.4477e-05
4.44774e-05
4.44779e-05
4.44783e-05
4.44787e-05
4.44792e-05
4.44796e-05
4.44801e-05
4.44805e-05
4.4481e-05
4.44815e-05
4.44819e-05
4.44824e-05
4.44829e-05
4.44834e-05
4.44839e-05
4.44844e-05
4.44849e-05
4.44854e-05
4.44859e-05
4.4453e-05
4.44535e-05
4.44539e-05
4.44544e-05
4.44549e-05
4.44554e-05
4.44558e-05
4.44562e-05
4.44566e-05
4.4457e-05
4.44573e-05
4.44577e-05
4.4458e-05
4.44583e-05
4.44587e-05
4.4459e-05
4.44593e-05
4.44596e-05
4.44599e-05
4.44601e-05
4.44604e-05
4.44607e-05
4.4461e-05
4.44613e-05
4.44615e-05
4.44618e-05
4.44621e-05
4.44624e-05
4.44626e-05
4.44629e-05
4.44632e-05
4.44635e-05
4.44638e-05
4.44641e-05
4.44644e-05
4.44647e-05
4.4465e-05
4.44653e-05
4.44656e-05
4.44659e-05
4.44662e-05
4.44665e-05
4.44669e-05
4.44672e-05
4.44676e-05
4.44679e-05
4.44683e-05
4.44686e-05
4.4469e-05
4.44694e-05
4.44698e-05
4.44702e-05
4.44706e-05
4.4471e-05
4.44714e-05
4.44718e-05
4.44723e-05
4.44727e-05
4.44732e-05
4.44736e-05
4.44741e-05
4.44746e-05
4.44751e-05
4.44756e-05
4.44761e-05
4.44766e-05
4.44771e-05
4.44776e-05
4.44782e-05
4.44787e-05
4.44792e-05
4.44798e-05
4.44804e-05
4.44809e-05
4.44815e-05
4.44821e-05
4.44826e-05
4.44497e-05
4.44502e-05
4.44506e-05
4.44511e-05
4.44515e-05
4.44519e-05
4.44523e-05
4.44527e-05
4.4453e-05
4.44533e-05
4.44536e-05
4.44539e-05
4.44542e-05
4.44544e-05
4.44547e-05
4.44549e-05
4.44551e-05
4.44554e-05
4.44556e-05
4.44558e-05
4.4456e-05
4.44562e-05
4.44564e-05
4.44566e-05
4.44569e-05
4.44571e-05
4.44573e-05
4.44575e-05
4.44577e-05
4.4458e-05
4.44582e-05
4.44584e-05
4.44587e-05
4.44589e-05
4.44592e-05
4.44594e-05
4.44597e-05
4.446e-05
4.44602e-05
4.44605e-05
4.44608e-05
4.44611e-05
4.44614e-05
4.44617e-05
4.44621e-05
4.44624e-05
4.44627e-05
4.44631e-05
4.44635e-05
4.44638e-05
4.44642e-05
4.44646e-05
4.4465e-05
4.44654e-05
4.44659e-05
4.44663e-05
4.44668e-05
4.44672e-05
4.44677e-05
4.44682e-05
4.44687e-05
4.44692e-05
4.44698e-05
4.44703e-05
4.44709e-05
4.44714e-05
4.4472e-05
4.44726e-05
4.44732e-05
4.44738e-05
4.44744e-05
4.4475e-05
4.44756e-05
4.44762e-05
4.44769e-05
4.44775e-05
4.44782e-05
4.44459e-05
4.44464e-05
4.44468e-05
4.44472e-05
4.44476e-05
4.4448e-05
4.44483e-05
4.44486e-05
4.44489e-05
4.44491e-05
4.44494e-05
4.44496e-05
4.44497e-05
4.44499e-05
4.44501e-05
4.44502e-05
4.44504e-05
4.44505e-05
4.44506e-05
4.44508e-05
4.44509e-05
4.4451e-05
4.44512e-05
4.44513e-05
4.44514e-05
4.44516e-05
4.44517e-05
4.44519e-05
4.4452e-05
4.44522e-05
4.44523e-05
4.44525e-05
4.44527e-05
4.44529e-05
4.44531e-05
4.44533e-05
4.44535e-05
4.44537e-05
4.44539e-05
4.44541e-05
4.44544e-05
4.44546e-05
4.44549e-05
4.44552e-05
4.44555e-05
4.44558e-05
4.44561e-05
4.44564e-05
4.44568e-05
4.44571e-05
4.44575e-05
4.44579e-05
4.44583e-05
4.44587e-05
4.44591e-05
4.44595e-05
4.446e-05
4.44605e-05
4.4461e-05
4.44615e-05
4.4462e-05
4.44626e-05
4.44631e-05
4.44637e-05
4.44643e-05
4.44649e-05
4.44655e-05
4.44662e-05
4.44668e-05
4.44675e-05
4.44681e-05
4.44688e-05
4.44695e-05
4.44702e-05
4.44709e-05
4.44717e-05
4.44724e-05
4.4442e-05
4.44425e-05
4.44429e-05
4.44432e-05
4.44435e-05
4.44438e-05
4.4444e-05
4.44442e-05
4.44443e-05
4.44445e-05
4.44446e-05
4.44447e-05
4.44448e-05
4.44448e-05
4.44449e-05
4.44449e-05
4.4445e-05
4.4445e-05
4.44451e-05
4.44451e-05
4.44452e-05
4.44452e-05
4.44452e-05
4.44453e-05
4.44453e-05
4.44454e-05
4.44455e-05
4.44455e-05
4.44456e-05
4.44457e-05
4.44457e-05
4.44458e-05
4.44459e-05
4.4446e-05
4.44462e-05
4.44463e-05
4.44464e-05
4.44466e-05
4.44467e-05
4.44469e-05
4.44471e-05
4.44473e-05
4.44475e-05
4.44477e-05
4.44479e-05
4.44482e-05
4.44485e-05
4.44487e-05
4.4449e-05
4.44494e-05
4.44497e-05
4.44501e-05
4.44504e-05
4.44508e-05
4.44512e-05
4.44517e-05
4.44521e-05
4.44526e-05
4.44531e-05
4.44536e-05
4.44541e-05
4.44547e-05
4.44553e-05
4.44559e-05
4.44565e-05
4.44572e-05
4.44579e-05
4.44585e-05
4.44592e-05
4.446e-05
4.44607e-05
4.44615e-05
4.44622e-05
4.4463e-05
4.44638e-05
4.44647e-05
4.44371e-05
4.44375e-05
4.44378e-05
4.44381e-05
4.44384e-05
4.44385e-05
4.44387e-05
4.44388e-05
4.44389e-05
4.44389e-05
4.44389e-05
4.4439e-05
4.44389e-05
4.44389e-05
4.44389e-05
4.44388e-05
4.44388e-05
4.44387e-05
4.44387e-05
4.44386e-05
4.44386e-05
4.44385e-05
4.44384e-05
4.44384e-05
4.44383e-05
4.44383e-05
4.44383e-05
4.44382e-05
4.44382e-05
4.44382e-05
4.44381e-05
4.44381e-05
4.44381e-05
4.44381e-05
4.44381e-05
4.44381e-05
4.44382e-05
4.44382e-05
4.44383e-05
4.44383e-05
4.44384e-05
4.44385e-05
4.44386e-05
4.44387e-05
4.44388e-05
4.4439e-05
4.44391e-05
4.44393e-05
4.44395e-05
4.44397e-05
4.444e-05
4.44403e-05
4.44405e-05
4.44409e-05
4.44412e-05
4.44416e-05
4.44419e-05
4.44424e-05
4.44428e-05
4.44433e-05
4.44438e-05
4.44444e-05
4.4445e-05
4.44456e-05
4.44462e-05
4.44469e-05
4.44475e-05
4.44482e-05
4.4449e-05
4.44497e-05
4.44505e-05
4.44513e-05
4.44521e-05
4.44529e-05
4.44538e-05
4.44547e-05
4.44315e-05
4.44318e-05
4.44321e-05
4.44323e-05
4.44325e-05
4.44326e-05
4.44326e-05
4.44327e-05
4.44327e-05
4.44326e-05
4.44326e-05
4.44325e-05
4.44324e-05
4.44323e-05
4.44322e-05
4.4432e-05
4.44319e-05
4.44318e-05
4.44316e-05
4.44315e-05
4.44313e-05
4.44311e-05
4.4431e-05
4.44308e-05
4.44307e-05
4.44305e-05
4.44304e-05
4.44302e-05
4.44301e-05
4.44299e-05
4.44298e-05
4.44297e-05
4.44295e-05
4.44294e-05
4.44292e-05
4.44291e-05
4.4429e-05
4.44289e-05
4.44288e-05
4.44287e-05
4.44286e-05
4.44285e-05
4.44285e-05
4.44284e-05
4.44284e-05
4.44283e-05
4.44283e-05
4.44283e-05
4.44284e-05
4.44284e-05
4.44285e-05
4.44286e-05
4.44287e-05
4.44289e-05
4.4429e-05
4.44292e-05
4.44294e-05
4.44297e-05
4.44299e-05
4.44302e-05
4.44306e-05
4.44309e-05
4.44313e-05
4.44318e-05
4.44322e-05
4.44328e-05
4.44333e-05
4.44339e-05
4.44345e-05
4.44352e-05
4.44359e-05
4.44367e-05
4.44375e-05
4.44383e-05
4.44392e-05
4.44401e-05
4.44251e-05
4.44254e-05
4.44255e-05
4.44257e-05
4.44258e-05
4.44258e-05
4.44258e-05
4.44258e-05
4.44257e-05
4.44256e-05
4.44255e-05
4.44253e-05
4.44252e-05
4.4425e-05
4.44248e-05
4.44246e-05
4.44244e-05
4.44242e-05
4.4424e-05
4.44237e-05
4.44235e-05
4.44233e-05
4.4423e-05
4.44228e-05
4.44225e-05
4.44223e-05
4.4422e-05
4.44218e-05
4.44215e-05
4.44212e-05
4.44209e-05
4.44207e-05
4.44204e-05
4.44201e-05
4.44198e-05
4.44195e-05
4.44192e-05
4.44189e-05
4.44186e-05
4.44183e-05
4.44181e-05
4.44178e-05
4.44175e-05
4.44173e-05
4.44171e-05
4.44169e-05
4.44168e-05
4.44167e-05
4.44166e-05
4.44165e-05
4.44165e-05
4.44165e-05
4.44165e-05
4.44165e-05
4.44166e-05
4.44167e-05
4.44168e-05
4.44169e-05
4.4417e-05
4.44171e-05
4.44173e-05
4.44175e-05
4.44176e-05
4.44178e-05
4.44181e-05
4.44183e-05
4.44186e-05
4.44191e-05
4.44195e-05
4.44201e-05
4.44207e-05
4.44214e-05
4.44221e-05
4.44228e-05
4.44235e-05
4.44243e-05
4.44178e-05
4.4418e-05
4.44181e-05
4.44181e-05
4.44182e-05
4.44182e-05
4.44181e-05
4.4418e-05
4.44179e-05
4.44178e-05
4.44177e-05
4.44175e-05
4.44173e-05
4.44171e-05
4.44169e-05
4.44166e-05
4.44164e-05
4.44162e-05
4.44159e-05
4.44157e-05
4.44154e-05
4.44151e-05
4.44148e-05
4.44145e-05
4.44142e-05
4.44139e-05
4.44136e-05
4.44132e-05
4.44128e-05
4.44125e-05
4.44121e-05
4.44116e-05
4.44112e-05
4.44108e-05
4.44103e-05
4.44099e-05
4.44096e-05
4.44092e-05
4.44089e-05
4.44085e-05
4.44082e-05
4.44079e-05
4.44078e-05
4.44077e-05
4.44078e-05
4.44079e-05
4.44082e-05
4.44085e-05
4.44088e-05
4.44093e-05
4.44097e-05
4.44103e-05
4.44108e-05
4.44115e-05
4.44121e-05
4.44128e-05
4.44135e-05
4.44142e-05
4.44148e-05
4.44152e-05
4.44156e-05
4.44158e-05
4.44159e-05
4.4416e-05
4.44162e-05
4.44164e-05
4.44165e-05
4.44167e-05
4.44169e-05
4.4417e-05
4.44171e-05
4.44172e-05
4.44174e-05
4.44177e-05
4.4418e-05
4.44185e-05
4.44095e-05
4.44096e-05
4.44096e-05
4.44096e-05
4.44096e-05
4.44096e-05
4.44095e-05
4.44095e-05
4.44094e-05
4.44093e-05
4.44091e-05
4.4409e-05
4.44088e-05
4.44087e-05
4.44085e-05
4.44083e-05
4.44082e-05
4.4408e-05
4.44078e-05
4.44076e-05
4.44074e-05
4.44071e-05
4.44069e-05
4.44066e-05
4.44063e-05
4.4406e-05
4.44057e-05
4.44054e-05
4.44051e-05
4.44047e-05
4.44042e-05
4.44037e-05
4.44034e-05
4.44031e-05
4.4403e-05
4.44032e-05
4.44033e-05
4.44035e-05
4.44037e-05
4.44039e-05
4.44041e-05
4.44044e-05
4.44048e-05
4.44053e-05
4.44059e-05
4.44065e-05
4.44072e-05
4.4408e-05
4.44088e-05
4.44096e-05
4.44105e-05
4.44114e-05
4.44124e-05
4.44133e-05
4.44144e-05
4.44155e-05
4.44166e-05
4.44178e-05
4.4419e-05
4.44204e-05
4.44217e-05
4.44232e-05
4.44246e-05
4.4427e-05
4.44295e-05
4.44321e-05
4.44346e-05
4.44372e-05
4.44396e-05
4.44418e-05
4.44439e-05
4.44458e-05
4.44474e-05
4.44489e-05
4.44502e-05
4.44513e-05
)
;

boundaryField
{
    walls
    {
        type            fixedValue;
        value           uniform 0;
    }
    frontAndBack
    {
        type            empty;
    }
    farfield
    {
        type            inletOutlet;
        inletValue      uniform 4.44e-05;
        value           nonuniform List<scalar> 
76
(
4.44e-05
4.44e-05
4.44e-05
4.44e-05
4.44e-05
4.44e-05
4.44e-05
4.44e-05
4.44e-05
4.44e-05
4.44e-05
4.44e-05
4.44e-05
4.44e-05
4.44e-05
4.44e-05
4.44e-05
4.44e-05
4.44e-05
4.44e-05
4.44e-05
4.44e-05
4.44e-05
4.44e-05
4.44e-05
4.44e-05
4.44e-05
4.44e-05
4.44e-05
4.44e-05
4.44e-05
4.44e-05
4.44e-05
4.44e-05
4.44e-05
4.44e-05
4.44e-05
4.44e-05
4.44e-05
4.44e-05
4.44e-05
4.44e-05
4.44e-05
4.44e-05
4.44e-05
4.44e-05
4.44e-05
4.44e-05
4.44e-05
4.44e-05
4.44e-05
4.44e-05
4.44e-05
4.44e-05
4.44e-05
4.44e-05
4.44e-05
4.44e-05
4.44e-05
4.44e-05
4.44e-05
4.44e-05
4.44e-05
4.44e-05
4.44295e-05
4.44321e-05
4.44346e-05
4.44372e-05
4.44396e-05
4.44418e-05
4.44439e-05
4.44458e-05
4.44474e-05
4.44489e-05
4.44502e-05
4.44513e-05
)
;
    }
    procBoundary0to1
    {
        type            processor;
        value           nonuniform List<scalar> 
101
(
1.50161e-06
4.69548e-06
8.29052e-06
1.23265e-05
1.68491e-05
2.19095e-05
2.75635e-05
3.38684e-05
4.08752e-05
4.86118e-05
5.70598e-05
6.61533e-05
7.5822e-05
8.74995e-05
8.74995e-05
9.86532e-05
0.0001105
0.000123158
0.00013678
0.000151565
0.000167763
0.000185694
0.000205768
0.000228508
0.000254598
0.000284934
0.000320712
0.000377026
0.000377026
0.000430727
0.000496063
0.000576152
0.000674198
0.00079355
0.000937625
0.00110988
0.00131354
0.00155083
0.00182165
0.0021227
0.00244817
0.00279136
0.00314577
0.00350491
0.00386125
0.00420511
0.00452351
0.00479918
0.00500935
0.00512437
0.00510609
0.00490644
0.00446746
0.00372685
0.0026486
0.00140829
0.000534098
0.000177278
7.58767e-05
5.17968e-05
4.65412e-05
4.53839e-05
4.50659e-05
4.49257e-05
4.4836e-05
4.47701e-05
4.47191e-05
4.46777e-05
4.46428e-05
4.4613e-05
4.45873e-05
4.45653e-05
4.45466e-05
4.45308e-05
4.45174e-05
4.45063e-05
4.44972e-05
4.449e-05
4.44843e-05
4.44802e-05
4.44794e-05
4.44816e-05
4.44846e-05
4.44872e-05
4.44891e-05
4.44904e-05
4.44911e-05
4.44912e-05
4.44909e-05
4.44901e-05
4.44886e-05
4.44864e-05
4.44832e-05
4.44789e-05
4.44732e-05
4.44655e-05
4.44556e-05
4.44411e-05
4.44251e-05
4.4419e-05
4.44522e-05
)
;
    }
    procBoundary0to2
    {
        type            processor;
        value           nonuniform List<scalar> 
113
(
4.31259e-06
1.28752e-05
2.12094e-05
2.89374e-05
3.57801e-05
4.15031e-05
4.58996e-05
4.87937e-05
5.00476e-05
6.5297e-05
6.5297e-05
7.9954e-05
7.9954e-05
0.000108391
0.000108391
0.000107036
0.000102163
9.36756e-05
8.20779e-05
6.84625e-05
5.44277e-05
4.49266e-05
3.99629e-05
3.84248e-05
3.88141e-05
4.00331e-05
4.17348e-05
4.2737e-05
4.30747e-05
4.30857e-05
4.33848e-05
4.38843e-05
4.41946e-05
4.41946e-05
4.4508e-05
4.46639e-05
4.47651e-05
4.48244e-05
4.48516e-05
4.4854e-05
4.4838e-05
4.48108e-05
4.47797e-05
4.47581e-05
4.47536e-05
4.47369e-05
4.4575e-05
4.45613e-05
4.45708e-05
4.45927e-05
4.46247e-05
4.46697e-05
4.46697e-05
4.46106e-05
4.45883e-05
4.45678e-05
4.45491e-05
4.45325e-05
4.4519e-05
4.45122e-05
4.45122e-05
4.45363e-05
4.4522e-05
4.45143e-05
4.45143e-05
4.45781e-05
4.45644e-05
4.45543e-05
4.45456e-05
4.45375e-05
4.453e-05
4.45228e-05
4.45159e-05
4.45093e-05
4.4503e-05
4.44971e-05
4.44917e-05
4.44869e-05
4.44827e-05
4.44792e-05
4.44764e-05
4.44748e-05
4.44748e-05
4.44737e-05
4.4473e-05
4.44725e-05
4.44722e-05
4.4472e-05
4.4472e-05
4.44719e-05
4.44717e-05
4.44714e-05
4.44709e-05
4.44702e-05
4.44694e-05
4.44684e-05
4.44672e-05
4.44658e-05
4.44642e-05
4.44624e-05
4.44604e-05
4.44581e-05
4.44555e-05
4.44525e-05
4.44492e-05
4.44454e-05
4.44416e-05
4.44416e-05
4.44367e-05
4.44312e-05
4.44248e-05
4.44176e-05
4.44094e-05
)
;
    }
}


// ************************************************************************* //
