/*--------------------------------*- C++ -*----------------------------------*\
| =========                 |                                                 |
| \\      /  F ield         | OpenFOAM: The Open Source CFD Toolbox           |
|  \\    /   O peration     | Version:  2412                                  |
|   \\  /    A nd           | Website:  www.openfoam.com                      |
|    \\/     M anipulation  |                                                 |
\*---------------------------------------------------------------------------*/
FoamFile
{
    version     2.0;
    format      ascii;
    arch        "LSB;label=32;scalar=64";
    class       volScalarField;
    location    "20";
    object      nut;
}
// * * * * * * * * * * * * * * * * * * * * * * * * * * * * * * * * * * * * * //

dimensions      [0 2 -1 0 0 0 0];

internalField   nonuniform List<scalar> 
7423
(
5.8786e-11
1.03268e-10
1.06151e-10
9.54889e-11
7.58629e-11
5.97412e-11
5.0115e-11
4.96867e-11
5.11198e-11
5.28598e-11
5.47332e-11
5.65729e-11
5.78678e-11
5.85773e-11
5.91918e-11
5.95767e-11
5.96109e-11
5.95583e-11
5.94715e-11
5.9425e-11
5.93559e-11
5.92414e-11
5.90372e-11
5.87224e-11
5.82794e-11
5.79283e-11
5.7559e-11
5.71995e-11
5.68444e-11
5.65213e-11
5.62304e-11
5.59515e-11
5.56922e-11
5.54489e-11
5.52275e-11
5.50085e-11
5.48047e-11
5.46051e-11
5.44222e-11
5.42394e-11
5.40733e-11
5.39023e-11
5.37423e-11
5.35893e-11
5.34438e-11
5.33051e-11
5.31608e-11
5.30275e-11
5.28968e-11
5.2777e-11
5.2658e-11
5.25498e-11
5.2443e-11
5.23472e-11
5.22473e-11
5.21533e-11
5.20617e-11
5.19753e-11
5.18893e-11
5.18117e-11
5.17355e-11
5.16672e-11
5.15956e-11
5.15263e-11
5.1457e-11
5.13843e-11
5.13235e-11
5.12642e-11
5.1204e-11
5.11454e-11
5.10905e-11
5.10437e-11
5.09702e-11
5.09585e-11
5.07738e-11
5.0896e-11
5.14856e-09
9.03301e-09
9.74527e-09
8.87988e-09
6.90662e-09
5.17484e-09
4.06182e-09
3.97145e-09
4.10096e-09
4.25926e-09
4.42869e-09
4.59532e-09
4.71083e-09
4.77337e-09
4.83358e-09
4.87342e-09
4.88303e-09
4.88907e-09
4.89449e-09
4.90128e-09
4.90522e-09
4.90591e-09
4.89972e-09
4.88051e-09
4.84784e-09
4.82285e-09
4.79572e-09
4.76749e-09
4.73937e-09
4.71449e-09
4.69234e-09
4.6711e-09
4.65114e-09
4.63251e-09
4.61563e-09
4.59905e-09
4.58359e-09
4.56848e-09
4.55469e-09
4.54097e-09
4.52834e-09
4.51533e-09
4.50298e-09
4.49129e-09
4.48011e-09
4.46948e-09
4.45844e-09
4.44798e-09
4.4378e-09
4.42833e-09
4.41902e-09
4.41055e-09
4.40225e-09
4.39472e-09
4.38707e-09
4.37983e-09
4.37263e-09
4.36574e-09
4.35897e-09
4.3529e-09
4.34692e-09
4.34143e-09
4.33588e-09
4.33045e-09
4.32489e-09
4.31902e-09
4.31415e-09
4.30948e-09
4.30454e-09
4.29976e-09
4.29523e-09
4.29137e-09
4.28535e-09
4.28424e-09
4.26993e-09
4.27657e-09
4.41414e-08
7.70973e-08
8.83259e-08
8.21314e-08
6.19666e-08
4.24973e-08
3.03059e-08
2.91062e-08
3.02131e-08
3.15603e-08
3.29789e-08
3.439e-08
3.53523e-08
3.5855e-08
3.63967e-08
3.67803e-08
3.692e-08
3.70657e-08
3.72419e-08
3.74131e-08
3.75493e-08
3.76633e-08
3.77383e-08
3.76698e-08
3.74642e-08
3.73167e-08
3.71485e-08
3.69507e-08
3.67503e-08
3.65813e-08
3.64328e-08
3.62919e-08
3.61575e-08
3.60336e-08
3.59221e-08
3.58143e-08
3.57122e-08
3.56136e-08
3.55245e-08
3.54364e-08
3.53528e-08
3.52673e-08
3.51845e-08
3.51061e-08
3.50315e-08
3.49603e-08
3.48864e-08
3.48141e-08
3.4743e-08
3.46768e-08
3.46118e-08
3.45525e-08
3.44949e-08
3.44423e-08
3.43903e-08
3.4341e-08
3.42913e-08
3.42429e-08
3.41949e-08
3.41516e-08
3.41102e-08
3.40711e-08
3.40319e-08
3.39931e-08
3.39537e-08
3.39119e-08
3.38754e-08
3.38412e-08
3.38048e-08
3.37694e-08
3.37346e-08
3.37055e-08
3.36607e-08
3.36504e-08
3.3553e-08
3.35616e-08
1.87332e-07
3.23131e-07
3.97065e-07
3.80345e-07
2.75819e-07
1.68774e-07
1.07012e-07
1.0016e-07
1.04477e-07
1.09844e-07
1.1544e-07
1.21003e-07
1.24689e-07
1.26569e-07
1.28809e-07
1.3043e-07
1.3114e-07
1.32055e-07
1.33189e-07
1.34248e-07
1.35163e-07
1.36029e-07
1.36807e-07
1.36899e-07
1.36362e-07
1.36039e-07
1.35604e-07
1.34975e-07
1.34325e-07
1.33818e-07
1.33381e-07
1.32971e-07
1.3257e-07
1.32207e-07
1.31883e-07
1.3158e-07
1.3129e-07
1.31012e-07
1.30764e-07
1.30524e-07
1.30286e-07
1.30041e-07
1.29797e-07
1.29568e-07
1.29347e-07
1.29139e-07
1.28921e-07
1.28698e-07
1.28477e-07
1.28268e-07
1.28066e-07
1.27878e-07
1.27698e-07
1.27534e-07
1.2738e-07
1.2723e-07
1.27077e-07
1.26924e-07
1.26771e-07
1.26631e-07
1.265e-07
1.26374e-07
1.2625e-07
1.26123e-07
1.25997e-07
1.25861e-07
1.25733e-07
1.25616e-07
1.25493e-07
1.25371e-07
1.25246e-07
1.25145e-07
1.24992e-07
1.24945e-07
1.24649e-07
1.24498e-07
5.58836e-07
9.46456e-07
1.25281e-06
1.25552e-06
8.74427e-07
4.70805e-07
2.59598e-07
2.34025e-07
2.45101e-07
2.59625e-07
2.74665e-07
2.89361e-07
2.98638e-07
3.03385e-07
3.0948e-07
3.13796e-07
3.15895e-07
3.19099e-07
3.23017e-07
3.26608e-07
3.29901e-07
3.3325e-07
3.36496e-07
3.37642e-07
3.36954e-07
3.36797e-07
3.36221e-07
3.34925e-07
3.33546e-07
3.32614e-07
3.31836e-07
3.31107e-07
3.30361e-07
3.29703e-07
3.29129e-07
3.2863e-07
3.28144e-07
3.27688e-07
3.27297e-07
3.26929e-07
3.26536e-07
3.26124e-07
3.25688e-07
3.25288e-07
3.24886e-07
3.24515e-07
3.24129e-07
3.23702e-07
3.23272e-07
3.22849e-07
3.22455e-07
3.22078e-07
3.2172e-07
3.21396e-07
3.21124e-07
3.2084e-07
3.2055e-07
3.2024e-07
3.1993e-07
3.19641e-07
3.19372e-07
3.19109e-07
3.18858e-07
3.18591e-07
3.18327e-07
3.18039e-07
3.17742e-07
3.17474e-07
3.17194e-07
3.16912e-07
3.16608e-07
3.16374e-07
3.16025e-07
3.15881e-07
3.15322e-07
3.14455e-07
1.33945e-06
2.21846e-06
3.1433e-06
3.35383e-06
2.26991e-06
1.07561e-06
5.03022e-07
4.29505e-07
4.51074e-07
4.82166e-07
5.141e-07
5.44152e-07
5.61726e-07
5.71124e-07
5.83658e-07
5.91926e-07
5.96343e-07
6.04272e-07
6.13683e-07
6.22227e-07
6.30599e-07
6.39597e-07
6.48573e-07
6.52703e-07
6.52882e-07
6.54086e-07
6.54053e-07
6.52108e-07
6.49944e-07
6.48877e-07
6.4804e-07
6.47239e-07
6.46318e-07
6.45551e-07
6.44918e-07
6.44486e-07
6.44057e-07
6.43683e-07
6.43418e-07
6.4321e-07
6.42887e-07
6.42525e-07
6.42068e-07
6.41667e-07
6.41224e-07
6.40832e-07
6.40432e-07
6.39898e-07
6.39338e-07
6.38742e-07
6.38216e-07
6.37697e-07
6.37214e-07
6.36775e-07
6.36489e-07
6.36157e-07
6.35799e-07
6.35362e-07
6.34916e-07
6.3449e-07
6.341e-07
6.337e-07
6.33343e-07
6.3293e-07
6.32531e-07
6.32084e-07
6.31555e-07
6.31076e-07
6.30591e-07
6.30087e-07
6.2951e-07
6.29077e-07
6.28467e-07
6.28123e-07
6.27423e-07
6.24707e-07
2.75212e-06
4.44458e-06
6.61364e-06
7.56961e-06
5.12466e-06
2.18145e-06
8.43807e-07
6.6685e-07
7.00775e-07
7.57722e-07
8.15471e-07
8.66452e-07
8.92786e-07
9.08504e-07
9.29136e-07
9.40833e-07
9.48066e-07
9.63384e-07
9.8087e-07
9.96709e-07
1.01362e-06
1.03263e-06
1.05179e-06
1.06183e-06
1.06517e-06
1.07013e-06
1.07205e-06
1.0699e-06
1.06733e-06
1.06703e-06
1.06693e-06
1.06672e-06
1.06616e-06
1.06581e-06
1.06563e-06
1.06589e-06
1.06614e-06
1.06649e-06
1.06699e-06
1.06761e-06
1.06793e-06
1.06818e-06
1.06818e-06
1.06826e-06
1.06819e-06
1.06819e-06
1.06822e-06
1.06794e-06
1.06758e-06
1.06707e-06
1.06669e-06
1.06626e-06
1.0659e-06
1.06556e-06
1.06556e-06
1.06545e-06
1.06529e-06
1.06491e-06
1.06449e-06
1.06406e-06
1.06367e-06
1.06323e-06
1.06289e-06
1.06242e-06
1.06199e-06
1.06148e-06
1.06072e-06
1.06e-06
1.05931e-06
1.05856e-06
1.05764e-06
1.05696e-06
1.05609e-06
1.05538e-06
1.05496e-06
1.04866e-06
5.03514e-06
7.88963e-06
1.20286e-05
1.46316e-05
1.02881e-05
4.11657e-06
1.29244e-06
9.17288e-07
9.61154e-07
1.05477e-06
1.14774e-06
1.222e-06
1.25268e-06
1.27582e-06
1.30321e-06
1.31386e-06
1.3233e-06
1.3475e-06
1.37368e-06
1.39764e-06
1.42653e-06
1.46003e-06
1.49385e-06
1.51313e-06
1.52339e-06
1.53568e-06
1.54157e-06
1.54006e-06
1.53807e-06
1.54011e-06
1.54204e-06
1.54348e-06
1.54413e-06
1.54501e-06
1.5461e-06
1.54799e-06
1.5499e-06
1.55199e-06
1.55427e-06
1.55677e-06
1.55867e-06
1.56046e-06
1.56177e-06
1.56315e-06
1.56421e-06
1.56531e-06
1.56656e-06
1.56724e-06
1.56773e-06
1.56784e-06
1.56813e-06
1.5683e-06
1.56853e-06
1.56871e-06
1.56952e-06
1.57015e-06
1.57065e-06
1.57072e-06
1.57067e-06
1.57051e-06
1.57039e-06
1.57011e-06
1.57003e-06
1.5697e-06
1.56944e-06
1.56909e-06
1.56819e-06
1.56727e-06
1.56642e-06
1.56546e-06
1.56416e-06
1.56319e-06
1.56215e-06
1.56088e-06
1.56143e-06
1.54939e-06
8.39344e-06
1.26977e-05
1.93916e-05
2.46587e-05
1.85034e-05
7.42054e-06
1.88497e-06
1.15863e-06
1.20411e-06
1.347e-06
1.48409e-06
1.5779e-06
1.60079e-06
1.63159e-06
1.65877e-06
1.65758e-06
1.66697e-06
1.69848e-06
1.72982e-06
1.75954e-06
1.80271e-06
1.8536e-06
1.90472e-06
1.9357e-06
1.95797e-06
1.9818e-06
1.99382e-06
1.99397e-06
1.99415e-06
2.00062e-06
2.00616e-06
2.01041e-06
2.01323e-06
2.01624e-06
2.01949e-06
2.02409e-06
2.02885e-06
2.03394e-06
2.03929e-06
2.04499e-06
2.04969e-06
2.05425e-06
2.05802e-06
2.0618e-06
2.06504e-06
2.06825e-06
2.07178e-06
2.07446e-06
2.07677e-06
2.07833e-06
2.0801e-06
2.08158e-06
2.0831e-06
2.08442e-06
2.08674e-06
2.0888e-06
2.09064e-06
2.09174e-06
2.09255e-06
2.09309e-06
2.09359e-06
2.09378e-06
2.09426e-06
2.09438e-06
2.09459e-06
2.09472e-06
2.09387e-06
2.09283e-06
2.0919e-06
2.09081e-06
2.08913e-06
2.08785e-06
2.08676e-06
2.08469e-06
2.08704e-06
2.06704e-06
1.88343e-05
2.8345e-05
3.7127e-05
3.0045e-05
1.29041e-05
2.71397e-06
1.39177e-06
1.42567e-06
1.63409e-06
1.82248e-06
1.92289e-06
1.91446e-06
1.9523e-06
1.96354e-06
1.93101e-06
1.93624e-06
1.96833e-06
1.99515e-06
2.02361e-06
2.08119e-06
2.14869e-06
2.21566e-06
2.25837e-06
2.29836e-06
2.33761e-06
2.35728e-06
2.35977e-06
2.36435e-06
2.37742e-06
2.38794e-06
2.39587e-06
2.40158e-06
2.40737e-06
2.41348e-06
2.42167e-06
2.43044e-06
2.43987e-06
2.44966e-06
2.45994e-06
2.46877e-06
2.47746e-06
2.48502e-06
2.49246e-06
2.4991e-06
2.50559e-06
2.51266e-06
2.51862e-06
2.52394e-06
2.52801e-06
2.53223e-06
2.53592e-06
2.53958e-06
2.54276e-06
2.54733e-06
2.55162e-06
2.55559e-06
2.55842e-06
2.56068e-06
2.5624e-06
2.56393e-06
2.5649e-06
2.56628e-06
2.56717e-06
2.56817e-06
2.56913e-06
2.5686e-06
2.56754e-06
2.56662e-06
2.56547e-06
2.56346e-06
2.56181e-06
2.5608e-06
2.55767e-06
2.56253e-06
2.5325e-06
3.83018e-05
5.11312e-05
4.45769e-05
2.15646e-05
3.97638e-06
1.65797e-06
1.671e-06
1.97221e-06
2.21394e-06
2.29155e-06
2.2085e-06
2.25184e-06
2.21748e-06
2.12224e-06
2.11778e-06
2.13621e-06
2.14113e-06
2.15582e-06
2.22502e-06
2.30276e-06
2.37805e-06
2.42816e-06
2.4911e-06
2.54789e-06
2.57511e-06
2.57965e-06
2.59127e-06
2.61262e-06
2.62876e-06
2.64043e-06
2.64909e-06
2.65768e-06
2.66681e-06
2.67894e-06
2.69263e-06
2.70758e-06
2.72304e-06
2.73911e-06
2.7533e-06
2.76741e-06
2.78007e-06
2.79242e-06
2.80375e-06
2.81472e-06
2.82655e-06
2.83711e-06
2.84674e-06
2.85452e-06
2.86221e-06
2.86904e-06
2.87564e-06
2.88141e-06
2.88887e-06
2.89614e-06
2.90299e-06
2.90825e-06
2.91255e-06
2.91592e-06
2.91883e-06
2.92087e-06
2.92338e-06
2.92532e-06
2.92737e-06
2.92946e-06
2.92953e-06
2.92857e-06
2.92769e-06
2.9265e-06
2.92417e-06
2.92204e-06
2.92117e-06
2.91675e-06
2.92441e-06
2.88245e-06
6.56764e-05
6.12971e-05
3.42174e-05
6.06568e-06
2.09207e-06
2.17555e-06
2.69935e-06
2.94001e-06
2.84831e-06
2.57111e-06
2.60859e-06
2.47079e-06
2.26096e-06
2.24066e-06
2.21978e-06
2.176e-06
2.15864e-06
2.23373e-06
2.30831e-06
2.37694e-06
2.42416e-06
2.51319e-06
2.58613e-06
2.61807e-06
2.62263e-06
2.64409e-06
2.67427e-06
2.69535e-06
2.70963e-06
2.72023e-06
2.73066e-06
2.74211e-06
2.75772e-06
2.77671e-06
2.79803e-06
2.81998e-06
2.84264e-06
2.8631e-06
2.88363e-06
2.90251e-06
2.92082e-06
2.93796e-06
2.9545e-06
2.97209e-06
2.98844e-06
3.00355e-06
3.01615e-06
3.02825e-06
3.03902e-06
3.04927e-06
3.05821e-06
3.06897e-06
3.07971e-06
3.09001e-06
3.0983e-06
3.1051e-06
3.11048e-06
3.11502e-06
3.11829e-06
3.12203e-06
3.12515e-06
3.12834e-06
3.13169e-06
3.13257e-06
3.13179e-06
3.1309e-06
3.12959e-06
3.12691e-06
3.12412e-06
3.12329e-06
3.11741e-06
3.1275e-06
3.07167e-06
7.98448e-05
7.91935e-05
5.09796e-05
9.87825e-06
3.41476e-06
3.50865e-06
4.48074e-06
4.79786e-06
4.44536e-06
3.81327e-06
3.37696e-06
2.89652e-06
2.44347e-06
2.39367e-06
2.2846e-06
2.15019e-06
2.07542e-06
2.14848e-06
2.19818e-06
2.23716e-06
2.26432e-06
2.37918e-06
2.46138e-06
2.49126e-06
2.49125e-06
2.52506e-06
2.56293e-06
2.58649e-06
2.60072e-06
2.6109e-06
2.62101e-06
2.63296e-06
2.65053e-06
2.67451e-06
2.70253e-06
2.73119e-06
2.7606e-06
2.78769e-06
2.81517e-06
2.84099e-06
2.86592e-06
2.88968e-06
2.91256e-06
2.93651e-06
2.95941e-06
2.98084e-06
2.99917e-06
3.01639e-06
3.03169e-06
3.04599e-06
3.05847e-06
3.07263e-06
3.08699e-06
3.10099e-06
3.11264e-06
3.12223e-06
3.1298e-06
3.13602e-06
3.14055e-06
3.14539e-06
3.14961e-06
3.15381e-06
3.15829e-06
3.16003e-06
3.15943e-06
3.15835e-06
3.1567e-06
3.15353e-06
3.14983e-06
3.14869e-06
3.14124e-06
3.15268e-06
3.08091e-06
9.28256e-05
9.72429e-05
7.10986e-05
1.84872e-05
6.54222e-06
6.39684e-06
8.18057e-06
8.67965e-06
7.87277e-06
6.59097e-06
5.39699e-06
4.31204e-06
3.3962e-06
2.90421e-06
2.50622e-06
2.17574e-06
1.99583e-06
2.05526e-06
2.04584e-06
2.02236e-06
2.00444e-06
2.1414e-06
2.21872e-06
2.2345e-06
2.22182e-06
2.26983e-06
2.31195e-06
2.33327e-06
2.3431e-06
2.34906e-06
2.35533e-06
2.36478e-06
2.38175e-06
2.40965e-06
2.44409e-06
2.47889e-06
2.51444e-06
2.54783e-06
2.58217e-06
2.61512e-06
2.64684e-06
2.67756e-06
2.70711e-06
2.73747e-06
2.76707e-06
2.79512e-06
2.81966e-06
2.8424e-06
2.86248e-06
2.88097e-06
2.89707e-06
2.91441e-06
2.93214e-06
2.94967e-06
2.9647e-06
2.97706e-06
2.98676e-06
2.99451e-06
3.00012e-06
3.00574e-06
3.0107e-06
3.01551e-06
3.02065e-06
3.023e-06
3.02242e-06
3.02085e-06
3.01846e-06
3.01447e-06
3.00948e-06
3.00745e-06
2.99834e-06
3.00937e-06
0.000103892
0.000114493
9.32886e-05
3.49421e-05
1.33451e-05
1.21375e-05
1.51915e-05
1.60394e-05
1.45132e-05
1.21271e-05
9.63509e-06
7.45709e-06
5.65762e-06
4.45007e-06
3.54474e-06
2.85565e-06
2.39737e-06
2.18885e-06
2.0012e-06
1.84256e-06
1.73511e-06
1.88726e-06
1.93533e-06
1.91734e-06
1.87887e-06
1.94206e-06
1.98205e-06
1.99358e-06
1.99284e-06
1.9893e-06
1.98693e-06
1.98984e-06
2.00281e-06
2.03305e-06
2.07309e-06
2.11269e-06
2.15299e-06
2.19169e-06
2.23225e-06
2.272e-06
2.31016e-06
2.34768e-06
2.38379e-06
2.42003e-06
2.45584e-06
2.49016e-06
2.52086e-06
2.54914e-06
2.57392e-06
2.5964e-06
2.61594e-06
2.63597e-06
2.65645e-06
2.67695e-06
2.69496e-06
2.70976e-06
2.72126e-06
2.73015e-06
2.73644e-06
2.74227e-06
2.74734e-06
2.75204e-06
2.757e-06
2.75932e-06
2.75834e-06
2.75576e-06
2.75203e-06
2.74665e-06
2.73984e-06
2.73606e-06
2.72512e-06
2.73352e-06
0.000112341
0.000130045
0.000116174
6.17783e-05
2.66798e-05
2.26958e-05
2.73092e-05
2.86277e-05
2.60861e-05
2.21206e-05
1.76449e-05
1.36898e-05
1.03448e-05
7.86835e-06
6.01474e-06
4.62276e-06
3.64328e-06
3.02334e-06
2.53705e-06
2.15629e-06
1.88028e-06
1.82128e-06
1.74359e-06
1.64113e-06
1.54984e-06
1.62723e-06
1.65377e-06
1.64364e-06
1.62348e-06
1.60323e-06
1.58606e-06
1.5775e-06
1.58259e-06
1.6135e-06
1.65823e-06
1.70082e-06
1.74411e-06
1.78679e-06
1.83264e-06
1.87857e-06
1.92257e-06
1.96649e-06
2.00875e-06
2.05e-06
2.09103e-06
2.13072e-06
2.16704e-06
2.20057e-06
2.2297e-06
2.25573e-06
2.27833e-06
2.30043e-06
2.32281e-06
2.34542e-06
2.36567e-06
2.38223e-06
2.39488e-06
2.40425e-06
2.41054e-06
2.41579e-06
2.42003e-06
2.42358e-06
2.42715e-06
2.42829e-06
2.42603e-06
2.42163e-06
2.41563e-06
2.40794e-06
2.39849e-06
2.39183e-06
2.37862e-06
2.38196e-06
0.000117423
0.000142992
0.000138506
9.76794e-05
4.94051e-05
4.03929e-05
4.62644e-05
4.79476e-05
4.41649e-05
3.83339e-05
3.12913e-05
2.48623e-05
1.91558e-05
1.46152e-05
1.11141e-05
8.42135e-06
6.44691e-06
5.06407e-06
4.0049e-06
3.19073e-06
2.59576e-06
2.26733e-06
2.00903e-06
1.78596e-06
1.60262e-06
1.54207e-06
1.46834e-06
1.39253e-06
1.32838e-06
1.27565e-06
1.2327e-06
1.20529e-06
1.19765e-06
1.228e-06
1.27713e-06
1.32103e-06
1.36589e-06
1.41169e-06
1.46238e-06
1.51434e-06
1.56402e-06
1.61437e-06
1.66267e-06
1.70817e-06
1.75341e-06
1.79745e-06
1.83866e-06
1.8771e-06
1.9102e-06
1.93927e-06
1.96445e-06
1.98799e-06
2.01137e-06
2.03508e-06
2.05652e-06
2.07378e-06
2.08648e-06
2.09521e-06
2.10039e-06
2.10383e-06
2.10581e-06
2.10665e-06
2.10704e-06
2.10516e-06
2.1e-06
2.09227e-06
2.08249e-06
2.07093e-06
2.05744e-06
2.04625e-06
2.02973e-06
2.02543e-06
0.000118252
0.000152352
0.000159142
0.000133084
8.24144e-05
6.69658e-05
7.28447e-05
7.44296e-05
6.94486e-05
6.18727e-05
5.21179e-05
4.2878e-05
3.41731e-05
2.67472e-05
2.07298e-05
1.58703e-05
1.21286e-05
9.33637e-06
7.17171e-06
5.49907e-06
4.26662e-06
3.46843e-06
2.89066e-06
2.45984e-06
2.112e-06
1.89077e-06
1.68811e-06
1.51493e-06
1.38323e-06
1.27896e-06
1.19454e-06
1.13795e-06
1.10915e-06
1.11242e-06
1.13633e-06
1.16726e-06
1.20537e-06
1.24865e-06
1.30227e-06
1.35912e-06
1.41278e-06
1.469e-06
1.52301e-06
1.57104e-06
1.61782e-06
1.66195e-06
1.70303e-06
1.74158e-06
1.77377e-06
1.80075e-06
1.8237e-06
1.84401e-06
1.86369e-06
1.88379e-06
1.90144e-06
1.91424e-06
1.92194e-06
1.92519e-06
1.92464e-06
1.92184e-06
1.91714e-06
1.91083e-06
1.90344e-06
1.89375e-06
1.88123e-06
1.86601e-06
1.84849e-06
1.82911e-06
1.80805e-06
1.78869e-06
1.76596e-06
1.74987e-06
0.000113661
0.000157044
0.000176934
0.000165784
0.000124496
0.000102534
0.00010689
0.000107486
0.000101339
9.24802e-05
8.05175e-05
6.88292e-05
5.70513e-05
4.63307e-05
3.71211e-05
2.91925e-05
2.27203e-05
1.75864e-05
1.34607e-05
1.01811e-05
7.69484e-06
5.9729e-06
4.76673e-06
3.96016e-06
3.31377e-06
2.84834e-06
2.43593e-06
2.09778e-06
1.85374e-06
1.65615e-06
1.49461e-06
1.38356e-06
1.31917e-06
1.29299e-06
1.29584e-06
1.31802e-06
1.35694e-06
1.40884e-06
1.48029e-06
1.55827e-06
1.63135e-06
1.71078e-06
1.78674e-06
1.85103e-06
1.9129e-06
1.97051e-06
2.02514e-06
2.07872e-06
2.12355e-06
2.16067e-06
2.19259e-06
2.21973e-06
2.24502e-06
2.26961e-06
2.29005e-06
2.30329e-06
2.30929e-06
2.30883e-06
2.30276e-06
2.29274e-06
2.2793e-06
2.26295e-06
2.24422e-06
2.22222e-06
2.19708e-06
2.16834e-06
2.13636e-06
2.10179e-06
2.06531e-06
2.02955e-06
1.99145e-06
1.95546e-06
0.000102526
0.000155933
0.000190609
0.000195436
0.000174059
0.000145934
0.000148319
0.000146919
0.000139272
0.000129394
0.000115757
0.000102301
8.80221e-05
7.436e-05
6.18866e-05
5.04304e-05
4.05002e-05
3.21051e-05
2.49896e-05
1.90568e-05
1.43306e-05
1.08351e-05
8.34193e-06
6.81349e-06
5.63601e-06
4.80181e-06
4.05148e-06
3.42545e-06
2.9916e-06
2.62013e-06
2.30456e-06
2.08586e-06
1.95262e-06
1.87455e-06
1.84362e-06
1.85114e-06
1.895e-06
1.96918e-06
2.08039e-06
2.20371e-06
2.31958e-06
2.45122e-06
2.57671e-06
2.67816e-06
2.77613e-06
2.86909e-06
2.96168e-06
3.06002e-06
3.14624e-06
3.22047e-06
3.28681e-06
3.34274e-06
3.39299e-06
3.43984e-06
3.47818e-06
3.50366e-06
3.51666e-06
3.51861e-06
3.51025e-06
3.49324e-06
3.46873e-06
3.43795e-06
3.40174e-06
3.3594e-06
3.31086e-06
3.2557e-06
3.19472e-06
3.12908e-06
3.06038e-06
2.99134e-06
2.92024e-06
2.845e-06
8.45718e-05
0.000147942
0.00019871
0.000221281
0.000219423
0.000195844
0.000197342
0.000193347
0.000183736
0.000172564
0.000157231
0.000142344
0.00012606
0.000110081
9.49112e-05
8.02215e-05
6.68055e-05
5.47926e-05
4.39847e-05
3.44319e-05
2.63447e-05
1.99203e-05
1.50663e-05
1.16898e-05
9.22857e-06
7.76234e-06
6.47152e-06
5.37979e-06
4.69379e-06
4.06621e-06
3.51187e-06
3.13494e-06
2.903e-06
2.74352e-06
2.65515e-06
2.63324e-06
2.68466e-06
2.79958e-06
2.98591e-06
3.19987e-06
3.4084e-06
3.67206e-06
3.94065e-06
4.17335e-06
4.41991e-06
4.65483e-06
4.87323e-06
5.09631e-06
5.29363e-06
5.46959e-06
5.62961e-06
5.76439e-06
5.88309e-06
5.99124e-06
6.08061e-06
6.14503e-06
6.18612e-06
6.20602e-06
6.20463e-06
6.18388e-06
6.14632e-06
6.09474e-06
6.03075e-06
5.95367e-06
5.86336e-06
5.75934e-06
5.64329e-06
5.51739e-06
5.38521e-06
5.25037e-06
5.11311e-06
4.95871e-06
6.13663e-05
0.000132222
0.000199585
0.000241967
0.000259295
0.000252303
0.000254667
0.000247598
0.000235659
0.000222696
0.00020512
0.000188558
0.000170241
0.000152206
0.000134823
0.000117505
0.000101197
8.59514e-05
7.15229e-05
5.80509e-05
4.5925e-05
3.5591e-05
2.72367e-05
2.08934e-05
1.60997e-05
1.27647e-05
1.01518e-05
8.1662e-06
7.14046e-06
6.11789e-06
5.18643e-06
4.58276e-06
4.20967e-06
3.91171e-06
3.71192e-06
3.61529e-06
3.65615e-06
3.81364e-06
4.08449e-06
4.40202e-06
4.72071e-06
5.16913e-06
5.63957e-06
6.05558e-06
6.52534e-06
6.97844e-06
7.39252e-06
7.82125e-06
8.20643e-06
8.5593e-06
8.88786e-06
9.16914e-06
9.4209e-06
9.65313e-06
9.85175e-06
1.00092e-05
1.013e-05
1.02166e-05
1.02662e-05
1.02808e-05
1.02646e-05
1.02221e-05
1.01557e-05
1.00652e-05
9.95084e-06
9.81207e-06
9.65106e-06
9.47074e-06
9.27565e-06
9.07119e-06
8.85871e-06
8.60229e-06
3.74702e-05
0.000108275
0.00019137
0.000255585
0.000293661
0.00030611
0.000320404
0.000310855
0.000296618
0.000281111
0.000260414
0.000241579
0.000220705
0.000200332
0.000180705
0.000160982
0.000142294
0.000124378
0.000106906
8.99735e-05
7.39874e-05
5.95135e-05
4.70074e-05
3.67508e-05
2.85532e-05
2.23326e-05
1.74774e-05
1.37325e-05
1.12214e-05
9.20923e-06
7.56698e-06
6.61399e-06
6.02123e-06
5.46851e-06
5.05193e-06
4.79195e-06
4.7873e-06
4.97516e-06
5.30861e-06
5.70719e-06
6.12164e-06
6.79977e-06
7.51467e-06
8.1449e-06
8.90974e-06
9.6514e-06
1.03208e-05
1.10389e-05
1.16902e-05
1.22992e-05
1.28784e-05
1.33797e-05
1.38374e-05
1.42656e-05
1.46393e-05
1.49524e-05
1.52146e-05
1.5427e-05
1.55822e-05
1.56823e-05
1.57336e-05
1.57419e-05
1.57095e-05
1.5637e-05
1.55253e-05
1.53742e-05
1.51863e-05
1.49651e-05
1.47156e-05
1.4445e-05
1.4156e-05
1.37739e-05
1.88949e-05
7.74251e-05
0.000172196
0.000259809
0.000321184
0.000354593
0.000381627
0.000383607
0.000367811
0.000349532
0.000325144
0.000303195
0.000278874
0.000255441
0.000233026
0.000210524
0.000189357
0.000168887
0.000148734
0.000128909
0.000109719
9.16504e-05
7.52226e-05
6.08672e-05
4.86778e-05
3.87168e-05
3.06326e-05
2.41627e-05
1.93174e-05
1.55532e-05
1.25722e-05
1.04608e-05
8.95281e-06
7.76665e-06
6.88707e-06
6.28178e-06
6.18009e-06
6.3654e-06
6.67489e-06
7.0697e-06
7.51135e-06
8.45543e-06
9.41803e-06
1.02462e-05
1.13661e-05
1.24418e-05
1.33925e-05
1.44752e-05
1.54544e-05
1.63864e-05
1.72908e-05
1.80758e-05
1.88089e-05
1.95038e-05
2.01159e-05
2.06475e-05
2.11162e-05
2.15183e-05
2.18395e-05
2.20838e-05
2.22601e-05
2.2374e-05
2.24263e-05
2.24177e-05
2.23509e-05
2.22264e-05
2.20472e-05
2.18169e-05
2.15412e-05
2.12273e-05
2.08803e-05
2.03621e-05
9.04419e-06
4.59154e-05
0.000140707
0.000252176
0.000339429
0.000397164
0.000437729
0.000452029
0.000446119
0.000429102
0.000400459
0.000374962
0.000346456
0.000319199
0.000293229
0.000267155
0.000242898
0.000219405
0.000196339
0.00017366
0.000151592
0.000130486
0.000110782
9.28774e-05
7.69591e-05
6.31652e-05
5.14079e-05
4.15526e-05
3.36014e-05
2.72096e-05
2.2052e-05
1.80672e-05
1.50147e-05
1.26436e-05
1.08627e-05
9.56791e-06
8.84564e-06
8.53933e-06
8.50328e-06
8.66115e-06
8.95625e-06
1.02085e-05
1.13375e-05
1.22589e-05
1.37809e-05
1.51826e-05
1.63735e-05
1.78817e-05
1.92089e-05
2.04969e-05
2.17759e-05
2.28761e-05
2.39343e-05
2.495e-05
2.58442e-05
2.66435e-05
2.73746e-05
2.80209e-05
2.8561e-05
2.90052e-05
2.93648e-05
2.96419e-05
2.98343e-05
2.99431e-05
2.99725e-05
2.99242e-05
2.98012e-05
2.96075e-05
2.93488e-05
2.90319e-05
2.86632e-05
2.80134e-05
5.48897e-06
2.29703e-05
0.000102319
0.000231259
0.000345361
0.000429702
0.000487644
0.000515229
0.000519537
0.000509025
0.000485965
0.000458553
0.000425052
0.000393133
0.00036278
0.000332185
0.000304033
0.000276727
0.000250086
0.000224057
0.000198852
0.000174731
0.000152071
0.000131183
0.00011217
9.51012e-05
7.99762e-05
6.67303e-05
5.54246e-05
4.59385e-05
3.7987e-05
3.14596e-05
2.61476e-05
2.18773e-05
1.85189e-05
1.59469e-05
1.41752e-05
1.30701e-05
1.24557e-05
1.2227e-05
1.22571e-05
1.29312e-05
1.36835e-05
1.43677e-05
1.63309e-05
1.79346e-05
1.9201e-05
2.11927e-05
2.28059e-05
2.44257e-05
2.60855e-05
2.74702e-05
2.88668e-05
3.02223e-05
3.14006e-05
3.24884e-05
3.35143e-05
3.44342e-05
3.52231e-05
3.59067e-05
3.64957e-05
3.69832e-05
3.73634e-05
3.76387e-05
3.7815e-05
3.78938e-05
3.78778e-05
3.77709e-05
3.75791e-05
3.73083e-05
3.69643e-05
3.61997e-05
4.49486e-06
1.14487e-05
6.46647e-05
0.000197813
0.00033616
0.000448958
0.00052848
0.000571843
0.000587571
0.000584772
0.000567931
0.000543619
0.000512561
0.000479098
0.000443675
0.000407516
0.000374583
0.000342483
0.000311342
0.000281104
0.000252032
0.000224339
0.00019844
0.000174598
0.000152763
0.000132887
0.000114925
9.87737e-05
8.44897e-05
7.21276e-05
6.1401e-05
5.21125e-05
4.40698e-05
3.72967e-05
3.16811e-05
2.71198e-05
2.36809e-05
2.12946e-05
1.97456e-05
1.88487e-05
1.84194e-05
1.8546e-05
1.88891e-05
1.93039e-05
2.03777e-05
2.13278e-05
2.21907e-05
2.47597e-05
2.64154e-05
2.82555e-05
3.02418e-05
3.17692e-05
3.34694e-05
3.51248e-05
3.65148e-05
3.7868e-05
3.91818e-05
4.03585e-05
4.1385e-05
4.23174e-05
4.31554e-05
4.3874e-05
4.44666e-05
4.49406e-05
4.53023e-05
4.55496e-05
4.56834e-05
4.57075e-05
4.56286e-05
4.54514e-05
4.51795e-05
4.19334e-06
6.91338e-06
3.52306e-05
0.000154266
0.000310094
0.000450863
0.000555945
0.000618879
0.000648453
0.000655149
0.000645348
0.000625399
0.000597695
0.00056577
0.000530766
0.000493717
0.000456602
0.000418708
0.000382018
0.000346526
0.000312597
0.000280417
0.000250554
0.000223274
0.000198344
0.000175646
0.00015504
0.000136316
0.000119387
0.000104258
9.08518e-05
7.92839e-05
6.90927e-05
5.99159e-05
5.17513e-05
4.46369e-05
3.88685e-05
3.46194e-05
3.16522e-05
2.97187e-05
2.85754e-05
2.81122e-05
2.80466e-05
2.81656e-05
2.85876e-05
2.89074e-05
2.91633e-05
3.0167e-05
3.08301e-05
3.26005e-05
3.47587e-05
3.60713e-05
3.7998e-05
3.98165e-05
4.12166e-05
4.27597e-05
4.42938e-05
4.56309e-05
4.68206e-05
4.79668e-05
4.90281e-05
4.99494e-05
5.07374e-05
5.14104e-05
5.19697e-05
5.24035e-05
5.2708e-05
5.28881e-05
5.29523e-05
5.29034e-05
5.27415e-05
4.06537e-06
5.20246e-06
1.76556e-05
0.000103468
0.000266899
0.000431382
0.000564626
0.000651674
0.000698716
0.000717638
0.000716662
0.000702614
0.000679158
0.000649815
0.000616383
0.000580166
0.000542676
0.000503779
0.000463856
0.00042233
0.000382423
0.000344635
0.000309853
0.000278347
0.000249633
0.000223644
0.000200122
0.000178749
0.000159315
0.000141754
0.000125871
0.000111658
9.88735e-05
8.73658e-05
7.71794e-05
6.81546e-05
6.03263e-05
5.39661e-05
4.91452e-05
4.576e-05
4.35977e-05
4.24246e-05
4.19563e-05
4.18383e-05
4.18258e-05
4.16745e-05
4.14074e-05
4.12858e-05
4.08903e-05
4.09369e-05
4.12506e-05
4.13085e-05
4.33722e-05
4.50125e-05
4.5984e-05
4.76153e-05
4.9206e-05
5.04697e-05
5.16644e-05
5.29336e-05
5.41193e-05
5.51303e-05
5.60326e-05
5.68573e-05
5.75826e-05
5.81765e-05
5.86302e-05
5.89549e-05
5.91623e-05
5.92496e-05
5.92129e-05
4.30966e-06
9.42851e-06
5.80704e-05
0.000209659
0.000388162
0.000548588
0.000663773
0.000733078
0.000768043
0.000778709
0.000772843
0.000755267
0.000729858
0.000699022
0.000664452
0.000627701
0.000589218
0.000549272
0.000507248
0.000463403
0.000418853
0.000378109
0.000341445
0.000307996
0.000277981
0.000250923
0.000226435
0.000204201
0.000184142
0.000165891
0.000149366
0.00013433
0.000120611
0.000108166
9.69232e-05
8.69242e-05
7.84154e-05
7.16321e-05
6.66583e-05
6.33948e-05
6.15762e-05
6.07922e-05
6.05028e-05
6.02348e-05
5.98846e-05
5.93826e-05
5.85721e-05
5.73266e-05
5.60833e-05
5.4851e-05
5.34463e-05
5.28868e-05
5.24507e-05
5.19329e-05
5.36374e-05
5.49084e-05
5.56102e-05
5.65805e-05
5.78279e-05
5.89151e-05
5.97618e-05
6.062e-05
6.14913e-05
6.22834e-05
6.29344e-05
6.34419e-05
6.38413e-05
6.41451e-05
6.4334e-05
6.4398e-05
4.10378e-06
6.14654e-06
2.80342e-05
0.000144816
0.000322691
0.000502904
0.000647609
0.000744285
0.000800246
0.000826503
0.000832021
0.000822819
0.000803378
0.000776729
0.000745022
0.000710034
0.000672711
0.000633582
0.000592493
0.000549438
0.000504186
0.000457189
0.00041435
0.000375017
0.000340177
0.000308747
0.000280461
0.000254848
0.000231832
0.000210911
0.000191985
0.000174727
0.000158917
0.000144456
0.000131252
0.000119271
0.000108641
9.95861e-05
9.23677e-05
8.71961e-05
8.41316e-05
8.28265e-05
8.26041e-05
8.27892e-05
8.29044e-05
8.25365e-05
8.13907e-05
7.96878e-05
7.7731e-05
7.54274e-05
7.28159e-05
7.04092e-05
6.81286e-05
6.58637e-05
6.4549e-05
6.34735e-05
6.2448e-05
6.30157e-05
6.40152e-05
6.45237e-05
6.47173e-05
6.53482e-05
6.61146e-05
6.67685e-05
6.72436e-05
6.75939e-05
6.79274e-05
6.82253e-05
6.84199e-05
6.84969e-05
4.00556e-06
4.81264e-06
1.34769e-05
8.15224e-05
0.000240907
0.000426278
0.000596107
0.000723283
0.000805928
0.00085293
0.000874139
0.000876796
0.000866197
0.000846075
0.000819115
0.000787427
0.000752407
0.000714927
0.000675285
0.000633696
0.000590196
0.000544832
0.000498759
0.000452199
0.00041188
0.000375067
0.000342225
0.00031246
0.000285844
0.000261662
0.000239936
0.000220152
0.000202039
0.000185484
0.00017035
0.000156509
0.000143988
0.000132916
0.000123521
0.000116094
0.000110891
0.000108039
0.00010717
0.000107487
0.000108157
0.000108493
0.000108048
0.000106736
0.000104574
0.000101596
9.82233e-05
9.47661e-05
9.11899e-05
8.7539e-05
8.41961e-05
8.11234e-05
7.82161e-05
7.60291e-05
7.43256e-05
7.28185e-05
7.1418e-05
7.19059e-05
7.23372e-05
7.24212e-05
7.22595e-05
7.20992e-05
7.22127e-05
7.23638e-05
7.23862e-05
7.22914e-05
3.90183e-06
4.28944e-06
7.68619e-06
3.70999e-05
0.000153694
0.000324751
0.000505724
0.000661149
0.000774635
0.000848425
0.000890858
0.000910022
0.000912154
0.000901795
0.000882267
0.000856119
0.000825196
0.00079076
0.000753523
0.000713982
0.000672492
0.00062938
0.000585345
0.000540099
0.000494779
0.000451201
0.000413205
0.000378308
0.000347473
0.00031917
0.000294044
0.000271245
0.000250419
0.000231466
0.000214138
0.000198264
0.000183837
0.000170897
0.000159561
0.000150051
0.000142655
0.000137731
0.000135204
0.000134883
0.000135657
0.000136416
0.000136534
0.000135787
0.000134112
0.000131498
0.000128103
0.000124094
0.00011966
0.00011511
0.000110619
0.000106211
0.000101909
9.79078e-05
9.42127e-05
9.08076e-05
8.7626e-05
8.52284e-05
8.31928e-05
8.13689e-05
7.96572e-05
7.85402e-05
7.85479e-05
7.83684e-05
7.78806e-05
7.72652e-05
3.81037e-06
4.08284e-06
5.36628e-06
1.5663e-05
7.45569e-05
0.00021134
0.000381296
0.000552553
0.000696028
0.00080122
0.000871139
0.00091273
0.000932681
0.000936398
0.000927951
0.000910432
0.000886187
0.000856913
0.000823741
0.000787485
0.000748782
0.000708207
0.000666464
0.000623775
0.000580821
0.000537814
0.000494852
0.00045342
0.000418019
0.000384598
0.000355435
0.000328831
0.000304636
0.000282886
0.000263062
0.000244805
0.000228185
0.000213279
0.000200062
0.000188646
0.000179229
0.000172283
0.000167757
0.000166147
0.000166473
0.000167123
0.000167295
0.000166704
0.000165271
0.000162989
0.000159925
0.000156164
0.000151783
0.000146904
0.000141688
0.000136388
0.000131173
0.000126097
0.000121188
0.000116488
0.000111985
0.000107836
0.000103992
0.000100446
9.71318e-05
9.41666e-05
9.17301e-05
8.95426e-05
8.74947e-05
8.55547e-05
3.75803e-06
3.97285e-06
4.5591e-06
8.18394e-06
2.79356e-05
0.000105388
0.000241044
0.000403176
0.000564357
0.000700219
0.00080218
0.000872352
0.000916326
0.000939691
0.000947127
0.000942358
0.00092831
0.000907175
0.000880538
0.000849584
0.000815246
0.000778329
0.000739641
0.000699739
0.000659285
0.000618661
0.000578162
0.000537897
0.000498638
0.000458497
0.000425231
0.000394255
0.000365757
0.000340604
0.000317739
0.000296604
0.000277465
0.00026034
0.000245117
0.000231787
0.000220491
0.000211589
0.000205134
0.000202134
0.000201505
0.000201343
0.000200869
0.000199824
0.000198138
0.000195801
0.000192839
0.000189293
0.000185201
0.000180603
0.00017555
0.000170124
0.000164413
0.00015856
0.000152801
0.000147247
0.00014185
0.000136652
0.000131701
0.000127011
0.000122547
0.000118322
0.000114395
0.000110724
0.000107301
0.000104088
3.71458e-06
3.88801e-06
4.23825e-06
5.63169e-06
1.15829e-05
3.68281e-05
0.000113653
0.000239382
0.000389642
0.000541312
0.000672945
0.000775482
0.00084933
0.000898541
0.000927735
0.000941035
0.000941834
0.000932848
0.000916165
0.000893417
0.000865881
0.000834626
0.000800624
0.000764673
0.000727518
0.000689736
0.000651795
0.000613957
0.000576747
0.000539401
0.000504033
0.000468059
0.000434272
0.000405652
0.000379209
0.000354359
0.000332228
0.000312608
0.000295164
0.000279793
0.00026659
0.000255681
0.000247552
0.000243285
0.000240952
0.000239079
0.000237147
0.000234964
0.000232454
0.000229578
0.000226324
0.000222693
0.000218691
0.000214327
0.000209612
0.00020457
0.000199221
0.000193596
0.000187744
0.0001817
0.000175536
0.000169498
0.000163774
0.000158325
0.000153057
0.000147959
0.000143095
0.00013849
0.000134141
0.000130019
3.62491e-06
3.77105e-06
4.03154e-06
4.6642e-06
6.6984e-06
1.31432e-05
3.54688e-05
9.94227e-05
0.000208659
0.000342891
0.000483927
0.000612694
0.000718253
0.000798402
0.000855367
0.0008927
0.000913944
0.000922201
0.000920013
0.000909424
0.000892104
0.000869446
0.000842663
0.000812776
0.000780675
0.000747108
0.000712696
0.000677897
0.000643205
0.000608588
0.00057488
0.000541517
0.000508984
0.000478178
0.000447529
0.000417794
0.000392632
0.000370504
0.000350693
0.00033308
0.000317735
0.000304803
0.000295588
0.00028906
0.000283888
0.000279425
0.000275342
0.000271447
0.000267616
0.00026376
0.000259816
0.000255739
0.000251499
0.000247077
0.000242461
0.000237646
0.000232636
0.000227437
0.000222059
0.000216509
0.000210798
0.000204975
0.000199079
0.000193099
0.000187044
0.000181091
0.000175475
0.000170219
0.000165247
0.000160488
3.50556e-06
3.62277e-06
3.82099e-06
4.19055e-06
5.03053e-06
6.95271e-06
1.1893e-05
2.67495e-05
7.02029e-05
0.000155742
0.000268974
0.00039504
0.000518849
0.000627552
0.000715389
0.000782011
0.000829525
0.000860739
0.000878388
0.000884869
0.000882215
0.000872139
0.000856105
0.000835376
0.000811036
0.000784018
0.000755102
0.000724929
0.000694069
0.000662851
0.000631781
0.000600953
0.000570613
0.000541197
0.000512434
0.000484456
0.000458373
0.000434211
0.000411966
0.000391899
0.000374308
0.000359219
0.000346738
0.000336477
0.000327865
0.000320453
0.000313916
0.000308016
0.000302574
0.000297449
0.000292528
0.000287726
0.000282976
0.000278225
0.000273437
0.000268586
0.000263656
0.000258639
0.000253532
0.000248335
0.000243052
0.000237696
0.000232283
0.000226816
0.000221297
0.000215759
0.000210257
0.000204811
0.000199409
0.000194036
3.41112e-06
3.49692e-06
3.64033e-06
3.886e-06
4.31527e-06
5.06477e-06
6.47255e-06
9.51678e-06
1.73999e-05
3.98947e-05
9.37164e-05
0.00017967
0.000283683
0.000394991
0.000502339
0.00059653
0.000673334
0.000732444
0.00077543
0.000804437
0.000821614
0.000828917
0.00082806
0.000820533
0.000807624
0.000790449
0.000769963
0.000746979
0.000722194
0.000696163
0.000669407
0.000642279
0.000615091
0.000588185
0.000561689
0.000535763
0.000510843
0.000487173
0.000464907
0.000444233
0.000425355
0.0004084
0.000393451
0.000380414
0.000369059
0.000359123
0.000350355
0.000342534
0.000335473
0.000329008
0.000323003
0.000317343
0.000311934
0.000306699
0.000301576
0.000296518
0.000291491
0.00028647
0.000281439
0.000276389
0.000271313
0.000266216
0.000261101
0.000255973
0.000250838
0.000245708
0.0002406
0.000235529
0.000230505
0.00022553
3.36563e-06
3.42822e-06
3.52776e-06
3.68028e-06
3.93766e-06
4.31537e-06
4.88342e-06
5.79891e-06
7.48546e-06
1.11347e-05
2.02199e-05
4.35638e-05
9.30207e-05
0.000167364
0.00025563
0.000349826
0.000442199
0.000525605
0.000595784
0.000651545
0.000693617
0.000723511
0.000742902
0.000753378
0.000756385
0.000753208
0.000744976
0.000732668
0.000717135
0.000699099
0.000679198
0.000657949
0.000635793
0.000613123
0.00059024
0.000567407
0.000544933
0.000523088
0.00050209
0.000482138
0.000463414
0.000446064
0.000430192
0.000415828
0.000402922
0.000391366
0.000381021
0.000371734
0.000363359
0.000355749
0.000348774
0.000342314
0.000336264
0.000330534
0.000325047
0.00031974
0.000314562
0.000309476
0.00030445
0.000299464
0.000294504
0.00028956
0.000284632
0.000279718
0.00027482
0.000269944
0.000265097
0.000260288
0.000255527
0.000250819
3.34301e-06
3.39526e-06
3.47005e-06
3.56262e-06
3.73779e-06
3.95682e-06
4.25766e-06
4.66714e-06
5.25319e-06
6.17856e-06
7.83505e-06
1.12015e-05
1.8762e-05
3.61514e-05
7.15218e-05
0.00012701
0.00019558
0.000270393
0.000346524
0.000419128
0.000484081
0.000538898
0.000582799
0.000616199
0.000640124
0.000655798
0.000664426
0.000667115
0.000664855
0.000658518
0.000648877
0.000636601
0.000622268
0.000606382
0.000589371
0.000571609
0.000553443
0.000535188
0.000517119
0.000499477
0.000482476
0.000466291
0.000451064
0.000436889
0.000423811
0.000411827
0.000400895
0.000390946
0.000381892
0.000373637
0.000366077
0.000359113
0.000352652
0.000346604
0.000340891
0.000335444
0.000330204
0.000325123
0.000320162
0.000315289
0.000310481
0.000305721
0.000300999
0.000296308
0.000291645
0.00028701
0.000282406
0.000277838
0.000273309
0.000268828
3.31968e-06
3.3691e-06
3.4374e-06
3.50557e-06
3.63146e-06
3.77792e-06
3.96661e-06
4.20784e-06
4.51374e-06
4.9121e-06
5.46174e-06
6.28652e-06
7.6502e-06
1.01234e-05
1.49529e-05
2.47141e-05
4.3701e-05
7.59388e-05
0.000120923
0.000174031
0.00023097
0.000288714
0.000344548
0.000395939
0.000440955
0.000478525
0.000508389
0.00053089
0.000546711
0.000556674
0.000561622
0.000562348
0.000559567
0.000553914
0.000545949
0.000536161
0.000524988
0.000512821
0.000500008
0.000486856
0.000473633
0.000460571
0.000447861
0.000435657
0.000424071
0.000413178
0.000403013
0.000393582
0.000384868
0.000376829
0.000369413
0.000362558
0.000356197
0.000350263
0.000344689
0.000339416
0.000334386
0.000329551
0.000324868
0.000320302
0.000315825
0.000311413
0.00030705
0.000302724
0.000298427
0.000294155
0.000289906
0.000285681
0.000281482
0.000277313
3.27166e-06
3.30542e-06
3.36171e-06
3.4295e-06
3.52884e-06
3.64786e-06
3.78527e-06
3.95272e-06
4.15661e-06
4.40349e-06
4.70467e-06
5.08118e-06
5.57265e-06
6.25315e-06
7.26076e-06
8.85092e-06
1.1493e-05
1.6031e-05
2.38822e-05
3.70692e-05
5.76039e-05
8.61165e-05
0.000121111
0.000159984
0.000200395
0.000240574
0.000279074
0.00031466
0.000346353
0.000373504
0.000395828
0.000413358
0.000426359
0.000435249
0.000440523
0.000442693
0.00044226
0.000439692
0.00043542
0.00042983
0.000423265
0.000416026
0.000408372
0.00040052
0.000392651
0.000384907
0.000377396
0.000370196
0.000363355
0.000356897
0.000350828
0.000345137
0.0003398
0.000334787
0.000330059
0.000325579
0.000321308
0.000317207
0.000313242
0.000309381
0.000305599
0.000301872
0.000298183
0.000294517
0.000290864
0.000287218
0.000283573
0.000279929
0.000276284
0.000272642
3.16233e-06
3.16918e-06
3.17969e-06
3.19236e-06
3.20844e-06
3.22063e-06
3.23203e-06
3.24685e-06
3.27911e-06
3.3321e-06
3.39027e-06
3.48094e-06
3.58809e-06
3.71501e-06
3.86518e-06
4.04205e-06
4.24947e-06
4.49268e-06
4.77976e-06
5.1239e-06
5.54699e-06
6.08493e-06
6.79544e-06
7.76971e-06
9.14998e-06
1.11577e-05
1.41344e-05
1.85868e-05
2.52084e-05
3.4813e-05
4.81105e-05
6.5367e-05
8.61636e-05
0.000109502
0.000134162
0.000159019
0.000183184
0.000205993
0.000226956
0.000245742
0.000262152
0.000276107
0.00028763
0.000296828
0.00030387
0.00030897
0.00031236
0.000314286
0.000314984
0.00031468
0.000313583
0.000311877
0.000309724
0.000307261
0.0003046
0.00030183
0.00029902
0.000296217
0.000293453
0.000290746
0.000288103
0.000285524
0.000282999
0.000280519
0.000278068
0.000275635
0.000273203
0.000270761
0.000268297
0.000265802
0.00026327
0.000260696
0.000258076
0.00025541
0.000252698
0.000249942
3.1584e-06
3.16389e-06
3.17248e-06
3.18333e-06
3.1969e-06
3.21441e-06
3.23087e-06
3.24963e-06
3.2716e-06
3.30287e-06
3.34372e-06
3.40073e-06
3.47183e-06
3.55861e-06
3.66236e-06
3.78483e-06
3.92816e-06
4.09463e-06
4.28692e-06
4.50851e-06
4.76421e-06
5.06093e-06
5.40859e-06
5.82137e-06
6.31932e-06
6.93067e-06
7.6951e-06
8.66783e-06
9.92493e-06
1.15688e-05
1.37331e-05
1.65853e-05
2.03209e-05
2.51471e-05
3.12487e-05
3.87375e-05
4.76092e-05
5.77227e-05
6.88108e-05
8.05329e-05
9.25313e-05
0.000104478
0.000116103
0.0001272
0.000137629
0.0001473
0.000156164
0.000164207
0.000171433
0.000177864
0.000183537
0.000188496
0.000192794
0.000196492
0.000199647
0.000202321
0.000204569
0.000206444
0.00020799
0.000209248
0.000210251
0.000211027
0.000211596
0.000211975
0.000212176
0.000212209
0.000212082
0.000211799
0.000211365
0.000210784
0.000210061
0.000209199
0.000208202
0.000207077
0.000205828
0.000204461
3.15484e-06
3.15949e-06
3.16658e-06
3.17569e-06
3.18755e-06
3.20234e-06
3.2197e-06
3.23946e-06
3.2619e-06
3.28863e-06
3.32329e-06
3.36738e-06
3.42153e-06
3.48627e-06
3.56322e-06
3.65351e-06
3.75824e-06
3.87875e-06
4.0166e-06
4.17349e-06
4.35135e-06
4.55249e-06
4.77963e-06
5.03616e-06
5.32637e-06
5.65575e-06
6.03149e-06
6.4628e-06
6.96147e-06
7.54224e-06
8.22322e-06
9.02619e-06
9.97665e-06
1.11035e-05
1.24381e-05
1.40119e-05
1.58541e-05
1.79893e-05
2.04339e-05
2.31952e-05
2.62703e-05
2.96469e-05
3.33041e-05
3.72152e-05
4.13514e-05
4.56828e-05
5.01794e-05
5.48119e-05
5.95497e-05
6.43596e-05
6.92083e-05
7.40586e-05
7.88753e-05
8.3625e-05
8.82731e-05
9.27913e-05
9.71548e-05
0.000101341
0.000105332
0.000109113
0.000112675
0.00011601
0.000119112
0.000121979
0.00012461
0.000127004
0.000129166
0.000131096
0.000132798
0.000134278
0.000135542
0.000136595
0.000137444
0.000138096
0.00013856
0.000138841
3.15192e-06
3.15579e-06
3.16146e-06
3.16869e-06
3.17823e-06
3.18821e-06
3.20087e-06
3.21446e-06
3.23181e-06
3.25615e-06
3.28456e-06
3.3197e-06
3.36455e-06
3.4192e-06
3.4841e-06
3.55974e-06
3.64665e-06
3.7455e-06
3.85717e-06
3.98269e-06
4.12319e-06
4.27996e-06
4.45435e-06
4.64787e-06
4.86215e-06
5.09909e-06
5.36086e-06
5.65e-06
5.9695e-06
6.32277e-06
6.7137e-06
7.14668e-06
7.62648e-06
8.15824e-06
8.74715e-06
9.39815e-06
1.01155e-05
1.09028e-05
1.17619e-05
1.26937e-05
1.36979e-05
1.4773e-05
1.59167e-05
1.71268e-05
1.84012e-05
1.9739e-05
2.11406e-05
2.26078e-05
2.41436e-05
2.57518e-05
2.74366e-05
2.92016e-05
3.10498e-05
3.29831e-05
3.50002e-05
3.70985e-05
3.92726e-05
4.15137e-05
4.38103e-05
4.61489e-05
4.85144e-05
5.08901e-05
5.32577e-05
5.55997e-05
5.78987e-05
6.01384e-05
6.23033e-05
6.43796e-05
6.63553e-05
6.82202e-05
6.99663e-05
7.15868e-05
7.3077e-05
7.4434e-05
7.56555e-05
7.67406e-05
3.14945e-06
3.15245e-06
3.15692e-06
3.16266e-06
3.17018e-06
3.17845e-06
3.18889e-06
3.20057e-06
3.21465e-06
3.23309e-06
3.25578e-06
3.28316e-06
3.31724e-06
3.35954e-06
3.41075e-06
3.47146e-06
3.54237e-06
3.62404e-06
3.71702e-06
3.82189e-06
3.93929e-06
4.06994e-06
4.21459e-06
4.37404e-06
4.54914e-06
4.74077e-06
4.94991e-06
5.17759e-06
5.42492e-06
5.69308e-06
5.98329e-06
6.29682e-06
6.63493e-06
6.99889e-06
7.38981e-06
7.80861e-06
8.25587e-06
8.73179e-06
9.23607e-06
9.76795e-06
1.03262e-05
1.09092e-05
1.1515e-05
1.21416e-05
1.2787e-05
1.34497e-05
1.41284e-05
1.48225e-05
1.55322e-05
1.62582e-05
1.70019e-05
1.77654e-05
1.8551e-05
1.93617e-05
2.02e-05
2.10685e-05
2.19697e-05
2.29049e-05
2.38748e-05
2.4879e-05
2.59161e-05
2.69836e-05
2.80776e-05
2.91933e-05
3.03252e-05
3.14667e-05
3.2611e-05
3.37507e-05
3.48784e-05
3.59868e-05
3.70689e-05
3.8118e-05
3.91279e-05
4.00933e-05
4.1009e-05
4.18708e-05
3.14734e-06
3.14949e-06
3.15292e-06
3.15729e-06
3.16306e-06
3.16953e-06
3.17759e-06
3.18669e-06
3.19775e-06
3.21178e-06
3.22975e-06
3.25197e-06
3.27912e-06
3.31212e-06
3.3519e-06
3.39934e-06
3.45526e-06
3.52037e-06
3.59531e-06
3.68065e-06
3.77693e-06
3.88465e-06
4.00433e-06
4.13641e-06
4.28137e-06
4.43965e-06
4.61172e-06
4.79802e-06
4.99903e-06
5.21517e-06
5.44688e-06
5.69453e-06
5.95845e-06
6.23892e-06
6.5361e-06
6.84997e-06
7.18036e-06
7.52683e-06
7.88872e-06
8.2651e-06
8.65482e-06
9.05652e-06
9.4687e-06
9.88976e-06
1.03182e-05
1.07525e-05
1.11916e-05
1.16344e-05
1.20805e-05
1.25297e-05
1.29822e-05
1.34385e-05
1.38996e-05
1.43667e-05
1.48412e-05
1.53246e-05
1.58184e-05
1.6324e-05
1.68424e-05
1.73746e-05
1.79208e-05
1.84812e-05
1.90553e-05
1.96421e-05
2.02401e-05
2.08474e-05
2.14619e-05
2.20807e-05
2.27011e-05
2.332e-05
2.39342e-05
2.45403e-05
2.51353e-05
2.5716e-05
2.62794e-05
2.68227e-05
3.14527e-06
3.14684e-06
3.14933e-06
3.15249e-06
3.15677e-06
3.16178e-06
3.168e-06
3.17521e-06
3.18342e-06
3.19405e-06
3.20768e-06
3.22491e-06
3.24625e-06
3.27231e-06
3.30375e-06
3.34127e-06
3.38557e-06
3.43732e-06
3.49716e-06
3.56566e-06
3.64337e-06
3.73075e-06
3.82823e-06
3.93617e-06
4.05487e-06
4.18461e-06
4.32561e-06
4.47806e-06
4.64214e-06
4.81795e-06
5.00557e-06
5.20502e-06
5.41627e-06
5.63923e-06
5.87372e-06
6.11944e-06
6.37596e-06
6.64272e-06
6.919e-06
7.20392e-06
7.49649e-06
7.79557e-06
8.09999e-06
8.40851e-06
8.71995e-06
9.03321e-06
9.34735e-06
9.66162e-06
9.97551e-06
1.02888e-05
1.06014e-05
1.09137e-05
1.12262e-05
1.15396e-05
1.18547e-05
1.21725e-05
1.2494e-05
1.28202e-05
1.31517e-05
1.34894e-05
1.38337e-05
1.4185e-05
1.45432e-05
1.49081e-05
1.52793e-05
1.56559e-05
1.60372e-05
1.64218e-05
1.68084e-05
1.71956e-05
1.75817e-05
1.7965e-05
1.83439e-05
1.87166e-05
1.90814e-05
1.94367e-05
3.14007e-06
3.14304e-06
3.1445e-06
3.14605e-06
3.14811e-06
3.15121e-06
3.15505e-06
3.15984e-06
3.16546e-06
3.17184e-06
3.17994e-06
3.19021e-06
3.20323e-06
3.21952e-06
3.23965e-06
3.26418e-06
3.29368e-06
3.32872e-06
3.36987e-06
3.41766e-06
3.47263e-06
3.53524e-06
3.60593e-06
3.68505e-06
3.7729e-06
3.86973e-06
3.9757e-06
4.09093e-06
4.21551e-06
4.34945e-06
4.49271e-06
4.64521e-06
4.80682e-06
4.97735e-06
5.15654e-06
5.3441e-06
5.53963e-06
5.74264e-06
5.95256e-06
6.16871e-06
6.39031e-06
6.61651e-06
6.8464e-06
7.07902e-06
7.31341e-06
7.54864e-06
7.78388e-06
8.01839e-06
8.25158e-06
8.48306e-06
8.71259e-06
8.94018e-06
9.16598e-06
9.39036e-06
9.61383e-06
9.83699e-06
1.00605e-05
1.02852e-05
1.05117e-05
1.07406e-05
1.09726e-05
1.12081e-05
1.14474e-05
1.16906e-05
1.19377e-05
1.21885e-05
1.24427e-05
1.26999e-05
1.29592e-05
1.32201e-05
1.34817e-05
1.37429e-05
1.40028e-05
1.42605e-05
1.45147e-05
1.47645e-05
1.50089e-05
3.13849e-06
3.14102e-06
3.14233e-06
3.14294e-06
3.14413e-06
3.14637e-06
3.14934e-06
3.15308e-06
3.15748e-06
3.16252e-06
3.1687e-06
3.17649e-06
3.18633e-06
3.19868e-06
3.21404e-06
3.23292e-06
3.25582e-06
3.28326e-06
3.31572e-06
3.35369e-06
3.39763e-06
3.44795e-06
3.50502e-06
3.56916e-06
3.64061e-06
3.71957e-06
3.80615e-06
3.90042e-06
4.00239e-06
4.11201e-06
4.22917e-06
4.35373e-06
4.48547e-06
4.62415e-06
4.76948e-06
4.92109e-06
5.07859e-06
5.2415e-06
5.40929e-06
5.58134e-06
5.757e-06
5.93554e-06
6.11623e-06
6.29829e-06
6.48094e-06
6.66346e-06
6.84519e-06
7.02552e-06
7.20401e-06
7.38031e-06
7.55424e-06
7.72575e-06
7.89495e-06
8.06208e-06
8.22752e-06
8.39172e-06
8.55519e-06
8.7185e-06
8.8822e-06
9.04681e-06
9.2128e-06
9.38055e-06
9.55038e-06
9.72246e-06
9.89687e-06
1.00736e-05
1.02524e-05
1.04331e-05
1.06153e-05
1.07985e-05
1.09822e-05
1.11659e-05
1.13489e-05
1.15305e-05
1.171e-05
1.18868e-05
1.20602e-05
3.13654e-06
3.13947e-06
3.14008e-06
3.13994e-06
3.14057e-06
3.14223e-06
3.14459e-06
3.14754e-06
3.15101e-06
3.15503e-06
3.15967e-06
3.16559e-06
3.17304e-06
3.18239e-06
3.19406e-06
3.20848e-06
3.22611e-06
3.24741e-06
3.27281e-06
3.30275e-06
3.33764e-06
3.37785e-06
3.42371e-06
3.47551e-06
3.53347e-06
3.59774e-06
3.66842e-06
3.74555e-06
3.8291e-06
3.91901e-06
4.01515e-06
4.11734e-06
4.22535e-06
4.33893e-06
4.45777e-06
4.58153e-06
4.70983e-06
4.84223e-06
4.97825e-06
5.11736e-06
5.25902e-06
5.4026e-06
5.54751e-06
5.6931e-06
5.83875e-06
5.98387e-06
6.12791e-06
6.2704e-06
6.41094e-06
6.54924e-06
6.68512e-06
6.81851e-06
6.94946e-06
7.07814e-06
7.20479e-06
7.32974e-06
7.45338e-06
7.57614e-06
7.69845e-06
7.82073e-06
7.94336e-06
8.06669e-06
8.191e-06
8.31647e-06
8.44322e-06
8.5713e-06
8.70065e-06
8.83115e-06
8.96258e-06
9.09469e-06
9.22714e-06
9.35956e-06
9.49154e-06
9.62264e-06
9.7524e-06
9.88036e-06
1.0006e-05
3.13178e-06
3.13429e-06
3.13805e-06
3.13779e-06
3.13716e-06
3.13745e-06
3.13874e-06
3.14065e-06
3.14302e-06
3.14579e-06
3.149e-06
3.15269e-06
3.15727e-06
3.16293e-06
3.17002e-06
3.17887e-06
3.18985e-06
3.20334e-06
3.21975e-06
3.23947e-06
3.26288e-06
3.29037e-06
3.32228e-06
3.3589e-06
3.4005e-06
3.44727e-06
3.49938e-06
3.5569e-06
3.61988e-06
3.68828e-06
3.76204e-06
3.84102e-06
3.92506e-06
4.01395e-06
4.10744e-06
4.20524e-06
4.30705e-06
4.41251e-06
4.52124e-06
4.63283e-06
4.74683e-06
4.86275e-06
4.98011e-06
5.09837e-06
5.21703e-06
5.33557e-06
5.4535e-06
5.57036e-06
5.68575e-06
5.79932e-06
5.91083e-06
6.02008e-06
6.12698e-06
6.23153e-06
6.33382e-06
6.43401e-06
6.53232e-06
6.62904e-06
6.72447e-06
6.81896e-06
6.91283e-06
7.00639e-06
7.09993e-06
7.19371e-06
7.2879e-06
7.38265e-06
7.47803e-06
7.57406e-06
7.67069e-06
7.76783e-06
7.86531e-06
7.96296e-06
8.06052e-06
8.15774e-06
8.25432e-06
8.34997e-06
8.44435e-06
8.53716e-06
3.13075e-06
3.13221e-06
3.13653e-06
3.13552e-06
3.13462e-06
3.13475e-06
3.13581e-06
3.13739e-06
3.13933e-06
3.14158e-06
3.14416e-06
3.14715e-06
3.15061e-06
3.15498e-06
3.1604e-06
3.16714e-06
3.17551e-06
3.18583e-06
3.19843e-06
3.21367e-06
3.23188e-06
3.2534e-06
3.27854e-06
3.3076e-06
3.3408e-06
3.37835e-06
3.42039e-06
3.46702e-06
3.51828e-06
3.57415e-06
3.63458e-06
3.69946e-06
3.76864e-06
3.84194e-06
3.91914e-06
3.99999e-06
4.08421e-06
4.1715e-06
4.26153e-06
4.35394e-06
4.44835e-06
4.54436e-06
4.64154e-06
4.73947e-06
4.83771e-06
4.93585e-06
5.03345e-06
5.13014e-06
5.22558e-06
5.31946e-06
5.41153e-06
5.50163e-06
5.58963e-06
5.67549e-06
5.75924e-06
5.84097e-06
5.92082e-06
5.99897e-06
6.07566e-06
6.15113e-06
6.22563e-06
6.2994e-06
6.37269e-06
6.4457e-06
6.51861e-06
6.59155e-06
6.66462e-06
6.73788e-06
6.81132e-06
6.88491e-06
6.95858e-06
7.03222e-06
7.10568e-06
7.1788e-06
7.2514e-06
7.32327e-06
7.39419e-06
7.46395e-06
3.12971e-06
3.13054e-06
3.13483e-06
3.13333e-06
3.13234e-06
3.13243e-06
3.13334e-06
3.13469e-06
3.13631e-06
3.13816e-06
3.14027e-06
3.14268e-06
3.14547e-06
3.14887e-06
3.15303e-06
3.15818e-06
3.16456e-06
3.17243e-06
3.18207e-06
3.19378e-06
3.20785e-06
3.22459e-06
3.24428e-06
3.26718e-06
3.29352e-06
3.32348e-06
3.35722e-06
3.39484e-06
3.4364e-06
3.4819e-06
3.53131e-06
3.58454e-06
3.64148e-06
3.70198e-06
3.76585e-06
3.83288e-06
3.90283e-06
3.97546e-06
4.05047e-06
4.12756e-06
4.20642e-06
4.28669e-06
4.36804e-06
4.45009e-06
4.53248e-06
4.61486e-06
4.69687e-06
4.77818e-06
4.85849e-06
4.93754e-06
5.01508e-06
5.09096e-06
5.16503e-06
5.23723e-06
5.30753e-06
5.37597e-06
5.44262e-06
5.5076e-06
5.57107e-06
5.63319e-06
5.69416e-06
5.75415e-06
5.81336e-06
5.87195e-06
5.93009e-06
5.9879e-06
6.04548e-06
6.10289e-06
6.16017e-06
6.21734e-06
6.27435e-06
6.33116e-06
6.3877e-06
6.44386e-06
6.49952e-06
6.55456e-06
6.60884e-06
6.66221e-06
3.12868e-06
3.12905e-06
3.1331e-06
3.13128e-06
3.13032e-06
3.13043e-06
3.13127e-06
3.13245e-06
3.13383e-06
3.13537e-06
3.1371e-06
3.13906e-06
3.14133e-06
3.14395e-06
3.14718e-06
3.15113e-06
3.15601e-06
3.16201e-06
3.16937e-06
3.17833e-06
3.18915e-06
3.2021e-06
3.21741e-06
3.23534e-06
3.25609e-06
3.27985e-06
3.30677e-06
3.33696e-06
3.3705e-06
3.4074e-06
3.44767e-06
3.49125e-06
3.53806e-06
3.58797e-06
3.64084e-06
3.6965e-06
3.75476e-06
3.8154e-06
3.87818e-06
3.94285e-06
4.00914e-06
4.07677e-06
4.14543e-06
4.21482e-06
4.28464e-06
4.35457e-06
4.42432e-06
4.4936e-06
4.56213e-06
4.62969e-06
4.69605e-06
4.76103e-06
4.82451e-06
4.88638e-06
4.9466e-06
5.00515e-06
5.06205e-06
5.11738e-06
5.17122e-06
5.22368e-06
5.27491e-06
5.32503e-06
5.37419e-06
5.42253e-06
5.47017e-06
5.51724e-06
5.56382e-06
5.60999e-06
5.6558e-06
5.70128e-06
5.74643e-06
5.79125e-06
5.83569e-06
5.8797e-06
5.92322e-06
5.96616e-06
6.00844e-06
6.04997e-06
3.12766e-06
3.12771e-06
3.13137e-06
3.12939e-06
3.12855e-06
3.12872e-06
3.12952e-06
3.13058e-06
3.13175e-06
3.13305e-06
3.13448e-06
3.13608e-06
3.13791e-06
3.14003e-06
3.14254e-06
3.1456e-06
3.14934e-06
3.15392e-06
3.15952e-06
3.16636e-06
3.17464e-06
3.18458e-06
3.19641e-06
3.21034e-06
3.22657e-06
3.24528e-06
3.26661e-06
3.29068e-06
3.31759e-06
3.34737e-06
3.38005e-06
3.4156e-06
3.45396e-06
3.49507e-06
3.53879e-06
3.58501e-06
3.63356e-06
3.68428e-06
3.73696e-06
3.7914e-06
3.84737e-06
3.90464e-06
3.96294e-06
4.02204e-06
4.08165e-06
4.14151e-06
4.20138e-06
4.26098e-06
4.32009e-06
4.37848e-06
4.43596e-06
4.49234e-06
4.54749e-06
4.6013e-06
4.65369e-06
4.70462e-06
4.75408e-06
4.80208e-06
4.84867e-06
4.89392e-06
4.93792e-06
4.98076e-06
5.02256e-06
5.06341e-06
5.10343e-06
5.1427e-06
5.18132e-06
5.21935e-06
5.25686e-06
5.29389e-06
5.33045e-06
5.36657e-06
5.40224e-06
5.43742e-06
5.4721e-06
5.50623e-06
5.53975e-06
5.57261e-06
3.1267e-06
3.12647e-06
3.1297e-06
3.12769e-06
3.127e-06
3.12727e-06
3.12804e-06
3.12899e-06
3.13e-06
3.13108e-06
3.13226e-06
3.13358e-06
3.13506e-06
3.13676e-06
3.13873e-06
3.14111e-06
3.14398e-06
3.14746e-06
3.15172e-06
3.15691e-06
3.16321e-06
3.1708e-06
3.17987e-06
3.19062e-06
3.20321e-06
3.21783e-06
3.23461e-06
3.25367e-06
3.27512e-06
3.29901e-06
3.32538e-06
3.35425e-06
3.38557e-06
3.41931e-06
3.45539e-06
3.49371e-06
3.53414e-06
3.57656e-06
3.6208e-06
3.6667e-06
3.71407e-06
3.76271e-06
3.8124e-06
3.86294e-06
3.91409e-06
3.96563e-06
4.01732e-06
4.06896e-06
4.12031e-06
4.17119e-06
4.2214e-06
4.27077e-06
4.31917e-06
4.36647e-06
4.41258e-06
4.45744e-06
4.501e-06
4.54326e-06
4.58422e-06
4.62392e-06
4.6624e-06
4.69974e-06
4.73599e-06
4.77125e-06
4.8056e-06
4.83911e-06
4.87185e-06
4.9039e-06
4.93532e-06
4.96614e-06
4.99641e-06
5.02615e-06
5.05536e-06
5.08406e-06
5.11223e-06
5.13986e-06
5.16691e-06
5.19336e-06
3.12582e-06
3.12532e-06
3.12812e-06
3.12617e-06
3.12568e-06
3.12603e-06
3.12677e-06
3.12762e-06
3.12848e-06
3.12939e-06
3.13036e-06
3.13142e-06
3.13262e-06
3.13397e-06
3.13553e-06
3.13735e-06
3.13955e-06
3.14221e-06
3.14543e-06
3.14935e-06
3.15412e-06
3.15987e-06
3.16678e-06
3.175e-06
3.1847e-06
3.19602e-06
3.20911e-06
3.22409e-06
3.24105e-06
3.26008e-06
3.28123e-06
3.30453e-06
3.32998e-06
3.35755e-06
3.3872e-06
3.41887e-06
3.45247e-06
3.48789e-06
3.52501e-06
3.5637e-06
3.60379e-06
3.64514e-06
3.68757e-06
3.73088e-06
3.77488e-06
3.81939e-06
3.86419e-06
3.9091e-06
3.95392e-06
3.99846e-06
4.04256e-06
4.08605e-06
4.12879e-06
4.17066e-06
4.21156e-06
4.2514e-06
4.29013e-06
4.3277e-06
4.36412e-06
4.39937e-06
4.43349e-06
4.4665e-06
4.49846e-06
4.52941e-06
4.55943e-06
4.58856e-06
4.61688e-06
4.64444e-06
4.67129e-06
4.69749e-06
4.72307e-06
4.74806e-06
4.77248e-06
4.79636e-06
4.81969e-06
4.84247e-06
4.8647e-06
4.88637e-06
3.125e-06
3.12427e-06
3.12666e-06
3.12485e-06
3.12456e-06
3.12498e-06
3.12567e-06
3.12642e-06
3.12715e-06
3.1279e-06
3.12869e-06
3.12955e-06
3.1305e-06
3.13158e-06
3.1328e-06
3.13422e-06
3.13589e-06
3.1379e-06
3.14033e-06
3.14327e-06
3.14685e-06
3.15117e-06
3.15638e-06
3.16262e-06
3.17001e-06
3.1787e-06
3.18882e-06
3.20048e-06
3.21379e-06
3.22883e-06
3.24566e-06
3.26433e-06
3.28487e-06
3.30727e-06
3.33152e-06
3.35757e-06
3.38538e-06
3.41486e-06
3.44592e-06
3.47846e-06
3.51236e-06
3.54748e-06
3.58367e-06
3.62079e-06
3.65867e-06
3.69713e-06
3.73601e-06
3.77513e-06
3.81431e-06
3.8534e-06
3.89222e-06
3.93063e-06
3.96849e-06
4.00568e-06
4.04208e-06
4.07762e-06
4.11222e-06
4.14583e-06
4.17841e-06
4.20995e-06
4.24045e-06
4.26992e-06
4.29839e-06
4.32589e-06
4.35246e-06
4.37815e-06
4.40302e-06
4.4271e-06
4.45045e-06
4.4731e-06
4.49511e-06
4.5165e-06
4.53729e-06
4.55752e-06
4.5772e-06
4.59634e-06
4.61494e-06
4.63301e-06
3.12424e-06
3.12333e-06
3.12533e-06
3.12373e-06
3.12362e-06
3.12408e-06
3.12471e-06
3.12536e-06
3.12597e-06
3.12658e-06
3.12722e-06
3.12791e-06
3.12867e-06
3.12951e-06
3.13047e-06
3.13156e-06
3.13283e-06
3.13434e-06
3.13616e-06
3.13834e-06
3.14099e-06
3.1442e-06
3.14809e-06
3.15276e-06
3.15833e-06
3.16492e-06
3.17266e-06
3.18165e-06
3.19198e-06
3.20375e-06
3.21703e-06
3.23187e-06
3.24832e-06
3.2664e-06
3.2861e-06
3.30741e-06
3.3303e-06
3.35472e-06
3.38061e-06
3.40788e-06
3.43645e-06
3.4662e-06
3.49701e-06
3.52877e-06
3.56132e-06
3.59453e-06
3.62824e-06
3.6623e-06
3.69655e-06
3.73085e-06
3.76504e-06
3.79899e-06
3.83256e-06
3.86563e-06
3.8981e-06
3.92987e-06
3.96086e-06
3.99101e-06
4.02028e-06
4.04864e-06
4.07606e-06
4.10254e-06
4.1281e-06
4.15275e-06
4.17651e-06
4.19943e-06
4.22152e-06
4.24285e-06
4.26344e-06
4.28333e-06
4.30256e-06
4.32117e-06
4.33917e-06
4.35661e-06
4.3735e-06
4.38985e-06
4.40568e-06
4.42099e-06
3.12354e-06
3.12249e-06
3.12415e-06
3.1228e-06
3.12284e-06
3.12331e-06
3.12387e-06
3.1244e-06
3.1249e-06
3.1254e-06
3.12592e-06
3.12648e-06
3.12708e-06
3.12774e-06
3.12848e-06
3.12932e-06
3.13028e-06
3.1314e-06
3.13274e-06
3.13435e-06
3.13629e-06
3.13865e-06
3.1415e-06
3.14495e-06
3.14909e-06
3.15403e-06
3.15986e-06
3.1667e-06
3.17463e-06
3.18374e-06
3.1941e-06
3.20579e-06
3.21884e-06
3.23329e-06
3.24917e-06
3.26648e-06
3.28519e-06
3.3053e-06
3.32675e-06
3.34949e-06
3.37345e-06
3.39854e-06
3.42468e-06
3.45175e-06
3.47964e-06
3.50823e-06
3.53739e-06
3.56698e-06
3.59687e-06
3.62692e-06
3.657e-06
3.68698e-06
3.71673e-06
3.74615e-06
3.77511e-06
3.80354e-06
3.83135e-06
3.85847e-06
3.88484e-06
3.91043e-06
3.93519e-06
3.95913e-06
3.98222e-06
4.00448e-06
4.02592e-06
4.04655e-06
4.06641e-06
4.08552e-06
4.10391e-06
4.12162e-06
4.13867e-06
4.1551e-06
4.17094e-06
4.18621e-06
4.20094e-06
4.21514e-06
4.22884e-06
4.24204e-06
3.12293e-06
3.12177e-06
3.12311e-06
3.12205e-06
3.12221e-06
3.12264e-06
3.12311e-06
3.12355e-06
3.12396e-06
3.12436e-06
3.12478e-06
3.12523e-06
3.12571e-06
3.12623e-06
3.12681e-06
3.12745e-06
3.12817e-06
3.12901e-06
3.12998e-06
3.13115e-06
3.13256e-06
3.13426e-06
3.13633e-06
3.13884e-06
3.14187e-06
3.14551e-06
3.14985e-06
3.15498e-06
3.16098e-06
3.16794e-06
3.17594e-06
3.18502e-06
3.19527e-06
3.20671e-06
3.21938e-06
3.2333e-06
3.24848e-06
3.2649e-06
3.28255e-06
3.30138e-06
3.32134e-06
3.34238e-06
3.36442e-06
3.38738e-06
3.41116e-06
3.43566e-06
3.46078e-06
3.48638e-06
3.51237e-06
3.53861e-06
3.56499e-06
3.59138e-06
3.61769e-06
3.64379e-06
3.66959e-06
3.69499e-06
3.71991e-06
3.74429e-06
3.76805e-06
3.79115e-06
3.81356e-06
3.83524e-06
3.85618e-06
3.87637e-06
3.89581e-06
3.91452e-06
3.9325e-06
3.94977e-06
3.96636e-06
3.98229e-06
3.9976e-06
4.01229e-06
4.02641e-06
4.03998e-06
4.05301e-06
4.06554e-06
4.07757e-06
4.08913e-06
3.12241e-06
3.12117e-06
3.12223e-06
3.12147e-06
3.12169e-06
3.12207e-06
3.12245e-06
3.12279e-06
3.12312e-06
3.12344e-06
3.12378e-06
3.12415e-06
3.12454e-06
3.12495e-06
3.1254e-06
3.12589e-06
3.12644e-06
3.12705e-06
3.12777e-06
3.12861e-06
3.12962e-06
3.13084e-06
3.13232e-06
3.13412e-06
3.1363e-06
3.13895e-06
3.14213e-06
3.14592e-06
3.1504e-06
3.15564e-06
3.16172e-06
3.1687e-06
3.17664e-06
3.1856e-06
3.1956e-06
3.20669e-06
3.21888e-06
3.23217e-06
3.24655e-06
3.26202e-06
3.27853e-06
3.29604e-06
3.3145e-06
3.33384e-06
3.35399e-06
3.37486e-06
3.39636e-06
3.41839e-06
3.44085e-06
3.46364e-06
3.48665e-06
3.50978e-06
3.53292e-06
3.55596e-06
3.57883e-06
3.60143e-06
3.62367e-06
3.64549e-06
3.66683e-06
3.68763e-06
3.70785e-06
3.72745e-06
3.74641e-06
3.76471e-06
3.78235e-06
3.79933e-06
3.81565e-06
3.83132e-06
3.84635e-06
3.86077e-06
3.8746e-06
3.88785e-06
3.90055e-06
3.91272e-06
3.92438e-06
3.93556e-06
3.94626e-06
3.95651e-06
3.12203e-06
3.1207e-06
3.12149e-06
3.12103e-06
3.12127e-06
3.12157e-06
3.12186e-06
3.12213e-06
3.12239e-06
3.12265e-06
3.12293e-06
3.12322e-06
3.12354e-06
3.12387e-06
3.12422e-06
3.1246e-06
3.12501e-06
3.12547e-06
3.12599e-06
3.1266e-06
3.12731e-06
3.12818e-06
3.12922e-06
3.13049e-06
3.13204e-06
3.13393e-06
3.13623e-06
3.13899e-06
3.14228e-06
3.14617e-06
3.15074e-06
3.15603e-06
3.16211e-06
3.16904e-06
3.17685e-06
3.18558e-06
3.19526e-06
3.20591e-06
3.21753e-06
3.23012e-06
3.24365e-06
3.25811e-06
3.27344e-06
3.28961e-06
3.30655e-06
3.3242e-06
3.34248e-06
3.36131e-06
3.3806e-06
3.40026e-06
3.42021e-06
3.44034e-06
3.46057e-06
3.4808e-06
3.50094e-06
3.52093e-06
3.54067e-06
3.5601e-06
3.57916e-06
3.59779e-06
3.61595e-06
3.6336e-06
3.65071e-06
3.66725e-06
3.68322e-06
3.69861e-06
3.7134e-06
3.72762e-06
3.74125e-06
3.75433e-06
3.76685e-06
3.77884e-06
3.79032e-06
3.80129e-06
3.81179e-06
3.82183e-06
3.83142e-06
3.84059e-06
3.12181e-06
3.12034e-06
3.12089e-06
3.12072e-06
3.12091e-06
3.12113e-06
3.12135e-06
3.12155e-06
3.12176e-06
3.12197e-06
3.12219e-06
3.12243e-06
3.12269e-06
3.12295e-06
3.12323e-06
3.12352e-06
3.12384e-06
3.12418e-06
3.12456e-06
3.125e-06
3.1255e-06
3.1261e-06
3.12684e-06
3.12772e-06
3.12881e-06
3.13014e-06
3.13177e-06
3.13375e-06
3.13614e-06
3.13899e-06
3.14237e-06
3.14633e-06
3.15093e-06
3.15623e-06
3.16225e-06
3.16906e-06
3.17667e-06
3.18512e-06
3.19441e-06
3.20455e-06
3.21555e-06
3.22737e-06
3.24e-06
3.2534e-06
3.26753e-06
3.28234e-06
3.29776e-06
3.31373e-06
3.33017e-06
3.34702e-06
3.36418e-06
3.38158e-06
3.39914e-06
3.41678e-06
3.43441e-06
3.45197e-06
3.46938e-06
3.48657e-06
3.5035e-06
3.52009e-06
3.53631e-06
3.55212e-06
3.56748e-06
3.58237e-06
3.59676e-06
3.61065e-06
3.62403e-06
3.63689e-06
3.64923e-06
3.66107e-06
3.67241e-06
3.68326e-06
3.69364e-06
3.70355e-06
3.71302e-06
3.72206e-06
3.73069e-06
3.73892e-06
3.12182e-06
3.12011e-06
3.12044e-06
3.12049e-06
3.12062e-06
3.12076e-06
3.12092e-06
3.12108e-06
3.12124e-06
3.1214e-06
3.12158e-06
3.12176e-06
3.12197e-06
3.12218e-06
3.1224e-06
3.12263e-06
3.12287e-06
3.12313e-06
3.12341e-06
3.12372e-06
3.12408e-06
3.1245e-06
3.12501e-06
3.12563e-06
3.12638e-06
3.12731e-06
3.12845e-06
3.12985e-06
3.13156e-06
3.13362e-06
3.1361e-06
3.13903e-06
3.14247e-06
3.14647e-06
3.15107e-06
3.15632e-06
3.16224e-06
3.16887e-06
3.17624e-06
3.18434e-06
3.19318e-06
3.20277e-06
3.21308e-06
3.2241e-06
3.23578e-06
3.2481e-06
3.261e-06
3.27443e-06
3.28833e-06
3.30264e-06
3.3173e-06
3.33222e-06
3.34734e-06
3.36259e-06
3.3779e-06
3.39321e-06
3.40844e-06
3.42354e-06
3.43844e-06
3.45311e-06
3.46749e-06
3.48154e-06
3.49523e-06
3.50853e-06
3.52142e-06
3.53388e-06
3.5459e-06
3.55747e-06
3.56859e-06
3.57926e-06
3.58949e-06
3.59927e-06
3.60862e-06
3.61756e-06
3.62609e-06
3.63423e-06
3.64198e-06
3.64937e-06
3.12203e-06
3.11998e-06
3.1201e-06
3.12032e-06
3.12037e-06
3.12045e-06
3.12057e-06
3.12069e-06
3.12081e-06
3.12093e-06
3.12106e-06
3.1212e-06
3.12136e-06
3.12153e-06
3.1217e-06
3.12188e-06
3.12207e-06
3.12227e-06
3.12248e-06
3.12271e-06
3.12297e-06
3.12326e-06
3.12362e-06
3.12404e-06
3.12457e-06
3.12521e-06
3.12601e-06
3.12699e-06
3.1282e-06
3.12968e-06
3.13148e-06
3.13362e-06
3.13617e-06
3.13917e-06
3.14265e-06
3.14666e-06
3.15124e-06
3.1564e-06
3.16218e-06
3.1686e-06
3.17566e-06
3.18336e-06
3.19171e-06
3.20069e-06
3.21027e-06
3.22043e-06
3.23113e-06
3.24233e-06
3.25399e-06
3.26604e-06
3.27844e-06
3.29113e-06
3.30404e-06
3.31711e-06
3.33029e-06
3.34351e-06
3.35672e-06
3.36985e-06
3.38287e-06
3.39571e-06
3.40834e-06
3.42072e-06
3.43281e-06
3.44459e-06
3.45602e-06
3.4671e-06
3.4778e-06
3.48813e-06
3.49806e-06
3.5076e-06
3.51675e-06
3.52551e-06
3.53389e-06
3.54189e-06
3.54953e-06
3.55681e-06
3.56375e-06
3.57035e-06
3.11993e-06
3.11987e-06
3.12016e-06
3.12016e-06
3.12021e-06
3.12029e-06
3.12037e-06
3.12046e-06
3.12054e-06
3.12064e-06
3.12074e-06
3.12086e-06
3.12099e-06
3.12112e-06
3.12126e-06
3.12141e-06
3.12157e-06
3.12173e-06
3.1219e-06
3.12209e-06
3.12231e-06
3.12256e-06
3.12286e-06
3.12322e-06
3.12367e-06
3.12423e-06
3.12493e-06
3.12579e-06
3.12685e-06
3.12814e-06
3.12971e-06
3.13159e-06
3.13382e-06
3.13645e-06
3.13949e-06
3.143e-06
3.147e-06
3.15151e-06
3.15655e-06
3.16215e-06
3.1683e-06
3.17501e-06
3.18226e-06
3.19006e-06
3.19837e-06
3.20718e-06
3.21645e-06
3.22614e-06
3.23621e-06
3.24661e-06
3.2573e-06
3.26823e-06
3.27933e-06
3.29057e-06
3.30188e-06
3.31322e-06
3.32453e-06
3.33578e-06
3.34691e-06
3.35789e-06
3.36868e-06
3.37924e-06
3.38956e-06
3.3996e-06
3.40934e-06
3.41877e-06
3.42788e-06
3.43666e-06
3.4451e-06
3.4532e-06
3.46096e-06
3.46839e-06
3.47548e-06
3.48225e-06
3.48871e-06
3.49486e-06
3.50071e-06
3.1199e-06
3.11974e-06
3.12002e-06
3.11998e-06
3.12001e-06
3.12007e-06
3.12013e-06
3.12018e-06
3.12024e-06
3.1203e-06
3.12037e-06
3.12045e-06
3.12054e-06
3.12064e-06
3.12075e-06
3.12087e-06
3.12099e-06
3.12112e-06
3.12126e-06
3.1214e-06
3.12157e-06
3.12175e-06
3.12197e-06
3.12224e-06
3.12256e-06
3.12296e-06
3.12346e-06
3.12408e-06
3.12485e-06
3.12579e-06
3.12694e-06
3.12833e-06
3.13e-06
3.13197e-06
3.13429e-06
3.13697e-06
3.14006e-06
3.14356e-06
3.14752e-06
3.15193e-06
3.15682e-06
3.16218e-06
3.16801e-06
3.17432e-06
3.18108e-06
3.18827e-06
3.19588e-06
3.20387e-06
3.21222e-06
3.22087e-06
3.2298e-06
3.23896e-06
3.24831e-06
3.2578e-06
3.26738e-06
3.27702e-06
3.28667e-06
3.29628e-06
3.30582e-06
3.31526e-06
3.32455e-06
3.33367e-06
3.34259e-06
3.35129e-06
3.35975e-06
3.36796e-06
3.37589e-06
3.38354e-06
3.39091e-06
3.39799e-06
3.40478e-06
3.41128e-06
3.41749e-06
3.42342e-06
3.42907e-06
3.43444e-06
3.43955e-06
3.11987e-06
3.11964e-06
3.11987e-06
3.11983e-06
3.11985e-06
3.1199e-06
3.11994e-06
3.11997e-06
3.11999e-06
3.12002e-06
3.12007e-06
3.12012e-06
3.12018e-06
3.12026e-06
3.12034e-06
3.12043e-06
3.12053e-06
3.12064e-06
3.12075e-06
3.12087e-06
3.121e-06
3.12115e-06
3.12132e-06
3.12153e-06
3.12177e-06
3.12207e-06
3.12245e-06
3.12291e-06
3.12347e-06
3.12418e-06
3.12503e-06
3.12608e-06
3.12734e-06
3.12883e-06
3.1306e-06
3.13267e-06
3.13505e-06
3.13779e-06
3.14089e-06
3.14437e-06
3.14824e-06
3.15251e-06
3.15719e-06
3.16227e-06
3.16774e-06
3.17359e-06
3.1798e-06
3.18635e-06
3.19321e-06
3.20036e-06
3.20776e-06
3.21538e-06
3.22317e-06
3.23111e-06
3.23915e-06
3.24725e-06
3.25539e-06
3.26351e-06
3.27159e-06
3.2796e-06
3.2875e-06
3.29527e-06
3.30289e-06
3.31033e-06
3.31757e-06
3.3246e-06
3.33141e-06
3.33798e-06
3.34432e-06
3.35041e-06
3.35625e-06
3.36185e-06
3.3672e-06
3.3723e-06
3.37716e-06
3.38178e-06
3.38616e-06
3.1198e-06
3.11956e-06
3.11974e-06
3.11971e-06
3.11973e-06
3.11976e-06
3.11979e-06
3.1198e-06
3.11981e-06
3.11981e-06
3.11983e-06
3.11986e-06
3.1199e-06
3.11995e-06
3.12002e-06
3.12009e-06
3.12017e-06
3.12026e-06
3.12036e-06
3.12046e-06
3.12058e-06
3.12071e-06
3.12085e-06
3.12102e-06
3.12122e-06
3.12146e-06
3.12176e-06
3.12212e-06
3.12256e-06
3.1231e-06
3.12377e-06
3.12457e-06
3.12554e-06
3.1267e-06
3.12807e-06
3.12968e-06
3.13154e-06
3.13369e-06
3.13613e-06
3.13889e-06
3.14197e-06
3.14538e-06
3.14913e-06
3.15321e-06
3.15763e-06
3.16237e-06
3.16742e-06
3.17277e-06
3.17839e-06
3.18426e-06
3.19035e-06
3.19663e-06
3.20308e-06
3.20966e-06
3.21634e-06
3.22309e-06
3.22988e-06
3.23667e-06
3.24343e-06
3.25014e-06
3.25678e-06
3.26331e-06
3.26972e-06
3.27599e-06
3.28209e-06
3.28803e-06
3.29378e-06
3.29933e-06
3.30469e-06
3.30984e-06
3.31478e-06
3.31951e-06
3.32402e-06
3.32832e-06
3.33242e-06
3.3363e-06
3.33997e-06
3.11972e-06
3.11947e-06
3.11962e-06
3.1196e-06
3.11962e-06
3.11965e-06
3.11967e-06
3.11967e-06
3.11966e-06
3.11965e-06
3.11965e-06
3.11967e-06
3.11969e-06
3.11973e-06
3.11978e-06
3.11984e-06
3.1199e-06
3.11998e-06
3.12007e-06
3.12017e-06
3.12027e-06
3.12039e-06
3.12052e-06
3.12068e-06
3.12085e-06
3.12106e-06
3.12132e-06
3.12162e-06
3.12198e-06
3.12242e-06
3.12295e-06
3.1236e-06
3.12437e-06
3.12529e-06
3.12638e-06
3.12766e-06
3.12914e-06
3.13085e-06
3.1328e-06
3.135e-06
3.13747e-06
3.14021e-06
3.14323e-06
3.14653e-06
3.1501e-06
3.15395e-06
3.15805e-06
3.16241e-06
3.16699e-06
3.17179e-06
3.17679e-06
3.18194e-06
3.18725e-06
3.19267e-06
3.19818e-06
3.20375e-06
3.20936e-06
3.21498e-06
3.22058e-06
3.22615e-06
3.23165e-06
3.23707e-06
3.2424e-06
3.2476e-06
3.25268e-06
3.25761e-06
3.26239e-06
3.267e-06
3.27144e-06
3.27571e-06
3.2798e-06
3.28371e-06
3.28744e-06
3.29097e-06
3.29433e-06
3.29749e-06
3.30047e-06
3.11962e-06
3.11938e-06
3.1195e-06
3.1195e-06
3.11953e-06
3.11956e-06
3.11957e-06
3.11956e-06
3.11955e-06
3.11953e-06
3.11952e-06
3.11953e-06
3.11954e-06
3.11957e-06
3.11961e-06
3.11967e-06
3.11973e-06
3.11981e-06
3.11989e-06
3.11998e-06
3.12008e-06
3.12019e-06
3.12032e-06
3.12047e-06
3.12063e-06
3.12082e-06
3.12105e-06
3.12132e-06
3.12163e-06
3.12201e-06
3.12246e-06
3.123e-06
3.12364e-06
3.1244e-06
3.12529e-06
3.12633e-06
3.12754e-06
3.12893e-06
3.13051e-06
3.1323e-06
3.1343e-06
3.13653e-06
3.13898e-06
3.14166e-06
3.14457e-06
3.1477e-06
3.15105e-06
3.1546e-06
3.15835e-06
3.16227e-06
3.16635e-06
3.17058e-06
3.17492e-06
3.17937e-06
3.18389e-06
3.18846e-06
3.19307e-06
3.19768e-06
3.20229e-06
3.20686e-06
3.21138e-06
3.21583e-06
3.2202e-06
3.22447e-06
3.22863e-06
3.23266e-06
3.23656e-06
3.24033e-06
3.24394e-06
3.24741e-06
3.25072e-06
3.25386e-06
3.25685e-06
3.25967e-06
3.26233e-06
3.26482e-06
3.26714e-06
3.1195e-06
3.11928e-06
3.11939e-06
3.1194e-06
3.11944e-06
3.11947e-06
3.11948e-06
3.11948e-06
3.11946e-06
3.11944e-06
3.11943e-06
3.11943e-06
3.11945e-06
3.11948e-06
3.11953e-06
3.11959e-06
3.11966e-06
3.11974e-06
3.11983e-06
3.11992e-06
3.12001e-06
3.12012e-06
3.12024e-06
3.12038e-06
3.12053e-06
3.12071e-06
3.12092e-06
3.12116e-06
3.12145e-06
3.12178e-06
3.12218e-06
3.12265e-06
3.12319e-06
3.12384e-06
3.12459e-06
3.12547e-06
3.12647e-06
3.12763e-06
3.12894e-06
3.13042e-06
3.13207e-06
3.1339e-06
3.13592e-06
3.13812e-06
3.14051e-06
3.14308e-06
3.14583e-06
3.14874e-06
3.15181e-06
3.15503e-06
3.15837e-06
3.16184e-06
3.1654e-06
3.16904e-06
3.17274e-06
3.17648e-06
3.18025e-06
3.18402e-06
3.18778e-06
3.19151e-06
3.19519e-06
3.19882e-06
3.20236e-06
3.20582e-06
3.20918e-06
3.21244e-06
3.21557e-06
3.21858e-06
3.22146e-06
3.2242e-06
3.22681e-06
3.22927e-06
3.23158e-06
3.23375e-06
3.23577e-06
3.23764e-06
3.23936e-06
3.11936e-06
3.11918e-06
3.11927e-06
3.1193e-06
3.11935e-06
3.11939e-06
3.1194e-06
3.1194e-06
3.11939e-06
3.11937e-06
3.11937e-06
3.11937e-06
3.11938e-06
3.11945e-06
3.11953e-06
3.11963e-06
3.11973e-06
3.11983e-06
3.11992e-06
3.12e-06
3.12009e-06
3.12018e-06
3.12029e-06
3.12041e-06
3.12055e-06
3.12071e-06
3.1209e-06
3.12112e-06
3.12137e-06
3.12168e-06
3.12203e-06
3.12244e-06
3.12292e-06
3.12348e-06
3.12413e-06
3.12488e-06
3.12574e-06
3.12672e-06
3.12782e-06
3.12906e-06
3.13045e-06
3.13198e-06
3.13366e-06
3.13549e-06
3.13748e-06
3.13961e-06
3.14188e-06
3.14429e-06
3.14682e-06
3.14947e-06
3.15223e-06
3.15508e-06
3.158e-06
3.16099e-06
3.16402e-06
3.16708e-06
3.17016e-06
3.17324e-06
3.1763e-06
3.17933e-06
3.18231e-06
3.18524e-06
3.18809e-06
3.19087e-06
3.19355e-06
3.19613e-06
3.19861e-06
3.20097e-06
3.20321e-06
3.20533e-06
3.20732e-06
3.20918e-06
3.21091e-06
3.2125e-06
3.21396e-06
3.2153e-06
3.2165e-06
3.11923e-06
3.11908e-06
3.11917e-06
3.11921e-06
3.11927e-06
3.11931e-06
3.11933e-06
3.11934e-06
3.11933e-06
3.11932e-06
3.11932e-06
3.11932e-06
3.11938e-06
3.11947e-06
3.11958e-06
3.11971e-06
3.11984e-06
3.11996e-06
3.12009e-06
3.1202e-06
3.1203e-06
3.12039e-06
3.12047e-06
3.12056e-06
3.12067e-06
3.12081e-06
3.12096e-06
3.12115e-06
3.12138e-06
3.12164e-06
3.12195e-06
3.12231e-06
3.12273e-06
3.12322e-06
3.12379e-06
3.12443e-06
3.12517e-06
3.12601e-06
3.12696e-06
3.12801e-06
3.12919e-06
3.13048e-06
3.1319e-06
3.13344e-06
3.1351e-06
3.13688e-06
3.13878e-06
3.14079e-06
3.14289e-06
3.14509e-06
3.14738e-06
3.14973e-06
3.15214e-06
3.1546e-06
3.15709e-06
3.1596e-06
3.16211e-06
3.16462e-06
3.16711e-06
3.16956e-06
3.17197e-06
3.17432e-06
3.1766e-06
3.1788e-06
3.18092e-06
3.18295e-06
3.18488e-06
3.1867e-06
3.18841e-06
3.19001e-06
3.19149e-06
3.19285e-06
3.19409e-06
3.19521e-06
3.19622e-06
3.19712e-06
3.19791e-06
3.11909e-06
3.11898e-06
3.11907e-06
3.11913e-06
3.11919e-06
3.11923e-06
3.11926e-06
3.11928e-06
3.11928e-06
3.11928e-06
3.11928e-06
3.11931e-06
3.11938e-06
3.11949e-06
3.11962e-06
3.11977e-06
3.11992e-06
3.12008e-06
3.12023e-06
3.12038e-06
3.12051e-06
3.12063e-06
3.12073e-06
3.12082e-06
3.12089e-06
3.12099e-06
3.1211e-06
3.12125e-06
3.12143e-06
3.12165e-06
3.12191e-06
3.12222e-06
3.12258e-06
3.123e-06
3.12349e-06
3.12405e-06
3.12468e-06
3.1254e-06
3.12621e-06
3.12711e-06
3.12811e-06
3.12921e-06
3.13041e-06
3.13171e-06
3.13312e-06
3.13462e-06
3.13621e-06
3.13789e-06
3.13965e-06
3.14148e-06
3.14338e-06
3.14533e-06
3.14732e-06
3.14935e-06
3.1514e-06
3.15346e-06
3.15551e-06
3.15756e-06
3.15957e-06
3.16155e-06
3.16349e-06
3.16537e-06
3.16719e-06
3.16893e-06
3.17059e-06
3.17217e-06
3.17366e-06
3.17504e-06
3.17633e-06
3.17751e-06
3.17859e-06
3.17956e-06
3.18043e-06
3.1812e-06
3.18187e-06
3.18245e-06
3.18296e-06
3.11897e-06
3.1189e-06
3.11899e-06
3.11905e-06
3.11911e-06
3.11917e-06
3.1192e-06
3.11923e-06
3.11924e-06
3.11925e-06
3.11926e-06
3.1193e-06
3.11939e-06
3.11951e-06
3.11966e-06
3.11982e-06
3.11999e-06
3.12017e-06
3.12035e-06
3.12052e-06
3.12069e-06
3.12084e-06
3.12098e-06
3.1211e-06
3.12119e-06
3.12127e-06
3.12134e-06
3.12144e-06
3.12157e-06
3.12173e-06
3.12193e-06
3.12218e-06
3.12248e-06
3.12283e-06
3.12324e-06
3.12371e-06
3.12424e-06
3.12485e-06
3.12554e-06
3.1263e-06
3.12715e-06
3.12808e-06
3.12909e-06
3.13019e-06
3.13137e-06
3.13263e-06
3.13397e-06
3.13538e-06
3.13685e-06
3.13838e-06
3.13996e-06
3.14158e-06
3.14323e-06
3.1449e-06
3.14659e-06
3.14827e-06
3.14995e-06
3.15161e-06
3.15325e-06
3.15485e-06
3.1564e-06
3.1579e-06
3.15934e-06
3.16072e-06
3.16202e-06
3.16324e-06
3.16438e-06
3.16544e-06
3.1664e-06
3.16728e-06
3.16806e-06
3.16875e-06
3.16936e-06
3.16988e-06
3.17033e-06
3.17072e-06
3.17107e-06
3.11887e-06
3.11884e-06
3.11892e-06
3.11898e-06
3.11905e-06
3.11911e-06
3.11915e-06
3.11918e-06
3.11921e-06
3.11923e-06
3.11925e-06
3.11931e-06
3.11941e-06
3.11954e-06
3.11969e-06
3.11986e-06
3.12005e-06
3.12024e-06
3.12044e-06
3.12064e-06
3.12083e-06
3.12102e-06
3.12119e-06
3.12135e-06
3.12149e-06
3.1216e-06
3.12169e-06
3.12176e-06
3.12182e-06
3.12192e-06
3.12206e-06
3.12224e-06
3.12246e-06
3.12274e-06
3.12306e-06
3.12344e-06
3.12388e-06
3.12439e-06
3.12495e-06
3.12559e-06
3.1263e-06
3.12707e-06
3.12792e-06
3.12884e-06
3.12983e-06
3.13088e-06
3.132e-06
3.13317e-06
3.1344e-06
3.13567e-06
3.13698e-06
3.13832e-06
3.13968e-06
3.14106e-06
3.14244e-06
3.14382e-06
3.1452e-06
3.14655e-06
3.14787e-06
3.14916e-06
3.15041e-06
3.15161e-06
3.15275e-06
3.15384e-06
3.15486e-06
3.15581e-06
3.1567e-06
3.15751e-06
3.15824e-06
3.1589e-06
3.15948e-06
3.15999e-06
3.16043e-06
3.1608e-06
3.16112e-06
3.1614e-06
3.16165e-06
3.11878e-06
3.11879e-06
3.11887e-06
3.11893e-06
3.119e-06
3.11906e-06
3.11911e-06
3.11915e-06
3.11919e-06
3.11923e-06
3.11926e-06
3.11933e-06
3.11944e-06
3.11957e-06
3.11973e-06
3.1199e-06
3.12009e-06
3.12029e-06
3.1205e-06
3.12072e-06
3.12093e-06
3.12115e-06
3.12135e-06
3.12155e-06
3.12173e-06
3.12188e-06
3.12202e-06
3.12212e-06
3.1222e-06
3.12226e-06
3.12232e-06
3.12243e-06
3.12257e-06
3.12276e-06
3.123e-06
3.12329e-06
3.12363e-06
3.12403e-06
3.12449e-06
3.125e-06
3.12558e-06
3.12622e-06
3.12691e-06
3.12767e-06
3.12849e-06
3.12936e-06
3.13028e-06
3.13125e-06
3.13227e-06
3.13332e-06
3.1344e-06
3.1355e-06
3.13662e-06
3.13775e-06
3.13889e-06
3.14002e-06
3.14113e-06
3.14223e-06
3.14331e-06
3.14435e-06
3.14535e-06
3.14632e-06
3.14723e-06
3.1481e-06
3.14891e-06
3.14967e-06
3.15037e-06
3.15101e-06
3.15158e-06
3.1521e-06
3.15255e-06
3.15295e-06
3.15329e-06
3.15359e-06
3.15383e-06
3.15405e-06
3.15424e-06
3.11872e-06
3.11877e-06
3.11884e-06
3.1189e-06
3.11897e-06
3.11903e-06
3.11909e-06
3.11914e-06
3.11919e-06
3.11924e-06
3.11929e-06
3.11938e-06
3.11949e-06
3.11962e-06
3.11977e-06
3.11994e-06
3.12012e-06
3.12032e-06
3.12053e-06
3.12076e-06
3.12099e-06
3.12122e-06
3.12145e-06
3.12168e-06
3.12189e-06
3.12209e-06
3.12227e-06
3.12242e-06
3.12255e-06
3.12265e-06
3.12272e-06
3.12276e-06
3.12282e-06
3.12293e-06
3.12308e-06
3.12327e-06
3.12352e-06
3.12382e-06
3.12417e-06
3.12457e-06
3.12503e-06
3.12554e-06
3.1261e-06
3.12671e-06
3.12737e-06
3.12809e-06
3.12884e-06
3.12963e-06
3.13046e-06
3.13132e-06
3.13221e-06
3.13312e-06
3.13403e-06
3.13496e-06
3.13589e-06
3.13681e-06
3.13772e-06
3.13862e-06
3.1395e-06
3.14035e-06
3.14116e-06
3.14195e-06
3.14269e-06
3.1434e-06
3.14406e-06
3.14467e-06
3.14524e-06
3.14576e-06
3.14624e-06
3.14666e-06
3.14705e-06
3.14738e-06
3.14767e-06
3.14793e-06
3.14814e-06
3.14833e-06
3.14849e-06
3.11869e-06
3.11876e-06
3.11883e-06
3.1189e-06
3.11896e-06
3.11903e-06
3.11909e-06
3.11915e-06
3.11922e-06
3.11928e-06
3.11936e-06
3.11946e-06
3.11956e-06
3.11969e-06
3.11982e-06
3.11998e-06
3.12015e-06
3.12034e-06
3.12054e-06
3.12076e-06
3.12099e-06
3.12123e-06
3.12148e-06
3.12172e-06
3.12196e-06
3.12219e-06
3.12241e-06
3.12261e-06
3.12279e-06
3.12294e-06
3.12306e-06
3.12314e-06
3.1232e-06
3.12323e-06
3.12329e-06
3.1234e-06
3.12355e-06
3.12375e-06
3.12399e-06
3.12429e-06
3.12463e-06
3.12503e-06
3.12547e-06
3.12595e-06
3.12648e-06
3.12705e-06
3.12766e-06
3.1283e-06
3.12897e-06
3.12967e-06
3.1304e-06
3.13113e-06
3.13189e-06
3.13264e-06
3.1334e-06
3.13416e-06
3.13491e-06
3.13565e-06
3.13637e-06
3.13707e-06
3.13774e-06
3.13839e-06
3.13901e-06
3.1396e-06
3.14016e-06
3.14067e-06
3.14116e-06
3.1416e-06
3.14201e-06
3.14239e-06
3.14273e-06
3.14303e-06
3.14331e-06
3.14355e-06
3.14376e-06
3.14395e-06
3.14412e-06
3.11869e-06
3.11878e-06
3.11885e-06
3.11892e-06
3.11898e-06
3.11905e-06
3.11912e-06
3.1192e-06
3.11928e-06
3.11936e-06
3.11944e-06
3.11953e-06
3.11963e-06
3.11974e-06
3.11987e-06
3.12001e-06
3.12016e-06
3.12033e-06
3.12052e-06
3.12073e-06
3.12095e-06
3.12118e-06
3.12143e-06
3.12168e-06
3.12194e-06
3.12219e-06
3.12244e-06
3.12267e-06
3.12289e-06
3.12309e-06
3.12326e-06
3.1234e-06
3.1235e-06
3.12358e-06
3.12362e-06
3.12364e-06
3.1237e-06
3.1238e-06
3.12395e-06
3.12414e-06
3.12438e-06
3.12467e-06
3.12499e-06
3.12536e-06
3.12577e-06
3.12622e-06
3.1267e-06
3.12721e-06
3.12775e-06
3.12832e-06
3.1289e-06
3.1295e-06
3.13011e-06
3.13074e-06
3.13136e-06
3.13199e-06
3.13261e-06
3.13322e-06
3.13382e-06
3.13441e-06
3.13498e-06
3.13553e-06
3.13606e-06
3.13656e-06
3.13704e-06
3.1375e-06
3.13793e-06
3.13833e-06
3.1387e-06
3.13905e-06
3.13937e-06
3.13966e-06
3.13993e-06
3.14018e-06
3.1404e-06
3.14061e-06
3.1408e-06
3.11871e-06
3.1188e-06
3.11887e-06
3.11895e-06
3.11903e-06
3.1191e-06
3.11918e-06
3.11926e-06
3.11934e-06
3.11943e-06
3.11951e-06
3.1196e-06
3.11969e-06
3.11979e-06
3.1199e-06
3.12002e-06
3.12016e-06
3.12031e-06
3.12048e-06
3.12066e-06
3.12086e-06
3.12108e-06
3.12131e-06
3.12156e-06
3.12181e-06
3.12207e-06
3.12233e-06
3.12259e-06
3.12284e-06
3.12307e-06
3.12328e-06
3.12347e-06
3.12363e-06
3.12376e-06
3.12386e-06
3.12392e-06
3.12395e-06
3.12397e-06
3.12402e-06
3.12411e-06
3.12425e-06
3.12443e-06
3.12465e-06
3.12491e-06
3.12521e-06
3.12555e-06
3.12592e-06
3.12632e-06
3.12674e-06
3.12719e-06
3.12766e-06
3.12814e-06
3.12864e-06
3.12915e-06
3.12967e-06
3.13019e-06
3.13071e-06
3.13122e-06
3.13173e-06
3.13223e-06
3.13272e-06
3.1332e-06
3.13366e-06
3.13411e-06
3.13454e-06
3.13495e-06
3.13534e-06
3.13571e-06
3.13606e-06
3.13639e-06
3.1367e-06
3.137e-06
3.13727e-06
3.13753e-06
3.13777e-06
3.138e-06
3.13821e-06
3.1187e-06
3.11879e-06
3.11887e-06
3.11896e-06
3.11904e-06
3.11912e-06
3.11921e-06
3.1193e-06
3.11938e-06
3.11947e-06
3.11956e-06
3.11964e-06
3.11973e-06
3.11983e-06
3.11992e-06
3.12003e-06
3.12014e-06
3.12027e-06
3.12041e-06
3.12057e-06
3.12074e-06
3.12093e-06
3.12114e-06
3.12137e-06
3.1216e-06
3.12185e-06
3.12211e-06
3.12237e-06
3.12263e-06
3.12288e-06
3.12312e-06
3.12335e-06
3.12355e-06
3.12374e-06
3.12389e-06
3.12401e-06
3.1241e-06
3.12416e-06
3.12419e-06
3.12419e-06
3.12423e-06
3.12431e-06
3.12443e-06
3.12459e-06
3.12479e-06
3.12502e-06
3.12528e-06
3.12557e-06
3.1259e-06
3.12624e-06
3.12661e-06
3.127e-06
3.1274e-06
3.12781e-06
3.12823e-06
3.12866e-06
3.1291e-06
3.12954e-06
3.12997e-06
3.1304e-06
3.13083e-06
3.13125e-06
3.13166e-06
3.13206e-06
3.13245e-06
3.13283e-06
3.13319e-06
3.13355e-06
3.13388e-06
3.1342e-06
3.13451e-06
3.13481e-06
3.13509e-06
3.13536e-06
3.13561e-06
3.13586e-06
3.13609e-06
3.11867e-06
3.11876e-06
3.11885e-06
3.11894e-06
3.11903e-06
3.11912e-06
3.11921e-06
3.1193e-06
3.11939e-06
3.11948e-06
3.11957e-06
3.11966e-06
3.11974e-06
3.11983e-06
3.11992e-06
3.12001e-06
3.1201e-06
3.12021e-06
3.12032e-06
3.12045e-06
3.12059e-06
3.12075e-06
3.12093e-06
3.12112e-06
3.12133e-06
3.12155e-06
3.12179e-06
3.12204e-06
3.12229e-06
3.12254e-06
3.1228e-06
3.12304e-06
3.12328e-06
3.1235e-06
3.1237e-06
3.12387e-06
3.12402e-06
3.12414e-06
3.12423e-06
3.12429e-06
3.12432e-06
3.12433e-06
3.12435e-06
3.1244e-06
3.1245e-06
3.12462e-06
3.12479e-06
3.12498e-06
3.1252e-06
3.12545e-06
3.12572e-06
3.12602e-06
3.12633e-06
3.12666e-06
3.127e-06
3.12735e-06
3.12771e-06
3.12808e-06
3.12845e-06
3.12882e-06
3.1292e-06
3.12957e-06
3.12993e-06
3.1303e-06
3.13065e-06
3.131e-06
3.13135e-06
3.13168e-06
3.132e-06
3.13232e-06
3.13262e-06
3.13292e-06
3.1332e-06
3.13348e-06
3.13375e-06
3.13401e-06
3.13426e-06
3.11861e-06
3.1187e-06
3.11879e-06
3.11889e-06
3.11898e-06
3.11907e-06
3.11917e-06
3.11926e-06
3.11936e-06
3.11945e-06
3.11954e-06
3.11963e-06
3.11971e-06
3.11979e-06
3.11987e-06
3.11995e-06
3.12003e-06
3.12012e-06
3.12021e-06
3.12031e-06
3.12042e-06
3.12054e-06
3.12068e-06
3.12084e-06
3.12101e-06
3.12119e-06
3.1214e-06
3.12161e-06
3.12184e-06
3.12208e-06
3.12233e-06
3.12258e-06
3.12282e-06
3.12306e-06
3.12329e-06
3.12351e-06
3.12371e-06
3.12388e-06
3.12403e-06
3.12416e-06
3.12425e-06
3.12432e-06
3.12435e-06
3.12437e-06
3.12436e-06
3.12439e-06
3.12445e-06
3.12455e-06
3.12467e-06
3.12482e-06
3.125e-06
3.1252e-06
3.12543e-06
3.12567e-06
3.12593e-06
3.12621e-06
3.1265e-06
3.1268e-06
3.12711e-06
3.12742e-06
3.12775e-06
3.12807e-06
3.1284e-06
3.12872e-06
3.12905e-06
3.12937e-06
3.12969e-06
3.13e-06
3.13031e-06
3.13062e-06
3.13091e-06
3.13121e-06
3.13149e-06
3.13177e-06
3.13205e-06
3.13231e-06
3.13257e-06
3.11851e-06
3.11861e-06
3.11871e-06
3.1188e-06
3.1189e-06
3.119e-06
3.11909e-06
3.11919e-06
3.11929e-06
3.11938e-06
3.11947e-06
3.11955e-06
3.11963e-06
3.11971e-06
3.11978e-06
3.11985e-06
3.11992e-06
3.11999e-06
3.12006e-06
3.12014e-06
3.12022e-06
3.12031e-06
3.12041e-06
3.12053e-06
3.12066e-06
3.1208e-06
3.12096e-06
3.12114e-06
3.12133e-06
3.12154e-06
3.12176e-06
3.12198e-06
3.12222e-06
3.12246e-06
3.1227e-06
3.12293e-06
3.12316e-06
3.12337e-06
3.12357e-06
3.12375e-06
3.12391e-06
3.12405e-06
3.12416e-06
3.12424e-06
3.12429e-06
3.12432e-06
3.12433e-06
3.12433e-06
3.12435e-06
3.1244e-06
3.12449e-06
3.12459e-06
3.12473e-06
3.12488e-06
3.12506e-06
3.12526e-06
3.12547e-06
3.1257e-06
3.12594e-06
3.12619e-06
3.12646e-06
3.12673e-06
3.12701e-06
3.1273e-06
3.12759e-06
3.12788e-06
3.12817e-06
3.12846e-06
3.12875e-06
3.12904e-06
3.12933e-06
3.12961e-06
3.12989e-06
3.13017e-06
3.13044e-06
3.13071e-06
3.13098e-06
3.11839e-06
3.11849e-06
3.11858e-06
3.11868e-06
3.11878e-06
3.11888e-06
3.11898e-06
3.11908e-06
3.11917e-06
3.11926e-06
3.11934e-06
3.11942e-06
3.1195e-06
3.11956e-06
3.11963e-06
3.11969e-06
3.11975e-06
3.11981e-06
3.11987e-06
3.11993e-06
3.11999e-06
3.12005e-06
3.12013e-06
3.12021e-06
3.1203e-06
3.1204e-06
3.12051e-06
3.12064e-06
3.12079e-06
3.12095e-06
3.12113e-06
3.12132e-06
3.12152e-06
3.12173e-06
3.12196e-06
3.12219e-06
3.12242e-06
3.12265e-06
3.12287e-06
3.12309e-06
3.12329e-06
3.12348e-06
3.12366e-06
3.12381e-06
3.12394e-06
3.12408e-06
3.12417e-06
3.12422e-06
3.12425e-06
3.12426e-06
3.12426e-06
3.12426e-06
3.1243e-06
3.12436e-06
3.12444e-06
3.12455e-06
3.12468e-06
3.12482e-06
3.12499e-06
3.12517e-06
3.12537e-06
3.12558e-06
3.1258e-06
3.12604e-06
3.12628e-06
3.12653e-06
3.12678e-06
3.12704e-06
3.12731e-06
3.12757e-06
3.12784e-06
3.12811e-06
3.12838e-06
3.12865e-06
3.12891e-06
3.12918e-06
3.12944e-06
3.11822e-06
3.11832e-06
3.11842e-06
3.11852e-06
3.11861e-06
3.11871e-06
3.11881e-06
3.1189e-06
3.11899e-06
3.11908e-06
3.11915e-06
3.11922e-06
3.11929e-06
3.11935e-06
3.11941e-06
3.11946e-06
3.11952e-06
3.11957e-06
3.11962e-06
3.11966e-06
3.11971e-06
3.11976e-06
3.11981e-06
3.11986e-06
3.11992e-06
3.11998e-06
3.12006e-06
3.12014e-06
3.12024e-06
3.12035e-06
3.12048e-06
3.12062e-06
3.12077e-06
3.12095e-06
3.12113e-06
3.12133e-06
3.12154e-06
3.12175e-06
3.12198e-06
3.1222e-06
3.12242e-06
3.12264e-06
3.12287e-06
3.12311e-06
3.12329e-06
3.12347e-06
3.12362e-06
3.12375e-06
3.12386e-06
3.12397e-06
3.1241e-06
3.12417e-06
3.12419e-06
3.12419e-06
3.12419e-06
3.12419e-06
3.12422e-06
3.12427e-06
3.12434e-06
3.12444e-06
3.12455e-06
3.12468e-06
3.12483e-06
3.125e-06
3.12518e-06
3.12537e-06
3.12558e-06
3.12579e-06
3.12602e-06
3.12625e-06
3.12648e-06
3.12672e-06
3.12697e-06
3.12722e-06
3.12747e-06
3.12772e-06
3.12798e-06
3.118e-06
3.11811e-06
3.1182e-06
3.1183e-06
3.1184e-06
3.11849e-06
3.11859e-06
3.11867e-06
3.11875e-06
3.11882e-06
3.11889e-06
3.11895e-06
3.11901e-06
3.11906e-06
3.11911e-06
3.11916e-06
3.11921e-06
3.11925e-06
3.11929e-06
3.11933e-06
3.11937e-06
3.1194e-06
3.11944e-06
3.11947e-06
3.11951e-06
3.11955e-06
3.11959e-06
3.11964e-06
3.1197e-06
3.11976e-06
3.11984e-06
3.11993e-06
3.12003e-06
3.12015e-06
3.12028e-06
3.12043e-06
3.12059e-06
3.12077e-06
3.12096e-06
3.12116e-06
3.12137e-06
3.12159e-06
3.12181e-06
3.12204e-06
3.12226e-06
3.12248e-06
3.12269e-06
3.1229e-06
3.12311e-06
3.12331e-06
3.12347e-06
3.1236e-06
3.12371e-06
3.1238e-06
3.12391e-06
3.12403e-06
3.1241e-06
3.12412e-06
3.12412e-06
3.12411e-06
3.12412e-06
3.12415e-06
3.1242e-06
3.12428e-06
3.12438e-06
3.12449e-06
3.12463e-06
3.12477e-06
3.12494e-06
3.12511e-06
3.1253e-06
3.1255e-06
3.12571e-06
3.12592e-06
3.12615e-06
3.12637e-06
3.12661e-06
3.11783e-06
3.11793e-06
3.11802e-06
3.11812e-06
3.11821e-06
3.11829e-06
3.11837e-06
3.11844e-06
3.1185e-06
3.11856e-06
3.11861e-06
3.11866e-06
3.1187e-06
3.11874e-06
3.11878e-06
3.11882e-06
3.11885e-06
3.11888e-06
3.11891e-06
3.11894e-06
3.11897e-06
3.119e-06
3.11902e-06
3.11905e-06
3.11907e-06
3.1191e-06
3.11912e-06
3.11915e-06
3.11919e-06
3.11923e-06
3.11927e-06
3.11933e-06
3.11939e-06
3.11947e-06
3.11956e-06
3.11966e-06
3.11978e-06
3.11992e-06
3.12006e-06
3.12023e-06
3.12041e-06
3.1206e-06
3.1208e-06
3.12101e-06
3.12123e-06
3.12146e-06
3.12169e-06
3.12192e-06
3.12215e-06
3.12237e-06
3.12259e-06
3.1228e-06
3.123e-06
3.12319e-06
3.12337e-06
3.12352e-06
3.12363e-06
3.12372e-06
3.1238e-06
3.12391e-06
3.12401e-06
3.12407e-06
3.12409e-06
3.12408e-06
3.12408e-06
3.12411e-06
3.12416e-06
3.12423e-06
3.12432e-06
3.12443e-06
3.12456e-06
3.1247e-06
3.12486e-06
3.12503e-06
3.12521e-06
3.1254e-06
3.1175e-06
3.11759e-06
3.11768e-06
3.11777e-06
3.11785e-06
3.11793e-06
3.11799e-06
3.11805e-06
3.1181e-06
3.11814e-06
3.11818e-06
3.11822e-06
3.11825e-06
3.11828e-06
3.11831e-06
3.11833e-06
3.11836e-06
3.11838e-06
3.1184e-06
3.11842e-06
3.11844e-06
3.11846e-06
3.11848e-06
3.1185e-06
3.11852e-06
3.11853e-06
3.11855e-06
3.11856e-06
3.11858e-06
3.1186e-06
3.11862e-06
3.11864e-06
3.11867e-06
3.11871e-06
3.11875e-06
3.1188e-06
3.11886e-06
3.11893e-06
3.11901e-06
3.11911e-06
3.11922e-06
3.11934e-06
3.11948e-06
3.11964e-06
3.11981e-06
3.12e-06
3.1202e-06
3.12042e-06
3.12064e-06
3.12088e-06
3.12112e-06
3.12136e-06
3.12161e-06
3.12186e-06
3.1221e-06
3.12234e-06
3.12258e-06
3.1228e-06
3.123e-06
3.12319e-06
3.12337e-06
3.12354e-06
3.12367e-06
3.12377e-06
3.12385e-06
3.12395e-06
3.12403e-06
3.12409e-06
3.1241e-06
3.12409e-06
3.1241e-06
3.12414e-06
3.1242e-06
3.12429e-06
3.12439e-06
3.12451e-06
3.1171e-06
3.11718e-06
3.11727e-06
3.11734e-06
3.11741e-06
3.11747e-06
3.11752e-06
3.11757e-06
3.1176e-06
3.11764e-06
3.11767e-06
3.11769e-06
3.11771e-06
3.11773e-06
3.11775e-06
3.11776e-06
3.11777e-06
3.11778e-06
3.11779e-06
3.1178e-06
3.11781e-06
3.11782e-06
3.11783e-06
3.11784e-06
3.11785e-06
3.11786e-06
3.11787e-06
3.11788e-06
3.11789e-06
3.1179e-06
3.11791e-06
3.11792e-06
3.11793e-06
3.11794e-06
3.11795e-06
3.11797e-06
3.11799e-06
3.11801e-06
3.11804e-06
3.11808e-06
3.11812e-06
3.11818e-06
3.11825e-06
3.11833e-06
3.11843e-06
3.11855e-06
3.11869e-06
3.11883e-06
3.11898e-06
3.11915e-06
3.11934e-06
3.11954e-06
3.11977e-06
3.12e-06
3.12026e-06
3.12052e-06
3.12079e-06
3.12107e-06
3.12136e-06
3.12165e-06
3.12194e-06
3.12222e-06
3.1225e-06
3.12277e-06
3.12301e-06
3.12322e-06
3.12343e-06
3.12361e-06
3.12377e-06
3.12389e-06
3.12398e-06
3.12405e-06
3.12412e-06
3.12419e-06
3.12423e-06
3.12426e-06
3.11661e-06
3.11669e-06
3.11676e-06
3.11682e-06
3.11687e-06
3.11692e-06
3.11695e-06
3.11698e-06
3.11701e-06
3.11703e-06
3.11705e-06
3.11706e-06
3.11707e-06
3.11708e-06
3.11708e-06
3.11709e-06
3.11709e-06
3.11709e-06
3.11709e-06
3.11709e-06
3.11709e-06
3.11709e-06
3.11709e-06
3.11709e-06
3.11709e-06
3.11709e-06
3.11709e-06
3.11709e-06
3.11709e-06
3.11709e-06
3.11709e-06
3.11709e-06
3.11709e-06
3.11709e-06
3.11709e-06
3.11709e-06
3.11709e-06
3.11709e-06
3.1171e-06
3.1171e-06
3.1171e-06
3.11711e-06
3.11712e-06
3.11714e-06
3.11716e-06
3.1172e-06
3.11724e-06
3.11729e-06
3.11736e-06
3.11744e-06
3.11754e-06
3.11765e-06
3.11779e-06
3.11795e-06
3.11812e-06
3.1183e-06
3.1185e-06
3.11872e-06
3.11896e-06
3.11923e-06
3.11952e-06
3.11982e-06
3.12015e-06
3.12049e-06
3.12084e-06
3.1212e-06
3.12155e-06
3.1219e-06
3.12224e-06
3.12256e-06
3.12286e-06
3.12313e-06
3.12338e-06
3.12361e-06
3.12381e-06
3.12399e-06
3.11603e-06
3.1161e-06
3.11615e-06
3.11618e-06
3.11622e-06
3.11624e-06
3.11627e-06
3.11629e-06
3.1163e-06
3.11631e-06
3.11632e-06
3.11632e-06
3.11632e-06
3.11632e-06
3.11632e-06
3.11632e-06
3.11631e-06
3.1163e-06
3.1163e-06
3.11629e-06
3.11628e-06
3.11627e-06
3.11626e-06
3.11625e-06
3.11624e-06
3.11623e-06
3.11622e-06
3.11621e-06
3.1162e-06
3.11619e-06
3.11618e-06
3.11617e-06
3.11615e-06
3.11614e-06
3.11613e-06
3.11612e-06
3.1161e-06
3.11609e-06
3.11607e-06
3.11605e-06
3.11603e-06
3.11602e-06
3.116e-06
3.11598e-06
3.11597e-06
3.11595e-06
3.11594e-06
3.11593e-06
3.11594e-06
3.11595e-06
3.11599e-06
3.11604e-06
3.11611e-06
3.11618e-06
3.11626e-06
3.11635e-06
3.11645e-06
3.11655e-06
3.11667e-06
3.1168e-06
3.11694e-06
3.1171e-06
3.11727e-06
3.11747e-06
3.11769e-06
3.11793e-06
3.11819e-06
3.11851e-06
3.11886e-06
3.11924e-06
3.11965e-06
3.12007e-06
3.1205e-06
3.12093e-06
3.12136e-06
3.12176e-06
3.11533e-06
3.11537e-06
3.11539e-06
3.11541e-06
3.11542e-06
3.11544e-06
3.11545e-06
3.11545e-06
3.11546e-06
3.11546e-06
3.11546e-06
3.11546e-06
3.11546e-06
3.11546e-06
3.11545e-06
3.11544e-06
3.11544e-06
3.11543e-06
3.11542e-06
3.11541e-06
3.1154e-06
3.11539e-06
3.11538e-06
3.11537e-06
3.11535e-06
3.11534e-06
3.11532e-06
3.11531e-06
3.11529e-06
3.11527e-06
3.11525e-06
3.11523e-06
3.11521e-06
3.11519e-06
3.11516e-06
3.11514e-06
3.11511e-06
3.11508e-06
3.11504e-06
3.11501e-06
3.11497e-06
3.11495e-06
3.11495e-06
3.11495e-06
3.11495e-06
3.11495e-06
3.11496e-06
3.11496e-06
3.11497e-06
3.11499e-06
3.11502e-06
3.11505e-06
3.11509e-06
3.11514e-06
3.11518e-06
3.11523e-06
3.11528e-06
3.11533e-06
3.11537e-06
3.11542e-06
3.11546e-06
3.11548e-06
3.11557e-06
3.11572e-06
3.11586e-06
3.11599e-06
3.1161e-06
3.11619e-06
3.11623e-06
3.11624e-06
3.11629e-06
3.11636e-06
3.11645e-06
3.11657e-06
3.11673e-06
3.11691e-06
)
;

boundaryField
{
    walls
    {
        type            fixedValue;
        value           uniform 0;
    }
    frontAndBack
    {
        type            empty;
    }
    farfield
    {
        type            calculated;
        value           nonuniform List<scalar> 
76
(
3.11449e-06
3.11449e-06
3.11449e-06
3.11449e-06
3.11449e-06
3.11449e-06
3.11449e-06
3.11449e-06
3.11449e-06
3.11449e-06
3.11449e-06
3.11449e-06
3.11449e-06
3.11449e-06
3.11449e-06
3.11449e-06
3.11449e-06
3.11449e-06
3.11449e-06
3.11449e-06
3.11449e-06
3.11449e-06
3.11449e-06
3.11449e-06
3.11449e-06
3.11449e-06
3.11449e-06
3.11449e-06
3.11449e-06
3.11449e-06
3.11449e-06
3.11449e-06
3.11449e-06
3.11449e-06
3.11449e-06
3.11449e-06
3.11449e-06
3.11449e-06
3.11449e-06
3.11449e-06
3.11449e-06
3.11449e-06
3.11449e-06
3.11449e-06
3.11449e-06
3.11449e-06
3.11449e-06
3.11449e-06
3.11449e-06
3.11449e-06
3.11449e-06
3.11449e-06
3.11449e-06
3.11449e-06
3.11449e-06
3.11449e-06
3.11449e-06
3.11449e-06
3.11449e-06
3.11449e-06
3.11449e-06
3.11449e-06
3.11449e-06
3.11572e-06
3.11586e-06
3.11599e-06
3.1161e-06
3.11619e-06
3.11623e-06
3.11624e-06
3.11629e-06
3.11636e-06
3.11645e-06
3.11657e-06
3.11673e-06
3.11691e-06
)
;
    }
    procBoundary0to1
    {
        type            processor;
        value           nonuniform List<scalar> 
101
(
5.10351e-11
4.28996e-09
3.36829e-08
1.24993e-07
3.15748e-07
6.27194e-07
1.0524e-06
1.55384e-06
2.07099e-06
2.53449e-06
2.88163e-06
3.0688e-06
3.07911e-06
2.92237e-06
2.92237e-06
2.65117e-06
2.3064e-06
1.95887e-06
1.69e-06
1.88377e-06
2.73684e-06
4.773e-06
8.2828e-06
1.32973e-05
1.97411e-05
2.73068e-05
3.55141e-05
4.43086e-05
4.43086e-05
5.20535e-05
5.87133e-05
6.40541e-05
6.82159e-05
7.18775e-05
7.63648e-05
8.34967e-05
0.00010082
0.000125829
0.000155603
0.000188386
0.000220327
0.000245935
0.000264216
0.00027305
0.000268925
0.000247099
0.00020296
0.00013894
7.76882e-05
4.26753e-05
2.73436e-05
1.9781e-05
1.52468e-05
1.22295e-05
1.0129e-05
8.62811e-06
7.53237e-06
6.71454e-06
6.09065e-06
5.60475e-06
5.21917e-06
4.90745e-06
4.65053e-06
4.4358e-06
4.25476e-06
4.10024e-06
3.96633e-06
3.84935e-06
3.74677e-06
3.65641e-06
3.57664e-06
3.50627e-06
3.4444e-06
3.39031e-06
3.34343e-06
3.30327e-06
3.2693e-06
3.24094e-06
3.21758e-06
3.19861e-06
3.18343e-06
3.17141e-06
3.16193e-06
3.15442e-06
3.14864e-06
3.14426e-06
3.14097e-06
3.13841e-06
3.13632e-06
3.1345e-06
3.13283e-06
3.13124e-06
3.12971e-06
3.12823e-06
3.12684e-06
3.1256e-06
3.12465e-06
3.12426e-06
3.12411e-06
3.12213e-06
3.11712e-06
)
;
    }
    procBoundary0to2
    {
        type            processor;
        value           nonuniform List<scalar> 
113
(
1.73948e-11
1.59005e-09
1.44772e-08
6.62715e-08
2.154e-07
5.64329e-07
1.26498e-06
2.50975e-06
4.5073e-06
1.2936e-05
1.2936e-05
2.60674e-05
2.60674e-05
4.85765e-05
4.85765e-05
5.86794e-05
6.77231e-05
7.50804e-05
8.01226e-05
8.21331e-05
8.02797e-05
7.3684e-05
6.17732e-05
4.53395e-05
2.80927e-05
1.52104e-05
8.31442e-06
5.4083e-06
4.35689e-06
4.02169e-06
3.90262e-06
3.84247e-06
3.96149e-06
3.96149e-06
3.87384e-06
3.78681e-06
3.72134e-06
3.67467e-06
3.64531e-06
3.60738e-06
3.52961e-06
3.43337e-06
3.35835e-06
3.32044e-06
3.29859e-06
3.27924e-06
3.16705e-06
3.17518e-06
3.18799e-06
3.20396e-06
3.22578e-06
3.24845e-06
3.24845e-06
3.16102e-06
3.15573e-06
3.15174e-06
3.14838e-06
3.14562e-06
3.14337e-06
3.14158e-06
3.14158e-06
3.1328e-06
3.13161e-06
3.13234e-06
3.13234e-06
3.13005e-06
3.12861e-06
3.12746e-06
3.12665e-06
3.12611e-06
3.12584e-06
3.12607e-06
3.12616e-06
3.12616e-06
3.12611e-06
3.12596e-06
3.12569e-06
3.12528e-06
3.12472e-06
3.12405e-06
3.12332e-06
3.12197e-06
3.12197e-06
3.12172e-06
3.12143e-06
3.12112e-06
3.12082e-06
3.12051e-06
3.12022e-06
3.11993e-06
3.11966e-06
3.1194e-06
3.11918e-06
3.11899e-06
3.11884e-06
3.11872e-06
3.11865e-06
3.11863e-06
3.11864e-06
3.11864e-06
3.11861e-06
3.11854e-06
3.11844e-06
3.1183e-06
3.11812e-06
3.1179e-06
3.11774e-06
3.11774e-06
3.11741e-06
3.11701e-06
3.11654e-06
3.11597e-06
3.11529e-06
)
;
    }
}


// ************************************************************************* //
