/*--------------------------------*- C++ -*----------------------------------*\
| =========                 |                                                 |
| \\      /  F ield         | OpenFOAM: The Open Source CFD Toolbox           |
|  \\    /   O peration     | Version:  2412                                  |
|   \\  /    A nd           | Website:  www.openfoam.com                      |
|    \\/     M anipulation  |                                                 |
\*---------------------------------------------------------------------------*/
FoamFile
{
    version     2.0;
    format      ascii;
    arch        "LSB;label=32;scalar=64";
    class       volScalarField;
    location    "20";
    object      nuTilda;
}
// * * * * * * * * * * * * * * * * * * * * * * * * * * * * * * * * * * * * * //

dimensions      [0 2 -1 0 0 0 0];

internalField   nonuniform List<scalar> 
7423
(
2.87383e-06
3.30852e-06
3.33139e-06
3.24438e-06
3.06302e-06
2.88543e-06
2.76143e-06
2.75551e-06
2.77517e-06
2.79849e-06
2.82296e-06
2.84639e-06
2.86254e-06
2.87127e-06
2.87877e-06
2.88344e-06
2.88386e-06
2.88322e-06
2.88217e-06
2.88161e-06
2.88077e-06
2.87938e-06
2.87689e-06
2.87305e-06
2.86762e-06
2.86329e-06
2.85871e-06
2.85424e-06
2.8498e-06
2.84574e-06
2.84207e-06
2.83854e-06
2.83525e-06
2.83214e-06
2.82931e-06
2.8265e-06
2.82388e-06
2.82131e-06
2.81894e-06
2.81657e-06
2.81441e-06
2.81219e-06
2.8101e-06
2.80809e-06
2.80619e-06
2.80436e-06
2.80246e-06
2.8007e-06
2.79898e-06
2.79739e-06
2.79581e-06
2.79438e-06
2.79296e-06
2.79168e-06
2.79035e-06
2.78909e-06
2.78787e-06
2.78671e-06
2.78555e-06
2.78451e-06
2.78349e-06
2.78257e-06
2.7816e-06
2.78067e-06
2.77973e-06
2.77875e-06
2.77793e-06
2.77713e-06
2.77631e-06
2.77552e-06
2.77477e-06
2.77414e-06
2.77314e-06
2.77298e-06
2.77046e-06
2.77213e-06
8.79276e-06
1.01203e-05
1.03143e-05
1.00771e-05
9.46315e-06
8.80396e-06
8.28654e-06
8.24005e-06
8.30644e-06
8.3855e-06
8.4677e-06
8.54628e-06
8.59952e-06
8.62793e-06
8.65502e-06
8.67281e-06
8.67708e-06
8.67976e-06
8.68217e-06
8.68518e-06
8.68692e-06
8.68723e-06
8.68449e-06
8.67596e-06
8.6614e-06
8.65021e-06
8.63801e-06
8.62527e-06
8.61251e-06
8.60119e-06
8.59106e-06
8.58132e-06
8.57213e-06
8.56353e-06
8.55572e-06
8.54802e-06
8.54082e-06
8.53377e-06
8.52732e-06
8.52089e-06
8.51496e-06
8.50883e-06
8.50301e-06
8.49748e-06
8.49219e-06
8.48714e-06
8.48189e-06
8.47691e-06
8.47206e-06
8.46753e-06
8.46308e-06
8.45902e-06
8.45503e-06
8.45141e-06
8.44773e-06
8.44424e-06
8.44077e-06
8.43744e-06
8.43417e-06
8.43123e-06
8.42833e-06
8.42566e-06
8.42297e-06
8.42033e-06
8.41762e-06
8.41477e-06
8.41239e-06
8.41012e-06
8.4077e-06
8.40537e-06
8.40315e-06
8.40126e-06
8.39831e-06
8.39777e-06
8.39074e-06
8.39401e-06
1.50546e-05
1.73135e-05
1.79143e-05
1.75904e-05
1.63904e-05
1.49122e-05
1.37013e-05
1.35634e-05
1.36908e-05
1.38412e-05
1.39944e-05
1.41421e-05
1.42401e-05
1.42906e-05
1.43444e-05
1.43821e-05
1.43957e-05
1.441e-05
1.44271e-05
1.44437e-05
1.44568e-05
1.44678e-05
1.4475e-05
1.44684e-05
1.44486e-05
1.44343e-05
1.4418e-05
1.43987e-05
1.43791e-05
1.43626e-05
1.43479e-05
1.4334e-05
1.43207e-05
1.43084e-05
1.42973e-05
1.42865e-05
1.42763e-05
1.42664e-05
1.42575e-05
1.42486e-05
1.42402e-05
1.42316e-05
1.42232e-05
1.42152e-05
1.42077e-05
1.42004e-05
1.41929e-05
1.41855e-05
1.41783e-05
1.41715e-05
1.41648e-05
1.41588e-05
1.41528e-05
1.41474e-05
1.41421e-05
1.4137e-05
1.41319e-05
1.41269e-05
1.41219e-05
1.41174e-05
1.41131e-05
1.41091e-05
1.4105e-05
1.4101e-05
1.40969e-05
1.40926e-05
1.40887e-05
1.40852e-05
1.40814e-05
1.40777e-05
1.40741e-05
1.4071e-05
1.40663e-05
1.40653e-05
1.4055e-05
1.4056e-05
2.1639e-05
2.4826e-05
2.61527e-05
2.58698e-05
2.38539e-05
2.10785e-05
1.87983e-05
1.84886e-05
1.86855e-05
1.8922e-05
1.91596e-05
1.93874e-05
1.9534e-05
1.96076e-05
1.96942e-05
1.97562e-05
1.97832e-05
1.98178e-05
1.98604e-05
1.99e-05
1.9934e-05
1.9966e-05
1.99946e-05
1.9998e-05
1.99782e-05
1.99663e-05
1.99503e-05
1.9927e-05
1.99028e-05
1.98839e-05
1.98676e-05
1.98522e-05
1.98372e-05
1.98235e-05
1.98113e-05
1.97998e-05
1.97889e-05
1.97783e-05
1.97689e-05
1.97598e-05
1.97507e-05
1.97414e-05
1.97321e-05
1.97233e-05
1.97149e-05
1.97069e-05
1.96985e-05
1.969e-05
1.96815e-05
1.96734e-05
1.96656e-05
1.96584e-05
1.96514e-05
1.96451e-05
1.96391e-05
1.96333e-05
1.96274e-05
1.96214e-05
1.96155e-05
1.96101e-05
1.9605e-05
1.96e-05
1.95952e-05
1.95903e-05
1.95853e-05
1.958e-05
1.9575e-05
1.95704e-05
1.95656e-05
1.95608e-05
1.95559e-05
1.9552e-05
1.9546e-05
1.95441e-05
1.95325e-05
1.95265e-05
2.85174e-05
3.26109e-05
3.504e-05
3.50595e-05
3.19583e-05
2.73048e-05
2.34921e-05
2.28861e-05
2.31543e-05
2.34927e-05
2.38287e-05
2.4144e-05
2.4337e-05
2.4434e-05
2.4557e-05
2.4643e-05
2.46845e-05
2.47475e-05
2.48238e-05
2.48932e-05
2.49563e-05
2.50201e-05
2.50814e-05
2.51029e-05
2.509e-05
2.5087e-05
2.50762e-05
2.50518e-05
2.50257e-05
2.5008e-05
2.49932e-05
2.49793e-05
2.49651e-05
2.49525e-05
2.49416e-05
2.4932e-05
2.49227e-05
2.4914e-05
2.49065e-05
2.48994e-05
2.48918e-05
2.48839e-05
2.48755e-05
2.48678e-05
2.486e-05
2.48528e-05
2.48454e-05
2.48371e-05
2.48288e-05
2.48205e-05
2.48129e-05
2.48056e-05
2.47986e-05
2.47923e-05
2.4787e-05
2.47815e-05
2.47758e-05
2.47698e-05
2.47637e-05
2.47581e-05
2.47528e-05
2.47477e-05
2.47427e-05
2.47375e-05
2.47323e-05
2.47267e-05
2.47208e-05
2.47156e-05
2.47101e-05
2.47045e-05
2.46986e-05
2.46939e-05
2.4687e-05
2.46842e-05
2.46732e-05
2.4656e-05
3.56475e-05
4.0621e-05
4.4508e-05
4.52774e-05
4.08646e-05
3.36958e-05
2.77665e-05
2.66775e-05
2.70104e-05
2.74702e-05
2.79203e-05
2.83254e-05
2.85547e-05
2.86752e-05
2.88337e-05
2.89368e-05
2.89915e-05
2.90889e-05
2.92033e-05
2.9306e-05
2.94057e-05
2.95118e-05
2.96165e-05
2.96643e-05
2.96664e-05
2.96803e-05
2.96799e-05
2.96575e-05
2.96324e-05
2.962e-05
2.96103e-05
2.9601e-05
2.95903e-05
2.95814e-05
2.9574e-05
2.9569e-05
2.9564e-05
2.95596e-05
2.95565e-05
2.95541e-05
2.95503e-05
2.95461e-05
2.95407e-05
2.9536e-05
2.95308e-05
2.95263e-05
2.95216e-05
2.95153e-05
2.95088e-05
2.95018e-05
2.94956e-05
2.94895e-05
2.94838e-05
2.94786e-05
2.94753e-05
2.94714e-05
2.94672e-05
2.9462e-05
2.94568e-05
2.94517e-05
2.94471e-05
2.94424e-05
2.94382e-05
2.94333e-05
2.94286e-05
2.94233e-05
2.94171e-05
2.94114e-05
2.94056e-05
2.93997e-05
2.93928e-05
2.93877e-05
2.93804e-05
2.93764e-05
2.9368e-05
2.93357e-05
4.29776e-05
4.88051e-05
5.43667e-05
5.64346e-05
5.07134e-05
4.04433e-05
3.16689e-05
2.98265e-05
3.02053e-05
3.08121e-05
3.13942e-05
3.18836e-05
3.21282e-05
3.22717e-05
3.24574e-05
3.25613e-05
3.26251e-05
3.2759e-05
3.291e-05
3.30451e-05
3.31877e-05
3.33458e-05
3.35031e-05
3.35848e-05
3.36117e-05
3.36518e-05
3.36672e-05
3.36499e-05
3.36292e-05
3.36268e-05
3.36259e-05
3.36243e-05
3.36198e-05
3.36169e-05
3.36155e-05
3.36176e-05
3.36196e-05
3.36224e-05
3.36265e-05
3.36315e-05
3.3634e-05
3.3636e-05
3.36361e-05
3.36367e-05
3.36362e-05
3.36361e-05
3.36364e-05
3.36341e-05
3.36312e-05
3.36271e-05
3.3624e-05
3.36206e-05
3.36176e-05
3.36149e-05
3.36149e-05
3.36141e-05
3.36127e-05
3.36097e-05
3.36063e-05
3.36028e-05
3.35997e-05
3.35961e-05
3.35933e-05
3.35895e-05
3.3586e-05
3.35819e-05
3.35757e-05
3.35699e-05
3.35643e-05
3.35582e-05
3.35507e-05
3.35452e-05
3.35381e-05
3.35324e-05
3.3529e-05
3.34776e-05
5.04723e-05
5.7089e-05
6.43657e-05
6.81849e-05
6.15303e-05
4.78133e-05
3.53216e-05
3.23511e-05
3.27396e-05
3.35274e-05
3.42611e-05
3.48166e-05
3.50391e-05
3.52043e-05
3.5397e-05
3.54711e-05
3.55365e-05
3.57026e-05
3.58798e-05
3.60399e-05
3.62303e-05
3.64476e-05
3.66635e-05
3.67849e-05
3.68491e-05
3.69256e-05
3.69621e-05
3.69527e-05
3.69404e-05
3.6953e-05
3.6965e-05
3.69739e-05
3.69779e-05
3.69833e-05
3.69901e-05
3.70017e-05
3.70135e-05
3.70264e-05
3.70404e-05
3.70558e-05
3.70674e-05
3.70784e-05
3.70865e-05
3.70949e-05
3.71014e-05
3.71082e-05
3.71158e-05
3.712e-05
3.7123e-05
3.71236e-05
3.71254e-05
3.71264e-05
3.71278e-05
3.71289e-05
3.71339e-05
3.71377e-05
3.71408e-05
3.71412e-05
3.71409e-05
3.714e-05
3.71392e-05
3.71375e-05
3.7137e-05
3.7135e-05
3.71334e-05
3.71313e-05
3.71258e-05
3.71202e-05
3.71149e-05
3.71091e-05
3.71011e-05
3.70952e-05
3.70888e-05
3.7081e-05
3.70844e-05
3.70103e-05
5.80858e-05
6.53902e-05
7.4283e-05
8.01747e-05
7.32124e-05
5.61237e-05
3.89362e-05
3.43441e-05
3.46851e-05
3.56991e-05
3.66015e-05
3.7185e-05
3.73236e-05
3.75078e-05
3.76683e-05
3.76613e-05
3.77164e-05
3.78995e-05
3.80792e-05
3.82475e-05
3.84884e-05
3.87671e-05
3.90416e-05
3.92055e-05
3.93221e-05
3.94459e-05
3.95079e-05
3.95087e-05
3.95096e-05
3.95429e-05
3.95713e-05
3.95931e-05
3.96075e-05
3.96229e-05
3.96395e-05
3.96629e-05
3.96871e-05
3.9713e-05
3.97402e-05
3.9769e-05
3.97927e-05
3.98157e-05
3.98347e-05
3.98537e-05
3.987e-05
3.98861e-05
3.99038e-05
3.99173e-05
3.99288e-05
3.99366e-05
3.99455e-05
3.99528e-05
3.99605e-05
3.9967e-05
3.99786e-05
3.99889e-05
3.9998e-05
4.00035e-05
4.00075e-05
4.00102e-05
4.00127e-05
4.00136e-05
4.0016e-05
4.00166e-05
4.00177e-05
4.00183e-05
4.00141e-05
4.00089e-05
4.00043e-05
3.99989e-05
3.99905e-05
3.99842e-05
3.99787e-05
3.99684e-05
3.99801e-05
3.98801e-05
7.36143e-05
8.3944e-05
9.216e-05
8.56081e-05
6.56996e-05
4.28204e-05
3.60009e-05
3.62246e-05
3.75226e-05
3.85974e-05
3.9138e-05
3.90934e-05
3.92925e-05
3.93511e-05
3.91808e-05
3.92083e-05
3.9376e-05
3.95148e-05
3.96605e-05
3.99509e-05
4.02842e-05
4.06076e-05
4.08103e-05
4.09976e-05
4.11792e-05
4.12694e-05
4.12808e-05
4.13017e-05
4.13613e-05
4.1409e-05
4.14449e-05
4.14707e-05
4.14968e-05
4.15243e-05
4.15611e-05
4.16004e-05
4.16425e-05
4.16862e-05
4.17318e-05
4.1771e-05
4.18094e-05
4.18427e-05
4.18755e-05
4.19047e-05
4.19331e-05
4.1964e-05
4.19901e-05
4.20133e-05
4.2031e-05
4.20494e-05
4.20654e-05
4.20813e-05
4.20951e-05
4.21148e-05
4.21334e-05
4.21506e-05
4.21628e-05
4.21726e-05
4.218e-05
4.21866e-05
4.21908e-05
4.21967e-05
4.22005e-05
4.22049e-05
4.2209e-05
4.22067e-05
4.22021e-05
4.21982e-05
4.21932e-05
4.21845e-05
4.21774e-05
4.21731e-05
4.21596e-05
4.21806e-05
4.20505e-05
9.31988e-05
0.000103949
9.85746e-05
7.68e-05
4.7373e-05
3.76636e-05
3.77399e-05
3.93962e-05
4.05994e-05
4.09659e-05
4.05734e-05
4.07795e-05
4.06163e-05
4.01545e-05
4.01325e-05
4.02231e-05
4.02472e-05
4.0319e-05
4.06523e-05
4.10181e-05
4.13641e-05
4.15902e-05
4.18695e-05
4.21173e-05
4.22347e-05
4.22542e-05
4.2304e-05
4.2395e-05
4.24636e-05
4.25129e-05
4.25494e-05
4.25855e-05
4.26239e-05
4.26747e-05
4.27318e-05
4.27939e-05
4.28579e-05
4.29241e-05
4.29824e-05
4.30402e-05
4.30918e-05
4.3142e-05
4.3188e-05
4.32323e-05
4.328e-05
4.33225e-05
4.33611e-05
4.33922e-05
4.34229e-05
4.34501e-05
4.34764e-05
4.34993e-05
4.35289e-05
4.35577e-05
4.35848e-05
4.36056e-05
4.36225e-05
4.36358e-05
4.36473e-05
4.36553e-05
4.36652e-05
4.36728e-05
4.36808e-05
4.36891e-05
4.36893e-05
4.36856e-05
4.36821e-05
4.36774e-05
4.36683e-05
4.36599e-05
4.36565e-05
4.36391e-05
4.36692e-05
4.35035e-05
0.00011534
0.000111966
8.95335e-05
5.30923e-05
4.00052e-05
4.04148e-05
4.27597e-05
4.37304e-05
4.33673e-05
4.22175e-05
4.23779e-05
4.17799e-05
4.08225e-05
4.07266e-05
4.06273e-05
4.04169e-05
4.03327e-05
4.06937e-05
4.10439e-05
4.13591e-05
4.15723e-05
4.19663e-05
4.2282e-05
4.24182e-05
4.24375e-05
4.25283e-05
4.26551e-05
4.27431e-05
4.28024e-05
4.28463e-05
4.28894e-05
4.29365e-05
4.30005e-05
4.30781e-05
4.31648e-05
4.32535e-05
4.33446e-05
4.34265e-05
4.35082e-05
4.35829e-05
4.36551e-05
4.37224e-05
4.3787e-05
4.38556e-05
4.3919e-05
4.39774e-05
4.40259e-05
4.40724e-05
4.41137e-05
4.41528e-05
4.41869e-05
4.42279e-05
4.42687e-05
4.43077e-05
4.4339e-05
4.43647e-05
4.43849e-05
4.4402e-05
4.44143e-05
4.44283e-05
4.44401e-05
4.4452e-05
4.44646e-05
4.44679e-05
4.4465e-05
4.44616e-05
4.44567e-05
4.44467e-05
4.44362e-05
4.44331e-05
4.4411e-05
4.44489e-05
4.42381e-05
0.000126075
0.000125585
0.000103827
6.08209e-05
4.54938e-05
4.5822e-05
4.89113e-05
4.98192e-05
4.88074e-05
4.68471e-05
4.53598e-05
4.35592e-05
4.16586e-05
4.14349e-05
4.09334e-05
4.02915e-05
3.99221e-05
4.02832e-05
4.05239e-05
4.071e-05
4.08383e-05
4.13693e-05
4.17382e-05
4.18702e-05
4.18702e-05
4.20182e-05
4.21823e-05
4.22835e-05
4.23443e-05
4.23877e-05
4.24307e-05
4.24813e-05
4.25555e-05
4.26561e-05
4.27729e-05
4.28915e-05
4.30124e-05
4.31228e-05
4.32341e-05
4.3338e-05
4.34377e-05
4.35322e-05
4.36226e-05
4.37167e-05
4.38062e-05
4.38895e-05
4.39605e-05
4.40269e-05
4.40856e-05
4.41403e-05
4.41879e-05
4.42418e-05
4.42963e-05
4.43492e-05
4.43931e-05
4.44291e-05
4.44575e-05
4.44808e-05
4.44978e-05
4.45159e-05
4.45316e-05
4.45473e-05
4.4564e-05
4.45705e-05
4.45682e-05
4.45642e-05
4.45581e-05
4.45462e-05
4.45324e-05
4.45282e-05
4.45003e-05
4.45431e-05
4.42732e-05
0.000135816
0.000139134
0.000119473
7.31925e-05
5.42046e-05
5.38711e-05
5.76694e-05
5.86353e-05
5.70549e-05
5.43154e-05
5.14298e-05
4.84105e-05
4.54281e-05
4.35896e-05
4.19359e-05
4.04157e-05
3.95183e-05
3.98208e-05
3.97733e-05
3.96541e-05
3.95625e-05
4.02485e-05
4.06223e-05
4.06974e-05
4.0637e-05
4.08642e-05
4.10607e-05
4.11593e-05
4.12045e-05
4.12318e-05
4.12605e-05
4.13037e-05
4.13809e-05
4.15071e-05
4.16614e-05
4.18157e-05
4.19718e-05
4.2117e-05
4.2265e-05
4.24057e-05
4.25399e-05
4.26689e-05
4.2792e-05
4.29174e-05
4.30388e-05
4.3153e-05
4.32522e-05
4.33437e-05
4.3424e-05
4.34976e-05
4.35614e-05
4.36299e-05
4.36996e-05
4.37682e-05
4.38268e-05
4.38749e-05
4.39125e-05
4.39425e-05
4.39641e-05
4.39858e-05
4.40049e-05
4.40235e-05
4.40432e-05
4.40523e-05
4.405e-05
4.4044e-05
4.40348e-05
4.40195e-05
4.40003e-05
4.39924e-05
4.39573e-05
4.39998e-05
0.000144142
0.000152183
0.000136164
9.01953e-05
6.63515e-05
6.45347e-05
6.89541e-05
7.00892e-05
6.80201e-05
6.45187e-05
6.03914e-05
5.62003e-05
5.20932e-05
4.88212e-05
4.59466e-05
4.33967e-05
4.14517e-05
4.0479e-05
3.95458e-05
3.87071e-05
3.81093e-05
3.89485e-05
3.92035e-05
3.91086e-05
3.89035e-05
3.92389e-05
3.94472e-05
3.95067e-05
3.95029e-05
3.94846e-05
3.94724e-05
3.94874e-05
3.95541e-05
3.97085e-05
3.99104e-05
4.01074e-05
4.03052e-05
4.04927e-05
4.06867e-05
4.08744e-05
4.10524e-05
4.12255e-05
4.13902e-05
4.15537e-05
4.17137e-05
4.18654e-05
4.19998e-05
4.21227e-05
4.22296e-05
4.23259e-05
4.24092e-05
4.24941e-05
4.25804e-05
4.26663e-05
4.27415e-05
4.28029e-05
4.28505e-05
4.28873e-05
4.29131e-05
4.29372e-05
4.2958e-05
4.29773e-05
4.29976e-05
4.30071e-05
4.30031e-05
4.29925e-05
4.29772e-05
4.29551e-05
4.29271e-05
4.29116e-05
4.28665e-05
4.29011e-05
0.000150545
0.000164155
0.000153467
0.000112339
8.22709e-05
7.80596e-05
8.29087e-05
8.42237e-05
8.16629e-05
7.74232e-05
7.21513e-05
6.68524e-05
6.16271e-05
5.7046e-05
5.29701e-05
4.93231e-05
4.62823e-05
4.40536e-05
4.20703e-05
4.03213e-05
3.89111e-05
3.85907e-05
3.81574e-05
3.75643e-05
3.70131e-05
3.74819e-05
3.76389e-05
3.75792e-05
3.74595e-05
3.73383e-05
3.72346e-05
3.71825e-05
3.72135e-05
3.73999e-05
3.76652e-05
3.7913e-05
3.81604e-05
3.84001e-05
3.8653e-05
3.89019e-05
3.91363e-05
3.93665e-05
3.95846e-05
3.97943e-05
3.99999e-05
4.01962e-05
4.03735e-05
4.05354e-05
4.06746e-05
4.07978e-05
4.09041e-05
4.10073e-05
4.1111e-05
4.12151e-05
4.13077e-05
4.13831e-05
4.14404e-05
4.14827e-05
4.15111e-05
4.15347e-05
4.15537e-05
4.15697e-05
4.15856e-05
4.15908e-05
4.15806e-05
4.15609e-05
4.1534e-05
4.14994e-05
4.14567e-05
4.14266e-05
4.13667e-05
4.13819e-05
0.000154422
0.000174315
0.000170773
0.000139462
0.000102553
9.50205e-05
9.99785e-05
0.000101364
9.82295e-05
9.3227e-05
8.68028e-05
8.03894e-05
7.40013e-05
6.81622e-05
6.29094e-05
5.81399e-05
5.39865e-05
5.05505e-05
4.74634e-05
4.46844e-05
4.23231e-05
4.08525e-05
3.9586e-05
3.83954e-05
3.73346e-05
3.69651e-05
3.6501e-05
3.60059e-05
3.55716e-05
3.5203e-05
3.48947e-05
3.46938e-05
3.46372e-05
3.48604e-05
3.52135e-05
3.55208e-05
3.58273e-05
3.61328e-05
3.64627e-05
3.67925e-05
3.71003e-05
3.74051e-05
3.76912e-05
3.79553e-05
3.82129e-05
3.84593e-05
3.86859e-05
3.8894e-05
3.90708e-05
3.92243e-05
3.93559e-05
3.94778e-05
3.9598e-05
3.97188e-05
3.98272e-05
3.99138e-05
3.99773e-05
4.00208e-05
4.00465e-05
4.00635e-05
4.00734e-05
4.00775e-05
4.00795e-05
4.00701e-05
4.00445e-05
4.00062e-05
3.99574e-05
3.98996e-05
3.98318e-05
3.97753e-05
3.96916e-05
3.96698e-05
0.000155057
0.00018178
0.000187261
0.000166523
0.000128005
0.000116326
0.000120796
0.000121994
0.000118219
0.000112412
0.000104742
9.71449e-05
8.94928e-05
8.23395e-05
7.58491e-05
6.98655e-05
6.4521e-05
5.98545e-05
5.55957e-05
5.16921e-05
4.82734e-05
4.56822e-05
4.3536e-05
4.17314e-05
4.0104e-05
3.89673e-05
3.78395e-05
3.67962e-05
3.59438e-05
3.52265e-05
3.46141e-05
3.41859e-05
3.3962e-05
3.39876e-05
3.41733e-05
3.44095e-05
3.46944e-05
3.50101e-05
3.53904e-05
3.57815e-05
3.614e-05
3.65052e-05
3.68467e-05
3.71432e-05
3.74258e-05
3.7687e-05
3.79257e-05
3.81461e-05
3.83274e-05
3.84775e-05
3.8604e-05
3.8715e-05
3.88217e-05
3.89299e-05
3.90242e-05
3.90922e-05
3.9133e-05
3.91501e-05
3.91472e-05
3.91324e-05
3.91076e-05
3.90741e-05
3.90349e-05
3.89832e-05
3.89162e-05
3.88343e-05
3.87394e-05
3.86337e-05
3.85179e-05
3.84106e-05
3.82836e-05
3.8193e-05
0.000151549
0.000185562
0.000201884
0.000192676
0.000159857
0.000143118
0.000146408
0.00014686
0.000142216
0.000135557
0.00012658
0.000117748
0.000108655
0.000100033
9.21547e-05
8.47789e-05
7.80866e-05
7.2078e-05
6.65204e-05
6.13468e-05
5.66927e-05
5.28692e-05
4.97319e-05
4.73214e-05
4.51336e-05
4.33675e-05
4.1625e-05
4.00335e-05
3.87679e-05
3.76529e-05
3.66683e-05
3.59461e-05
3.55079e-05
3.53254e-05
3.53455e-05
3.55e-05
3.57668e-05
3.6114e-05
3.65773e-05
3.7065e-05
3.75064e-05
3.79703e-05
3.83998e-05
3.87532e-05
3.90851e-05
3.93874e-05
3.96683e-05
3.99385e-05
4.01609e-05
4.03426e-05
4.0497e-05
4.06271e-05
4.07473e-05
4.08632e-05
4.09589e-05
4.10206e-05
4.10484e-05
4.10463e-05
4.10181e-05
4.09714e-05
4.09086e-05
4.08319e-05
4.07435e-05
4.06389e-05
4.05186e-05
4.03799e-05
4.02239e-05
4.00534e-05
3.98714e-05
3.96907e-05
3.94957e-05
3.9309e-05
0.000143111
0.000184664
0.000213374
0.000217481
0.000199495
0.000176651
0.000178551
0.000177435
0.000171377
0.000163649
0.000153148
0.000142942
0.000132213
0.000121942
0.000112422
0.000103384
9.51132e-05
8.75722e-05
8.05232e-05
7.38825e-05
6.77646e-05
6.24507e-05
5.79857e-05
5.48143e-05
5.2039e-05
4.98302e-05
4.76102e-05
4.55314e-05
4.39312e-05
4.24269e-05
4.10264e-05
3.99742e-05
3.92942e-05
3.88803e-05
3.87129e-05
3.87538e-05
3.89899e-05
3.93805e-05
3.99469e-05
4.05504e-05
4.10961e-05
4.16931e-05
4.22416e-05
4.26714e-05
4.30758e-05
4.34503e-05
4.38151e-05
4.41939e-05
4.4519e-05
4.47941e-05
4.50362e-05
4.52377e-05
4.54167e-05
4.55821e-05
4.57162e-05
4.58047e-05
4.58497e-05
4.58565e-05
4.58276e-05
4.57685e-05
4.56832e-05
4.55754e-05
4.54477e-05
4.52973e-05
4.51231e-05
4.49231e-05
4.46992e-05
4.44548e-05
4.41952e-05
4.39302e-05
4.36528e-05
4.33541e-05
0.000129625
0.00017825
0.00022028
0.000239881
0.000238249
0.000217829
0.000219109
0.0002157
0.000207572
0.000198257
0.000185713
0.000173802
0.000161065
0.000148827
0.000137382
0.000126358
0.000116204
0.000106873
9.80782e-05
8.97299e-05
8.19285e-05
7.49083e-05
6.87835e-05
6.38342e-05
5.96582e-05
5.68308e-05
5.40431e-05
5.13853e-05
4.95258e-05
4.76563e-05
4.58332e-05
4.44768e-05
4.35849e-05
4.29423e-05
4.25749e-05
4.24825e-05
4.26985e-05
4.31711e-05
4.39092e-05
4.47182e-05
4.54713e-05
4.63792e-05
4.72591e-05
4.79887e-05
4.87322e-05
4.94149e-05
5.00289e-05
5.06374e-05
5.11608e-05
5.16167e-05
5.20229e-05
5.23591e-05
5.26509e-05
5.29135e-05
5.3128e-05
5.32814e-05
5.33787e-05
5.34257e-05
5.34224e-05
5.33734e-05
5.32845e-05
5.31618e-05
5.30086e-05
5.28226e-05
5.26027e-05
5.23466e-05
5.20572e-05
5.17389e-05
5.13993e-05
5.10472e-05
5.06824e-05
5.02642e-05
0.00011202
0.000165851
0.000221031
0.000258264
0.000273931
0.000267583
0.000269725
0.000263331
0.00025262
0.000241127
0.000225795
0.000211638
0.000196339
0.000181663
0.000167883
0.000154485
0.00014211
0.00013066
0.000119795
0.000109439
9.96973e-05
9.07835e-05
8.28355e-05
7.6037e-05
7.01686e-05
6.54909e-05
6.12963e-05
5.7641e-05
5.55285e-05
5.32169e-05
5.08781e-05
4.9208e-05
4.81001e-05
4.71663e-05
4.65125e-05
4.61876e-05
4.63257e-05
4.68483e-05
4.77135e-05
4.86793e-05
4.96021e-05
5.08321e-05
5.20479e-05
5.30681e-05
5.41662e-05
5.51773e-05
5.60648e-05
5.69506e-05
5.77204e-05
5.84057e-05
5.90279e-05
5.95493e-05
6.00075e-05
6.04235e-05
6.07744e-05
6.10495e-05
6.12588e-05
6.14078e-05
6.14929e-05
6.15179e-05
6.14902e-05
6.14172e-05
6.1303e-05
6.11467e-05
6.09479e-05
6.07047e-05
6.04198e-05
6.00973e-05
5.97441e-05
5.93689e-05
5.89733e-05
5.84879e-05
9.24647e-05
0.000147458
0.00021402
0.000270558
0.000305599
0.000317234
0.000330685
0.00032169
0.000308356
0.000293952
0.00027495
0.000257917
0.000239374
0.000221671
0.000205031
0.000188756
0.000173762
0.000159766
0.00014642
0.000133676
0.00012166
0.00011058
0.000100592
9.18248e-05
8.41502e-05
7.76587e-05
7.19411e-05
6.6914e-05
6.30838e-05
5.96228e-05
5.64291e-05
5.43675e-05
5.29857e-05
5.16139e-05
5.05178e-05
4.98026e-05
4.97896e-05
5.03092e-05
5.12e-05
5.22171e-05
5.32259e-05
5.47838e-05
5.63205e-05
5.7599e-05
5.90688e-05
6.04204e-05
6.15861e-05
6.27863e-05
6.38348e-05
6.47841e-05
6.56613e-05
6.64021e-05
6.70647e-05
6.76731e-05
6.81956e-05
6.86276e-05
6.89855e-05
6.92729e-05
6.94815e-05
6.96154e-05
6.96838e-05
6.96948e-05
6.96517e-05
6.95548e-05
6.94051e-05
6.92017e-05
6.89471e-05
6.8645e-05
6.83014e-05
6.79249e-05
6.75183e-05
6.69734e-05
7.36875e-05
0.000124254
0.000197953
0.000274399
0.000331421
0.000363181
0.000389141
0.00039105
0.000375849
0.000358345
0.000335163
0.000314504
0.000291885
0.000270428
0.000250273
0.000230476
0.000212314
0.000195223
0.000178882
0.000163273
0.000148552
0.000134934
0.000122593
0.000111633
0.000101961
9.35631e-05
8.6174e-05
7.96481e-05
7.41947e-05
6.94425e-05
6.52005e-05
6.18241e-05
5.91492e-05
5.68396e-05
5.49769e-05
5.36036e-05
5.33645e-05
5.37983e-05
5.45048e-05
5.53758e-05
5.63136e-05
5.82058e-05
6.00023e-05
6.14585e-05
6.33176e-05
6.50022e-05
6.64208e-05
6.79672e-05
6.93098e-05
7.05442e-05
7.17056e-05
7.26872e-05
7.35837e-05
7.44165e-05
7.51374e-05
7.57543e-05
7.62916e-05
7.67477e-05
7.71091e-05
7.73821e-05
7.75783e-05
7.77045e-05
7.77624e-05
7.77529e-05
7.76789e-05
7.75408e-05
7.73413e-05
7.70838e-05
7.67736e-05
7.64181e-05
7.60219e-05
7.54241e-05
5.93189e-05
9.96894e-05
0.000172508
0.000267467
0.000348717
0.000404145
0.000443549
0.000457506
0.000451734
0.000435144
0.000407334
0.000382723
0.00035541
0.000329547
0.000305197
0.000281109
0.000259101
0.000238233
0.000218252
0.000199165
0.000181171
0.000164499
0.000149359
0.000135855
0.000123903
0.00011341
0.000104172
9.60171e-05
8.89666e-05
8.28082e-05
7.73467e-05
7.26766e-05
6.87129e-05
6.53085e-05
6.24964e-05
6.02716e-05
5.89488e-05
5.83674e-05
5.82981e-05
5.86001e-05
5.91556e-05
6.13939e-05
6.32716e-05
6.47221e-05
6.69835e-05
6.8942e-05
7.05274e-05
7.24467e-05
7.40649e-05
7.55804e-05
7.70378e-05
7.82576e-05
7.94039e-05
8.04817e-05
8.14135e-05
8.22339e-05
8.29745e-05
8.36219e-05
8.41578e-05
8.45953e-05
8.49473e-05
8.52173e-05
8.54042e-05
8.55096e-05
8.55381e-05
8.54912e-05
8.5372e-05
8.51838e-05
8.49317e-05
8.46215e-05
8.42588e-05
8.36144e-05
5.16663e-05
7.83606e-05
0.000142955
0.000248702
0.000354366
0.000435729
0.000492383
0.000519493
0.000523733
0.00051339
0.000490736
0.000463883
0.000431203
0.000400247
0.000371022
0.000341834
0.000315288
0.000289905
0.000265577
0.000242326
0.000220402
0.000200053
0.000181555
0.000165041
0.000150414
0.000137525
0.000126173
0.000116146
0.000107373
9.97085e-05
9.29216e-05
8.69626e-05
8.17263e-05
7.71514e-05
7.32313e-05
6.99671e-05
6.75455e-05
6.59466e-05
6.50234e-05
6.46729e-05
6.47193e-05
6.57402e-05
6.68433e-05
6.78166e-05
7.04718e-05
7.25123e-05
7.40554e-05
7.63787e-05
7.81805e-05
7.99279e-05
8.16624e-05
8.30707e-05
8.44593e-05
8.57794e-05
8.69066e-05
8.79318e-05
8.88861e-05
8.9732e-05
9.04505e-05
9.10681e-05
9.15968e-05
9.2032e-05
9.23699e-05
9.26139e-05
9.27698e-05
9.28393e-05
9.28252e-05
9.27308e-05
9.25611e-05
9.2321e-05
9.20152e-05
9.13315e-05
4.89526e-05
6.34502e-05
0.000114563
0.000219512
0.000345608
0.000454507
0.00053254
0.000575328
0.000590875
0.000588107
0.000571462
0.000547463
0.000516868
0.000484001
0.000449349
0.000414172
0.000382358
0.000351623
0.000322148
0.000293946
0.000267337
0.000242575
0.000220049
0.000199942
0.000182111
0.00016637
0.000152513
0.000140285
0.000129563
0.000120253
0.000112047
0.000104738
9.81497e-05
9.23108e-05
8.71723e-05
8.27174e-05
7.91317e-05
7.64946e-05
7.47027e-05
7.36318e-05
7.31098e-05
7.32643e-05
7.36806e-05
7.41785e-05
7.54422e-05
7.65322e-05
7.75012e-05
8.02813e-05
8.20009e-05
8.38552e-05
8.57982e-05
8.72556e-05
8.88446e-05
9.03613e-05
9.16139e-05
9.28166e-05
9.39696e-05
9.49909e-05
9.58736e-05
9.66692e-05
9.73795e-05
9.79851e-05
9.84823e-05
9.88785e-05
9.918e-05
9.93857e-05
9.94968e-05
9.95168e-05
9.94513e-05
9.9304e-05
9.90777e-05
4.80501e-05
5.50348e-05
9.04574e-05
0.00018332
0.000320974
0.000456367
0.000559625
0.000621865
0.000651177
0.00065782
0.000648099
0.000628324
0.000600891
0.000569327
0.000534793
0.000498346
0.000461975
0.000425035
0.000389518
0.000355477
0.000323327
0.000293311
0.000266
0.000241636
0.000219967
0.000200813
0.000183943
0.000169053
0.000155926
0.000144419
0.000134335
0.000125653
0.000117948
0.000110894
0.000104448
9.86248e-05
9.36958e-05
8.99013e-05
8.7145e-05
8.52919e-05
8.41721e-05
8.37128e-05
8.36475e-05
8.37659e-05
8.41841e-05
8.44992e-05
8.47503e-05
8.5726e-05
8.63631e-05
8.80367e-05
9.00283e-05
9.12163e-05
9.29313e-05
9.45217e-05
9.57293e-05
9.70447e-05
9.83375e-05
9.94532e-05
0.000100438
0.00010138
0.000102246
0.000102995
0.000103632
0.000104174
0.000104623
0.000104971
0.000105214
0.000105358
0.00010541
0.00010537
0.000105241
4.76537e-05
5.09206e-05
7.21646e-05
0.000143822
0.000280875
0.000437365
0.000568197
0.000654373
0.000701069
0.00071987
0.0007189
0.000704941
0.000681646
0.000652529
0.000619393
0.000583554
0.000546533
0.000508232
0.000469071
0.000428556
0.000389908
0.000353674
0.000320748
0.000291399
0.000265168
0.000241962
0.000221491
0.000203397
0.000187402
0.000173335
0.000160919
0.000150025
0.00014036
0.000131721
0.000124069
0.000117234
0.000111213
0.000106217
0.000102342
9.95604e-05
9.77526e-05
9.67604e-05
9.63618e-05
9.62611e-05
9.62504e-05
9.61213e-05
9.58928e-05
9.57886e-05
9.54491e-05
9.54892e-05
9.57585e-05
9.58081e-05
9.75625e-05
9.89384e-05
9.97462e-05
0.000101092
0.000102391
0.000103416
0.000104378
0.000105395
0.000106339
0.000107141
0.000107853
0.000108502
0.000109072
0.000109537
0.000109891
0.000110145
0.000110307
0.000110375
0.000110346
4.84034e-05
6.00212e-05
0.000109454
0.000229725
0.000395445
0.000552365
0.000666376
0.000735218
0.000769995
0.000780609
0.000774771
0.000757285
0.000732017
0.000701372
0.000667049
0.000630605
0.000592505
0.00055304
0.000511642
0.000468627
0.000425176
0.000385752
0.000350635
0.000319004
0.000291062
0.000266334
0.000244426
0.000225001
0.000207914
0.000192764
0.000179388
0.000167497
0.000156866
0.000147374
0.000138894
0.000131389
0.000124999
0.000119877
0.000116091
0.000113587
0.000112182
0.000111575
0.00011135
0.000111142
0.000110869
0.000110478
0.000109846
0.000108871
0.000107893
0.000106919
0.000105804
0.000105357
0.000105009
0.000104594
0.000105956
0.000106965
0.00010752
0.000108285
0.000109264
0.000110114
0.000110774
0.000111441
0.000112116
0.000112729
0.000113232
0.000113623
0.00011393
0.000114164
0.000114309
0.000114359
4.77736e-05
5.3285e-05
8.36352e-05
0.000175762
0.000332844
0.000507371
0.000650341
0.000746362
0.000802046
0.000828191
0.000833687
0.000824522
0.000805164
0.000778638
0.000747095
0.000712313
0.000675246
0.000636433
0.000595744
0.000553203
0.000508632
0.000462549
0.000420802
0.000382775
0.000349428
0.00031971
0.000293351
0.000269889
0.000249211
0.000230812
0.000214542
0.00020005
0.000187079
0.000175476
0.000165095
0.000155838
0.000147735
0.000140896
0.000135473
0.000131593
0.000129294
0.000128315
0.000128148
0.000128287
0.000128373
0.000128097
0.000127237
0.000125957
0.000124484
0.000122748
0.000120774
0.000118949
0.000117214
0.000115483
0.000114475
0.000113647
0.000112856
0.000113294
0.000114064
0.000114455
0.000114604
0.000115088
0.000115675
0.000116175
0.000116539
0.000116806
0.00011706
0.000117288
0.000117436
0.000117495
4.74655e-05
4.98605e-05
6.65439e-05
0.000127335
0.000257314
0.000432396
0.00059932
0.000725481
0.000807702
0.000854516
0.00087565
0.000878297
0.000867735
0.000847687
0.000820833
0.000789286
0.00075444
0.000717176
0.000677801
0.000636547
0.000593472
0.000548659
0.000503299
0.000457672
0.000418404
0.000382824
0.000351378
0.000323199
0.000298334
0.000276089
0.000256444
0.000238889
0.000223138
0.000209043
0.000196428
0.00018513
0.000175105
0.000166392
0.000159105
0.000153405
0.000149442
0.000147278
0.000146621
0.00014686
0.000147368
0.000147623
0.000147285
0.000146292
0.000144658
0.000142411
0.000139871
0.000137273
0.000134589
0.000131851
0.000129343
0.000127036
0.000124849
0.000123202
0.000121916
0.000120776
0.000119715
0.000120085
0.000120412
0.000120475
0.000120353
0.000120231
0.000120317
0.000120432
0.000120449
0.000120377
4.71345e-05
4.83424e-05
5.6675e-05
9.21359e-05
0.000182859
0.000334792
0.000510143
0.000663772
0.000776554
0.000850028
0.000892313
0.000911416
0.000913542
0.000903215
0.00088375
0.000857693
0.000826889
0.000792603
0.00075555
0.000716237
0.000675029
0.000632269
0.000588674
0.000543991
0.000499389
0.000456697
0.00041969
0.000385944
0.00035638
0.00032952
0.000305957
0.000284861
0.000265878
0.000248886
0.000233623
0.000219898
0.000207658
0.00019688
0.000187601
0.000179936
0.000174048
0.000170164
0.000168182
0.00016793
0.000168536
0.000169131
0.000169224
0.000168638
0.000167327
0.000165286
0.000162647
0.000159547
0.000156135
0.000152654
0.000149236
0.000145895
0.000142646
0.000139634
0.000136857
0.000134302
0.000131916
0.000130117
0.00012859
0.00012722
0.000125934
0.000125093
0.000125099
0.000124964
0.000124597
0.000124133
4.68376e-05
4.77083e-05
5.13502e-05
6.95895e-05
0.000122091
0.000231185
0.000388822
0.000556277
0.000698399
0.000803015
0.00087266
0.000914117
0.000934009
0.000937716
0.000929292
0.000911825
0.000887657
0.000858485
0.00082544
0.000789343
0.000750835
0.000710498
0.000669046
0.000626715
0.000584201
0.000541738
0.00049946
0.000458865
0.000424365
0.000392006
0.000363987
0.000338654
0.000315853
0.000295594
0.000277366
0.000260814
0.000245975
0.000232874
0.00022144
0.000211712
0.000203797
0.000198025
0.000194294
0.000192973
0.00019324
0.000193774
0.000193915
0.00019343
0.000192256
0.000190391
0.000187897
0.00018485
0.000181323
0.000177422
0.000173283
0.000169109
0.000165034
0.000161094
0.000157309
0.000153706
0.000150274
0.000147125
0.000144217
0.000141544
0.00013905
0.000136823
0.000134994
0.000133353
0.000131817
0.000130362
4.66655e-05
4.73618e-05
4.91396e-05
5.7676e-05
8.35368e-05
0.000145273
0.000257436
0.000409966
0.000567931
0.000702561
0.000803971
0.000873869
0.000917702
0.000940999
0.000948415
0.000943659
0.000929651
0.000908579
0.000882027
0.000851182
0.00081698
0.000780231
0.000741744
0.000702085
0.000661923
0.000621649
0.000581572
0.00054182
0.000503179
0.000463828
0.000431377
0.000401331
0.000373877
0.000349835
0.00032817
0.000308343
0.000290586
0.000274883
0.000261095
0.000249171
0.000239187
0.000231402
0.000225806
0.00022322
0.000222679
0.00022254
0.000222133
0.000221236
0.000219791
0.000217793
0.000215269
0.00021226
0.000208805
0.000204946
0.000200733
0.000196243
0.000191554
0.000186789
0.000182141
0.000177696
0.000173411
0.000169316
0.000165445
0.000161801
0.000158355
0.00015511
0.000152109
0.000149315
0.00014672
0.00014429
4.65214e-05
4.70899e-05
4.81873e-05
5.20281e-05
6.36645e-05
9.18937e-05
0.000151543
0.000255947
0.000396874
0.000545188
0.000675478
0.000777397
0.00085093
0.000899972
0.000929078
0.00094234
0.000943137
0.000934176
0.000917541
0.000894864
0.000867421
0.000836282
0.000802422
0.000766642
0.000729691
0.00069215
0.000654493
0.00061699
0.000580174
0.000543304
0.000508481
0.000473185
0.00044018
0.000412364
0.000386811
0.000362958
0.000341875
0.000323338
0.000307
0.000292734
0.000280592
0.000270645
0.000263289
0.000259448
0.000257354
0.000255676
0.000253948
0.000252
0.000249764
0.00024721
0.000244328
0.000241124
0.000237607
0.000233788
0.000229684
0.000225319
0.000220718
0.000215912
0.000210949
0.000205864
0.000200721
0.000195726
0.000191031
0.000186598
0.000182347
0.000178264
0.000174397
0.000170761
0.000167349
0.000164135
4.62202e-05
4.67085e-05
4.75475e-05
4.94416e-05
5.45576e-05
6.60548e-05
9.0673e-05
0.000140773
0.000228857
0.000352012
0.000488736
0.000615739
0.000720482
0.000800209
0.000856944
0.000894149
0.000915327
0.000923559
0.000921377
0.00091082
0.000893555
0.000870973
0.000844288
0.000814521
0.000782565
0.00074917
0.000714958
0.000680394
0.000645974
0.000611674
0.000578329
0.00054539
0.000513349
0.000483099
0.00045311
0.000424146
0.000399762
0.000378436
0.000359454
0.000342683
0.000328166
0.000316009
0.000307396
0.000301319
0.000296522
0.000292395
0.000288629
0.000285046
0.000281531
0.000278004
0.000274406
0.000270698
0.000266855
0.000262861
0.000258708
0.000254394
0.000249926
0.000245312
0.000240566
0.000235695
0.000230714
0.000225669
0.000220596
0.000215489
0.000210358
0.000205354
0.00020067
0.000196321
0.000192236
0.000188354
4.58113e-05
4.6213e-05
4.68723e-05
4.80416e-05
5.04598e-05
5.51211e-05
6.41541e-05
8.23418e-05
0.000118793
0.000184509
0.000282776
0.00040209
0.000523056
0.000630458
0.000717635
0.000783894
0.000831201
0.000862297
0.000879884
0.000886343
0.000883698
0.000873657
0.00085768
0.000837028
0.000812789
0.000785892
0.00075712
0.000727117
0.000696453
0.00066546
0.000634648
0.000604115
0.000574111
0.000545075
0.000516743
0.000489256
0.000463707
0.000440121
0.000418488
0.000399054
0.000382093
0.000367609
0.000355679
0.00034591
0.00033774
0.000330731
0.000324569
0.000319023
0.000313922
0.000309132
0.000304545
0.000300081
0.000295677
0.000291287
0.000286875
0.00028242
0.000277908
0.000273334
0.000268696
0.000263996
0.000259239
0.000254439
0.000249612
0.000244763
0.000239896
0.000235039
0.000230244
0.000225527
0.000220879
0.000216287
4.54809e-05
4.57813e-05
4.62723e-05
4.70834e-05
4.84202e-05
5.05524e-05
5.40454e-05
6.018e-05
7.18435e-05
9.45895e-05
0.000136485
0.000204166
0.000296332
0.000402044
0.000506816
0.000599739
0.000675865
0.000734587
0.000777346
0.000806218
0.000823322
0.000830595
0.000829742
0.000822245
0.000809391
0.000792293
0.000771905
0.000749041
0.000724399
0.000698533
0.000671967
0.000645055
0.000618113
0.000591483
0.000565297
0.000539717
0.000515178
0.000491921
0.000470099
0.000449893
0.000431498
0.000415029
0.000400554
0.000387972
0.000377047
0.000367517
0.000359131
0.000351672
0.000344955
0.000338822
0.000333139
0.000327797
0.000322704
0.000317787
0.000312988
0.000308263
0.000303579
0.000298915
0.000294256
0.000289593
0.000284923
0.000280249
0.000275576
0.000270911
0.000266257
0.000261627
0.000257038
0.000252504
0.000248032
0.000243626
4.53195e-05
4.55412e-05
4.58881e-05
4.64068e-05
4.72495e-05
4.84205e-05
5.00571e-05
5.24444e-05
5.62596e-05
6.29429e-05
7.52587e-05
9.77241e-05
0.000135963
0.000193972
0.000270599
0.000358626
0.000447908
0.000529708
0.000599
0.000654244
0.000696004
0.000725708
0.000744986
0.000755406
0.000758397
0.000755237
0.000747049
0.000734811
0.00071937
0.000701449
0.000681685
0.000660597
0.000638626
0.000616164
0.000593516
0.000570944
0.000548759
0.000527229
0.000506572
0.000486982
0.000468638
0.00045168
0.000436205
0.000422238
0.000409719
0.000398539
0.000388557
0.000379618
0.000371576
0.000364288
0.000357622
0.000351462
0.000345707
0.000340268
0.000335072
0.000330057
0.000325177
0.000320394
0.000315679
0.000311014
0.000306385
0.000301784
0.000297211
0.000292665
0.000288148
0.000283666
0.000279226
0.000274836
0.000270505
0.00026624
4.52387e-05
4.54248e-05
4.56878e-05
4.6008e-05
4.65985e-05
4.73107e-05
4.82462e-05
4.945e-05
5.10546e-05
5.33609e-05
5.69786e-05
6.30515e-05
7.35268e-05
9.12882e-05
0.000119794
0.000161801
0.000217603
0.000284078
0.000355475
0.000425443
0.000488888
0.000542808
0.000586157
0.000619211
0.000642919
0.000658463
0.000667023
0.000669692
0.00066745
0.000661162
0.000651598
0.000639426
0.000625222
0.000609489
0.000592656
0.000575096
0.000557156
0.00053915
0.000521353
0.000504004
0.000487313
0.000471454
0.000456563
0.000442731
0.000429996
0.000418353
0.000407756
0.000398134
0.000389397
0.000381447
0.000374184
0.000367508
0.000361326
0.000355551
0.000350107
0.000344928
0.000339956
0.000335144
0.000330456
0.000325861
0.000321338
0.00031687
0.000312448
0.000308067
0.000303723
0.000299416
0.00029515
0.000290929
0.000286758
0.000282642
4.51549e-05
4.53319e-05
4.55735e-05
4.58113e-05
4.62424e-05
4.67311e-05
4.73419e-05
4.80945e-05
4.90078e-05
5.01363e-05
5.15966e-05
5.36147e-05
5.6601e-05
6.12474e-05
6.86284e-05
8.02332e-05
9.78396e-05
0.000123134
0.000157105
0.000199472
0.000248445
0.000300998
0.000353591
0.00040296
0.000446695
0.000483439
0.000512764
0.000534914
0.000550513
0.000560345
0.00056523
0.000565947
0.000563201
0.000557621
0.000549761
0.000540109
0.0005291
0.000517124
0.000504525
0.00049161
0.000478645
0.000465857
0.000453435
0.00044153
0.000430249
0.000419664
0.000409807
0.000400681
0.000392266
0.00038452
0.000377388
0.000370809
0.000364716
0.000359043
0.000353726
0.000348704
0.000343923
0.000339337
0.000334903
0.000330589
0.000326366
0.000322214
0.000318116
0.000314062
0.000310045
0.000306059
0.000302105
0.000298183
0.000294295
0.000290445
4.49812e-05
4.51035e-05
4.53055e-05
4.55457e-05
4.58918e-05
4.62978e-05
4.67553e-05
4.72976e-05
4.79372e-05
4.86836e-05
4.95567e-05
5.05967e-05
5.18792e-05
5.35365e-05
5.5786e-05
5.89587e-05
6.35211e-05
7.00781e-05
7.93481e-05
9.21086e-05
0.000109088
0.000130784
0.00015725
0.000187944
0.000221725
0.000257015
0.00029207
0.000325269
0.000355312
0.00038132
0.000402853
0.000419839
0.000432475
0.000441132
0.000446274
0.000448391
0.000447968
0.000445463
0.000441298
0.000435853
0.000429465
0.000422429
0.000415001
0.000407393
0.000399781
0.000392304
0.000385065
0.00037814
0.000371572
0.000365386
0.000359583
0.000354153
0.00034907
0.000344304
0.000339818
0.000335576
0.000331538
0.000327668
0.000323934
0.000320305
0.000316756
0.000313266
0.000309817
0.000306397
0.000302997
0.000299609
0.00029623
0.000292859
0.000289497
0.000286144
4.4579e-05
4.46045e-05
4.46435e-05
4.46904e-05
4.47498e-05
4.47947e-05
4.48365e-05
4.48907e-05
4.50082e-05
4.51995e-05
4.54071e-05
4.57258e-05
4.6095e-05
4.65228e-05
4.70161e-05
4.75805e-05
4.82214e-05
4.89463e-05
4.97685e-05
5.07114e-05
5.18141e-05
5.31384e-05
5.47742e-05
5.68458e-05
5.95141e-05
6.29803e-05
6.74878e-05
7.3314e-05
8.07525e-05
9.00778e-05
0.000101497
0.000115102
0.000130819
0.000148387
0.000167366
0.000187162
0.000207109
0.000226548
0.000244887
0.000261659
0.000276536
0.000289334
0.000299992
0.000308552
0.000315136
0.000319918
0.000323105
0.000324916
0.000325574
0.000325288
0.000324255
0.00032265
0.000320626
0.000318314
0.000315819
0.000313226
0.000310599
0.000307982
0.000305406
0.000302887
0.000300431
0.000298038
0.000295699
0.000293405
0.000291142
0.000288898
0.00028666
0.000284416
0.000282155
0.000279871
0.000277556
0.000275207
0.000272822
0.000270399
0.00026794
0.000265447
4.45644e-05
4.45848e-05
4.46168e-05
4.4657e-05
4.47072e-05
4.47718e-05
4.48322e-05
4.49009e-05
4.4981e-05
4.50943e-05
4.52412e-05
4.54441e-05
4.5694e-05
4.59942e-05
4.63466e-05
4.67538e-05
4.72191e-05
4.77451e-05
4.83348e-05
4.89925e-05
4.97248e-05
5.05421e-05
5.14598e-05
5.24997e-05
5.36912e-05
5.50727e-05
5.66933e-05
5.86129e-05
6.09026e-05
6.36421e-05
6.69148e-05
7.08025e-05
7.53762e-05
8.06884e-05
8.67622e-05
9.35812e-05
0.000101087
0.000109182
0.000117734
0.000126592
0.000135595
0.000144585
0.000153413
0.000161948
0.000170084
0.000177738
0.000184851
0.000191386
0.000197323
0.000202659
0.000207405
0.000211585
0.00021523
0.000218382
0.000221084
0.000223381
0.000225319
0.000226938
0.000228277
0.000229368
0.000230239
0.000230913
0.000231408
0.000231738
0.000231913
0.000231942
0.000231831
0.000231585
0.000231207
0.000230702
0.000230074
0.000229325
0.000228461
0.000227487
0.000226406
0.000225226
4.45511e-05
4.45685e-05
4.45948e-05
4.46287e-05
4.46726e-05
4.47273e-05
4.47912e-05
4.48637e-05
4.49457e-05
4.50428e-05
4.51679e-05
4.53257e-05
4.55176e-05
4.57443e-05
4.601e-05
4.63168e-05
4.66662e-05
4.706e-05
4.75004e-05
4.79892e-05
4.85284e-05
4.91204e-05
4.97681e-05
5.04751e-05
5.12464e-05
5.20885e-05
5.30104e-05
5.4023e-05
5.51402e-05
5.63778e-05
5.77534e-05
5.92856e-05
6.09928e-05
6.2892e-05
6.49966e-05
6.73138e-05
6.98441e-05
7.25802e-05
7.55075e-05
7.86059e-05
8.18522e-05
8.52221e-05
8.86915e-05
9.22384e-05
9.58449e-05
9.94963e-05
0.000103181
0.000106889
0.000110609
0.000114329
0.000118036
0.000121714
0.000125346
0.000128914
0.000132401
0.00013579
0.000139068
0.000142218
0.00014523
0.000148093
0.000150799
0.000153342
0.000155716
0.000157917
0.000159944
0.000161796
0.000163472
0.000164973
0.0001663
0.000167457
0.000168446
0.000169272
0.000169938
0.000170451
0.000170816
0.000171037
4.45402e-05
4.45547e-05
4.45758e-05
4.46027e-05
4.46381e-05
4.46751e-05
4.47219e-05
4.4772e-05
4.48357e-05
4.49247e-05
4.5028e-05
4.5155e-05
4.53156e-05
4.55094e-05
4.57368e-05
4.59981e-05
4.62937e-05
4.6624e-05
4.69901e-05
4.7393e-05
4.78339e-05
4.83138e-05
4.88338e-05
4.9395e-05
4.99983e-05
5.06448e-05
5.13361e-05
5.20741e-05
5.28609e-05
5.36993e-05
5.45919e-05
5.55419e-05
5.65522e-05
5.76253e-05
5.87632e-05
5.99664e-05
6.12338e-05
6.25626e-05
6.3948e-05
6.53841e-05
6.68641e-05
6.83807e-05
6.99271e-05
7.14974e-05
7.30874e-05
7.46948e-05
7.63194e-05
7.79628e-05
7.96278e-05
8.13178e-05
8.30369e-05
8.47878e-05
8.65729e-05
8.83935e-05
9.02481e-05
9.21346e-05
9.40487e-05
9.59838e-05
9.79316e-05
9.98829e-05
0.000101828
0.000103755
0.000105653
0.000107512
0.000109319
0.000111067
0.000112745
0.000114344
0.000115859
0.000117284
0.000118613
0.000119843
0.000120972
0.000121998
0.00012292
0.000123738
4.4531e-05
4.45422e-05
4.45589e-05
4.45802e-05
4.46082e-05
4.46389e-05
4.46776e-05
4.47208e-05
4.47727e-05
4.48404e-05
4.49234e-05
4.5023e-05
4.51461e-05
4.52978e-05
4.54796e-05
4.56927e-05
4.59384e-05
4.62173e-05
4.65295e-05
4.68752e-05
4.72547e-05
4.7668e-05
4.81151e-05
4.85961e-05
4.91107e-05
4.96588e-05
5.02402e-05
5.08546e-05
5.15019e-05
5.21819e-05
5.28943e-05
5.36387e-05
5.44148e-05
5.52219e-05
5.60591e-05
5.69249e-05
5.78175e-05
5.87342e-05
5.96719e-05
6.06269e-05
6.15954e-05
6.25731e-05
6.35563e-05
6.45411e-05
6.55245e-05
6.65043e-05
6.74793e-05
6.84491e-05
6.94144e-05
7.03767e-05
7.13383e-05
7.23019e-05
7.32705e-05
7.42474e-05
7.52355e-05
7.62372e-05
7.72548e-05
7.82891e-05
7.93401e-05
8.0407e-05
8.14877e-05
8.25795e-05
8.36784e-05
8.47797e-05
8.58785e-05
8.69693e-05
8.80465e-05
8.91044e-05
9.01373e-05
9.11403e-05
9.21083e-05
9.3037e-05
9.39225e-05
9.47616e-05
9.55512e-05
9.62889e-05
4.45231e-05
4.45312e-05
4.4544e-05
4.45603e-05
4.45817e-05
4.46058e-05
4.46357e-05
4.46695e-05
4.47104e-05
4.47621e-05
4.48281e-05
4.49095e-05
4.50083e-05
4.51277e-05
4.52705e-05
4.54392e-05
4.56361e-05
4.58626e-05
4.61197e-05
4.6408e-05
4.67278e-05
4.70791e-05
4.74616e-05
4.78748e-05
4.83181e-05
4.87905e-05
4.92914e-05
4.98196e-05
5.03743e-05
5.09543e-05
5.15584e-05
5.21855e-05
5.28342e-05
5.35031e-05
5.41907e-05
5.48951e-05
5.56142e-05
5.63458e-05
5.70872e-05
5.78356e-05
5.85881e-05
5.93418e-05
6.00936e-05
6.08411e-05
6.15817e-05
6.23136e-05
6.30354e-05
6.37464e-05
6.44465e-05
6.5136e-05
6.5816e-05
6.64879e-05
6.71536e-05
6.78152e-05
6.84748e-05
6.91346e-05
6.97967e-05
7.04628e-05
7.1134e-05
7.18114e-05
7.24953e-05
7.31853e-05
7.38808e-05
7.45803e-05
7.52822e-05
7.59843e-05
7.6684e-05
7.73787e-05
7.80655e-05
7.87415e-05
7.94038e-05
8.00495e-05
8.0676e-05
8.12808e-05
8.18616e-05
8.24163e-05
4.45154e-05
4.45213e-05
4.45306e-05
4.45423e-05
4.45583e-05
4.4577e-05
4.46001e-05
4.46269e-05
4.46574e-05
4.46967e-05
4.4747e-05
4.48104e-05
4.48886e-05
4.49836e-05
4.50975e-05
4.52324e-05
4.53904e-05
4.55732e-05
4.57822e-05
4.60184e-05
4.62826e-05
4.65751e-05
4.6896e-05
4.72447e-05
4.76208e-05
4.80233e-05
4.84513e-05
4.89035e-05
4.93786e-05
4.98753e-05
5.03921e-05
5.09274e-05
5.14796e-05
5.20471e-05
5.2628e-05
5.32206e-05
5.38228e-05
5.44324e-05
5.50471e-05
5.56647e-05
5.62826e-05
5.68984e-05
5.751e-05
5.8115e-05
5.87118e-05
5.92986e-05
5.98744e-05
6.04386e-05
6.09909e-05
6.15315e-05
6.20611e-05
6.25807e-05
6.30916e-05
6.35955e-05
6.40941e-05
6.45889e-05
6.50818e-05
6.55741e-05
6.60673e-05
6.65621e-05
6.70594e-05
6.75593e-05
6.8062e-05
6.85668e-05
6.90732e-05
6.95801e-05
7.00863e-05
7.05902e-05
7.10903e-05
7.15848e-05
7.2072e-05
7.25501e-05
7.30172e-05
7.34718e-05
7.39121e-05
7.43367e-05
4.4496e-05
4.45071e-05
4.45125e-05
4.45183e-05
4.4526e-05
4.45376e-05
4.45519e-05
4.45697e-05
4.45907e-05
4.46144e-05
4.46444e-05
4.46825e-05
4.47306e-05
4.47906e-05
4.48644e-05
4.4954e-05
4.50611e-05
4.51874e-05
4.53346e-05
4.5504e-05
4.56968e-05
4.59139e-05
4.61558e-05
4.64227e-05
4.67146e-05
4.70308e-05
4.73708e-05
4.77336e-05
4.8118e-05
4.85227e-05
4.89464e-05
4.93874e-05
4.98442e-05
5.03152e-05
5.07986e-05
5.12926e-05
5.17954e-05
5.23052e-05
5.28199e-05
5.33375e-05
5.3856e-05
5.43732e-05
5.48872e-05
5.53959e-05
5.58978e-05
5.63911e-05
5.68747e-05
5.73475e-05
5.78091e-05
5.82591e-05
5.86978e-05
5.91257e-05
5.95435e-05
5.99523e-05
6.03536e-05
6.07485e-05
6.11386e-05
6.15254e-05
6.191e-05
6.22938e-05
6.26776e-05
6.30622e-05
6.34481e-05
6.38354e-05
6.4224e-05
6.46136e-05
6.50037e-05
6.53934e-05
6.57819e-05
6.61681e-05
6.65509e-05
6.69289e-05
6.7301e-05
6.76659e-05
6.80223e-05
6.8369e-05
6.8705e-05
4.449e-05
4.44995e-05
4.45044e-05
4.45067e-05
4.45112e-05
4.45195e-05
4.45306e-05
4.45446e-05
4.4561e-05
4.45797e-05
4.46027e-05
4.46316e-05
4.46681e-05
4.47138e-05
4.47704e-05
4.48398e-05
4.49235e-05
4.50233e-05
4.51406e-05
4.52769e-05
4.54332e-05
4.56105e-05
4.58094e-05
4.60304e-05
4.62733e-05
4.6538e-05
4.68238e-05
4.713e-05
4.74555e-05
4.77991e-05
4.81596e-05
4.85355e-05
4.89252e-05
4.93271e-05
4.97396e-05
5.0161e-05
5.05897e-05
5.10238e-05
5.14616e-05
5.19012e-05
5.23408e-05
5.27787e-05
5.3213e-05
5.36422e-05
5.40646e-05
5.44791e-05
5.48845e-05
5.52799e-05
5.56649e-05
5.60391e-05
5.64027e-05
5.6756e-05
5.70997e-05
5.74346e-05
5.77618e-05
5.80825e-05
5.83978e-05
5.8709e-05
5.90173e-05
5.93238e-05
5.96293e-05
5.99346e-05
6.02402e-05
6.05465e-05
6.08535e-05
6.11612e-05
6.14692e-05
6.17771e-05
6.20843e-05
6.239e-05
6.26934e-05
6.29937e-05
6.32899e-05
6.3581e-05
6.38662e-05
6.41444e-05
6.44149e-05
4.44828e-05
4.44937e-05
4.4496e-05
4.44955e-05
4.44978e-05
4.45041e-05
4.45129e-05
4.45239e-05
4.45368e-05
4.45518e-05
4.45691e-05
4.45912e-05
4.46189e-05
4.46535e-05
4.46967e-05
4.475e-05
4.48148e-05
4.48928e-05
4.49854e-05
4.50938e-05
4.52194e-05
4.5363e-05
4.55253e-05
4.57069e-05
4.59078e-05
4.61279e-05
4.6367e-05
4.66242e-05
4.68988e-05
4.71897e-05
4.74958e-05
4.78157e-05
4.8148e-05
4.84912e-05
4.88439e-05
4.92044e-05
4.95713e-05
4.99429e-05
5.03176e-05
5.06938e-05
5.10699e-05
5.14443e-05
5.18155e-05
5.21819e-05
5.25424e-05
5.28957e-05
5.32408e-05
5.3577e-05
5.39037e-05
5.42206e-05
5.45278e-05
5.48254e-05
5.51139e-05
5.5394e-05
5.56665e-05
5.59323e-05
5.61925e-05
5.64481e-05
5.67001e-05
5.69496e-05
5.71972e-05
5.74438e-05
5.769e-05
5.7936e-05
5.81822e-05
5.84287e-05
5.86752e-05
5.89216e-05
5.91674e-05
5.94123e-05
5.96555e-05
5.98966e-05
6.01347e-05
6.03693e-05
6.05995e-05
6.08246e-05
6.1044e-05
4.44649e-05
4.44744e-05
4.44884e-05
4.44874e-05
4.44851e-05
4.44862e-05
4.4491e-05
4.44981e-05
4.4507e-05
4.45174e-05
4.45293e-05
4.45431e-05
4.45602e-05
4.45813e-05
4.46076e-05
4.46405e-05
4.46812e-05
4.4731e-05
4.47914e-05
4.48638e-05
4.49493e-05
4.50491e-05
4.51642e-05
4.52955e-05
4.54433e-05
4.56081e-05
4.57899e-05
4.59884e-05
4.62032e-05
4.64336e-05
4.66787e-05
4.69376e-05
4.72091e-05
4.7492e-05
4.77849e-05
4.80866e-05
4.83955e-05
4.87103e-05
4.90296e-05
4.9352e-05
4.96759e-05
4.99999e-05
5.03227e-05
5.06429e-05
5.09592e-05
5.12704e-05
5.15754e-05
5.18734e-05
5.21636e-05
5.24454e-05
5.27186e-05
5.29829e-05
5.32386e-05
5.34858e-05
5.3725e-05
5.39568e-05
5.41821e-05
5.44015e-05
5.4616e-05
5.48264e-05
5.50336e-05
5.52383e-05
5.54412e-05
5.56428e-05
5.58437e-05
5.6044e-05
5.62441e-05
5.64438e-05
5.66432e-05
5.6842e-05
5.70399e-05
5.72366e-05
5.74315e-05
5.76243e-05
5.78145e-05
5.80013e-05
5.81844e-05
5.83632e-05
4.44611e-05
4.44666e-05
4.44827e-05
4.44789e-05
4.44756e-05
4.44761e-05
4.448e-05
4.44859e-05
4.44932e-05
4.45016e-05
4.45113e-05
4.45224e-05
4.45354e-05
4.45516e-05
4.45718e-05
4.45969e-05
4.4628e-05
4.46663e-05
4.47129e-05
4.47691e-05
4.4836e-05
4.49147e-05
4.50062e-05
4.51114e-05
4.52307e-05
4.53648e-05
4.55136e-05
4.56772e-05
4.58553e-05
4.60475e-05
4.62529e-05
4.64709e-05
4.67005e-05
4.69406e-05
4.71901e-05
4.74479e-05
4.77126e-05
4.79831e-05
4.8258e-05
4.85361e-05
4.88162e-05
4.90968e-05
4.93769e-05
4.96551e-05
4.99304e-05
5.02016e-05
5.04678e-05
5.07281e-05
5.09818e-05
5.12283e-05
5.14674e-05
5.16986e-05
5.19221e-05
5.21379e-05
5.23464e-05
5.25478e-05
5.27429e-05
5.29321e-05
5.31162e-05
5.32959e-05
5.34719e-05
5.36448e-05
5.38152e-05
5.39837e-05
5.41508e-05
5.43167e-05
5.44817e-05
5.4646e-05
5.48095e-05
5.49722e-05
5.51339e-05
5.52945e-05
5.54536e-05
5.56109e-05
5.5766e-05
5.59186e-05
5.60683e-05
5.62146e-05
4.44572e-05
4.44603e-05
4.44764e-05
4.44707e-05
4.4467e-05
4.44674e-05
4.44708e-05
4.44759e-05
4.44819e-05
4.44888e-05
4.44967e-05
4.45057e-05
4.45161e-05
4.45288e-05
4.45444e-05
4.45636e-05
4.45873e-05
4.46166e-05
4.46523e-05
4.46957e-05
4.47476e-05
4.48092e-05
4.48814e-05
4.49649e-05
4.50605e-05
4.51686e-05
4.52895e-05
4.54233e-05
4.557e-05
4.57291e-05
4.59003e-05
4.60829e-05
4.62762e-05
4.64793e-05
4.66913e-05
4.69111e-05
4.71377e-05
4.73701e-05
4.7607e-05
4.78474e-05
4.80902e-05
4.83341e-05
4.85782e-05
4.88213e-05
4.90623e-05
4.93004e-05
4.95346e-05
4.9764e-05
4.99881e-05
5.02062e-05
5.04179e-05
5.0623e-05
5.08212e-05
5.10125e-05
5.11972e-05
5.13754e-05
5.15475e-05
5.17139e-05
5.18752e-05
5.20319e-05
5.21846e-05
5.23337e-05
5.248e-05
5.26237e-05
5.27654e-05
5.29054e-05
5.30439e-05
5.31812e-05
5.33173e-05
5.34524e-05
5.35862e-05
5.37188e-05
5.385e-05
5.39795e-05
5.41072e-05
5.42327e-05
5.43559e-05
5.44763e-05
4.44533e-05
4.44547e-05
4.44699e-05
4.44631e-05
4.44595e-05
4.44599e-05
4.4463e-05
4.44675e-05
4.44726e-05
4.44784e-05
4.44848e-05
4.44922e-05
4.45007e-05
4.45105e-05
4.45226e-05
4.45373e-05
4.45555e-05
4.45778e-05
4.46052e-05
4.46385e-05
4.46786e-05
4.47264e-05
4.47828e-05
4.48486e-05
4.49245e-05
4.50109e-05
4.51084e-05
4.5217e-05
4.53368e-05
4.54678e-05
4.56095e-05
4.57616e-05
4.59236e-05
4.60946e-05
4.62741e-05
4.64611e-05
4.66547e-05
4.68541e-05
4.70582e-05
4.72661e-05
4.74768e-05
4.76893e-05
4.79027e-05
4.81159e-05
4.83279e-05
4.8538e-05
4.87453e-05
4.8949e-05
4.91484e-05
4.9343e-05
4.95322e-05
4.97159e-05
4.98936e-05
5.00653e-05
5.02311e-05
5.03909e-05
5.05451e-05
5.06939e-05
5.08376e-05
5.09768e-05
5.11117e-05
5.12429e-05
5.13707e-05
5.14957e-05
5.16182e-05
5.17385e-05
5.18568e-05
5.19735e-05
5.20886e-05
5.22023e-05
5.23146e-05
5.24255e-05
5.25349e-05
5.26427e-05
5.27487e-05
5.28529e-05
5.29549e-05
5.30547e-05
4.44495e-05
4.44497e-05
4.44634e-05
4.4456e-05
4.44528e-05
4.44535e-05
4.44565e-05
4.44604e-05
4.44648e-05
4.44697e-05
4.4475e-05
4.4481e-05
4.44879e-05
4.44958e-05
4.45052e-05
4.45167e-05
4.45306e-05
4.45477e-05
4.45686e-05
4.4594e-05
4.46248e-05
4.46617e-05
4.47054e-05
4.47568e-05
4.48165e-05
4.4885e-05
4.49628e-05
4.50502e-05
4.51474e-05
4.52543e-05
4.53708e-05
4.54967e-05
4.56316e-05
4.57749e-05
4.59261e-05
4.60846e-05
4.62495e-05
4.64202e-05
4.65958e-05
4.67754e-05
4.69583e-05
4.71435e-05
4.73302e-05
4.75175e-05
4.77046e-05
4.78906e-05
4.80747e-05
4.82563e-05
4.84347e-05
4.86093e-05
4.87796e-05
4.89453e-05
4.91059e-05
4.92614e-05
4.94116e-05
4.95566e-05
4.96963e-05
4.9831e-05
4.99608e-05
5.00862e-05
5.02073e-05
5.03245e-05
5.04382e-05
5.05488e-05
5.06565e-05
5.07616e-05
5.08645e-05
5.09653e-05
5.10643e-05
5.11615e-05
5.1257e-05
5.1351e-05
5.14434e-05
5.15341e-05
5.16231e-05
5.17104e-05
5.17957e-05
5.18791e-05
4.44459e-05
4.4445e-05
4.44571e-05
4.44496e-05
4.4447e-05
4.4448e-05
4.44509e-05
4.44545e-05
4.44583e-05
4.44623e-05
4.44667e-05
4.44717e-05
4.44772e-05
4.44836e-05
4.44909e-05
4.44999e-05
4.45106e-05
4.45236e-05
4.45395e-05
4.45588e-05
4.45823e-05
4.46105e-05
4.46442e-05
4.4684e-05
4.47305e-05
4.47844e-05
4.4846e-05
4.49157e-05
4.49938e-05
4.50803e-05
4.51754e-05
4.52788e-05
4.53904e-05
4.55098e-05
4.56366e-05
4.57702e-05
4.59101e-05
4.60557e-05
4.62063e-05
4.63612e-05
4.65197e-05
4.66809e-05
4.68443e-05
4.70088e-05
4.71739e-05
4.73388e-05
4.75027e-05
4.76649e-05
4.78249e-05
4.79821e-05
4.81359e-05
4.8286e-05
4.8432e-05
4.85735e-05
4.87106e-05
4.88429e-05
4.89706e-05
4.90937e-05
4.92122e-05
4.93264e-05
4.94365e-05
4.95427e-05
4.96453e-05
4.97446e-05
4.98408e-05
4.99343e-05
5.00251e-05
5.01137e-05
5.02001e-05
5.02846e-05
5.03672e-05
5.0448e-05
5.0527e-05
5.06044e-05
5.06801e-05
5.0754e-05
5.08262e-05
5.08965e-05
4.44426e-05
4.44407e-05
4.44512e-05
4.44439e-05
4.44421e-05
4.44434e-05
4.44461e-05
4.44493e-05
4.44526e-05
4.4456e-05
4.44596e-05
4.44636e-05
4.44681e-05
4.44731e-05
4.4479e-05
4.44858e-05
4.4494e-05
4.4504e-05
4.4516e-05
4.45307e-05
4.45484e-05
4.45699e-05
4.45956e-05
4.46261e-05
4.46621e-05
4.4704e-05
4.47523e-05
4.48074e-05
4.48696e-05
4.49391e-05
4.5016e-05
4.51003e-05
4.51919e-05
4.52907e-05
4.53962e-05
4.55083e-05
4.56263e-05
4.575e-05
4.58786e-05
4.60117e-05
4.61486e-05
4.62886e-05
4.64312e-05
4.65756e-05
4.67211e-05
4.68671e-05
4.70129e-05
4.71579e-05
4.73015e-05
4.7443e-05
4.75822e-05
4.77183e-05
4.78512e-05
4.79805e-05
4.81059e-05
4.82273e-05
4.83445e-05
4.84576e-05
4.85665e-05
4.86714e-05
4.87724e-05
4.88696e-05
4.89632e-05
4.90534e-05
4.91405e-05
4.92247e-05
4.93062e-05
4.93852e-05
4.94618e-05
4.95363e-05
4.96088e-05
4.96793e-05
4.9748e-05
4.9815e-05
4.98801e-05
4.99436e-05
5.00053e-05
5.00653e-05
4.44395e-05
4.44368e-05
4.44457e-05
4.4439e-05
4.44378e-05
4.44394e-05
4.4442e-05
4.44448e-05
4.44476e-05
4.44504e-05
4.44534e-05
4.44566e-05
4.44602e-05
4.44642e-05
4.44688e-05
4.44741e-05
4.44803e-05
4.44879e-05
4.44969e-05
4.4508e-05
4.45213e-05
4.45375e-05
4.45569e-05
4.45801e-05
4.46076e-05
4.46399e-05
4.46774e-05
4.47205e-05
4.47695e-05
4.48248e-05
4.48864e-05
4.49545e-05
4.50291e-05
4.51102e-05
4.51974e-05
4.52907e-05
4.53897e-05
4.54941e-05
4.56034e-05
4.57171e-05
4.58349e-05
4.5956e-05
4.608e-05
4.62063e-05
4.63342e-05
4.64632e-05
4.65926e-05
4.67219e-05
4.68505e-05
4.69779e-05
4.71035e-05
4.7227e-05
4.73479e-05
4.74659e-05
4.75807e-05
4.7692e-05
4.77998e-05
4.79039e-05
4.80043e-05
4.8101e-05
4.8194e-05
4.82834e-05
4.83694e-05
4.84521e-05
4.85317e-05
4.86083e-05
4.86822e-05
4.87535e-05
4.88223e-05
4.88889e-05
4.89534e-05
4.90158e-05
4.90763e-05
4.9135e-05
4.91919e-05
4.92471e-05
4.93006e-05
4.93525e-05
4.44366e-05
4.44332e-05
4.44408e-05
4.44347e-05
4.44343e-05
4.4436e-05
4.44384e-05
4.44408e-05
4.44431e-05
4.44454e-05
4.44478e-05
4.44504e-05
4.44533e-05
4.44564e-05
4.446e-05
4.44641e-05
4.44689e-05
4.44745e-05
4.44813e-05
4.44895e-05
4.44994e-05
4.45114e-05
4.45259e-05
4.45434e-05
4.45641e-05
4.45887e-05
4.46174e-05
4.46508e-05
4.4689e-05
4.47325e-05
4.47814e-05
4.48359e-05
4.48961e-05
4.4962e-05
4.50336e-05
4.51107e-05
4.51931e-05
4.52805e-05
4.53728e-05
4.54694e-05
4.55701e-05
4.56743e-05
4.57817e-05
4.58916e-05
4.60035e-05
4.6117e-05
4.62315e-05
4.63464e-05
4.64612e-05
4.65755e-05
4.66887e-05
4.68003e-05
4.69101e-05
4.70176e-05
4.71225e-05
4.72246e-05
4.73236e-05
4.74194e-05
4.7512e-05
4.76012e-05
4.76871e-05
4.77697e-05
4.78491e-05
4.79253e-05
4.79985e-05
4.80688e-05
4.81363e-05
4.82013e-05
4.82638e-05
4.8324e-05
4.8382e-05
4.84379e-05
4.8492e-05
4.85441e-05
4.85945e-05
4.86431e-05
4.86901e-05
4.87354e-05
4.4434e-05
4.44301e-05
4.44363e-05
4.44312e-05
4.44314e-05
4.44332e-05
4.44353e-05
4.44373e-05
4.44391e-05
4.4441e-05
4.4443e-05
4.44451e-05
4.44473e-05
4.44498e-05
4.44526e-05
4.44557e-05
4.44593e-05
4.44635e-05
4.44685e-05
4.44746e-05
4.44818e-05
4.44906e-05
4.45013e-05
4.45142e-05
4.45297e-05
4.45481e-05
4.45698e-05
4.45953e-05
4.46247e-05
4.46585e-05
4.46969e-05
4.474e-05
4.47881e-05
4.48411e-05
4.48992e-05
4.49623e-05
4.50303e-05
4.51031e-05
4.51803e-05
4.52618e-05
4.53473e-05
4.54364e-05
4.55287e-05
4.56238e-05
4.57212e-05
4.58206e-05
4.59213e-05
4.60229e-05
4.6125e-05
4.6227e-05
4.63286e-05
4.64292e-05
4.65285e-05
4.66262e-05
4.67219e-05
4.68152e-05
4.69061e-05
4.69943e-05
4.70797e-05
4.71621e-05
4.72416e-05
4.73181e-05
4.73915e-05
4.74621e-05
4.75298e-05
4.75947e-05
4.7657e-05
4.77167e-05
4.7774e-05
4.7829e-05
4.78818e-05
4.79325e-05
4.79813e-05
4.80283e-05
4.80734e-05
4.81168e-05
4.81586e-05
4.81988e-05
4.44317e-05
4.44274e-05
4.44324e-05
4.44284e-05
4.4429e-05
4.44307e-05
4.44324e-05
4.44341e-05
4.44356e-05
4.44371e-05
4.44387e-05
4.44404e-05
4.44422e-05
4.44441e-05
4.44463e-05
4.44487e-05
4.44514e-05
4.44545e-05
4.44582e-05
4.44626e-05
4.44678e-05
4.44742e-05
4.4482e-05
4.44914e-05
4.45027e-05
4.45163e-05
4.45325e-05
4.45517e-05
4.4574e-05
4.45999e-05
4.46296e-05
4.46633e-05
4.47012e-05
4.47434e-05
4.47901e-05
4.48412e-05
4.48967e-05
4.49566e-05
4.50207e-05
4.50889e-05
4.51609e-05
4.52364e-05
4.53152e-05
4.53969e-05
4.5481e-05
4.55674e-05
4.56554e-05
4.57447e-05
4.58349e-05
4.59255e-05
4.60161e-05
4.61063e-05
4.61957e-05
4.6284e-05
4.63709e-05
4.6456e-05
4.65391e-05
4.662e-05
4.66986e-05
4.67746e-05
4.6848e-05
4.69188e-05
4.69869e-05
4.70523e-05
4.71151e-05
4.71753e-05
4.7233e-05
4.72882e-05
4.73411e-05
4.73918e-05
4.74403e-05
4.74868e-05
4.75313e-05
4.7574e-05
4.7615e-05
4.76542e-05
4.76919e-05
4.7728e-05
4.44298e-05
4.44251e-05
4.44291e-05
4.44262e-05
4.44271e-05
4.44285e-05
4.44299e-05
4.44312e-05
4.44324e-05
4.44337e-05
4.44349e-05
4.44363e-05
4.44378e-05
4.44393e-05
4.4441e-05
4.44428e-05
4.44449e-05
4.44472e-05
4.44499e-05
4.4453e-05
4.44568e-05
4.44614e-05
4.44669e-05
4.44737e-05
4.44819e-05
4.44918e-05
4.45037e-05
4.45178e-05
4.45346e-05
4.45541e-05
4.45768e-05
4.46027e-05
4.46322e-05
4.46654e-05
4.47024e-05
4.47434e-05
4.47882e-05
4.4837e-05
4.48897e-05
4.49461e-05
4.50061e-05
4.50696e-05
4.51362e-05
4.52058e-05
4.52779e-05
4.53523e-05
4.54287e-05
4.55065e-05
4.55856e-05
4.56654e-05
4.57457e-05
4.58259e-05
4.59059e-05
4.59851e-05
4.60635e-05
4.61405e-05
4.6216e-05
4.62898e-05
4.63616e-05
4.64314e-05
4.64989e-05
4.65642e-05
4.66271e-05
4.66876e-05
4.67457e-05
4.68014e-05
4.68549e-05
4.6906e-05
4.6955e-05
4.70018e-05
4.70466e-05
4.70894e-05
4.71304e-05
4.71695e-05
4.7207e-05
4.72428e-05
4.7277e-05
4.73097e-05
4.44283e-05
4.44234e-05
4.44263e-05
4.44246e-05
4.44255e-05
4.44266e-05
4.44277e-05
4.44287e-05
4.44297e-05
4.44307e-05
4.44317e-05
4.44328e-05
4.4434e-05
4.44353e-05
4.44366e-05
4.4438e-05
4.44395e-05
4.44413e-05
4.44432e-05
4.44455e-05
4.44482e-05
4.44514e-05
4.44553e-05
4.44601e-05
4.44659e-05
4.4473e-05
4.44816e-05
4.44919e-05
4.45042e-05
4.45188e-05
4.45358e-05
4.45556e-05
4.45782e-05
4.4604e-05
4.4633e-05
4.46654e-05
4.47012e-05
4.47405e-05
4.47833e-05
4.48295e-05
4.48791e-05
4.49318e-05
4.49877e-05
4.50463e-05
4.51076e-05
4.51711e-05
4.52367e-05
4.53041e-05
4.53728e-05
4.54425e-05
4.5513e-05
4.55838e-05
4.56547e-05
4.57253e-05
4.57953e-05
4.58645e-05
4.59326e-05
4.59993e-05
4.60646e-05
4.61281e-05
4.61898e-05
4.62496e-05
4.63074e-05
4.63631e-05
4.64166e-05
4.64681e-05
4.65174e-05
4.65647e-05
4.661e-05
4.66533e-05
4.66946e-05
4.67341e-05
4.67719e-05
4.68079e-05
4.68422e-05
4.68751e-05
4.69064e-05
4.69362e-05
4.44275e-05
4.4422e-05
4.44241e-05
4.44234e-05
4.44242e-05
4.4425e-05
4.44258e-05
4.44266e-05
4.44273e-05
4.44281e-05
4.4429e-05
4.44299e-05
4.44308e-05
4.44318e-05
4.44329e-05
4.4434e-05
4.44351e-05
4.44364e-05
4.44379e-05
4.44395e-05
4.44414e-05
4.44436e-05
4.44464e-05
4.44497e-05
4.44538e-05
4.44588e-05
4.44649e-05
4.44723e-05
4.44813e-05
4.44919e-05
4.45046e-05
4.45194e-05
4.45366e-05
4.45563e-05
4.45787e-05
4.46041e-05
4.46323e-05
4.46636e-05
4.4698e-05
4.47355e-05
4.4776e-05
4.48194e-05
4.48657e-05
4.49147e-05
4.49662e-05
4.502e-05
4.50758e-05
4.51335e-05
4.51926e-05
4.5253e-05
4.53143e-05
4.53763e-05
4.54385e-05
4.55009e-05
4.5563e-05
4.56246e-05
4.56855e-05
4.57454e-05
4.58042e-05
4.58616e-05
4.59176e-05
4.59719e-05
4.60246e-05
4.60755e-05
4.61246e-05
4.61718e-05
4.62172e-05
4.62607e-05
4.63024e-05
4.63423e-05
4.63804e-05
4.64168e-05
4.64515e-05
4.64846e-05
4.65162e-05
4.65463e-05
4.65749e-05
4.66023e-05
4.44276e-05
4.44211e-05
4.44224e-05
4.44226e-05
4.4423e-05
4.44236e-05
4.44242e-05
4.44248e-05
4.44254e-05
4.4426e-05
4.44266e-05
4.44274e-05
4.44281e-05
4.44289e-05
4.44297e-05
4.44306e-05
4.44315e-05
4.44325e-05
4.44335e-05
4.44347e-05
4.44361e-05
4.44376e-05
4.44395e-05
4.44419e-05
4.44447e-05
4.44482e-05
4.44525e-05
4.44577e-05
4.44641e-05
4.44718e-05
4.44811e-05
4.44921e-05
4.45049e-05
4.45199e-05
4.45371e-05
4.45566e-05
4.45787e-05
4.46034e-05
4.46307e-05
4.46608e-05
4.46935e-05
4.47289e-05
4.47669e-05
4.48074e-05
4.48503e-05
4.48953e-05
4.49424e-05
4.49913e-05
4.50417e-05
4.50935e-05
4.51463e-05
4.52e-05
4.52542e-05
4.53086e-05
4.53632e-05
4.54175e-05
4.54714e-05
4.55247e-05
4.55771e-05
4.56286e-05
4.56789e-05
4.57279e-05
4.57755e-05
4.58216e-05
4.58662e-05
4.59092e-05
4.59506e-05
4.59903e-05
4.60284e-05
4.60649e-05
4.60998e-05
4.61332e-05
4.6165e-05
4.61953e-05
4.62242e-05
4.62517e-05
4.62779e-05
4.63029e-05
4.44283e-05
4.44207e-05
4.44211e-05
4.44219e-05
4.44221e-05
4.44224e-05
4.44229e-05
4.44233e-05
4.44238e-05
4.44242e-05
4.44247e-05
4.44253e-05
4.44258e-05
4.44265e-05
4.44271e-05
4.44278e-05
4.44285e-05
4.44293e-05
4.443e-05
4.44309e-05
4.44319e-05
4.4433e-05
4.44343e-05
4.44359e-05
4.44379e-05
4.44403e-05
4.44433e-05
4.4447e-05
4.44515e-05
4.44571e-05
4.44638e-05
4.44718e-05
4.44814e-05
4.44926e-05
4.45056e-05
4.45206e-05
4.45377e-05
4.45569e-05
4.45785e-05
4.46023e-05
4.46286e-05
4.46571e-05
4.4688e-05
4.47212e-05
4.47565e-05
4.47939e-05
4.48332e-05
4.48742e-05
4.49168e-05
4.49608e-05
4.50058e-05
4.50518e-05
4.50985e-05
4.51457e-05
4.5193e-05
4.52405e-05
4.52877e-05
4.53345e-05
4.53808e-05
4.54264e-05
4.54711e-05
4.55148e-05
4.55573e-05
4.55987e-05
4.56388e-05
4.56775e-05
4.57148e-05
4.57508e-05
4.57853e-05
4.58184e-05
4.585e-05
4.58803e-05
4.59092e-05
4.59368e-05
4.5963e-05
4.59881e-05
4.60118e-05
4.60345e-05
4.44205e-05
4.44202e-05
4.44213e-05
4.44213e-05
4.44215e-05
4.44218e-05
4.44221e-05
4.44225e-05
4.44228e-05
4.44231e-05
4.44235e-05
4.4424e-05
4.44244e-05
4.44249e-05
4.44255e-05
4.4426e-05
4.44266e-05
4.44272e-05
4.44279e-05
4.44286e-05
4.44294e-05
4.44303e-05
4.44315e-05
4.44328e-05
4.44345e-05
4.44366e-05
4.44392e-05
4.44425e-05
4.44464e-05
4.44513e-05
4.44572e-05
4.44642e-05
4.44726e-05
4.44824e-05
4.44938e-05
4.45069e-05
4.45219e-05
4.45387e-05
4.45575e-05
4.45784e-05
4.46012e-05
4.46261e-05
4.46531e-05
4.46819e-05
4.47127e-05
4.47452e-05
4.47793e-05
4.48149e-05
4.48518e-05
4.48899e-05
4.49289e-05
4.49687e-05
4.50091e-05
4.50498e-05
4.50907e-05
4.51316e-05
4.51724e-05
4.52127e-05
4.52526e-05
4.52919e-05
4.53303e-05
4.53679e-05
4.54046e-05
4.54401e-05
4.54746e-05
4.55079e-05
4.554e-05
4.55709e-05
4.56005e-05
4.56289e-05
4.5656e-05
4.5682e-05
4.57068e-05
4.57304e-05
4.57528e-05
4.57742e-05
4.57945e-05
4.44204e-05
4.44197e-05
4.44208e-05
4.44207e-05
4.44208e-05
4.4421e-05
4.44212e-05
4.44214e-05
4.44216e-05
4.44218e-05
4.44221e-05
4.44224e-05
4.44228e-05
4.44231e-05
4.44236e-05
4.4424e-05
4.44245e-05
4.44249e-05
4.44254e-05
4.4426e-05
4.44266e-05
4.44273e-05
4.44281e-05
4.44291e-05
4.44304e-05
4.44319e-05
4.44337e-05
4.44361e-05
4.44389e-05
4.44425e-05
4.44468e-05
4.4452e-05
4.44583e-05
4.44657e-05
4.44743e-05
4.44844e-05
4.44959e-05
4.4509e-05
4.45238e-05
4.45403e-05
4.45585e-05
4.45785e-05
4.46002e-05
4.46236e-05
4.46487e-05
4.46753e-05
4.47035e-05
4.4733e-05
4.47637e-05
4.47956e-05
4.48283e-05
4.48619e-05
4.48961e-05
4.49307e-05
4.49656e-05
4.50007e-05
4.50357e-05
4.50705e-05
4.51049e-05
4.5139e-05
4.51724e-05
4.52052e-05
4.52372e-05
4.52683e-05
4.52985e-05
4.53278e-05
4.5356e-05
4.53832e-05
4.54094e-05
4.54345e-05
4.54585e-05
4.54815e-05
4.55034e-05
4.55243e-05
4.55442e-05
4.55631e-05
4.5581e-05
4.44202e-05
4.44194e-05
4.44202e-05
4.44201e-05
4.44202e-05
4.44203e-05
4.44205e-05
4.44206e-05
4.44207e-05
4.44208e-05
4.4421e-05
4.44212e-05
4.44214e-05
4.44217e-05
4.4422e-05
4.44224e-05
4.44227e-05
4.44231e-05
4.44235e-05
4.4424e-05
4.44245e-05
4.4425e-05
4.44257e-05
4.44265e-05
4.44274e-05
4.44285e-05
4.44299e-05
4.44316e-05
4.44338e-05
4.44364e-05
4.44396e-05
4.44436e-05
4.44483e-05
4.44539e-05
4.44605e-05
4.44683e-05
4.44772e-05
4.44874e-05
4.4499e-05
4.4512e-05
4.45265e-05
4.45425e-05
4.45599e-05
4.45788e-05
4.45991e-05
4.46209e-05
4.46439e-05
4.46682e-05
4.46936e-05
4.472e-05
4.47473e-05
4.47753e-05
4.4804e-05
4.48331e-05
4.48626e-05
4.48922e-05
4.49219e-05
4.49515e-05
4.4981e-05
4.501e-05
4.50387e-05
4.50668e-05
4.50944e-05
4.51212e-05
4.51473e-05
4.51726e-05
4.5197e-05
4.52206e-05
4.52433e-05
4.52651e-05
4.5286e-05
4.5306e-05
4.53251e-05
4.53432e-05
4.53605e-05
4.5377e-05
4.53925e-05
4.442e-05
4.44191e-05
4.44198e-05
4.44196e-05
4.44197e-05
4.44198e-05
4.44199e-05
4.442e-05
4.442e-05
4.442e-05
4.44201e-05
4.44202e-05
4.44204e-05
4.44206e-05
4.44208e-05
4.44211e-05
4.44214e-05
4.44217e-05
4.44221e-05
4.44225e-05
4.44229e-05
4.44234e-05
4.44239e-05
4.44246e-05
4.44253e-05
4.44262e-05
4.44273e-05
4.44287e-05
4.44304e-05
4.44324e-05
4.44349e-05
4.44379e-05
4.44415e-05
4.44459e-05
4.4451e-05
4.4457e-05
4.4464e-05
4.44721e-05
4.44812e-05
4.44915e-05
4.45031e-05
4.45158e-05
4.45298e-05
4.45451e-05
4.45615e-05
4.45792e-05
4.4598e-05
4.46178e-05
4.46387e-05
4.46604e-05
4.4683e-05
4.47062e-05
4.473e-05
4.47543e-05
4.47789e-05
4.48037e-05
4.48286e-05
4.48535e-05
4.48783e-05
4.49028e-05
4.4927e-05
4.49508e-05
4.49741e-05
4.49969e-05
4.50191e-05
4.50406e-05
4.50614e-05
4.50815e-05
4.51009e-05
4.51194e-05
4.51372e-05
4.51543e-05
4.51705e-05
4.5186e-05
4.52007e-05
4.52146e-05
4.52277e-05
4.44197e-05
4.44188e-05
4.44193e-05
4.44192e-05
4.44193e-05
4.44194e-05
4.44195e-05
4.44195e-05
4.44195e-05
4.44194e-05
4.44194e-05
4.44195e-05
4.44196e-05
4.44197e-05
4.44199e-05
4.44201e-05
4.44204e-05
4.44207e-05
4.4421e-05
4.44214e-05
4.44218e-05
4.44222e-05
4.44227e-05
4.44233e-05
4.44239e-05
4.44247e-05
4.44257e-05
4.44268e-05
4.44282e-05
4.44298e-05
4.44318e-05
4.44342e-05
4.44371e-05
4.44406e-05
4.44447e-05
4.44495e-05
4.4455e-05
4.44615e-05
4.44688e-05
4.4477e-05
4.44862e-05
4.44965e-05
4.45078e-05
4.45201e-05
4.45335e-05
4.45478e-05
4.45631e-05
4.45793e-05
4.45964e-05
4.46142e-05
4.46328e-05
4.46519e-05
4.46715e-05
4.46916e-05
4.47119e-05
4.47325e-05
4.47532e-05
4.47739e-05
4.47945e-05
4.48149e-05
4.48351e-05
4.4855e-05
4.48745e-05
4.48935e-05
4.4912e-05
4.493e-05
4.49474e-05
4.49642e-05
4.49804e-05
4.49959e-05
4.50108e-05
4.5025e-05
4.50385e-05
4.50513e-05
4.50634e-05
4.50749e-05
4.50856e-05
4.44193e-05
4.44184e-05
4.44188e-05
4.44188e-05
4.4419e-05
4.44191e-05
4.44191e-05
4.44191e-05
4.4419e-05
4.4419e-05
4.44189e-05
4.44189e-05
4.4419e-05
4.44191e-05
4.44193e-05
4.44195e-05
4.44197e-05
4.442e-05
4.44203e-05
4.44207e-05
4.4421e-05
4.44215e-05
4.44219e-05
4.44225e-05
4.44231e-05
4.44238e-05
4.44247e-05
4.44257e-05
4.44269e-05
4.44283e-05
4.443e-05
4.4432e-05
4.44344e-05
4.44372e-05
4.44406e-05
4.44445e-05
4.4449e-05
4.44542e-05
4.44602e-05
4.44669e-05
4.44744e-05
4.44827e-05
4.44919e-05
4.45019e-05
4.45128e-05
4.45245e-05
4.4537e-05
4.45502e-05
4.45642e-05
4.45788e-05
4.4594e-05
4.46097e-05
4.46258e-05
4.46423e-05
4.46591e-05
4.4676e-05
4.46931e-05
4.47101e-05
4.47271e-05
4.4744e-05
4.47606e-05
4.4777e-05
4.47931e-05
4.48088e-05
4.4824e-05
4.48388e-05
4.48531e-05
4.48669e-05
4.48801e-05
4.48928e-05
4.49049e-05
4.49164e-05
4.49273e-05
4.49376e-05
4.49472e-05
4.49563e-05
4.49648e-05
4.44188e-05
4.4418e-05
4.44184e-05
4.44185e-05
4.44186e-05
4.44187e-05
4.44188e-05
4.44188e-05
4.44187e-05
4.44186e-05
4.44186e-05
4.44186e-05
4.44186e-05
4.44188e-05
4.4419e-05
4.44192e-05
4.44195e-05
4.44198e-05
4.44201e-05
4.44204e-05
4.44208e-05
4.44212e-05
4.44216e-05
4.44221e-05
4.44227e-05
4.44234e-05
4.44242e-05
4.44251e-05
4.44262e-05
4.44274e-05
4.44289e-05
4.44307e-05
4.44327e-05
4.44352e-05
4.4438e-05
4.44413e-05
4.4445e-05
4.44494e-05
4.44543e-05
4.44598e-05
4.4466e-05
4.44729e-05
4.44804e-05
4.44887e-05
4.44976e-05
4.45072e-05
4.45175e-05
4.45284e-05
4.45398e-05
4.45518e-05
4.45643e-05
4.45772e-05
4.45904e-05
4.4604e-05
4.46177e-05
4.46316e-05
4.46456e-05
4.46596e-05
4.46735e-05
4.46873e-05
4.47009e-05
4.47143e-05
4.47274e-05
4.47402e-05
4.47525e-05
4.47645e-05
4.47761e-05
4.47871e-05
4.47977e-05
4.48078e-05
4.48174e-05
4.48264e-05
4.48349e-05
4.48428e-05
4.48502e-05
4.48571e-05
4.48634e-05
4.44183e-05
4.44176e-05
4.4418e-05
4.44181e-05
4.44183e-05
4.44184e-05
4.44185e-05
4.44185e-05
4.44184e-05
4.44184e-05
4.44183e-05
4.44184e-05
4.44184e-05
4.44187e-05
4.4419e-05
4.44193e-05
4.44197e-05
4.44201e-05
4.44204e-05
4.44207e-05
4.44211e-05
4.44214e-05
4.44218e-05
4.44223e-05
4.44228e-05
4.44234e-05
4.44241e-05
4.44249e-05
4.44259e-05
4.4427e-05
4.44284e-05
4.44299e-05
4.44317e-05
4.44338e-05
4.44362e-05
4.44391e-05
4.44423e-05
4.44459e-05
4.44501e-05
4.44548e-05
4.44599e-05
4.44657e-05
4.4472e-05
4.44788e-05
4.44863e-05
4.44942e-05
4.45027e-05
4.45117e-05
4.45212e-05
4.45311e-05
4.45414e-05
4.4552e-05
4.45629e-05
4.4574e-05
4.45853e-05
4.45967e-05
4.46082e-05
4.46196e-05
4.46309e-05
4.46422e-05
4.46532e-05
4.46641e-05
4.46747e-05
4.46849e-05
4.46948e-05
4.47044e-05
4.47135e-05
4.47223e-05
4.47305e-05
4.47383e-05
4.47457e-05
4.47525e-05
4.47589e-05
4.47648e-05
4.47701e-05
4.47751e-05
4.47795e-05
4.44178e-05
4.44173e-05
4.44176e-05
4.44178e-05
4.4418e-05
4.44181e-05
4.44182e-05
4.44182e-05
4.44182e-05
4.44182e-05
4.44182e-05
4.44182e-05
4.44184e-05
4.44187e-05
4.44192e-05
4.44196e-05
4.44201e-05
4.44206e-05
4.44211e-05
4.44215e-05
4.44219e-05
4.44222e-05
4.44225e-05
4.44228e-05
4.44233e-05
4.44238e-05
4.44244e-05
4.44251e-05
4.44259e-05
4.44269e-05
4.44281e-05
4.44294e-05
4.4431e-05
4.44328e-05
4.44349e-05
4.44374e-05
4.44402e-05
4.44433e-05
4.44468e-05
4.44508e-05
4.44552e-05
4.44601e-05
4.44654e-05
4.44711e-05
4.44774e-05
4.4484e-05
4.44911e-05
4.44987e-05
4.45065e-05
4.45148e-05
4.45233e-05
4.45321e-05
4.45411e-05
4.45502e-05
4.45595e-05
4.45689e-05
4.45782e-05
4.45876e-05
4.45968e-05
4.46059e-05
4.46149e-05
4.46236e-05
4.46321e-05
4.46402e-05
4.46481e-05
4.46556e-05
4.46628e-05
4.46695e-05
4.46758e-05
4.46817e-05
4.46872e-05
4.46922e-05
4.46968e-05
4.4701e-05
4.47047e-05
4.4708e-05
4.4711e-05
4.44173e-05
4.44169e-05
4.44172e-05
4.44174e-05
4.44177e-05
4.44179e-05
4.4418e-05
4.4418e-05
4.4418e-05
4.4418e-05
4.4418e-05
4.44181e-05
4.44184e-05
4.44188e-05
4.44193e-05
4.44199e-05
4.44204e-05
4.4421e-05
4.44216e-05
4.44221e-05
4.44226e-05
4.44231e-05
4.44235e-05
4.44238e-05
4.44241e-05
4.44244e-05
4.44249e-05
4.44254e-05
4.44261e-05
4.44269e-05
4.44279e-05
4.44291e-05
4.44304e-05
4.4432e-05
4.44338e-05
4.44359e-05
4.44383e-05
4.4441e-05
4.44441e-05
4.44474e-05
4.44512e-05
4.44553e-05
4.44598e-05
4.44647e-05
4.44699e-05
4.44756e-05
4.44815e-05
4.44878e-05
4.44944e-05
4.45012e-05
4.45083e-05
4.45156e-05
4.45231e-05
4.45307e-05
4.45383e-05
4.4546e-05
4.45536e-05
4.45612e-05
4.45688e-05
4.45761e-05
4.45834e-05
4.45903e-05
4.45971e-05
4.46036e-05
4.46098e-05
4.46156e-05
4.46211e-05
4.46263e-05
4.46311e-05
4.46354e-05
4.46394e-05
4.46431e-05
4.46463e-05
4.46491e-05
4.46516e-05
4.46538e-05
4.46557e-05
4.44169e-05
4.44166e-05
4.44169e-05
4.44172e-05
4.44174e-05
4.44176e-05
4.44177e-05
4.44178e-05
4.44179e-05
4.44179e-05
4.44179e-05
4.44181e-05
4.44184e-05
4.44189e-05
4.44194e-05
4.442e-05
4.44207e-05
4.44214e-05
4.4422e-05
4.44227e-05
4.44233e-05
4.44239e-05
4.44244e-05
4.44249e-05
4.44252e-05
4.44255e-05
4.44258e-05
4.44261e-05
4.44266e-05
4.44272e-05
4.4428e-05
4.44289e-05
4.443e-05
4.44314e-05
4.44329e-05
4.44346e-05
4.44367e-05
4.4439e-05
4.44415e-05
4.44444e-05
4.44476e-05
4.44511e-05
4.44549e-05
4.4459e-05
4.44634e-05
4.44681e-05
4.44731e-05
4.44784e-05
4.44839e-05
4.44896e-05
4.44955e-05
4.45016e-05
4.45078e-05
4.4514e-05
4.45203e-05
4.45266e-05
4.45329e-05
4.45391e-05
4.45452e-05
4.45512e-05
4.4557e-05
4.45625e-05
4.45679e-05
4.4573e-05
4.45779e-05
4.45824e-05
4.45867e-05
4.45906e-05
4.45942e-05
4.45974e-05
4.46004e-05
4.46029e-05
4.46052e-05
4.46071e-05
4.46088e-05
4.46102e-05
4.46115e-05
4.44165e-05
4.44164e-05
4.44167e-05
4.44169e-05
4.44172e-05
4.44174e-05
4.44175e-05
4.44177e-05
4.44177e-05
4.44178e-05
4.44179e-05
4.44181e-05
4.44185e-05
4.4419e-05
4.44196e-05
4.44202e-05
4.44209e-05
4.44216e-05
4.44224e-05
4.44231e-05
4.44239e-05
4.44246e-05
4.44252e-05
4.44258e-05
4.44263e-05
4.44267e-05
4.44271e-05
4.44273e-05
4.44276e-05
4.4428e-05
4.44285e-05
4.44291e-05
4.443e-05
4.4431e-05
4.44322e-05
4.44337e-05
4.44353e-05
4.44372e-05
4.44393e-05
4.44417e-05
4.44444e-05
4.44473e-05
4.44505e-05
4.44539e-05
4.44576e-05
4.44616e-05
4.44657e-05
4.44701e-05
4.44747e-05
4.44795e-05
4.44844e-05
4.44894e-05
4.44945e-05
4.44997e-05
4.45048e-05
4.451e-05
4.45151e-05
4.45202e-05
4.45251e-05
4.45299e-05
4.45346e-05
4.45391e-05
4.45433e-05
4.45474e-05
4.45512e-05
4.45548e-05
4.4558e-05
4.45611e-05
4.45638e-05
4.45663e-05
4.45684e-05
4.45703e-05
4.4572e-05
4.45733e-05
4.45745e-05
4.45756e-05
4.45765e-05
4.44162e-05
4.44162e-05
4.44165e-05
4.44167e-05
4.4417e-05
4.44172e-05
4.44174e-05
4.44176e-05
4.44177e-05
4.44178e-05
4.4418e-05
4.44182e-05
4.44186e-05
4.44191e-05
4.44197e-05
4.44204e-05
4.44211e-05
4.44218e-05
4.44226e-05
4.44234e-05
4.44242e-05
4.4425e-05
4.44258e-05
4.44265e-05
4.44272e-05
4.44278e-05
4.44283e-05
4.44287e-05
4.4429e-05
4.44292e-05
4.44295e-05
4.44298e-05
4.44304e-05
4.44311e-05
4.4432e-05
4.44331e-05
4.44344e-05
4.44359e-05
4.44376e-05
4.44395e-05
4.44417e-05
4.44441e-05
4.44467e-05
4.44495e-05
4.44526e-05
4.44559e-05
4.44593e-05
4.4463e-05
4.44668e-05
4.44707e-05
4.44747e-05
4.44789e-05
4.44831e-05
4.44873e-05
4.44915e-05
4.44958e-05
4.45e-05
4.45041e-05
4.45081e-05
4.4512e-05
4.45157e-05
4.45193e-05
4.45228e-05
4.4526e-05
4.4529e-05
4.45318e-05
4.45344e-05
4.45368e-05
4.4539e-05
4.45409e-05
4.45426e-05
4.45441e-05
4.45454e-05
4.45464e-05
4.45474e-05
4.45482e-05
4.45489e-05
4.44159e-05
4.44161e-05
4.44164e-05
4.44166e-05
4.44169e-05
4.44171e-05
4.44173e-05
4.44175e-05
4.44177e-05
4.44179e-05
4.44181e-05
4.44184e-05
4.44188e-05
4.44193e-05
4.44199e-05
4.44205e-05
4.44212e-05
4.44219e-05
4.44227e-05
4.44236e-05
4.44244e-05
4.44253e-05
4.44262e-05
4.4427e-05
4.44278e-05
4.44286e-05
4.44292e-05
4.44298e-05
4.44303e-05
4.44307e-05
4.44309e-05
4.44311e-05
4.44313e-05
4.44317e-05
4.44323e-05
4.4433e-05
4.44339e-05
4.44351e-05
4.44364e-05
4.44379e-05
4.44396e-05
4.44415e-05
4.44436e-05
4.44459e-05
4.44484e-05
4.44511e-05
4.44539e-05
4.44569e-05
4.446e-05
4.44632e-05
4.44665e-05
4.44699e-05
4.44734e-05
4.44768e-05
4.44803e-05
4.44838e-05
4.44872e-05
4.44905e-05
4.44938e-05
4.4497e-05
4.45001e-05
4.4503e-05
4.45058e-05
4.45084e-05
4.45109e-05
4.45132e-05
4.45153e-05
4.45173e-05
4.4519e-05
4.45206e-05
4.4522e-05
4.45233e-05
4.45244e-05
4.45253e-05
4.45261e-05
4.45268e-05
4.45274e-05
4.44158e-05
4.44161e-05
4.44163e-05
4.44166e-05
4.44168e-05
4.44171e-05
4.44173e-05
4.44176e-05
4.44178e-05
4.4418e-05
4.44183e-05
4.44187e-05
4.44191e-05
4.44195e-05
4.44201e-05
4.44206e-05
4.44213e-05
4.4422e-05
4.44228e-05
4.44236e-05
4.44245e-05
4.44254e-05
4.44263e-05
4.44272e-05
4.44281e-05
4.4429e-05
4.44298e-05
4.44305e-05
4.44312e-05
4.44318e-05
4.44322e-05
4.44325e-05
4.44327e-05
4.44329e-05
4.44331e-05
4.44335e-05
4.44341e-05
4.44348e-05
4.44357e-05
4.44368e-05
4.44381e-05
4.44396e-05
4.44413e-05
4.44431e-05
4.44451e-05
4.44472e-05
4.44495e-05
4.44519e-05
4.44544e-05
4.4457e-05
4.44597e-05
4.44625e-05
4.44653e-05
4.44682e-05
4.4471e-05
4.44739e-05
4.44767e-05
4.44794e-05
4.44821e-05
4.44847e-05
4.44873e-05
4.44897e-05
4.4492e-05
4.44942e-05
4.44963e-05
4.44982e-05
4.45e-05
4.45017e-05
4.45032e-05
4.45046e-05
4.45059e-05
4.45071e-05
4.45081e-05
4.4509e-05
4.45098e-05
4.45105e-05
4.45111e-05
4.44158e-05
4.44162e-05
4.44164e-05
4.44167e-05
4.44169e-05
4.44172e-05
4.44174e-05
4.44177e-05
4.4418e-05
4.44183e-05
4.44186e-05
4.4419e-05
4.44194e-05
4.44198e-05
4.44202e-05
4.44207e-05
4.44213e-05
4.4422e-05
4.44227e-05
4.44235e-05
4.44243e-05
4.44252e-05
4.44261e-05
4.4427e-05
4.4428e-05
4.4429e-05
4.44299e-05
4.44308e-05
4.44316e-05
4.44323e-05
4.4433e-05
4.44335e-05
4.44339e-05
4.44342e-05
4.44343e-05
4.44344e-05
4.44346e-05
4.4435e-05
4.44356e-05
4.44363e-05
4.44372e-05
4.44383e-05
4.44395e-05
4.44409e-05
4.44424e-05
4.44441e-05
4.44459e-05
4.44478e-05
4.44498e-05
4.4452e-05
4.44541e-05
4.44564e-05
4.44587e-05
4.4461e-05
4.44634e-05
4.44657e-05
4.4468e-05
4.44703e-05
4.44726e-05
4.44748e-05
4.44769e-05
4.4479e-05
4.4481e-05
4.44829e-05
4.44846e-05
4.44863e-05
4.44879e-05
4.44894e-05
4.44908e-05
4.44921e-05
4.44933e-05
4.44944e-05
4.44955e-05
4.44964e-05
4.44972e-05
4.4498e-05
4.44987e-05
4.44159e-05
4.44162e-05
4.44165e-05
4.44168e-05
4.44171e-05
4.44174e-05
4.44177e-05
4.4418e-05
4.44183e-05
4.44186e-05
4.44189e-05
4.44192e-05
4.44196e-05
4.442e-05
4.44204e-05
4.44208e-05
4.44213e-05
4.44219e-05
4.44225e-05
4.44232e-05
4.4424e-05
4.44248e-05
4.44257e-05
4.44266e-05
4.44275e-05
4.44285e-05
4.44295e-05
4.44305e-05
4.44314e-05
4.44323e-05
4.4433e-05
4.44338e-05
4.44344e-05
4.44348e-05
4.44352e-05
4.44354e-05
4.44356e-05
4.44356e-05
4.44358e-05
4.44362e-05
4.44367e-05
4.44374e-05
4.44382e-05
4.44392e-05
4.44403e-05
4.44416e-05
4.4443e-05
4.44444e-05
4.4446e-05
4.44477e-05
4.44495e-05
4.44513e-05
4.44532e-05
4.44551e-05
4.4457e-05
4.4459e-05
4.44609e-05
4.44628e-05
4.44647e-05
4.44666e-05
4.44685e-05
4.44703e-05
4.4472e-05
4.44737e-05
4.44753e-05
4.44768e-05
4.44783e-05
4.44796e-05
4.4481e-05
4.44822e-05
4.44834e-05
4.44845e-05
4.44855e-05
4.44865e-05
4.44874e-05
4.44882e-05
4.4489e-05
4.44159e-05
4.44162e-05
4.44165e-05
4.44168e-05
4.44171e-05
4.44174e-05
4.44178e-05
4.44181e-05
4.44184e-05
4.44187e-05
4.44191e-05
4.44194e-05
4.44197e-05
4.44201e-05
4.44204e-05
4.44208e-05
4.44213e-05
4.44217e-05
4.44223e-05
4.44229e-05
4.44235e-05
4.44242e-05
4.4425e-05
4.44259e-05
4.44268e-05
4.44277e-05
4.44287e-05
4.44296e-05
4.44306e-05
4.44316e-05
4.44325e-05
4.44333e-05
4.44341e-05
4.44348e-05
4.44353e-05
4.44358e-05
4.44361e-05
4.44363e-05
4.44364e-05
4.44365e-05
4.44366e-05
4.44369e-05
4.44374e-05
4.4438e-05
4.44387e-05
4.44396e-05
4.44406e-05
4.44417e-05
4.44429e-05
4.44442e-05
4.44455e-05
4.4447e-05
4.44485e-05
4.445e-05
4.44516e-05
4.44532e-05
4.44549e-05
4.44565e-05
4.44582e-05
4.44598e-05
4.44614e-05
4.4463e-05
4.44645e-05
4.4466e-05
4.44675e-05
4.44689e-05
4.44702e-05
4.44715e-05
4.44728e-05
4.4474e-05
4.44752e-05
4.44763e-05
4.44773e-05
4.44783e-05
4.44793e-05
4.44802e-05
4.44811e-05
4.44157e-05
4.44161e-05
4.44164e-05
4.44167e-05
4.44171e-05
4.44174e-05
4.44177e-05
4.44181e-05
4.44184e-05
4.44188e-05
4.44191e-05
4.44194e-05
4.44198e-05
4.44201e-05
4.44204e-05
4.44208e-05
4.44211e-05
4.44215e-05
4.44219e-05
4.44224e-05
4.4423e-05
4.44236e-05
4.44242e-05
4.44249e-05
4.44257e-05
4.44266e-05
4.44274e-05
4.44284e-05
4.44293e-05
4.44303e-05
4.44312e-05
4.44322e-05
4.4433e-05
4.44339e-05
4.44346e-05
4.44353e-05
4.44358e-05
4.44363e-05
4.44366e-05
4.44368e-05
4.44369e-05
4.4437e-05
4.4437e-05
4.44373e-05
4.44376e-05
4.44381e-05
4.44387e-05
4.44394e-05
4.44403e-05
4.44412e-05
4.44422e-05
4.44433e-05
4.44445e-05
4.44457e-05
4.4447e-05
4.44483e-05
4.44497e-05
4.4451e-05
4.44524e-05
4.44538e-05
4.44552e-05
4.44566e-05
4.4458e-05
4.44594e-05
4.44607e-05
4.4462e-05
4.44633e-05
4.44646e-05
4.44658e-05
4.44669e-05
4.44681e-05
4.44692e-05
4.44703e-05
4.44713e-05
4.44723e-05
4.44733e-05
4.44742e-05
4.44155e-05
4.44159e-05
4.44162e-05
4.44165e-05
4.44169e-05
4.44172e-05
4.44176e-05
4.4418e-05
4.44183e-05
4.44187e-05
4.4419e-05
4.44193e-05
4.44197e-05
4.442e-05
4.44203e-05
4.44206e-05
4.44209e-05
4.44212e-05
4.44215e-05
4.44219e-05
4.44223e-05
4.44228e-05
4.44233e-05
4.44239e-05
4.44245e-05
4.44252e-05
4.4426e-05
4.44268e-05
4.44277e-05
4.44286e-05
4.44295e-05
4.44304e-05
4.44313e-05
4.44322e-05
4.44331e-05
4.44339e-05
4.44346e-05
4.44353e-05
4.44359e-05
4.44363e-05
4.44367e-05
4.44369e-05
4.44371e-05
4.44371e-05
4.44371e-05
4.44372e-05
4.44375e-05
4.44378e-05
4.44383e-05
4.44388e-05
4.44395e-05
4.44403e-05
4.44411e-05
4.4442e-05
4.4443e-05
4.4444e-05
4.44451e-05
4.44463e-05
4.44474e-05
4.44486e-05
4.44498e-05
4.4451e-05
4.44522e-05
4.44535e-05
4.44547e-05
4.44559e-05
4.44571e-05
4.44583e-05
4.44594e-05
4.44606e-05
4.44617e-05
4.44628e-05
4.44639e-05
4.44649e-05
4.44659e-05
4.44669e-05
4.44679e-05
4.44151e-05
4.44155e-05
4.44159e-05
4.44162e-05
4.44166e-05
4.4417e-05
4.44173e-05
4.44177e-05
4.44181e-05
4.44184e-05
4.44187e-05
4.44191e-05
4.44194e-05
4.44196e-05
4.44199e-05
4.44202e-05
4.44204e-05
4.44207e-05
4.4421e-05
4.44212e-05
4.44216e-05
4.44219e-05
4.44223e-05
4.44227e-05
4.44232e-05
4.44237e-05
4.44243e-05
4.4425e-05
4.44257e-05
4.44265e-05
4.44273e-05
4.44282e-05
4.44291e-05
4.443e-05
4.44309e-05
4.44317e-05
4.44326e-05
4.44334e-05
4.44342e-05
4.44348e-05
4.44354e-05
4.44359e-05
4.44363e-05
4.44366e-05
4.44369e-05
4.4437e-05
4.4437e-05
4.4437e-05
4.44371e-05
4.44373e-05
4.44376e-05
4.4438e-05
4.44385e-05
4.44391e-05
4.44397e-05
4.44405e-05
4.44413e-05
4.44421e-05
4.4443e-05
4.4444e-05
4.4445e-05
4.4446e-05
4.44471e-05
4.44481e-05
4.44492e-05
4.44503e-05
4.44514e-05
4.44525e-05
4.44536e-05
4.44547e-05
4.44557e-05
4.44568e-05
4.44579e-05
4.44589e-05
4.44599e-05
4.44609e-05
4.44619e-05
4.44147e-05
4.44151e-05
4.44154e-05
4.44158e-05
4.44161e-05
4.44165e-05
4.44169e-05
4.44173e-05
4.44176e-05
4.4418e-05
4.44183e-05
4.44186e-05
4.44188e-05
4.44191e-05
4.44193e-05
4.44196e-05
4.44198e-05
4.442e-05
4.44202e-05
4.44205e-05
4.44207e-05
4.44209e-05
4.44212e-05
4.44215e-05
4.44218e-05
4.44222e-05
4.44227e-05
4.44231e-05
4.44237e-05
4.44243e-05
4.4425e-05
4.44257e-05
4.44264e-05
4.44272e-05
4.44281e-05
4.44289e-05
4.44298e-05
4.44307e-05
4.44315e-05
4.44323e-05
4.44331e-05
4.44338e-05
4.44345e-05
4.4435e-05
4.44355e-05
4.4436e-05
4.44364e-05
4.44366e-05
4.44367e-05
4.44367e-05
4.44367e-05
4.44367e-05
4.44369e-05
4.44371e-05
4.44374e-05
4.44378e-05
4.44383e-05
4.44388e-05
4.44395e-05
4.44401e-05
4.44409e-05
4.44417e-05
4.44425e-05
4.44434e-05
4.44443e-05
4.44452e-05
4.44462e-05
4.44472e-05
4.44482e-05
4.44492e-05
4.44502e-05
4.44512e-05
4.44522e-05
4.44532e-05
4.44542e-05
4.44552e-05
4.44562e-05
4.4414e-05
4.44144e-05
4.44148e-05
4.44152e-05
4.44155e-05
4.44159e-05
4.44163e-05
4.44166e-05
4.44169e-05
4.44173e-05
4.44175e-05
4.44178e-05
4.44181e-05
4.44183e-05
4.44185e-05
4.44187e-05
4.44189e-05
4.44191e-05
4.44193e-05
4.44195e-05
4.44196e-05
4.44198e-05
4.442e-05
4.44202e-05
4.44204e-05
4.44207e-05
4.44209e-05
4.44213e-05
4.44216e-05
4.4422e-05
4.44225e-05
4.4423e-05
4.44236e-05
4.44243e-05
4.4425e-05
4.44257e-05
4.44265e-05
4.44273e-05
4.44282e-05
4.4429e-05
4.44298e-05
4.44306e-05
4.44315e-05
4.44324e-05
4.44331e-05
4.44337e-05
4.44343e-05
4.44348e-05
4.44352e-05
4.44357e-05
4.44361e-05
4.44364e-05
4.44365e-05
4.44365e-05
4.44365e-05
4.44365e-05
4.44366e-05
4.44368e-05
4.4437e-05
4.44374e-05
4.44378e-05
4.44383e-05
4.44389e-05
4.44395e-05
4.44402e-05
4.44409e-05
4.44417e-05
4.44425e-05
4.44433e-05
4.44442e-05
4.44451e-05
4.4446e-05
4.44469e-05
4.44478e-05
4.44488e-05
4.44497e-05
4.44507e-05
4.44132e-05
4.44136e-05
4.4414e-05
4.44143e-05
4.44147e-05
4.44151e-05
4.44154e-05
4.44157e-05
4.4416e-05
4.44163e-05
4.44166e-05
4.44168e-05
4.4417e-05
4.44172e-05
4.44174e-05
4.44176e-05
4.44178e-05
4.44179e-05
4.44181e-05
4.44182e-05
4.44184e-05
4.44185e-05
4.44186e-05
4.44187e-05
4.44189e-05
4.4419e-05
4.44192e-05
4.44194e-05
4.44196e-05
4.44198e-05
4.44201e-05
4.44205e-05
4.44209e-05
4.44213e-05
4.44218e-05
4.44223e-05
4.4423e-05
4.44236e-05
4.44243e-05
4.44251e-05
4.44259e-05
4.44267e-05
4.44275e-05
4.44284e-05
4.44292e-05
4.443e-05
4.44308e-05
4.44316e-05
4.44324e-05
4.44332e-05
4.44338e-05
4.44343e-05
4.44347e-05
4.4435e-05
4.44354e-05
4.44359e-05
4.44361e-05
4.44362e-05
4.44362e-05
4.44361e-05
4.44362e-05
4.44363e-05
4.44365e-05
4.44368e-05
4.44372e-05
4.44376e-05
4.44381e-05
4.44387e-05
4.44393e-05
4.44399e-05
4.44406e-05
4.44414e-05
4.44422e-05
4.4443e-05
4.44438e-05
4.44447e-05
4.44455e-05
4.44126e-05
4.44129e-05
4.44133e-05
4.44137e-05
4.4414e-05
4.44143e-05
4.44146e-05
4.44149e-05
4.44151e-05
4.44153e-05
4.44155e-05
4.44157e-05
4.44158e-05
4.4416e-05
4.44161e-05
4.44163e-05
4.44164e-05
4.44165e-05
4.44166e-05
4.44168e-05
4.44169e-05
4.4417e-05
4.44171e-05
4.44172e-05
4.44172e-05
4.44173e-05
4.44174e-05
4.44176e-05
4.44177e-05
4.44178e-05
4.4418e-05
4.44182e-05
4.44184e-05
4.44187e-05
4.44191e-05
4.44195e-05
4.44199e-05
4.44204e-05
4.4421e-05
4.44216e-05
4.44223e-05
4.4423e-05
4.44237e-05
4.44245e-05
4.44254e-05
4.44262e-05
4.44271e-05
4.44279e-05
4.44288e-05
4.44296e-05
4.44305e-05
4.44312e-05
4.4432e-05
4.44327e-05
4.44334e-05
4.44339e-05
4.44344e-05
4.44347e-05
4.4435e-05
4.44354e-05
4.44358e-05
4.4436e-05
4.44361e-05
4.4436e-05
4.44361e-05
4.44362e-05
4.44363e-05
4.44366e-05
4.44369e-05
4.44374e-05
4.44378e-05
4.44384e-05
4.4439e-05
4.44396e-05
4.44403e-05
4.4441e-05
4.44113e-05
4.44117e-05
4.4412e-05
4.44124e-05
4.44127e-05
4.44129e-05
4.44132e-05
4.44134e-05
4.44136e-05
4.44137e-05
4.44139e-05
4.4414e-05
4.44142e-05
4.44143e-05
4.44144e-05
4.44145e-05
4.44146e-05
4.44146e-05
4.44147e-05
4.44148e-05
4.44149e-05
4.4415e-05
4.4415e-05
4.44151e-05
4.44152e-05
4.44152e-05
4.44153e-05
4.44153e-05
4.44154e-05
4.44155e-05
4.44155e-05
4.44156e-05
4.44157e-05
4.44159e-05
4.4416e-05
4.44162e-05
4.44164e-05
4.44167e-05
4.4417e-05
4.44174e-05
4.44178e-05
4.44183e-05
4.44188e-05
4.44194e-05
4.442e-05
4.44207e-05
4.44215e-05
4.44223e-05
4.44231e-05
4.4424e-05
4.44249e-05
4.44258e-05
4.44268e-05
4.44277e-05
4.44286e-05
4.44295e-05
4.44304e-05
4.44312e-05
4.4432e-05
4.44327e-05
4.44334e-05
4.4434e-05
4.44345e-05
4.44349e-05
4.44352e-05
4.44355e-05
4.44359e-05
4.44361e-05
4.44361e-05
4.44361e-05
4.44361e-05
4.44363e-05
4.44365e-05
4.44368e-05
4.44372e-05
4.44377e-05
4.44098e-05
4.44101e-05
4.44105e-05
4.44108e-05
4.4411e-05
4.44112e-05
4.44114e-05
4.44116e-05
4.44117e-05
4.44119e-05
4.4412e-05
4.4412e-05
4.44121e-05
4.44122e-05
4.44123e-05
4.44123e-05
4.44124e-05
4.44124e-05
4.44124e-05
4.44125e-05
4.44125e-05
4.44126e-05
4.44126e-05
4.44126e-05
4.44127e-05
4.44127e-05
4.44127e-05
4.44128e-05
4.44128e-05
4.44128e-05
4.44129e-05
4.44129e-05
4.44129e-05
4.4413e-05
4.4413e-05
4.44131e-05
4.44132e-05
4.44133e-05
4.44134e-05
4.44135e-05
4.44137e-05
4.44139e-05
4.44142e-05
4.44145e-05
4.44148e-05
4.44153e-05
4.44158e-05
4.44163e-05
4.44169e-05
4.44175e-05
4.44182e-05
4.4419e-05
4.44198e-05
4.44207e-05
4.44217e-05
4.44227e-05
4.44237e-05
4.44248e-05
4.44258e-05
4.44269e-05
4.4428e-05
4.44291e-05
4.44301e-05
4.44311e-05
4.4432e-05
4.44328e-05
4.44336e-05
4.44343e-05
4.44349e-05
4.44353e-05
4.44357e-05
4.44359e-05
4.44362e-05
4.44365e-05
4.44366e-05
4.44367e-05
4.4408e-05
4.44083e-05
4.44086e-05
4.44088e-05
4.4409e-05
4.44091e-05
4.44093e-05
4.44094e-05
4.44095e-05
4.44096e-05
4.44096e-05
4.44097e-05
4.44097e-05
4.44097e-05
4.44098e-05
4.44098e-05
4.44098e-05
4.44098e-05
4.44098e-05
4.44098e-05
4.44098e-05
4.44098e-05
4.44098e-05
4.44098e-05
4.44098e-05
4.44098e-05
4.44098e-05
4.44098e-05
4.44098e-05
4.44098e-05
4.44098e-05
4.44098e-05
4.44098e-05
4.44098e-05
4.44098e-05
4.44098e-05
4.44098e-05
4.44098e-05
4.44098e-05
4.44098e-05
4.44098e-05
4.44099e-05
4.44099e-05
4.441e-05
4.44101e-05
4.44102e-05
4.44104e-05
4.44106e-05
4.44108e-05
4.44111e-05
4.44115e-05
4.44119e-05
4.44124e-05
4.4413e-05
4.44137e-05
4.44143e-05
4.44151e-05
4.44159e-05
4.44168e-05
4.44178e-05
4.44189e-05
4.44201e-05
4.44213e-05
4.44226e-05
4.44239e-05
4.44252e-05
4.44266e-05
4.44279e-05
4.44292e-05
4.44304e-05
4.44315e-05
4.44325e-05
4.44334e-05
4.44343e-05
4.4435e-05
4.44357e-05
4.44058e-05
4.44061e-05
4.44062e-05
4.44064e-05
4.44065e-05
4.44066e-05
4.44067e-05
4.44068e-05
4.44068e-05
4.44069e-05
4.44069e-05
4.44069e-05
4.44069e-05
4.44069e-05
4.44069e-05
4.44069e-05
4.44069e-05
4.44068e-05
4.44068e-05
4.44068e-05
4.44068e-05
4.44067e-05
4.44067e-05
4.44066e-05
4.44066e-05
4.44066e-05
4.44065e-05
4.44065e-05
4.44064e-05
4.44064e-05
4.44064e-05
4.44063e-05
4.44063e-05
4.44062e-05
4.44062e-05
4.44061e-05
4.44061e-05
4.4406e-05
4.4406e-05
4.44059e-05
4.44058e-05
4.44058e-05
4.44057e-05
4.44056e-05
4.44056e-05
4.44055e-05
4.44055e-05
4.44054e-05
4.44055e-05
4.44055e-05
4.44057e-05
4.44059e-05
4.44061e-05
4.44064e-05
4.44067e-05
4.4407e-05
4.44074e-05
4.44078e-05
4.44082e-05
4.44087e-05
4.44092e-05
4.44098e-05
4.44105e-05
4.44112e-05
4.4412e-05
4.44129e-05
4.44139e-05
4.44151e-05
4.44165e-05
4.44179e-05
4.44194e-05
4.4421e-05
4.44226e-05
4.44242e-05
4.44258e-05
4.44273e-05
4.44032e-05
4.44033e-05
4.44034e-05
4.44035e-05
4.44035e-05
4.44036e-05
4.44036e-05
4.44036e-05
4.44037e-05
4.44037e-05
4.44037e-05
4.44037e-05
4.44037e-05
4.44036e-05
4.44036e-05
4.44036e-05
4.44036e-05
4.44035e-05
4.44035e-05
4.44035e-05
4.44034e-05
4.44034e-05
4.44034e-05
4.44033e-05
4.44033e-05
4.44032e-05
4.44032e-05
4.44031e-05
4.4403e-05
4.4403e-05
4.44029e-05
4.44028e-05
4.44027e-05
4.44026e-05
4.44025e-05
4.44025e-05
4.44023e-05
4.44022e-05
4.44021e-05
4.4402e-05
4.44018e-05
4.44018e-05
4.44017e-05
4.44017e-05
4.44017e-05
4.44018e-05
4.44018e-05
4.44018e-05
4.44018e-05
4.44019e-05
4.4402e-05
4.44021e-05
4.44023e-05
4.44025e-05
4.44026e-05
4.44028e-05
4.4403e-05
4.44032e-05
4.44033e-05
4.44035e-05
4.44036e-05
4.44037e-05
4.44041e-05
4.44046e-05
4.44051e-05
4.44056e-05
4.44061e-05
4.44064e-05
4.44066e-05
4.44066e-05
4.44068e-05
4.4407e-05
4.44074e-05
4.44079e-05
4.44084e-05
4.44091e-05
)
;

boundaryField
{
    walls
    {
        type            fixedValue;
        value           uniform 0;
    }
    frontAndBack
    {
        type            empty;
    }
    farfield
    {
        type            inletOutlet;
        inletValue      uniform 4.44e-05;
        value           nonuniform List<scalar> 
76
(
4.44e-05
4.44e-05
4.44e-05
4.44e-05
4.44e-05
4.44e-05
4.44e-05
4.44e-05
4.44e-05
4.44e-05
4.44e-05
4.44e-05
4.44e-05
4.44e-05
4.44e-05
4.44e-05
4.44e-05
4.44e-05
4.44e-05
4.44e-05
4.44e-05
4.44e-05
4.44e-05
4.44e-05
4.44e-05
4.44e-05
4.44e-05
4.44e-05
4.44e-05
4.44e-05
4.44e-05
4.44e-05
4.44e-05
4.44e-05
4.44e-05
4.44e-05
4.44e-05
4.44e-05
4.44e-05
4.44e-05
4.44e-05
4.44e-05
4.44e-05
4.44e-05
4.44e-05
4.44e-05
4.44e-05
4.44e-05
4.44e-05
4.44e-05
4.44e-05
4.44e-05
4.44e-05
4.44e-05
4.44e-05
4.44e-05
4.44e-05
4.44e-05
4.44e-05
4.44e-05
4.44e-05
4.44e-05
4.44e-05
4.44046e-05
4.44051e-05
4.44056e-05
4.44061e-05
4.44064e-05
4.44066e-05
4.44066e-05
4.44068e-05
4.4407e-05
4.44074e-05
4.44079e-05
4.44084e-05
4.44091e-05
)
;
    }
    procBoundary0to1
    {
        type            processor;
        value           nonuniform List<scalar> 
101
(
2.77402e-06
8.40057e-06
1.40687e-05
1.9546e-05
2.46816e-05
2.93653e-05
3.35081e-05
3.70378e-05
3.98999e-05
4.20592e-05
4.35002e-05
4.42272e-05
4.42664e-05
4.36612e-05
4.36612e-05
4.25582e-05
4.1035e-05
3.93268e-05
3.78505e-05
3.89298e-05
4.29148e-05
4.97495e-05
5.78702e-05
6.62815e-05
7.46973e-05
8.29062e-05
9.0714e-05
9.83499e-05
9.83499e-05
0.00010469
0.000109956
0.000114094
0.00011728
0.000120063
0.000123455
0.000128818
0.000141826
0.000160887
0.000184397
0.000211492
0.000239043
0.000261832
0.00027842
0.00028652
0.000282731
0.000262881
0.000223931
0.000171115
0.000124452
9.69731e-05
8.29433e-05
7.47444e-05
6.90293e-05
6.46769e-05
6.12571e-05
5.85372e-05
5.63573e-05
5.45938e-05
5.3152e-05
5.19603e-05
5.09648e-05
5.01235e-05
4.94026e-05
4.87792e-05
4.82375e-05
4.77625e-05
4.7341e-05
4.69647e-05
4.66283e-05
4.63266e-05
4.6056e-05
4.58138e-05
4.55981e-05
4.54073e-05
4.52402e-05
4.50957e-05
4.49726e-05
4.48691e-05
4.47835e-05
4.47136e-05
4.46574e-05
4.46128e-05
4.45775e-05
4.45496e-05
4.4528e-05
4.45116e-05
4.44993e-05
4.44898e-05
4.44819e-05
4.44751e-05
4.44689e-05
4.44629e-05
4.44572e-05
4.44516e-05
4.44464e-05
4.44418e-05
4.44382e-05
4.44367e-05
4.44362e-05
4.44287e-05
4.44099e-05
)
;
    }
    procBoundary0to2
    {
        type            processor;
        value           nonuniform List<scalar> 
113
(
2.11956e-06
6.55419e-06
1.13881e-05
1.66688e-05
2.2413e-05
2.85883e-05
3.51272e-05
4.19513e-05
4.8989e-05
6.57473e-05
6.57473e-05
8.16437e-05
8.16437e-05
0.000101878
0.000101878
0.00010993
0.000116905
0.000122486
0.000126284
0.000127794
0.000126402
0.000121431
0.000112335
9.92109e-05
8.36934e-05
6.89797e-05
5.7932e-05
5.1459e-05
4.8545e-05
4.75165e-05
4.7137e-05
4.69424e-05
4.73256e-05
4.73256e-05
4.70442e-05
4.67603e-05
4.65438e-05
4.6388e-05
4.62892e-05
4.61608e-05
4.58945e-05
4.55593e-05
4.52935e-05
4.51576e-05
4.50788e-05
4.50087e-05
4.45966e-05
4.46268e-05
4.46743e-05
4.47333e-05
4.48136e-05
4.48966e-05
4.48966e-05
4.45741e-05
4.45545e-05
4.45396e-05
4.4527e-05
4.45167e-05
4.45083e-05
4.45016e-05
4.45016e-05
4.44687e-05
4.44643e-05
4.4467e-05
4.4467e-05
4.44585e-05
4.44531e-05
4.44487e-05
4.44457e-05
4.44437e-05
4.44427e-05
4.44435e-05
4.44438e-05
4.44439e-05
4.44437e-05
4.44431e-05
4.44421e-05
4.44406e-05
4.44385e-05
4.44359e-05
4.44332e-05
4.44281e-05
4.44281e-05
4.44272e-05
4.44261e-05
4.44249e-05
4.44238e-05
4.44227e-05
4.44215e-05
4.44205e-05
4.44194e-05
4.44185e-05
4.44176e-05
4.44169e-05
4.44164e-05
4.44159e-05
4.44157e-05
4.44156e-05
4.44156e-05
4.44156e-05
4.44155e-05
4.44152e-05
4.44148e-05
4.44143e-05
4.44137e-05
4.44128e-05
4.44122e-05
4.44122e-05
4.4411e-05
4.44095e-05
4.44077e-05
4.44056e-05
4.4403e-05
)
;
    }
}


// ************************************************************************* //
