/*--------------------------------*- C++ -*----------------------------------*\
| =========                 |                                                 |
| \\      /  F ield         | OpenFOAM: The Open Source CFD Toolbox           |
|  \\    /   O peration     | Version:  2412                                  |
|   \\  /    A nd           | Website:  www.openfoam.com                      |
|    \\/     M anipulation  |                                                 |
\*---------------------------------------------------------------------------*/
FoamFile
{
    version     2.0;
    format      ascii;
    arch        "LSB;label=32;scalar=64";
    note        "nPoints:15112  nCells:7373  nFaces:29674  nInternalFaces:14564";
    class       labelList;
    location    "constant/polyMesh";
    object      neighbour;
}
// * * * * * * * * * * * * * * * * * * * * * * * * * * * * * * * * * * * * * //


14564
(
1
68
2
69
3
70
4
71
5
72
6
73
7
74
8
75
9
76
10
77
11
78
12
79
13
80
14
81
15
82
16
83
17
84
18
85
19
86
20
87
21
88
22
89
23
90
24
91
25
92
26
93
27
94
28
95
29
96
30
97
31
98
32
99
33
100
34
101
35
102
36
103
37
104
38
105
39
106
40
107
41
108
42
109
43
110
44
111
45
112
46
113
47
114
48
115
49
116
50
117
51
118
52
119
53
120
54
121
55
122
56
123
57
124
58
125
59
126
60
127
61
128
62
129
63
130
64
131
65
132
66
133
67
134
135
69
136
70
137
71
138
72
139
73
140
74
141
75
142
76
143
77
144
78
145
79
146
80
147
81
148
82
149
83
150
84
151
85
152
86
153
87
154
88
155
89
156
90
157
91
158
92
159
93
160
94
161
95
162
96
163
97
164
98
165
99
166
100
167
101
168
102
169
103
170
104
171
105
172
106
173
107
174
108
175
109
176
110
177
111
178
112
179
113
180
114
181
115
182
116
183
117
184
118
185
119
186
120
187
121
188
122
189
123
190
124
191
125
192
126
193
127
194
128
195
129
196
130
197
131
198
132
199
133
200
134
201
135
202
203
137
204
138
205
139
206
140
207
141
208
142
209
143
210
144
211
145
212
146
213
147
214
148
215
149
216
150
217
151
218
152
219
153
220
154
221
155
222
156
223
157
224
158
225
159
226
160
227
161
228
162
229
163
230
164
231
165
232
166
233
167
234
168
235
169
236
170
237
171
238
172
239
173
240
174
241
175
242
176
243
177
244
178
245
179
246
180
247
181
248
182
249
183
250
184
251
185
252
186
253
187
254
188
255
189
256
190
257
191
258
192
259
193
260
194
261
195
262
196
263
197
264
198
265
199
266
200
267
201
268
202
269
203
270
271
205
272
206
273
207
274
208
275
209
276
210
277
211
278
212
279
213
280
214
281
215
282
216
283
217
284
218
285
219
286
220
287
221
288
222
289
223
290
224
291
225
292
226
293
227
294
228
295
229
296
230
297
231
298
232
299
233
300
234
301
235
302
236
303
237
304
238
305
239
306
240
307
241
308
242
309
243
310
244
311
245
312
246
313
247
314
248
315
249
316
250
317
251
318
252
319
253
320
254
321
255
322
256
323
257
324
258
325
259
326
260
327
261
328
262
329
263
330
264
331
265
332
266
333
267
334
268
335
269
336
270
337
271
338
339
273
340
274
341
275
342
276
343
277
344
278
345
279
346
280
347
281
348
282
349
283
350
284
351
285
352
286
353
287
354
288
355
289
356
290
357
291
358
292
359
293
360
294
361
295
362
296
363
297
364
298
365
299
366
300
367
301
368
302
369
303
370
304
371
305
372
306
373
307
374
308
375
309
376
310
377
311
378
312
379
313
380
314
381
315
382
316
383
317
384
318
385
319
386
320
387
321
388
322
389
323
390
324
391
325
392
326
393
327
394
328
395
329
396
330
397
331
398
332
399
333
400
334
401
335
402
336
403
337
404
338
405
339
406
407
341
408
342
409
343
410
344
411
345
412
346
413
347
414
348
415
349
416
350
417
351
418
352
419
353
420
354
421
355
422
356
423
357
424
358
425
359
426
360
427
361
428
362
429
363
430
364
431
365
432
366
433
367
434
368
435
369
436
370
437
371
438
372
439
373
440
374
441
375
442
376
443
377
444
378
445
379
446
380
447
381
448
382
449
383
450
384
451
385
452
386
453
387
454
388
455
389
456
390
457
391
458
392
459
393
460
394
461
395
462
396
463
397
464
398
465
399
466
400
467
401
468
402
469
403
470
404
471
405
472
406
473
407
474
475
409
476
410
477
411
478
412
479
413
480
414
481
415
482
416
483
417
484
418
485
419
486
420
487
421
488
422
489
423
490
424
491
425
492
426
493
427
494
428
495
429
496
430
497
431
498
432
499
433
500
434
501
435
502
436
503
437
504
438
505
439
506
440
507
441
508
442
509
443
510
444
511
445
512
446
513
447
514
448
515
449
516
450
517
451
518
452
519
453
520
454
521
455
522
456
523
457
524
458
525
459
526
460
527
461
528
462
529
463
530
464
531
465
532
466
533
467
534
468
535
469
536
470
537
471
538
472
539
473
540
474
541
475
542
543
477
544
478
545
479
546
480
547
481
548
482
549
483
550
484
551
485
552
486
553
487
554
488
555
489
556
490
557
491
558
492
559
493
560
494
561
495
562
496
563
497
564
498
565
499
566
500
567
501
568
502
569
503
570
504
571
505
572
506
573
507
574
508
575
509
576
510
577
511
578
512
579
513
580
514
581
515
582
516
583
517
584
518
585
519
586
520
587
521
588
522
589
523
590
524
591
525
592
526
593
527
594
528
595
529
596
530
597
531
598
532
599
533
600
534
601
535
602
536
603
537
604
538
605
539
606
540
607
541
608
542
609
543
610
611
545
612
546
613
547
614
548
615
549
616
550
617
551
618
552
619
553
620
554
621
555
622
556
623
557
624
558
625
559
626
560
627
561
628
562
629
563
630
564
631
565
632
566
633
567
634
568
635
569
636
570
637
571
638
572
639
573
640
574
641
575
642
576
643
577
644
578
645
579
646
580
647
581
648
582
649
583
650
584
651
585
652
586
653
587
654
588
655
589
656
590
657
591
658
592
659
593
660
594
661
595
662
596
663
597
664
598
665
599
666
600
667
601
668
602
669
603
670
604
671
605
672
606
673
607
674
608
675
609
676
610
677
611
678
679
613
681
614
682
615
683
616
684
617
685
618
686
619
687
620
688
621
689
622
690
623
691
624
692
625
693
626
694
627
695
628
696
629
697
630
698
631
699
632
700
633
701
634
702
635
703
636
704
637
705
638
706
639
707
640
708
641
709
642
710
643
711
644
712
645
713
646
714
647
715
648
716
649
717
650
718
651
719
652
720
653
721
654
722
655
723
656
724
657
725
658
726
659
727
660
728
661
729
662
730
663
731
664
732
665
733
666
734
667
735
668
736
669
737
670
738
671
739
672
740
673
741
674
742
675
743
676
744
677
745
678
746
679
747
680
748
749
682
751
683
752
684
753
685
754
686
755
687
756
688
757
689
758
690
759
691
760
692
761
693
762
694
763
695
764
696
765
697
766
698
767
699
768
700
769
701
770
702
771
703
772
704
773
705
774
706
775
707
776
708
777
709
778
710
779
711
780
712
781
713
782
714
783
715
784
716
785
717
786
718
787
719
788
720
789
721
790
722
791
723
792
724
793
725
794
726
795
727
796
728
797
729
798
730
799
731
800
732
801
733
802
734
803
735
804
736
805
737
806
738
807
739
808
740
809
741
810
742
811
743
812
744
813
745
814
746
815
747
816
748
817
749
818
750
819
820
752
822
753
823
754
824
755
825
756
826
757
827
758
828
759
829
760
830
761
831
762
832
763
833
764
834
765
835
766
836
767
837
768
838
769
839
770
840
771
841
772
842
773
843
774
844
775
845
776
846
777
847
778
848
779
849
780
850
781
851
782
852
783
853
784
854
785
855
786
856
787
857
788
858
789
859
790
860
791
861
792
862
793
863
794
864
795
865
796
866
797
867
798
868
799
869
800
870
801
871
802
872
803
873
804
874
805
875
806
876
807
877
808
878
809
879
810
880
811
881
812
882
813
883
814
884
815
885
816
886
817
887
818
888
819
889
820
890
821
891
892
823
893
824
894
825
895
826
896
827
897
828
898
829
899
830
900
831
901
832
902
833
903
834
904
835
905
836
906
837
907
838
908
839
909
840
910
841
911
842
912
843
913
844
914
845
915
846
916
847
917
848
918
849
919
850
920
851
921
852
922
853
923
854
924
855
925
856
926
857
927
858
928
859
929
860
930
861
931
862
932
863
933
864
934
865
935
866
936
867
937
868
938
869
939
870
940
871
941
872
942
873
943
874
944
875
945
876
946
877
947
878
948
879
949
880
950
881
951
882
952
883
953
884
954
885
955
886
956
887
957
888
958
889
959
890
960
891
961
892
962
963
894
964
895
965
896
966
897
967
898
968
899
969
900
970
901
971
902
972
903
973
904
974
905
975
906
976
907
977
908
978
909
979
910
980
911
981
912
982
913
983
914
984
915
985
916
986
917
987
918
988
919
989
920
990
921
991
922
992
923
993
924
994
925
995
926
996
927
997
928
998
929
999
930
1000
931
1001
932
1002
933
1003
934
1004
935
1005
936
1006
937
1007
938
1008
939
1009
940
1010
941
1011
942
1012
943
1013
944
1014
945
1015
946
1016
947
1017
948
1018
949
1019
950
1020
951
1021
952
1022
953
1023
954
1024
955
1025
956
1026
957
1027
958
1028
959
1029
960
1030
961
1031
962
1032
963
1033
1034
965
1035
966
1036
967
1037
968
1038
969
1039
970
1040
971
1041
972
1042
973
1043
974
1044
975
1045
976
1046
977
1047
978
1048
979
1049
980
1050
981
1051
982
1052
983
1053
984
1054
985
1055
986
1056
987
1057
988
1058
989
1059
990
1060
991
1061
992
1062
993
1063
994
1064
995
1065
996
1066
997
1067
998
1068
999
1069
1000
1070
1001
1071
1002
1072
1003
1073
1004
1074
1005
1075
1006
1076
1007
1077
1008
1078
1009
1079
1010
1080
1011
1081
1012
1082
1013
1083
1014
1084
1015
1085
1016
1086
1017
1087
1018
1088
1019
1089
1020
1090
1021
1091
1022
1092
1023
1093
1024
1094
1025
1095
1026
1096
1027
1097
1028
1098
1029
1099
1030
1100
1031
1101
1032
1102
1033
1103
1034
1104
1105
1036
1106
1037
1107
1038
1108
1039
1109
1040
1110
1041
1111
1042
1112
1043
1113
1044
1114
1045
1115
1046
1116
1047
1117
1048
1118
1049
1119
1050
1120
1051
1121
1052
1122
1053
1123
1054
1124
1055
1125
1056
1126
1057
1127
1058
1128
1059
1129
1060
1130
1061
1131
1062
1132
1063
1133
1064
1134
1065
1135
1066
1136
1067
1137
1068
1138
1069
1139
1070
1140
1071
1141
1072
1142
1073
1143
1074
1144
1075
1145
1076
1146
1077
1147
1078
1148
1079
1149
1080
1150
1081
1151
1082
1152
1083
1153
1084
1154
1085
1155
1086
1156
1087
1157
1088
1158
1089
1159
1090
1160
1091
1161
1092
1162
1093
1163
1094
1164
1095
1165
1096
1166
1097
1167
1098
1168
1099
1169
1100
1170
1101
1171
1102
1172
1103
1173
1104
1174
1105
1175
1176
1107
1177
1108
1178
1109
1179
1110
1180
1111
1181
1112
1182
1113
1183
1114
1184
1115
1185
1116
1186
1117
1187
1118
1188
1119
1189
1120
1190
1121
1191
1122
1192
1123
1193
1124
1194
1125
1195
1126
1196
1127
1197
1128
1198
1129
1199
1130
1200
1131
1201
1132
1202
1133
1203
1134
1204
1135
1205
1136
1206
1137
1207
1138
1208
1139
1209
1140
1210
1141
1211
1142
1212
1143
1213
1144
1214
1145
1215
1146
1216
1147
1217
1148
1218
1149
1219
1150
1220
1151
1221
1152
1222
1153
1223
1154
1224
1155
1225
1156
1226
1157
1227
1158
1228
1159
1229
1160
1230
1161
1231
1162
1232
1163
1233
1164
1234
1165
1235
1166
1236
1167
1237
1168
1238
1169
1239
1170
1240
1171
1241
1172
1242
1173
1243
1174
1244
1175
1245
1176
1246
1247
1178
1248
1179
1249
1180
1250
1181
1251
1182
1252
1183
1253
1184
1254
1185
1255
1186
1256
1187
1257
1188
1258
1189
1259
1190
1260
1191
1261
1192
1262
1193
1263
1194
1264
1195
1265
1196
1266
1197
1267
1198
1268
1199
1269
1200
1270
1201
1271
1202
1272
1203
1273
1204
1274
1205
1275
1206
1276
1207
1277
1208
1278
1209
1279
1210
1280
1211
1281
1212
1282
1213
1283
1214
1284
1215
1285
1216
1286
1217
1287
1218
1288
1219
1289
1220
1290
1221
1291
1222
1292
1223
1293
1224
1294
1225
1295
1226
1296
1227
1297
1228
1298
1229
1299
1230
1300
1231
1301
1232
1302
1233
1303
1234
1304
1235
1305
1236
1306
1237
1307
1238
1308
1239
1309
1240
1310
1241
1311
1242
1312
1243
1313
1244
1314
1245
1315
1246
1316
1247
1317
1318
1249
1319
1250
1320
1251
1321
1252
1322
1253
1323
1254
1324
1255
1325
1256
1326
1257
1327
1258
1328
1259
1329
1260
1330
1261
1331
1262
1332
1263
1333
1264
1334
1265
1335
1266
1336
1267
1337
1268
1338
1269
1339
1270
1340
1271
1341
1272
1342
1273
1343
1274
1344
1275
1345
1276
1346
1277
1347
1278
1348
1279
1349
1280
1350
1281
1351
1282
1352
1283
1353
1284
1354
1285
1355
1286
1356
1287
1357
1288
1358
1289
1359
1290
1360
1291
1361
1292
1362
1293
1363
1294
1364
1295
1365
1296
1366
1297
1367
1298
1368
1299
1369
1300
1370
1301
1371
1302
1372
1303
1373
1304
1374
1305
1375
1306
1376
1307
1377
1308
1378
1309
1379
1310
1380
1311
1381
1312
1382
1313
1383
1314
1384
1315
1385
1316
1386
1317
1387
1318
1388
1389
1320
1398
1321
1399
1322
1400
1323
1401
1324
1402
1325
1403
1326
1404
1327
1405
1328
1406
1329
1407
1330
1408
1331
1409
1332
1410
1333
1411
1334
1412
1335
1413
1336
1414
1337
1415
1338
1416
1339
1417
1340
1418
1341
1419
1342
1420
1343
1421
1344
1422
1345
1423
1346
1424
1347
1425
1348
1426
1349
1427
1350
1428
1351
1429
1352
1430
1353
1431
1354
1432
1355
1433
1356
1434
1357
1435
1358
1436
1359
1437
1360
1438
1361
1439
1362
1440
1363
1441
1364
1442
1365
1443
1366
1444
1367
1445
1368
1446
1369
1447
1370
1448
1371
1449
1372
1450
1373
1451
1374
1452
1375
1453
1376
1454
1377
1455
1378
1456
1379
1457
1380
1458
1381
1459
1382
1460
1383
1461
1384
1462
1385
1463
1386
1464
1387
1465
1388
1466
1389
1467
1468
1391
1469
1392
1470
1393
1471
1394
1472
1395
1473
1396
1474
1397
1475
1398
1476
1399
1477
1400
1478
1401
1479
1402
1480
1403
1481
1404
1482
1405
1483
1406
1484
1407
1485
1408
1486
1409
1487
1410
1488
1411
1489
1412
1490
1413
1491
1414
1492
1415
1493
1416
1494
1417
1495
1418
1496
1419
1497
1420
1498
1421
1499
1422
1500
1423
1501
1424
1502
1425
1503
1426
1504
1427
1505
1428
1506
1429
1507
1430
1508
1431
1509
1432
1510
1433
1511
1434
1512
1435
1513
1436
1514
1437
1515
1438
1516
1439
1517
1440
1518
1441
1519
1442
1520
1443
1521
1444
1522
1445
1523
1446
1524
1447
1525
1448
1526
1449
1527
1450
1528
1451
1529
1452
1530
1453
1531
1454
1532
1455
1533
1456
1534
1457
1535
1458
1536
1459
1537
1460
1538
1461
1539
1462
1540
1463
1541
1464
1542
1465
1543
1466
1544
1467
1545
1468
1546
1547
1470
1548
1471
1549
1472
1550
1473
1551
1474
1552
1475
1553
1476
1554
1477
1555
1478
1556
1479
1557
1480
1558
1481
1559
1482
1560
1483
1561
1484
1562
1485
1563
1486
1564
1487
1565
1488
1566
1489
1567
1490
1568
1491
1569
1492
1570
1493
1571
1494
1572
1495
1573
1496
1574
1497
1575
1498
1576
1499
1577
1500
1578
1501
1579
1502
1580
1503
1581
1504
1582
1505
1583
1506
1584
1507
1585
1508
1586
1509
1587
1510
1588
1511
1589
1512
1590
1513
1591
1514
1592
1515
1593
1516
1594
1517
1595
1518
1596
1519
1597
1520
1598
1521
1599
1522
1600
1523
1601
1524
1602
1525
1603
1526
1604
1527
1605
1528
1606
1529
1607
1530
1608
1531
1609
1532
1610
1533
1611
1534
1612
1535
1613
1536
1614
1537
1615
1538
1616
1539
1617
1540
1618
1541
1619
1542
1620
1543
1621
1544
1622
1545
1623
1546
1624
1547
1625
1626
1549
1627
1550
1628
1551
1629
1552
1630
1553
1631
1554
1632
1555
1633
1556
1634
1557
1635
1558
1636
1559
1637
1560
1638
1561
1639
1562
1640
1563
1641
1564
1642
1565
1643
1566
1644
1567
1645
1568
1646
1569
1647
1570
1648
1571
1649
1572
1650
1573
1651
1574
1652
1575
1653
1576
1654
1577
1655
1578
1656
1579
1657
1580
1658
1581
1659
1582
1660
1583
1661
1584
1662
1585
1663
1586
1664
1587
1665
1588
1666
1589
1667
1590
1668
1591
1669
1592
1670
1593
1671
1594
1672
1595
1673
1596
1674
1597
1675
1598
1676
1599
1677
1600
1678
1601
1679
1602
1680
1603
1681
1604
1682
1605
1683
1606
1684
1607
1685
1608
1686
1609
1687
1610
1688
1611
1689
1612
1690
1613
1691
1614
1692
1615
1693
1616
1694
1617
1695
1618
1696
1619
1697
1620
1698
1621
1699
1622
1700
1623
1701
1624
1702
1625
1703
1626
1704
1705
1628
1706
1629
1707
1630
1708
1631
1709
1632
1710
1633
1711
1634
1712
1635
1713
1636
1714
1637
1715
1638
1716
1639
1717
1640
1718
1641
1719
1642
1720
1643
1721
1644
1722
1645
1723
1646
1724
1647
1725
1648
1726
1649
1727
1650
1728
1651
1729
1652
1730
1653
1731
1654
1732
1655
1733
1656
1734
1657
1735
1658
1736
1659
1737
1660
1738
1661
1739
1662
1740
1663
1741
1664
1742
1665
1743
1666
1744
1667
1745
1668
1746
1669
1747
1670
1748
1671
1749
1672
1750
1673
1751
1674
1752
1675
1753
1676
1754
1677
1755
1678
1756
1679
1757
1680
1758
1681
1759
1682
1760
1683
1761
1684
1762
1685
1763
1686
1764
1687
1765
1688
1766
1689
1767
1690
1768
1691
1769
1692
1770
1693
1771
1694
1772
1695
1773
1696
1774
1697
1775
1698
1776
1699
1777
1700
1778
1701
1779
1702
1780
1703
1781
1704
1782
1705
1783
1784
1707
1785
1708
1786
1709
1787
1710
1788
1711
1789
1712
1790
1713
1791
1714
1792
1715
1793
1716
1794
1717
1795
1718
1796
1719
1797
1720
1798
1721
1799
1722
1800
1723
1801
1724
1802
1725
1803
1726
1804
1727
1805
1728
1806
1729
1807
1730
1808
1731
1809
1732
1810
1733
1811
1734
1812
1735
1813
1736
1814
1737
1815
1738
1816
1739
1817
1740
1818
1741
1819
1742
1820
1743
1821
1744
1822
1745
1823
1746
1824
1747
1825
1748
1826
1749
1827
1750
1828
1751
1829
1752
1830
1753
1831
1754
1832
1755
1833
1756
1834
1757
1835
1758
1836
1759
1837
1760
1838
1761
1839
1762
1840
1763
1841
1764
1842
1765
1843
1766
1844
1767
1845
1768
1846
1769
1847
1770
1848
1771
1849
1772
1850
1773
1851
1774
1852
1775
1853
1776
1854
1777
1855
1778
1856
1779
1857
1780
1858
1781
1859
1782
1860
1783
1861
1784
1862
1863
1786
1864
1787
1865
1788
1866
1789
1867
1790
1868
1791
1869
1792
1870
1793
1871
1794
1872
1795
1873
1796
1874
1797
1875
1798
1876
1799
1877
1800
1878
1801
1879
1802
1880
1803
1881
1804
1882
1805
1883
1806
1884
1807
1885
1808
1886
1809
1887
1810
1888
1811
1889
1812
1890
1813
1891
1814
1892
1815
1893
1816
1894
1817
1895
1818
1896
1819
1897
1820
1898
1821
1899
1822
1900
1823
1901
1824
1902
1825
1903
1826
1904
1827
1905
1828
1906
1829
1907
1830
1908
1831
1909
1832
1910
1833
1911
1834
1912
1835
1913
1836
1914
1837
1915
1838
1916
1839
1917
1840
1918
1841
1919
1842
1920
1843
1921
1844
1922
1845
1923
1846
1924
1847
1925
1848
1926
1849
1927
1850
1928
1851
1929
1852
1930
1853
1931
1854
1932
1855
1933
1856
1934
1857
1935
1858
1936
1859
1937
1860
1938
1861
1939
1862
1940
1863
1941
1942
1865
1943
1866
1944
1867
1945
1868
1946
1869
1947
1870
1948
1871
1949
1872
1950
1873
1951
1874
1952
1875
1953
1876
1954
1877
1955
1878
1956
1879
1957
1880
1958
1881
1959
1882
1960
1883
1961
1884
1962
1885
1963
1886
1964
1887
1965
1888
1966
1889
1967
1890
1968
1891
1969
1892
1970
1893
1971
1894
1972
1895
1973
1896
1974
1897
1975
1898
1976
1899
1977
1900
1978
1901
1979
1902
1980
1903
1981
1904
1982
1905
1983
1906
1984
1907
1985
1908
1986
1909
1987
1910
1988
1911
1989
1912
1990
1913
1991
1914
1992
1915
1993
1916
1994
1917
1995
1918
1996
1919
1997
1920
1998
1921
1999
1922
2000
1923
2001
1924
2002
1925
2003
1926
2004
1927
2005
1928
2006
1929
2007
1930
2008
1931
2009
1932
2010
1933
2011
1934
2012
1935
2013
1936
2014
1937
2015
1938
2016
1939
2017
1940
2018
1941
2019
1942
2020
2021
1944
2022
1945
2023
1946
2024
1947
2025
1948
2026
1949
2027
1950
2028
1951
2029
1952
2030
1953
2031
1954
2032
1955
2033
1956
2034
1957
2035
1958
2036
1959
2037
1960
2038
1961
2039
1962
2040
1963
2041
1964
2042
1965
2043
1966
2044
1967
2045
1968
2046
1969
2047
1970
2048
1971
2049
1972
2050
1973
2051
1974
2052
1975
2053
1976
2054
1977
2055
1978
2056
1979
2057
1980
2058
1981
2059
1982
2060
1983
2061
1984
2062
1985
2063
1986
2064
1987
2065
1988
2066
1989
2067
1990
2068
1991
2069
1992
2070
1993
2071
1994
2072
1995
2073
1996
2074
1997
2075
1998
2076
1999
2077
2000
2078
2001
2079
2002
2080
2003
2081
2004
2082
2005
2083
2006
2084
2007
2085
2008
2086
2009
2087
2010
2088
2011
2089
2012
2090
2013
2091
2014
2092
2015
2093
2016
2094
2017
2095
2018
2096
2019
2097
2020
2098
2021
2099
2100
2023
2101
2024
2102
2025
2103
2026
2104
2027
2105
2028
2106
2029
2107
2030
2108
2031
2109
2032
2110
2033
2111
2034
2112
2035
2113
2036
2114
2037
2115
2038
2116
2039
2117
2040
2118
2041
2119
2042
2120
2043
2121
2044
2122
2045
2123
2046
2124
2047
2125
2048
2126
2049
2127
2050
2128
2051
2129
2052
2130
2053
2131
2054
2132
2055
2133
2056
2134
2057
2135
2058
2136
2059
2137
2060
2138
2061
2139
2062
2140
2063
2141
2064
2142
2065
2143
2066
2144
2067
2145
2068
2146
2069
2147
2070
2148
2071
2149
2072
2150
2073
2151
2074
2152
2075
2153
2076
2154
2077
2155
2078
2156
2079
2157
2080
2158
2081
2159
2082
2160
2083
2161
2084
2162
2085
2163
2086
2164
2087
2165
2088
2166
2089
2167
2090
2168
2091
2169
2092
2170
2093
2171
2094
2172
2095
2173
2096
2174
2097
2175
2098
2176
2099
2177
2100
2178
2179
2102
2181
2103
2182
2104
2183
2105
2184
2106
2185
2107
2186
2108
2187
2109
2188
2110
2189
2111
2190
2112
2191
2113
2192
2114
2193
2115
2194
2116
2195
2117
2196
2118
2197
2119
2198
2120
2199
2121
2200
2122
2201
2123
2202
2124
2203
2125
2204
2126
2205
2127
2206
2128
2207
2129
2208
2130
2209
2131
2210
2132
2211
2133
2212
2134
2213
2135
2214
2136
2215
2137
2216
2138
2217
2139
2218
2140
2219
2141
2220
2142
2221
2143
2222
2144
2223
2145
2224
2146
2225
2147
2226
2148
2227
2149
2228
2150
2229
2151
2230
2152
2231
2153
2232
2154
2233
2155
2234
2156
2235
2157
2236
2158
2237
2159
2238
2160
2239
2161
2240
2162
2241
2163
2242
2164
2243
2165
2244
2166
2245
2167
2246
2168
2247
2169
2248
2170
2249
2171
2250
2172
2251
2173
2252
2174
2253
2175
2254
2176
2255
2177
2256
2178
2257
2179
2258
2180
2259
2260
2182
2261
2183
2262
2184
2263
2185
2264
2186
2265
2187
2266
2188
2267
2189
2268
2190
2269
2191
2270
2192
2271
2193
2272
2194
2273
2195
2274
2196
2275
2197
2276
2198
2277
2199
2278
2200
2279
2201
2280
2202
2281
2203
2282
2204
2283
2205
2284
2206
2285
2207
2286
2208
2287
2209
2288
2210
2289
2211
2290
2212
2291
2213
2292
2214
2293
2215
2294
2216
2295
2217
2296
2218
2297
2219
2298
2220
2299
2221
2300
2222
2301
2223
2302
2224
2303
2225
2304
2226
2305
2227
2306
2228
2307
2229
2308
2230
2309
2231
2310
2232
2311
2233
2312
2234
2313
2235
2314
2236
2315
2237
2316
2238
2317
2239
2318
2240
2319
2241
2320
2242
2321
2243
2322
2244
2323
2245
2324
2246
2325
2247
2326
2248
2327
2249
2328
2250
2329
2251
2330
2252
2331
2253
2332
2254
2333
2255
2334
2256
2335
2257
2336
2258
2337
2259
2338
2260
2339
2340
2262
2342
2263
2343
2264
2344
2265
2345
2266
2346
2267
2347
2268
2348
2269
2349
2270
2350
2271
2351
2272
2352
2273
2353
2274
2354
2275
2355
2276
2356
2277
2357
2278
2358
2279
2359
2280
2360
2281
2361
2282
2362
2283
2363
2284
2364
2285
2365
2286
2366
2287
2367
2288
2368
2289
2369
2290
2370
2291
2371
2292
2372
2293
2373
2294
2374
2295
2375
2296
2376
2297
2377
2298
2378
2299
2379
2300
2380
2301
2381
2302
2382
2303
2383
2304
2384
2305
2385
2306
2386
2307
2387
2308
2388
2309
2389
2310
2390
2311
2391
2312
2392
2313
2393
2314
2394
2315
2395
2316
2396
2317
2397
2318
2398
2319
2399
2320
2400
2321
2401
2322
2402
2323
2403
2324
2404
2325
2405
2326
2406
2327
2407
2328
2408
2329
2409
2330
2410
2331
2411
2332
2412
2333
2413
2334
2414
2335
2415
2336
2416
2337
2417
2338
2418
2339
2419
2340
2420
2421
2342
2422
2343
2423
2344
2424
2345
2425
2346
2426
2347
2427
2348
2428
2349
2429
2350
2430
2351
2431
2352
2432
2353
2433
2354
2434
2355
2435
2356
2436
2357
2437
2358
2438
2359
2439
2360
2440
2361
2441
2362
2442
2363
2443
2364
2444
2365
2445
2366
2446
2367
2447
2368
2448
2369
2449
2370
2450
2371
2451
2372
2452
2373
2453
2374
2454
2375
2455
2376
2456
2377
2457
2378
2458
2379
2459
2380
2460
2381
2461
2382
2462
2383
2463
2384
2464
2385
2465
2386
2466
2387
2467
2388
2468
2389
2469
2390
2470
2391
2471
2392
2472
2393
2473
2394
2474
2395
2475
2396
2476
2397
2477
2398
2478
2399
2479
2400
2480
2401
2481
2402
2482
2403
2483
2404
2484
2405
2485
2406
2486
2407
2487
2408
2488
2409
2489
2410
2490
2411
2491
2412
2492
2413
2493
2414
2494
2415
2495
2416
2496
2417
2497
2418
2498
2419
2499
2420
2500
2421
2501
2502
2423
2503
2424
2504
2425
2505
2426
2506
2427
2507
2428
2508
2429
2509
2430
2510
2431
2511
2432
2512
2433
2513
2434
2514
2435
2515
2436
2516
2437
2517
2438
2518
2439
2519
2440
2520
2441
2521
2442
2522
2443
2523
2444
2524
2445
2525
2446
2526
2447
2527
2448
2528
2449
2529
2450
2530
2451
2531
2452
2532
2453
2533
2454
2534
2455
2535
2456
2536
2457
2537
2458
2538
2459
2539
2460
2540
2461
2541
2462
2542
2463
2543
2464
2544
2465
2545
2466
2546
2467
2547
2468
2548
2469
2549
2470
2550
2471
2551
2472
2552
2473
2553
2474
2554
2475
2555
2476
2556
2477
2557
2478
2558
2479
2559
2480
2560
2481
2561
2482
2562
2483
2563
2484
2564
2485
2565
2486
2566
2487
2567
2488
2568
2489
2569
2490
2570
2491
2571
2492
2572
2493
2573
2494
2574
2495
2575
2496
2576
2497
2577
2498
2578
2499
2579
2500
2580
2501
2581
2502
2582
2583
2504
2584
2505
2585
2506
2586
2507
2587
2508
2588
2509
2589
2510
2590
2511
2591
2512
2592
2513
2593
2514
2594
2515
2595
2516
2596
2517
2597
2518
2598
2519
2599
2520
2600
2521
2601
2522
2602
2523
2603
2524
2604
2525
2605
2526
2606
2527
2607
2528
2608
2529
2609
2530
2610
2531
2611
2532
2612
2533
2613
2534
2614
2535
2615
2536
2616
2537
2617
2538
2618
2539
2619
2540
2620
2541
2621
2542
2622
2543
2623
2544
2624
2545
2625
2546
2626
2547
2627
2548
2628
2549
2629
2550
2630
2551
2631
2552
2632
2553
2633
2554
2634
2555
2635
2556
2636
2557
2637
2558
2638
2559
2639
2560
2640
2561
2641
2562
2642
2563
2643
2564
2644
2565
2645
2566
2646
2567
2647
2568
2648
2569
2649
2570
2650
2571
2651
2572
2652
2573
2653
2574
2654
2575
2655
2576
2656
2577
2657
2578
2658
2579
2659
2580
2660
2581
2661
2582
2662
2583
2663
2664
2585
2665
2586
2666
2587
2667
2588
2668
2589
2669
2590
2670
2591
2671
2592
2672
2593
2673
2594
2674
2595
2675
2596
2676
2597
2677
2598
2678
2599
2679
2600
2680
2601
2681
2602
2682
2603
2683
2604
2684
2605
2685
2606
2686
2607
2687
2608
2688
2609
2689
2610
2690
2611
2691
2612
2692
2613
2693
2614
2694
2615
2695
2616
2696
2617
2697
2618
2698
2619
2699
2620
2700
2621
2701
2622
2702
2623
2703
2624
2704
2625
2705
2626
2706
2627
2707
2628
2708
2629
2709
2630
2710
2631
2711
2632
2712
2633
2713
2634
2714
2635
2715
2636
2716
2637
2717
2638
2718
2639
2719
2640
2720
2641
2721
2642
2722
2643
2723
2644
2724
2645
2725
2646
2726
2647
2727
2648
2728
2649
2729
2650
2730
2651
2731
2652
2732
2653
2733
2654
2734
2655
2735
2656
2736
2657
2737
2658
2738
2659
2739
2660
2740
2661
2741
2662
2742
2663
2743
2664
2744
2745
2666
2746
2667
2747
2668
2748
2669
2749
2670
2750
2671
2751
2672
2752
2673
2753
2674
2754
2675
2755
2676
2756
2677
2757
2678
2758
2679
2759
2680
2760
2681
2761
2682
2762
2683
2763
2684
2764
2685
2765
2686
2766
2687
2767
2688
2768
2689
2769
2690
2770
2691
2771
2692
2772
2693
2773
2694
2774
2695
2775
2696
2776
2697
2777
2698
2778
2699
2779
2700
2780
2701
2781
2702
2782
2703
2783
2704
2784
2705
2785
2706
2786
2707
2787
2708
2788
2709
2789
2710
2790
2711
2791
2712
2792
2713
2793
2714
2794
2715
2795
2716
2796
2717
2797
2718
2798
2719
2799
2720
2800
2721
2801
2722
2802
2723
2803
2724
2804
2725
2805
2726
2806
2727
2807
2728
2808
2729
2809
2730
2810
2731
2811
2732
2812
2733
2813
2734
2814
2735
2815
2736
2816
2737
2817
2738
2818
2739
2819
2740
2820
2741
2821
2742
2822
2743
2823
2744
2824
2745
2825
2826
2747
2827
2748
2828
2749
2829
2750
2830
2751
2831
2752
2832
2753
2833
2754
2834
2755
2835
2756
2836
2757
2837
2758
2838
2759
2839
2760
2840
2761
2841
2762
2842
2763
2843
2764
2844
2765
2845
2766
2846
2767
2847
2768
2848
2769
2849
2770
2850
2771
2851
2772
2852
2773
2853
2774
2854
2775
2855
2776
2856
2777
2857
2778
2858
2779
2859
2780
2860
2781
2861
2782
2862
2783
2863
2784
2864
2785
2865
2786
2866
2787
2867
2788
2868
2789
2869
2790
2870
2791
2871
2792
2872
2793
2873
2794
2874
2795
2875
2796
2876
2797
2877
2798
2878
2799
2879
2800
2880
2801
2881
2802
2882
2803
2883
2804
2884
2805
2885
2806
2886
2807
2887
2808
2888
2809
2889
2810
2890
2811
2891
2812
2892
2813
2893
2814
2894
2815
2895
2816
2896
2817
2897
2818
2898
2819
2899
2820
2900
2821
2901
2822
2902
2823
2903
2824
2904
2825
2905
2826
2906
2907
2828
2908
2829
2909
2830
2910
2831
2911
2832
2912
2833
2913
2834
2914
2835
2915
2836
2916
2837
2917
2838
2918
2839
2919
2840
2920
2841
2921
2842
2922
2843
2923
2844
2924
2845
2925
2846
2926
2847
2927
2848
2928
2849
2929
2850
2930
2851
2931
2852
2932
2853
2933
2854
2934
2855
2935
2856
2936
2857
2937
2858
2938
2859
2939
2860
2940
2861
2941
2862
2942
2863
2943
2864
2944
2865
2945
2866
2946
2867
2947
2868
2948
2869
2949
2870
2950
2871
2951
2872
2952
2873
2953
2874
2954
2875
2955
2876
2956
2877
2957
2878
2958
2879
2959
2880
2960
2881
2961
2882
2962
2883
2963
2884
2964
2885
2965
2886
2966
2887
2967
2888
2968
2889
2969
2890
2970
2891
2971
2892
2972
2893
2973
2894
2974
2895
2975
2896
2976
2897
2977
2898
2978
2899
2979
2900
2980
2901
2981
2902
2982
2903
2983
2904
2984
2905
2985
2906
2986
2907
2987
2988
2909
2989
2910
2990
2911
2991
2912
2992
2913
2993
2914
2994
2915
2995
2916
2996
2917
2997
2918
2998
2919
2999
2920
3000
2921
3001
2922
3002
2923
3003
2924
3004
2925
3005
2926
3006
2927
3007
2928
3008
2929
3009
2930
3010
2931
3011
2932
3012
2933
3013
2934
3014
2935
3015
2936
3016
2937
3017
2938
3018
2939
3019
2940
3020
2941
3021
2942
3022
2943
3023
2944
3024
2945
3025
2946
3026
2947
3027
2948
3028
2949
3029
2950
3030
2951
3031
2952
3032
2953
3033
2954
3034
2955
3035
2956
3036
2957
3037
2958
3038
2959
3039
2960
3040
2961
3041
2962
3042
2963
3043
2964
3044
2965
3045
2966
3046
2967
3047
2968
3048
2969
3049
2970
3050
2971
3051
2972
3052
2973
3053
2974
3054
2975
3055
2976
3056
2977
3057
2978
3058
2979
3059
2980
3060
2981
3061
2982
3062
2983
3063
2984
3064
2985
3065
2986
3066
2987
3067
2988
3068
3069
2990
3070
2991
3071
2992
3072
2993
3073
2994
3074
2995
3075
2996
3076
2997
3077
2998
3078
2999
3079
3000
3080
3001
3081
3002
3082
3003
3083
3004
3084
3005
3085
3006
3086
3007
3087
3008
3088
3009
3089
3010
3090
3011
3091
3012
3092
3013
3093
3014
3094
3015
3095
3016
3096
3017
3097
3018
3098
3019
3099
3020
3100
3021
3101
3022
3102
3023
3103
3024
3104
3025
3105
3026
3106
3027
3107
3028
3108
3029
3109
3030
3110
3031
3111
3032
3112
3033
3113
3034
3114
3035
3115
3036
3116
3037
3117
3038
3118
3039
3119
3040
3120
3041
3121
3042
3122
3043
3123
3044
3124
3045
3125
3046
3126
3047
3127
3048
3128
3049
3129
3050
3130
3051
3131
3052
3132
3053
3133
3054
3134
3055
3135
3056
3136
3057
3137
3058
3138
3059
3139
3060
3140
3061
3141
3062
3142
3063
3143
3064
3144
3065
3145
3066
3146
3067
3147
3068
3148
3069
3149
3150
3071
3151
3072
3152
3073
3153
3074
3154
3075
3155
3076
3156
3077
3157
3078
3158
3079
3159
3080
3160
3081
3161
3082
3162
3083
3163
3084
3164
3085
3165
3086
3166
3087
3167
3088
3168
3089
3169
3090
3170
3091
3171
3092
3172
3093
3173
3094
3174
3095
3175
3096
3176
3097
3177
3098
3178
3099
3179
3100
3180
3101
3181
3102
3182
3103
3183
3104
3184
3105
3185
3106
3186
3107
3187
3108
3188
3109
3189
3110
3190
3111
3191
3112
3192
3113
3193
3114
3194
3115
3195
3116
3196
3117
3197
3118
3198
3119
3199
3120
3200
3121
3201
3122
3202
3123
3203
3124
3204
3125
3205
3126
3206
3127
3207
3128
3208
3129
3209
3130
3210
3131
3211
3132
3212
3133
3213
3134
3214
3135
3215
3136
3216
3137
3217
3138
3218
3139
3219
3140
3220
3141
3221
3142
3222
3143
3223
3144
3224
3145
3225
3146
3226
3147
3227
3148
3228
3149
3229
3150
3230
3231
3152
3232
3153
3233
3154
3234
3155
3235
3156
3236
3157
3237
3158
3238
3159
3239
3160
3240
3161
3241
3162
3242
3163
3243
3164
3244
3165
3245
3166
3246
3167
3247
3168
3248
3169
3249
3170
3250
3171
3251
3172
3252
3173
3253
3174
3254
3175
3255
3176
3256
3177
3257
3178
3258
3179
3259
3180
3260
3181
3261
3182
3262
3183
3263
3184
3264
3185
3265
3186
3266
3187
3267
3188
3268
3189
3269
3190
3270
3191
3271
3192
3272
3193
3273
3194
3274
3195
3275
3196
3276
3197
3277
3198
3278
3199
3279
3200
3280
3201
3281
3202
3282
3203
3283
3204
3284
3205
3285
3206
3286
3207
3287
3208
3288
3209
3289
3210
3290
3211
3291
3212
3292
3213
3293
3214
3294
3215
3295
3216
3296
3217
3297
3218
3298
3219
3299
3220
3300
3221
3301
3222
3302
3223
3303
3224
3304
3225
3305
3226
3306
3227
3228
3229
3230
3231
3233
3307
3234
3308
3235
3309
3236
3310
3237
3311
3238
3312
3239
3313
3240
3314
3241
3315
3242
3316
3243
3317
3244
3318
3245
3319
3246
3320
3247
3321
3248
3322
3249
3323
3250
3324
3251
3325
3252
3326
3253
3327
3254
3328
3255
3329
3256
3330
3257
3331
3258
3332
3259
3333
3260
3334
3261
3335
3262
3336
3263
3337
3264
3338
3265
3339
3266
3340
3267
3341
3268
3342
3269
3343
3270
3344
3271
3345
3272
3346
3273
3347
3274
3348
3275
3349
3276
3350
3277
3351
3278
3352
3279
3353
3280
3354
3281
3355
3282
3356
3283
3357
3284
3358
3285
3359
3286
3360
3287
3361
3288
3362
3289
3363
3290
3364
3291
3365
3292
3366
3293
3367
3294
3368
3295
3369
3296
3370
3297
3371
3298
3372
3299
3373
3300
3374
3301
3375
3302
3376
3303
3377
3304
3378
3305
3379
3306
3380
3381
3308
3382
3309
3383
3310
3384
3311
3385
3312
3386
3313
3387
3314
3388
3315
3389
3316
3390
3317
3391
3318
3392
3319
3393
3320
3394
3321
3395
3322
3396
3323
3397
3324
3398
3325
3399
3326
3400
3327
3401
3328
3402
3329
3403
3330
3404
3331
3405
3332
3406
3333
3407
3334
3408
3335
3409
3336
3410
3337
3411
3338
3412
3339
3413
3340
3414
3341
3415
3342
3416
3343
3417
3344
3418
3345
3419
3346
3420
3347
3421
3348
3422
3349
3423
3350
3424
3351
3425
3352
3426
3353
3427
3354
3428
3355
3429
3356
3430
3357
3431
3358
3432
3359
3433
3360
3434
3361
3435
3362
3436
3363
3437
3364
3438
3365
3439
3366
3440
3367
3441
3368
3442
3369
3443
3370
3444
3371
3445
3372
3446
3373
3447
3374
3448
3375
3449
3376
3450
3377
3451
3378
3452
3379
3453
3380
3454
3381
3455
3456
3383
3457
3384
3458
3385
3459
3386
3460
3387
3461
3388
3462
3389
3463
3390
3464
3391
3465
3392
3466
3393
3467
3394
3468
3395
3469
3396
3470
3397
3471
3398
3472
3399
3473
3400
3474
3401
3475
3402
3476
3403
3477
3404
3478
3405
3479
3406
3480
3407
3481
3408
3482
3409
3483
3410
3484
3411
3485
3412
3486
3413
3487
3414
3488
3415
3489
3416
3490
3417
3491
3418
3492
3419
3493
3420
3494
3421
3495
3422
3496
3423
3497
3424
3498
3425
3499
3426
3500
3427
3501
3428
3502
3429
3503
3430
3504
3431
3505
3432
3506
3433
3507
3434
3508
3435
3509
3436
3510
3437
3511
3438
3512
3439
3513
3440
3514
3441
3515
3442
3516
3443
3517
3444
3518
3445
3519
3446
3520
3447
3521
3448
3522
3449
3523
3450
3524
3451
3525
3452
3526
3453
3527
3454
3528
3455
3529
3456
3530
3531
3458
3532
3459
3533
3460
3534
3461
3535
3462
3536
3463
3537
3464
3538
3465
3539
3466
3540
3467
3541
3468
3542
3469
3543
3470
3544
3471
3545
3472
3546
3473
3547
3474
3548
3475
3549
3476
3550
3477
3551
3478
3552
3479
3553
3480
3554
3481
3555
3482
3556
3483
3557
3484
3558
3485
3559
3486
3560
3487
3561
3488
3562
3489
3563
3490
3564
3491
3565
3492
3566
3493
3567
3494
3568
3495
3569
3496
3570
3497
3571
3498
3572
3499
3573
3500
3574
3501
3575
3502
3576
3503
3577
3504
3578
3505
3579
3506
3580
3507
3581
3508
3582
3509
3583
3510
3584
3511
3585
3512
3586
3513
3587
3514
3588
3515
3589
3516
3590
3517
3591
3518
3592
3519
3593
3520
3594
3521
3595
3522
3596
3523
3597
3524
3598
3525
3599
3526
3600
3527
3601
3528
3602
3529
3603
3530
3604
3531
3605
3606
3533
3607
3534
3608
3535
3609
3536
3610
3537
3611
3538
3612
3539
3613
3540
3614
3541
3615
3542
3616
3543
3617
3544
3618
3545
3619
3546
3620
3547
3621
3548
3622
3549
3623
3550
3624
3551
3625
3552
3626
3553
3627
3554
3628
3555
3629
3556
3630
3557
3631
3558
3632
3559
3633
3560
3634
3561
3635
3562
3636
3563
3637
3564
3638
3565
3639
3566
3640
3567
3641
3568
3642
3569
3643
3570
3644
3571
3645
3572
3646
3573
3647
3574
3648
3575
3649
3576
3650
3577
3651
3578
3652
3579
3653
3580
3654
3581
3655
3582
3656
3583
3657
3584
3658
3585
3659
3586
3660
3587
3661
3588
3662
3589
3663
3590
3664
3591
3665
3592
3666
3593
3667
3594
3668
3595
3669
3596
3670
3597
3671
3598
3672
3599
3673
3600
3674
3601
3675
3602
3676
3603
3677
3604
3678
3605
3679
3606
3680
3681
3608
3682
3609
3683
3610
3684
3611
3685
3612
3686
3613
3687
3614
3688
3615
3689
3616
3690
3617
3691
3618
3692
3619
3693
3620
3694
3621
3695
3622
3696
3623
3697
3624
3698
3625
3699
3626
3700
3627
3701
3628
3702
3629
3703
3630
3704
3631
3705
3632
3706
3633
3707
3634
3708
3635
3709
3636
3710
3637
3711
3638
3712
3639
3713
3640
3714
3641
3715
3642
3716
3643
3717
3644
3718
3645
3719
3646
3720
3647
3721
3648
3722
3649
3723
3650
3724
3651
3725
3652
3726
3653
3727
3654
3728
3655
3729
3656
3730
3657
3731
3658
3732
3659
3733
3660
3734
3661
3735
3662
3736
3663
3737
3664
3738
3665
3739
3666
3740
3667
3741
3668
3742
3669
3743
3670
3744
3671
3745
3672
3746
3673
3747
3674
3748
3675
3749
3676
3750
3677
3751
3678
3752
3679
3753
3680
3754
3681
3755
3756
3683
3757
3684
3758
3685
3759
3686
3760
3687
3761
3688
3762
3689
3763
3690
3764
3691
3765
3692
3766
3693
3767
3694
3768
3695
3769
3696
3770
3697
3771
3698
3772
3699
3773
3700
3774
3701
3775
3702
3776
3703
3777
3704
3778
3705
3779
3706
3780
3707
3781
3708
3782
3709
3783
3710
3784
3711
3785
3712
3786
3713
3787
3714
3788
3715
3789
3716
3790
3717
3791
3718
3792
3719
3793
3720
3794
3721
3795
3722
3796
3723
3797
3724
3798
3725
3799
3726
3800
3727
3801
3728
3802
3729
3803
3730
3804
3731
3805
3732
3806
3733
3807
3734
3808
3735
3809
3736
3810
3737
3811
3738
3812
3739
3813
3740
3814
3741
3815
3742
3816
3743
3817
3744
3818
3745
3819
3746
3820
3747
3821
3748
3822
3749
3823
3750
3824
3751
3825
3752
3826
3753
3827
3754
3828
3755
3829
3756
3830
3758
3831
3759
3832
3760
3833
3761
3834
3762
3835
3763
3836
3764
3837
3765
3838
3766
3839
3767
3840
3768
3841
3769
3842
3770
3843
3771
3844
3772
3845
3773
3846
3774
3847
3775
3848
3776
3849
3777
3850
3778
3851
3779
3852
3780
3853
3781
3854
3782
3855
3783
3856
3784
3857
3785
3858
3786
3859
3787
3860
3788
3861
3789
3862
3790
3863
3791
3864
3792
3865
3793
3866
3794
3867
3795
3868
3796
3869
3797
3870
3798
3871
3799
3872
3800
3873
3801
3874
3802
3875
3803
3876
3804
3877
3805
3878
3806
3879
3807
3880
3808
3881
3809
3882
3810
3883
3811
3884
3812
3885
3813
3886
3814
3887
3815
3888
3816
3889
3817
3890
3818
3891
3819
3892
3820
3893
3821
3894
3822
3895
3823
3896
3824
3897
3825
3898
3826
3899
3827
3900
3828
3901
3829
3902
3830
3903
3904
3832
3905
3833
3906
3834
3907
3835
3908
3836
3909
3837
3910
3838
3911
3839
3912
3840
3913
3841
3914
3842
3915
3843
3916
3844
3917
3845
3918
3846
3919
3847
3920
3848
3921
3849
3922
3850
3923
3851
3924
3852
3925
3853
3926
3854
3927
3855
3928
3856
3929
3857
3930
3858
3931
3859
3932
3860
3933
3861
3934
3862
3935
3863
3936
3864
3937
3865
3938
3866
3939
3867
3940
3868
3941
3869
3942
3870
3943
3871
3944
3872
3945
3873
3946
3874
3947
3875
3948
3876
3949
3877
3950
3878
3951
3879
3952
3880
3953
3881
3954
3882
3955
3883
3956
3884
3957
3885
3958
3886
3959
3887
3960
3888
3961
3889
3962
3890
3963
3891
3964
3892
3965
3893
3966
3894
3967
3895
3968
3896
3969
3897
3970
3898
3971
3899
3972
3900
3973
3901
3974
3902
3975
3903
3976
3904
3977
3978
3906
3979
3907
3980
3908
3981
3909
3982
3910
3983
3911
3984
3912
3985
3913
3986
3914
3987
3915
3988
3916
3989
3917
3990
3918
3991
3919
3992
3920
3993
3921
3994
3922
3995
3923
3996
3924
3997
3925
3998
3926
3999
3927
4000
3928
4001
3929
4002
3930
4003
3931
4004
3932
4005
3933
4006
3934
4007
3935
4008
3936
4009
3937
4010
3938
4011
3939
4012
3940
4013
3941
4014
3942
4015
3943
4016
3944
4017
3945
4018
3946
4019
3947
4020
3948
4021
3949
4022
3950
4023
3951
4024
3952
4025
3953
4026
3954
4027
3955
4028
3956
4029
3957
4030
3958
4031
3959
4032
3960
4033
3961
4034
3962
4035
3963
4036
3964
4037
3965
4038
3966
4039
3967
4040
3968
4041
3969
4042
3970
4043
3971
4044
3972
4045
3973
4046
3974
4047
3975
4048
3976
4049
3977
4050
3978
4051
3980
4052
3981
4053
3982
4054
3983
4055
3984
4056
3985
4057
3986
4058
3987
4059
3988
4060
3989
4061
3990
4062
3991
4063
3992
4064
3993
4065
3994
4066
3995
4067
3996
4068
3997
4069
3998
4070
3999
4071
4000
4072
4001
4073
4002
4074
4003
4075
4004
4076
4005
4077
4006
4078
4007
4079
4008
4080
4009
4081
4010
4082
4011
4083
4012
4084
4013
4085
4014
4086
4015
4087
4016
4088
4017
4089
4018
4090
4019
4091
4020
4092
4021
4093
4022
4094
4023
4095
4024
4096
4025
4097
4026
4098
4027
4099
4028
4100
4029
4101
4030
4102
4031
4103
4032
4104
4033
4105
4034
4106
4035
4107
4036
4108
4037
4109
4038
4110
4039
4111
4040
4112
4041
4113
4042
4114
4043
4115
4044
4116
4045
4117
4046
4118
4047
4119
4048
4120
4049
4121
4050
4122
4051
4123
4124
4053
4125
4054
4126
4055
4127
4056
4128
4057
4129
4058
4130
4059
4131
4060
4132
4061
4133
4062
4134
4063
4135
4064
4136
4065
4137
4066
4138
4067
4139
4068
4140
4069
4141
4070
4142
4071
4143
4072
4144
4073
4145
4074
4146
4075
4147
4076
4148
4077
4149
4078
4150
4079
4151
4080
4152
4081
4153
4082
4154
4083
4155
4084
4156
4085
4157
4086
4158
4087
4159
4088
4160
4089
4161
4090
4162
4091
4163
4092
4164
4093
4165
4094
4166
4095
4167
4096
4168
4097
4169
4098
4170
4099
4171
4100
4172
4101
4173
4102
4174
4103
4175
4104
4176
4105
4177
4106
4178
4107
4179
4108
4180
4109
4181
4110
4182
4111
4183
4112
4184
4113
4185
4114
4186
4115
4187
4116
4188
4117
4189
4118
4190
4119
4191
4120
4192
4121
4193
4122
4194
4123
4195
4124
4196
4197
4126
4198
4127
4199
4128
4200
4129
4201
4130
4202
4131
4203
4132
4204
4133
4205
4134
4206
4135
4207
4136
4208
4137
4209
4138
4210
4139
4211
4140
4212
4141
4213
4142
4214
4143
4215
4144
4216
4145
4217
4146
4218
4147
4219
4148
4220
4149
4221
4150
4222
4151
4223
4152
4224
4153
4225
4154
4226
4155
4227
4156
4228
4157
4229
4158
4230
4159
4231
4160
4232
4161
4233
4162
4234
4163
4235
4164
4236
4165
4237
4166
4238
4167
4239
4168
4240
4169
4241
4170
4242
4171
4243
4172
4244
4173
4245
4174
4246
4175
4247
4176
4248
4177
4249
4178
4250
4179
4251
4180
4252
4181
4253
4182
4254
4183
4255
4184
4256
4185
4257
4186
4258
4187
4259
4188
4260
4189
4261
4190
4262
4191
4263
4192
4264
4193
4265
4194
4266
4195
4267
4196
4268
4197
4269
4270
4199
4271
4200
4272
4201
4273
4202
4274
4203
4275
4204
4276
4205
4277
4206
4278
4207
4279
4208
4280
4209
4281
4210
4282
4211
4283
4212
4284
4213
4285
4214
4286
4215
4287
4216
4288
4217
4289
4218
4290
4219
4291
4220
4292
4221
4293
4222
4294
4223
4295
4224
4296
4225
4297
4226
4298
4227
4299
4228
4300
4229
4301
4230
4302
4231
4303
4232
4304
4233
4305
4234
4306
4235
4307
4236
4308
4237
4309
4238
4310
4239
4311
4240
4312
4241
4313
4242
4314
4243
4315
4244
4316
4245
4317
4246
4318
4247
4319
4248
4320
4249
4321
4250
4322
4251
4323
4252
4324
4253
4325
4254
4326
4255
4327
4256
4328
4257
4329
4258
4330
4259
4331
4260
4332
4261
4333
4262
4334
4263
4335
4264
4336
4265
4337
4266
4338
4267
4339
4268
4340
4269
4341
4270
4342
4343
4272
4344
4273
4345
4274
4346
4275
4347
4276
4348
4277
4349
4278
4350
4279
4351
4280
4352
4281
4353
4282
4354
4283
4355
4284
4356
4285
4357
4286
4358
4287
4359
4288
4360
4289
4361
4290
4362
4291
4363
4292
4364
4293
4365
4294
4366
4295
4367
4296
4368
4297
4369
4298
4370
4299
4371
4300
4372
4301
4373
4302
4374
4303
4375
4304
4376
4305
4377
4306
4378
4307
4379
4308
4380
4309
4381
4310
4382
4311
4383
4312
4384
4313
4385
4314
4386
4315
4387
4316
4388
4317
4389
4318
4390
4319
4391
4320
4392
4321
4393
4322
4394
4323
4395
4324
4396
4325
4397
4326
4398
4327
4399
4328
4400
4329
4401
4330
4402
4331
4403
4332
4404
4333
4405
4334
4406
4335
4407
4336
4408
4337
4409
4338
4410
4339
4411
4340
4412
4341
4413
4342
4414
4343
4415
4416
4345
4417
4346
4418
4347
4419
4348
4420
4349
4421
4350
4422
4351
4423
4352
4424
4353
4425
4354
4426
4355
4427
4356
4428
4357
4429
4358
4430
4359
4431
4360
4432
4361
4433
4362
4434
4363
4435
4364
4436
4365
4437
4366
4438
4367
4439
4368
4440
4369
4441
4370
4442
4371
4443
4372
4444
4373
4445
4374
4446
4375
4447
4376
4448
4377
4449
4378
4450
4379
4451
4380
4452
4381
4453
4382
4454
4383
4455
4384
4456
4385
4457
4386
4458
4387
4459
4388
4460
4389
4461
4390
4462
4391
4463
4392
4464
4393
4465
4394
4466
4395
4467
4396
4468
4397
4469
4398
4470
4399
4471
4400
4472
4401
4473
4402
4474
4403
4475
4404
4476
4405
4477
4406
4478
4407
4479
4408
4480
4409
4481
4410
4482
4411
4483
4412
4484
4413
4485
4414
4486
4415
4487
4416
4488
4489
4418
4490
4419
4491
4420
4492
4421
4493
4422
4494
4423
4495
4424
4496
4425
4497
4426
4498
4427
4499
4428
4500
4429
4501
4430
4502
4431
4503
4432
4504
4433
4505
4434
4506
4435
4507
4436
4508
4437
4509
4438
4510
4439
4511
4440
4512
4441
4513
4442
4514
4443
4515
4444
4516
4445
4517
4446
4518
4447
4519
4448
4520
4449
4521
4450
4522
4451
4523
4452
4524
4453
4525
4454
4526
4455
4527
4456
4528
4457
4529
4458
4530
4459
4531
4460
4532
4461
4533
4462
4534
4463
4535
4464
4536
4465
4537
4466
4538
4467
4539
4468
4540
4469
4541
4470
4542
4471
4543
4472
4544
4473
4545
4474
4546
4475
4547
4476
4548
4477
4549
4478
4550
4479
4551
4480
4552
4481
4553
4482
4554
4483
4555
4484
4556
4485
4557
4486
4558
4487
4559
4488
4560
4489
4561
4562
4491
4563
4492
4564
4493
4565
4494
4566
4495
4567
4496
4568
4497
4569
4498
4570
4499
4571
4500
4572
4501
4573
4502
4574
4503
4575
4504
4576
4505
4577
4506
4578
4507
4579
4508
4580
4509
4581
4510
4582
4511
4583
4512
4584
4513
4585
4514
4586
4515
4587
4516
4588
4517
4589
4518
4590
4519
4591
4520
4592
4521
4593
4522
4594
4523
4595
4524
4596
4525
4597
4526
4598
4527
4599
4528
4600
4529
4601
4530
4602
4531
4603
4532
4604
4533
4605
4534
4606
4535
4607
4536
4608
4537
4609
4538
4610
4539
4611
4540
4612
4541
4613
4542
4614
4543
4615
4544
4616
4545
4617
4546
4618
4547
4619
4548
4620
4549
4621
4550
4622
4551
4623
4552
4624
4553
4625
4554
4626
4555
4627
4556
4628
4557
4629
4558
4630
4559
4631
4560
4632
4561
4633
4562
4634
4635
4564
4636
4565
4637
4566
4638
4567
4639
4568
4640
4569
4641
4570
4642
4571
4643
4572
4644
4573
4645
4574
4646
4575
4647
4576
4648
4577
4649
4578
4650
4579
4651
4580
4652
4581
4653
4582
4654
4583
4655
4584
4656
4585
4657
4586
4658
4587
4659
4588
4660
4589
4661
4590
4662
4591
4663
4592
4664
4593
4665
4594
4666
4595
4667
4596
4668
4597
4669
4598
4670
4599
4671
4600
4672
4601
4673
4602
4674
4603
4675
4604
4676
4605
4677
4606
4678
4607
4679
4608
4680
4609
4681
4610
4682
4611
4683
4612
4684
4613
4685
4614
4686
4615
4687
4616
4688
4617
4689
4618
4690
4619
4691
4620
4692
4621
4693
4622
4694
4623
4695
4624
4696
4625
4697
4626
4698
4627
4699
4628
4700
4629
4701
4630
4702
4631
4703
4632
4704
4633
4705
4634
4706
4635
4707
4708
4637
4709
4638
4710
4639
4711
4640
4712
4641
4713
4642
4714
4643
4715
4644
4716
4645
4717
4646
4718
4647
4719
4648
4720
4649
4721
4650
4722
4651
4723
4652
4724
4653
4725
4654
4726
4655
4727
4656
4728
4657
4729
4658
4730
4659
4731
4660
4732
4661
4733
4662
4734
4663
4735
4664
4736
4665
4737
4666
4738
4667
4739
4668
4740
4669
4741
4670
4742
4671
4743
4672
4744
4673
4745
4674
4746
4675
4747
4676
4748
4677
4749
4678
4750
4679
4751
4680
4752
4681
4753
4682
4754
4683
4755
4684
4756
4685
4757
4686
4758
4687
4759
4688
4760
4689
4761
4690
4762
4691
4763
4692
4764
4693
4765
4694
4766
4695
4767
4696
4768
4697
4769
4698
4770
4699
4771
4700
4772
4701
4773
4702
4774
4703
4775
4704
4776
4705
4777
4706
4778
4707
4779
4708
4780
4781
4710
4782
4711
4783
4712
4784
4713
4785
4714
4786
4715
4787
4716
4788
4717
4789
4718
4790
4719
4791
4720
4792
4721
4793
4722
4794
4723
4795
4724
4796
4725
4797
4726
4798
4727
4799
4728
4800
4729
4801
4730
4802
4731
4803
4732
4804
4733
4805
4734
4806
4735
4807
4736
4808
4737
4809
4738
4810
4739
4811
4740
4812
4741
4813
4742
4814
4743
4815
4744
4816
4745
4817
4746
4818
4747
4819
4748
4820
4749
4821
4750
4822
4751
4823
4752
4824
4753
4825
4754
4826
4755
4827
4756
4828
4757
4829
4758
4830
4759
4831
4760
4832
4761
4833
4762
4834
4763
4835
4764
4836
4765
4837
4766
4838
4767
4839
4768
4840
4769
4841
4770
4842
4771
4843
4772
4844
4773
4845
4774
4846
4775
4847
4776
4848
4777
4849
4778
4850
4779
4851
4780
4852
4781
4853
4854
4783
4855
4784
4856
4785
4857
4786
4858
4787
4859
4788
4860
4789
4861
4790
4862
4791
4863
4792
4864
4793
4865
4794
4866
4795
4867
4796
4868
4797
4869
4798
4870
4799
4871
4800
4872
4801
4873
4802
4874
4803
4875
4804
4876
4805
4877
4806
4878
4807
4879
4808
4880
4809
4881
4810
4882
4811
4883
4812
4884
4813
4885
4814
4886
4815
4887
4816
4888
4817
4889
4818
4890
4819
4891
4820
4892
4821
4893
4822
4894
4823
4895
4824
4896
4825
4897
4826
4898
4827
4899
4828
4900
4829
4901
4830
4902
4831
4903
4832
4904
4833
4905
4834
4906
4835
4907
4836
4908
4837
4909
4838
4910
4839
4911
4840
4912
4841
4913
4842
4914
4843
4915
4844
4916
4845
4917
4846
4918
4847
4919
4848
4920
4849
4921
4850
4922
4851
4923
4852
4924
4853
4925
4854
4926
4927
4856
4928
4857
4929
4858
4930
4859
4931
4860
4932
4861
4933
4862
4934
4863
4935
4864
4936
4865
4937
4866
4938
4867
4939
4868
4940
4869
4941
4870
4942
4871
4943
4872
4944
4873
4945
4874
4946
4875
4947
4876
4948
4877
4949
4878
4950
4879
4951
4880
4952
4881
4953
4882
4954
4883
4955
4884
4956
4885
4957
4886
4958
4887
4959
4888
4960
4889
4961
4890
4962
4891
4963
4892
4964
4893
4965
4894
4966
4895
4967
4896
4968
4897
4969
4898
4970
4899
4971
4900
4972
4901
4973
4902
4974
4903
4975
4904
4976
4905
4977
4906
4978
4907
4979
4908
4980
4909
4981
4910
4982
4911
4983
4912
4984
4913
4985
4914
4986
4915
4987
4916
4988
4917
4989
4918
4990
4919
4991
4920
4992
4921
4993
4922
4994
4923
4995
4924
4996
4925
4997
4926
4998
4927
4999
5000
4929
5001
4930
5002
4931
5003
4932
5004
4933
5005
4934
5006
4935
5007
4936
5008
4937
5009
4938
5010
4939
5011
4940
5012
4941
5013
4942
5014
4943
5015
4944
5016
4945
5017
4946
5018
4947
5019
4948
5020
4949
5021
4950
5022
4951
5023
4952
5024
4953
5025
4954
5026
4955
5027
4956
5028
4957
5029
4958
5030
4959
5031
4960
5032
4961
5033
4962
5034
4963
5035
4964
5036
4965
5037
4966
5038
4967
5039
4968
5040
4969
5041
4970
5042
4971
5043
4972
5044
4973
5045
4974
5046
4975
5047
4976
5048
4977
5049
4978
5050
4979
5051
4980
5052
4981
5053
4982
5054
4983
5055
4984
5056
4985
5057
4986
5058
4987
5059
4988
5060
4989
5061
4990
5062
4991
5063
4992
5064
4993
5065
4994
5066
4995
5067
4996
5068
4997
5069
4998
5070
4999
5071
5000
5072
5073
5002
5074
5003
5075
5004
5076
5005
5077
5006
5078
5007
5079
5008
5080
5009
5081
5010
5082
5011
5083
5012
5084
5013
5085
5014
5086
5015
5087
5016
5088
5017
5089
5018
5090
5019
5091
5020
5092
5021
5093
5022
5094
5023
5095
5024
5096
5025
5097
5026
5098
5027
5099
5028
5100
5029
5101
5030
5102
5031
5103
5032
5104
5033
5105
5034
5106
5035
5107
5036
5108
5037
5109
5038
5110
5039
5111
5040
5112
5041
5113
5042
5114
5043
5115
5044
5116
5045
5117
5046
5118
5047
5119
5048
5120
5049
5121
5050
5122
5051
5123
5052
5124
5053
5125
5054
5126
5055
5127
5056
5128
5057
5129
5058
5130
5059
5131
5060
5132
5061
5133
5062
5134
5063
5135
5064
5136
5065
5137
5066
5138
5067
5139
5068
5140
5069
5141
5070
5142
5071
5143
5072
5144
5073
5145
5146
5075
5147
5076
5148
5077
5149
5078
5150
5079
5151
5080
5152
5081
5153
5082
5154
5083
5155
5084
5156
5085
5157
5086
5158
5087
5159
5088
5160
5089
5161
5090
5162
5091
5163
5092
5164
5093
5165
5094
5166
5095
5167
5096
5168
5097
5169
5098
5170
5099
5171
5100
5172
5101
5173
5102
5174
5103
5175
5104
5176
5105
5177
5106
5178
5107
5179
5108
5180
5109
5181
5110
5182
5111
5183
5112
5184
5113
5185
5114
5186
5115
5187
5116
5188
5117
5189
5118
5190
5119
5191
5120
5192
5121
5193
5122
5194
5123
5195
5124
5196
5125
5197
5126
5198
5127
5199
5128
5200
5129
5201
5130
5202
5131
5203
5132
5204
5133
5205
5134
5206
5135
5207
5136
5208
5137
5209
5138
5210
5139
5211
5140
5212
5141
5213
5142
5214
5143
5215
5144
5216
5145
5217
5146
5218
5219
5148
5221
5149
5222
5150
5223
5151
5224
5152
5225
5153
5226
5154
5227
5155
5228
5156
5229
5157
5230
5158
5231
5159
5232
5160
5233
5161
5234
5162
5235
5163
5236
5164
5237
5165
5238
5166
5239
5167
5240
5168
5241
5169
5242
5170
5243
5171
5244
5172
5245
5173
5246
5174
5247
5175
5248
5176
5249
5177
5250
5178
5251
5179
5252
5180
5253
5181
5254
5182
5255
5183
5256
5184
5257
5185
5258
5186
5259
5187
5260
5188
5261
5189
5262
5190
5263
5191
5264
5192
5265
5193
5266
5194
5267
5195
5268
5196
5269
5197
5270
5198
5271
5199
5272
5200
5273
5201
5274
5202
5275
5203
5276
5204
5277
5205
5278
5206
5279
5207
5280
5208
5281
5209
5282
5210
5283
5211
5284
5212
5285
5213
5286
5214
5287
5215
5288
5216
5289
5217
5290
5218
5291
5219
5292
5220
5293
5294
5222
5295
5223
5296
5224
5297
5225
5298
5226
5299
5227
5300
5228
5301
5229
5302
5230
5303
5231
5304
5232
5305
5233
5306
5234
5307
5235
5308
5236
5309
5237
5310
5238
5311
5239
5312
5240
5313
5241
5314
5242
5315
5243
5316
5244
5317
5245
5318
5246
5319
5247
5320
5248
5321
5249
5322
5250
5323
5251
5324
5252
5325
5253
5326
5254
5327
5255
5328
5256
5329
5257
5330
5258
5331
5259
5332
5260
5333
5261
5334
5262
5335
5263
5336
5264
5337
5265
5338
5266
5339
5267
5340
5268
5341
5269
5342
5270
5343
5271
5344
5272
5345
5273
5346
5274
5347
5275
5348
5276
5349
5277
5350
5278
5351
5279
5352
5280
5353
5281
5354
5282
5355
5283
5356
5284
5357
5285
5358
5286
5359
5287
5360
5288
5361
5289
5362
5290
5363
5291
5364
5292
5365
5293
5366
5294
5367
5368
5296
5369
5297
5370
5298
5371
5299
5372
5300
5373
5301
5374
5302
5375
5303
5376
5304
5377
5305
5378
5306
5379
5307
5380
5308
5381
5309
5382
5310
5383
5311
5384
5312
5385
5313
5386
5314
5387
5315
5388
5316
5389
5317
5390
5318
5391
5319
5392
5320
5393
5321
5394
5322
5395
5323
5396
5324
5397
5325
5398
5326
5399
5327
5400
5328
5401
5329
5402
5330
5403
5331
5404
5332
5405
5333
5406
5334
5407
5335
5408
5336
5409
5337
5410
5338
5411
5339
5412
5340
5413
5341
5414
5342
5415
5343
5416
5344
5417
5345
5418
5346
5419
5347
5420
5348
5421
5349
5422
5350
5423
5351
5424
5352
5425
5353
5426
5354
5427
5355
5428
5356
5429
5357
5430
5358
5431
5359
5432
5360
5433
5361
5434
5362
5435
5363
5436
5364
5437
5365
5438
5366
5439
5367
5440
5368
5441
5442
5370
5443
5371
5444
5372
5445
5373
5446
5374
5447
5375
5448
5376
5449
5377
5450
5378
5451
5379
5452
5380
5453
5381
5454
5382
5455
5383
5456
5384
5457
5385
5458
5386
5459
5387
5460
5388
5461
5389
5462
5390
5463
5391
5464
5392
5465
5393
5466
5394
5467
5395
5468
5396
5469
5397
5470
5398
5471
5399
5472
5400
5473
5401
5474
5402
5475
5403
5476
5404
5477
5405
5478
5406
5479
5407
5480
5408
5481
5409
5482
5410
5483
5411
5484
5412
5485
5413
5486
5414
5487
5415
5488
5416
5489
5417
5490
5418
5491
5419
5492
5420
5493
5421
5494
5422
5495
5423
5496
5424
5497
5425
5498
5426
5499
5427
5500
5428
5501
5429
5502
5430
5503
5431
5504
5432
5505
5433
5506
5434
5507
5435
5508
5436
5509
5437
5510
5438
5511
5439
5512
5440
5513
5441
5514
5442
5515
5516
5444
5517
5445
5518
5446
5519
5447
5520
5448
5521
5449
5522
5450
5523
5451
5524
5452
5525
5453
5526
5454
5527
5455
5528
5456
5529
5457
5530
5458
5531
5459
5532
5460
5533
5461
5534
5462
5535
5463
5536
5464
5537
5465
5538
5466
5539
5467
5540
5468
5541
5469
5542
5470
5543
5471
5544
5472
5545
5473
5546
5474
5547
5475
5548
5476
5549
5477
5550
5478
5551
5479
5552
5480
5553
5481
5554
5482
5555
5483
5556
5484
5557
5485
5558
5486
5559
5487
5560
5488
5561
5489
5562
5490
5563
5491
5564
5492
5565
5493
5566
5494
5567
5495
5568
5496
5569
5497
5570
5498
5571
5499
5572
5500
5573
5501
5574
5502
5575
5503
5576
5504
5577
5505
5578
5506
5579
5507
5580
5508
5581
5509
5582
5510
5583
5511
5584
5512
5585
5513
5586
5514
5587
5515
5588
5516
5589
5590
5518
5591
5519
5592
5520
5593
5521
5594
5522
5595
5523
5596
5524
5597
5525
5598
5526
5599
5527
5600
5528
5601
5529
5602
5530
5603
5531
5604
5532
5605
5533
5606
5534
5607
5535
5608
5536
5609
5537
5610
5538
5611
5539
5612
5540
5613
5541
5614
5542
5615
5543
5616
5544
5617
5545
5618
5546
5619
5547
5620
5548
5621
5549
5622
5550
5623
5551
5624
5552
5625
5553
5626
5554
5627
5555
5628
5556
5629
5557
5630
5558
5631
5559
5632
5560
5633
5561
5634
5562
5635
5563
5636
5564
5637
5565
5638
5566
5639
5567
5640
5568
5641
5569
5642
5570
5643
5571
5644
5572
5645
5573
5646
5574
5647
5575
5648
5576
5649
5577
5650
5578
5651
5579
5652
5580
5653
5581
5654
5582
5655
5583
5656
5584
5657
5585
5658
5586
5659
5587
5660
5588
5661
5589
5662
5590
5663
5664
5592
5665
5593
5666
5594
5667
5595
5668
5596
5669
5597
5670
5598
5671
5599
5672
5600
5673
5601
5674
5602
5675
5603
5676
5604
5677
5605
5678
5606
5679
5607
5680
5608
5681
5609
5682
5610
5683
5611
5684
5612
5685
5613
5686
5614
5687
5615
5688
5616
5689
5617
5690
5618
5691
5619
5692
5620
5693
5621
5694
5622
5695
5623
5696
5624
5697
5625
5698
5626
5699
5627
5700
5628
5701
5629
5702
5630
5703
5631
5704
5632
5705
5633
5706
5634
5707
5635
5708
5636
5709
5637
5710
5638
5711
5639
5712
5640
5713
5641
5714
5642
5715
5643
5716
5644
5717
5645
5718
5646
5719
5647
5720
5648
5721
5649
5722
5650
5723
5651
5724
5652
5725
5653
5726
5654
5727
5655
5728
5656
5729
5657
5730
5658
5731
5659
5732
5660
5733
5661
5734
5662
5735
5663
5736
5664
5737
5738
5666
5739
5667
5740
5668
5741
5669
5742
5670
5743
5671
5744
5672
5745
5673
5746
5674
5747
5675
5748
5676
5749
5677
5750
5678
5751
5679
5752
5680
5753
5681
5754
5682
5755
5683
5756
5684
5757
5685
5758
5686
5759
5687
5760
5688
5761
5689
5762
5690
5763
5691
5764
5692
5765
5693
5766
5694
5767
5695
5768
5696
5769
5697
5770
5698
5771
5699
5772
5700
5773
5701
5774
5702
5775
5703
5776
5704
5777
5705
5778
5706
5779
5707
5780
5708
5781
5709
5782
5710
5783
5711
5784
5712
5785
5713
5786
5714
5787
5715
5788
5716
5789
5717
5790
5718
5791
5719
5792
5720
5793
5721
5794
5722
5795
5723
5796
5724
5797
5725
5798
5726
5799
5727
5800
5728
5801
5729
5802
5730
5803
5731
5804
5732
5805
5733
5806
5734
5807
5735
5808
5736
5809
5737
5810
5738
5811
5812
5740
5813
5741
5814
5742
5815
5743
5816
5744
5817
5745
5818
5746
5819
5747
5820
5748
5821
5749
5822
5750
5823
5751
5824
5752
5825
5753
5826
5754
5827
5755
5828
5756
5829
5757
5830
5758
5831
5759
5832
5760
5833
5761
5834
5762
5835
5763
5836
5764
5837
5765
5838
5766
5839
5767
5840
5768
5841
5769
5842
5770
5843
5771
5844
5772
5845
5773
5846
5774
5847
5775
5848
5776
5849
5777
5850
5778
5851
5779
5852
5780
5853
5781
5854
5782
5855
5783
5856
5784
5857
5785
5858
5786
5859
5787
5860
5788
5861
5789
5862
5790
5863
5791
5864
5792
5865
5793
5866
5794
5867
5795
5868
5796
5869
5797
5870
5798
5871
5799
5872
5800
5873
5801
5874
5802
5875
5803
5876
5804
5877
5805
5878
5806
5879
5807
5880
5808
5881
5809
5882
5810
5883
5811
5884
5812
5885
5886
5814
5887
5815
5888
5816
5889
5817
5890
5818
5891
5819
5892
5820
5893
5821
5894
5822
5895
5823
5896
5824
5897
5825
5898
5826
5899
5827
5900
5828
5901
5829
5902
5830
5903
5831
5904
5832
5905
5833
5906
5834
5907
5835
5908
5836
5909
5837
5910
5838
5911
5839
5912
5840
5913
5841
5914
5842
5915
5843
5916
5844
5917
5845
5918
5846
5919
5847
5920
5848
5921
5849
5922
5850
5923
5851
5924
5852
5925
5853
5926
5854
5927
5855
5928
5856
5929
5857
5930
5858
5931
5859
5932
5860
5933
5861
5934
5862
5935
5863
5936
5864
5937
5865
5938
5866
5939
5867
5940
5868
5941
5869
5942
5870
5943
5871
5944
5872
5945
5873
5946
5874
5947
5875
5948
5876
5949
5877
5950
5878
5951
5879
5952
5880
5953
5881
5954
5882
5955
5883
5956
5884
5957
5885
5958
5886
5959
5960
5888
5961
5889
5962
5890
5963
5891
5964
5892
5965
5893
5966
5894
5967
5895
5968
5896
5969
5897
5970
5898
5971
5899
5972
5900
5973
5901
5974
5902
5975
5903
5976
5904
5977
5905
5978
5906
5979
5907
5980
5908
5981
5909
5982
5910
5983
5911
5984
5912
5985
5913
5986
5914
5987
5915
5988
5916
5989
5917
5990
5918
5991
5919
5992
5920
5993
5921
5994
5922
5995
5923
5996
5924
5997
5925
5998
5926
5999
5927
6000
5928
6001
5929
6002
5930
6003
5931
6004
5932
6005
5933
6006
5934
6007
5935
6008
5936
6009
5937
6010
5938
6011
5939
6012
5940
6013
5941
6014
5942
6015
5943
6016
5944
6017
5945
6018
5946
6019
5947
6020
5948
6021
5949
6022
5950
6023
5951
6024
5952
6025
5953
6026
5954
6027
5955
6028
5956
6029
5957
6030
5958
6031
5959
6032
5960
6033
6034
5962
6035
5963
6036
5964
6037
5965
6038
5966
6039
5967
6040
5968
6041
5969
6042
5970
6043
5971
6044
5972
6045
5973
6046
5974
6047
5975
6048
5976
6049
5977
6050
5978
6051
5979
6052
5980
6053
5981
6054
5982
6055
5983
6056
5984
6057
5985
6058
5986
6059
5987
6060
5988
6061
5989
6062
5990
6063
5991
6064
5992
6065
5993
6066
5994
6067
5995
6068
5996
6069
5997
6070
5998
6071
5999
6072
6000
6073
6001
6074
6002
6075
6003
6076
6004
6077
6005
6078
6006
6079
6007
6080
6008
6081
6009
6082
6010
6083
6011
6084
6012
6085
6013
6086
6014
6087
6015
6088
6016
6089
6017
6090
6018
6091
6019
6092
6020
6093
6021
6094
6022
6095
6023
6096
6024
6097
6025
6098
6026
6099
6027
6100
6028
6101
6029
6102
6030
6103
6031
6104
6032
6105
6033
6106
6034
6107
6108
6036
6109
6037
6110
6038
6111
6039
6112
6040
6113
6041
6114
6042
6115
6043
6116
6044
6117
6045
6118
6046
6119
6047
6120
6048
6121
6049
6122
6050
6123
6051
6124
6052
6125
6053
6126
6054
6127
6055
6128
6056
6129
6057
6130
6058
6131
6059
6132
6060
6133
6061
6134
6062
6135
6063
6136
6064
6137
6065
6138
6066
6139
6067
6140
6068
6141
6069
6142
6070
6143
6071
6144
6072
6145
6073
6146
6074
6147
6075
6148
6076
6149
6077
6150
6078
6151
6079
6152
6080
6153
6081
6154
6082
6155
6083
6156
6084
6157
6085
6158
6086
6159
6087
6160
6088
6161
6089
6162
6090
6163
6091
6164
6092
6165
6093
6166
6094
6167
6095
6168
6096
6169
6097
6170
6098
6171
6099
6172
6100
6173
6101
6174
6102
6175
6103
6176
6104
6177
6105
6178
6106
6179
6107
6180
6108
6181
6182
6110
6183
6111
6184
6112
6185
6113
6186
6114
6187
6115
6188
6116
6189
6117
6190
6118
6191
6119
6192
6120
6193
6121
6194
6122
6195
6123
6196
6124
6197
6125
6198
6126
6199
6127
6200
6128
6201
6129
6202
6130
6203
6131
6204
6132
6205
6133
6206
6134
6207
6135
6208
6136
6209
6137
6210
6138
6211
6139
6212
6140
6213
6141
6214
6142
6215
6143
6216
6144
6217
6145
6218
6146
6219
6147
6220
6148
6221
6149
6222
6150
6223
6151
6224
6152
6225
6153
6226
6154
6227
6155
6228
6156
6229
6157
6230
6158
6231
6159
6232
6160
6233
6161
6234
6162
6235
6163
6236
6164
6237
6165
6238
6166
6239
6167
6240
6168
6241
6169
6242
6170
6243
6171
6244
6172
6245
6173
6246
6174
6247
6175
6248
6176
6249
6177
6250
6178
6251
6179
6252
6180
6253
6181
6254
6182
6255
6256
6184
6257
6185
6258
6186
6259
6187
6260
6188
6261
6189
6262
6190
6263
6191
6264
6192
6265
6193
6266
6194
6267
6195
6268
6196
6269
6197
6270
6198
6271
6199
6272
6200
6273
6201
6274
6202
6275
6203
6276
6204
6277
6205
6278
6206
6279
6207
6280
6208
6281
6209
6282
6210
6283
6211
6284
6212
6285
6213
6286
6214
6287
6215
6288
6216
6289
6217
6290
6218
6291
6219
6292
6220
6293
6221
6294
6222
6295
6223
6296
6224
6297
6225
6298
6226
6299
6227
6300
6228
6301
6229
6302
6230
6303
6231
6304
6232
6305
6233
6306
6234
6307
6235
6308
6236
6309
6237
6310
6238
6311
6239
6312
6240
6313
6241
6314
6242
6315
6243
6316
6244
6317
6245
6318
6246
6319
6247
6320
6248
6321
6249
6322
6250
6323
6251
6324
6252
6325
6253
6326
6254
6327
6255
6328
6256
6329
6330
6258
6331
6259
6332
6260
6333
6261
6334
6262
6335
6263
6336
6264
6337
6265
6338
6266
6339
6267
6340
6268
6341
6269
6342
6270
6343
6271
6344
6272
6345
6273
6346
6274
6347
6275
6348
6276
6349
6277
6350
6278
6351
6279
6352
6280
6353
6281
6354
6282
6355
6283
6356
6284
6357
6285
6358
6286
6359
6287
6360
6288
6361
6289
6362
6290
6363
6291
6364
6292
6365
6293
6366
6294
6367
6295
6368
6296
6369
6297
6370
6298
6371
6299
6372
6300
6373
6301
6374
6302
6375
6303
6376
6304
6377
6305
6378
6306
6379
6307
6380
6308
6381
6309
6382
6310
6383
6311
6384
6312
6385
6313
6386
6314
6387
6315
6388
6316
6389
6317
6390
6318
6391
6319
6392
6320
6393
6321
6394
6322
6395
6323
6396
6324
6397
6325
6398
6326
6399
6327
6400
6328
6401
6329
6402
6330
6403
6404
6332
6405
6333
6406
6334
6407
6335
6408
6336
6409
6337
6410
6338
6411
6339
6412
6340
6413
6341
6414
6342
6415
6343
6416
6344
6417
6345
6418
6346
6419
6347
6420
6348
6421
6349
6422
6350
6423
6351
6424
6352
6425
6353
6426
6354
6427
6355
6428
6356
6429
6357
6430
6358
6431
6359
6432
6360
6433
6361
6434
6362
6435
6363
6436
6364
6437
6365
6438
6366
6439
6367
6440
6368
6441
6369
6442
6370
6443
6371
6444
6372
6445
6373
6446
6374
6447
6375
6448
6376
6449
6377
6450
6378
6451
6379
6452
6380
6453
6381
6454
6382
6455
6383
6456
6384
6457
6385
6458
6386
6459
6387
6460
6388
6461
6389
6462
6390
6463
6391
6464
6392
6465
6393
6466
6394
6467
6395
6468
6396
6469
6397
6470
6398
6471
6399
6472
6400
6473
6401
6474
6402
6475
6403
6476
6404
6477
6478
6406
6479
6407
6480
6408
6481
6409
6482
6410
6483
6411
6484
6412
6485
6413
6486
6414
6487
6415
6488
6416
6489
6417
6490
6418
6491
6419
6492
6420
6493
6421
6494
6422
6495
6423
6496
6424
6497
6425
6498
6426
6499
6427
6500
6428
6501
6429
6502
6430
6503
6431
6504
6432
6505
6433
6506
6434
6507
6435
6508
6436
6509
6437
6510
6438
6511
6439
6512
6440
6513
6441
6514
6442
6515
6443
6516
6444
6517
6445
6518
6446
6519
6447
6520
6448
6521
6449
6522
6450
6523
6451
6524
6452
6525
6453
6526
6454
6527
6455
6528
6456
6529
6457
6530
6458
6531
6459
6532
6460
6533
6461
6534
6462
6535
6463
6536
6464
6537
6465
6538
6466
6539
6467
6540
6468
6541
6469
6542
6470
6543
6471
6544
6472
6545
6473
6546
6474
6547
6475
6548
6476
6549
6477
6550
6478
6551
6552
6480
6553
6481
6554
6482
6555
6483
6556
6484
6557
6485
6558
6486
6559
6487
6560
6488
6561
6489
6562
6490
6563
6491
6564
6492
6565
6493
6566
6494
6567
6495
6568
6496
6569
6497
6570
6498
6571
6499
6572
6500
6573
6501
6574
6502
6575
6503
6576
6504
6577
6505
6578
6506
6579
6507
6580
6508
6581
6509
6582
6510
6583
6511
6584
6512
6585
6513
6586
6514
6587
6515
6588
6516
6589
6517
6590
6518
6591
6519
6592
6520
6593
6521
6594
6522
6595
6523
6596
6524
6597
6525
6598
6526
6599
6527
6600
6528
6601
6529
6602
6530
6603
6531
6604
6532
6605
6533
6606
6534
6607
6535
6608
6536
6609
6537
6610
6538
6611
6539
6612
6540
6613
6541
6614
6542
6615
6543
6616
6544
6617
6545
6618
6546
6619
6547
6620
6548
6621
6549
6622
6550
6623
6551
6624
6552
6625
6626
6554
6627
6555
6628
6556
6629
6557
6630
6558
6631
6559
6632
6560
6633
6561
6634
6562
6635
6563
6636
6564
6637
6565
6638
6566
6639
6567
6640
6568
6641
6569
6642
6570
6643
6571
6644
6572
6645
6573
6646
6574
6647
6575
6648
6576
6649
6577
6650
6578
6651
6579
6652
6580
6653
6581
6654
6582
6655
6583
6656
6584
6657
6585
6658
6586
6659
6587
6660
6588
6661
6589
6662
6590
6663
6591
6664
6592
6665
6593
6666
6594
6667
6595
6668
6596
6669
6597
6670
6598
6671
6599
6672
6600
6673
6601
6674
6602
6675
6603
6676
6604
6677
6605
6678
6606
6679
6607
6680
6608
6681
6609
6682
6610
6683
6611
6684
6612
6685
6613
6686
6614
6687
6615
6688
6616
6689
6617
6690
6618
6691
6619
6692
6620
6693
6621
6694
6622
6695
6623
6696
6624
6697
6625
6698
6626
6699
6700
6628
6701
6629
6702
6630
6703
6631
6704
6632
6705
6633
6706
6634
6707
6635
6708
6636
6709
6637
6710
6638
6711
6639
6712
6640
6713
6641
6714
6642
6715
6643
6716
6644
6717
6645
6718
6646
6719
6647
6720
6648
6721
6649
6722
6650
6723
6651
6724
6652
6725
6653
6726
6654
6727
6655
6728
6656
6729
6657
6730
6658
6731
6659
6732
6660
6733
6661
6734
6662
6735
6663
6736
6664
6737
6665
6738
6666
6739
6667
6740
6668
6741
6669
6742
6670
6743
6671
6744
6672
6745
6673
6746
6674
6747
6675
6748
6676
6749
6677
6750
6678
6751
6679
6752
6680
6753
6681
6754
6682
6755
6683
6756
6684
6757
6685
6758
6686
6759
6687
6760
6688
6761
6689
6762
6690
6763
6691
6764
6692
6765
6693
6766
6694
6767
6695
6768
6696
6769
6697
6770
6698
6771
6699
6772
6700
6773
6774
6702
6775
6703
6776
6704
6777
6705
6778
6706
6779
6707
6780
6708
6781
6709
6782
6710
6783
6711
6784
6712
6785
6713
6786
6714
6787
6715
6788
6716
6789
6717
6790
6718
6791
6719
6792
6720
6793
6721
6794
6722
6795
6723
6796
6724
6797
6725
6798
6726
6799
6727
6800
6728
6801
6729
6802
6730
6803
6731
6804
6732
6805
6733
6806
6734
6807
6735
6808
6736
6809
6737
6810
6738
6811
6739
6812
6740
6813
6741
6814
6742
6815
6743
6816
6744
6817
6745
6818
6746
6819
6747
6820
6748
6821
6749
6822
6750
6823
6751
6824
6752
6825
6753
6826
6754
6827
6755
6828
6756
6829
6757
6830
6758
6831
6759
6832
6760
6833
6761
6834
6762
6835
6763
6836
6764
6837
6765
6838
6766
6839
6767
6840
6768
6841
6769
6842
6770
6843
6771
6844
6772
6845
6773
6846
6774
6847
6848
6776
6849
6777
6850
6778
6851
6779
6852
6780
6853
6781
6854
6782
6855
6783
6856
6784
6857
6785
6858
6786
6859
6787
6860
6788
6861
6789
6862
6790
6863
6791
6864
6792
6865
6793
6866
6794
6867
6795
6868
6796
6869
6797
6870
6798
6871
6799
6872
6800
6873
6801
6874
6802
6875
6803
6876
6804
6877
6805
6878
6806
6879
6807
6880
6808
6881
6809
6882
6810
6883
6811
6884
6812
6885
6813
6886
6814
6887
6815
6888
6816
6889
6817
6890
6818
6891
6819
6892
6820
6893
6821
6894
6822
6895
6823
6896
6824
6897
6825
6898
6826
6899
6827
6900
6828
6901
6829
6902
6830
6903
6831
6904
6832
6905
6833
6906
6834
6907
6835
6908
6836
6909
6837
6910
6838
6911
6839
6912
6840
6913
6841
6914
6842
6915
6843
6916
6844
6917
6845
6918
6846
6919
6847
6920
6848
6921
6922
6850
6923
6851
6924
6852
6925
6853
6926
6854
6927
6855
6928
6856
6929
6857
6930
6858
6931
6859
6932
6860
6933
6861
6934
6862
6935
6863
6936
6864
6937
6865
6938
6866
6939
6867
6940
6868
6941
6869
6942
6870
6943
6871
6944
6872
6945
6873
6946
6874
6947
6875
6948
6876
6949
6877
6950
6878
6951
6879
6952
6880
6953
6881
6954
6882
6955
6883
6956
6884
6957
6885
6958
6886
6959
6887
6960
6888
6961
6889
6962
6890
6963
6891
6964
6892
6965
6893
6966
6894
6967
6895
6968
6896
6969
6897
6970
6898
6971
6899
6972
6900
6973
6901
6974
6902
6975
6903
6976
6904
6977
6905
6978
6906
6979
6907
6980
6908
6981
6909
6982
6910
6983
6911
6984
6912
6985
6913
6986
6914
6987
6915
6988
6916
6989
6917
6990
6918
6991
6919
6992
6920
6993
6921
6994
6922
6995
6996
6924
6998
6925
6999
6926
7000
6927
7001
6928
7002
6929
7003
6930
7004
6931
7005
6932
7006
6933
7007
6934
7008
6935
7009
6936
7010
6937
7011
6938
7012
6939
7013
6940
7014
6941
7015
6942
7016
6943
7017
6944
7018
6945
7019
6946
7020
6947
7021
6948
7022
6949
7023
6950
7024
6951
7025
6952
7026
6953
7027
6954
7028
6955
7029
6956
7030
6957
7031
6958
7032
6959
7033
6960
7034
6961
7035
6962
7036
6963
7037
6964
7038
6965
7039
6966
7040
6967
7041
6968
7042
6969
7043
6970
7044
6971
7045
6972
7046
6973
7047
6974
7048
6975
7049
6976
7050
6977
7051
6978
7052
6979
7053
6980
7054
6981
7055
6982
7056
6983
7057
6984
7058
6985
7059
6986
7060
6987
7061
6988
7062
6989
7063
6990
7064
6991
7065
6992
7066
6993
7067
6994
7068
6995
7069
6996
7070
6997
7071
7072
6999
7073
7000
7074
7001
7075
7002
7076
7003
7077
7004
7078
7005
7079
7006
7080
7007
7081
7008
7082
7009
7083
7010
7084
7011
7085
7012
7086
7013
7087
7014
7088
7015
7089
7016
7090
7017
7091
7018
7092
7019
7093
7020
7094
7021
7095
7022
7096
7023
7097
7024
7098
7025
7099
7026
7100
7027
7101
7028
7102
7029
7103
7030
7104
7031
7105
7032
7106
7033
7107
7034
7108
7035
7109
7036
7110
7037
7111
7038
7112
7039
7113
7040
7114
7041
7115
7042
7116
7043
7117
7044
7118
7045
7119
7046
7120
7047
7121
7048
7122
7049
7123
7050
7124
7051
7125
7052
7126
7053
7127
7054
7128
7055
7129
7056
7130
7057
7131
7058
7132
7059
7133
7060
7134
7061
7135
7062
7136
7063
7137
7064
7138
7065
7139
7066
7140
7067
7141
7068
7142
7069
7143
7070
7144
7071
7145
7072
7146
7147
7074
7148
7075
7149
7076
7150
7077
7151
7078
7152
7079
7153
7080
7154
7081
7155
7082
7156
7083
7157
7084
7158
7085
7159
7086
7160
7087
7161
7088
7162
7089
7163
7090
7164
7091
7165
7092
7166
7093
7167
7094
7168
7095
7169
7096
7170
7097
7171
7098
7172
7099
7173
7100
7174
7101
7175
7102
7176
7103
7177
7104
7178
7105
7179
7106
7180
7107
7181
7108
7182
7109
7183
7110
7184
7111
7185
7112
7186
7113
7187
7114
7188
7115
7189
7116
7190
7117
7191
7118
7192
7119
7193
7120
7194
7121
7195
7122
7196
7123
7197
7124
7198
7125
7199
7126
7200
7127
7201
7128
7202
7129
7203
7130
7204
7131
7205
7132
7206
7133
7207
7134
7208
7135
7209
7136
7210
7137
7211
7138
7212
7139
7213
7140
7214
7141
7215
7142
7216
7143
7217
7144
7218
7145
7219
7146
7220
7147
7221
7222
7149
7223
7150
7224
7151
7225
7152
7226
7153
7227
7154
7228
7155
7229
7156
7230
7157
7231
7158
7232
7159
7233
7160
7234
7161
7235
7162
7236
7163
7237
7164
7238
7165
7239
7166
7240
7167
7241
7168
7242
7169
7243
7170
7244
7171
7245
7172
7246
7173
7247
7174
7248
7175
7249
7176
7250
7177
7251
7178
7252
7179
7253
7180
7254
7181
7255
7182
7256
7183
7257
7184
7258
7185
7259
7186
7260
7187
7261
7188
7262
7189
7263
7190
7264
7191
7265
7192
7266
7193
7267
7194
7268
7195
7269
7196
7270
7197
7271
7198
7272
7199
7273
7200
7274
7201
7275
7202
7276
7203
7277
7204
7278
7205
7279
7206
7280
7207
7281
7208
7282
7209
7283
7210
7284
7211
7285
7212
7286
7213
7287
7214
7288
7215
7289
7216
7290
7217
7291
7218
7292
7219
7293
7220
7294
7221
7295
7222
7296
7297
7224
7298
7225
7299
7226
7300
7227
7301
7228
7302
7229
7303
7230
7304
7231
7305
7232
7306
7233
7307
7234
7308
7235
7309
7236
7310
7237
7311
7238
7312
7239
7313
7240
7314
7241
7315
7242
7316
7243
7317
7244
7318
7245
7319
7246
7320
7247
7321
7248
7322
7249
7323
7250
7324
7251
7325
7252
7326
7253
7327
7254
7328
7255
7329
7256
7330
7257
7331
7258
7332
7259
7333
7260
7334
7261
7335
7262
7336
7263
7337
7264
7338
7265
7339
7266
7340
7267
7341
7268
7342
7269
7343
7270
7344
7271
7345
7272
7346
7273
7347
7274
7348
7275
7349
7276
7350
7277
7351
7278
7352
7279
7353
7280
7354
7281
7355
7282
7356
7283
7357
7284
7358
7285
7359
7286
7360
7287
7361
7288
7362
7289
7363
7290
7364
7291
7365
7292
7366
7293
7367
7294
7368
7295
7369
7296
7370
7297
7371
7372
7299
7300
7301
7302
7303
7304
7305
7306
7307
7308
7309
7310
7311
7312
7313
7314
7315
7316
7317
7318
7319
7320
7321
7322
7323
7324
7325
7326
7327
7328
7329
7330
7331
7332
7333
7334
7335
7336
7337
7338
7339
7340
7341
7342
7343
7344
7345
7346
7347
7348
7349
7350
7351
7352
7353
7354
7355
7356
7357
7358
7359
7360
7361
7362
7363
7364
7365
7366
7367
7368
7369
7370
7371
7372
)


// ************************************************************************* //
