/*--------------------------------*- C++ -*----------------------------------*\
| =========                 |                                                 |
| \\      /  F ield         | OpenFOAM: The Open Source CFD Toolbox           |
|  \\    /   O peration     | Version:  2412                                  |
|   \\  /    A nd           | Website:  www.openfoam.com                      |
|    \\/     M anipulation  |                                                 |
\*---------------------------------------------------------------------------*/
FoamFile
{
    version     2.0;
    format      ascii;
    arch        "LSB;label=32;scalar=64";
    class       volScalarField;
    location    "260";
    object      p;
}
// * * * * * * * * * * * * * * * * * * * * * * * * * * * * * * * * * * * * * //

dimensions      [0 2 -2 0 0 0 0];

internalField   nonuniform List<scalar> 
8637
(
27.891
27.1836
26.4812
25.8473
25.2267
24.62
24.0496
23.4819
22.9267
22.4042
21.8881
21.3786
20.8972
20.4334
19.9751
19.5321
19.1163
18.7183
18.3302
17.962
17.6216
17.3071
17.0074
16.7281
16.4796
16.2664
16.0797
15.9149
15.7858
15.6991
15.6519
15.6387
15.6683
15.7444
15.8748
16.0585
16.2945
16.5949
16.9627
17.4004
17.9099
18.5
19.1823
19.9595
20.8317
21.8053
22.8921
24.1037
25.4472
26.9233
28.5401
30.3122
32.2515
34.3662
36.6627
39.1524
41.8531
44.7753
47.9279
51.3275
54.9905
58.9332
63.1678
67.7135
72.5972
77.8305
83.4369
89.4461
95.8794
102.772
110.144
118.042
126.5
135.555
145.271
155.68
166.857
178.86
191.766
205.662
220.628
236.773
254.203
273.012
293.304
315.135
338.497
363.169
27.891
27.1836
26.4812
25.8473
25.2267
24.62
24.0496
23.4819
22.9267
22.4042
21.8881
21.3786
20.8972
20.4334
19.9751
19.5321
19.1163
18.7183
18.3302
17.962
17.6216
17.3071
17.0074
16.7281
16.4796
16.2664
16.0797
15.9149
15.7859
15.6991
15.6519
15.6387
15.6683
15.7444
15.8748
16.0585
16.2945
16.5949
16.9627
17.4004
17.9099
18.5
19.1823
19.9595
20.8317
21.8053
22.8921
24.1037
25.4473
26.9233
28.5401
30.3122
32.2515
34.3662
36.6627
39.1524
41.8531
44.7753
47.9279
51.3275
54.9905
58.9332
63.1679
67.7135
72.5972
77.8305
83.4369
89.4461
95.8794
102.772
110.144
118.042
126.5
135.555
145.271
155.68
166.857
178.86
191.766
205.662
220.628
236.773
254.203
273.012
293.304
315.135
338.497
363.169
27.891
27.1836
26.4812
25.8473
25.2267
24.62
24.0496
23.4819
22.9268
22.4042
21.8881
21.3786
20.8973
20.4335
19.9751
19.5321
19.1163
18.7183
18.3302
17.962
17.6216
17.3071
17.0074
16.7281
16.4796
16.2664
16.0797
15.9149
15.7859
15.6991
15.6519
15.6387
15.6683
15.7445
15.8749
16.0585
16.2945
16.595
16.9627
17.4004
17.9099
18.5
19.1823
19.9595
20.8317
21.8053
22.8921
24.1037
25.4473
26.9233
28.5402
30.3122
32.2515
34.3663
36.6627
39.1524
41.8532
44.7753
47.9279
51.3276
54.9905
58.9332
63.1679
67.7135
72.5972
77.8305
83.437
89.4462
95.8794
102.772
110.144
118.042
126.5
135.555
145.271
155.68
166.857
178.86
191.766
205.662
220.628
236.773
254.203
273.012
293.304
315.136
338.497
363.169
27.891
27.1837
26.4813
25.8473
25.2267
24.62
24.0497
23.482
22.9268
22.4042
21.8881
21.3787
20.8973
20.4335
19.9751
19.5321
19.1163
18.7184
18.3303
17.962
17.6216
17.3071
17.0074
16.7281
16.4796
16.2664
16.0797
15.9149
15.7859
15.6991
15.652
15.6387
15.6683
15.7445
15.8749
16.0585
16.2945
16.595
16.9627
17.4004
17.91
18.5
19.1823
19.9595
20.8317
21.8053
22.8921
24.1037
25.4473
26.9234
28.5402
30.3123
32.2515
34.3663
36.6628
39.1525
41.8532
44.7753
47.9279
51.3276
54.9906
58.9333
63.1679
67.7136
72.5973
77.8306
83.437
89.4462
95.8795
102.772
110.144
118.042
126.5
135.556
145.272
155.68
166.858
178.86
191.766
205.662
220.628
236.773
254.203
273.012
293.304
315.136
338.498
363.169
27.891
27.1837
26.4813
25.8474
25.2268
24.62
24.0497
23.482
22.9268
22.4042
21.8881
21.3787
20.8973
20.4335
19.9752
19.5321
19.1164
18.7184
18.3303
17.9621
17.6217
17.3072
17.0074
16.7281
16.4797
16.2664
16.0798
15.915
15.7859
15.6992
15.652
15.6388
15.6683
15.7445
15.8749
16.0586
16.2946
16.595
16.9628
17.4004
17.91
18.5001
19.1824
19.9596
20.8318
21.8054
22.8922
24.1038
25.4474
26.9234
28.5403
30.3124
32.2516
34.3664
36.6629
39.1526
41.8533
44.7754
47.9281
51.3277
54.9907
58.9334
63.1681
67.7137
72.5975
77.8308
83.4372
89.4464
95.8797
102.772
110.144
118.042
126.501
135.556
145.272
155.681
166.858
178.861
191.766
205.663
220.628
236.774
254.204
273.013
293.305
315.137
338.499
363.17
27.891
27.1837
26.4813
25.8474
25.2268
24.6201
24.0497
23.482
22.9268
22.4043
21.8881
21.3787
20.8973
20.4335
19.9752
19.5322
19.1164
18.7184
18.3303
17.9621
17.6217
17.3072
17.0075
16.7282
16.4797
16.2665
16.0798
15.915
15.786
15.6993
15.6521
15.6388
15.6684
15.7446
15.875
16.0586
16.2946
16.5951
16.9629
17.4005
17.9101
18.5002
19.1825
19.9597
20.8319
21.8055
22.8923
24.1039
25.4475
26.9236
28.5404
30.3125
32.2518
34.3666
36.663
39.1528
41.8535
44.7756
47.9283
51.328
54.991
58.9336
63.1684
67.714
72.5978
77.8311
83.4375
89.4468
95.8801
102.772
110.145
118.043
126.501
135.556
145.273
155.681
166.859
178.861
191.767
205.664
220.629
236.775
254.205
273.014
293.306
315.138
338.5
363.172
27.8911
27.1838
26.4814
25.8475
25.2269
24.6201
24.0498
23.4821
22.9269
22.4043
21.8882
21.3788
20.8974
20.4336
19.9753
19.5323
19.1165
18.7185
18.3304
17.9622
17.6218
17.3073
17.0076
16.7283
16.4798
16.2666
16.0799
15.9151
15.7861
15.6994
15.6522
15.6389
15.6685
15.7447
15.8751
16.0588
16.2948
16.5953
16.963
17.4007
17.9103
18.5003
19.1827
19.9599
20.8321
21.8057
22.8925
24.1041
25.4477
26.9238
28.5407
30.3128
32.2521
34.3669
36.6634
39.1531
41.8539
44.776
47.9287
51.3284
54.9914
58.9341
63.1688
67.7145
72.5983
77.8317
83.4381
89.4474
95.8807
102.773
110.146
118.044
126.502
135.557
145.274
155.682
166.86
178.863
191.769
205.665
220.631
236.777
254.207
273.016
293.309
315.141
338.504
363.176
27.8913
27.1839
26.4815
25.8476
25.227
24.6203
24.0499
23.4822
22.9271
22.4045
21.8884
21.3789
20.8976
20.4338
19.9754
19.5324
19.1166
18.7187
18.3306
17.9624
17.622
17.3075
17.0077
16.7285
16.48
16.2668
16.0801
15.9153
15.7863
15.6996
15.6524
15.6392
15.6687
15.7449
15.8754
16.059
16.295
16.5955
16.9633
17.401
17.9106
18.5006
19.183
19.9602
20.8324
21.8061
22.8929
24.1045
25.4482
26.9242
28.5411
30.3133
32.2525
34.3674
36.6639
39.1537
41.8545
44.7766
47.9293
51.3291
54.9921
58.9349
63.1696
67.7153
72.5992
77.8326
83.4391
89.4485
95.8819
102.774
110.147
118.045
126.503
135.559
145.275
155.684
166.862
178.865
191.771
205.668
220.634
236.78
254.211
273.02
293.313
315.146
338.509
363.182
27.8915
27.1841
26.4817
25.8478
25.2272
24.6205
24.0502
23.4825
22.9273
22.4047
21.8886
21.3792
20.8978
20.434
19.9757
19.5327
19.1169
18.7189
18.3308
17.9626
17.6222
17.3077
17.008
16.7287
16.4803
16.267
16.0804
15.9156
15.7866
15.6999
15.6527
15.6395
15.6691
15.7453
15.8757
16.0594
16.2954
16.5959
16.9637
17.4014
17.911
18.5011
19.1835
19.9607
20.833
21.8066
22.8935
24.1051
25.4488
26.9249
28.5418
30.314
32.2533
34.3682
36.6647
39.1546
41.8554
44.7776
47.9303
51.3301
54.9933
58.936
63.1709
67.7167
72.6006
77.8341
83.4407
89.4501
95.8836
102.776
110.149
118.047
126.506
135.561
145.278
155.687
166.865
178.868
191.774
205.672
220.638
236.784
254.216
273.026
293.32
315.153
338.517
363.19
27.8918
27.1845
26.4821
25.8481
25.2276
24.6208
24.0505
23.4828
22.9276
22.405
21.8889
21.3795
20.8981
20.4343
19.976
19.533
19.1172
18.7192
18.3312
17.963
17.6226
17.3081
17.0084
16.7291
16.4807
16.2674
16.0808
15.916
15.787
15.7003
15.6532
15.64
15.6696
15.7458
15.8762
16.0599
16.296
16.5965
16.9643
17.4021
17.9117
18.5018
19.1842
19.9615
20.8338
21.8075
22.8944
24.106
25.4497
26.9259
28.5429
30.3151
32.2545
34.3694
36.666
39.1559
41.8568
44.7791
47.9319
51.3318
54.995
58.9379
63.1728
67.7187
72.6027
77.8363
83.4431
89.4526
95.8863
102.779
110.152
118.05
126.509
135.565
145.282
155.691
166.869
178.873
191.78
205.678
220.644
236.791
254.223
273.034
293.329
315.163
338.528
363.203
25.8486
25.228
24.6213
24.0509
23.4832
22.928
22.4055
21.8894
21.38
20.8986
20.4348
19.9765
19.5335
19.1177
18.7197
18.3317
17.9635
17.6231
17.3086
17.0089
16.7297
16.4812
16.268
16.0814
15.9166
15.7876
15.701
15.6538
15.6407
15.6703
15.7465
15.877
16.0607
16.2968
16.5974
16.9652
17.403
17.9127
18.5028
19.1853
19.9626
20.8349
21.8087
22.8956
24.1074
25.4511
26.9274
28.5444
30.3167
32.2562
34.3712
36.6679
39.1579
41.8588
44.7813
47.9342
51.3341
54.9975
58.9405
63.1756
67.7216
72.6058
77.8396
83.4465
89.4563
95.8901
102.783
110.156
118.055
126.514
135.57
145.287
155.697
166.876
178.88
191.787
205.686
220.653
236.801
254.234
273.046
293.342
315.178
338.544
363.219
25.8492
25.2286
24.6219
24.0516
23.4839
22.9287
22.4061
21.89
21.3806
20.8992
20.4355
19.9771
19.5342
19.1184
18.7204
18.3324
17.9642
17.6238
17.3094
17.0097
16.7304
16.482
16.2688
16.0822
15.9175
15.7885
15.7019
15.6548
15.6416
15.6713
15.7476
15.8781
16.0619
16.298
16.5986
16.9665
17.4043
17.914
18.5043
19.1868
19.9641
20.8366
21.8104
22.8974
24.1093
25.4531
26.9295
28.5466
30.319
32.2586
34.3737
36.6705
39.1606
41.8617
44.7843
47.9374
51.3375
55.001
58.9442
63.1795
67.7257
72.6101
77.8441
83.4513
89.4614
95.8955
102.789
110.162
118.061
126.521
135.578
145.295
155.706
166.885
178.89
191.798
205.697
220.666
236.815
254.249
273.063
293.36
315.197
338.565
363.242
25.8501
25.2295
24.6228
24.0524
23.4847
22.9296
22.407
21.8909
21.3815
20.9001
20.4364
19.978
19.5351
19.1193
18.7214
18.3333
17.9652
17.6248
17.3104
17.0107
16.7315
16.4831
16.2699
16.0834
15.9187
15.7897
15.7031
15.6561
15.643
15.6727
15.749
15.8796
16.0634
16.2996
16.6003
16.9682
17.4061
17.9159
18.5062
19.1888
19.9663
20.8388
21.8128
22.8999
24.1119
25.4558
26.9323
28.5496
30.3221
32.2618
34.3771
36.6741
39.1644
41.8657
44.7884
47.9417
51.3421
55.0058
58.9492
63.1848
67.7313
72.616
77.8503
83.4579
89.4682
95.9028
102.797
110.17
118.07
126.53
135.587
145.306
155.717
166.897
178.903
191.812
205.713
220.682
236.833
254.269
273.084
293.384
315.223
338.592
363.27
25.8512
25.2306
24.6239
24.0536
23.4859
22.9307
22.4082
21.8921
21.3827
20.9013
20.4375
19.9793
19.5363
19.1206
18.7226
18.3346
17.9665
17.6261
17.3117
17.0121
16.7329
16.4845
16.2714
16.0849
15.9202
15.7913
15.7048
15.6578
15.6447
15.6745
15.7509
15.8816
16.0655
16.3017
16.6025
16.9705
17.4085
17.9185
18.5089
19.1916
19.9692
20.8419
21.8159
22.9032
24.1153
25.4595
26.9361
28.5535
30.3263
32.2662
34.3817
36.6789
39.1694
41.871
44.794
47.9475
51.3482
55.0122
58.9559
63.1918
67.7387
72.6238
77.8585
83.4665
89.4774
95.9124
102.807
110.181
118.081
126.542
135.6
145.32
155.732
166.913
178.92
191.83
205.732
220.704
236.856
254.295
273.112
293.414
315.255
338.627
363.305
25.8527
25.2321
24.6254
24.0551
23.4874
22.9322
22.4097
21.8936
21.3842
20.9028
20.4391
19.9808
19.5379
19.1222
18.7243
18.3363
17.9682
17.6278
17.3135
17.0139
16.7347
16.4864
16.2734
16.0869
15.9223
15.7935
15.707
15.66
15.6471
15.6769
15.7534
15.8842
16.0682
16.3045
16.6054
16.9736
17.4117
17.9218
18.5123
19.1952
19.973
20.8458
21.8201
22.9076
24.1199
25.4642
26.9411
28.5588
30.3317
32.2719
34.3877
36.6851
39.176
41.8778
44.8011
47.955
51.356
55.0205
58.9646
63.2009
67.7483
72.6338
77.8691
83.4776
89.4891
95.9248
102.82
110.195
118.096
126.558
135.617
145.337
155.751
166.933
178.942
191.854
205.758
220.732
236.886
254.327
273.147
293.451
315.295
338.668
363.348
25.8546
25.234
24.6273
24.0569
23.4893
22.9341
22.4116
21.8955
21.3861
20.9048
20.4411
19.9828
19.5399
19.1242
18.7263
18.3384
17.9703
17.63
17.3157
17.0161
16.7371
16.4888
16.2758
16.0894
15.9249
15.7962
15.7098
15.6629
15.65
15.68
15.7566
15.8875
16.0716
16.3082
16.6092
16.9775
17.4158
17.9261
18.5168
19.1999
19.9779
20.8509
21.8254
22.9131
24.1257
25.4703
26.9474
28.5654
30.3387
32.2792
34.3953
36.6931
39.1843
41.8866
44.8103
47.9646
51.3661
55.031
58.9756
63.2125
67.7604
72.6466
77.8825
83.4918
89.504
95.9406
102.836
110.213
118.115
126.578
135.638
145.36
155.775
166.959
178.969
191.884
205.79
220.766
236.923
254.367
273.19
293.497
315.343
338.718
363.397
25.857
25.2364
24.6296
24.0593
23.4916
22.9365
22.414
21.8979
21.3886
20.9072
20.4435
19.9853
19.5424
19.1268
18.729
18.341
17.973
17.6328
17.3185
17.019
16.74
16.4919
16.2789
16.0926
15.9282
15.7996
15.7133
15.6666
15.6538
15.684
15.7607
15.8917
16.076
16.3127
16.614
16.9825
17.421
17.9315
18.5225
19.2058
19.984
20.8574
21.8322
22.9202
24.133
25.478
26.9555
28.5738
30.3475
32.2884
34.4049
36.7032
39.1948
41.8975
44.8218
47.9766
51.3787
55.0442
58.9894
63.2269
67.7756
72.6625
77.8993
83.5094
89.5226
95.9602
102.857
110.235
118.138
126.602
135.664
145.388
155.805
166.991
179.003
191.92
205.829
220.808
236.968
254.415
273.241
293.551
315.399
338.775
363.452
25.8599
25.2393
24.6326
24.0623
23.4946
22.9394
22.417
21.9009
21.3916
20.9103
20.4466
19.9884
19.5456
19.13
18.7322
18.3444
17.9764
17.6363
17.3221
17.0227
16.7438
16.4957
16.2829
16.0967
15.9324
15.8039
15.7177
15.6712
15.6586
15.6889
15.7658
15.8971
16.0816
16.3185
16.62
16.9888
17.4275
17.9383
18.5296
19.2132
19.9918
20.8654
21.8406
22.929
24.1422
25.4876
26.9655
28.5843
30.3584
32.2998
34.4168
36.7156
39.2078
41.9111
44.8359
47.9915
51.3942
55.0604
59.0064
63.2448
67.7943
72.6822
77.9199
83.5311
89.5454
95.9842
102.882
110.261
118.166
126.632
135.696
145.422
155.841
167.029
179.044
191.964
205.876
220.858
237.021
254.471
273.3
293.613
315.464
338.839
363.514
25.8635
25.2429
24.6362
24.0659
23.4982
22.9431
22.4206
21.9046
21.3953
20.9141
20.4504
19.9923
19.5495
19.134
18.7363
18.3485
17.9806
17.6405
17.3264
17.0271
16.7483
16.5004
16.2877
16.1017
15.9375
15.8092
15.7232
15.6769
15.6645
15.695
15.7722
15.9037
16.0885
16.3257
16.6274
16.9965
17.4356
17.9467
18.5383
19.2223
20.0013
20.8754
21.8509
22.9398
24.1535
25.4993
26.9778
28.5971
30.3718
32.3137
34.4313
36.7308
39.2237
41.9277
44.8533
48.0096
51.4131
55.0802
59.0272
63.2665
67.8171
72.706
77.945
83.5575
89.5731
96.0134
102.913
110.294
118.201
126.669
135.735
145.462
155.884
167.075
179.093
192.016
205.931
220.917
237.084
254.534
273.37
293.684
315.536
338.911
363.582
25.8679
25.2473
24.6405
24.0703
23.5026
22.9475
22.4251
21.9091
21.3999
20.9186
20.4551
19.997
19.5543
19.1388
18.7412
18.3535
17.9857
17.6458
17.3318
17.0326
16.754
16.5062
16.2937
16.1078
15.9439
15.8158
15.73
15.6839
15.6718
15.7026
15.78
15.9118
16.0969
16.3344
16.6366
17.006
17.4455
17.957
18.5491
19.2335
20.0129
20.8875
21.8636
22.953
24.1672
25.5137
26.9927
28.6127
30.388
32.3307
34.449
36.7492
39.2429
41.9478
44.8742
48.0314
51.436
55.1041
59.0522
63.2926
67.8445
72.7348
77.9751
83.5891
89.6064
96.0484
102.95
110.333
118.242
126.712
135.781
145.511
155.935
167.13
179.151
192.077
205.995
220.985
237.155
254.609
273.449
293.764
315.616
338.99
363.656
25.8732
25.2526
24.6458
24.0756
23.508
22.9529
22.4305
21.9146
21.4054
20.9242
20.4607
20.0027
19.5601
19.1447
18.7472
18.3596
17.992
17.6522
17.3383
17.0393
16.7609
16.5133
16.301
16.1153
15.9516
15.8238
15.7383
15.6924
15.6806
15.7118
15.7896
15.9217
16.1072
16.3451
16.6477
17.0176
17.4575
17.9695
18.5621
19.2471
20.027
20.9022
21.8789
22.9689
24.1838
25.5309
27.0107
28.6314
30.4075
32.351
34.4702
36.7713
39.266
41.9718
44.8992
48.0576
51.4633
55.1327
59.082
63.3239
67.8772
72.769
78.011
83.6268
89.6459
96.0899
102.994
110.379
118.29
126.763
135.834
145.567
155.995
167.192
179.217
192.147
206.069
221.062
237.235
254.694
273.535
293.852
315.705
339.076
363.736
25.8795
25.2589
24.6522
24.082
23.5144
22.9594
22.4371
21.9212
21.412
20.931
20.4676
20.0097
19.5671
19.1519
18.7545
18.3671
17.9996
17.6599
17.3463
17.0475
16.7692
16.5219
16.3098
16.1245
15.961
15.8335
15.7483
15.7028
15.6914
15.7229
15.8011
15.9337
16.1196
16.358
16.6611
17.0315
17.472
17.9845
18.5777
19.2633
20.0439
20.9198
21.8972
22.9879
24.2036
25.5515
27.0321
28.6537
30.4308
32.3752
34.4954
36.7975
39.2934
42.0003
44.929
48.0886
51.4957
55.1665
59.1173
63.3607
67.9158
72.8093
78.0532
83.671
89.6923
96.1386
103.045
110.432
118.346
126.822
135.896
145.632
156.063
167.264
179.292
192.226
206.151
221.148
237.324
254.786
273.631
293.949
315.802
339.171
363.824
25.8871
25.2665
24.6599
24.0897
23.5221
22.9672
22.4449
21.9291
21.42
20.9391
20.4758
20.018
19.5756
19.1605
18.7633
18.376
18.0087
17.6693
17.3559
17.0573
16.7793
16.5323
16.3205
16.1354
15.9724
15.8452
15.7604
15.7153
15.7043
15.7363
15.815
15.9481
16.1345
16.3734
16.6771
17.0481
17.4892
18.0025
18.5964
19.2827
20.064
20.9407
21.9189
23.0105
24.2271
25.5759
27.0575
28.6802
30.4583
32.4038
34.5251
36.8285
39.3256
42.0339
44.964
48.1251
51.5337
55.2062
59.1587
63.4039
67.961
72.8565
78.1024
83.7225
89.7461
96.1949
103.104
110.494
118.411
126.889
135.967
145.706
156.141
167.345
179.377
192.314
206.243
221.244
237.424
254.889
273.737
294.057
315.91
339.276
363.921
25.8962
25.2756
24.669
24.0988
23.5313
22.9764
22.4543
21.9386
21.4296
20.9487
20.4856
20.028
19.5857
19.1708
18.7738
18.3868
18.0197
17.6805
17.3674
17.0691
16.7914
16.5447
16.3333
16.1486
15.986
15.8592
15.7749
15.7303
15.7197
15.7522
15.8315
15.9652
16.1522
16.3918
16.6961
17.0679
17.5097
18.0237
18.6184
19.3055
20.0878
20.9653
21.9445
23.0372
24.2548
25.6046
27.0873
28.7112
30.4906
32.4373
34.5599
36.8647
39.3633
42.0732
45.0048
48.1676
51.578
55.2523
59.2067
63.454
68.0132
72.9109
78.1591
83.7817
89.8078
96.2593
103.171
110.564
118.484
126.966
136.047
145.789
156.227
167.436
179.472
192.413
206.346
221.351
237.535
255.004
273.855
294.177
316.029
339.391
364.027
25.9069
25.2863
24.6798
24.1097
23.5423
22.9875
22.4654
21.9499
21.441
20.9603
20.4973
20.0399
19.5978
19.1831
18.7864
18.3996
18.0328
17.6939
17.3811
17.0832
16.8059
16.5595
16.3486
16.1643
16.0021
15.8758
15.792
15.748
15.738
15.7711
15.851
15.9854
16.1731
16.4134
16.7185
17.0911
17.5338
18.0487
18.6443
19.3324
20.1156
20.9942
21.9745
23.0683
24.2871
25.6381
27.1221
28.7473
30.5281
32.4763
34.6003
36.9067
39.407
42.1186
45.052
48.2166
51.629
55.3053
59.2618
63.5113
68.0729
72.9729
78.2237
83.8489
89.8777
96.332
103.246
110.643
118.566
127.051
136.136
145.882
156.324
167.537
179.577
192.523
206.46
221.47
237.659
255.131
273.985
294.309
316.161
339.519
364.143
25.9196
25.2991
24.6926
24.1226
23.5553
23.0006
22.4787
21.9633
21.4546
20.974
20.5113
20.0541
19.6122
19.1978
18.8013
18.4148
18.0483
17.7098
17.3974
17.0998
16.823
16.5771
16.3666
16.1828
16.0212
15.8955
15.8123
15.7688
15.7595
15.7933
15.874
16.0091
16.1976
16.4388
16.7448
17.1183
17.5619
18.0778
18.6745
19.3637
20.148
21.0278
22.0093
23.1044
24.3245
25.6768
27.1622
28.789
30.5714
32.5212
34.6469
36.955
39.4571
42.1706
45.1059
48.2726
51.6871
55.3656
59.3244
63.5763
68.1403
73.0429
78.2964
83.9244
89.9561
96.4136
103.331
110.731
118.658
127.147
136.235
145.986
156.433
167.649
179.694
192.645
206.588
221.603
237.796
255.273
274.131
294.456
316.307
339.659
364.271
25.9345
25.3141
24.7077
24.1379
23.5707
23.0161
22.4944
21.9792
21.4706
20.9903
20.5278
20.0708
19.6293
19.2151
18.819
18.4328
18.0667
17.7286
17.4166
17.1195
16.8431
16.5977
16.3878
16.2046
16.0436
15.9185
15.836
15.7932
15.7847
15.8193
15.9008
16.0368
16.2262
16.4683
16.7753
17.1498
17.5945
18.1116
18.7095
19.3998
20.1854
21.0665
22.0494
23.1459
24.3675
25.7213
27.2082
28.8367
30.6208
32.5723
34.6998
37.0098
39.514
42.2295
45.1669
48.3358
51.7526
55.4335
59.3948
63.6492
68.216
73.1214
78.3778
84.009
90.0439
96.5048
103.426
110.83
118.76
127.253
136.347
146.102
156.553
167.775
179.826
192.782
206.731
221.751
237.95
255.432
274.293
294.62
316.469
339.814
364.41
25.9521
25.3318
24.7255
24.1558
23.5888
23.0344
22.5129
21.9979
21.4895
21.0095
20.5472
20.0906
19.6493
19.2355
18.8398
18.454
18.0883
17.7507
17.4391
17.1426
16.8667
16.6219
16.4126
16.23
16.0697
15.9454
15.8636
15.8217
15.814
15.8495
15.9319
16.0688
16.2595
16.5025
16.8106
17.1862
17.6321
18.1504
18.7496
19.4413
20.2281
21.1106
22.0951
23.1932
24.4163
25.7717
27.2604
28.8907
30.6766
32.6301
34.7595
37.0716
39.5779
42.2957
45.2354
48.4068
51.8261
55.5096
59.4736
63.7309
68.3008
73.2092
78.4689
84.1036
90.1421
96.6069
103.532
110.94
118.875
127.373
136.471
146.231
156.689
167.916
179.973
192.935
206.89
221.917
238.121
255.608
274.473
294.802
316.649
339.985
364.561
25.9728
25.3525
24.7464
24.1769
23.61
23.0558
22.5346
22.0199
21.5118
21.032
20.5701
20.1138
19.6729
19.2595
18.8641
18.4788
18.1136
17.7765
17.4655
17.1695
16.8943
16.6501
16.4414
16.2596
16.1
15.9765
15.8956
15.8547
15.8478
15.8843
15.9677
16.106
16.2974
16.5415
16.8509
17.2277
17.675
18.1944
18.7951
19.4882
20.2765
21.1606
22.1466
23.2465
24.4713
25.8285
27.319
28.9513
30.7393
32.6949
34.8265
37.1408
39.6496
42.3698
45.312
48.4861
51.9083
55.5947
59.5617
63.8223
68.3955
73.3074
78.5708
84.2094
90.252
96.7211
103.651
111.063
119.004
127.507
136.611
146.377
156.84
168.075
180.138
193.107
207.068
222.102
238.313
255.805
274.674
295.003
316.846
340.171
364.724
25.9969
25.3768
24.7709
24.2016
23.635
23.081
22.5601
22.0456
21.5378
21.0583
20.5968
20.1409
19.7004
19.2874
18.8925
18.5077
18.1431
17.8064
17.496
17.2006
16.9261
16.6827
16.4749
16.2939
16.135
16.0124
15.9327
15.8925
15.8864
15.924
16.0086
16.1482
16.3401
16.5858
16.8965
17.2746
17.7232
18.2441
18.8464
19.541
20.3309
21.2166
22.2045
23.3062
24.533
25.892
27.3846
29.0191
30.8095
32.7674
34.9014
37.2183
39.7297
42.4527
45.3978
48.5749
52.0002
55.69
59.6604
63.9245
68.5017
73.4175
78.685
84.3281
90.3753
96.8493
103.784
111.202
119.148
127.657
136.768
146.54
157.01
168.252
180.322
193.299
207.268
222.309
238.526
256.024
274.896
295.226
317.064
340.374
364.9
26.0251
25.4051
24.7995
24.2305
23.664
23.1104
22.5898
22.0757
21.5681
21.089
20.6279
20.1724
19.7323
19.3198
18.9254
18.5412
18.1771
17.841
17.5315
17.2368
16.9629
16.7204
16.5136
16.3328
16.1748
16.0534
15.9748
15.9347
15.9301
15.9689
16.0546
16.1954
16.3884
16.6357
16.9478
17.3273
17.7773
18.2998
18.9038
19.6001
20.3918
21.2793
22.2692
23.373
24.6019
25.9631
27.458
29.095
30.8879
32.8484
34.9851
37.3048
39.8193
42.5454
45.4937
48.6742
52.1032
55.7967
59.7709
64.0392
68.6207
73.541
78.8133
84.4614
90.5138
96.9934
103.934
111.358
119.31
127.826
136.944
146.723
157.201
168.45
180.529
193.514
207.491
222.539
238.764
256.267
275.143
295.472
317.302
340.595
365.086
26.058
25.4382
24.8328
24.2641
23.6979
23.1445
22.6243
22.1106
21.6034
21.1247
20.664
20.2089
19.7692
19.3572
18.9636
18.58
18.2164
17.8814
17.5722
17.2776
17.0047
16.7633
16.557
16.3764
16.2199
16.0995
16.0218
15.9826
15.9795
16.0193
16.1064
16.2483
16.4427
16.6914
17.005
17.3861
17.8377
18.362
18.9679
19.6661
20.4596
21.3493
22.3414
23.4476
24.6789
26.0424
27.5399
29.1796
30.9754
32.9389
35.0786
37.4016
39.9196
42.6492
45.6012
48.7856
52.2187
55.9164
59.8952
64.1681
68.7546
73.6799
78.9576
84.6114
90.6696
97.1553
104.102
111.533
119.493
128.015
137.141
146.928
157.415
168.673
180.76
193.754
207.74
222.797
239.029
256.537
275.415
295.742
317.562
340.832
365.282
26.0961
25.4765
24.8714
24.3031
23.7373
23.1841
22.6644
22.151
21.644
21.1657
20.7057
20.2512
19.812
19.4009
19.0073
18.6237
18.261
17.9269
17.6174
17.3236
17.0519
16.8112
16.6055
16.426
16.2707
16.1512
16.0745
16.0364
16.0345
16.0756
16.164
16.3074
16.5032
16.7536
17.0688
17.4516
17.905
18.4313
19.0393
19.7396
20.5353
21.4272
22.4219
23.5307
24.7647
26.1309
27.6313
29.2742
31.0733
33.0402
35.1834
37.5101
40.0321
42.7657
45.722
48.9109
52.3486
56.0512
60.0349
64.3132
68.9053
73.8363
79.1199
84.78
90.8448
97.3374
104.291
111.73
119.697
128.228
137.363
147.159
157.655
168.922
181.019
194.023
208.017
223.083
239.322
256.836
275.715
296.037
317.844
341.086
365.484
26.1402
25.5209
24.9162
24.3482
23.7826
23.2297
22.7105
22.1978
21.6912
21.2137
20.7538
20.2989
19.8604
19.4499
19.0558
18.6731
18.3113
17.9775
17.6686
17.3759
17.1049
16.865
16.66
16.4814
16.3272
16.2089
16.1331
16.0962
16.0956
16.1382
16.2281
16.3729
16.5704
16.8226
17.1397
17.5244
17.9799
18.5084
19.1187
19.8214
20.6195
21.5141
22.5117
23.6235
24.8605
26.2299
27.7337
29.3803
31.1832
33.1539
35.3012
37.6321
40.1586
42.8969
45.8579
49.0519
52.4949
56.203
60.1923
64.4765
69.0748
74.0122
79.3025
84.9697
91.0418
97.5421
104.504
111.951
119.927
128.467
137.611
147.417
157.923
169.2
181.308
194.322
208.326
223.4
239.647
257.165
276.044
296.359
318.148
341.353
365.689
26.1912
25.5721
24.9676
24.4003
23.8353
23.2829
22.7644
22.2508
21.7445
21.2677
20.807
20.3523
19.915
19.5045
19.1108
18.7291
18.3678
18.0343
17.7259
17.4339
17.1638
16.9247
16.7205
16.5428
16.3898
16.2728
16.1981
16.1625
16.1634
16.2075
16.2992
16.4457
16.645
16.8992
17.2184
17.6053
18.0631
18.5941
19.2072
19.9126
20.7135
21.6111
22.612
23.7274
24.968
26.341
27.8487
29.4995
31.3067
33.2819
35.4338
37.7696
40.3011
43.0447
46.0111
49.2107
52.6596
56.3738
60.3695
64.6603
69.2657
74.2101
79.5079
85.1831
91.2632
97.7721
104.742
112.199
120.185
128.735
137.889
147.705
158.223
169.511
181.63
194.655
208.669
223.752
240.006
257.527
276.404
296.708
318.472
341.632
365.892
26.2499
25.6315
25.0278
24.4606
23.8945
23.3429
22.8242
22.3095
21.8046
21.3278
20.8671
20.4133
19.9762
19.5657
19.1723
18.7911
18.4303
18.0972
17.7892
17.4982
17.229
16.9908
16.7874
16.6107
16.4591
16.3434
16.27
16.2358
16.2384
16.2843
16.3779
16.5263
16.7277
16.9843
17.3058
17.6953
18.1557
18.6898
19.306
20.0146
20.8188
21.72
22.7248
23.8442
25.0889
26.4661
27.9782
29.6338
31.4459
33.4261
35.5832
37.9244
40.4618
43.2112
46.1836
49.3897
52.8452
56.5663
60.569
64.8673
69.4804
74.4328
79.7389
85.4228
91.512
98.0304
105.01
112.477
120.474
129.034
138.2
148.028
158.557
169.858
181.988
195.024
209.049
224.141
240.401
257.923
276.795
297.083
318.815
341.918
366.083
26.3178
25.6984
25.0952
24.527
23.9604
23.4103
22.8909
22.3768
21.8724
21.395
20.9342
20.4806
20.0439
19.6332
19.2401
18.8596
18.4993
18.1667
17.8591
17.5689
17.3008
17.0637
16.8611
16.6855
16.5355
16.4214
16.3495
16.3168
16.3214
16.3693
16.4653
16.6159
16.8197
17.0791
17.4035
17.7959
18.2596
18.7971
19.417
20.1293
20.9373
21.8426
22.8518
23.9758
25.2252
26.6071
28.1242
29.7852
31.6029
33.5887
35.7516
38.099
40.6428
43.3988
46.378
49.5912
53.0541
56.7829
60.7935
65.1
69.7219
74.6831
79.9985
85.6921
91.7913
98.3202
105.311
112.789
120.797
129.37
138.548
148.388
158.93
170.243
182.386
195.434
209.468
224.569
240.833
258.354
277.217
297.482
319.172
342.204
366.253
26.3924
25.7725
25.1708
24.6019
24.0361
23.4859
22.9654
22.4511
21.947
21.4691
21.008
20.5548
20.1184
19.7076
19.3146
18.9348
18.5752
18.243
17.936
17.6469
17.3799
17.144
16.9424
16.7682
16.6199
16.5077
16.4375
16.4068
16.4137
16.4642
16.5628
16.7161
16.9228
17.1855
17.5132
17.9091
18.3764
18.9179
19.5421
20.2586
21.0708
21.9808
22.995
24.1242
25.3789
26.7661
28.2889
29.9558
31.7798
33.772
35.9414
38.2956
40.8466
43.61
46.5968
49.818
53.2892
57.0265
61.046
65.3617
69.9933
74.9642
80.29
85.9944
92.1046
98.645
105.647
113.138
121.159
129.744
138.936
148.789
159.345
170.671
182.827
195.886
209.931
225.038
241.304
258.821
277.668
297.903
319.539
342.48
366.388
25.8576
25.2554
24.685
24.119
23.5688
23.0473
22.5329
22.0291
21.5505
21.089
20.6362
20.2001
19.7893
19.3965
19.0174
18.6585
18.327
18.0206
17.7326
17.4672
17.2327
17.0325
16.8599
16.7139
16.604
16.5359
16.5076
16.5172
16.5706
16.6724
16.8288
17.0389
17.3053
17.6369
18.0367
18.5082
19.0542
19.6831
20.4044
21.2215
22.1367
23.1565
24.2915
25.5521
26.9453
28.4744
30.1482
31.9791
33.9784
36.1551
38.5171
41.0762
43.8479
46.8431
50.0732
53.5537
57.3005
61.3298
65.6558
70.2981
75.2799
80.617
86.3333
92.4556
99.0087
106.024
113.528
121.563
130.162
139.369
149.236
159.806
171.145
183.314
196.385
210.437
225.55
241.815
259.322
278.147
298.341
319.907
342.735
366.47
25.9505
25.348
24.7764
24.2103
23.66
23.1371
22.6224
22.1188
21.6397
21.1778
20.7253
20.2897
19.8789
19.4865
19.1082
18.7504
18.4198
18.1145
17.828
17.5644
17.3318
17.1332
16.9627
16.8192
16.712
16.6465
16.6209
16.6337
16.6905
16.7959
16.9559
17.1698
17.4405
17.7763
18.1807
18.6568
19.2079
19.8422
20.5688
21.3914
22.3125
23.3386
24.4802
25.7474
27.1473
28.6836
30.3649
32.2037
34.211
36.3959
38.7664
41.3346
44.1154
47.1202
50.3602
53.8509
57.6084
61.6485
65.9859
70.6401
75.6339
80.9835
86.7129
92.8486
99.4155
106.445
113.964
122.013
130.627
139.849
149.731
160.316
171.669
183.85
196.931
210.991
226.105
242.365
259.856
278.649
298.788
320.264
342.952
366.474
26.0527
25.4498
24.8764
24.31
23.7595
23.2354
22.7205
22.2173
21.7377
21.2756
20.8236
20.3887
19.9782
19.5864
19.2094
18.853
18.5236
18.2195
17.9348
17.6735
17.4431
17.2465
17.0783
16.9379
16.8338
16.7713
16.7487
16.7651
16.8258
16.9352
17.0993
17.3175
17.593
17.9337
18.343
18.8245
19.3813
20.0216
20.7542
21.583
22.5107
23.5439
24.6928
25.9674
27.3749
28.9192
30.609
32.4565
34.4727
36.6668
39.0469
41.6252
44.4163
47.4316
50.6826
54.1848
57.954
62.0062
66.3562
71.0234
76.0305
81.3939
87.1376
93.2878
99.8697
106.914
114.449
122.514
131.144
140.382
150.279
160.879
172.245
184.438
197.528
211.591
226.704
242.953
260.418
279.167
299.233
320.595
343.109
366.373
26.1646
25.5613
24.9864
24.4198
23.8693
23.3441
22.829
22.3263
21.8465
21.3843
20.9331
20.4992
20.0893
19.6983
19.3228
18.9681
18.6403
18.3376
18.0552
17.7964
17.5686
17.3743
17.2088
17.0718
16.9712
16.912
16.893
16.9135
16.9784
17.0925
17.261
17.4842
17.765
18.1111
18.5261
19.0136
19.5768
20.2238
20.9632
21.7989
22.734
23.7751
24.9322
26.2152
27.6312
29.1844
30.8837
32.7409
34.7672
36.9715
39.3623
41.9518
44.7543
47.7813
51.0446
54.5594
58.3416
62.4072
66.771
71.4527
76.4742
81.8527
87.6119
93.7779
100.376
107.437
114.988
123.07
131.717
140.971
150.883
161.498
172.877
185.079
198.175
212.239
227.344
243.573
261.002
279.691
299.662
320.88
343.179
366.129
26.2886
25.6849
25.1084
24.5417
23.9913
23.4651
22.9501
22.448
21.9682
21.5061
21.056
20.6233
20.2142
19.8243
19.4505
19.0979
18.7718
18.4709
18.1909
17.935
17.7101
17.5185
17.3561
17.2228
17.1262
17.0707
17.0558
17.0808
17.1506
17.2698
17.4435
17.6721
17.9589
18.3112
18.7326
19.2267
19.7971
20.4516
21.1986
22.0421
22.9856
24.0356
25.2018
26.4941
27.9196
29.4828
31.1927
33.0608
35.0981
37.3139
39.7167
42.3185
45.1337
48.1738
51.4506
54.9794
58.7759
62.8561
67.2352
71.9326
76.9699
82.3648
88.1409
94.3239
100.939
108.017
115.587
123.685
132.349
141.62
151.547
162.176
173.566
185.776
198.874
212.932
228.021
244.22
261.598
280.207
300.056
321.092
343.127
365.697
26.4269
25.8227
25.2449
24.6781
24.1278
23.6008
23.086
22.5847
22.1051
21.6433
21.1943
20.763
20.3549
19.9663
19.5945
19.2441
18.92
18.6213
18.344
18.0914
17.8697
17.6811
17.5223
17.3932
17.3009
17.2498
17.2394
17.2695
17.3447
17.4697
17.6492
17.884
18.1775
18.5367
18.9652
19.4668
20.0453
20.7083
21.4637
22.316
23.2687
24.3286
25.5052
26.8079
28.2439
29.8184
31.54
33.4202
35.4699
37.6983
40.1144
42.73
45.5592
48.6136
51.9054
55.4496
59.2619
63.3582
67.7538
72.4683
77.5229
82.9354
88.7296
94.9308
101.565
108.661
116.249
124.365
133.046
142.333
152.274
162.914
174.313
186.526
199.621
213.666
228.729
244.883
262.191
280.695
300.388
321.198
342.911
365.024
26.5819
25.9775
25.3982
24.8314
24.2813
23.7535
23.2389
22.7385
22.2592
21.7979
21.3501
20.9205
20.5136
20.1264
19.7568
19.4089
19.0872
18.7908
18.5167
18.2677
18.0496
17.8646
17.7096
17.5853
17.498
17.4517
17.4463
17.4822
17.5635
17.6949
17.8809
18.1227
18.4238
18.7906
19.2272
19.7372
20.3247
20.9971
21.7621
22.6242
23.5873
24.6583
25.8462
27.1606
28.6084
30.1953
31.93
33.8237
35.8871
38.1296
40.5603
43.1911
46.0358
49.1061
52.4142
55.9753
59.8048
63.9186
68.3324
73.0653
78.1384
83.57
89.3833
95.6037
102.257
109.372
116.978
125.112
133.81
143.112
153.065
163.715
175.117
187.329
200.412
214.434
229.458
245.549
262.763
281.131
300.626
321.156
342.479
364.045
26.7564
26.1515
25.5709
25.004
24.4541
23.9257
23.4113
22.9118
22.4329
21.9721
21.5258
21.0978
20.6924
20.3069
19.9398
19.5947
19.2756
18.982
18.7114
18.4665
18.2524
18.0713
17.9209
17.8019
17.72
17.6792
17.6796
17.7219
17.8101
17.9487
18.142
18.3916
18.701
19.0765
19.5221
20.0416
20.6391
21.322
22.0977
22.9708
23.9455
25.0287
26.2294
27.5566
29.0177
30.6184
32.3676
34.2762
36.3548
38.6128
41.0596
43.7072
46.5689
49.6566
52.9827
56.5621
60.4104
64.5432
68.9764
73.7293
78.8221
84.2738
90.1074
96.3477
103.021
110.155
117.78
125.931
134.644
143.959
153.921
164.576
175.977
188.178
201.241
215.225
230.192
246.198
263.288
281.481
300.73
320.914
341.768
362.686
26.9529
26.3475
25.7655
25.1985
24.6486
24.1197
23.6056
23.107
22.6286
22.1685
21.7237
21.2977
20.8939
20.5104
20.146
19.804
19.488
19.1975
18.9308
18.6904
18.4809
18.3043
18.159
18.0458
17.9701
17.9354
17.9424
17.9918
18.0877
18.2343
18.4359
18.6942
19.013
19.3982
19.8538
20.3838
20.9926
21.6872
22.4748
23.3601
24.3478
25.4446
26.6594
28.001
29.4767
31.0928
32.8579
34.783
36.8783
39.1535
41.6181
44.284
47.1643
50.271
53.6166
57.216
61.0845
65.2378
69.6919
74.4657
79.5796
85.0523
90.9068
97.1677
103.86
111.013
118.656
126.823
135.549
144.874
154.841
165.494
176.886
189.067
202.094
216.025
230.911
246.803
263.734
281.705
300.647
320.411
340.711
360.869
27.1743
26.5682
25.9849
25.4176
24.8678
24.3383
23.8245
23.3269
22.8491
22.3898
21.9467
21.5227
21.1208
20.7397
20.3783
20.0398
19.7271
19.4403
19.1779
18.9425
18.7382
18.5667
18.4271
18.3205
18.2516
18.2239
18.2381
18.2956
18.4
18.5557
18.7665
19.0346
19.3638
19.7598
20.2267
20.7685
21.3898
22.0973
22.8981
23.7971
24.7992
25.9111
27.1415
28.499
29.991
31.6239
33.4067
35.3498
37.4636
39.7576
42.2416
44.9275
47.828
50.9554
54.3221
57.9429
61.8331
66.0082
70.4844
75.2805
80.4161
85.9105
91.7863
98.0676
104.78
111.951
119.609
127.789
136.525
145.854
155.82
166.464
177.835
189.981
202.956
216.81
231.589
247.331
264.057
281.752
300.318
319.575
339.228
358.495
27.4235
26.8166
26.2321
25.6643
25.1145
24.5845
24.0711
23.5743
23.0973
22.6389
22.1977
21.776
21.3763
20.9977
20.6398
20.3051
19.9963
19.7136
19.4562
19.2264
19.0277
18.8621
18.7289
18.6296
18.5684
18.5484
18.5709
18.6373
18.7513
18.9169
19.138
19.4171
19.758
20.166
20.6454
21.2003
21.8354
22.5574
23.3729
24.2871
25.3051
26.4337
27.6813
29.0563
30.5662
32.2178
34.02
35.9829
38.1168
40.4313
42.9365
45.644
48.5665
51.7161
55.1055
58.7492
62.6624
66.8605
71.3598
76.1787
81.3367
86.853
92.7499
99.0509
105.781
112.968
120.639
128.828
137.568
146.896
156.85
167.473
178.81
190.905
203.805
217.554
232.191
247.74
264.208
281.561
299.67
318.319
337.205
355.4
27.7039
27.0961
26.5102
25.942
25.392
24.8616
24.3485
23.8526
23.3764
22.9193
22.4801
22.0609
21.6637
21.2881
20.934
20.6035
20.2991
20.0211
19.7692
19.5455
19.3533
19.1942
19.0683
18.9771
18.9244
18.9131
18.9448
19.0212
19.1459
19.3226
19.5553
19.8465
20.2003
20.6217
21.115
21.6845
22.335
23.0729
23.9048
24.8358
25.8714
27.0183
28.2848
29.6792
31.2088
32.8808
34.704
36.6885
38.8443
41.1812
43.7092
46.44
49.3861
52.5594
55.9729
59.6407
63.578
67.8001
72.3231
77.1653
82.3456
87.8833
93.8002
100.119
106.865
114.064
121.744
129.937
138.673
147.989
157.921
168.508
179.792
191.812
204.609
218.22
232.672
247.976
264.124
281.06
298.622
316.555
334.562
28.0188
27.4101
26.8229
26.2541
25.7039
25.1731
24.6603
24.1654
23.6902
23.2345
22.7976
22.3811
21.9868
21.6145
21.2646
20.9388
20.6393
20.3667
20.121
19.9042
19.7191
19.5675
19.4497
19.3675
19.3241
19.3227
19.3647
19.4523
19.5887
19.7779
20.0233
20.3281
20.6962
21.1325
21.6412
22.2269
22.8943
23.6498
24.4996
25.4492
26.5041
27.6713
28.9585
30.3739
31.925
33.6193
35.4654
37.4733
39.6528
42.0137
44.5663
47.322
50.293
53.4915
56.9302
60.6233
64.5854
68.8319
73.3788
78.2439
83.4458
89.0036
94.9384
101.273
108.03
115.237
122.919
131.106
139.829
149.12
159.015
169.547
180.754
192.67
205.33
218.76
232.977
247.976
263.731
280.165
297.079
314.184
331.208
28.372
27.7623
27.1738
26.6043
26.0538
25.5228
25.0103
24.5164
24.0425
23.5884
23.1539
22.7404
22.3494
21.9811
21.6358
21.3153
21.0214
20.7548
20.5159
20.3067
20.1297
19.9864
19.8777
19.8054
19.7726
19.7821
19.8357
19.9356
20.0851
20.288
20.5477
20.8675
21.2514
21.7041
22.2299
22.8334
23.5195
24.2943
25.1639
26.1338
27.21
28.399
29.7088
31.1472
32.7218
34.4401
36.311
38.344
40.5489
42.9356
45.5142
48.2962
51.2935
54.5181
57.9829
61.7017
65.6889
69.9597
74.5299
79.4168
84.6385
90.2137
96.1631
102.508
109.272
116.478
124.153
132.324
141.02
150.27
160.106
170.559
181.661
193.439
205.919
219.119
233.041
247.665
262.946
278.784
294.942
311.103
327.019
28.7671
28.1563
27.5667
26.9965
26.4457
25.9146
25.4026
24.9098
24.4372
23.9851
23.5534
23.1433
22.756
22.3921
22.052
21.7374
21.4497
21.19
20.9589
20.7581
20.59
20.4561
20.3576
20.2963
20.2752
20.2967
20.3631
20.4767
20.6408
20.8588
21.1343
21.4707
21.872
22.3428
22.8874
23.5105
24.217
25.0129
25.9041
26.8964
27.9956
29.2085
30.5427
32.006
33.6058
35.3501
37.2474
39.3071
41.539
43.9529
46.5589
49.3683
52.3927
55.6442
59.1354
62.8798
66.8917
71.1858
75.7776
80.684
85.9224
91.511
97.4696
103.819
110.58
117.777
125.432
133.573
142.223
151.411
161.164
171.508
182.468
194.066
206.317
219.228
232.787
246.959
261.675
276.816
292.11
307.211
321.893
29.2076
28.596
28.0055
27.4347
26.8838
26.3527
25.8413
25.3498
24.8789
24.4291
24.0005
23.5942
23.2112
22.8523
22.5181
22.21
21.9294
21.6774
21.4549
21.2635
21.1052
20.9819
20.8947
20.8456
20.8373
20.8724
20.953
21.0818
21.2618
21.4965
21.7894
22.1441
22.5645
23.0551
23.6203
24.2648
24.9936
25.8124
26.7272
27.7437
28.8679
30.1065
31.467
32.9569
34.5838
36.3557
38.2809
40.3689
42.6292
45.0713
47.7056
50.543
53.595
56.8734
60.3906
64.1598
68.1948
72.5101
77.1207
82.0427
87.293
92.8889
98.8492
105.193
111.941
119.115
126.735
134.826
143.409
152.509
162.147
172.345
183.121
194.488
206.452
219.008
232.13
245.763
259.821
274.161
288.48
302.415
315.759
29.697
29.0849
28.4939
27.9228
27.3719
26.8411
26.3307
25.8407
25.372
24.9249
24.4999
24.0979
23.7199
23.3667
23.0391
22.7383
22.4657
22.2223
22.0094
21.8284
21.6812
21.5695
21.4949
21.4593
21.4652
21.5152
21.6116
21.7569
21.9545
22.2075
22.5196
22.8943
23.3355
23.8478
24.4355
25.1032
25.8561
26.6998
27.64
28.6826
29.8336
31.0997
32.4881
34.0064
35.662
37.4629
39.4175
41.5348
43.8243
46.2955
48.9584
51.8239
54.9031
58.2075
61.7493
65.5412
69.5967
73.9295
78.5542
83.4862
88.7413
94.336
100.288
106.614
113.335
120.467
128.032
136.049
144.537
153.516
163.002
173.01
183.552
194.632
206.245
218.373
230.975
243.979
257.281
270.717
283.96
296.634
308.552
30.2382
29.6262
29.0354
28.4645
27.914
27.3841
26.875
26.3871
25.921
25.4772
25.0564
24.6594
24.2871
23.9404
23.6202
23.3276
23.064
22.8304
22.6281
22.4586
22.3236
22.225
22.1642
22.1435
22.1651
22.2315
22.3451
22.5088
22.7255
22.9985
23.3315
23.7279
24.1919
24.7276
25.3396
26.0325
26.8114
27.6817
28.6492
29.7197
30.8992
32.1944
33.6123
35.1603
36.8459
38.6769
40.6617
42.809
45.1281
47.6283
50.3195
53.2122
56.3172
59.6456
63.2093
67.0205
71.0919
75.4368
80.0689
85.0027
90.2529
95.8348
101.764
108.057
114.731
121.802
129.286
137.2
145.559
154.377
163.667
173.436
183.687
194.415
205.605
217.226
229.223
241.507
253.959
266.396
278.476
289.814
300.247
30.8333
30.2226
29.6328
29.0629
28.5136
27.9853
27.4783
26.9931
26.5303
26.0907
25.6748
25.2836
24.918
24.5787
24.2669
23.9836
23.73
23.5073
23.3168
23.1601
23.0387
22.9544
22.909
22.9045
22.9432
23.0277
23.1603
23.3438
23.5814
23.8762
24.2318
24.6518
25.1402
25.7013
26.3393
27.0592
27.8657
28.7644
29.7608
30.8608
32.0703
33.3959
34.8445
36.4233
38.1397
40.0014
42.0166
44.1939
46.5421
49.0704
51.7884
54.7063
57.8343
61.1834
64.7646
68.5896
72.6704
77.0195
81.6497
86.5742
91.8065
97.3605
103.25
109.49
116.093
123.074
130.446
138.222
146.413
155.026
164.069
173.541
183.439
193.746
204.438
215.471
226.777
238.255
249.77
261.125
271.971
281.933
290.856
31.4836
30.8757
30.2883
29.7206
29.1737
28.6479
28.144
27.6625
27.2041
26.7696
26.3597
25.9754
25.6174
25.2868
24.9844
24.7115
24.4693
24.2588
24.0815
23.9388
23.8324
23.7639
23.7354
23.7487
23.8061
23.9102
24.0634
24.2685
24.5286
24.8469
25.2269
25.6722
26.1868
26.7749
27.4407
28.1891
29.0249
29.9534
30.9801
32.1108
33.3514
34.7083
36.1883
37.7983
39.5457
41.4379
43.4829
45.689
48.0648
50.6192
53.3613
56.3007
59.4475
62.8117
66.4039
70.235
74.3161
78.6587
83.2744
88.1751
93.3728
98.8795
104.707
110.868
117.372
124.232
131.456
139.053
147.028
155.386
164.125
173.24
182.716
192.531
202.648
213.014
223.549
234.142
244.647
254.856
264.432
273.022
280.401
32.1888
31.5856
31.0026
30.4389
29.896
29.3744
28.8749
28.3985
27.9458
27.5178
27.1152
26.739
26.39
26.0693
25.7778
25.5167
25.2871
25.0903
24.9275
24.8004
24.7104
24.6594
24.6492
24.6819
24.7597
24.885
25.0605
25.2888
25.5731
25.9166
26.3226
26.7949
27.3372
27.9537
28.6488
29.4271
30.2933
31.2527
32.3107
33.4728
34.745
36.1335
37.6448
39.2857
41.0633
42.9848
45.058
47.2907
49.6911
52.2678
55.0294
57.985
61.1438
64.5155
68.1097
71.9363
76.0055
80.3274
84.9125
89.7709
94.913
100.349
106.087
112.139
118.511
125.211
132.244
139.616
147.326
155.372
163.747
172.439
181.426
190.677
200.147
209.772
219.467
229.111
238.552
247.573
255.872
263.108
268.873
272.267
272.609
269.426
32.9466
32.3511
31.775
31.2177
30.681
30.1656
29.6726
29.2031
28.7579
28.338
27.9444
27.5779
27.2396
26.9304
26.6514
26.4036
26.1883
26.0067
25.8601
25.75
25.6781
25.6461
25.6559
25.7095
25.8092
25.9574
26.1568
26.4099
26.72
27.0901
27.5236
28.0241
28.5955
29.2417
29.9671
30.7762
31.6736
32.6645
33.754
34.9477
36.2512
37.6707
39.2123
40.8827
42.6885
44.6368
46.7349
48.9902
51.4106
54.0039
56.7783
59.7422
62.9041
66.2727
69.8567
73.665
77.7064
81.9899
86.524
91.3174
96.3782
101.714
107.332
113.239
119.44
125.937
132.734
139.829
147.219
154.895
162.845
171.05
179.481
188.102
196.859
205.683
214.481
223.131
231.476
239.303
246.33
252.234
256.591
258.671
257.784
253.746
33.7525
33.1682
32.6023
32.0545
31.5269
31.0206
30.5368
30.0766
29.6413
29.2318
28.8493
28.4946
28.1689
27.8731
27.6084
27.3758
27.1765
27.0118
26.8831
26.7918
26.7396
26.7282
26.7595
26.8357
26.9589
27.1315
27.3561
27.6355
27.9727
28.3706
28.8328
29.3626
29.9639
30.6406
31.3968
32.237
33.1657
34.1878
35.3084
36.5327
37.8664
39.315
40.8848
42.5817
44.4123
46.3832
48.5012
50.7733
53.2066
55.8085
58.5865
61.5481
64.7009
68.0526
71.6109
75.3833
79.3773
83.6002
88.0589
92.7599
97.7094
102.912
108.374
114.096
120.082
126.331
132.84
139.606
146.62
153.868
161.333
168.99
176.807
184.739
192.73
200.706
208.572
216.206
223.451
230.103
235.901
240.533
243.61
244.518
242.587
237.786
34.5988
34.03
33.4786
32.9443
32.4296
31.9359
31.4647
31.0172
30.5947
30.1985
29.8297
29.4895
29.1788
28.8987
28.6504
28.4351
28.2538
28.108
27.9989
27.9282
27.8973
27.9082
27.9627
28.0629
28.211
28.4093
28.6605
28.9673
29.3325
29.7592
30.2507
30.8104
31.4419
32.1491
32.9359
33.8067
34.7659
35.818
36.9681
38.221
39.5821
41.0568
42.6507
44.3697
46.2197
48.2069
50.3375
52.618
55.0549
57.6546
60.4239
63.3694
66.4976
69.8151
73.3283
77.0434
80.9662
85.1023
89.4568
94.034
98.8378
103.871
109.135
114.63
120.355
126.307
132.479
138.863
145.446
152.212
159.138
166.195
173.348
180.548
187.737
194.839
201.759
208.377
214.543
220.066
224.702
228.167
230.102
229.975
227.218
221.8
35.4739
34.926
34.3942
33.8784
33.3815
32.9049
32.4505
32.0197
31.614
31.2347
30.8831
30.5603
30.2676
30.006
29.7767
29.581
29.42
29.2951
29.2077
29.1593
29.1516
29.1864
29.2655
29.391
29.5652
29.7904
30.0691
30.4039
30.7977
31.2535
31.7744
32.3637
33.025
33.7619
34.5783
35.4781
36.4658
37.5455
38.722
39.9999
41.3841
42.8798
44.4922
46.2265
48.0883
50.0831
52.2166
54.4944
56.9222
59.5059
62.2509
65.1631
68.2477
71.51
74.955
78.5874
82.4114
86.4307
90.6485
95.067
99.6877
104.511
109.535
114.759
120.177
125.784
131.569
137.522
143.627
149.862
156.205
162.622
169.076
175.517
181.886
188.109
194.092
199.721
204.855
209.315
212.882
215.298
216.233
215.243
211.887
206.05
36.3615
35.8409
35.3351
34.8439
34.3706
33.9168
33.4845
33.0755
32.6913
32.3334
32.0031
31.7016
31.4303
31.1905
30.9832
30.8099
30.6717
30.57
30.5063
30.4822
30.4993
30.5594
30.6645
30.8165
31.0177
31.2704
31.5769
31.94
32.3624
32.8468
33.3964
34.0143
34.7039
35.4686
36.3121
37.2382
38.2508
39.3541
40.5522
41.8496
43.2508
44.7604
46.3831
48.1237
49.987
51.978
54.1016
56.3626
58.7659
61.3162
64.0182
66.8762
69.8946
73.0771
76.4274
79.9484
83.6428
87.5124
91.5584
95.7811
100.18
104.752
109.495
114.404
119.471
124.688
130.044
135.524
141.11
146.78
152.507
158.259
163.996
169.671
175.223
180.582
185.659
190.347
194.514
197.997
200.602
202.089
202.163
200.458
196.619
190.272
180.47
167.505
150.37
129.276
37.241
36.7549
36.2824
35.823
35.3804
34.9562
34.5525
34.1713
33.8143
33.483
33.1789
32.9035
32.658
32.4436
32.2617
32.1138
32.0011
31.9252
31.8874
31.8894
31.9329
32.0198
32.1518
32.3311
32.5598
32.8401
33.1744
33.5652
34.0151
34.5269
35.1035
35.7478
36.4629
37.2521
38.1189
39.0667
40.0991
41.22
42.4331
43.7424
45.152
46.6659
48.2883
50.0234
51.8753
53.8481
55.9461
58.1731
60.533
63.0296
65.6664
68.4465
71.373
74.4483
77.6745
81.0531
84.585
88.2703
92.1085
96.0979
100.236
104.518
108.94
113.495
118.173
122.964
127.855
132.829
137.869
142.951
148.047
153.125
158.147
163.065
167.823
172.354
176.575
180.387
183.67
186.275
188.031
188.72
188.083
185.817
181.606
175.069
165.667
153.339
137.418
118.095
38.0895
37.6456
37.2141
36.7945
36.3903
36.0032
35.6356
35.2892
34.966
34.6676
34.3954
34.151
33.9359
33.7514
33.599
33.4799
33.3957
33.348
33.3383
33.3683
33.4397
33.5543
33.714
33.9208
34.1768
34.4842
34.8453
35.2624
35.738
36.2747
36.8751
37.5422
38.2786
39.0875
39.9719
40.9351
41.9801
43.1105
44.3297
45.641
47.0479
48.5541
50.163
51.878
53.7026
55.6401
57.6938
59.8667
62.1616
64.5814
67.1282
69.8042
72.611
75.5498
78.6212
81.8253
85.1615
88.6285
92.2241
95.945
99.7872
103.745
107.812
111.98
116.238
120.576
124.978
129.429
133.909
138.396
142.861
147.275
151.599
155.789
159.793
163.547
166.977
169.992
172.481
174.316
175.338
175.355
174.143
171.445
166.98
160.417
151.391
139.737
124.999
107.345
38.8848
38.4906
38.1078
37.7358
37.3779
37.0359
36.7119
36.4077
36.1253
35.8663
35.6322
35.4246
35.245
35.0948
34.9757
34.8891
34.8367
34.8199
34.8404
34.8999
35.0001
35.1431
35.3306
35.5646
35.8471
36.1801
36.5659
37.0067
37.5048
38.0625
38.6824
39.367
40.1189
40.9407
41.8352
42.8053
43.8537
44.9834
46.1972
47.4982
48.8891
50.3728
51.9523
53.6301
55.4091
57.2915
59.2799
61.3763
63.5827
65.9006
68.3313
70.8757
73.5343
76.307
79.1933
82.192
85.3013
88.5185
91.8404
95.2625
98.7795
102.385
106.072
109.83
113.65
117.518
121.422
125.344
129.266
133.165
137.016
140.789
144.449
147.955
151.258
154.301
157.015
159.318
161.111
162.281
162.683
162.152
160.492
157.485
152.888
146.428
137.825
126.904
113.319
97.2342
39.6109
39.2725
38.9448
38.6272
38.3227
38.0327
37.7592
37.504
37.2689
37.0555
36.8653
36.6999
36.5608
36.4496
36.3678
36.317
36.2989
36.3152
36.3676
36.4579
36.5878
36.7591
36.9737
37.2336
37.5405
37.8966
38.3039
38.7645
39.2805
39.854
40.4872
41.1824
41.9419
42.7681
43.6632
44.6297
45.6699
46.7864
47.9814
49.2573
50.6164
52.0609
53.5929
55.2144
56.9274
58.7335
60.6341
62.6306
64.7238
66.9144
69.2026
71.5885
74.0714
76.6504
79.3238
82.0896
84.9449
87.8863
90.9096
94.0097
97.1807
100.416
103.707
107.044
110.418
113.816
117.223
120.626
124.005
127.339
130.605
133.775
136.817
139.693
142.358
144.761
146.841
148.519
149.716
150.323
150.214
149.246
147.252
144.042
139.411
133.133
124.984
114.807
102.331
87.7153
40.2654
39.9863
39.7174
39.4583
39.2114
38.978
38.7598
38.5583
38.3752
38.212
38.0702
37.9512
37.8565
37.7876
37.7462
37.7339
37.7523
37.8032
37.8884
38.0096
38.1686
38.3672
38.6072
38.8905
39.2189
39.5943
40.0185
40.4934
41.021
41.6031
42.2417
42.9387
43.6962
44.516
45.4002
46.3507
47.3694
48.4583
49.6191
50.8536
52.1635
53.5504
55.0158
56.5608
58.1868
59.8945
61.6847
63.5578
65.514
67.553
69.6745
71.8774
74.1605
76.522
78.9596
81.4705
84.0514
86.6983
89.4065
92.1706
94.9845
97.8412
100.733
103.65
106.583
109.519
112.447
115.351
118.215
121.018
123.74
126.355
128.833
131.14
133.236
135.076
136.599
137.747
138.438
138.578
138.06
136.757
134.526
131.207
126.624
120.591
112.924
103.492
92.0782
78.8352
40.861
40.6408
40.4308
40.2313
40.0427
39.8665
39.7047
39.5582
39.4285
39.3171
39.2251
39.1541
39.1054
39.0802
39.0803
39.1072
39.1625
39.248
39.3654
39.5164
39.7028
39.9263
40.1886
40.4914
40.8365
41.2256
41.6604
42.1426
42.6739
43.2559
43.8903
44.5787
45.3228
46.1242
46.9844
47.9049
48.8872
49.9327
51.0427
52.2185
53.4611
54.7715
56.1506
57.5991
59.1173
60.7057
62.3642
64.0926
65.8905
67.757
69.6911
71.6912
73.7555
75.8819
78.0675
80.3092
82.6034
84.9459
87.3319
89.756
92.2123
94.6939
97.1931
99.7016
102.21
104.707
107.18
109.618
112.003
114.318
116.544
118.656
120.63
122.433
124.031
125.38
126.433
127.13
127.401
127.165
126.327
124.779
122.396
119.043
114.572
108.828
101.658
92.9588
82.5541
70.5865
41.4217
41.2571
41.1011
40.9559
40.8237
40.7019
40.5932
40.4992
40.4204
40.3584
40.3142
40.2891
40.2844
40.3012
40.3409
40.405
40.4951
40.6126
40.7593
40.9368
41.1467
41.3905
41.67
41.9866
42.342
42.7377
43.1751
43.6558
44.1813
44.7528
45.3719
46.0398
46.7578
47.5272
48.3492
49.2248
50.1551
51.141
52.1835
53.2831
54.4407
55.6565
56.9311
58.2644
59.6565
61.1072
62.616
64.1822
65.8049
67.4829
69.2146
70.9983
72.8319
74.7127
76.6381
78.6047
80.6088
82.6464
84.7128
86.8029
88.9109
91.0305
93.1546
95.2754
97.3841
99.471
101.525
103.534
105.483
107.358
109.14
110.807
112.337
113.703
114.87
115.803
116.459
116.783
116.714
116.182
115.104
113.386
110.922
107.597
103.287
97.8629
91.1989
83.2102
73.7577
62.9704
42.0831
41.961
41.8471
41.7418
41.6453
41.5602
41.4868
41.4255
41.3777
41.3441
41.3257
41.3237
41.339
41.3729
41.4264
41.5005
41.5966
41.716
41.8602
42.0305
42.2283
42.4553
42.7126
43.0019
43.3244
43.6815
44.0746
44.5049
44.9738
45.4824
46.0319
46.6234
47.2579
47.9365
48.66
49.4292
50.2451
51.1081
52.019
52.9781
53.9858
55.0423
56.1478
57.3021
58.5051
59.7563
61.0552
62.401
63.7927
65.2291
66.7087
68.2299
69.7908
71.389
73.0221
74.6873
76.3814
78.1008
79.8417
81.5998
83.3703
85.1478
86.9268
88.7005
90.4621
92.2034
93.9157
95.5891
97.2125
98.7733
100.257
101.648
102.927
104.075
105.064
105.867
106.452
106.779
106.8
106.462
105.704
104.454
102.631
100.145
96.8977
92.7849
87.6992
81.5379
74.2324
65.673
55.9746
42.5603
42.4817
42.4117
42.3492
42.2955
42.2515
42.2181
42.196
42.1862
42.1893
42.2063
42.2381
42.2856
42.3498
42.4316
42.5319
42.6516
42.7921
42.9544
43.1397
43.3493
43.5844
43.846
44.1355
44.454
44.8027
45.1826
45.5947
46.0403
46.5202
47.0353
47.5866
48.1747
48.8005
49.4646
50.1676
50.9098
51.6918
52.5139
53.3761
54.2786
55.2213
56.204
57.2265
58.2882
59.3886
60.5268
61.7019
62.9128
64.1582
65.4365
66.746
68.0848
69.4508
70.8415
72.2542
73.6859
75.1335
76.5934
78.0615
79.5337
81.0051
82.4704
83.924
85.3593
86.7693
88.1461
89.4807
90.7634
91.9827
93.1258
94.1787
95.1256
95.9455
96.618
97.119
97.4165
97.4758
97.2567
96.7124
95.7891
94.4249
92.5505
90.0887
86.9562
83.0661
78.329
72.6607
66.0061
58.2797
49.5826
42.99
42.9501
42.9169
42.8907
42.8728
42.8632
42.8624
42.8715
42.8915
42.923
42.9668
43.0236
43.0943
43.1796
43.2802
43.397
43.5307
43.6823
43.8528
44.0431
44.2541
44.4869
44.7423
45.0214
45.3251
45.6542
46.0097
46.3924
46.8031
47.2426
47.7116
48.2108
48.7407
49.3019
49.8949
50.5199
51.1772
51.8672
52.5898
53.345
54.1328
54.953
55.8052
56.6889
57.6036
58.5485
59.5229
60.5256
61.5556
62.6116
63.692
64.7952
65.9194
67.0626
68.2225
69.3966
70.5824
71.7768
72.9767
74.1784
75.3781
76.5716
77.7541
78.9206
80.0652
81.1817
82.263
83.3012
84.2874
85.2114
86.0623
86.8281
87.4919
88.0388
88.4501
88.7012
88.7659
88.6136
88.2091
87.5117
86.4746
85.0444
83.1616
80.7606
77.7711
74.1202
69.734
64.5432
58.5043
51.5511
43.7717
43.315
43.3073
43.3053
43.3094
43.3199
43.3374
43.3629
43.3971
43.4396
43.4915
43.5539
43.6273
43.7124
43.8097
43.9199
44.0436
44.1815
44.3344
44.503
44.688
44.8903
45.1105
45.3493
45.6077
45.8862
46.1855
46.5064
46.8494
47.2153
47.6045
48.0177
48.4553
48.9177
49.4053
49.9184
50.4573
51.0221
51.6128
52.2296
52.8722
53.5405
54.2343
54.9531
55.6964
56.4637
57.2542
58.0671
58.9014
59.756
60.6297
61.5211
62.4288
63.351
64.2859
65.2315
66.1857
67.1459
68.1096
69.0739
70.0357
70.9914
71.9374
72.8695
73.783
74.6729
75.5336
76.3588
77.1414
77.8735
78.5465
79.1511
79.674
80.1039
80.4266
80.623
80.673
80.5536
80.2379
79.6953
78.8902
77.7822
76.3254
74.4687
72.1566
69.3297
65.9273
61.888
57.1552
51.6949
45.4563
38.5155
43.4607
43.4786
43.5009
43.528
43.5603
43.5985
43.643
43.6939
43.7519
43.8179
43.8921
43.9744
44.0658
44.1671
44.2787
44.4011
44.5349
44.6806
44.8389
45.0102
45.1951
45.3943
45.6083
45.8376
46.0828
46.3445
46.6231
46.9191
47.2331
47.5654
47.9165
48.2867
48.6762
49.0855
49.5146
49.9638
50.4331
50.9225
51.4321
51.9616
52.5109
53.0798
53.6677
54.2743
54.8991
55.5412
56.2001
56.8748
57.5643
58.2676
58.9833
59.7103
60.447
61.1918
61.9428
62.6983
63.4559
64.2135
64.9684
65.7179
66.459
67.1882
67.902
68.5962
69.2664
69.9075
70.5141
71.0797
71.5976
72.0606
72.4585
72.7821
73.0215
73.161
73.1853
73.077
72.8157
72.3781
71.7374
70.8628
69.7192
68.2674
66.4638
64.2613
61.6101
58.4593
54.7586
50.4614
45.5416
39.9609
33.7843
43.3515
43.3879
43.427
43.4696
43.516
43.5668
43.6222
43.6828
43.749
43.8211
43.8992
43.9836
44.0753
44.1741
44.2803
44.3947
44.5177
44.6497
44.7913
44.9427
45.1044
45.2768
45.4604
45.6555
45.8627
46.0822
46.3145
46.56
46.819
47.0918
47.3787
47.6801
47.9961
48.3269
48.6727
49.0336
49.4097
49.8008
50.2071
50.6283
51.0643
51.5148
51.9796
52.4582
52.9501
53.4547
53.9715
54.4997
55.0383
55.5866
56.1434
56.7076
57.2779
57.8529
58.4311
59.0107
59.5898
60.1666
60.7387
61.3037
61.8589
62.4013
62.9278
63.4348
63.9182
64.3738
64.7964
65.1805
65.5206
65.81
66.0387
66.2022
66.2865
66.2803
66.1701
65.9405
65.5737
65.0493
64.3441
63.4313
62.281
60.8593
59.1294
57.0512
54.583
51.6825
48.3084
44.4227
40.0055
35.0282
29.546
42.9098
42.9573
43.0063
43.0574
43.111
43.1674
43.227
43.2902
43.3573
43.4285
43.5043
43.5848
43.6704
43.7609
43.8567
43.9585
44.0662
44.1802
44.3008
44.4285
44.5635
44.7063
44.8571
45.0162
45.1839
45.3605
45.5463
45.7415
45.9464
46.1614
46.3865
46.622
46.868
47.1248
47.3925
47.671
47.9606
48.261
48.5724
48.8946
49.2274
49.5707
49.9241
50.2874
50.6602
51.0419
51.4321
51.8301
52.2353
52.6467
53.0637
53.4851
53.91
54.337
54.7649
55.1923
55.6174
56.0387
56.4541
56.8615
57.2586
57.6428
58.0113
58.3609
58.6882
58.9893
59.2596
59.4949
59.6898
59.8362
59.9318
59.9658
59.9283
59.8093
59.5969
59.2777
58.8361
58.2545
57.5127
56.5876
55.4534
54.0813
52.4401
50.4959
48.2138
45.5588
42.497
38.9974
35.0455
30.6199
25.7668
42.0863
42.1386
42.1911
42.2445
42.2991
42.3552
42.4132
42.4732
42.5356
42.6006
42.6685
42.7395
42.8136
42.8913
42.9726
43.0579
43.1471
43.2403
43.338
43.4404
43.5476
43.66
43.7778
43.9013
44.0307
44.1662
44.3079
44.4561
44.611
44.7727
44.9413
45.1172
45.3002
45.4907
45.6886
45.8941
46.1071
46.3277
46.5557
46.7912
47.034
47.2839
47.5407
47.8043
48.0741
48.3499
48.6312
48.9176
49.2084
49.5029
49.8006
50.1004
50.4016
50.7032
51.004
51.3028
51.5982
51.8888
52.1728
52.4485
52.7139
52.9667
53.2045
53.4244
53.6236
53.7985
53.9455
54.0601
54.1379
54.1736
54.1628
54.0958
53.9651
53.7613
53.4744
53.0924
52.6019
51.9876
51.2319
50.3151
49.2151
47.9074
46.3655
44.5609
42.4645
40.0473
37.2817
34.1426
30.6197
26.697
22.4126
40.8583
40.91
40.9611
41.0119
41.0628
41.1141
41.166
41.2188
41.2727
41.3278
41.3844
41.4426
41.5027
41.5647
41.6288
41.6952
41.764
41.8355
41.9098
41.9869
42.0668
42.15
42.2367
42.3268
42.4208
42.5187
42.6206
42.7267
42.8372
42.952
43.0714
43.1954
43.3242
43.4577
43.5961
43.7394
43.8875
44.0406
44.1984
44.361
44.5283
44.7001
44.8763
45.0566
45.2408
45.4285
45.6195
45.8133
46.0094
46.2072
46.4063
46.6059
46.8053
47.0036
47.1999
47.3932
47.5824
47.766
47.9429
48.1113
48.2697
48.416
48.5482
48.6638
48.7603
48.8347
48.8838
48.9035
48.8898
48.8396
48.747
48.6043
48.4048
48.1404
47.8023
47.38
46.8621
46.2351
45.4841
44.592
43.54
42.3074
40.8716
39.209
37.295
35.1059
32.6193
29.815
26.6862
23.2205
19.4491
39.2397
39.2869
39.3328
39.3777
39.4217
39.4652
39.5083
39.5513
39.5943
39.6376
39.6812
39.7253
39.7701
39.8156
39.8621
39.9096
39.9584
40.0084
40.0599
40.1129
40.1676
40.2242
40.2825
40.3429
40.4055
40.4703
40.5376
40.6074
40.6798
40.7549
40.8326
40.9132
40.9966
41.0829
41.1721
41.2643
41.3593
41.4572
41.5579
41.6615
41.7676
41.8764
41.9875
42.1008
42.2162
42.3332
42.4518
42.5714
42.6917
42.8124
42.9328
43.0524
43.1706
43.2867
43.3999
43.5094
43.6141
43.7131
43.8051
43.8889
43.9629
44.0255
44.0749
44.1091
44.1258
44.1225
44.0964
44.0438
43.9611
43.8466
43.6939
43.4968
43.2493
42.9446
42.5747
42.1309
41.603
40.9796
40.2477
39.3929
38.3991
37.2487
35.9229
34.4016
32.6647
30.6926
28.4672
25.9725
23.2041
20.1524
16.8425
37.2754
37.3158
37.3544
37.3913
37.4267
37.4609
37.494
37.5263
37.5577
37.5886
37.619
37.6491
37.679
37.7088
37.7386
37.7685
37.7988
37.8294
37.8604
37.8921
37.9244
37.9574
37.9913
38.0262
38.0621
38.0991
38.1374
38.177
38.2179
38.2602
38.3039
38.3491
38.3959
38.4441
38.4939
38.5452
38.5979
38.6522
38.7078
38.7648
38.823
38.8823
38.9426
39.0038
39.0655
39.1277
39.19
39.2522
39.3139
39.3748
39.4344
39.4924
39.548
39.6008
39.6502
39.6953
39.7353
39.7695
39.7967
39.8158
39.8257
39.8248
39.8117
39.7846
39.7416
39.6804
39.5989
39.4936
39.3613
39.201
39.0067
38.7732
38.4952
38.1669
37.7814
37.3311
36.8073
36.2002
35.4987
34.6904
33.7618
32.698
31.4831
30.1005
28.5335
26.7659
24.7835
22.5736
20.1338
17.4559
14.5601
35.0297
35.0622
35.0927
35.121
35.1474
35.1721
35.1952
35.2168
35.2372
35.2564
35.2746
35.2919
35.3083
35.3241
35.3392
35.3539
35.3682
35.3822
35.396
35.4096
35.4232
35.4369
35.4506
35.4646
35.4788
35.4934
35.5083
35.5237
35.5396
35.556
35.5729
35.5904
35.6084
35.627
35.6462
35.6659
35.6862
35.7069
35.728
35.7495
35.7712
35.793
35.8149
35.8366
35.858
35.8789
35.899
35.9182
35.9361
35.9524
35.9668
35.9788
35.988
35.9939
35.9959
35.9934
35.9858
35.9722
35.9519
35.9237
35.8868
35.8398
35.7816
35.7105
35.6249
35.523
35.4027
35.2614
35.0958
34.9053
34.6847
34.4298
34.1357
33.7975
33.4093
32.9645
32.4557
31.8745
31.2115
30.4562
29.597
28.6215
27.5165
26.268
24.8623
23.2862
21.5283
19.5784
17.437
15.0961
12.5706
32.5844
32.6091
32.6317
32.6518
32.6698
32.6857
32.6997
32.712
32.7226
32.7317
32.7394
32.7458
32.7509
32.755
32.7581
32.7603
32.7616
32.7623
32.7622
32.7615
32.7604
32.7587
32.7567
32.7544
32.7518
32.749
32.746
32.7428
32.7395
32.7362
32.7327
32.7292
32.7256
32.722
32.7183
32.7144
32.7105
32.7063
32.7019
32.6971
32.6919
32.6863
32.6799
32.6728
32.6648
32.6557
32.6452
32.6333
32.6195
32.6037
32.5855
32.5646
32.5406
32.513
32.4814
32.4452
32.4038
32.3567
32.3029
32.2418
32.1725
32.0938
32.0046
31.9038
31.7898
31.6611
31.5159
31.352
31.1666
30.9587
30.7245
30.4601
30.1613
29.824
29.4431
29.013
28.5274
27.9791
27.3601
26.6616
25.8739
24.9864
23.9882
22.8678
21.6137
20.2153
18.6636
16.9506
15.0778
13.0395
10.8446
30.0124
30.0303
30.0462
30.0593
30.0702
30.0789
30.0855
30.0902
30.093
30.0942
30.0936
30.0916
30.0881
30.0833
30.0773
30.0701
30.0617
30.0524
30.0421
30.0309
30.0189
30.0061
29.9926
29.9784
29.9636
29.9482
29.9322
29.9157
29.8987
29.8812
29.8633
29.8448
29.8259
29.8064
29.7865
29.766
29.7449
29.7233
29.7009
29.6777
29.6538
29.6289
29.6029
29.5758
29.5473
29.5174
29.4859
29.4525
29.417
29.3792
29.3387
29.2954
29.2488
29.1986
29.1444
29.0856
29.0218
28.9524
28.8768
28.7942
28.7039
28.605
28.4965
28.3773
28.2463
28.1019
27.9428
27.7671
27.5724
27.3574
27.1194
26.8549
26.5602
26.232
25.866
25.4573
25.0005
24.4897
23.918
23.2781
22.5618
21.7603
20.8645
19.8648
18.752
17.5174
16.1537
14.6549
13.0232
11.2543
9.35385
27.3986
27.411
27.4214
27.4291
27.4345
27.4377
27.4388
27.4378
27.435
27.4304
27.424
27.4161
27.4065
27.3956
27.3832
27.3695
27.3546
27.3384
27.3212
27.3028
27.2835
27.2631
27.2418
27.2197
27.1967
27.1728
27.1482
27.1227
27.0966
27.0696
27.0419
27.0135
26.9843
26.9544
26.9237
26.8921
26.8597
26.8264
26.7922
26.7569
26.7205
26.6829
26.6441
26.6038
26.562
26.5185
26.4732
26.4259
26.3763
26.3243
26.2696
26.212
26.1511
26.0866
26.0182
25.9454
25.8678
25.7848
25.696
25.6008
25.4984
25.3881
25.269
25.1402
25.0007
24.8493
24.6846
24.5053
24.3093
24.0946
23.8605
23.6026
23.3187
23.0055
22.6595
22.2767
21.8524
21.3816
20.8587
20.2773
19.6308
18.9118
18.1127
17.2257
16.2432
15.1583
13.9651
12.6591
11.2428
9.71233
8.07166
24.7927
24.8013
24.8078
24.8118
24.8137
24.8133
24.811
24.8066
24.8004
24.7924
24.7827
24.7713
24.7584
24.7439
24.7281
24.7108
24.6923
24.6725
24.6514
24.6292
24.6059
24.5814
24.556
24.5295
24.502
24.4736
24.4442
24.4139
24.3827
24.3506
24.3175
24.2836
24.2487
24.2129
24.1762
24.1384
24.0997
24.0598
24.0189
23.9767
23.9333
23.8886
23.8424
23.7947
23.7453
23.6942
23.6411
23.5859
23.5285
23.4686
23.406
23.3405
23.2717
23.1996
23.1236
23.0434
22.9587
22.869
22.7738
22.6727
22.5649
22.4499
22.327
22.1952
22.0538
21.9017
21.7378
21.5608
21.3692
21.161
20.9356
20.6896
20.4207
20.1266
19.804
19.4497
19.0597
18.6299
18.1555
17.6313
17.0516
16.4105
15.7017
14.9187
14.0553
13.1061
12.0663
10.9329
9.7076
8.38686
6.97451
22.2647
22.2712
22.2758
22.2781
22.2782
22.2763
22.2725
22.2667
22.2592
22.2499
22.2389
22.2264
22.2123
22.1967
22.1796
22.1612
22.1415
22.1204
22.0981
22.0746
22.0499
22.0241
21.9972
21.9692
21.9401
21.91
21.8789
21.8468
21.8136
21.7795
21.7443
21.7082
21.671
21.6328
21.5935
21.5532
21.5117
21.469
21.4251
21.38
21.3334
21.2855
21.2361
21.185
21.1323
21.0777
21.0212
20.9626
20.9017
20.8384
20.7724
20.7036
20.6317
20.5565
20.4777
20.3949
20.3079
20.2162
20.1195
20.0172
19.9089
19.794
19.6718
19.5418
19.403
19.2546
19.0958
18.9253
18.7419
18.5441
18.3309
18.0998
17.8488
17.576
17.2786
16.9539
16.5986
16.2093
15.782
15.3123
14.7957
14.227
13.6013
12.9132
12.1577
11.3304
10.4275
9.44734
8.39057
7.25371
6.04105
19.8216
19.8277
19.8321
19.8343
19.8347
19.8331
19.8298
19.8248
19.818
19.8097
19.7998
19.7883
19.7755
19.7611
19.7455
19.7284
19.7101
19.6905
19.6697
19.6477
19.6246
19.6003
19.5748
19.5483
19.5207
19.492
19.4623
19.4315
19.3997
19.3668
19.3329
19.2979
19.2618
19.2246
19.1862
19.1468
19.1061
19.0642
19.021
18.9764
18.9305
18.8831
18.8341
18.7835
18.7311
18.6769
18.6207
18.5625
18.502
18.4391
18.3736
18.3054
18.2342
18.1598
18.082
18.0005
17.915
17.8251
17.7306
17.6309
17.5257
17.4145
17.2967
17.1717
17.0389
16.8975
16.7467
16.5857
16.4132
16.2281
16.0293
15.815
15.5834
15.3329
15.0613
14.7661
14.4449
14.0946
13.7119
13.2934
12.8351
12.333
11.7828
11.1804
10.5216
9.80289
9.02133
8.17593
7.26683
6.29053
5.25155
17.5319
17.5395
17.5455
17.5496
17.5519
17.5525
17.5514
17.5488
17.5445
17.5388
17.5316
17.5229
17.5129
17.5015
17.4887
17.4747
17.4595
17.443
17.4253
17.4065
17.3865
17.3654
17.3431
17.3198
17.2954
17.2698
17.2433
17.2156
17.1868
17.157
17.1261
17.0941
17.0609
17.0266
16.9912
16.9545
16.9166
16.8775
16.837
16.7951
16.7518
16.7069
16.6606
16.6125
16.5627
16.511
16.4575
16.4018
16.3439
16.2837
16.221
16.1557
16.0875
16.0163
15.9418
15.8638
15.7821
15.6963
15.6062
15.5114
15.4114
15.306
15.1946
15.0768
14.9519
14.8193
14.6783
14.5282
14.368
14.1968
14.0134
13.8165
13.6047
13.3764
13.13
12.8635
12.5746
12.2609
11.9198
11.5484
11.1434
10.7015
10.2193
9.69334
9.12038
8.49744
7.82246
7.09478
6.31386
5.47673
4.5879
15.3424
15.3527
15.3618
15.3692
15.3752
15.3796
15.3827
15.3843
15.3846
15.3836
15.3812
15.3776
15.3728
15.3668
15.3595
15.3511
15.3416
15.3309
15.3191
15.3062
15.2922
15.2771
15.2609
15.2437
15.2254
15.206
15.1856
15.164
15.1414
15.1177
15.0928
15.0668
15.0396
15.0113
14.9817
14.9509
14.9188
14.8853
14.8505
14.8142
14.7765
14.7372
14.6962
14.6536
14.6091
14.5628
14.5145
14.4642
14.4116
14.3568
14.2994
14.2395
14.1768
14.1112
14.0424
13.9703
13.8946
13.8151
13.7315
13.6435
13.5508
13.4531
13.3498
13.2407
13.1252
13.0027
12.8727
12.7346
12.5875
12.4306
12.263
12.0836
11.8912
11.6846
11.4623
11.2227
10.964
10.6842
10.3811
10.0523
9.69524
9.30717
8.88529
8.42683
7.92918
7.38993
6.80772
6.18169
5.51069
4.79318
4.03346
13.341
13.3574
13.3729
13.3869
13.3996
13.4109
13.4209
13.4295
13.4369
13.4431
13.448
13.4517
13.4542
13.4556
13.4558
13.4549
13.4528
13.4497
13.4455
13.4401
13.4337
13.4263
13.4177
13.4081
13.3974
13.3856
13.3727
13.3588
13.3437
13.3275
13.3102
13.2917
13.2721
13.2512
13.2292
13.2058
13.1812
13.1552
13.1278
13.099
13.0688
13.037
13.0036
12.9686
12.9318
12.8932
12.8528
12.8103
12.7658
12.7191
12.6702
12.6188
12.5649
12.5083
12.4488
12.3864
12.3207
12.2517
12.1791
12.1026
12.022
11.9371
11.8474
11.7528
11.6527
11.5468
11.4347
11.3157
11.1895
11.0553
10.9124
10.7601
10.5974
10.4234
10.237
10.037
9.82218
9.59096
9.34172
9.07268
8.78186
8.46719
8.12644
7.75733
7.35763
6.92522
6.45819
5.95565
5.41656
4.83942
4.22381
3.57391
11.4015
11.4231
11.4441
11.4641
11.4831
11.5012
11.5183
11.5344
11.5496
11.5639
11.5772
11.5896
11.6011
11.6116
11.6212
11.6299
11.6376
11.6444
11.6502
11.6551
11.6589
11.6618
11.6637
11.6645
11.6643
11.6631
11.6608
11.6573
11.6528
11.647
11.6401
11.632
11.6227
11.612
11.6001
11.5868
11.572
11.5559
11.5382
11.519
11.4982
11.4758
11.4516
11.4257
11.3979
11.3682
11.3365
11.3028
11.2668
11.2286
11.1881
11.145
11.0994
11.0511
10.9999
10.9457
10.8883
10.8277
10.7635
10.6956
10.6237
10.5477
10.4672
10.382
10.2918
10.1961
10.0947
9.98707
9.87279
9.75133
9.622
9.48431
9.33735
9.18044
9.01268
8.8331
8.64059
8.43396
8.21185
7.9728
7.71523
7.43744
7.13762
6.81394
6.46462
6.08789
5.68234
5.2473
4.78159
4.28374
3.75405
3.19644
9.72581
9.75622
9.78625
9.8155
9.8439
9.87141
9.89804
9.92379
9.94864
9.97258
9.9956
10.0177
10.0389
10.0591
10.0783
10.0966
10.1139
10.1302
10.1455
10.1597
10.1729
10.185
10.196
10.206
10.2148
10.2224
10.2289
10.2341
10.2381
10.2409
10.2424
10.2426
10.2414
10.2389
10.2349
10.2295
10.2226
10.2141
10.2041
10.1925
10.1792
10.1641
10.1473
10.1287
10.1081
10.0856
10.061
10.0343
10.0054
9.97429
9.94076
9.90477
9.8662
9.82494
9.78088
9.73388
9.68381
9.63051
9.57381
9.51355
9.44953
9.38153
9.30934
9.23271
9.15135
9.06498
8.97327
8.87585
8.77234
8.6623
8.54515
8.42046
8.28751
8.14572
7.99434
7.83257
7.65951
7.47415
7.2754
7.06208
6.83289
6.58644
6.32129
6.03596
5.729
5.39897
5.04491
4.66602
4.26107
3.82919
3.37104
2.88998
7.96288
8.00084
8.03884
8.07665
8.11428
8.15167
8.18879
8.22561
8.2621
8.29822
8.33392
8.36917
8.40393
8.43813
8.47175
8.50473
8.53701
8.56856
8.59932
8.62924
8.65827
8.68637
8.71347
8.73954
8.76452
8.78836
8.81101
8.83242
8.85253
8.8713
8.88868
8.90461
8.91904
8.93192
8.9432
8.95282
8.96073
8.96688
8.97121
8.97366
8.97418
8.9727
8.96917
8.96352
8.95568
8.9456
8.93319
8.91839
8.90112
8.88131
8.85886
8.8337
8.80573
8.77484
8.74094
8.70392
8.66365
8.62
8.57283
8.52201
8.46736
8.40872
8.34589
8.27866
8.2068
8.13008
8.04822
7.96091
7.86783
7.76862
7.66282
7.55003
7.42972
7.30136
7.16437
7.01806
6.86171
6.69449
6.51552
6.32382
6.11834
5.89797
5.66151
5.40779
5.13562
4.84384
4.53178
4.19851
3.84291
3.46471
3.0647
2.64581
6.57927
6.63428
6.6899
6.74588
6.80204
6.85801
6.91367
6.96889
7.02353
7.0775
7.13069
7.18302
7.23443
7.28484
7.33419
7.38243
7.42952
7.47539
7.51998
7.56324
7.60511
7.64554
7.6845
7.72193
7.75782
7.7921
7.82476
7.85575
7.88505
7.91261
7.93843
7.96245
7.98465
8.00501
8.02348
8.04005
8.05469
8.06735
8.07802
8.08664
8.09319
8.09761
8.09987
8.09991
8.0977
8.09318
8.0863
8.07701
8.06524
8.05093
8.03401
8.01439
7.99199
7.96672
7.93849
7.90718
7.87269
7.83492
7.79373
7.749
7.70057
7.6483
7.592
7.5315
7.46659
7.39705
7.32264
7.2431
7.15814
7.06742
6.97059
6.86727
6.75703
6.63941
6.51391
6.37995
6.23692
6.08413
5.92084
5.74623
5.55945
5.35956
5.14561
4.91662
4.67161
4.40969
4.13032
3.83259
3.51572
3.17971
2.8254
2.45559
4.82948
4.89235
4.95646
5.02146
5.08733
5.15383
5.22104
5.2889
5.35737
5.42639
5.49585
5.56567
5.63575
5.70587
5.77583
5.84547
5.91454
5.98303
6.05079
6.11775
6.18379
6.24882
6.31273
6.37543
6.43682
6.49682
6.55531
6.61223
6.66747
6.72095
6.77258
6.82228
6.86997
6.91555
6.95896
7.00011
7.03891
7.07532
7.10928
7.14076
7.16969
7.19598
7.21956
7.24034
7.25822
7.27309
7.28489
7.29357
7.29906
7.30132
7.30027
7.29586
7.28788
7.27636
7.26135
7.24268
7.22017
7.19394
7.16383
7.12971
7.09148
7.04899
7.00212
6.95072
6.89461
6.83362
6.76755
6.69621
6.61934
6.53667
6.44794
6.35281
6.25095
6.14197
6.02546
5.90096
5.76794
5.62585
5.47408
5.31197
5.13882
4.95386
4.75633
4.54544
4.32039
4.08052
3.8253
3.55395
3.26618
2.96204
2.64252
2.31028
3.58209
3.69591
3.82058
3.95695
4.08719
4.21529
4.34088
4.46377
4.58385
4.70111
4.81518
4.92658
5.03665
5.14433
5.24865
5.35031
5.44889
5.54415
5.63615
5.72486
5.81029
5.89246
5.97137
6.04702
6.11944
6.18864
6.25463
6.31743
6.37706
6.43352
6.48683
6.537
6.58405
6.62799
6.66872
6.70616
6.74082
6.77309
6.80308
6.83085
6.85568
6.87716
6.89549
6.91049
6.92214
6.93051
6.93625
6.93953
6.9402
6.93869
6.93549
6.93026
6.92133
6.90795
6.89151
6.87219
6.84817
6.8201
6.78902
6.75434
6.71608
6.67401
6.628
6.57785
6.52338
6.46439
6.40069
6.33204
6.25821
6.17894
6.09395
6.00294
5.9056
5.80157
5.69046
5.57185
5.44528
5.31027
5.16627
5.01271
4.84897
4.67442
4.48839
4.29021
4.07925
3.85497
3.61678
3.36423
3.09704
2.8151
2.5202
2.21241
1.60116
1.70315
1.85211
2.02397
2.15765
2.30437
2.44791
2.59296
2.7375
2.88171
3.02511
3.16747
3.30851
3.44801
3.58575
3.72162
3.8556
3.98745
4.11703
4.24419
4.36878
4.49067
4.60976
4.72593
4.83909
4.94915
5.05604
5.15968
5.26
5.35694
5.45043
5.5404
5.62686
5.70947
5.78722
5.86205
5.93529
6.00434
6.06898
6.13111
6.18915
6.24222
6.29166
6.33733
6.37949
6.41801
6.45252
6.4829
6.50939
6.53175
6.54958
6.55972
6.56517
6.56968
6.5705
6.56819
6.56139
6.54924
6.53289
6.51169
6.48569
6.45476
6.41882
6.3778
6.33159
6.28009
6.22316
6.16067
6.09245
6.01833
5.93809
5.85151
5.75832
5.65825
5.55097
5.43612
5.31331
5.18211
5.04205
4.89262
4.73327
4.56342
4.38246
4.18979
3.98479
3.76693
3.53577
3.29114
3.03265
2.76027
2.47629
2.17882
)
;

boundaryField
{
    walls
    {
        type            zeroGradient;
    }
    frontAndBack
    {
        type            empty;
    }
    farfield
    {
        type            outletInlet;
        outletValue     uniform 0;
        value           nonuniform List<scalar> 
92
(
0
0
0
2.02397
2.15765
2.30437
2.44791
2.59296
2.7375
2.88171
3.02511
3.16747
3.30851
3.44801
3.58575
3.72162
3.8556
3.98745
4.11703
4.24419
4.36878
4.49067
4.60976
4.72593
4.83909
4.94915
5.05604
5.15968
5.26
5.35694
5.45043
5.5404
5.62686
5.70947
5.78722
5.86205
5.93529
6.00434
6.06898
6.13111
6.18915
6.24222
6.29166
6.33733
6.37949
6.41801
6.45252
6.4829
6.50939
6.53175
6.54958
6.55972
6.56517
6.56968
6.5705
6.56819
6.56139
6.54924
6.53289
6.51169
6.48569
6.45476
6.41882
6.3778
6.33159
6.28009
6.22316
6.16067
6.09245
6.01833
5.93809
5.85151
5.75832
5.65825
5.55097
5.43612
5.31331
5.18211
5.04205
4.89262
4.73327
4.56342
4.38246
4.18979
3.98479
3.76693
3.53577
3.29114
3.03265
2.76027
2.47629
2.17882
)
;
    }
    procBoundary2to0
    {
        type            processor;
        value           nonuniform List<scalar> 
105
(
28.604
28.604
28.604
28.604
28.6041
28.6041
28.6042
28.6043
28.6046
28.6049
27.8923
27.1849
26.4825
26.4825
26.4832
26.484
26.4851
26.4866
26.4885
26.4909
26.4938
26.4974
26.5017
26.507
26.5133
26.5209
26.5299
26.5405
26.5531
26.568
26.5854
26.6058
26.6297
26.6576
26.69
26.7276
26.7711
26.8214
26.8789
26.9459
27.0215
26.4766
26.4766
26.5704
26.6727
26.7856
26.91
27.0491
27.2047
27.3799
27.5771
27.7993
28.0494
28.3308
28.6468
29.0009
29.3967
29.8377
30.3269
30.867
31.4599
32.1061
32.8048
33.553
34.3455
35.1737
36.0254
36.8834
37.7264
38.5315
39.2768
39.9477
40.544
41.0821
41.5886
41.5886
42.2091
42.6425
43.0337
43.3267
43.4464
43.3185
42.8645
42.035
40.8061
39.1904
37.2316
34.9929
32.5546
29.9891
27.3808
24.779
22.2534
19.8113
17.5207
15.3291
15.3291
13.3221
11.3781
9.69399
7.92418
6.52438
4.76759
3.47697
1.50701
)
;
    }
    procBoundary2to3
    {
        type            processor;
        value           nonuniform List<scalar> 
107
(
388.564
388.564
388.564
388.565
388.566
388.568
388.572
388.578
388.587
388.599
388.617
388.639
388.668
388.702
388.741
388.787
388.837
388.891
388.95
389.013
389.082
389.156
389.237
389.324
389.419
389.521
389.63
389.746
389.867
389.991
390.117
390.24
390.355
390.454
390.529
390.567
390.552
390.463
390.275
389.956
389.467
388.761
387.781
386.462
384.728
382.494
379.666
376.143
371.824
351.663
351.663
346.968
341.351
334.693
326.953
318.098
308.143
297.117
285.048
285.048
286.908
284.741
260.677
244.324
227.913
211.687
196.069
196.069
182.752
164.49
141.488
103.902
94.9516
86.3777
78.2696
70.6184
63.4565
56.7865
50.6145
44.9361
39.7428
35.02
30.7493
26.9086
23.4732
20.4165
17.7108
15.3284
13.2412
11.4221
9.8445
8.48353
7.3156
6.31771
5.46981
4.75364
4.15235
3.65062
3.23461
2.89238
2.6133
2.38828
2.21009
2.07192
1.96691
1.89658
1.87236
)
;
    }
}


// ************************************************************************* //
