/*--------------------------------*- C++ -*----------------------------------*\
| =========                 |                                                 |
| \\      /  F ield         | OpenFOAM: The Open Source CFD Toolbox           |
|  \\    /   O peration     | Version:  2412                                  |
|   \\  /    A nd           | Website:  www.openfoam.com                      |
|    \\/     M anipulation  |                                                 |
\*---------------------------------------------------------------------------*/
FoamFile
{
    version     2.0;
    format      ascii;
    arch        "LSB;label=32;scalar=64";
    class       volScalarField;
    location    "400";
    object      nut;
}
// * * * * * * * * * * * * * * * * * * * * * * * * * * * * * * * * * * * * * //

dimensions      [0 2 -1 0 0 0 0];

internalField   nonuniform List<scalar> 
7423
(
1.06862e-09
1.62728e-09
2.13234e-09
2.15203e-09
1.50667e-09
9.31449e-10
6.29252e-10
7.97524e-11
7.03914e-11
6.12986e-11
5.36006e-11
4.73651e-11
4.2558e-11
1.0461e-10
3.58508e-11
3.30924e-11
3.05392e-11
5.01837e-11
2.64766e-11
2.49246e-11
2.35469e-11
2.23176e-11
2.12172e-11
2.02228e-11
1.93033e-11
1.84381e-11
1.76202e-11
1.68435e-11
1.61034e-11
1.5396e-11
1.47185e-11
1.40695e-11
1.34487e-11
1.2855e-11
1.2287e-11
1.17442e-11
1.12256e-11
1.07295e-11
1.02544e-11
9.79921e-12
9.10514e-12
8.73204e-12
8.39192e-12
8.06428e-12
7.73883e-12
7.41982e-12
7.10621e-12
6.80691e-12
6.52186e-12
6.24939e-12
5.99062e-12
5.74398e-12
5.50732e-12
5.28096e-12
5.06518e-12
4.85844e-12
4.65958e-12
4.4686e-12
4.28555e-12
4.10961e-12
3.93982e-12
3.77617e-12
3.61846e-12
3.46639e-12
3.31958e-12
3.17758e-12
3.03986e-12
2.90612e-12
2.77714e-12
2.6525e-12
2.53174e-12
2.4147e-12
2.30094e-12
2.19031e-12
2.08317e-12
1.97979e-12
9.65791e-08
1.46647e-07
1.9352e-07
2.02825e-07
1.54796e-07
1.04713e-07
7.43987e-08
5.36406e-09
4.50569e-09
3.81076e-09
3.28406e-09
2.90309e-09
2.65224e-09
1.30288e-08
2.38624e-09
2.2766e-09
2.16789e-09
5.92579e-09
1.99462e-09
1.92819e-09
1.86638e-09
1.80764e-09
1.7524e-09
1.7e-09
1.64853e-09
1.59696e-09
1.54536e-09
1.49387e-09
1.44258e-09
1.3916e-09
1.34107e-09
1.29117e-09
1.24216e-09
1.19421e-09
1.14743e-09
1.10193e-09
1.05781e-09
1.01504e-09
9.7361e-10
9.33507e-10
8.89348e-10
8.50453e-10
8.14935e-10
7.81087e-10
7.4843e-10
7.17112e-10
6.86723e-10
6.57748e-10
6.30168e-10
6.03806e-10
5.78767e-10
5.54917e-10
5.32037e-10
5.10146e-10
4.8928e-10
4.69301e-10
4.50074e-10
4.31607e-10
4.13916e-10
3.9692e-10
3.80517e-10
3.64697e-10
3.49465e-10
3.34782e-10
3.20594e-10
3.06874e-10
2.93582e-10
2.80676e-10
2.68215e-10
2.56177e-10
2.44518e-10
2.33213e-10
2.22229e-10
2.11549e-10
2.01206e-10
1.91229e-10
6.68104e-07
1.03189e-06
1.39319e-06
1.50669e-06
1.23792e-06
9.00812e-07
6.68478e-07
6.66581e-08
5.51348e-08
4.61015e-08
3.91308e-08
3.36955e-08
2.94808e-08
1.34855e-07
2.32782e-08
2.09243e-08
1.90941e-08
6.4094e-08
1.68935e-08
1.62369e-08
1.5721e-08
1.52849e-08
1.49114e-08
1.4577e-08
1.42548e-08
1.39282e-08
1.3595e-08
1.32542e-08
1.29052e-08
1.25484e-08
1.2185e-08
1.18172e-08
1.14475e-08
1.10784e-08
1.07118e-08
1.03492e-08
9.99224e-09
9.64204e-09
9.29914e-09
8.96442e-09
8.9797e-09
8.54732e-09
8.14437e-09
7.76423e-09
7.41422e-09
7.09159e-09
6.78913e-09
6.50218e-09
6.22907e-09
5.96824e-09
5.72039e-09
5.48441e-09
5.25816e-09
5.04163e-09
4.83514e-09
4.63763e-09
4.44757e-09
4.26504e-09
4.09014e-09
3.92215e-09
3.76013e-09
3.60382e-09
3.45326e-09
3.30821e-09
3.16805e-09
3.03257e-09
2.90133e-09
2.77393e-09
2.65084e-09
2.53197e-09
2.41686e-09
2.30522e-09
2.19676e-09
2.09136e-09
1.98928e-09
1.89079e-09
1.99766e-06
3.18672e-06
4.53272e-06
5.07872e-06
4.50001e-06
3.51526e-06
2.72106e-06
4.37535e-07
3.54269e-07
2.91601e-07
2.44145e-07
2.07237e-07
1.78645e-07
6.51453e-07
1.35778e-07
1.1921e-07
1.05846e-07
3.30138e-07
8.6547e-08
7.96593e-08
7.43893e-08
7.04355e-08
6.75276e-08
6.53278e-08
6.35379e-08
6.1973e-08
6.05367e-08
5.9175e-08
5.78424e-08
5.65112e-08
5.51673e-08
5.38096e-08
5.24381e-08
5.10605e-08
4.96805e-08
4.83042e-08
4.69375e-08
4.55873e-08
4.4258e-08
4.29586e-08
4.61873e-08
4.37184e-08
4.13433e-08
3.91162e-08
3.71636e-08
3.54494e-08
3.39227e-08
3.24868e-08
3.11209e-08
2.9817e-08
2.85779e-08
2.7398e-08
2.62674e-08
2.51855e-08
2.41535e-08
2.31667e-08
2.22176e-08
2.13061e-08
2.04327e-08
1.95937e-08
1.87851e-08
1.80048e-08
1.7253e-08
1.65289e-08
1.58295e-08
1.51536e-08
1.44988e-08
1.38633e-08
1.32491e-08
1.2656e-08
1.20818e-08
1.15249e-08
1.0984e-08
1.04583e-08
9.94915e-09
9.45788e-09
4.04936e-06
6.55962e-06
9.7096e-06
1.14018e-05
1.09582e-05
9.19274e-06
7.41978e-06
1.99894e-06
1.59495e-06
1.30183e-06
1.08377e-06
9.14691e-07
7.79904e-07
2.12974e-06
5.78912e-07
5.01858e-07
4.40351e-07
1.15516e-06
3.49349e-07
3.15137e-07
2.87665e-07
2.65343e-07
2.47288e-07
2.32714e-07
2.20955e-07
2.11455e-07
2.03708e-07
1.97247e-07
1.91664e-07
1.8666e-07
1.82029e-07
1.77649e-07
1.73441e-07
1.69361e-07
1.65384e-07
1.61491e-07
1.57684e-07
1.53973e-07
1.50369e-07
1.46909e-07
1.70358e-07
1.60467e-07
1.50608e-07
1.41362e-07
1.33552e-07
1.26985e-07
1.21458e-07
1.16315e-07
1.11426e-07
1.0676e-07
1.02326e-07
9.81036e-08
9.40589e-08
9.01891e-08
8.64968e-08
8.29661e-08
7.95719e-08
7.63126e-08
7.31891e-08
7.01889e-08
6.72975e-08
6.45081e-08
6.182e-08
5.9231e-08
5.67306e-08
5.43146e-08
5.19747e-08
4.9704e-08
4.75081e-08
4.53878e-08
4.33355e-08
4.13456e-08
3.94128e-08
3.75338e-08
3.57138e-08
3.39573e-08
6.71293e-06
1.09842e-05
1.68025e-05
2.07957e-05
2.1211e-05
1.88439e-05
1.58613e-05
7.34933e-06
5.78009e-06
4.68246e-06
3.88336e-06
3.26471e-06
2.76686e-06
5.43946e-06
2.02859e-06
1.74541e-06
1.51942e-06
3.15757e-06
1.18588e-06
1.05916e-06
9.56851e-07
8.72247e-07
8.0201e-07
7.43441e-07
6.94388e-07
6.53157e-07
6.18406e-07
5.88978e-07
5.63894e-07
5.42321e-07
5.23547e-07
5.06993e-07
4.9219e-07
4.78769e-07
4.66459e-07
4.55056e-07
4.44433e-07
4.34525e-07
4.25314e-07
4.16883e-07
5.10669e-07
4.79714e-07
4.47926e-07
4.17986e-07
3.93184e-07
3.7287e-07
3.56518e-07
3.41446e-07
3.2713e-07
3.13468e-07
3.00477e-07
2.88113e-07
2.76272e-07
2.64938e-07
2.54123e-07
2.43781e-07
2.33843e-07
2.24297e-07
2.15148e-07
2.0636e-07
1.97893e-07
1.89724e-07
1.8185e-07
1.74265e-07
1.66941e-07
1.59863e-07
1.5301e-07
1.46359e-07
1.39925e-07
1.33711e-07
1.27697e-07
1.21866e-07
1.16203e-07
1.10697e-07
1.05361e-07
1.00209e-07
9.6384e-06
1.60774e-05
2.55706e-05
3.31208e-05
3.54435e-05
3.34194e-05
2.95212e-05
2.02723e-05
1.69755e-05
1.4208e-05
1.19363e-05
1.00793e-05
8.53853e-06
1.1682e-05
6.21099e-06
5.31792e-06
4.60926e-06
7.22943e-06
3.56724e-06
3.16807e-06
2.84581e-06
2.57824e-06
2.35465e-06
2.16655e-06
2.00721e-06
1.8713e-06
1.75472e-06
1.65413e-06
1.56682e-06
1.49061e-06
1.42369e-06
1.36457e-06
1.31205e-06
1.26515e-06
1.22305e-06
1.18511e-06
1.15084e-06
1.11991e-06
1.09213e-06
1.06762e-06
1.31749e-06
1.23789e-06
1.15469e-06
1.07606e-06
1.01102e-06
9.57952e-07
9.15946e-07
8.77398e-07
8.40805e-07
8.05878e-07
7.72652e-07
7.41026e-07
7.10749e-07
6.81758e-07
6.54077e-07
6.27616e-07
6.02191e-07
5.77759e-07
5.5433e-07
5.31833e-07
5.10156e-07
4.8924e-07
4.69072e-07
4.49639e-07
4.30874e-07
4.1274e-07
3.95181e-07
3.78138e-07
3.6164e-07
3.45701e-07
3.30275e-07
3.1532e-07
3.00792e-07
2.86665e-07
2.72968e-07
2.59732e-07
1.22627e-05
2.10505e-05
3.50691e-05
4.72711e-05
5.27225e-05
5.24004e-05
4.86474e-05
4.04316e-05
3.58785e-05
3.15336e-05
2.75896e-05
2.41374e-05
2.11144e-05
2.25014e-05
1.61632e-05
1.41114e-05
1.23765e-05
1.45631e-05
9.67209e-06
8.60095e-06
7.72035e-06
6.98169e-06
6.35939e-06
5.83198e-06
5.38188e-06
4.99483e-06
4.65969e-06
4.36741e-06
4.11077e-06
3.88406e-06
3.68256e-06
3.50252e-06
3.34092e-06
3.1953e-06
3.0636e-06
2.94424e-06
2.83596e-06
2.73785e-06
2.6493e-06
2.57035e-06
3.02271e-06
2.84968e-06
2.66844e-06
2.4968e-06
2.35257e-06
2.23251e-06
2.13563e-06
2.04645e-06
1.9618e-06
1.881e-06
1.80407e-06
1.73084e-06
1.66076e-06
1.59361e-06
1.52947e-06
1.46814e-06
1.40923e-06
1.35259e-06
1.29825e-06
1.24606e-06
1.19578e-06
1.14725e-06
1.10043e-06
1.0553e-06
1.01172e-06
9.69592e-07
9.28798e-07
8.8919e-07
8.50819e-07
8.13729e-07
7.77828e-07
7.43019e-07
7.09202e-07
6.76302e-07
6.44376e-07
6.13501e-07
1.39781e-05
2.49614e-05
4.40933e-05
6.17776e-05
7.13924e-05
7.4028e-05
7.17168e-05
6.5408e-05
6.0572e-05
5.54077e-05
5.02873e-05
4.5516e-05
4.11327e-05
3.98194e-05
3.34403e-05
3.00431e-05
2.70009e-05
2.7162e-05
2.19118e-05
1.97947e-05
1.79805e-05
1.64123e-05
1.50559e-05
1.3879e-05
1.28535e-05
1.19546e-05
1.11625e-05
1.04601e-05
9.83385e-06
9.27247e-06
8.76668e-06
8.30884e-06
7.89279e-06
7.51342e-06
7.16642e-06
6.84833e-06
6.55634e-06
6.2883e-06
6.04258e-06
5.81863e-06
6.33111e-06
6.003e-06
5.66445e-06
5.34275e-06
5.06322e-06
4.82126e-06
4.61641e-06
4.42604e-06
4.24521e-06
4.07254e-06
3.908e-06
3.75133e-06
3.60139e-06
3.45765e-06
3.32022e-06
3.18879e-06
3.06254e-06
2.94109e-06
2.82448e-06
2.71246e-06
2.60452e-06
2.5003e-06
2.39968e-06
2.30264e-06
2.20892e-06
2.11828e-06
2.03049e-06
1.94522e-06
1.86254e-06
1.78256e-06
1.70511e-06
1.63001e-06
1.55702e-06
1.48598e-06
1.41697e-06
1.35015e-06
2.69141e-05
5.14974e-05
7.53077e-05
8.99039e-05
9.64695e-05
9.66936e-05
9.27328e-05
8.85632e-05
8.34845e-05
7.79748e-05
7.25249e-05
6.73057e-05
6.38152e-05
5.76289e-05
5.31303e-05
4.891e-05
4.6703e-05
4.13834e-05
3.80896e-05
3.51503e-05
3.25275e-05
3.01934e-05
2.81156e-05
2.62625e-05
2.46041e-05
2.31139e-05
2.17689e-05
2.05496e-05
1.94394e-05
1.84245e-05
1.74929e-05
1.6635e-05
1.58426e-05
1.51086e-05
1.44273e-05
1.37938e-05
1.32044e-05
1.26557e-05
1.2146e-05
1.23811e-05
1.181e-05
1.12366e-05
1.06891e-05
1.01937e-05
9.74589e-06
9.34594e-06
8.96988e-06
8.61202e-06
8.26984e-06
7.9431e-06
7.63158e-06
7.33327e-06
7.04686e-06
6.77256e-06
6.51001e-06
6.25765e-06
6.01461e-06
5.78094e-06
5.55629e-06
5.33969e-06
5.13039e-06
4.92809e-06
4.73279e-06
4.54404e-06
4.36136e-06
4.18434e-06
4.01231e-06
3.84525e-06
3.68349e-06
3.52674e-06
3.37465e-06
3.22679e-06
3.08275e-06
2.94265e-06
2.80677e-06
5.6295e-05
8.67955e-05
0.000107096
0.000118377
0.000121972
0.000120696
0.000117936
0.000113703
0.000108541
0.000103084
9.76424e-05
9.30099e-05
8.70786e-05
8.1953e-05
7.69622e-05
7.29916e-05
6.75606e-05
6.32493e-05
5.92673e-05
5.56107e-05
5.22709e-05
4.92264e-05
4.64519e-05
4.39193e-05
4.1602e-05
3.9475e-05
3.75162e-05
3.57063e-05
3.40286e-05
3.24683e-05
3.10131e-05
2.96525e-05
2.83773e-05
2.71797e-05
2.6053e-05
2.49919e-05
2.39916e-05
2.30487e-05
2.26944e-05
2.17634e-05
2.08497e-05
1.99737e-05
1.91551e-05
1.8391e-05
1.76812e-05
1.70065e-05
1.63619e-05
1.57434e-05
1.51502e-05
1.45829e-05
1.40381e-05
1.35134e-05
1.3009e-05
1.2525e-05
1.20587e-05
1.16083e-05
1.11741e-05
1.07557e-05
1.03515e-05
9.96011e-06
9.58085e-06
9.21391e-06
8.85862e-06
8.51416e-06
8.17983e-06
7.85438e-06
7.53759e-06
7.23023e-06
6.93195e-06
6.64215e-06
6.36006e-06
6.08484e-06
5.81661e-06
5.55572e-06
9.53647e-05
0.000122118
0.000138871
0.000146547
0.000148326
0.000147553
0.000144748
0.000140512
0.000135596
0.00013045
0.000125556
0.000119997
0.000114718
0.000109412
0.000104488
9.89238e-05
9.39066e-05
8.91398e-05
8.46548e-05
8.04669e-05
7.65722e-05
7.29573e-05
6.96019e-05
6.64838e-05
6.35804e-05
6.08706e-05
5.83349e-05
5.59561e-05
5.37185e-05
5.16085e-05
4.96148e-05
4.77268e-05
4.59357e-05
4.42339e-05
4.26147e-05
4.10725e-05
3.96026e-05
3.85256e-05
3.71357e-05
3.57854e-05
3.44851e-05
3.32455e-05
3.20651e-05
3.09426e-05
2.98657e-05
2.88312e-05
2.78331e-05
2.68702e-05
2.59444e-05
2.50516e-05
2.4187e-05
2.33515e-05
2.25459e-05
2.17667e-05
2.10105e-05
2.02779e-05
1.95689e-05
1.88814e-05
1.82129e-05
1.75624e-05
1.69303e-05
1.6316e-05
1.57183e-05
1.51362e-05
1.45675e-05
1.40117e-05
1.34703e-05
1.29431e-05
1.24295e-05
1.1928e-05
1.14372e-05
1.09572e-05
1.04878e-05
0.000100205
0.000134261
0.000157323
0.000169804
0.000175107
0.000176837
0.000175944
0.000173101
0.000169163
0.00016472
0.000160165
0.000155149
0.000150091
0.000144836
0.000139571
0.000133945
0.000128522
0.000123243
0.000118172
0.000113351
0.000108794
0.000104504
0.000100468
9.66724e-05
9.30987e-05
8.97284e-05
8.65438e-05
8.35282e-05
8.06663e-05
7.79445e-05
7.53511e-05
7.28752e-05
7.05077e-05
6.82404e-05
6.6066e-05
6.39785e-05
6.19724e-05
6.02084e-05
5.83266e-05
5.65016e-05
5.47356e-05
5.30323e-05
5.13911e-05
4.98087e-05
4.8279e-05
4.68015e-05
4.53676e-05
4.39756e-05
4.26296e-05
4.13252e-05
4.00546e-05
3.88191e-05
3.76216e-05
3.64576e-05
3.53218e-05
3.42148e-05
3.31381e-05
3.20889e-05
3.10634e-05
3.00599e-05
2.90795e-05
2.8122e-05
2.71856e-05
2.62694e-05
2.537e-05
2.44856e-05
2.36194e-05
2.27719e-05
2.19421e-05
2.11284e-05
2.03281e-05
1.9541e-05
1.87652e-05
0.000100478
0.000142823
0.00017317
0.000191266
0.000200692
0.000205474
0.000206968
0.000205955
0.000203393
0.000200012
0.000196227
0.000191972
0.00018743
0.000182511
0.0001773
0.000171731
0.000166119
0.000160527
0.000155051
0.00014976
0.000144692
0.000139863
0.000135277
0.000130924
0.000126793
0.000122869
0.000119136
0.000115578
0.000112182
0.000108933
0.000105819
0.000102831
9.99571e-05
9.71902e-05
9.45225e-05
9.19474e-05
8.94588e-05
8.71252e-05
8.47844e-05
8.25106e-05
8.03014e-05
7.81558e-05
7.60738e-05
7.40501e-05
7.20824e-05
7.01731e-05
6.83109e-05
6.64931e-05
6.47265e-05
6.30072e-05
6.13237e-05
5.96774e-05
5.80739e-05
5.65084e-05
5.49728e-05
5.34678e-05
5.19966e-05
5.05564e-05
4.91417e-05
4.77495e-05
4.63822e-05
4.50398e-05
4.37201e-05
4.24229e-05
4.11428e-05
3.98764e-05
3.86284e-05
3.74008e-05
3.61927e-05
3.5002e-05
3.38244e-05
3.26587e-05
9.5259e-05
0.000147031
0.000185796
0.000210431
0.000224727
0.000233194
0.000237605
0.000238889
0.000238121
0.000236176
0.000233544
0.000230318
0.000226586
0.000222273
0.000217413
0.000212054
0.000206427
0.000200662
0.000194896
0.00018923
0.00018373
0.000178434
0.00017336
0.00016851
0.00016388
0.000159459
0.000155234
0.000151192
0.000147318
0.0001436
0.000140026
0.000136585
0.000133266
0.000130061
0.000126962
0.000123961
0.000121052
0.000118259
0.000115513
0.000112842
0.000110239
0.000107702
0.000105231
0.000102819
0.000100464
9.8172e-05
9.59293e-05
9.37313e-05
9.15877e-05
8.94953e-05
8.74388e-05
8.54189e-05
8.34444e-05
8.15105e-05
7.96057e-05
7.77307e-05
7.58907e-05
7.40829e-05
7.23e-05
7.05373e-05
6.87984e-05
6.70838e-05
6.53911e-05
6.37205e-05
6.20647e-05
6.04176e-05
5.8786e-05
5.71731e-05
5.55786e-05
5.39999e-05
5.24309e-05
5.08686e-05
8.34944e-05
0.000146047
0.000194471
0.000226681
0.000246747
0.000259653
0.000267598
0.000271711
0.000273206
0.000273116
0.000272039
0.00027018
0.000267592
0.0002642
0.000259996
0.000255068
0.000249619
0.000243829
0.000237877
0.000231907
0.000226019
0.000220281
0.000214731
0.000209388
0.000204258
0.000199337
0.000194618
0.000190089
0.000185739
0.000181556
0.000177528
0.000173643
0.000169892
0.000166265
0.000162754
0.00015935
0.000156047
0.00015285
0.000149728
0.000146688
0.000143724
0.00014083
0.000138008
0.000135247
0.000132548
0.000129917
0.000127339
0.000124807
0.000122333
0.000119915
0.000117533
0.000115189
0.000112892
0.000110638
0.000108414
0.000106218
0.000104058
0.000101931
9.98286e-05
9.77437e-05
9.56806e-05
9.36407e-05
9.16211e-05
8.96228e-05
8.76363e-05
8.56524e-05
8.36792e-05
8.17219e-05
7.97806e-05
7.78525e-05
7.59291e-05
7.40051e-05
6.55547e-05
0.000139049
0.000198337
0.000239232
0.000266116
0.000284353
0.000296564
0.000304127
0.000308429
0.000310675
0.000311602
0.000311512
0.000310464
0.000308373
0.000305192
0.000301005
0.000296003
0.000290401
0.000284419
0.000278249
0.000272036
0.000265885
0.000259863
0.000254012
0.000248354
0.000242897
0.000237642
0.000232584
0.000227714
0.000223021
0.000218497
0.00021413
0.000209911
0.000205829
0.000201876
0.000198044
0.000194325
0.000190717
0.000187203
0.000183782
0.000180447
0.000177192
0.000174018
0.000170911
0.000167872
0.000164912
0.00016201
0.000159159
0.000156372
0.000153648
0.000150965
0.00014832
0.000145729
0.000143185
0.000140673
0.000138191
0.000135746
0.000133338
0.000130956
0.000128591
0.000126247
0.000123927
0.000121627
0.000119349
0.000117082
0.000114813
0.00011255
0.000110302
0.000108069
0.000105847
0.000103627
0.0001014
4.35598e-05
0.000125401
0.000196398
0.00024711
0.000282003
0.00030661
0.000323947
0.00033569
0.000343432
0.000348572
0.000352008
0.000354154
0.000355101
0.000354758
0.00035304
0.000349999
0.000345811
0.000340708
0.000334946
0.000328763
0.000322355
0.000315871
0.000309418
0.000303068
0.000296867
0.000290842
0.000285005
0.000279361
0.000273909
0.000268642
0.000263554
0.000258636
0.00025388
0.000249277
0.000244818
0.000240496
0.000236301
0.00023223
0.000228269
0.000224416
0.000220662
0.000217001
0.000213433
0.000209944
0.000206532
0.000203211
0.000199959
0.000196763
0.000193642
0.000190595
0.000187596
0.00018464
0.000181744
0.000178905
0.000176103
0.000173334
0.000170608
0.000167925
0.000165272
0.000162638
0.000160027
0.000157444
0.000154883
0.000152348
0.000149826
0.000147299
0.000144779
0.000142274
0.000139785
0.000137309
0.000134834
0.00013235
2.36421e-05
0.000104796
0.000187509
0.000249147
0.000293357
0.000325521
0.000348987
0.000365767
0.000377689
0.00038637
0.000392893
0.000397804
0.000401256
0.000403165
0.000403413
0.00040201
0.0003991
0.000394916
0.000389735
0.000383837
0.000377465
0.000370819
0.000364051
0.000357273
0.000350563
0.000343972
0.000337533
0.000331266
0.00032518
0.000319276
0.000313555
0.000308012
0.000302642
0.000297437
0.000292391
0.000287496
0.000282745
0.000278132
0.000273648
0.000269286
0.000265039
0.000260899
0.000256869
0.00025293
0.000249081
0.000245338
0.000241676
0.000238082
0.000234573
0.000231152
0.000227789
0.000224477
0.000221235
0.000218062
0.000214933
0.000211844
0.000208806
0.000205819
0.000202869
0.000199944
0.000197047
0.000194182
0.000191346
0.000188542
0.000185755
0.000182966
0.000180185
0.000177421
0.000174679
0.000171955
0.000169235
0.000166504
1.05207e-05
7.7893e-05
0.000170446
0.000244014
0.000298908
0.000339941
0.000370684
0.000393497
0.000410469
0.000423445
0.000433721
0.000442001
0.000448526
0.000453243
0.000456014
0.000456804
0.000455719
0.000452973
0.000448848
0.00044365
0.000437666
0.000431143
0.000424282
0.00041724
0.000410135
0.00040305
0.000396045
0.000389161
0.000382425
0.00037585
0.000369447
0.000363218
0.000357164
0.000351282
0.000345568
0.000340018
0.000334625
0.000329384
0.000324288
0.000319329
0.000314502
0.000309798
0.00030522
0.000300748
0.00029638
0.000292134
0.000287985
0.000283915
0.000279944
0.000276078
0.000272281
0.000268545
0.000264892
0.00026132
0.000257804
0.000254335
0.000250928
0.000247583
0.000244285
0.000241018
0.000237786
0.000234595
0.00023144
0.000228326
0.000225236
0.000222148
0.00021907
0.000216017
0.000212991
0.000209991
0.000207001
0.000204003
5.41457e-06
4.86055e-05
0.000144369
0.000230346
0.000297181
0.000348465
0.000387772
0.000417767
0.0004408
0.000458957
0.00047376
0.0004861
0.000496338
0.000504478
0.000510379
0.000513971
0.000515318
0.000514606
0.000512107
0.000508139
0.000503016
0.000497026
0.000490417
0.000483391
0.000476111
0.000468699
0.000461248
0.000453827
0.000446486
0.000439258
0.000432167
0.000425227
0.000418449
0.000411836
0.000405392
0.000399114
0.000393002
0.000387053
0.00038126
0.000375618
0.000370121
0.000364763
0.000359547
0.000354451
0.000349474
0.000344636
0.000339911
0.000335278
0.000330758
0.000326362
0.000322049
0.000317808
0.000313662
0.000309614
0.000305634
0.000301711
0.000297861
0.000294087
0.000290371
0.000286694
0.000283061
0.000279479
0.000275941
0.000272455
0.000269004
0.000265558
0.000262128
0.00025873
0.000255367
0.00025204
0.000248731
0.000245418
3.29252e-06
2.43342e-05
0.000109945
0.000207046
0.000286576
0.000349422
0.000398686
0.000437166
0.000467433
0.000491803
0.000512039
0.00052924
0.000543921
0.00055617
0.000565869
0.000572924
0.000577364
0.000579342
0.000579113
0.000576992
0.000573309
0.000568383
0.000562496
0.000555896
0.000548786
0.000541332
0.000533664
0.000525885
0.000518073
0.000510286
0.000502567
0.00049495
0.000487456
0.000480102
0.000472899
0.000465853
0.000458969
0.00045225
0.00044569
0.000439289
0.000433043
0.000426947
0.000421007
0.0004152
0.000409523
0.000404003
0.000398612
0.000393325
0.000388166
0.000383148
0.000378231
0.000373395
0.000368669
0.000364058
0.000359529
0.000355068
0.000350692
0.000346405
0.000342191
0.000338027
0.000333915
0.000329864
0.000325868
0.000321937
0.000318052
0.000314178
0.000310326
0.000306512
0.000302745
0.000299024
0.000295332
0.000291639
2.46836e-06
1.04655e-05
7.12919e-05
0.000173668
0.000265528
0.000340924
0.000401553
0.000449955
0.000488793
0.000520574
0.000547299
0.000570296
0.000590262
0.000607401
0.000621643
0.000632888
0.000641138
0.000646516
0.000649259
0.000649673
0.000648095
0.00064486
0.000640282
0.000634639
0.000628174
0.000621093
0.000613563
0.000605725
0.000597687
0.000589538
0.000581347
0.000573167
0.00056504
0.000556998
0.000549066
0.000541259
0.000533593
0.000526076
0.000518712
0.000511502
0.000504449
0.00049755
0.000490815
0.000484221
0.000477765
0.000471478
0.000465335
0.000459308
0.00045342
0.000447692
0.000442079
0.00043656
0.000431163
0.000425899
0.000420731
0.000415644
0.000410654
0.000405768
0.00040097
0.000396232
0.000391557
0.000386954
0.000382418
0.00037796
0.00037356
0.00036918
0.000364828
0.000360522
0.000356273
0.000352082
0.000347933
0.000343786
2.42333e-06
5.62871e-06
3.75778e-05
0.000130721
0.000232761
0.00032099
0.000394211
0.000454038
0.000502939
0.000543506
0.000577946
0.000607826
0.000634054
0.000656981
0.00067661
0.000692857
0.000705707
0.000715262
0.000721738
0.000725435
0.000726692
0.000725856
0.000723261
0.000719213
0.000713985
0.000707817
0.000700912
0.000693442
0.000685554
0.000677364
0.00066897
0.000660452
0.000651875
0.000643289
0.000634736
0.00062625
0.000617855
0.000609573
0.000601415
0.000593392
0.000585512
0.000577777
0.000570204
0.000562772
0.000555478
0.000548359
0.000541393
0.000534551
0.000527855
0.000521334
0.000514943
0.000508655
0.000502501
0.000496495
0.000490601
0.000484799
0.000479106
0.000473532
0.000468061
0.000462664
0.000457339
0.000452097
0.000446934
0.000441863
0.000436865
0.000431896
0.00042696
0.000422079
0.000417266
0.000412526
0.00040784
0.000403158
2.56653e-06
3.95362e-06
1.64182e-05
8.14193e-05
0.000187697
0.000287829
0.000374323
0.000446978
0.000507531
0.000558424
0.000601986
0.000640012
0.000673634
0.000703383
0.000729368
0.000751539
0.000769877
0.000784468
0.000795514
0.000803309
0.000808195
0.000810532
0.00081067
0.000808938
0.000805635
0.000801027
0.00079535
0.000788806
0.000781571
0.000773793
0.000765599
0.000757094
0.000748369
0.000739498
0.000730542
0.000721553
0.000712574
0.00070364
0.000694775
0.000686001
0.000677334
0.000668784
0.000660377
0.000652097
0.000643943
0.000635958
0.000628127
0.000620419
0.000612858
0.00060548
0.000598242
0.000591115
0.000584127
0.000577301
0.0005706
0.000564001
0.000557521
0.000551174
0.000544945
0.000538802
0.000532741
0.000526775
0.000520899
0.000515129
0.000509446
0.000503803
0.0004982
0.00049266
0.0004872
0.000481824
0.00047652
0.000471218
2.64482e-06
3.18073e-06
7.61608e-06
3.82279e-05
0.000131461
0.000240351
0.000339695
0.000426112
0.000499836
0.000562705
0.000616972
0.000664588
0.000706913
0.000744679
0.000778131
0.00080728
0.000832116
0.000852715
0.000869268
0.000882064
0.000891453
0.000897807
0.000901496
0.000902872
0.000902258
0.000899947
0.0008962
0.000891245
0.000885286
0.000878499
0.000871035
0.000863028
0.000854591
0.000845823
0.000836808
0.000827618
0.000818314
0.000808948
0.000799563
0.00079019
0.000780862
0.000771597
0.00076243
0.000753357
0.00074438
0.000735546
0.000726854
0.000718273
0.000709827
0.00070156
0.000693437
0.000685424
0.00067755
0.000669843
0.000662272
0.00065481
0.000647472
0.000640278
0.000633214
0.000626248
0.000619372
0.0006126
0.000605929
0.000599377
0.000592927
0.000586528
0.000580176
0.000573894
0.000567702
0.000561608
0.000555603
0.000549594
2.79145e-06
2.87341e-06
4.37156e-06
1.46533e-05
7.17275e-05
0.000179377
0.00028897
0.000388885
0.000476846
0.000553286
0.000619952
0.000678779
0.000731301
0.000778457
0.000820653
0.000857987
0.000890475
0.000918191
0.000941314
0.000960132
0.000975001
0.00098631
0.000994453
0.000999806
0.00100272
0.00100352
0.00100248
0.000999865
0.000995903
0.000990791
0.000984705
0.000977802
0.000970218
0.000962076
0.000953479
0.000944521
0.000935282
0.000925835
0.000916238
0.000906539
0.000896785
0.000887008
0.000877254
0.000867532
0.000857851
0.000848265
0.000838785
0.000829387
0.000820094
0.000810961
0.000801961
0.00079306
0.000784286
0.000775675
0.000767202
0.000758837
0.000750597
0.000742502
0.000734547
0.000726698
0.000718944
0.0007113
0.000703765
0.000696357
0.000689067
0.000681838
0.000674661
0.00066756
0.000660558
0.000653667
0.000646881
3.05877e-06
3.01619e-06
3.54092e-06
6.66692e-06
2.85726e-05
0.000110092
0.000222879
0.000333654
0.00043565
0.000526784
0.000607481
0.00067925
0.000743635
0.000801738
0.000854136
0.000901034
0.000942493
0.000978593
0.00100951
0.00103551
0.00105697
0.0010743
0.00108791
0.00109821
0.00110558
0.00111037
0.0011129
0.00111346
0.0011123
0.00110963
0.00110567
0.00110058
0.00109452
0.00108765
0.00108007
0.00107191
0.00106326
0.00105422
0.00104485
0.00103523
0.00102542
0.00101546
0.00100541
0.000995302
0.000985148
0.000975008
0.000964912
0.000954843
0.000944827
0.000934927
0.00092513
0.000915406
0.00090578
0.000896296
0.000886939
0.00087768
0.000868534
0.000859527
0.000850658
0.000841899
0.000833233
0.000824676
0.00081623
0.000807916
0.000799729
0.000791614
0.000783553
0.000775572
0.000767693
0.000759936
0.0007523
3.06153e-06
3.05798e-06
3.27721e-06
4.31954e-06
1.05879e-05
4.87261e-05
0.000145815
0.000261113
0.000374331
0.000479918
0.000575762
0.000662114
0.000740123
0.000810896
0.000875135
0.000933161
0.000985093
0.00103102
0.00107112
0.00110565
0.00113499
0.00115956
0.00117979
0.00119613
0.001209
0.00121879
0.00122585
0.0012305
0.00123301
0.00123364
0.00123262
0.00123015
0.00122639
0.00122152
0.00121568
0.00120899
0.00120158
0.00119355
0.00118499
0.00117599
0.00116662
0.00115694
0.00114703
0.00113692
0.00112665
0.00111629
0.00110587
0.00109539
0.00108489
0.00107442
0.00106401
0.00105362
0.00104328
0.00103304
0.00102289
0.00101281
0.00100283
0.000992954
0.000983206
0.000973559
0.000963995
0.000954529
0.000945166
0.000935932
0.000926827
0.000917799
0.000908825
0.000899927
0.000891131
0.000882461
0.000873924
3.0051e-06
3.11424e-06
3.50879e-06
5.42386e-06
1.67852e-05
7.0625e-05
0.000175829
0.000293627
0.000410546
0.000521147
0.000623124
0.00071638
0.000801609
0.000879479
0.000950375
0.00101447
0.00107188
0.00112275
0.00116735
0.00120603
0.00123924
0.00126743
0.00129109
0.00131067
0.00132659
0.00133926
0.00134902
0.0013562
0.00136108
0.00136391
0.00136493
0.00136432
0.00136228
0.00135896
0.00135452
0.00134909
0.00134279
0.00133573
0.001328
0.0013197
0.0013109
0.00130169
0.00129212
0.00128224
0.0012721
0.00126179
0.0012513
0.00124068
0.00122999
0.00121926
0.00120848
0.00119767
0.00118689
0.00117616
0.00116544
0.00115477
0.00114417
0.00113365
0.00112322
0.00111284
0.00110254
0.00109232
0.00108221
0.00107222
0.0010623
0.00105243
0.00104262
0.00103291
0.00102332
0.00101386
3.06301e-06
3.03694e-06
3.19302e-06
3.84357e-06
6.95436e-06
2.39167e-05
8.92633e-05
0.000198794
0.000319662
0.000441378
0.000558286
0.000667672
0.000768924
0.00086223
0.000947864
0.00102599
0.0010967
0.00116015
0.00121656
0.00126629
0.00130977
0.00134747
0.00137992
0.00140759
0.00143097
0.00145049
0.00146656
0.00147952
0.00148972
0.00149743
0.00150291
0.0015064
0.0015081
0.0015082
0.00150686
0.00150423
0.00150047
0.00149568
0.00148999
0.0014835
0.00147628
0.00146845
0.00146006
0.00145118
0.00144188
0.00143224
0.00142228
0.00141203
0.00140159
0.00139099
0.00138023
0.00136934
0.00135837
0.00134737
0.00133632
0.00132523
0.00131415
0.0013031
0.00129208
0.00128107
0.00127009
0.00125916
0.0012483
0.00123754
0.00122683
0.00121615
0.00120551
0.00119494
0.00118448
0.00117414
3.14011e-06
3.07619e-06
3.12021e-06
3.35935e-06
4.29454e-06
8.54871e-06
2.99364e-05
0.000101815
0.000213803
0.000338089
0.000465438
0.000589737
0.000707614
0.000817807
0.000919986
0.00101408
0.0011001
0.00117812
0.00124832
0.00131102
0.00136663
0.00141564
0.00145858
0.00149598
0.00152835
0.00155619
0.00157993
0.0016
0.00161674
0.0016305
0.00164157
0.00165022
0.00165668
0.00166117
0.00166389
0.00166499
0.00166465
0.00166301
0.00166019
0.00165631
0.00165148
0.0016458
0.00163935
0.00163221
0.00162444
0.00161614
0.00160736
0.00159813
0.00158853
0.00157863
0.00156844
0.00155799
0.00154733
0.00153652
0.00152556
0.00151447
0.00150329
0.00149205
0.00148078
0.00146945
0.00145808
0.0014467
0.00143533
0.00142401
0.00141271
0.0014014
0.0013901
0.00137883
0.00136763
0.00135653
3.18187e-06
3.16805e-06
3.1679e-06
3.25573e-06
3.54887e-06
4.71664e-06
9.70216e-06
3.32179e-05
0.00010701
0.000219948
0.00034749
0.000480873
0.000613308
0.000740525
0.00086049
0.000972329
0.00107567
0.00117038
0.00125654
0.00133436
0.00140422
0.00146659
0.00152201
0.00157102
0.00161419
0.00165205
0.00168509
0.00171377
0.00173852
0.0017597
0.00177766
0.0017927
0.0018051
0.00181511
0.00182294
0.00182881
0.00183289
0.00183535
0.00183633
0.00183598
0.00183441
0.00183174
0.00182806
0.00182347
0.00181803
0.00181185
0.001805
0.00179751
0.00178947
0.00178096
0.001772
0.00176262
0.00175289
0.00174287
0.00173257
0.00172202
0.00171125
0.00170032
0.00168925
0.00167804
0.0016667
0.00165526
0.00164375
0.00163221
0.00162064
0.00160901
0.00159732
0.00158561
0.00157391
0.00156227
3.19627e-06
3.20541e-06
3.21285e-06
3.25202e-06
3.35144e-06
3.70717e-06
4.9841e-06
1.01143e-05
3.30816e-05
0.000104382
0.000216385
0.000346253
0.000485387
0.000626223
0.000763353
0.00089381
0.00101612
0.00112958
0.00123393
0.00132921
0.00141568
0.00149373
0.00156389
0.0016267
0.00168276
0.00173263
0.00177687
0.00181597
0.00185041
0.00188063
0.001907
0.00192988
0.00194959
0.00196642
0.00198062
0.00199244
0.00200207
0.00200973
0.00201557
0.00201975
0.00202242
0.0020237
0.00202372
0.00202257
0.00202034
0.00201714
0.00201305
0.00200812
0.00200243
0.00199608
0.00198911
0.00198155
0.00197346
0.00196492
0.00195596
0.0019466
0.00193688
0.00192686
0.00191659
0.00190605
0.00189529
0.00188431
0.00187316
0.00186188
0.00185048
0.00183895
0.0018273
0.00181553
0.0018037
0.00179186
3.20759e-06
3.21851e-06
3.23368e-06
3.25669e-06
3.3011e-06
3.42318e-06
3.80079e-06
5.04681e-06
9.74178e-06
2.97633e-05
9.418e-05
0.000202521
0.000332778
0.000476405
0.000625218
0.000772449
0.000913965
0.00104755
0.0011721
0.00128717
0.00139273
0.00148901
0.00157644
0.00165555
0.0017269
0.0017911
0.00184874
0.00190037
0.00194652
0.00198767
0.00202426
0.00205669
0.00208533
0.00211052
0.00213256
0.00215171
0.00216823
0.00218234
0.00219424
0.00220412
0.00221214
0.00221846
0.0022232
0.0022265
0.00222845
0.00222917
0.00222876
0.00222729
0.00222483
0.00222149
0.00221734
0.00221241
0.00220677
0.00220049
0.00219362
0.0021862
0.00217826
0.00216987
0.00216107
0.00215189
0.00214234
0.00213246
0.00212227
0.00211184
0.00210118
0.0020903
0.0020792
0.0020679
0.00205643
0.00204485
3.21759e-06
3.22753e-06
3.23912e-06
3.25619e-06
3.28272e-06
3.33479e-06
3.46266e-06
3.82042e-06
4.91994e-06
8.77068e-06
2.43261e-05
7.76294e-05
0.000178338
0.00030589
0.000451438
0.00060677
0.000763669
0.000916522
0.00106211
0.00119876
0.00132573
0.00144284
0.00155027
0.00164841
0.00173779
0.00181898
0.00189258
0.0019592
0.0020194
0.00207372
0.00212265
0.00216666
0.00220616
0.00224153
0.00227313
0.00230127
0.00232623
0.0023483
0.00236769
0.00238463
0.0023993
0.00241189
0.00242255
0.00243145
0.00243868
0.00244439
0.0024487
0.00245167
0.00245341
0.00245404
0.00245363
0.00245222
0.00244989
0.00244673
0.0024428
0.00243813
0.00243277
0.00242678
0.00242022
0.00241313
0.00240554
0.00239746
0.00238894
0.00238003
0.00237078
0.00236119
0.00235127
0.00234104
0.00233051
0.00231977
3.22188e-06
3.23197e-06
3.24464e-06
3.25749e-06
3.27479e-06
3.30212e-06
3.35391e-06
3.47194e-06
3.77972e-06
4.66368e-06
7.5226e-06
1.82816e-05
5.74028e-05
0.000144887
0.000265498
0.000408769
0.000567588
0.000732652
0.000896522
0.00105457
0.00120424
0.00134432
0.00147436
0.00159439
0.00170473
0.00180586
0.00189834
0.00198277
0.00205975
0.00212985
0.00219363
0.0022516
0.00230422
0.00235194
0.00239516
0.00243424
0.00246953
0.00250131
0.00252988
0.00255548
0.00257835
0.00259868
0.00261667
0.00263251
0.00264631
0.00265824
0.00266845
0.00267703
0.00268408
0.00268973
0.00269409
0.00269721
0.00269918
0.00270008
0.0027
0.00269898
0.00269707
0.00269434
0.00269086
0.00268669
0.00268184
0.00267635
0.00267026
0.00266363
0.00265651
0.00264892
0.00264088
0.00263239
0.00262349
0.00261422
3.22019e-06
3.2306e-06
3.24533e-06
3.25758e-06
3.2719e-06
3.29028e-06
3.31718e-06
3.36426e-06
3.46395e-06
3.70726e-06
4.36123e-06
6.30721e-06
1.29863e-05
3.76665e-05
0.000105166
0.000213341
0.000348577
0.000505598
0.000675453
0.000848815
0.00101909
0.0011824
0.00133667
0.00148101
0.00161518
0.00173932
0.00185383
0.00195923
0.00205609
0.002145
0.00222653
0.00230124
0.00236967
0.00243229
0.00248956
0.00254191
0.00258972
0.00263335
0.00267311
0.0027093
0.00274218
0.00277201
0.002799
0.00282336
0.00284526
0.00286488
0.0028824
0.00289792
0.00291157
0.00292349
0.00293382
0.00294262
0.00294999
0.00295604
0.00296085
0.00296449
0.00296701
0.0029685
0.00296903
0.00296866
0.00296744
0.0029654
0.00296258
0.00295903
0.00295485
0.00295004
0.00294464
0.00293864
0.00293208
0.00292502
3.21541e-06
3.22575e-06
3.23646e-06
3.24908e-06
3.26313e-06
3.27924e-06
3.29873e-06
3.32484e-06
3.36619e-06
3.44583e-06
3.62566e-06
4.07605e-06
5.30792e-06
9.10467e-06
2.24163e-05
6.54441e-05
0.000153463
0.000274221
0.000421657
0.000589903
0.000768931
0.000949773
0.00112647
0.0012956
0.00145542
0.0016052
0.00174481
0.00187445
0.00199455
0.00210561
0.00220819
0.00230287
0.00239019
0.00247071
0.00254491
0.00261327
0.00267624
0.0027342
0.00278755
0.00283661
0.0028817
0.0029231
0.00296108
0.00299588
0.00302771
0.00305676
0.00308325
0.00310731
0.0031291
0.00314876
0.00316647
0.00318232
0.0031964
0.00320884
0.00321976
0.00322923
0.00323732
0.00324412
0.00324972
0.00325419
0.00325758
0.00325995
0.00326134
0.0032618
0.00326143
0.00326027
0.00325834
0.00325566
0.00325225
0.00324817
3.21051e-06
3.21971e-06
3.22982e-06
3.24094e-06
3.25341e-06
3.26763e-06
3.28401e-06
3.30337e-06
3.3279e-06
3.36339e-06
3.4249e-06
3.55129e-06
3.84371e-06
4.57889e-06
6.60834e-06
1.29815e-05
3.45904e-05
9.32527e-05
0.000192525
0.000321716
0.000478234
0.000655074
0.000841841
0.00102982
0.00121336
0.00138923
0.0015558
0.00171242
0.00185895
0.0019956
0.00212279
0.00224098
0.00235072
0.00245255
0.002547
0.00263458
0.00271578
0.00279105
0.00286082
0.00292547
0.00298536
0.00304083
0.00309217
0.00313969
0.00318361
0.00322418
0.00326164
0.00329616
0.00332791
0.00335709
0.00338387
0.00340837
0.00343072
0.00345107
0.00346954
0.00348623
0.00350122
0.00351461
0.00352652
0.00353703
0.0035462
0.00355411
0.00356079
0.00356632
0.00357079
0.00357426
0.00357677
0.00357833
0.00357898
0.00357876
3.21127e-06
3.21858e-06
3.22592e-06
3.23391e-06
3.24312e-06
3.25401e-06
3.26684e-06
3.28184e-06
3.29961e-06
3.32155e-06
3.35126e-06
3.39778e-06
3.48373e-06
3.66503e-06
4.0833e-06
5.12521e-06
7.99656e-06
1.6959e-05
4.54739e-05
0.000112923
0.000216889
0.000350346
0.000512023
0.000694678
0.000887863
0.0010828
0.00127376
0.00145742
0.00163209
0.00179702
0.00195205
0.00209732
0.00223317
0.00236006
0.00247848
0.00258893
0.00269192
0.00278794
0.00287744
0.00296088
0.00303865
0.00311113
0.00317867
0.00324161
0.00330023
0.00335481
0.00340562
0.00345288
0.0034968
0.00353759
0.00357546
0.00361057
0.00364306
0.00367311
0.00370085
0.00372642
0.00374991
0.00377145
0.00379116
0.00380914
0.00382548
0.00384025
0.00385352
0.00386536
0.00387587
0.00388515
0.00389322
0.00390012
0.00390589
0.00391057
3.21838e-06
3.23417e-06
3.24658e-06
3.25661e-06
3.26544e-06
3.27407e-06
3.28317e-06
3.29325e-06
3.30476e-06
3.31828e-06
3.33485e-06
3.35668e-06
3.38895e-06
3.44396e-06
3.55076e-06
3.77836e-06
4.29734e-06
5.56896e-06
9.01724e-06
1.94849e-05
5.08499e-05
0.000119916
0.000223158
0.000355791
0.000517754
0.000702728
0.000900521
0.00110195
0.00130074
0.00149317
0.00167724
0.001852
0.00201711
0.00217263
0.00231881
0.00245603
0.00258472
0.00270535
0.00281839
0.00292429
0.00302351
0.00311645
0.00320352
0.00328508
0.00336148
0.00343303
0.00350004
0.00356277
0.00362148
0.00367642
0.00372781
0.00377584
0.00382072
0.00386261
0.00390171
0.00393815
0.00397207
0.00400361
0.0040329
0.00406008
0.00408524
0.00410849
0.00412989
0.00414954
0.00416756
0.00418404
0.00419903
0.00421259
0.00422474
0.00423556
3.19388e-06
3.20802e-06
3.22475e-06
3.24223e-06
3.25956e-06
3.27647e-06
3.2929e-06
3.30887e-06
3.32455e-06
3.3402e-06
3.3562e-06
3.37325e-06
3.39268e-06
3.41737e-06
3.45374e-06
3.51615e-06
3.63699e-06
3.89051e-06
4.455e-06
5.79918e-06
9.32003e-06
1.95437e-05
4.89283e-05
0.00011312
0.000210349
0.00033632
0.000492436
0.000674659
0.000873798
0.0010802
0.00128657
0.00148831
0.00168282
0.00186873
0.00204545
0.00221282
0.00237098
0.00252018
0.00266079
0.00279321
0.00291788
0.00303522
0.00314564
0.00324955
0.00334732
0.00343932
0.00352589
0.00360734
0.00368395
0.00375603
0.00382383
0.00388758
0.00394752
0.00400385
0.00405678
0.0041065
0.00415316
0.00419693
0.00423796
0.00427641
0.0043124
0.00434606
0.00437747
0.00440675
0.00443402
0.00445939
0.00448294
0.00450473
0.00452482
0.00454326
3.15756e-06
3.15441e-06
3.15505e-06
3.15763e-06
3.16082e-06
3.1622e-06
3.16928e-06
3.18213e-06
3.19538e-06
3.20694e-06
3.2161e-06
3.2258e-06
3.24002e-06
3.25717e-06
3.27648e-06
3.29735e-06
3.31941e-06
3.34245e-06
3.36646e-06
3.39182e-06
3.41973e-06
3.45305e-06
3.4983e-06
3.56984e-06
3.69917e-06
3.95616e-06
4.50277e-06
5.74609e-06
8.8326e-06
1.72796e-05
4.08265e-05
9.4395e-05
0.000180408
0.000293935
0.000437012
0.000609138
0.000803658
0.0010112
0.00122325
0.00143375
0.00163901
0.00183695
0.00202648
0.00220713
0.00237879
0.00254158
0.00269575
0.00284163
0.00297957
0.00310995
0.00323317
0.0033496
0.00345961
0.00356353
0.00366171
0.00375447
0.00384209
0.00392487
0.00400306
0.0040769
0.00414665
0.00421251
0.00427468
0.00433335
0.00438871
0.00444094
0.00449017
0.00453657
0.00458025
0.00462134
0.00465998
0.0046963
0.00473039
0.00476234
0.00479222
0.00482011
3.15381e-06
3.15023e-06
3.15092e-06
3.15368e-06
3.15765e-06
3.15549e-06
3.15312e-06
3.1578e-06
3.16665e-06
3.17756e-06
3.18899e-06
3.20014e-06
3.21097e-06
3.22133e-06
3.23102e-06
3.23695e-06
3.2478e-06
3.26289e-06
3.28128e-06
3.30267e-06
3.32695e-06
3.35433e-06
3.38579e-06
3.42382e-06
3.47415e-06
3.5492e-06
3.67568e-06
3.91105e-06
4.38306e-06
5.39523e-06
7.74275e-06
1.37105e-05
2.97192e-05
6.84247e-05
0.000138018
0.000234439
0.00035767
0.00051057
0.000690947
0.000891721
0.00110413
0.00132047
0.00153521
0.00174496
0.00194777
0.00214262
0.00232901
0.00250681
0.00267607
0.00283698
0.00298985
0.00313496
0.00327264
0.00340325
0.00352713
0.00364461
0.00375602
0.00386166
0.00396184
0.00405683
0.00414691
0.00423232
0.00431329
0.00439007
0.00446284
0.00453183
0.00459721
0.00465916
0.00471782
0.00477336
0.00482593
0.00487567
0.00492271
0.00496714
0.00500908
0.0050486
3.15004e-06
3.1476e-06
3.14887e-06
3.15186e-06
3.15653e-06
3.15965e-06
3.16591e-06
3.16979e-06
3.17214e-06
3.17433e-06
3.17446e-06
3.17816e-06
3.18442e-06
3.19217e-06
3.20075e-06
3.20922e-06
3.2179e-06
3.22694e-06
3.23633e-06
3.246e-06
3.25561e-06
3.26348e-06
3.27776e-06
3.2966e-06
3.32065e-06
3.35199e-06
3.39521e-06
3.45994e-06
3.56621e-06
3.7556e-06
4.11623e-06
4.8443e-06
6.41332e-06
1.00762e-05
1.92941e-05
4.23694e-05
9.06049e-05
0.000166161
0.000265505
0.000391087
0.000545572
0.000726793
0.000928444
0.00114259
0.0013619
0.00158083
0.00179578
0.00200464
0.00220622
0.00239989
0.00258543
0.00276281
0.0029321
0.00309353
0.00324738
0.00339391
0.00353341
0.0036662
0.00379258
0.00391286
0.00402732
0.00413623
0.00423988
0.0043385
0.00443235
0.00452165
0.00460662
0.00468746
0.00476436
0.0048375
0.00490706
0.0049732
0.00503608
0.00509581
0.00515253
0.00520635
3.14708e-06
3.14622e-06
3.14754e-06
3.14983e-06
3.15304e-06
3.15456e-06
3.1571e-06
3.15877e-06
3.16074e-06
3.16334e-06
3.16582e-06
3.1684e-06
3.17116e-06
3.17368e-06
3.17521e-06
3.17846e-06
3.18405e-06
3.19069e-06
3.19817e-06
3.20628e-06
3.2148e-06
3.2233e-06
3.23232e-06
3.24204e-06
3.2527e-06
3.26468e-06
3.27868e-06
3.29374e-06
3.3174e-06
3.3608e-06
3.43475e-06
3.56606e-06
3.80893e-06
4.27605e-06
5.21615e-06
7.22501e-06
1.1841e-05
2.30367e-05
4.91208e-05
9.90717e-05
0.00017306
0.000268566
0.000388499
0.000535932
0.000709996
0.000906025
0.00111727
0.00133677
0.00155865
0.00177861
0.00199398
0.00220317
0.00240525
0.00259981
0.00278668
0.00296584
0.00313736
0.00330144
0.00345831
0.00360823
0.00375144
0.00388821
0.00401883
0.00414356
0.00426265
0.00437636
0.00448493
0.00458858
0.00468754
0.00478201
0.0048722
0.00495828
0.00504044
0.00511883
0.00519361
0.00526491
3.14574e-06
3.14532e-06
3.14624e-06
3.14789e-06
3.15032e-06
3.15172e-06
3.15387e-06
3.15537e-06
3.1563e-06
3.15742e-06
3.15883e-06
3.16056e-06
3.16261e-06
3.16485e-06
3.16705e-06
3.1693e-06
3.17174e-06
3.17431e-06
3.17666e-06
3.17801e-06
3.18e-06
3.18441e-06
3.19002e-06
3.19653e-06
3.20386e-06
3.21198e-06
3.22091e-06
3.23057e-06
3.24158e-06
3.25553e-06
3.27474e-06
3.30363e-06
3.35059e-06
3.43158e-06
3.57623e-06
3.84385e-06
4.35678e-06
5.37244e-06
7.49069e-06
1.21828e-05
2.30204e-05
4.70683e-05
9.20027e-05
0.00015856
0.000244251
0.000351163
0.000482964
0.000640784
0.000822401
0.00102278
0.00123636
0.00145696
0.0016795
0.00190029
0.00211687
0.00232775
0.00253205
0.00272936
0.0029195
0.00310241
0.00327811
0.00344677
0.00360858
0.00376374
0.00391246
0.00405498
0.00419153
0.00432235
0.00444767
0.00456773
0.00468273
0.00479286
0.00489832
0.0049993
0.00509599
0.00518856
3.14493e-06
3.14457e-06
3.14497e-06
3.14616e-06
3.14803e-06
3.14917e-06
3.15055e-06
3.15146e-06
3.15174e-06
3.15127e-06
3.15108e-06
3.15115e-06
3.15145e-06
3.15287e-06
3.15471e-06
3.15679e-06
3.15906e-06
3.16148e-06
3.16397e-06
3.16635e-06
3.16866e-06
3.17107e-06
3.1736e-06
3.17623e-06
3.17883e-06
3.18018e-06
3.18203e-06
3.18459e-06
3.18956e-06
3.19597e-06
3.20394e-06
3.2141e-06
3.22775e-06
3.24739e-06
3.27764e-06
3.32719e-06
3.41233e-06
3.56295e-06
3.83511e-06
4.33722e-06
5.29115e-06
7.18288e-06
1.11365e-05
1.97403e-05
3.81379e-05
7.3083e-05
0.000127425
0.000199019
0.00028785
0.000397084
0.000529782
0.000686447
0.000864876
0.00106128
0.00127101
0.0014888
0.00170994
0.00193084
0.00214888
0.00236232
0.00257008
0.0027716
0.00296659
0.00315493
0.00333658
0.0035116
0.00368011
0.00384225
0.00399823
0.00414825
0.00429246
0.00443105
0.00456423
0.00469219
0.00481513
0.00493326
3.14471e-06
3.14369e-06
3.14375e-06
3.1448e-06
3.14638e-06
3.14743e-06
3.14849e-06
3.14919e-06
3.14928e-06
3.14854e-06
3.14789e-06
3.14732e-06
3.14686e-06
3.14657e-06
3.14649e-06
3.1466e-06
3.14692e-06
3.14766e-06
3.14934e-06
3.15127e-06
3.15338e-06
3.15564e-06
3.15802e-06
3.16052e-06
3.16308e-06
3.16555e-06
3.16796e-06
3.17032e-06
3.17281e-06
3.17549e-06
3.17839e-06
3.1816e-06
3.18505e-06
3.18852e-06
3.19404e-06
3.20317e-06
3.21974e-06
3.24746e-06
3.29405e-06
3.37364e-06
3.51128e-06
3.75171e-06
4.17734e-06
4.94693e-06
6.38381e-06
9.18489e-06
1.48791e-05
2.66015e-05
4.94215e-05
8.78235e-05
0.000142513
0.000211584
0.000295739
0.000398039
0.000521145
0.000666013
0.000831404
0.00101494
0.00121325
0.00142221
0.00163755
0.00185561
0.00207341
0.00228881
0.00250021
0.00270663
0.00290747
0.00310239
0.00329127
0.00347413
0.00365091
0.00382167
0.00398652
0.00414558
0.00429904
0.00444708
3.14619e-06
3.14375e-06
3.14273e-06
3.1429e-06
3.1439e-06
3.14521e-06
3.14611e-06
3.14689e-06
3.14741e-06
3.14747e-06
3.14678e-06
3.14611e-06
3.14549e-06
3.1449e-06
3.14432e-06
3.14378e-06
3.14328e-06
3.14282e-06
3.14244e-06
3.14221e-06
3.14212e-06
3.14221e-06
3.14247e-06
3.14289e-06
3.1442e-06
3.14589e-06
3.14779e-06
3.14986e-06
3.15206e-06
3.15439e-06
3.15683e-06
3.15938e-06
3.16204e-06
3.16479e-06
3.16761e-06
3.17062e-06
3.17405e-06
3.17842e-06
3.18447e-06
3.19346e-06
3.20758e-06
3.23057e-06
3.2683e-06
3.33176e-06
3.43994e-06
3.62393e-06
3.93963e-06
4.48285e-06
5.43688e-06
7.1645e-06
1.04016e-05
1.6668e-05
2.87889e-05
5.08455e-05
8.62472e-05
0.000135186
0.000196279
0.00026968
0.000357732
0.000462958
0.000586996
0.000729972
0.000891017
0.00106813
0.00125879
0.00145971
0.00166764
0.00187946
0.00209246
0.00230451
0.00251429
0.00272039
0.00292198
0.00311856
0.00330984
0.00349571
0.00367618
3.14465e-06
3.14277e-06
3.14214e-06
3.14237e-06
3.14318e-06
3.1442e-06
3.1449e-06
3.14545e-06
3.14578e-06
3.14574e-06
3.14515e-06
3.14461e-06
3.1441e-06
3.14361e-06
3.14334e-06
3.1431e-06
3.14281e-06
3.14244e-06
3.14192e-06
3.14129e-06
3.14066e-06
3.14008e-06
3.13954e-06
3.13904e-06
3.13867e-06
3.13842e-06
3.13831e-06
3.13832e-06
3.13849e-06
3.13882e-06
3.1393e-06
3.14045e-06
3.14209e-06
3.14397e-06
3.14604e-06
3.14828e-06
3.15071e-06
3.15336e-06
3.15635e-06
3.15984e-06
3.16416e-06
3.16987e-06
3.17792e-06
3.18994e-06
3.20872e-06
3.23883e-06
3.28776e-06
3.36741e-06
3.49698e-06
3.70782e-06
4.05083e-06
4.61931e-06
5.58158e-06
7.24613e-06
1.02129e-05
1.56292e-05
2.55426e-05
4.29464e-05
7.08192e-05
0.000110163
0.000159975
0.000219529
0.000289849
0.000372909
0.000470687
0.000584439
0.000714666
0.000860973
0.001022
0.00119562
0.00138118
0.00157528
0.00177551
0.00197954
0.00218514
0.00239068
0.00259499
3.14405e-06
3.14289e-06
3.14176e-06
3.14184e-06
3.14248e-06
3.14327e-06
3.14383e-06
3.14422e-06
3.14443e-06
3.14432e-06
3.1438e-06
3.14335e-06
3.14311e-06
3.14312e-06
3.14316e-06
3.14319e-06
3.14319e-06
3.14315e-06
3.14307e-06
3.14293e-06
3.14275e-06
3.14253e-06
3.14228e-06
3.142e-06
3.14171e-06
3.14142e-06
3.14112e-06
3.14083e-06
3.14051e-06
3.14013e-06
3.13947e-06
3.13881e-06
3.13829e-06
3.13792e-06
3.13769e-06
3.13761e-06
3.13768e-06
3.13794e-06
3.13839e-06
3.13906e-06
3.14062e-06
3.1427e-06
3.14532e-06
3.1487e-06
3.15323e-06
3.1596e-06
3.16894e-06
3.18307e-06
3.20488e-06
3.23885e-06
3.29183e-06
3.37465e-06
3.50424e-06
3.70692e-06
4.02503e-06
4.52823e-06
5.3354e-06
6.66109e-06
8.88858e-06
1.27133e-05
1.93505e-05
3.07014e-05
4.91655e-05
7.66445e-05
0.000113437
0.000158569
0.000211668
0.000273348
0.000345081
0.000428319
0.00052443
0.000634228
0.000757912
0.00089513
0.00104462
0.00120532
0.00137692
3.14467e-06
3.14346e-06
3.14246e-06
3.14128e-06
3.14133e-06
3.14184e-06
3.14247e-06
3.14292e-06
3.14319e-06
3.14332e-06
3.14323e-06
3.14278e-06
3.14239e-06
3.14231e-06
3.14239e-06
3.14251e-06
3.14265e-06
3.14279e-06
3.14291e-06
3.14303e-06
3.14312e-06
3.1432e-06
3.14325e-06
3.14327e-06
3.14328e-06
3.14327e-06
3.14324e-06
3.14319e-06
3.14313e-06
3.14306e-06
3.14297e-06
3.14285e-06
3.14269e-06
3.14251e-06
3.14232e-06
3.14212e-06
3.14192e-06
3.14173e-06
3.14155e-06
3.14138e-06
3.14122e-06
3.14111e-06
3.14097e-06
3.14058e-06
3.14041e-06
3.14054e-06
3.14106e-06
3.14213e-06
3.14407e-06
3.14732e-06
3.15257e-06
3.16149e-06
3.17527e-06
3.19637e-06
3.22852e-06
3.27736e-06
3.35126e-06
3.46268e-06
3.63051e-06
3.88374e-06
4.26759e-06
4.85353e-06
5.76259e-06
7.20151e-06
9.52093e-06
1.33194e-05
1.95712e-05
2.97306e-05
4.55688e-05
6.85949e-05
9.92526e-05
0.000136964
0.000181071
0.000231657
0.000289494
0.000355718
0.000431322
0.000517413
3.14296e-06
3.14334e-06
3.14199e-06
3.14088e-06
3.14085e-06
3.14127e-06
3.14177e-06
3.1421e-06
3.14228e-06
3.14234e-06
3.14225e-06
3.14185e-06
3.14151e-06
3.14144e-06
3.14152e-06
3.14165e-06
3.14181e-06
3.14198e-06
3.14216e-06
3.14234e-06
3.14252e-06
3.14269e-06
3.14286e-06
3.14301e-06
3.14317e-06
3.14331e-06
3.14344e-06
3.14357e-06
3.14369e-06
3.14381e-06
3.14391e-06
3.14401e-06
3.1441e-06
3.14418e-06
3.14425e-06
3.14431e-06
3.14436e-06
3.1444e-06
3.14444e-06
3.14448e-06
3.1445e-06
3.14453e-06
3.14454e-06
3.14453e-06
3.14451e-06
3.14449e-06
3.1445e-06
3.14457e-06
3.14473e-06
3.14507e-06
3.14568e-06
3.14678e-06
3.14862e-06
3.15158e-06
3.15616e-06
3.16304e-06
3.17393e-06
3.19075e-06
3.21628e-06
3.25457e-06
3.31139e-06
3.39546e-06
3.51823e-06
3.69725e-06
3.95848e-06
4.34054e-06
4.90475e-06
5.74791e-06
7.02777e-06
8.99962e-06
1.20772e-05
1.6912e-05
2.44664e-05
3.59854e-05
5.27527e-05
7.56229e-05
0.000104591
0.000139133
3.14193e-06
3.14301e-06
3.14158e-06
3.14044e-06
3.1404e-06
3.14074e-06
3.14113e-06
3.14135e-06
3.14143e-06
3.14143e-06
3.1413e-06
3.14093e-06
3.14065e-06
3.14052e-06
3.14059e-06
3.14071e-06
3.14086e-06
3.14102e-06
3.1412e-06
3.14138e-06
3.14157e-06
3.14176e-06
3.14195e-06
3.14215e-06
3.14234e-06
3.14254e-06
3.14273e-06
3.14293e-06
3.14312e-06
3.14332e-06
3.14351e-06
3.14371e-06
3.1439e-06
3.1441e-06
3.14429e-06
3.14448e-06
3.14468e-06
3.14487e-06
3.14506e-06
3.14525e-06
3.14544e-06
3.14563e-06
3.14582e-06
3.146e-06
3.14619e-06
3.14637e-06
3.14654e-06
3.14672e-06
3.14691e-06
3.14711e-06
3.14734e-06
3.14763e-06
3.14801e-06
3.14855e-06
3.14933e-06
3.15046e-06
3.15216e-06
3.15474e-06
3.15865e-06
3.16453e-06
3.17332e-06
3.18635e-06
3.20547e-06
3.23326e-06
3.2733e-06
3.33027e-06
3.41158e-06
3.52711e-06
3.69084e-06
3.92283e-06
4.2522e-06
4.7226e-06
5.39952e-06
6.38388e-06
7.83336e-06
9.99478e-06
1.32432e-05
1.81375e-05
3.14111e-06
3.14273e-06
3.14118e-06
3.14003e-06
3.13998e-06
3.14025e-06
3.14051e-06
3.14062e-06
3.14061e-06
3.14052e-06
3.14032e-06
3.13997e-06
3.13971e-06
3.13968e-06
3.13974e-06
3.13985e-06
3.13998e-06
3.14013e-06
3.14029e-06
3.14046e-06
3.14063e-06
3.14081e-06
3.14099e-06
3.14118e-06
3.14136e-06
3.14155e-06
3.14175e-06
3.14195e-06
3.14215e-06
3.14235e-06
3.14256e-06
3.14277e-06
3.14299e-06
3.14321e-06
3.14343e-06
3.14366e-06
3.14389e-06
3.14413e-06
3.14437e-06
3.14461e-06
3.14486e-06
3.14512e-06
3.14537e-06
3.14563e-06
3.14589e-06
3.14616e-06
3.14643e-06
3.1467e-06
3.14698e-06
3.14726e-06
3.14755e-06
3.14785e-06
3.14816e-06
3.14849e-06
3.14885e-06
3.14927e-06
3.14977e-06
3.15039e-06
3.15121e-06
3.15231e-06
3.15386e-06
3.15605e-06
3.15918e-06
3.16369e-06
3.17016e-06
3.1794e-06
3.19254e-06
3.21115e-06
3.23737e-06
3.2741e-06
3.32526e-06
3.39621e-06
3.49421e-06
3.62924e-06
3.81514e-06
4.07138e-06
4.42542e-06
4.91709e-06
3.1405e-06
3.14244e-06
3.14071e-06
3.13963e-06
3.13958e-06
3.13976e-06
3.1399e-06
3.13991e-06
3.13981e-06
3.13964e-06
3.13925e-06
3.13893e-06
3.1387e-06
3.13872e-06
3.1388e-06
3.13892e-06
3.13906e-06
3.13921e-06
3.13937e-06
3.13954e-06
3.13971e-06
3.13988e-06
3.14006e-06
3.14024e-06
3.14042e-06
3.1406e-06
3.14079e-06
3.14098e-06
3.14117e-06
3.14136e-06
3.14156e-06
3.14176e-06
3.14196e-06
3.14217e-06
3.14238e-06
3.1426e-06
3.14283e-06
3.14305e-06
3.14329e-06
3.14353e-06
3.14377e-06
3.14402e-06
3.14428e-06
3.14454e-06
3.1448e-06
3.14508e-06
3.14535e-06
3.14564e-06
3.14592e-06
3.14622e-06
3.14652e-06
3.14682e-06
3.14714e-06
3.14745e-06
3.14778e-06
3.14812e-06
3.14848e-06
3.14885e-06
3.14926e-06
3.14971e-06
3.15023e-06
3.15085e-06
3.1516e-06
3.15257e-06
3.15384e-06
3.15555e-06
3.15787e-06
3.16108e-06
3.16552e-06
3.17169e-06
3.18024e-06
3.19208e-06
3.20841e-06
3.23082e-06
3.26147e-06
3.30317e-06
3.35965e-06
3.43587e-06
3.14005e-06
3.14211e-06
3.14018e-06
3.13923e-06
3.13918e-06
3.13926e-06
3.1393e-06
3.13922e-06
3.13905e-06
3.1388e-06
3.13843e-06
3.13815e-06
3.13809e-06
3.13812e-06
3.1382e-06
3.1383e-06
3.13843e-06
3.13856e-06
3.13871e-06
3.13886e-06
3.13902e-06
3.13918e-06
3.13935e-06
3.13952e-06
3.13969e-06
3.13986e-06
3.14004e-06
3.14021e-06
3.14039e-06
3.14057e-06
3.14076e-06
3.14095e-06
3.14114e-06
3.14133e-06
3.14153e-06
3.14173e-06
3.14193e-06
3.14214e-06
3.14235e-06
3.14257e-06
3.14279e-06
3.14302e-06
3.14325e-06
3.14348e-06
3.14372e-06
3.14397e-06
3.14422e-06
3.14448e-06
3.14474e-06
3.145e-06
3.14527e-06
3.14555e-06
3.14583e-06
3.14612e-06
3.14641e-06
3.14671e-06
3.14702e-06
3.14733e-06
3.14765e-06
3.14798e-06
3.14833e-06
3.14869e-06
3.14908e-06
3.1495e-06
3.14997e-06
3.15051e-06
3.15114e-06
3.15191e-06
3.15288e-06
3.15413e-06
3.15575e-06
3.15792e-06
3.16082e-06
3.16475e-06
3.17006e-06
3.17726e-06
3.187e-06
3.20015e-06
3.13944e-06
3.14171e-06
3.13963e-06
3.13885e-06
3.13877e-06
3.13877e-06
3.13871e-06
3.13857e-06
3.13837e-06
3.13801e-06
3.13769e-06
3.13751e-06
3.1375e-06
3.13754e-06
3.13762e-06
3.13773e-06
3.13784e-06
3.13797e-06
3.13811e-06
3.13826e-06
3.13841e-06
3.13857e-06
3.13873e-06
3.13889e-06
3.13906e-06
3.13922e-06
3.13939e-06
3.13957e-06
3.13974e-06
3.13992e-06
3.1401e-06
3.14028e-06
3.14046e-06
3.14065e-06
3.14084e-06
3.14103e-06
3.14122e-06
3.14142e-06
3.14162e-06
3.14183e-06
3.14203e-06
3.14224e-06
3.14246e-06
3.14267e-06
3.14289e-06
3.14312e-06
3.14334e-06
3.14358e-06
3.14381e-06
3.14405e-06
3.14429e-06
3.14453e-06
3.14478e-06
3.14503e-06
3.14529e-06
3.14555e-06
3.14581e-06
3.14608e-06
3.14635e-06
3.14663e-06
3.14691e-06
3.1472e-06
3.14749e-06
3.14779e-06
3.1481e-06
3.14842e-06
3.14876e-06
3.14912e-06
3.14952e-06
3.14995e-06
3.15045e-06
3.15104e-06
3.15174e-06
3.15261e-06
3.1537e-06
3.15511e-06
3.15694e-06
3.15934e-06
3.13889e-06
3.14126e-06
3.13907e-06
3.13847e-06
3.13837e-06
3.13828e-06
3.13817e-06
3.13801e-06
3.13779e-06
3.13742e-06
3.13717e-06
3.13712e-06
3.13712e-06
3.13717e-06
3.13723e-06
3.13732e-06
3.13742e-06
3.13754e-06
3.13766e-06
3.13779e-06
3.13792e-06
3.13806e-06
3.1382e-06
3.13835e-06
3.1385e-06
3.13866e-06
3.13882e-06
3.13898e-06
3.13914e-06
3.13931e-06
3.13948e-06
3.13965e-06
3.13983e-06
3.14001e-06
3.14019e-06
3.14038e-06
3.14057e-06
3.14076e-06
3.14095e-06
3.14115e-06
3.14135e-06
3.14155e-06
3.14176e-06
3.14197e-06
3.14218e-06
3.14239e-06
3.14261e-06
3.14283e-06
3.14305e-06
3.14327e-06
3.1435e-06
3.14373e-06
3.14396e-06
3.14419e-06
3.14443e-06
3.14467e-06
3.14491e-06
3.14515e-06
3.14539e-06
3.14564e-06
3.14588e-06
3.14613e-06
3.14639e-06
3.14664e-06
3.1469e-06
3.14716e-06
3.14742e-06
3.14769e-06
3.14796e-06
3.14824e-06
3.14853e-06
3.14883e-06
3.14916e-06
3.14951e-06
3.14989e-06
3.15032e-06
3.15082e-06
3.15141e-06
3.13842e-06
3.14074e-06
3.13855e-06
3.13812e-06
3.13796e-06
3.13783e-06
3.1377e-06
3.13754e-06
3.13732e-06
3.13701e-06
3.13683e-06
3.13681e-06
3.13682e-06
3.13686e-06
3.13691e-06
3.13698e-06
3.13706e-06
3.13715e-06
3.13725e-06
3.13736e-06
3.13748e-06
3.13759e-06
3.13772e-06
3.13784e-06
3.13798e-06
3.13811e-06
3.13825e-06
3.13839e-06
3.13854e-06
3.13869e-06
3.13884e-06
3.139e-06
3.13916e-06
3.13933e-06
3.13949e-06
3.13967e-06
3.13984e-06
3.14002e-06
3.1402e-06
3.14039e-06
3.14058e-06
3.14077e-06
3.14097e-06
3.14117e-06
3.14137e-06
3.14158e-06
3.14179e-06
3.142e-06
3.14221e-06
3.14243e-06
3.14265e-06
3.14287e-06
3.14309e-06
3.14332e-06
3.14354e-06
3.14377e-06
3.144e-06
3.14423e-06
3.14447e-06
3.1447e-06
3.14494e-06
3.14517e-06
3.14541e-06
3.14565e-06
3.14588e-06
3.14612e-06
3.14636e-06
3.1466e-06
3.14684e-06
3.14708e-06
3.14733e-06
3.14757e-06
3.14782e-06
3.14807e-06
3.14832e-06
3.14858e-06
3.14885e-06
3.14913e-06
3.13802e-06
3.14016e-06
3.13811e-06
3.13779e-06
3.13758e-06
3.13742e-06
3.1373e-06
3.13716e-06
3.13697e-06
3.13671e-06
3.13661e-06
3.13659e-06
3.1366e-06
3.13663e-06
3.13667e-06
3.13672e-06
3.13678e-06
3.13685e-06
3.13693e-06
3.13702e-06
3.1371e-06
3.1372e-06
3.1373e-06
3.1374e-06
3.1375e-06
3.13761e-06
3.13773e-06
3.13784e-06
3.13797e-06
3.13809e-06
3.13822e-06
3.13835e-06
3.13849e-06
3.13863e-06
3.13877e-06
3.13892e-06
3.13907e-06
3.13922e-06
3.13938e-06
3.13955e-06
3.13971e-06
3.13989e-06
3.14006e-06
3.14024e-06
3.14042e-06
3.14061e-06
3.1408e-06
3.141e-06
3.14119e-06
3.14139e-06
3.1416e-06
3.14181e-06
3.14201e-06
3.14223e-06
3.14244e-06
3.14266e-06
3.14288e-06
3.1431e-06
3.14332e-06
3.14355e-06
3.14377e-06
3.144e-06
3.14423e-06
3.14445e-06
3.14468e-06
3.14491e-06
3.14514e-06
3.14538e-06
3.14561e-06
3.14584e-06
3.14607e-06
3.1463e-06
3.14653e-06
3.14676e-06
3.14699e-06
3.14721e-06
3.14744e-06
3.14767e-06
3.13768e-06
3.13953e-06
3.13788e-06
3.13748e-06
3.13722e-06
3.13707e-06
3.13698e-06
3.13688e-06
3.13671e-06
3.13649e-06
3.13642e-06
3.13642e-06
3.13643e-06
3.13645e-06
3.13649e-06
3.13653e-06
3.13658e-06
3.13663e-06
3.13669e-06
3.13675e-06
3.13682e-06
3.1369e-06
3.13697e-06
3.13705e-06
3.13713e-06
3.13722e-06
3.13731e-06
3.1374e-06
3.13749e-06
3.13759e-06
3.13769e-06
3.1378e-06
3.1379e-06
3.13801e-06
3.13813e-06
3.13824e-06
3.13836e-06
3.13849e-06
3.13862e-06
3.13875e-06
3.13889e-06
3.13903e-06
3.13917e-06
3.13932e-06
3.13947e-06
3.13962e-06
3.13978e-06
3.13995e-06
3.14011e-06
3.14028e-06
3.14046e-06
3.14064e-06
3.14082e-06
3.141e-06
3.14119e-06
3.14138e-06
3.14158e-06
3.14177e-06
3.14197e-06
3.14217e-06
3.14238e-06
3.14258e-06
3.14279e-06
3.143e-06
3.14321e-06
3.14343e-06
3.14364e-06
3.14386e-06
3.14407e-06
3.14429e-06
3.14451e-06
3.14473e-06
3.14494e-06
3.14516e-06
3.14538e-06
3.1456e-06
3.14581e-06
3.14603e-06
3.13739e-06
3.13889e-06
3.13757e-06
3.13716e-06
3.13691e-06
3.1368e-06
3.13674e-06
3.13666e-06
3.1365e-06
3.13633e-06
3.13629e-06
3.1363e-06
3.13633e-06
3.13636e-06
3.13639e-06
3.13643e-06
3.13647e-06
3.13651e-06
3.13656e-06
3.13661e-06
3.13666e-06
3.13672e-06
3.13678e-06
3.13684e-06
3.13691e-06
3.13697e-06
3.13704e-06
3.13711e-06
3.13718e-06
3.13726e-06
3.13733e-06
3.13741e-06
3.13749e-06
3.13758e-06
3.13766e-06
3.13775e-06
3.13784e-06
3.13794e-06
3.13803e-06
3.13813e-06
3.13824e-06
3.13834e-06
3.13845e-06
3.13857e-06
3.13868e-06
3.1388e-06
3.13893e-06
3.13905e-06
3.13918e-06
3.13931e-06
3.13945e-06
3.13959e-06
3.13973e-06
3.13988e-06
3.14003e-06
3.14018e-06
3.14034e-06
3.1405e-06
3.14066e-06
3.14083e-06
3.141e-06
3.14117e-06
3.14134e-06
3.14152e-06
3.14169e-06
3.14187e-06
3.14206e-06
3.14224e-06
3.14243e-06
3.14262e-06
3.1428e-06
3.143e-06
3.14319e-06
3.14338e-06
3.14357e-06
3.14377e-06
3.14396e-06
3.14415e-06
3.13715e-06
3.13825e-06
3.13726e-06
3.13687e-06
3.13666e-06
3.13659e-06
3.13656e-06
3.1365e-06
3.13634e-06
3.13621e-06
3.13622e-06
3.13625e-06
3.13629e-06
3.13633e-06
3.13637e-06
3.13641e-06
3.13645e-06
3.13649e-06
3.13653e-06
3.13658e-06
3.13662e-06
3.13667e-06
3.13672e-06
3.13676e-06
3.13682e-06
3.13687e-06
3.13692e-06
3.13698e-06
3.13703e-06
3.13709e-06
3.13715e-06
3.13721e-06
3.13727e-06
3.13733e-06
3.1374e-06
3.13747e-06
3.13753e-06
3.1376e-06
3.13768e-06
3.13775e-06
3.13783e-06
3.13791e-06
3.13799e-06
3.13807e-06
3.13816e-06
3.13824e-06
3.13833e-06
3.13843e-06
3.13852e-06
3.13862e-06
3.13872e-06
3.13883e-06
3.13893e-06
3.13904e-06
3.13915e-06
3.13927e-06
3.13938e-06
3.1395e-06
3.13963e-06
3.13975e-06
3.13988e-06
3.14001e-06
3.14014e-06
3.14027e-06
3.14041e-06
3.14055e-06
3.14069e-06
3.14083e-06
3.14098e-06
3.14113e-06
3.14128e-06
3.14143e-06
3.14158e-06
3.14173e-06
3.14189e-06
3.14204e-06
3.1422e-06
3.14236e-06
3.13693e-06
3.13765e-06
3.13697e-06
3.13663e-06
3.13647e-06
3.13644e-06
3.13642e-06
3.13637e-06
3.13622e-06
3.13617e-06
3.13622e-06
3.13627e-06
3.13633e-06
3.13638e-06
3.13643e-06
3.13647e-06
3.13651e-06
3.13655e-06
3.13659e-06
3.13663e-06
3.13667e-06
3.13671e-06
3.13675e-06
3.13679e-06
3.13683e-06
3.13688e-06
3.13692e-06
3.13696e-06
3.13701e-06
3.13706e-06
3.1371e-06
3.13715e-06
3.1372e-06
3.13725e-06
3.1373e-06
3.13735e-06
3.13741e-06
3.13746e-06
3.13751e-06
3.13757e-06
3.13763e-06
3.13769e-06
3.13775e-06
3.13781e-06
3.13787e-06
3.13794e-06
3.13801e-06
3.13807e-06
3.13814e-06
3.13822e-06
3.13829e-06
3.13836e-06
3.13844e-06
3.13852e-06
3.1386e-06
3.13868e-06
3.13877e-06
3.13885e-06
3.13894e-06
3.13903e-06
3.13912e-06
3.13922e-06
3.13931e-06
3.13941e-06
3.13951e-06
3.13961e-06
3.13971e-06
3.13981e-06
3.13992e-06
3.14003e-06
3.14013e-06
3.14024e-06
3.14036e-06
3.14047e-06
3.14058e-06
3.1407e-06
3.14081e-06
3.14093e-06
3.13672e-06
3.13711e-06
3.13673e-06
3.13646e-06
3.13634e-06
3.13632e-06
3.13632e-06
3.13627e-06
3.13617e-06
3.13621e-06
3.13627e-06
3.13634e-06
3.13641e-06
3.13647e-06
3.13652e-06
3.13656e-06
3.13661e-06
3.13665e-06
3.13668e-06
3.13672e-06
3.13676e-06
3.1368e-06
3.13683e-06
3.13687e-06
3.13691e-06
3.13695e-06
3.13698e-06
3.13702e-06
3.13706e-06
3.1371e-06
3.13714e-06
3.13718e-06
3.13722e-06
3.13726e-06
3.13731e-06
3.13735e-06
3.13739e-06
3.13744e-06
3.13748e-06
3.13753e-06
3.13757e-06
3.13762e-06
3.13766e-06
3.13771e-06
3.13776e-06
3.13781e-06
3.13786e-06
3.13791e-06
3.13797e-06
3.13802e-06
3.13808e-06
3.13813e-06
3.13819e-06
3.13825e-06
3.13831e-06
3.13837e-06
3.13843e-06
3.13849e-06
3.13856e-06
3.13862e-06
3.13869e-06
3.13875e-06
3.13882e-06
3.13889e-06
3.13896e-06
3.13903e-06
3.1391e-06
3.13918e-06
3.13925e-06
3.13933e-06
3.1394e-06
3.13948e-06
3.13956e-06
3.13964e-06
3.13972e-06
3.1398e-06
3.13988e-06
3.13996e-06
3.13653e-06
3.13669e-06
3.13656e-06
3.13634e-06
3.13625e-06
3.13624e-06
3.13624e-06
3.1362e-06
3.13617e-06
3.13625e-06
3.13634e-06
3.13643e-06
3.1365e-06
3.13656e-06
3.13662e-06
3.13667e-06
3.13671e-06
3.13675e-06
3.13679e-06
3.13683e-06
3.13687e-06
3.1369e-06
3.13694e-06
3.13697e-06
3.13701e-06
3.13704e-06
3.13708e-06
3.13711e-06
3.13715e-06
3.13718e-06
3.13722e-06
3.13725e-06
3.13729e-06
3.13733e-06
3.13736e-06
3.1374e-06
3.13744e-06
3.13748e-06
3.13751e-06
3.13755e-06
3.13759e-06
3.13763e-06
3.13767e-06
3.13771e-06
3.13775e-06
3.13779e-06
3.13783e-06
3.13787e-06
3.13791e-06
3.13796e-06
3.138e-06
3.13804e-06
3.13809e-06
3.13813e-06
3.13818e-06
3.13823e-06
3.13827e-06
3.13832e-06
3.13837e-06
3.13842e-06
3.13846e-06
3.13851e-06
3.13856e-06
3.13862e-06
3.13867e-06
3.13872e-06
3.13877e-06
3.13882e-06
3.13887e-06
3.13893e-06
3.13898e-06
3.13904e-06
3.13909e-06
3.13915e-06
3.1392e-06
3.13926e-06
3.13931e-06
3.13937e-06
3.13642e-06
3.13649e-06
3.13626e-06
3.13619e-06
3.13619e-06
3.13619e-06
3.13615e-06
3.13623e-06
3.13633e-06
3.13643e-06
3.13652e-06
3.1366e-06
3.13667e-06
3.13672e-06
3.13678e-06
3.13682e-06
3.13687e-06
3.1369e-06
3.13694e-06
3.13698e-06
3.13701e-06
3.13705e-06
3.13708e-06
3.13711e-06
3.13715e-06
3.13718e-06
3.13722e-06
3.13725e-06
3.13728e-06
3.13732e-06
3.13735e-06
3.13738e-06
3.13742e-06
3.13745e-06
3.13748e-06
3.13752e-06
3.13755e-06
3.13759e-06
3.13762e-06
3.13765e-06
3.13769e-06
3.13772e-06
3.13776e-06
3.13779e-06
3.13783e-06
3.13786e-06
3.1379e-06
3.13793e-06
3.13797e-06
3.138e-06
3.13804e-06
3.13808e-06
3.13811e-06
3.13815e-06
3.13819e-06
3.13822e-06
3.13826e-06
3.1383e-06
3.13834e-06
3.13838e-06
3.13841e-06
3.13845e-06
3.13849e-06
3.13853e-06
3.13857e-06
3.13861e-06
3.13865e-06
3.13869e-06
3.13873e-06
3.13877e-06
3.13881e-06
3.13885e-06
3.13889e-06
3.13893e-06
3.13897e-06
3.13901e-06
3.13905e-06
3.13628e-06
3.13649e-06
3.13626e-06
3.13616e-06
3.13615e-06
3.13616e-06
3.13619e-06
3.1363e-06
3.13641e-06
3.13651e-06
3.13661e-06
3.13669e-06
3.13676e-06
3.13682e-06
3.13687e-06
3.13692e-06
3.13697e-06
3.13701e-06
3.13705e-06
3.13708e-06
3.13712e-06
3.13715e-06
3.13719e-06
3.13722e-06
3.13725e-06
3.13729e-06
3.13732e-06
3.13735e-06
3.13739e-06
3.13742e-06
3.13745e-06
3.13748e-06
3.13752e-06
3.13755e-06
3.13758e-06
3.13761e-06
3.13765e-06
3.13768e-06
3.13771e-06
3.13774e-06
3.13777e-06
3.1378e-06
3.13784e-06
3.13787e-06
3.1379e-06
3.13793e-06
3.13796e-06
3.13799e-06
3.13802e-06
3.13806e-06
3.13809e-06
3.13812e-06
3.13815e-06
3.13818e-06
3.13821e-06
3.13824e-06
3.13827e-06
3.13831e-06
3.13834e-06
3.13837e-06
3.1384e-06
3.13843e-06
3.13846e-06
3.13849e-06
3.13852e-06
3.13855e-06
3.13858e-06
3.13861e-06
3.13864e-06
3.13868e-06
3.13871e-06
3.13874e-06
3.13877e-06
3.1388e-06
3.13883e-06
3.13887e-06
3.1389e-06
3.13619e-06
3.13646e-06
3.13622e-06
3.13615e-06
3.13614e-06
3.13617e-06
3.13627e-06
3.13637e-06
3.13648e-06
3.13658e-06
3.13667e-06
3.13675e-06
3.13683e-06
3.13689e-06
3.13695e-06
3.137e-06
3.13705e-06
3.13709e-06
3.13714e-06
3.13717e-06
3.13721e-06
3.13725e-06
3.13728e-06
3.13732e-06
3.13735e-06
3.13739e-06
3.13742e-06
3.13745e-06
3.13748e-06
3.13752e-06
3.13755e-06
3.13758e-06
3.13761e-06
3.13765e-06
3.13768e-06
3.13771e-06
3.13774e-06
3.13777e-06
3.1378e-06
3.13783e-06
3.13786e-06
3.1379e-06
3.13793e-06
3.13796e-06
3.13799e-06
3.13802e-06
3.13804e-06
3.13807e-06
3.1381e-06
3.13813e-06
3.13816e-06
3.13819e-06
3.13822e-06
3.13824e-06
3.13827e-06
3.1383e-06
3.13833e-06
3.13835e-06
3.13838e-06
3.13841e-06
3.13843e-06
3.13846e-06
3.13849e-06
3.13851e-06
3.13854e-06
3.13856e-06
3.13859e-06
3.13862e-06
3.13864e-06
3.13867e-06
3.13869e-06
3.13872e-06
3.13875e-06
3.13878e-06
3.1388e-06
3.13883e-06
3.13886e-06
3.13615e-06
3.13638e-06
3.1362e-06
3.13617e-06
3.13618e-06
3.13623e-06
3.13631e-06
3.13641e-06
3.13652e-06
3.13662e-06
3.13672e-06
3.1368e-06
3.13688e-06
3.13695e-06
3.13701e-06
3.13707e-06
3.13712e-06
3.13717e-06
3.13721e-06
3.13725e-06
3.13729e-06
3.13733e-06
3.13737e-06
3.13741e-06
3.13744e-06
3.13748e-06
3.13751e-06
3.13755e-06
3.13758e-06
3.13761e-06
3.13764e-06
3.13768e-06
3.13771e-06
3.13774e-06
3.13777e-06
3.13781e-06
3.13784e-06
3.13787e-06
3.1379e-06
3.13793e-06
3.13796e-06
3.13799e-06
3.13802e-06
3.13805e-06
3.13808e-06
3.13811e-06
3.13813e-06
3.13816e-06
3.13819e-06
3.13822e-06
3.13824e-06
3.13827e-06
3.1383e-06
3.13832e-06
3.13835e-06
3.13837e-06
3.1384e-06
3.13842e-06
3.13845e-06
3.13847e-06
3.1385e-06
3.13852e-06
3.13854e-06
3.13857e-06
3.13859e-06
3.13862e-06
3.13864e-06
3.13866e-06
3.13869e-06
3.13871e-06
3.13874e-06
3.13876e-06
3.13879e-06
3.13881e-06
3.13884e-06
3.13886e-06
3.13889e-06
3.13609e-06
3.13629e-06
3.13615e-06
3.13614e-06
3.13617e-06
3.13623e-06
3.13632e-06
3.13643e-06
3.13653e-06
3.13664e-06
3.13674e-06
3.13683e-06
3.13691e-06
3.13698e-06
3.13705e-06
3.13711e-06
3.13717e-06
3.13723e-06
3.13728e-06
3.13732e-06
3.13737e-06
3.13741e-06
3.13745e-06
3.13749e-06
3.13753e-06
3.13756e-06
3.1376e-06
3.13764e-06
3.13767e-06
3.13771e-06
3.13774e-06
3.13777e-06
3.13781e-06
3.13784e-06
3.13787e-06
3.1379e-06
3.13793e-06
3.13797e-06
3.138e-06
3.13803e-06
3.13806e-06
3.13809e-06
3.13812e-06
3.13814e-06
3.13817e-06
3.1382e-06
3.13823e-06
3.13826e-06
3.13828e-06
3.13831e-06
3.13834e-06
3.13836e-06
3.13839e-06
3.13841e-06
3.13844e-06
3.13846e-06
3.13849e-06
3.13851e-06
3.13853e-06
3.13856e-06
3.13858e-06
3.1386e-06
3.13863e-06
3.13865e-06
3.13867e-06
3.1387e-06
3.13872e-06
3.13874e-06
3.13877e-06
3.13879e-06
3.13882e-06
3.13884e-06
3.13886e-06
3.13889e-06
3.13891e-06
3.13894e-06
3.13896e-06
3.13602e-06
3.13619e-06
3.13608e-06
3.13609e-06
3.13614e-06
3.13621e-06
3.13631e-06
3.13641e-06
3.13653e-06
3.13664e-06
3.13674e-06
3.13684e-06
3.13692e-06
3.137e-06
3.13708e-06
3.13715e-06
3.13721e-06
3.13727e-06
3.13733e-06
3.13738e-06
3.13743e-06
3.13748e-06
3.13752e-06
3.13757e-06
3.13761e-06
3.13765e-06
3.13769e-06
3.13773e-06
3.13776e-06
3.1378e-06
3.13784e-06
3.13787e-06
3.1379e-06
3.13794e-06
3.13797e-06
3.138e-06
3.13804e-06
3.13807e-06
3.1381e-06
3.13813e-06
3.13816e-06
3.13819e-06
3.13822e-06
3.13825e-06
3.13828e-06
3.13831e-06
3.13833e-06
3.13836e-06
3.13839e-06
3.13842e-06
3.13844e-06
3.13847e-06
3.13849e-06
3.13852e-06
3.13854e-06
3.13857e-06
3.13859e-06
3.13862e-06
3.13864e-06
3.13866e-06
3.13869e-06
3.13871e-06
3.13873e-06
3.13876e-06
3.13878e-06
3.13881e-06
3.13883e-06
3.13885e-06
3.13888e-06
3.1389e-06
3.13893e-06
3.13895e-06
3.13897e-06
3.139e-06
3.13902e-06
3.13905e-06
3.13907e-06
3.13592e-06
3.13606e-06
3.13599e-06
3.13602e-06
3.13608e-06
3.13617e-06
3.13627e-06
3.13638e-06
3.1365e-06
3.13661e-06
3.13672e-06
3.13682e-06
3.13692e-06
3.137e-06
3.13709e-06
3.13716e-06
3.13723e-06
3.1373e-06
3.13736e-06
3.13742e-06
3.13748e-06
3.13753e-06
3.13759e-06
3.13763e-06
3.13768e-06
3.13773e-06
3.13777e-06
3.13781e-06
3.13785e-06
3.13789e-06
3.13793e-06
3.13797e-06
3.13801e-06
3.13804e-06
3.13808e-06
3.13811e-06
3.13815e-06
3.13818e-06
3.13821e-06
3.13824e-06
3.13828e-06
3.13831e-06
3.13834e-06
3.13837e-06
3.1384e-06
3.13843e-06
3.13845e-06
3.13848e-06
3.13851e-06
3.13854e-06
3.13856e-06
3.13859e-06
3.13862e-06
3.13864e-06
3.13867e-06
3.13869e-06
3.13872e-06
3.13875e-06
3.13877e-06
3.1388e-06
3.13882e-06
3.13885e-06
3.13887e-06
3.13889e-06
3.13892e-06
3.13894e-06
3.13897e-06
3.13899e-06
3.13902e-06
3.13904e-06
3.13907e-06
3.13909e-06
3.13912e-06
3.13914e-06
3.13917e-06
3.13919e-06
3.13922e-06
3.13581e-06
3.13593e-06
3.13589e-06
3.13593e-06
3.136e-06
3.1361e-06
3.1362e-06
3.13632e-06
3.13644e-06
3.13656e-06
3.13668e-06
3.13679e-06
3.13689e-06
3.13698e-06
3.13707e-06
3.13716e-06
3.13724e-06
3.13731e-06
3.13738e-06
3.13745e-06
3.13752e-06
3.13758e-06
3.13763e-06
3.13769e-06
3.13774e-06
3.13779e-06
3.13784e-06
3.13789e-06
3.13794e-06
3.13798e-06
3.13802e-06
3.13807e-06
3.13811e-06
3.13814e-06
3.13818e-06
3.13822e-06
3.13826e-06
3.13829e-06
3.13833e-06
3.13836e-06
3.1384e-06
3.13843e-06
3.13846e-06
3.13849e-06
3.13853e-06
3.13856e-06
3.13859e-06
3.13862e-06
3.13865e-06
3.13868e-06
3.1387e-06
3.13873e-06
3.13876e-06
3.13879e-06
3.13882e-06
3.13885e-06
3.13887e-06
3.1389e-06
3.13893e-06
3.13895e-06
3.13898e-06
3.13901e-06
3.13903e-06
3.13906e-06
3.13909e-06
3.13911e-06
3.13914e-06
3.13917e-06
3.13919e-06
3.13922e-06
3.13924e-06
3.13927e-06
3.13929e-06
3.13932e-06
3.13934e-06
3.13936e-06
3.13938e-06
3.13567e-06
3.13577e-06
3.13576e-06
3.13582e-06
3.1359e-06
3.136e-06
3.13612e-06
3.13624e-06
3.13637e-06
3.13649e-06
3.13661e-06
3.13673e-06
3.13684e-06
3.13694e-06
3.13704e-06
3.13713e-06
3.13722e-06
3.1373e-06
3.13738e-06
3.13746e-06
3.13753e-06
3.1376e-06
3.13766e-06
3.13773e-06
3.13779e-06
3.13784e-06
3.1379e-06
3.13795e-06
3.138e-06
3.13805e-06
3.1381e-06
3.13815e-06
3.13819e-06
3.13824e-06
3.13828e-06
3.13832e-06
3.13836e-06
3.1384e-06
3.13844e-06
3.13848e-06
3.13852e-06
3.13855e-06
3.13859e-06
3.13863e-06
3.13866e-06
3.13869e-06
3.13873e-06
3.13876e-06
3.13879e-06
3.13883e-06
3.13886e-06
3.13889e-06
3.13892e-06
3.13895e-06
3.13898e-06
3.13901e-06
3.13904e-06
3.13907e-06
3.1391e-06
3.13913e-06
3.13916e-06
3.13919e-06
3.13922e-06
3.13925e-06
3.13928e-06
3.13931e-06
3.13933e-06
3.13936e-06
3.13939e-06
3.13941e-06
3.13944e-06
3.13947e-06
3.13949e-06
3.13952e-06
3.13954e-06
3.13956e-06
3.13959e-06
3.1355e-06
3.13559e-06
3.1356e-06
3.13567e-06
3.13577e-06
3.13588e-06
3.136e-06
3.13613e-06
3.13626e-06
3.13639e-06
3.13652e-06
3.13664e-06
3.13675e-06
3.13687e-06
3.13697e-06
3.13707e-06
3.13717e-06
3.13726e-06
3.13735e-06
3.13743e-06
3.13751e-06
3.13759e-06
3.13766e-06
3.13773e-06
3.1378e-06
3.13787e-06
3.13793e-06
3.13799e-06
3.13805e-06
3.13811e-06
3.13816e-06
3.13821e-06
3.13827e-06
3.13832e-06
3.13836e-06
3.13841e-06
3.13846e-06
3.1385e-06
3.13855e-06
3.13859e-06
3.13863e-06
3.13867e-06
3.13872e-06
3.13876e-06
3.13879e-06
3.13883e-06
3.13887e-06
3.13891e-06
3.13895e-06
3.13898e-06
3.13902e-06
3.13905e-06
3.13909e-06
3.13912e-06
3.13916e-06
3.13919e-06
3.13923e-06
3.13926e-06
3.13929e-06
3.13932e-06
3.13936e-06
3.13939e-06
3.13942e-06
3.13945e-06
3.13948e-06
3.13951e-06
3.13954e-06
3.13957e-06
3.1396e-06
3.13963e-06
3.13966e-06
3.13968e-06
3.13971e-06
3.13974e-06
3.13976e-06
3.13979e-06
3.13982e-06
3.1353e-06
3.13538e-06
3.13542e-06
3.1355e-06
3.1356e-06
3.13572e-06
3.13585e-06
3.13598e-06
3.13612e-06
3.13625e-06
3.13639e-06
3.13652e-06
3.13664e-06
3.13676e-06
3.13687e-06
3.13698e-06
3.13709e-06
3.13719e-06
3.13728e-06
3.13738e-06
3.13746e-06
3.13755e-06
3.13763e-06
3.13771e-06
3.13779e-06
3.13786e-06
3.13793e-06
3.138e-06
3.13807e-06
3.13813e-06
3.13819e-06
3.13825e-06
3.13831e-06
3.13837e-06
3.13842e-06
3.13848e-06
3.13853e-06
3.13858e-06
3.13863e-06
3.13868e-06
3.13873e-06
3.13878e-06
3.13883e-06
3.13887e-06
3.13892e-06
3.13896e-06
3.139e-06
3.13905e-06
3.13909e-06
3.13913e-06
3.13917e-06
3.13921e-06
3.13925e-06
3.13929e-06
3.13933e-06
3.13937e-06
3.1394e-06
3.13944e-06
3.13948e-06
3.13951e-06
3.13955e-06
3.13959e-06
3.13962e-06
3.13965e-06
3.13969e-06
3.13972e-06
3.13975e-06
3.13979e-06
3.13982e-06
3.13985e-06
3.13988e-06
3.13991e-06
3.13994e-06
3.13997e-06
3.14e-06
3.14003e-06
3.14006e-06
3.13507e-06
3.13515e-06
3.1352e-06
3.1353e-06
3.13541e-06
3.13553e-06
3.13566e-06
3.1358e-06
3.13594e-06
3.13609e-06
3.13622e-06
3.13636e-06
3.13649e-06
3.13661e-06
3.13674e-06
3.13685e-06
3.13696e-06
3.13707e-06
3.13718e-06
3.13728e-06
3.13738e-06
3.13747e-06
3.13756e-06
3.13765e-06
3.13773e-06
3.13781e-06
3.13789e-06
3.13797e-06
3.13804e-06
3.13812e-06
3.13819e-06
3.13825e-06
3.13832e-06
3.13839e-06
3.13845e-06
3.13851e-06
3.13857e-06
3.13863e-06
3.13869e-06
3.13874e-06
3.1388e-06
3.13885e-06
3.13891e-06
3.13896e-06
3.13901e-06
3.13906e-06
3.13911e-06
3.13916e-06
3.13921e-06
3.13925e-06
3.1393e-06
3.13934e-06
3.13939e-06
3.13943e-06
3.13948e-06
3.13952e-06
3.13956e-06
3.1396e-06
3.13964e-06
3.13968e-06
3.13972e-06
3.13976e-06
3.1398e-06
3.13984e-06
3.13988e-06
3.13992e-06
3.13995e-06
3.13999e-06
3.14003e-06
3.14006e-06
3.1401e-06
3.14013e-06
3.14017e-06
3.1402e-06
3.14024e-06
3.14027e-06
3.1403e-06
3.1348e-06
3.13488e-06
3.13495e-06
3.13505e-06
3.13517e-06
3.1353e-06
3.13544e-06
3.13558e-06
3.13573e-06
3.13588e-06
3.13602e-06
3.13616e-06
3.13629e-06
3.13643e-06
3.13655e-06
3.13668e-06
3.1368e-06
3.13691e-06
3.13703e-06
3.13713e-06
3.13724e-06
3.13734e-06
3.13744e-06
3.13754e-06
3.13763e-06
3.13772e-06
3.1378e-06
3.13789e-06
3.13797e-06
3.13805e-06
3.13813e-06
3.1382e-06
3.13828e-06
3.13835e-06
3.13842e-06
3.13849e-06
3.13856e-06
3.13862e-06
3.13869e-06
3.13875e-06
3.13881e-06
3.13887e-06
3.13893e-06
3.13899e-06
3.13905e-06
3.13911e-06
3.13916e-06
3.13922e-06
3.13927e-06
3.13932e-06
3.13938e-06
3.13943e-06
3.13948e-06
3.13953e-06
3.13957e-06
3.13962e-06
3.13967e-06
3.13972e-06
3.13976e-06
3.13981e-06
3.13985e-06
3.1399e-06
3.13994e-06
3.13999e-06
3.14003e-06
3.14007e-06
3.14011e-06
3.14015e-06
3.1402e-06
3.14024e-06
3.14028e-06
3.14032e-06
3.14036e-06
3.1404e-06
3.14044e-06
3.14048e-06
3.14052e-06
3.13449e-06
3.13458e-06
3.13466e-06
3.13477e-06
3.1349e-06
3.13503e-06
3.13517e-06
3.13532e-06
3.13547e-06
3.13562e-06
3.13577e-06
3.13591e-06
3.13605e-06
3.13619e-06
3.13632e-06
3.13645e-06
3.13658e-06
3.1367e-06
3.13682e-06
3.13693e-06
3.13705e-06
3.13715e-06
3.13726e-06
3.13736e-06
3.13746e-06
3.13756e-06
3.13765e-06
3.13774e-06
3.13783e-06
3.13792e-06
3.138e-06
3.13809e-06
3.13817e-06
3.13825e-06
3.13832e-06
3.1384e-06
3.13847e-06
3.13854e-06
3.13862e-06
3.13869e-06
3.13875e-06
3.13882e-06
3.13889e-06
3.13895e-06
3.13902e-06
3.13908e-06
3.13914e-06
3.1392e-06
3.13926e-06
3.13932e-06
3.13938e-06
3.13943e-06
3.13949e-06
3.13955e-06
3.1396e-06
3.13965e-06
3.13971e-06
3.13976e-06
3.13981e-06
3.13986e-06
3.13991e-06
3.13996e-06
3.14001e-06
3.14006e-06
3.14011e-06
3.14016e-06
3.14021e-06
3.14026e-06
3.14031e-06
3.14035e-06
3.1404e-06
3.14045e-06
3.1405e-06
3.14054e-06
3.14059e-06
3.14064e-06
3.14068e-06
3.13414e-06
3.13423e-06
3.13432e-06
3.13444e-06
3.13457e-06
3.13471e-06
3.13486e-06
3.13501e-06
3.13516e-06
3.13531e-06
3.13546e-06
3.13561e-06
3.13575e-06
3.13589e-06
3.13603e-06
3.13616e-06
3.1363e-06
3.13642e-06
3.13655e-06
3.13667e-06
3.13678e-06
3.1369e-06
3.13701e-06
3.13712e-06
3.13722e-06
3.13732e-06
3.13742e-06
3.13752e-06
3.13761e-06
3.13771e-06
3.1378e-06
3.13789e-06
3.13797e-06
3.13806e-06
3.13814e-06
3.13822e-06
3.1383e-06
3.13838e-06
3.13846e-06
3.13853e-06
3.13861e-06
3.13868e-06
3.13875e-06
3.13882e-06
3.13889e-06
3.13896e-06
3.13903e-06
3.13909e-06
3.13916e-06
3.13922e-06
3.13929e-06
3.13935e-06
3.13941e-06
3.13948e-06
3.13954e-06
3.1396e-06
3.13966e-06
3.13972e-06
3.13978e-06
3.13983e-06
3.13989e-06
3.13995e-06
3.14001e-06
3.14006e-06
3.14012e-06
3.14017e-06
3.14023e-06
3.14029e-06
3.14034e-06
3.1404e-06
3.14045e-06
3.14051e-06
3.14056e-06
3.14062e-06
3.14067e-06
3.14072e-06
3.14078e-06
3.13373e-06
3.13383e-06
3.13394e-06
3.13406e-06
3.1342e-06
3.13434e-06
3.13449e-06
3.13464e-06
3.13479e-06
3.13495e-06
3.1351e-06
3.13525e-06
3.13539e-06
3.13553e-06
3.13567e-06
3.13581e-06
3.13594e-06
3.13607e-06
3.1362e-06
3.13632e-06
3.13644e-06
3.13656e-06
3.13667e-06
3.13678e-06
3.13689e-06
3.137e-06
3.1371e-06
3.1372e-06
3.1373e-06
3.1374e-06
3.13749e-06
3.13759e-06
3.13768e-06
3.13777e-06
3.13786e-06
3.13794e-06
3.13803e-06
3.13811e-06
3.13819e-06
3.13827e-06
3.13835e-06
3.13843e-06
3.13851e-06
3.13858e-06
3.13866e-06
3.13873e-06
3.13881e-06
3.13888e-06
3.13895e-06
3.13902e-06
3.13909e-06
3.13916e-06
3.13923e-06
3.1393e-06
3.13937e-06
3.13944e-06
3.13951e-06
3.13957e-06
3.13964e-06
3.13971e-06
3.13977e-06
3.13984e-06
3.1399e-06
3.13997e-06
3.14003e-06
3.1401e-06
3.14016e-06
3.14022e-06
3.14029e-06
3.14035e-06
3.14042e-06
3.14048e-06
3.14054e-06
3.14061e-06
3.14067e-06
3.14073e-06
3.1408e-06
3.13327e-06
3.13338e-06
3.1335e-06
3.13362e-06
3.13376e-06
3.13391e-06
3.13406e-06
3.13421e-06
3.13436e-06
3.13451e-06
3.13466e-06
3.13481e-06
3.13495e-06
3.1351e-06
3.13523e-06
3.13537e-06
3.1355e-06
3.13563e-06
3.13576e-06
3.13588e-06
3.136e-06
3.13612e-06
3.13624e-06
3.13635e-06
3.13646e-06
3.13657e-06
3.13668e-06
3.13678e-06
3.13688e-06
3.13698e-06
3.13708e-06
3.13718e-06
3.13727e-06
3.13737e-06
3.13746e-06
3.13755e-06
3.13764e-06
3.13773e-06
3.13781e-06
3.1379e-06
3.13798e-06
3.13807e-06
3.13815e-06
3.13823e-06
3.13831e-06
3.13839e-06
3.13847e-06
3.13855e-06
3.13863e-06
3.13871e-06
3.13878e-06
3.13886e-06
3.13894e-06
3.13901e-06
3.13909e-06
3.13917e-06
3.13924e-06
3.13932e-06
3.1394e-06
3.13947e-06
3.13954e-06
3.13962e-06
3.13969e-06
3.13977e-06
3.13984e-06
3.13992e-06
3.13999e-06
3.14006e-06
3.14014e-06
3.14021e-06
3.14029e-06
3.14036e-06
3.14043e-06
3.14051e-06
3.14058e-06
3.14066e-06
3.14073e-06
3.13275e-06
3.13287e-06
3.13299e-06
3.13312e-06
3.13326e-06
3.13341e-06
3.13356e-06
3.13371e-06
3.13386e-06
3.13401e-06
3.13415e-06
3.13429e-06
3.13443e-06
3.13457e-06
3.13471e-06
3.13484e-06
3.13497e-06
3.13509e-06
3.13522e-06
3.13534e-06
3.13546e-06
3.13558e-06
3.13569e-06
3.13581e-06
3.13592e-06
3.13603e-06
3.13613e-06
3.13624e-06
3.13634e-06
3.13644e-06
3.13654e-06
3.13664e-06
3.13674e-06
3.13683e-06
3.13693e-06
3.13702e-06
3.13711e-06
3.1372e-06
3.13729e-06
3.13738e-06
3.13747e-06
3.13756e-06
3.13765e-06
3.13774e-06
3.13782e-06
3.13791e-06
3.138e-06
3.13808e-06
3.13817e-06
3.13825e-06
3.13834e-06
3.13842e-06
3.13851e-06
3.13859e-06
3.13868e-06
3.13876e-06
3.13885e-06
3.13893e-06
3.13902e-06
3.1391e-06
3.13919e-06
3.13927e-06
3.13936e-06
3.13944e-06
3.13953e-06
3.13962e-06
3.1397e-06
3.13979e-06
3.13987e-06
3.13996e-06
3.14004e-06
3.14013e-06
3.14022e-06
3.1403e-06
3.14039e-06
3.14048e-06
3.14057e-06
3.13216e-06
3.13228e-06
3.13241e-06
3.13255e-06
3.13269e-06
3.13283e-06
3.13298e-06
3.13312e-06
3.13327e-06
3.13341e-06
3.13355e-06
3.13368e-06
3.13382e-06
3.13395e-06
3.13408e-06
3.1342e-06
3.13433e-06
3.13445e-06
3.13457e-06
3.13468e-06
3.1348e-06
3.13491e-06
3.13502e-06
3.13513e-06
3.13524e-06
3.13535e-06
3.13545e-06
3.13555e-06
3.13565e-06
3.13575e-06
3.13585e-06
3.13595e-06
3.13605e-06
3.13615e-06
3.13624e-06
3.13634e-06
3.13643e-06
3.13652e-06
3.13662e-06
3.13671e-06
3.1368e-06
3.1369e-06
3.13699e-06
3.13708e-06
3.13717e-06
3.13726e-06
3.13736e-06
3.13745e-06
3.13754e-06
3.13763e-06
3.13772e-06
3.13782e-06
3.13791e-06
3.138e-06
3.1381e-06
3.13819e-06
3.13829e-06
3.13838e-06
3.13848e-06
3.13858e-06
3.13868e-06
3.13877e-06
3.13887e-06
3.13897e-06
3.13907e-06
3.13916e-06
3.13926e-06
3.13936e-06
3.13946e-06
3.13956e-06
3.13966e-06
3.13976e-06
3.13986e-06
3.13996e-06
3.14007e-06
3.14017e-06
3.14027e-06
3.13149e-06
3.13162e-06
3.13175e-06
3.13189e-06
3.13203e-06
3.13217e-06
3.13231e-06
3.13245e-06
3.13258e-06
3.13272e-06
3.13284e-06
3.13297e-06
3.13309e-06
3.13321e-06
3.13333e-06
3.13345e-06
3.13356e-06
3.13367e-06
3.13378e-06
3.13389e-06
3.134e-06
3.13411e-06
3.13421e-06
3.13431e-06
3.13441e-06
3.13451e-06
3.13461e-06
3.13471e-06
3.13481e-06
3.13491e-06
3.135e-06
3.1351e-06
3.13519e-06
3.13529e-06
3.13538e-06
3.13548e-06
3.13557e-06
3.13566e-06
3.13576e-06
3.13585e-06
3.13595e-06
3.13604e-06
3.13614e-06
3.13623e-06
3.13633e-06
3.13643e-06
3.13652e-06
3.13662e-06
3.13672e-06
3.13682e-06
3.13692e-06
3.13702e-06
3.13712e-06
3.13722e-06
3.13733e-06
3.13743e-06
3.13754e-06
3.13764e-06
3.13775e-06
3.13786e-06
3.13797e-06
3.13808e-06
3.13819e-06
3.1383e-06
3.13841e-06
3.13853e-06
3.13864e-06
3.13875e-06
3.13887e-06
3.13898e-06
3.1391e-06
3.13922e-06
3.13933e-06
3.13945e-06
3.13957e-06
3.13969e-06
3.13981e-06
3.13073e-06
3.13087e-06
3.131e-06
3.13113e-06
3.13127e-06
3.1314e-06
3.13154e-06
3.13167e-06
3.13179e-06
3.13191e-06
3.13203e-06
3.13214e-06
3.13225e-06
3.13236e-06
3.13246e-06
3.13256e-06
3.13266e-06
3.13276e-06
3.13286e-06
3.13296e-06
3.13305e-06
3.13315e-06
3.13324e-06
3.13333e-06
3.13342e-06
3.13351e-06
3.1336e-06
3.13369e-06
3.13378e-06
3.13387e-06
3.13396e-06
3.13405e-06
3.13414e-06
3.13423e-06
3.13432e-06
3.13441e-06
3.1345e-06
3.1346e-06
3.13469e-06
3.13478e-06
3.13488e-06
3.13497e-06
3.13507e-06
3.13517e-06
3.13526e-06
3.13536e-06
3.13546e-06
3.13556e-06
3.13567e-06
3.13577e-06
3.13588e-06
3.13598e-06
3.13609e-06
3.1362e-06
3.13632e-06
3.13643e-06
3.13654e-06
3.13666e-06
3.13678e-06
3.1369e-06
3.13702e-06
3.13715e-06
3.13727e-06
3.1374e-06
3.13752e-06
3.13765e-06
3.13778e-06
3.13791e-06
3.13804e-06
3.13817e-06
3.13831e-06
3.13844e-06
3.13858e-06
3.13872e-06
3.13885e-06
3.13899e-06
3.13914e-06
3.12987e-06
3.13001e-06
3.13014e-06
3.13027e-06
3.1304e-06
3.13053e-06
3.13065e-06
3.13077e-06
3.13087e-06
3.13098e-06
3.13108e-06
3.13118e-06
3.13127e-06
3.13136e-06
3.13144e-06
3.13153e-06
3.13161e-06
3.1317e-06
3.13178e-06
3.13186e-06
3.13194e-06
3.13201e-06
3.13209e-06
3.13217e-06
3.13225e-06
3.13233e-06
3.1324e-06
3.13248e-06
3.13256e-06
3.13264e-06
3.13272e-06
3.1328e-06
3.13288e-06
3.13296e-06
3.13304e-06
3.13313e-06
3.13321e-06
3.1333e-06
3.13338e-06
3.13347e-06
3.13356e-06
3.13366e-06
3.13375e-06
3.13384e-06
3.13394e-06
3.13404e-06
3.13414e-06
3.13424e-06
3.13435e-06
3.13446e-06
3.13457e-06
3.13468e-06
3.13479e-06
3.13491e-06
3.13503e-06
3.13515e-06
3.13527e-06
3.1354e-06
3.13552e-06
3.13566e-06
3.13579e-06
3.13593e-06
3.13607e-06
3.13621e-06
3.13635e-06
3.13649e-06
3.13664e-06
3.13678e-06
3.13693e-06
3.13708e-06
3.13724e-06
3.13739e-06
3.13755e-06
3.1377e-06
3.13786e-06
3.13802e-06
3.13819e-06
3.1289e-06
3.12903e-06
3.12916e-06
3.12929e-06
3.12941e-06
3.12952e-06
3.12963e-06
3.12973e-06
3.12982e-06
3.12991e-06
3.12999e-06
3.13006e-06
3.13014e-06
3.13021e-06
3.13027e-06
3.13034e-06
3.1304e-06
3.13046e-06
3.13052e-06
3.13058e-06
3.13064e-06
3.1307e-06
3.13076e-06
3.13082e-06
3.13088e-06
3.13094e-06
3.131e-06
3.13106e-06
3.13112e-06
3.13118e-06
3.13125e-06
3.13131e-06
3.13138e-06
3.13145e-06
3.13152e-06
3.13159e-06
3.13166e-06
3.13174e-06
3.13182e-06
3.1319e-06
3.13198e-06
3.13206e-06
3.13215e-06
3.13224e-06
3.13233e-06
3.13243e-06
3.13252e-06
3.13262e-06
3.13273e-06
3.13283e-06
3.13294e-06
3.13305e-06
3.13317e-06
3.13328e-06
3.13341e-06
3.13353e-06
3.13366e-06
3.13379e-06
3.13393e-06
3.13407e-06
3.13421e-06
3.13435e-06
3.1345e-06
3.13466e-06
3.13481e-06
3.13497e-06
3.13513e-06
3.1353e-06
3.13546e-06
3.13563e-06
3.1358e-06
3.13597e-06
3.13615e-06
3.13633e-06
3.13651e-06
3.1367e-06
3.13688e-06
3.12779e-06
3.12792e-06
3.12805e-06
3.12816e-06
3.12827e-06
3.12837e-06
3.12846e-06
3.12854e-06
3.12862e-06
3.12868e-06
3.12874e-06
3.12879e-06
3.12884e-06
3.12889e-06
3.12893e-06
3.12897e-06
3.12901e-06
3.12904e-06
3.12908e-06
3.12912e-06
3.12915e-06
3.12919e-06
3.12922e-06
3.12926e-06
3.12929e-06
3.12933e-06
3.12937e-06
3.12941e-06
3.12945e-06
3.1295e-06
3.12954e-06
3.12959e-06
3.12963e-06
3.12968e-06
3.12974e-06
3.12979e-06
3.12985e-06
3.12991e-06
3.12997e-06
3.13004e-06
3.1301e-06
3.13017e-06
3.13025e-06
3.13033e-06
3.13041e-06
3.13049e-06
3.13058e-06
3.13067e-06
3.13076e-06
3.13086e-06
3.13097e-06
3.13107e-06
3.13118e-06
3.1313e-06
3.13142e-06
3.13154e-06
3.13167e-06
3.13181e-06
3.13195e-06
3.13209e-06
3.13224e-06
3.13239e-06
3.13256e-06
3.13272e-06
3.13289e-06
3.13306e-06
3.13324e-06
3.13341e-06
3.13359e-06
3.13378e-06
3.13397e-06
3.13416e-06
3.13436e-06
3.13455e-06
3.13476e-06
3.13496e-06
3.13518e-06
3.12666e-06
3.12678e-06
3.12688e-06
3.12698e-06
3.12706e-06
3.12713e-06
3.12719e-06
3.12724e-06
3.12728e-06
3.12731e-06
3.12734e-06
3.12737e-06
3.12738e-06
3.1274e-06
3.12741e-06
3.12742e-06
3.12743e-06
3.12744e-06
3.12745e-06
3.12746e-06
3.12747e-06
3.12748e-06
3.12749e-06
3.1275e-06
3.12751e-06
3.12752e-06
3.12754e-06
3.12755e-06
3.12757e-06
3.12759e-06
3.12761e-06
3.12764e-06
3.12766e-06
3.12769e-06
3.12772e-06
3.12776e-06
3.12779e-06
3.12783e-06
3.12787e-06
3.12792e-06
3.12797e-06
3.12802e-06
3.12808e-06
3.12814e-06
3.12821e-06
3.12827e-06
3.12835e-06
3.12843e-06
3.12851e-06
3.1286e-06
3.12869e-06
3.12879e-06
3.12889e-06
3.129e-06
3.12911e-06
3.12924e-06
3.12936e-06
3.12949e-06
3.12963e-06
3.12978e-06
3.12993e-06
3.13009e-06
3.13026e-06
3.13043e-06
3.1306e-06
3.13078e-06
3.13097e-06
3.13116e-06
3.13136e-06
3.13156e-06
3.13177e-06
3.13198e-06
3.1322e-06
3.13243e-06
3.13266e-06
3.13289e-06
3.12523e-06
3.12533e-06
3.12542e-06
3.1255e-06
3.12556e-06
3.12561e-06
3.12564e-06
3.12567e-06
3.12569e-06
3.1257e-06
3.1257e-06
3.1257e-06
3.12569e-06
3.12568e-06
3.12567e-06
3.12565e-06
3.12563e-06
3.12561e-06
3.12559e-06
3.12557e-06
3.12555e-06
3.12553e-06
3.12552e-06
3.1255e-06
3.12548e-06
3.12546e-06
3.12545e-06
3.12544e-06
3.12542e-06
3.12541e-06
3.12541e-06
3.1254e-06
3.12539e-06
3.12539e-06
3.12539e-06
3.12539e-06
3.1254e-06
3.1254e-06
3.12541e-06
3.12543e-06
3.12545e-06
3.12547e-06
3.12549e-06
3.12552e-06
3.12556e-06
3.12559e-06
3.12564e-06
3.12568e-06
3.12574e-06
3.1258e-06
3.12586e-06
3.12593e-06
3.12601e-06
3.1261e-06
3.12619e-06
3.12629e-06
3.1264e-06
3.12651e-06
3.12664e-06
3.12677e-06
3.12691e-06
3.12706e-06
3.12723e-06
3.1274e-06
3.12758e-06
3.12776e-06
3.12795e-06
3.12814e-06
3.12834e-06
3.12855e-06
3.12877e-06
3.12899e-06
3.12922e-06
3.12946e-06
3.1297e-06
3.12995e-06
3.1236e-06
3.12368e-06
3.12375e-06
3.12381e-06
3.12385e-06
3.12388e-06
3.12389e-06
3.1239e-06
3.12389e-06
3.12388e-06
3.12386e-06
3.12383e-06
3.1238e-06
3.12376e-06
3.12372e-06
3.12368e-06
3.12364e-06
3.12359e-06
3.12355e-06
3.1235e-06
3.12345e-06
3.12341e-06
3.12336e-06
3.12331e-06
3.12327e-06
3.12322e-06
3.12317e-06
3.12313e-06
3.12308e-06
3.12303e-06
3.12299e-06
3.12295e-06
3.1229e-06
3.12286e-06
3.12282e-06
3.12278e-06
3.12274e-06
3.12271e-06
3.12267e-06
3.12264e-06
3.12261e-06
3.12258e-06
3.12256e-06
3.12254e-06
3.12252e-06
3.12251e-06
3.12251e-06
3.1225e-06
3.12251e-06
3.12252e-06
3.12253e-06
3.12256e-06
3.12258e-06
3.12262e-06
3.12266e-06
3.12271e-06
3.12277e-06
3.12283e-06
3.1229e-06
3.12298e-06
3.12307e-06
3.12317e-06
3.12327e-06
3.12339e-06
3.12352e-06
3.12365e-06
3.1238e-06
3.12396e-06
3.12413e-06
3.12432e-06
3.12451e-06
3.12472e-06
3.12494e-06
3.12517e-06
3.12542e-06
3.12568e-06
3.12174e-06
3.12181e-06
3.12186e-06
3.12189e-06
3.12191e-06
3.12192e-06
3.12192e-06
3.1219e-06
3.12188e-06
3.12185e-06
3.12181e-06
3.12176e-06
3.12171e-06
3.12166e-06
3.1216e-06
3.12154e-06
3.12147e-06
3.12141e-06
3.12134e-06
3.12128e-06
3.12121e-06
3.12114e-06
3.12106e-06
3.12099e-06
3.12092e-06
3.12084e-06
3.12076e-06
3.12068e-06
3.1206e-06
3.12052e-06
3.12044e-06
3.12035e-06
3.12026e-06
3.12017e-06
3.12009e-06
3.12e-06
3.11991e-06
3.11982e-06
3.11974e-06
3.11965e-06
3.11957e-06
3.11949e-06
3.11941e-06
3.11934e-06
3.11928e-06
3.11923e-06
3.11919e-06
3.11916e-06
3.11913e-06
3.11911e-06
3.1191e-06
3.1191e-06
3.1191e-06
3.11911e-06
3.11912e-06
3.11914e-06
3.11916e-06
3.11919e-06
3.11922e-06
3.11926e-06
3.11929e-06
3.11933e-06
3.11937e-06
3.11942e-06
3.11948e-06
3.11954e-06
3.11962e-06
3.11972e-06
3.11984e-06
3.11998e-06
3.12014e-06
3.12031e-06
3.12049e-06
3.12068e-06
3.12087e-06
3.12107e-06
3.11963e-06
3.11967e-06
3.1197e-06
3.11971e-06
3.11972e-06
3.11971e-06
3.1197e-06
3.11967e-06
3.11964e-06
3.1196e-06
3.11955e-06
3.1195e-06
3.11944e-06
3.11938e-06
3.11931e-06
3.11925e-06
3.11918e-06
3.11911e-06
3.11903e-06
3.11896e-06
3.11888e-06
3.11879e-06
3.11871e-06
3.11862e-06
3.11853e-06
3.11843e-06
3.11833e-06
3.11823e-06
3.11812e-06
3.11801e-06
3.11789e-06
3.11776e-06
3.11763e-06
3.1175e-06
3.11738e-06
3.11727e-06
3.11716e-06
3.11705e-06
3.11695e-06
3.11685e-06
3.11676e-06
3.1167e-06
3.11667e-06
3.11667e-06
3.11669e-06
3.11674e-06
3.11682e-06
3.11691e-06
3.11703e-06
3.11716e-06
3.11731e-06
3.11747e-06
3.11764e-06
3.11783e-06
3.11802e-06
3.11823e-06
3.11844e-06
3.11865e-06
3.11883e-06
3.11899e-06
3.11911e-06
3.11919e-06
3.11923e-06
3.11925e-06
3.11928e-06
3.1193e-06
3.11934e-06
3.11936e-06
3.11939e-06
3.1194e-06
3.11942e-06
3.11946e-06
3.11952e-06
3.11961e-06
3.11972e-06
3.11987e-06
3.11722e-06
3.11724e-06
3.11725e-06
3.11725e-06
3.11725e-06
3.11724e-06
3.11722e-06
3.1172e-06
3.11717e-06
3.11714e-06
3.1171e-06
3.11706e-06
3.11702e-06
3.11697e-06
3.11692e-06
3.11687e-06
3.11681e-06
3.11676e-06
3.1167e-06
3.11664e-06
3.11657e-06
3.11651e-06
3.11643e-06
3.11636e-06
3.11628e-06
3.11619e-06
3.1161e-06
3.116e-06
3.1159e-06
3.11579e-06
3.11566e-06
3.11551e-06
3.11539e-06
3.11533e-06
3.11534e-06
3.11537e-06
3.11542e-06
3.11547e-06
3.11553e-06
3.11558e-06
3.11565e-06
3.11574e-06
3.11587e-06
3.11602e-06
3.1162e-06
3.11639e-06
3.1166e-06
3.11682e-06
3.11705e-06
3.11729e-06
3.11754e-06
3.11781e-06
3.11808e-06
3.11837e-06
3.11867e-06
3.11899e-06
3.11932e-06
3.11966e-06
3.12002e-06
3.1204e-06
3.1208e-06
3.12124e-06
3.12164e-06
3.12233e-06
3.12306e-06
3.12379e-06
3.12453e-06
3.12526e-06
3.12596e-06
3.12661e-06
3.12721e-06
3.12775e-06
3.12824e-06
3.12867e-06
3.12904e-06
3.12937e-06
)
;

boundaryField
{
    walls
    {
        type            fixedValue;
        value           uniform 0;
    }
    frontAndBack
    {
        type            empty;
    }
    farfield
    {
        type            calculated;
        value           nonuniform List<scalar> 
76
(
3.11449e-06
3.11449e-06
3.11449e-06
3.11449e-06
3.11449e-06
3.11449e-06
3.11449e-06
3.11449e-06
3.11449e-06
3.11449e-06
3.11449e-06
3.11449e-06
3.11449e-06
3.11449e-06
3.11449e-06
3.11449e-06
3.11449e-06
3.11449e-06
3.11449e-06
3.11449e-06
3.11449e-06
3.11449e-06
3.11449e-06
3.11449e-06
3.11449e-06
3.11449e-06
3.11449e-06
3.11449e-06
3.11449e-06
3.11449e-06
3.11449e-06
3.11449e-06
3.11449e-06
3.11449e-06
3.11449e-06
3.11449e-06
3.11449e-06
3.11449e-06
3.11449e-06
3.11449e-06
3.11449e-06
3.11449e-06
3.11449e-06
3.11449e-06
3.11449e-06
3.11449e-06
3.11449e-06
3.11449e-06
3.11449e-06
3.11449e-06
3.11449e-06
3.11449e-06
3.11449e-06
3.11449e-06
3.11449e-06
3.11449e-06
3.11449e-06
3.11449e-06
3.11449e-06
3.11449e-06
3.11449e-06
3.11449e-06
3.11449e-06
3.11449e-06
3.12306e-06
3.12379e-06
3.12453e-06
3.12526e-06
3.12596e-06
3.12661e-06
3.12721e-06
3.12775e-06
3.12824e-06
3.12867e-06
3.12904e-06
3.12937e-06
)
;
    }
    procBoundary0to1
    {
        type            processor;
        value           nonuniform List<scalar> 
101
(
1.87977e-12
1.81571e-10
1.79543e-09
8.98212e-09
3.22559e-08
9.52179e-08
2.46907e-07
5.8357e-07
1.28534e-06
2.67489e-06
5.30234e-06
1.00314e-05
1.80094e-05
3.14994e-05
3.14994e-05
4.93018e-05
7.20631e-05
9.91428e-05
0.000129827
0.000163732
0.000200962
0.000242062
0.000287906
0.000339605
0.000398454
0.000465913
0.000543613
0.000640085
0.000640085
0.000744662
0.00086539
0.00100442
0.00116382
0.00134543
0.0015506
0.00177995
0.00203313
0.0023088
0.00260464
0.00291751
0.0032435
0.0035778
0.00391432
0.00424522
0.00456029
0.00484626
0.00508602
0.00525761
0.00533311
0.00527736
0.00504687
0.0045899
0.00385125
0.00279681
0.00155721
0.000614709
0.000178767
2.54521e-05
5.60509e-06
3.53843e-06
3.21782e-06
3.16252e-06
3.15213e-06
3.14944e-06
3.1479e-06
3.14624e-06
3.14435e-06
3.14252e-06
3.14105e-06
3.14004e-06
3.13943e-06
3.13909e-06
3.13893e-06
3.13889e-06
3.13891e-06
3.13899e-06
3.1391e-06
3.13924e-06
3.13941e-06
3.13961e-06
3.13984e-06
3.14009e-06
3.14034e-06
3.14056e-06
3.14073e-06
3.14083e-06
3.14086e-06
3.14081e-06
3.14066e-06
3.14038e-06
3.13994e-06
3.13928e-06
3.13835e-06
3.13707e-06
3.13539e-06
3.13313e-06
3.13021e-06
3.12595e-06
3.12128e-06
3.12003e-06
3.12965e-06
)
;
    }
    procBoundary0to2
    {
        type            processor;
        value           nonuniform List<scalar> 
113
(
3.87103e-10
3.06157e-08
2.22825e-07
7.55441e-07
1.71213e-06
2.98957e-06
4.31264e-06
5.33563e-06
5.76575e-06
1.42891e-05
1.42891e-05
2.61834e-05
2.61834e-05
5.76478e-05
5.76478e-05
5.49424e-05
4.78576e-05
3.69634e-05
2.42496e-05
1.29366e-05
5.61265e-06
2.73321e-06
1.82979e-06
1.69194e-06
1.86111e-06
2.14129e-06
2.42821e-06
2.66245e-06
2.81755e-06
2.92066e-06
3.07569e-06
3.05505e-06
2.98294e-06
2.98294e-06
3.04881e-06
3.12448e-06
3.1631e-06
3.18119e-06
3.19666e-06
3.20664e-06
3.21019e-06
3.20858e-06
3.20462e-06
3.20114e-06
3.20105e-06
3.19909e-06
3.16059e-06
3.15789e-06
3.15939e-06
3.16353e-06
3.17042e-06
3.18215e-06
3.18215e-06
3.16843e-06
3.16475e-06
3.16081e-06
3.15677e-06
3.15282e-06
3.14929e-06
3.14747e-06
3.14747e-06
3.15313e-06
3.14926e-06
3.14668e-06
3.14668e-06
3.15971e-06
3.15638e-06
3.15386e-06
3.15167e-06
3.14979e-06
3.14814e-06
3.14663e-06
3.14518e-06
3.14379e-06
3.14244e-06
3.14117e-06
3.13998e-06
3.13891e-06
3.138e-06
3.13726e-06
3.1367e-06
3.13633e-06
3.13633e-06
3.13611e-06
3.13605e-06
3.13605e-06
3.13605e-06
3.13602e-06
3.13595e-06
3.13585e-06
3.13571e-06
3.13555e-06
3.13534e-06
3.1351e-06
3.13482e-06
3.13449e-06
3.13412e-06
3.1337e-06
3.13322e-06
3.13268e-06
3.13207e-06
3.13138e-06
3.13061e-06
3.12975e-06
3.12877e-06
3.12766e-06
3.12654e-06
3.12654e-06
3.12512e-06
3.1235e-06
3.12166e-06
3.11957e-06
3.11719e-06
)
;
    }
}


// ************************************************************************* //
