/*--------------------------------*- C++ -*----------------------------------*\
| =========                 |                                                 |
| \\      /  F ield         | OpenFOAM: The Open Source CFD Toolbox           |
|  \\    /   O peration     | Version:  2412                                  |
|   \\  /    A nd           | Website:  www.openfoam.com                      |
|    \\/     M anipulation  |                                                 |
\*---------------------------------------------------------------------------*/
FoamFile
{
    version     2.0;
    format      ascii;
    arch        "LSB;label=32;scalar=64";
    class       volScalarField;
    location    "340";
    object      nut;
}
// * * * * * * * * * * * * * * * * * * * * * * * * * * * * * * * * * * * * * //

dimensions      [0 2 -1 0 0 0 0];

internalField   nonuniform List<scalar> 
7373
(
1.11413e-11
1.11554e-11
1.11696e-11
1.11831e-11
1.1195e-11
1.12059e-11
1.12162e-11
1.12256e-11
1.12345e-11
1.1243e-11
1.12499e-11
1.12553e-11
1.12593e-11
1.1263e-11
1.12651e-11
1.12644e-11
1.12618e-11
1.12576e-11
1.12512e-11
1.12419e-11
1.12292e-11
1.12131e-11
1.11932e-11
1.1169e-11
1.11401e-11
1.11063e-11
1.10658e-11
1.10186e-11
1.0965e-11
1.09025e-11
1.08315e-11
1.07507e-11
1.06583e-11
1.05543e-11
1.04377e-11
1.0306e-11
1.01581e-11
9.99283e-12
9.80799e-12
9.60121e-12
9.3704e-12
9.11338e-12
8.82812e-12
8.51222e-12
8.16361e-12
7.78016e-12
7.36199e-12
6.91044e-12
6.42797e-12
5.92198e-12
5.40213e-12
4.88216e-12
4.37839e-12
3.90013e-12
3.44654e-12
3.00126e-12
2.53014e-12
1.99218e-12
1.36043e-12
6.78127e-13
1.54961e-13
3.52164e-15
7.84456e-14
1.74715e-12
1.28197e-11
5.34189e-11
1.72048e-10
3.8551e-10
1.07088e-09
1.07229e-09
1.07363e-09
1.07489e-09
1.07606e-09
1.07711e-09
1.07806e-09
1.07893e-09
1.07976e-09
1.0805e-09
1.08107e-09
1.08153e-09
1.08188e-09
1.08213e-09
1.08218e-09
1.082e-09
1.08166e-09
1.08115e-09
1.08041e-09
1.07939e-09
1.07807e-09
1.07644e-09
1.07445e-09
1.07203e-09
1.06918e-09
1.06586e-09
1.06189e-09
1.05729e-09
1.05204e-09
1.04594e-09
1.03902e-09
1.03117e-09
1.02221e-09
1.0121e-09
1.00077e-09
9.88e-10
9.73665e-10
9.5763e-10
9.39696e-10
9.19642e-10
8.97286e-10
8.72402e-10
8.44777e-10
8.14182e-10
7.8043e-10
7.43351e-10
7.02935e-10
6.5931e-10
6.12719e-10
5.63881e-10
5.13715e-10
4.63523e-10
4.14858e-10
3.68623e-10
3.24736e-10
2.81664e-10
2.36264e-10
1.84827e-10
1.25143e-10
6.17562e-11
1.40607e-11
3.31663e-13
7.06473e-12
1.49022e-10
1.05587e-09
4.30091e-09
1.3461e-08
3.04914e-08
1.04888e-08
1.05028e-08
1.05158e-08
1.0528e-08
1.05393e-08
1.05495e-08
1.05586e-08
1.05669e-08
1.05745e-08
1.05808e-08
1.05857e-08
1.05893e-08
1.05916e-08
1.05929e-08
1.0592e-08
1.05891e-08
1.05845e-08
1.05781e-08
1.05695e-08
1.0558e-08
1.05438e-08
1.05268e-08
1.05061e-08
1.04812e-08
1.04522e-08
1.04185e-08
1.03788e-08
1.03326e-08
1.02798e-08
1.0219e-08
1.015e-08
1.00716e-08
9.98238e-09
9.8818e-09
9.7689e-09
9.64176e-09
9.49922e-09
9.3397e-09
9.16143e-09
8.96228e-09
8.74033e-09
8.4934e-09
8.21923e-09
7.91568e-09
7.58118e-09
7.21384e-09
6.81391e-09
6.38225e-09
5.92179e-09
5.43943e-09
4.9437e-09
4.44758e-09
3.96599e-09
3.50762e-09
3.07192e-09
2.6448e-09
2.19772e-09
1.69863e-09
1.13251e-09
5.49452e-10
1.24563e-10
3.13034e-12
6.20726e-11
1.20747e-09
8.13615e-09
3.1996e-08
9.59628e-08
2.2194e-07
5.1715e-08
5.17846e-08
5.18492e-08
5.19095e-08
5.19641e-08
5.20134e-08
5.20569e-08
5.20962e-08
5.2131e-08
5.21586e-08
5.21788e-08
5.21913e-08
5.21978e-08
5.2198e-08
5.21877e-08
5.21668e-08
5.21371e-08
5.20991e-08
5.20498e-08
5.19861e-08
5.19092e-08
5.1819e-08
5.17112e-08
5.15827e-08
5.14335e-08
5.12613e-08
5.10598e-08
5.08265e-08
5.05601e-08
5.02545e-08
4.99061e-08
4.95108e-08
4.90621e-08
4.85568e-08
4.79883e-08
4.73497e-08
4.66329e-08
4.58322e-08
4.49367e-08
4.39374e-08
4.28236e-08
4.1585e-08
4.02105e-08
3.86902e-08
3.70143e-08
3.51768e-08
3.31769e-08
3.10196e-08
2.87204e-08
2.63115e-08
2.38357e-08
2.13568e-08
1.89456e-08
1.66458e-08
1.44567e-08
1.2316e-08
1.00994e-08
7.67651e-09
5.01373e-09
2.38046e-09
5.37361e-10
1.46605e-11
2.65663e-10
4.70179e-09
2.99267e-08
1.12921e-07
3.21293e-07
7.52554e-07
1.81911e-07
1.82158e-07
1.82385e-07
1.82594e-07
1.82784e-07
1.82954e-07
1.83103e-07
1.83235e-07
1.83349e-07
1.83437e-07
1.83496e-07
1.83526e-07
1.83534e-07
1.83518e-07
1.83465e-07
1.83373e-07
1.83249e-07
1.83095e-07
1.82901e-07
1.82656e-07
1.82366e-07
1.82029e-07
1.8163e-07
1.81159e-07
1.80614e-07
1.79988e-07
1.7926e-07
1.78417e-07
1.77457e-07
1.76355e-07
1.75099e-07
1.73675e-07
1.72062e-07
1.70244e-07
1.682e-07
1.65902e-07
1.63328e-07
1.60449e-07
1.57232e-07
1.53642e-07
1.49642e-07
1.45196e-07
1.40265e-07
1.34811e-07
1.28806e-07
1.22225e-07
1.15067e-07
1.0735e-07
9.91308e-08
9.0519e-08
8.16658e-08
7.27925e-08
6.41434e-08
5.58762e-08
4.80027e-08
4.03432e-08
3.25327e-08
2.42258e-08
1.54428e-08
7.15705e-09
1.60983e-09
4.83865e-11
7.90089e-10
1.26065e-08
7.53733e-08
2.71247e-07
7.25646e-07
1.70593e-06
5.21916e-07
5.22619e-07
5.23261e-07
5.23853e-07
5.24388e-07
5.24867e-07
5.25285e-07
5.25652e-07
5.25964e-07
5.26201e-07
5.26352e-07
5.26417e-07
5.26417e-07
5.26347e-07
5.26171e-07
5.25879e-07
5.25494e-07
5.25022e-07
5.24426e-07
5.23687e-07
5.22818e-07
5.2181e-07
5.20621e-07
5.19222e-07
5.17606e-07
5.15754e-07
5.136e-07
5.11113e-07
5.08279e-07
5.05033e-07
5.01334e-07
4.97141e-07
4.92395e-07
4.87043e-07
4.81026e-07
4.7427e-07
4.667e-07
4.58232e-07
4.48773e-07
4.38218e-07
4.26463e-07
4.134e-07
3.98919e-07
3.82911e-07
3.65297e-07
3.46011e-07
3.25047e-07
3.02465e-07
2.78422e-07
2.5323e-07
2.27322e-07
2.01331e-07
1.75945e-07
1.5165e-07
1.28548e-07
1.06273e-07
8.40195e-08
6.11188e-08
3.79377e-08
1.71431e-08
3.84628e-09
1.2898e-10
1.87559e-09
2.67538e-08
1.49329e-07
5.09269e-07
1.26978e-06
2.97946e-06
1.30292e-06
1.30463e-06
1.30619e-06
1.30764e-06
1.30894e-06
1.31011e-06
1.31113e-06
1.31204e-06
1.3128e-06
1.31339e-06
1.31376e-06
1.31393e-06
1.31394e-06
1.31376e-06
1.31333e-06
1.31261e-06
1.31165e-06
1.31046e-06
1.30895e-06
1.30708e-06
1.30486e-06
1.30228e-06
1.29922e-06
1.29562e-06
1.29145e-06
1.28668e-06
1.28112e-06
1.27471e-06
1.2674e-06
1.25904e-06
1.24951e-06
1.23872e-06
1.2265e-06
1.21274e-06
1.19726e-06
1.17989e-06
1.16042e-06
1.13865e-06
1.11433e-06
1.08721e-06
1.05701e-06
1.02347e-06
9.86316e-07
9.45282e-07
9.00171e-07
8.50834e-07
7.97256e-07
7.39593e-07
6.7825e-07
6.13987e-07
5.47901e-07
4.81558e-07
4.16689e-07
3.54639e-07
2.95919e-07
2.40056e-07
1.85638e-07
1.31663e-07
7.94791e-08
3.50028e-08
7.8441e-09
2.96987e-10
3.80525e-09
4.80723e-08
2.48638e-07
7.9803e-07
1.83899e-06
4.29914e-06
2.93141e-06
2.9351e-06
2.93848e-06
2.94161e-06
2.94444e-06
2.94698e-06
2.94924e-06
2.95124e-06
2.95295e-06
2.95428e-06
2.95516e-06
2.95561e-06
2.95571e-06
2.95542e-06
2.95452e-06
2.95299e-06
2.95094e-06
2.94832e-06
2.94493e-06
2.9407e-06
2.93564e-06
2.92968e-06
2.92259e-06
2.9142e-06
2.90446e-06
2.89326e-06
2.88023e-06
2.86522e-06
2.84812e-06
2.82855e-06
2.80625e-06
2.78101e-06
2.75247e-06
2.72031e-06
2.68416e-06
2.6436e-06
2.59816e-06
2.54736e-06
2.49066e-06
2.42745e-06
2.35714e-06
2.27913e-06
2.1928e-06
2.09762e-06
1.99315e-06
1.8791e-06
1.75547e-06
1.62263e-06
1.48153e-06
1.33385e-06
1.1821e-06
1.02982e-06
8.81021e-07
7.39138e-07
6.05994e-07
4.81523e-07
3.63673e-07
2.51196e-07
1.47356e-07
6.32367e-08
1.41791e-08
6.13593e-10
6.85658e-09
7.58669e-08
3.60435e-07
1.08037e-06
2.30197e-06
5.32028e-06
6.05669e-06
6.06383e-06
6.07041e-06
6.07652e-06
6.08203e-06
6.08697e-06
6.0914e-06
6.09536e-06
6.09877e-06
6.10142e-06
6.10318e-06
6.10413e-06
6.10437e-06
6.10379e-06
6.10198e-06
6.09886e-06
6.09463e-06
6.08911e-06
6.08194e-06
6.07293e-06
6.0621e-06
6.04922e-06
6.03382e-06
6.01555e-06
5.99436e-06
5.96993e-06
5.94152e-06
5.90887e-06
5.87168e-06
5.82912e-06
5.78073e-06
5.726e-06
5.66416e-06
5.59453e-06
5.51631e-06
5.42861e-06
5.33043e-06
5.22078e-06
5.09851e-06
4.96239e-06
4.81123e-06
4.64383e-06
4.459e-06
4.25574e-06
4.03329e-06
3.79115e-06
3.52945e-06
3.24904e-06
2.95195e-06
2.64168e-06
2.32348e-06
2.00475e-06
1.69407e-06
1.39952e-06
1.12619e-06
8.75662e-07
6.45353e-07
4.33785e-07
2.47116e-07
1.03317e-07
2.32336e-08
1.16462e-09
1.12362e-08
1.07459e-07
4.64153e-07
1.28728e-06
2.54655e-06
5.75066e-06
1.15619e-05
1.15743e-05
1.15856e-05
1.15962e-05
1.16056e-05
1.16141e-05
1.16216e-05
1.16283e-05
1.16339e-05
1.16382e-05
1.16408e-05
1.16419e-05
1.16416e-05
1.16398e-05
1.16355e-05
1.16288e-05
1.16198e-05
1.16082e-05
1.15933e-05
1.15748e-05
1.15525e-05
1.15259e-05
1.14943e-05
1.14568e-05
1.14135e-05
1.13637e-05
1.13058e-05
1.12396e-05
1.11642e-05
1.10781e-05
1.09804e-05
1.087e-05
1.07455e-05
1.06055e-05
1.04484e-05
1.02725e-05
1.00758e-05
9.85649e-06
9.61232e-06
9.34112e-06
9.0407e-06
8.70893e-06
8.34383e-06
7.94379e-06
7.50762e-06
7.03477e-06
6.52567e-06
5.98216e-06
5.40821e-06
4.81044e-06
4.19899e-06
3.58803e-06
2.99456e-06
2.43565e-06
1.92316e-06
1.46265e-06
1.05128e-06
6.87113e-07
3.79779e-07
1.5465e-07
3.4997e-08
2.06288e-09
1.70151e-08
1.38503e-07
5.37477e-07
1.36233e-06
2.51725e-06
5.45407e-06
1.4239e-05
2.03512e-05
2.03699e-05
2.03871e-05
2.04028e-05
2.04167e-05
2.04288e-05
2.04394e-05
2.04485e-05
2.04557e-05
2.04605e-05
2.04625e-05
2.04618e-05
2.04587e-05
2.04526e-05
2.04422e-05
2.04274e-05
2.04085e-05
2.03847e-05
2.03548e-05
2.03183e-05
2.02749e-05
2.02236e-05
2.01628e-05
2.00915e-05
2.00093e-05
1.99152e-05
1.98065e-05
1.96824e-05
1.95416e-05
1.93813e-05
1.91998e-05
1.89952e-05
1.87649e-05
1.85062e-05
1.82166e-05
1.78927e-05
1.75313e-05
1.7129e-05
1.66822e-05
1.61872e-05
1.56405e-05
1.50387e-05
1.43788e-05
1.36586e-05
1.28765e-05
1.20321e-05
1.11263e-05
1.01625e-05
9.14765e-06
8.09295e-06
7.01607e-06
5.94191e-06
4.90131e-06
3.92688e-06
3.04298e-06
2.26319e-06
1.58527e-06
1.00633e-06
5.3893e-07
2.13689e-07
4.89057e-08
3.44866e-09
2.40923e-08
1.64085e-07
5.64391e-07
1.28477e-06
2.2355e-06
4.5153e-06
1.29226e-05
2.61063e-05
3.30084e-05
3.30329e-05
3.30551e-05
3.30751e-05
3.30921e-05
3.31063e-05
3.31179e-05
3.31271e-05
3.31333e-05
3.31354e-05
3.3133e-05
3.31261e-05
3.31151e-05
3.30992e-05
3.30762e-05
3.3046e-05
3.30088e-05
3.29632e-05
3.29076e-05
3.28411e-05
3.27629e-05
3.26713e-05
3.25641e-05
3.24395e-05
3.22967e-05
3.21337e-05
3.19468e-05
3.17344e-05
3.1494e-05
3.12212e-05
3.09134e-05
3.05672e-05
3.01784e-05
2.97426e-05
2.92554e-05
2.87118e-05
2.81064e-05
2.74339e-05
2.66887e-05
2.58652e-05
2.49582e-05
2.39629e-05
2.28752e-05
2.1692e-05
2.04116e-05
1.90334e-05
1.75591e-05
1.59939e-05
1.43483e-05
1.26394e-05
1.0895e-05
9.15498e-06
7.47093e-06
5.90004e-06
4.48759e-06
3.26209e-06
2.22402e-06
1.3687e-06
7.08855e-07
2.73675e-07
6.38156e-08
5.48996e-09
3.22185e-08
1.80358e-07
5.4178e-07
1.09195e-06
1.78819e-06
3.23222e-06
1.00243e-05
2.23681e-05
5.76004e-05
4.95916e-05
4.9619e-05
4.96436e-05
4.96646e-05
4.96813e-05
4.96938e-05
4.97023e-05
4.97069e-05
4.9707e-05
4.97009e-05
4.96881e-05
4.96683e-05
4.9642e-05
4.9608e-05
4.95634e-05
4.95079e-05
4.94415e-05
4.93619e-05
4.92673e-05
4.91561e-05
4.9027e-05
4.88771e-05
4.87035e-05
4.85035e-05
4.82758e-05
4.80172e-05
4.77223e-05
4.73888e-05
4.70124e-05
4.6587e-05
4.61083e-05
4.55714e-05
4.49698e-05
4.42971e-05
4.35465e-05
4.27105e-05
4.17814e-05
4.07515e-05
3.96125e-05
3.83568e-05
3.6977e-05
3.54665e-05
3.382e-05
3.20335e-05
3.01046e-05
2.80327e-05
2.58196e-05
2.3472e-05
2.10038e-05
1.84389e-05
1.58174e-05
1.31986e-05
1.06622e-05
8.30165e-06
6.19478e-06
4.39531e-06
2.91037e-06
1.73162e-06
8.65175e-07
3.25505e-07
7.81902e-08
8.38836e-09
4.10973e-08
1.86034e-07
4.80903e-07
8.52305e-07
1.29577e-06
1.99291e-06
6.41165e-06
1.63994e-05
5.4918e-05
6.96717e-05
6.96973e-05
6.97194e-05
6.97364e-05
6.97475e-05
6.97528e-05
6.97521e-05
6.97457e-05
6.97327e-05
6.97111e-05
6.96799e-05
6.96387e-05
6.95879e-05
6.9526e-05
6.94491e-05
6.93568e-05
6.92487e-05
6.91215e-05
6.89733e-05
6.88017e-05
6.86043e-05
6.83773e-05
6.8117e-05
6.78195e-05
6.74826e-05
6.7102e-05
6.66706e-05
6.61845e-05
6.5638e-05
6.50224e-05
6.4332e-05
6.35597e-05
6.26964e-05
6.17332e-05
6.06608e-05
5.94688e-05
5.81468e-05
5.66839e-05
5.50693e-05
5.32925e-05
5.13438e-05
4.92145e-05
4.68975e-05
4.43874e-05
4.16807e-05
3.87756e-05
3.56734e-05
3.23814e-05
2.89162e-05
2.53084e-05
2.16121e-05
1.79103e-05
1.43202e-05
1.09845e-05
8.02904e-06
5.54612e-06
3.55434e-06
2.03679e-06
9.79119e-07
3.59936e-07
9.05245e-08
1.24046e-08
5.05608e-08
1.82979e-07
4.02416e-07
6.29107e-07
8.68905e-07
1.08921e-06
3.40609e-06
1.00938e-05
4.78561e-05
9.25603e-05
9.25782e-05
9.25918e-05
9.25986e-05
9.25976e-05
9.25885e-05
9.25715e-05
9.25463e-05
9.25121e-05
9.24663e-05
9.24075e-05
9.23352e-05
9.22495e-05
9.21485e-05
9.20275e-05
9.1886e-05
9.17226e-05
9.15335e-05
9.13162e-05
9.10678e-05
9.07843e-05
9.04614e-05
9.0094e-05
8.96772e-05
8.92077e-05
8.868e-05
8.80849e-05
8.74173e-05
8.66692e-05
8.58298e-05
8.48915e-05
8.38447e-05
8.26779e-05
8.13792e-05
7.99365e-05
7.83365e-05
7.65655e-05
7.46096e-05
7.24547e-05
7.00876e-05
6.74956e-05
6.46673e-05
6.15933e-05
5.82659e-05
5.46795e-05
5.083e-05
4.67164e-05
4.2345e-05
3.7734e-05
3.29204e-05
2.79737e-05
2.30059e-05
1.81825e-05
1.37124e-05
9.78738e-06
6.55403e-06
4.04485e-06
2.22182e-06
1.02544e-06
3.70654e-07
9.98982e-08
1.79466e-08
6.07944e-08
1.75594e-07
3.27789e-07
4.60623e-07
5.68508e-07
6.7569e-07
1.70087e-06
5.24228e-06
3.69812e-05
0.000117585
0.000117588
0.000117587
0.000117576
0.000117555
0.000117524
0.000117482
0.00011743
0.000117365
0.000117285
0.000117188
0.000117074
0.000116941
0.000116789
0.00011661
0.000116405
0.000116172
0.000115905
0.000115601
0.000115258
0.000114869
0.00011443
0.000113933
0.000113374
0.000112748
0.000112046
0.00011126
0.000110381
0.0001094
0.000108304
0.000107083
0.000105725
0.000104215
0.00010254
0.000100683
9.86299e-05
9.63622e-05
9.38631e-05
9.11154e-05
8.81024e-05
8.48084e-05
8.12188e-05
7.73208e-05
7.31038e-05
6.85584e-05
6.36766e-05
5.84532e-05
5.28913e-05
4.70091e-05
4.08495e-05
3.44996e-05
2.81078e-05
2.19022e-05
1.61797e-05
1.12198e-05
7.23769e-06
4.2729e-06
2.23841e-06
9.91886e-07
3.57012e-07
1.06443e-07
2.59685e-08
7.26475e-08
1.6954e-07
2.72995e-07
3.63825e-07
4.46127e-07
5.20158e-07
1.02196e-06
2.59941e-06
2.42783e-05
0.000144271
0.000144253
0.000144228
0.000144192
0.000144142
0.00014408
0.000144003
0.000143912
0.000143806
0.00014368
0.000143533
0.000143363
0.00014317
0.00014295
0.000142699
0.000142413
0.000142091
0.000141727
0.000141317
0.000140857
0.00014034
0.000139759
0.000139108
0.000138379
0.000137566
0.000136661
0.00013565
0.000134526
0.000133276
0.000131885
0.000130341
0.00012863
0.000126735
0.000124639
0.000122323
0.000119768
0.000116955
0.000113862
0.00011047
0.000106759
0.000102708
9.83003e-05
9.35188e-05
8.83484e-05
8.27748e-05
7.67839e-05
7.03643e-05
6.35136e-05
5.62479e-05
4.86161e-05
4.07268e-05
3.27759e-05
2.50758e-05
1.80408e-05
1.20632e-05
7.43167e-06
4.16394e-06
2.07231e-06
8.86137e-07
3.24824e-07
1.11525e-07
4.02357e-08
8.87823e-08
1.71816e-07
2.62438e-07
3.56055e-07
4.39912e-07
5.08567e-07
8.4688e-07
1.48972e-06
1.29629e-05
0.00017239
0.00017234
0.000172282
0.00017221
0.000172121
0.000172016
0.000171892
0.00017175
0.000171588
0.000171402
0.000171188
0.000170946
0.000170674
0.000170369
0.000170024
0.000169636
0.000169203
0.000168717
0.000168175
0.00016757
0.000166895
0.000166142
0.000165303
0.000164369
0.000163333
0.000162184
0.000160909
0.000159496
0.000157932
0.000156199
0.000154284
0.000152169
0.000149835
0.000147263
0.000144431
0.000141318
0.0001379
0.000134155
0.000130058
0.000125586
0.000120716
0.000115427
0.000109696
0.000103503
9.68282e-05
8.96485e-05
8.19441e-05
7.37046e-05
6.49428e-05
5.57142e-05
4.61569e-05
3.6533e-05
2.72725e-05
1.89487e-05
1.20896e-05
7.03565e-06
3.71234e-06
1.75604e-06
7.35181e-07
2.84443e-07
1.1765e-07
6.48488e-08
1.21164e-07
2.05342e-07
3.03274e-07
4.15507e-07
5.15409e-07
5.93961e-07
8.90953e-07
1.12527e-06
5.62648e-06
0.00020191
0.000201817
0.000201714
0.000201593
0.000201451
0.000201287
0.000201101
0.000200891
0.000200655
0.000200389
0.000200089
0.000199753
0.000199379
0.000198964
0.000198499
0.000197982
0.000197407
0.000196768
0.000196061
0.000195276
0.000194406
0.00019344
0.000192371
0.000191188
0.000189881
0.00018844
0.000186847
0.000185092
0.000183156
0.000181021
0.000178672
0.000176088
0.000173249
0.000170131
0.000166713
0.000162969
0.000158873
0.000154399
0.00014952
0.000144211
0.000138444
0.000132192
0.00012543
0.000118131
0.000110265
0.000101801
9.27079e-05
8.29649e-05
7.25804e-05
6.16213e-05
5.02688e-05
3.88841e-05
2.80684e-05
1.86095e-05
1.11733e-05
6.06882e-06
3.0023e-06
1.36348e-06
5.75593e-07
2.47184e-07
1.3e-07
1.05848e-07
1.76864e-07
2.74417e-07
3.93406e-07
5.35052e-07
6.5917e-07
7.57045e-07
1.06257e-06
1.13397e-06
2.73975e-06
0.000232923
0.000232772
0.000232608
0.000232421
0.000232207
0.000231967
0.000231697
0.000231398
0.000231065
0.000230695
0.000230282
0.000229824
0.000229319
0.000228762
0.000228145
0.000227462
0.000226709
0.000225877
0.000224961
0.000223952
0.000222839
0.000221611
0.000220259
0.000218771
0.000217135
0.000215339
0.000213365
0.000211199
0.000208821
0.00020621
0.000203349
0.000200217
0.00019679
0.000193042
0.000188948
0.000184482
0.000179615
0.000174319
0.000168562
0.000162317
0.000155553
0.000148238
0.00014034
0.000131826
0.000122657
0.000112789
0.000102178
9.0791e-05
7.86337e-05
6.57933e-05
5.2522e-05
3.93383e-05
2.70994e-05
1.6867e-05
9.37467e-06
4.7055e-06
2.19291e-06
9.82666e-07
4.3965e-07
2.23534e-07
1.64674e-07
1.70853e-07
2.64134e-07
3.85173e-07
5.34872e-07
7.10866e-07
8.60959e-07
9.83776e-07
1.32138e-06
1.38671e-06
1.8326e-06
0.000266325
0.000266285
0.000266221
0.000266146
0.000266057
0.000265955
0.000265841
0.000265714
0.000265574
0.000265344
0.000265099
0.000264823
0.000264515
0.000264172
0.000263794
0.000263377
0.000262918
0.000262412
0.000261854
0.000261239
0.000260565
0.000259827
0.000259015
0.000258124
0.000257145
0.00025607
0.000254895
0.000253606
0.000252192
0.000250641
0.000248941
0.00024708
0.000245044
0.00024282
0.000240386
0.000237727
0.000234821
0.000231646
0.000228182
0.000224405
0.000220289
0.000215808
0.000210934
0.000205637
0.000199887
0.000193652
0.000186901
0.0001796
0.000171715
0.00016321
0.000154048
0.000144184
0.00013357
0.000122148
0.000109857
9.66519e-05
8.25411e-05
6.76531e-05
5.23653e-05
3.74571e-05
2.41638e-05
1.38294e-05
7.00603e-06
3.24706e-06
1.4581e-06
6.80951e-07
3.48796e-07
2.41203e-07
2.28055e-07
2.68424e-07
3.91021e-07
5.42534e-07
7.26877e-07
9.34938e-07
1.10656e-06
1.25694e-06
1.6341e-06
1.72813e-06
1.69307e-06
0.00030131
0.000301216
0.000301093
0.000300955
0.000300799
0.000300626
0.000300436
0.000300231
0.000300003
0.000299671
0.000299317
0.000298925
0.000298493
0.000298018
0.000297497
0.000296927
0.000296306
0.000295625
0.00029488
0.000294065
0.000293177
0.000292209
0.000291152
0.000289997
0.000288736
0.000287359
0.000285861
0.000284226
0.000282441
0.000280493
0.000278369
0.000276055
0.000273535
0.000270793
0.000267808
0.00026456
0.000261025
0.000257181
0.000253005
0.000248472
0.000243551
0.000238216
0.000232436
0.00022618
0.000219414
0.000212106
0.00020422
0.00019572
0.000186568
0.000176723
0.000166138
0.000154761
0.000142529
0.000129366
0.000115195
9.99595e-05
8.3685e-05
6.65876e-05
4.92774e-05
3.29722e-05
1.94063e-05
9.99624e-06
4.5923e-06
2.00347e-06
9.13564e-07
4.95973e-07
3.36406e-07
2.99543e-07
3.27929e-07
4.06366e-07
5.62768e-07
7.46583e-07
9.62381e-07
1.19302e-06
1.37702e-06
1.5567e-06
1.96567e-06
2.10063e-06
1.86123e-06
0.000338384
0.000338216
0.000338014
0.00033779
0.000337544
0.000337274
0.000336982
0.000336667
0.000336318
0.000335852
0.000335357
0.000334815
0.000334222
0.000333575
0.000332871
0.000332106
0.000331276
0.000330374
0.000329391
0.000328323
0.000327165
0.00032591
0.000324545
0.000323062
0.000321451
0.000319702
0.000317805
0.000315746
0.000313508
0.000311076
0.000308439
0.000305577
0.000302475
0.000299113
0.000295468
0.00029152
0.000287242
0.000282608
0.000277595
0.000272174
0.000266314
0.000259986
0.000253157
0.000245793
0.000237859
0.000229321
0.000220139
0.000210274
0.000199684
0.00018832
0.000176128
0.000163042
0.000148981
0.000133852
0.000117557
0.00010004
8.13794e-05
6.19819e-05
4.29006e-05
2.60436e-05
1.35524e-05
6.2237e-06
2.65237e-06
1.15375e-06
6.37204e-07
4.44323e-07
3.85329e-07
4.02427e-07
4.71334e-07
5.8928e-07
7.78965e-07
9.90431e-07
1.22772e-06
1.46661e-06
1.65184e-06
1.86465e-06
2.28318e-06
2.45335e-06
2.13972e-06
0.000377649
0.000377381
0.000377072
0.000376735
0.000376369
0.000375971
0.000375542
0.00037508
0.000374567
0.000373929
0.000373253
0.000372517
0.000371718
0.000370852
0.000369916
0.000368904
0.000367811
0.000366629
0.000365349
0.000363966
0.000362471
0.000360858
0.000359113
0.000357227
0.000355185
0.000352979
0.000350598
0.000348022
0.000345234
0.00034222
0.000338964
0.000335446
0.000331647
0.000327547
0.000323121
0.000318344
0.000313188
0.000307627
0.000301634
0.000295178
0.000288226
0.000280745
0.000272704
0.000264064
0.000254789
0.000244842
0.00023418
0.000222761
0.000210536
0.000197449
0.000183433
0.000168406
0.000152268
0.000134901
0.000116194
9.61176e-05
7.49009e-05
5.33694e-05
3.33855e-05
1.76635e-05
7.92317e-06
3.34311e-06
1.44682e-06
7.78307e-07
5.51468e-07
4.82324e-07
4.91113e-07
5.54173e-07
6.614e-07
8.16006e-07
1.03207e-06
1.26044e-06
1.50494e-06
1.73731e-06
1.91317e-06
2.16819e-06
2.55728e-06
2.74155e-06
2.42453e-06
0.000419129
0.00041873
0.000418281
0.000417797
0.000417273
0.000416709
0.000416102
0.000415447
0.000414721
0.000413865
0.000412957
0.000411977
0.000410918
0.000409778
0.000408549
0.000407228
0.000405808
0.000404278
0.00040263
0.000400856
0.000398947
0.000396894
0.000394684
0.000392304
0.000389739
0.000386979
0.00038401
0.000380813
0.000377365
0.000373652
0.000369657
0.000365358
0.000360733
0.00035576
0.000350411
0.000344659
0.000338475
0.00033183
0.000324694
0.000317035
0.000308817
0.000300006
0.000290567
0.000280462
0.000269652
0.000258094
0.000245746
0.000232558
0.000218475
0.000203429
0.000187338
0.000170099
0.000151586
0.000131659
0.000110217
8.73431e-05
6.36583e-05
4.08775e-05
2.2027e-05
9.80286e-06
3.80613e-06
1.73696e-06
9.37218e-07
6.61417e-07
5.84509e-07
5.92691e-07
6.52861e-07
7.54895e-07
8.94729e-07
1.07815e-06
1.30789e-06
1.53891e-06
1.77586e-06
1.99104e-06
2.14858e-06
2.46122e-06
2.76041e-06
2.93404e-06
2.65632e-06
0.000462766
0.000462197
0.000461568
0.000460894
0.000460169
0.00045939
0.000458555
0.000457653
0.000456659
0.000455529
0.000454333
0.000453046
0.000451664
0.000450181
0.000448591
0.000446888
0.000445063
0.000443106
0.000441005
0.000438753
0.000436339
0.000433752
0.000430977
0.000427999
0.000424803
0.000421376
0.000417703
0.00041376
0.000409526
0.000404982
0.000400111
0.000394888
0.000389288
0.000383287
0.000376856
0.000369964
0.00036258
0.000354673
0.000346212
0.000337161
0.000327482
0.000317141
0.0003061
0.000294317
0.000281753
0.000268362
0.000254095
0.000238898
0.000222703
0.000205429
0.000186971
0.000167198
0.000145958
0.000123107
9.86344e-05
7.29932e-05
4.77641e-05
2.61649e-05
1.16176e-05
4.41849e-06
1.92018e-06
1.09212e-06
7.82783e-07
6.94831e-07
7.04757e-07
7.66592e-07
8.65885e-07
9.97709e-07
1.16047e-06
1.36081e-06
1.58848e-06
1.80816e-06
2.02593e-06
2.21639e-06
2.3516e-06
2.64672e-06
2.862e-06
3.02208e-06
2.80863e-06
0.000508403
0.000507618
0.000506761
0.000505845
0.000504864
0.000503815
0.000502691
0.00050148
0.000500153
0.000498684
0.000497129
0.000495464
0.000493683
0.00049178
0.000489746
0.000487574
0.000485255
0.000482777
0.000480127
0.000477295
0.00047427
0.000471038
0.000467583
0.000463888
0.000459936
0.000455712
0.0004512
0.000446372
0.000441205
0.00043568
0.000429776
0.000423465
0.000416722
0.000409519
0.000401824
0.000393605
0.000384828
0.000375461
0.000365468
0.000354813
0.000343457
0.000331362
0.000318489
0.000304795
0.000290235
0.000274761
0.000258317
0.00024084
0.000222246
0.000202432
0.000181263
0.000158575
0.000134204
0.000108089
8.05948e-05
5.32216e-05
2.93791e-05
1.30653e-05
4.92206e-06
2.1201e-06
1.2074e-06
9.0832e-07
8.18043e-07
8.29288e-07
8.94143e-07
9.9295e-07
1.11872e-06
1.26856e-06
1.44191e-06
1.64569e-06
1.85646e-06
2.05437e-06
2.24638e-06
2.40911e-06
2.52145e-06
2.76883e-06
2.8859e-06
3.04066e-06
2.91027e-06
0.000555765
0.000554708
0.000553565
0.000552347
0.000551047
0.00054966
0.000548177
0.000546582
0.000544849
0.000542963
0.000540968
0.00053884
0.000536573
0.000534157
0.000531583
0.000528842
0.000525925
0.000522818
0.000519506
0.000515977
0.000512217
0.000508212
0.000503945
0.000499396
0.000494544
0.000489375
0.000483869
0.000477995
0.000471729
0.00046505
0.000457934
0.000450352
0.000442275
0.000433671
0.000424508
0.000414752
0.000404365
0.000393314
0.000381561
0.000369068
0.000355793
0.000341697
0.000326739
0.000310873
0.000294051
0.000276218
0.00025731
0.000237246
0.000215921
0.000193199
0.000168909
0.000142868
0.000114994
8.56483e-05
5.64186e-05
3.09744e-05
1.36834e-05
5.18387e-06
2.2621e-06
1.32555e-06
1.02673e-06
9.51933e-07
9.68436e-07
1.03591e-06
1.13438e-06
1.25492e-06
1.39373e-06
1.54883e-06
1.72032e-06
1.91554e-06
2.09875e-06
2.2694e-06
2.43411e-06
2.56968e-06
2.66103e-06
2.8486e-06
2.86465e-06
3.03155e-06
3.0667e-06
0.00060444
0.000603045
0.000601547
0.000599955
0.000598261
0.000596458
0.000594533
0.000592469
0.000590243
0.00058785
0.00058532
0.000582631
0.000579773
0.000576737
0.000573512
0.000570088
0.000566452
0.000562589
0.000558484
0.000554122
0.000549487
0.000544563
0.000539331
0.000533768
0.000527853
0.000521569
0.00051489
0.000507788
0.000500233
0.000492204
0.000483675
0.000474612
0.000464984
0.000454758
0.000443899
0.000432369
0.000420131
0.000407148
0.000393381
0.000378789
0.000363329
0.000346961
0.000329641
0.00031132
0.000291942
0.000271444
0.000249746
0.000226743
0.000202295
0.000176227
0.000148345
0.000118568
8.73297e-05
5.65227e-05
3.0342e-05
1.31891e-05
5.08195e-06
2.31595e-06
1.42991e-06
1.15348e-06
1.09276e-06
1.12073e-06
1.19148e-06
1.28859e-06
1.40335e-06
1.53151e-06
1.67077e-06
1.81981e-06
1.97942e-06
2.15785e-06
2.30833e-06
2.45082e-06
2.5902e-06
2.70112e-06
2.77472e-06
2.90471e-06
2.90832e-06
3.0129e-06
3.05152e-06
0.000653851
0.00065204
0.000650107
0.000648057
0.000645881
0.000643568
0.000641105
0.000638474
0.000635655
0.000632648
0.000629473
0.000626107
0.000622541
0.000618761
0.000614755
0.000610512
0.000606018
0.000601255
0.000596206
0.000590854
0.000585181
0.00057917
0.000572797
0.00056604
0.000558875
0.00055128
0.000543229
0.000534689
0.000525632
0.000516031
0.000505859
0.00049508
0.000483659
0.000471561
0.00045875
0.000445186
0.000430828
0.00041564
0.00039958
0.000382605
0.000364671
0.000345735
0.000325751
0.000304663
0.000282407
0.0002589
0.000234038
0.000207677
0.000179635
0.000149722
0.000117902
8.4818e-05
5.29154e-05
2.71021e-05
1.14751e-05
4.61866e-06
2.2741e-06
1.51737e-06
1.28576e-06
1.24529e-06
1.28336e-06
1.35811e-06
1.45281e-06
1.56061e-06
1.67769e-06
1.80192e-06
1.93189e-06
2.06688e-06
2.20852e-06
2.36632e-06
2.48369e-06
2.60021e-06
2.71814e-06
2.80743e-06
2.86541e-06
2.95067e-06
2.92946e-06
2.96655e-06
2.98133e-06
2.98672e-06
0.000703224
0.000700907
0.000698444
0.000695837
0.000693075
0.000690146
0.000687034
0.000683721
0.000680192
0.000676449
0.000672501
0.000668326
0.000663911
0.000659243
0.000654308
0.000649091
0.000643577
0.000637747
0.000631581
0.00062506
0.000618163
0.000610871
0.000603158
0.000595
0.00058637
0.000577243
0.000567591
0.000557379
0.000546577
0.000535156
0.000523084
0.000510324
0.00049684
0.000482594
0.000467548
0.000451661
0.000434891
0.000417199
0.000398543
0.000378879
0.000358158
0.000336336
0.000313361
0.000289167
0.000263669
0.000236757
0.000208281
0.000178054
0.000145908
0.000111948
7.7302e-05
4.54209e-05
2.17015e-05
8.76893e-06
3.90531e-06
2.16754e-06
1.59272e-06
1.42358e-06
1.4076e-06
1.45524e-06
1.53174e-06
1.62283e-06
1.72249e-06
1.82793e-06
1.93747e-06
2.05001e-06
2.16478e-06
2.28168e-06
2.40313e-06
2.5401e-06
2.62704e-06
2.72132e-06
2.82212e-06
2.89269e-06
2.937e-06
2.98782e-06
2.97604e-06
2.99439e-06
3.02553e-06
3.05586e-06
0.000751552
0.000748622
0.000745519
0.000742239
0.000738772
0.000735101
0.000731212
0.000727086
0.000722712
0.000718089
0.000713219
0.00070808
0.000702658
0.000696936
0.000690899
0.00068453
0.000677811
0.000670722
0.00066324
0.000655344
0.000647011
0.000638217
0.000628937
0.000619143
0.000608805
0.000597898
0.000586387
0.000574239
0.00056142
0.0005479
0.000533643
0.000518611
0.000502765
0.000486067
0.000468477
0.000449954
0.000430455
0.00040994
0.000388365
0.000365684
0.000341845
0.000316798
0.000290477
0.000262795
0.000233631
0.000202827
0.000170194
0.000135644
9.96331e-05
6.43067e-05
3.45425e-05
1.53847e-05
6.3412e-06
3.13385e-06
2.04666e-06
1.66913e-06
1.56802e-06
1.57712e-06
1.63245e-06
1.70824e-06
1.79373e-06
1.88424e-06
1.97768e-06
2.07299e-06
2.16941e-06
2.26645e-06
2.3638e-06
2.46187e-06
2.56371e-06
2.68183e-06
2.7424e-06
2.81857e-06
2.90631e-06
2.9606e-06
2.99308e-06
3.01407e-06
3.01899e-06
3.06037e-06
3.09518e-06
3.12784e-06
0.000800936
0.000797544
0.000793877
0.000790005
0.00078592
0.000781607
0.000777051
0.000772237
0.000767146
0.000761768
0.000756101
0.000750137
0.000743857
0.000737243
0.000730277
0.00072294
0.000715214
0.000707079
0.000698511
0.000689486
0.000679981
0.000669969
0.000659425
0.00064832
0.000636625
0.000624308
0.000611338
0.000597682
0.000583303
0.000568167
0.00055224
0.000535484
0.000517861
0.00049933
0.000479853
0.000459389
0.000437897
0.000415337
0.000391664
0.000366832
0.000340793
0.000313486
0.000284843
0.000254775
0.000223144
0.000189784
0.000154545
0.000117592
8.0291e-05
4.65929e-05
2.22737e-05
9.34049e-06
4.39709e-06
2.58387e-06
1.96141e-06
1.76004e-06
1.72031e-06
1.75036e-06
1.81012e-06
1.88263e-06
1.96069e-06
2.04119e-06
2.12267e-06
2.20447e-06
2.2862e-06
2.36756e-06
2.44837e-06
2.52867e-06
2.60923e-06
2.69357e-06
2.79578e-06
2.83427e-06
2.89627e-06
2.97455e-06
3.01427e-06
3.03667e-06
3.05012e-06
3.0613e-06
3.10309e-06
3.13453e-06
3.16546e-06
0.000843837
0.000839574
0.000835027
0.000830236
0.000825189
0.000819871
0.000814265
0.000808354
0.000802123
0.000795559
0.000788656
0.000781403
0.000773777
0.000765759
0.00075733
0.000748468
0.000739152
0.000729358
0.000719062
0.000708238
0.000696859
0.000684895
0.00067232
0.000659103
0.00064521
0.00063061
0.000615269
0.00059915
0.000582218
0.000564436
0.000545768
0.000526177
0.000505621
0.000484063
0.000461464
0.000437785
0.000412985
0.000387023
0.000359854
0.000331423
0.000301666
0.000270501
0.000237829
0.000203501
0.000167362
0.000129483
9.08957e-05
5.49939e-05
2.76083e-05
1.2044e-05
5.49761e-06
3.10946e-06
2.26086e-06
1.95648e-06
1.87317e-06
1.87925e-06
1.92296e-06
1.98309e-06
2.04995e-06
2.11934e-06
2.18941e-06
2.25933e-06
2.32867e-06
2.39725e-06
2.46493e-06
2.53164e-06
2.59738e-06
2.66239e-06
2.72769e-06
2.79715e-06
2.88654e-06
2.90689e-06
2.95826e-06
3.03015e-06
3.0562e-06
3.07035e-06
3.081e-06
3.10224e-06
3.13481e-06
3.15838e-06
3.18329e-06
0.000880899
0.000875616
0.000870023
0.00086414
0.000857952
0.000851444
0.000844598
0.000837396
0.000829822
0.000821862
0.000813506
0.000804737
0.000795532
0.00078587
0.000775729
0.000765085
0.000753914
0.00074219
0.000729886
0.000716973
0.000703423
0.000689204
0.000674286
0.000658636
0.000642221
0.000625005
0.000606954
0.000588031
0.000568199
0.000547423
0.000525665
0.000502887
0.000479051
0.00045412
0.000428058
0.000400829
0.000372388
0.000342693
0.000311687
0.000279288
0.000245382
0.000209863
0.000172598
0.000133675
9.41253e-05
5.73481e-05
2.92182e-05
1.30746e-05
6.04839e-06
3.45045e-06
2.48484e-06
2.13228e-06
2.02132e-06
2.00927e-06
2.04048e-06
2.08979e-06
2.14651e-06
2.20601e-06
2.26617e-06
2.32601e-06
2.38512e-06
2.44326e-06
2.50033e-06
2.55627e-06
2.61107e-06
2.66473e-06
2.71735e-06
2.76931e-06
2.82179e-06
2.87894e-06
2.95837e-06
2.96397e-06
3.00776e-06
3.0757e-06
3.0883e-06
3.09627e-06
3.10603e-06
3.13264e-06
3.15637e-06
3.17555e-06
3.19752e-06
0.000909656
0.000903172
0.000896341
0.000889167
0.000881635
0.000873726
0.000865422
0.000856705
0.000847557
0.000837962
0.000827904
0.000817364
0.000806316
0.000794738
0.000782605
0.00076989
0.000756568
0.000742609
0.000727985
0.000712664
0.000696617
0.00067981
0.00066221
0.000643783
0.000624494
0.00060431
0.000583194
0.00056111
0.000538023
0.000513899
0.000488703
0.000462398
0.000434951
0.000406324
0.000376483
0.000345393
0.000312993
0.000279209
0.000243949
0.000207059
0.00016844
0.000128387
8.82858e-05
5.22209e-05
2.60802e-05
1.18291e-05
5.77704e-06
3.47931e-06
2.59414e-06
2.26185e-06
2.15039e-06
2.13327e-06
2.15682e-06
2.19768e-06
2.24578e-06
2.2965e-06
2.34783e-06
2.39886e-06
2.44916e-06
2.49852e-06
2.54682e-06
2.59401e-06
2.64004e-06
2.68492e-06
2.72865e-06
2.77126e-06
2.81289e-06
2.85399e-06
2.89588e-06
2.94299e-06
3.01496e-06
3.00864e-06
3.04726e-06
3.11288e-06
3.11197e-06
3.11612e-06
3.1265e-06
3.14791e-06
3.16807e-06
3.18571e-06
3.20724e-06
0.000927084
0.000919191
0.000910903
0.000902213
0.000893103
0.000883554
0.000873546
0.00086306
0.000852077
0.000840577
0.000828538
0.000815939
0.000802753
0.000788955
0.000774519
0.000759417
0.000743618
0.000727092
0.000709808
0.000691735
0.00067284
0.000653091
0.000632453
0.000610891
0.000588372
0.000564862
0.000540329
0.000514739
0.000488062
0.000460265
0.000431317
0.00040119
0.00036985
0.000337249
0.000303327
0.000268042
0.000231263
0.000192827
0.000152702
0.000111575
7.2414e-05
3.99647e-05
1.91615e-05
8.95547e-06
4.87453e-06
3.24389e-06
2.5943e-06
2.3425e-06
2.25765e-06
2.24661e-06
2.26777e-06
2.30296e-06
2.34392e-06
2.38698e-06
2.4305e-06
2.47371e-06
2.51629e-06
2.55804e-06
2.59886e-06
2.63871e-06
2.67754e-06
2.71533e-06
2.75206e-06
2.78771e-06
2.82229e-06
2.85582e-06
2.88845e-06
2.92063e-06
2.95382e-06
2.99278e-06
3.0594e-06
3.04346e-06
3.0789e-06
3.11185e-06
3.12789e-06
3.13136e-06
3.1438e-06
3.1583e-06
3.17447e-06
3.19004e-06
3.21064e-06
0.000929525
0.000919987
0.000909995
0.000899534
0.000888585
0.000877127
0.00086514
0.000852601
0.000839491
0.000825785
0.000811458
0.000796484
0.000780838
0.000764491
0.000747416
0.000729583
0.000710962
0.000691519
0.000671223
0.000650042
0.000627945
0.000604901
0.000580875
0.000555838
0.000529756
0.0005026
0.000474339
0.000444953
0.000414417
0.000382695
0.000349745
0.000315538
0.00028003
0.000243121
0.000204601
0.000164488
0.00012311
8.30559e-05
4.83101e-05
2.43861e-05
1.16904e-05
6.09012e-06
3.8484e-06
2.92314e-06
2.54464e-06
2.39488e-06
2.34875e-06
2.34968e-06
2.37168e-06
2.40296e-06
2.43805e-06
2.47448e-06
2.51111e-06
2.54743e-06
2.58319e-06
2.61827e-06
2.65261e-06
2.68615e-06
2.71886e-06
2.75072e-06
2.7817e-06
2.81178e-06
2.84094e-06
2.86915e-06
2.89638e-06
2.92262e-06
2.94797e-06
2.97287e-06
2.99887e-06
3.03116e-06
3.09422e-06
3.0705e-06
3.10431e-06
3.13358e-06
3.14426e-06
3.14361e-06
3.15319e-06
3.16307e-06
3.17621e-06
3.18967e-06
3.20891e-06
0.000912604
0.000901156
0.000889184
0.000876672
0.000863595
0.000849934
0.000835665
0.000820765
0.000805211
0.000788977
0.000772034
0.000754352
0.000735906
0.000716668
0.000696609
0.000675701
0.000653912
0.000631211
0.000607566
0.000582947
0.000557326
0.000530674
0.000502967
0.000474183
0.000444293
0.000413261
0.000381054
0.00034766
0.000313063
0.000277191
0.000239898
0.000201036
0.000160669
0.000119355
8.04251e-05
4.68043e-05
2.39979e-05
1.18837e-05
6.38178e-06
4.09607e-06
3.1138e-06
2.68757e-06
2.51053e-06
2.4456e-06
2.43326e-06
2.44514e-06
2.46822e-06
2.49624e-06
2.52624e-06
2.55685e-06
2.58743e-06
2.61769e-06
2.64748e-06
2.67673e-06
2.7054e-06
2.73344e-06
2.76085e-06
2.78761e-06
2.81368e-06
2.83907e-06
2.86375e-06
2.8877e-06
2.91088e-06
2.93324e-06
2.95473e-06
2.97525e-06
2.99482e-06
3.01377e-06
3.03374e-06
3.06044e-06
3.12143e-06
3.09141e-06
3.12512e-06
3.15155e-06
3.15692e-06
3.15238e-06
3.15777e-06
3.16454e-06
3.1755e-06
3.18725e-06
3.20487e-06
0.000871166
0.00085752
0.000843276
0.000828412
0.000812903
0.000796726
0.000779858
0.000762276
0.000743955
0.000724867
0.00070498
0.000684266
0.000662696
0.000640244
0.000616884
0.000592589
0.000567334
0.000541093
0.000513838
0.000485541
0.000456172
0.000425702
0.00039412
0.000361428
0.000327592
0.000292537
0.000256104
0.00021818
0.00017886
0.000138448
9.91645e-05
6.33055e-05
3.53765e-05
1.81382e-05
9.50726e-06
5.56521e-06
3.85506e-06
3.08517e-06
2.73526e-06
2.58314e-06
2.52371e-06
2.5094e-06
2.51695e-06
2.53478e-06
2.55734e-06
2.58192e-06
2.60726e-06
2.63272e-06
2.65802e-06
2.68301e-06
2.70761e-06
2.7318e-06
2.75553e-06
2.77879e-06
2.80157e-06
2.82386e-06
2.84566e-06
2.86694e-06
2.88771e-06
2.90796e-06
2.92768e-06
2.94684e-06
2.9654e-06
2.98331e-06
3.00045e-06
3.01665e-06
3.03175e-06
3.04586e-06
3.06063e-06
3.08247e-06
3.14266e-06
3.1075e-06
3.14226e-06
3.16628e-06
3.16624e-06
3.15815e-06
3.15954e-06
3.16421e-06
3.17371e-06
3.18477e-06
3.20134e-06
0.000799284
0.000783149
0.000766337
0.000748824
0.000730583
0.00071159
0.000691823
0.000671257
0.000649872
0.00062764
0.000604532
0.00058052
0.000555576
0.000529675
0.000502789
0.000474895
0.000445979
0.000416032
0.000385041
0.00035297
0.000319744
0.000285234
0.00024932
0.000212097
0.000173649
0.000134888
9.75275e-05
6.37439e-05
3.70391e-05
1.99099e-05
1.07487e-05
6.33154e-06
4.31641e-06
3.37459e-06
2.92606e-06
2.7134e-06
2.61893e-06
2.5828e-06
2.57612e-06
2.58425e-06
2.59956e-06
2.61831e-06
2.63861e-06
2.6595e-06
2.68052e-06
2.70145e-06
2.72217e-06
2.74262e-06
2.76276e-06
2.78258e-06
2.80206e-06
2.82119e-06
2.83996e-06
2.85837e-06
2.8764e-06
2.89407e-06
2.91136e-06
2.92829e-06
2.94485e-06
2.96104e-06
2.97687e-06
2.99233e-06
3.00739e-06
3.02198e-06
3.03598e-06
3.04912e-06
3.06099e-06
3.07124e-06
3.08136e-06
3.09865e-06
3.15884e-06
3.11983e-06
3.15662e-06
3.176e-06
3.17263e-06
3.16139e-06
3.15971e-06
3.16317e-06
3.17143e-06
3.18264e-06
3.20119e-06
0.000690415
0.000671532
0.000651899
0.000631488
0.000610273
0.000588229
0.000565331
0.000541559
0.000516898
0.000491329
0.000464832
0.000437387
0.000408969
0.000379537
0.000349012
0.000317309
0.000284364
0.000250167
0.000214831
0.000178561
0.00014224
0.000106902
7.45203e-05
4.69625e-05
2.72724e-05
1.53565e-05
8.9731e-06
5.74928e-06
4.16032e-06
3.36784e-06
2.97406e-06
2.77887e-06
2.68602e-06
2.64623e-06
2.63434e-06
2.63707e-06
2.64739e-06
2.66152e-06
2.67751e-06
2.69436e-06
2.71153e-06
2.72877e-06
2.74593e-06
2.76293e-06
2.77975e-06
2.79635e-06
2.81271e-06
2.82883e-06
2.84469e-06
2.8603e-06
2.87563e-06
2.89068e-06
2.90546e-06
2.91997e-06
2.93419e-06
2.94815e-06
2.96184e-06
2.97528e-06
2.98847e-06
3.00143e-06
3.01419e-06
3.02676e-06
3.03913e-06
3.0513e-06
3.06314e-06
3.07436e-06
3.08428e-06
3.0916e-06
3.09747e-06
3.11007e-06
3.16224e-06
3.12923e-06
3.16888e-06
3.17963e-06
3.17343e-06
3.16255e-06
3.1595e-06
3.16189e-06
3.16831e-06
3.1784e-06
3.1992e-06
0.000537783
0.000515987
0.000493388
0.000469959
0.000445664
0.000420464
0.000394303
0.000367129
0.000338896
0.000309577
0.00027917
0.000247735
0.000215392
0.000182628
0.000149789
0.000117544
8.71293e-05
6.02227e-05
3.85778e-05
2.34374e-05
1.41162e-05
8.8342e-06
5.96758e-06
4.42751e-06
3.59542e-06
3.14525e-06
2.90389e-06
2.77898e-06
2.71867e-06
2.69245e-06
2.68509e-06
2.68797e-06
2.69637e-06
2.70769e-06
2.72051e-06
2.73408e-06
2.74799e-06
2.76201e-06
2.77602e-06
2.78997e-06
2.8038e-06
2.81749e-06
2.83104e-06
2.84442e-06
2.85762e-06
2.87065e-06
2.88348e-06
2.89611e-06
2.90854e-06
2.92077e-06
2.93278e-06
2.94458e-06
2.95617e-06
2.96755e-06
2.97872e-06
2.98969e-06
3.00048e-06
3.01109e-06
3.02155e-06
3.03188e-06
3.04213e-06
3.05234e-06
3.06256e-06
3.07285e-06
3.0832e-06
3.09346e-06
3.10285e-06
3.10836e-06
3.11023e-06
3.1185e-06
3.16242e-06
3.13661e-06
3.17466e-06
3.18048e-06
3.17167e-06
3.16068e-06
3.15794e-06
3.15943e-06
3.16359e-06
3.1705e-06
3.18224e-06
0.000333845
0.000308626
0.000282558
0.000255695
0.000228185
0.000200273
0.000172149
0.000144079
0.000116521
9.02974e-05
6.65979e-05
4.65247e-05
3.09977e-05
2.00998e-05
1.30894e-05
8.81355e-06
6.27642e-06
4.79932e-06
3.92325e-06
3.40435e-06
3.0986e-06
2.92054e-06
2.8202e-06
2.76654e-06
2.74074e-06
2.73144e-06
2.73154e-06
2.73676e-06
2.74488e-06
2.75457e-06
2.76512e-06
2.77611e-06
2.78733e-06
2.79863e-06
2.80995e-06
2.82123e-06
2.83246e-06
2.84361e-06
2.85467e-06
2.86563e-06
2.87648e-06
2.8872e-06
2.89781e-06
2.90827e-06
2.9186e-06
2.92878e-06
2.9388e-06
2.94867e-06
2.95838e-06
2.96792e-06
2.9773e-06
2.98651e-06
2.99556e-06
3.00444e-06
3.01317e-06
3.02174e-06
3.03017e-06
3.03848e-06
3.0467e-06
3.05484e-06
3.06297e-06
3.07114e-06
3.07946e-06
3.08806e-06
3.09714e-06
3.1069e-06
3.11735e-06
3.12231e-06
3.12058e-06
3.12478e-06
3.16137e-06
3.1425e-06
3.17804e-06
3.17974e-06
3.16856e-06
9.25025e-05
7.30439e-05
5.57309e-05
4.1179e-05
2.95791e-05
2.09076e-05
1.47581e-05
1.05776e-05
7.81501e-06
6.01221e-06
4.85299e-06
4.09681e-06
3.60413e-06
3.2838e-06
3.07732e-06
2.94613e-06
2.86485e-06
2.81667e-06
2.78983e-06
2.77679e-06
2.77258e-06
2.77389e-06
2.77853e-06
2.7851e-06
2.79276e-06
2.80106e-06
2.80972e-06
2.81858e-06
2.82754e-06
2.83656e-06
2.84559e-06
2.8546e-06
2.8636e-06
2.87256e-06
2.88147e-06
2.89033e-06
2.89913e-06
2.90785e-06
2.9165e-06
2.92507e-06
2.93354e-06
2.94192e-06
2.9502e-06
2.95837e-06
2.96642e-06
2.97436e-06
2.98218e-06
2.98987e-06
2.99744e-06
3.00487e-06
3.01218e-06
3.01935e-06
3.02639e-06
3.0333e-06
3.04008e-06
3.04674e-06
3.05329e-06
3.05974e-06
3.06611e-06
3.07243e-06
3.07874e-06
3.08511e-06
3.09165e-06
3.09852e-06
3.10601e-06
3.11458e-06
3.12451e-06
3.12888e-06
3.12914e-06
3.12944e-06
3.15972e-06
3.14725e-06
3.18007e-06
3.17782e-06
3.16483e-06
5.89605e-06
4.99624e-06
4.35337e-06
3.89002e-06
3.55664e-06
3.31802e-06
3.14848e-06
3.02931e-06
2.9469e-06
2.89118e-06
2.85471e-06
2.83191e-06
2.81879e-06
2.8124e-06
2.81066e-06
2.81208e-06
2.8156e-06
2.8205e-06
2.82628e-06
2.83261e-06
2.83924e-06
2.84603e-06
2.85296e-06
2.85996e-06
2.86702e-06
2.8741e-06
2.88121e-06
2.88832e-06
2.89543e-06
2.90254e-06
2.90962e-06
2.91669e-06
2.92373e-06
2.93074e-06
2.9377e-06
2.94462e-06
2.95149e-06
2.9583e-06
2.96506e-06
2.97174e-06
2.97835e-06
2.98489e-06
2.99134e-06
2.99771e-06
3.004e-06
3.01018e-06
3.01628e-06
3.02227e-06
3.02816e-06
3.03395e-06
3.03964e-06
3.04521e-06
3.05069e-06
3.05605e-06
3.06132e-06
3.06648e-06
3.07155e-06
3.07653e-06
3.08143e-06
3.08629e-06
3.09111e-06
3.09597e-06
3.10093e-06
3.10614e-06
3.11186e-06
3.1186e-06
3.12679e-06
3.13121e-06
3.13284e-06
3.13289e-06
3.15778e-06
3.15116e-06
3.18103e-06
3.175e-06
3.16086e-06
2.92755e-06
2.89751e-06
2.87636e-06
2.86203e-06
2.85292e-06
2.84777e-06
2.84557e-06
2.84556e-06
2.84716e-06
2.84991e-06
2.8535e-06
2.85768e-06
2.86227e-06
2.86715e-06
2.87224e-06
2.87747e-06
2.8828e-06
2.88818e-06
2.89358e-06
2.899e-06
2.90446e-06
2.90995e-06
2.91547e-06
2.921e-06
2.92655e-06
2.9321e-06
2.93767e-06
2.94323e-06
2.94878e-06
2.95433e-06
2.95987e-06
2.96539e-06
2.97088e-06
2.97635e-06
2.98178e-06
2.98718e-06
2.99254e-06
2.99786e-06
3.00313e-06
3.00834e-06
3.0135e-06
3.01859e-06
3.02363e-06
3.0286e-06
3.03349e-06
3.03832e-06
3.04307e-06
3.04774e-06
3.05234e-06
3.05685e-06
3.06128e-06
3.06563e-06
3.06989e-06
3.07406e-06
3.07816e-06
3.08217e-06
3.0861e-06
3.08995e-06
3.09374e-06
3.09746e-06
3.10114e-06
3.1048e-06
3.1085e-06
3.11231e-06
3.11641e-06
3.12118e-06
3.12735e-06
3.13186e-06
3.13436e-06
3.13544e-06
3.15575e-06
3.15444e-06
3.18102e-06
3.17143e-06
3.1568e-06
2.88049e-06
2.88272e-06
2.8854e-06
2.88841e-06
2.89168e-06
2.89515e-06
2.89877e-06
2.90252e-06
2.90635e-06
2.91027e-06
2.91425e-06
2.91828e-06
2.92236e-06
2.92648e-06
2.93064e-06
2.93481e-06
2.93899e-06
2.94318e-06
2.94741e-06
2.95166e-06
2.95593e-06
2.96022e-06
2.96453e-06
2.96885e-06
2.97318e-06
2.97751e-06
2.98185e-06
2.98619e-06
2.99053e-06
2.99485e-06
2.99917e-06
3.00347e-06
3.00776e-06
3.01202e-06
3.01626e-06
3.02047e-06
3.02465e-06
3.0288e-06
3.0329e-06
3.03697e-06
3.04099e-06
3.04497e-06
3.0489e-06
3.05277e-06
3.05659e-06
3.06036e-06
3.06407e-06
3.06772e-06
3.0713e-06
3.07483e-06
3.07829e-06
3.08168e-06
3.08501e-06
3.08828e-06
3.09148e-06
3.09461e-06
3.09768e-06
3.10068e-06
3.10363e-06
3.10651e-06
3.10935e-06
3.11215e-06
3.11493e-06
3.11773e-06
3.12062e-06
3.12377e-06
3.12761e-06
3.13189e-06
3.13499e-06
3.13731e-06
3.15375e-06
3.15723e-06
3.18011e-06
3.16731e-06
3.15283e-06
2.93402e-06
2.9368e-06
2.93964e-06
2.94252e-06
2.94544e-06
2.9484e-06
2.95139e-06
2.95442e-06
2.95749e-06
2.96058e-06
2.96371e-06
2.96687e-06
2.97005e-06
2.97325e-06
2.97645e-06
2.97968e-06
2.98293e-06
2.9862e-06
2.9895e-06
2.99281e-06
2.99614e-06
2.99949e-06
3.00284e-06
3.00621e-06
3.00958e-06
3.01296e-06
3.01635e-06
3.01973e-06
3.0231e-06
3.02648e-06
3.02984e-06
3.03319e-06
3.03653e-06
3.03986e-06
3.04316e-06
3.04644e-06
3.0497e-06
3.05293e-06
3.05613e-06
3.0593e-06
3.06244e-06
3.06554e-06
3.06861e-06
3.07163e-06
3.07461e-06
3.07756e-06
3.08045e-06
3.08331e-06
3.08611e-06
3.08887e-06
3.09158e-06
3.09424e-06
3.09686e-06
3.09942e-06
3.10193e-06
3.10439e-06
3.10681e-06
3.10917e-06
3.11149e-06
3.11376e-06
3.11599e-06
3.11819e-06
3.12035e-06
3.1225e-06
3.12465e-06
3.12684e-06
3.12918e-06
3.13194e-06
3.13527e-06
3.13869e-06
3.15187e-06
3.15963e-06
3.17835e-06
3.16279e-06
3.14929e-06
2.97914e-06
2.98134e-06
2.98357e-06
2.98582e-06
2.9881e-06
2.99041e-06
2.99274e-06
2.9951e-06
2.99748e-06
2.99989e-06
3.00232e-06
3.00476e-06
3.00721e-06
3.00969e-06
3.01218e-06
3.01469e-06
3.01722e-06
3.01977e-06
3.02233e-06
3.02491e-06
3.02751e-06
3.03011e-06
3.03272e-06
3.03534e-06
3.03797e-06
3.0406e-06
3.04323e-06
3.04586e-06
3.04849e-06
3.05111e-06
3.05373e-06
3.05634e-06
3.05894e-06
3.06153e-06
3.0641e-06
3.06665e-06
3.06919e-06
3.07171e-06
3.0742e-06
3.07668e-06
3.07912e-06
3.08154e-06
3.08393e-06
3.0863e-06
3.08863e-06
3.09093e-06
3.09319e-06
3.09543e-06
3.09762e-06
3.09979e-06
3.10191e-06
3.10401e-06
3.10606e-06
3.10808e-06
3.11006e-06
3.11201e-06
3.11392e-06
3.1158e-06
3.11765e-06
3.11946e-06
3.12124e-06
3.123e-06
3.12474e-06
3.12646e-06
3.12818e-06
3.12992e-06
3.13173e-06
3.13371e-06
3.1361e-06
3.13973e-06
3.15016e-06
3.16146e-06
3.17577e-06
3.15795e-06
3.14746e-06
3.01441e-06
3.01612e-06
3.01785e-06
3.0196e-06
3.02137e-06
3.02316e-06
3.02497e-06
3.0268e-06
3.02865e-06
3.03051e-06
3.03239e-06
3.03427e-06
3.03617e-06
3.03809e-06
3.04003e-06
3.04198e-06
3.04395e-06
3.04593e-06
3.04792e-06
3.04993e-06
3.05194e-06
3.05396e-06
3.05599e-06
3.05803e-06
3.06007e-06
3.06211e-06
3.06415e-06
3.0662e-06
3.06824e-06
3.07028e-06
3.07232e-06
3.07434e-06
3.07636e-06
3.07838e-06
3.08038e-06
3.08236e-06
3.08434e-06
3.0863e-06
3.08824e-06
3.09017e-06
3.09207e-06
3.09396e-06
3.09582e-06
3.09767e-06
3.09949e-06
3.10129e-06
3.10306e-06
3.10481e-06
3.10653e-06
3.10823e-06
3.1099e-06
3.11155e-06
3.11317e-06
3.11477e-06
3.11634e-06
3.11789e-06
3.11942e-06
3.12092e-06
3.1224e-06
3.12387e-06
3.12531e-06
3.12675e-06
3.12817e-06
3.12958e-06
3.131e-06
3.13244e-06
3.13394e-06
3.13558e-06
3.13756e-06
3.14054e-06
3.1486e-06
3.1611e-06
3.17239e-06
3.15316e-06
3.0419e-06
3.04323e-06
3.04456e-06
3.04592e-06
3.04729e-06
3.04868e-06
3.05008e-06
3.05149e-06
3.05292e-06
3.05436e-06
3.0558e-06
3.05726e-06
3.05874e-06
3.06023e-06
3.06173e-06
3.06324e-06
3.06477e-06
3.0663e-06
3.06785e-06
3.0694e-06
3.07096e-06
3.07253e-06
3.0741e-06
3.07568e-06
3.07726e-06
3.07884e-06
3.08043e-06
3.08201e-06
3.0836e-06
3.08518e-06
3.08675e-06
3.08833e-06
3.0899e-06
3.09146e-06
3.09301e-06
3.09455e-06
3.09609e-06
3.09761e-06
3.09912e-06
3.10062e-06
3.1021e-06
3.10357e-06
3.10502e-06
3.10646e-06
3.10788e-06
3.10929e-06
3.11067e-06
3.11204e-06
3.1134e-06
3.11473e-06
3.11605e-06
3.11735e-06
3.11863e-06
3.1199e-06
3.12115e-06
3.12239e-06
3.12362e-06
3.12483e-06
3.12604e-06
3.12723e-06
3.12842e-06
3.12961e-06
3.1308e-06
3.132e-06
3.1332e-06
3.13443e-06
3.1357e-06
3.13708e-06
3.13875e-06
3.14121e-06
3.14712e-06
3.16011e-06
3.16841e-06
3.14929e-06
3.06331e-06
3.06433e-06
3.06536e-06
3.06641e-06
3.06747e-06
3.06854e-06
3.06962e-06
3.07071e-06
3.07181e-06
3.07292e-06
3.07403e-06
3.07516e-06
3.0763e-06
3.07746e-06
3.07862e-06
3.07979e-06
3.08096e-06
3.08215e-06
3.08334e-06
3.08454e-06
3.08575e-06
3.08696e-06
3.08817e-06
3.08939e-06
3.09062e-06
3.09184e-06
3.09306e-06
3.09429e-06
3.09551e-06
3.09674e-06
3.09796e-06
3.09917e-06
3.10039e-06
3.10159e-06
3.1028e-06
3.10399e-06
3.10518e-06
3.10636e-06
3.10753e-06
3.10869e-06
3.10984e-06
3.11099e-06
3.11212e-06
3.11324e-06
3.11434e-06
3.11544e-06
3.11652e-06
3.1176e-06
3.11866e-06
3.11971e-06
3.12074e-06
3.12177e-06
3.12279e-06
3.1238e-06
3.1248e-06
3.1258e-06
3.12679e-06
3.12778e-06
3.12876e-06
3.12976e-06
3.13076e-06
3.13177e-06
3.13279e-06
3.13383e-06
3.13489e-06
3.13597e-06
3.13709e-06
3.13828e-06
3.13972e-06
3.14177e-06
3.1457e-06
3.15858e-06
3.16407e-06
3.14672e-06
3.07997e-06
3.08075e-06
3.08155e-06
3.08235e-06
3.08317e-06
3.08399e-06
3.08482e-06
3.08566e-06
3.0865e-06
3.08736e-06
3.08822e-06
3.08909e-06
3.08997e-06
3.09085e-06
3.09175e-06
3.09265e-06
3.09356e-06
3.09447e-06
3.09539e-06
3.09631e-06
3.09724e-06
3.09817e-06
3.09911e-06
3.10005e-06
3.10099e-06
3.10193e-06
3.10287e-06
3.10382e-06
3.10476e-06
3.1057e-06
3.10664e-06
3.10758e-06
3.10852e-06
3.10945e-06
3.11037e-06
3.1113e-06
3.11221e-06
3.11312e-06
3.11403e-06
3.11493e-06
3.11582e-06
3.1167e-06
3.11758e-06
3.11845e-06
3.11931e-06
3.12016e-06
3.121e-06
3.12184e-06
3.12267e-06
3.12349e-06
3.12431e-06
3.12512e-06
3.12592e-06
3.12673e-06
3.12753e-06
3.12833e-06
3.12914e-06
3.12994e-06
3.13076e-06
3.1316e-06
3.13245e-06
3.13332e-06
3.13422e-06
3.13516e-06
3.13614e-06
3.13715e-06
3.13818e-06
3.13921e-06
3.14046e-06
3.14225e-06
3.14437e-06
3.15652e-06
3.15978e-06
3.09296e-06
3.09357e-06
3.09418e-06
3.0948e-06
3.09542e-06
3.09605e-06
3.09669e-06
3.09733e-06
3.09798e-06
3.09863e-06
3.09929e-06
3.09996e-06
3.10063e-06
3.10131e-06
3.102e-06
3.10269e-06
3.10338e-06
3.10408e-06
3.10479e-06
3.10549e-06
3.1062e-06
3.10692e-06
3.10763e-06
3.10835e-06
3.10907e-06
3.10979e-06
3.11052e-06
3.11124e-06
3.11196e-06
3.11268e-06
3.1134e-06
3.11412e-06
3.11483e-06
3.11555e-06
3.11626e-06
3.11696e-06
3.11767e-06
3.11836e-06
3.11906e-06
3.11975e-06
3.12043e-06
3.12111e-06
3.12178e-06
3.12245e-06
3.12312e-06
3.12377e-06
3.12443e-06
3.12508e-06
3.12572e-06
3.12636e-06
3.127e-06
3.12764e-06
3.12827e-06
3.12891e-06
3.12955e-06
3.13019e-06
3.13084e-06
3.13151e-06
3.13219e-06
3.13289e-06
3.13361e-06
3.13438e-06
3.13519e-06
3.13606e-06
3.13698e-06
3.13796e-06
3.13895e-06
3.13986e-06
3.14096e-06
3.14186e-06
3.14323e-06
3.1541e-06
3.15644e-06
3.10325e-06
3.10371e-06
3.10418e-06
3.10465e-06
3.10512e-06
3.1056e-06
3.10609e-06
3.10658e-06
3.10707e-06
3.10757e-06
3.10807e-06
3.10858e-06
3.10909e-06
3.10961e-06
3.11013e-06
3.11065e-06
3.11118e-06
3.11171e-06
3.11224e-06
3.11278e-06
3.11332e-06
3.11386e-06
3.1144e-06
3.11494e-06
3.11549e-06
3.11603e-06
3.11658e-06
3.11712e-06
3.11767e-06
3.11821e-06
3.11875e-06
3.11929e-06
3.11983e-06
3.12037e-06
3.1209e-06
3.12143e-06
3.12196e-06
3.12249e-06
3.12301e-06
3.12353e-06
3.12404e-06
3.12455e-06
3.12506e-06
3.12557e-06
3.12607e-06
3.12657e-06
3.12707e-06
3.12756e-06
3.12806e-06
3.12855e-06
3.12904e-06
3.12954e-06
3.13003e-06
3.13053e-06
3.13104e-06
3.13155e-06
3.13207e-06
3.13261e-06
3.13317e-06
3.13375e-06
3.13437e-06
3.13503e-06
3.13576e-06
3.13656e-06
3.13744e-06
3.1384e-06
3.13947e-06
3.14028e-06
3.14079e-06
3.14138e-06
3.14223e-06
3.15169e-06
3.15391e-06
3.11176e-06
3.11211e-06
3.11245e-06
3.11281e-06
3.11317e-06
3.11352e-06
3.11389e-06
3.11425e-06
3.11462e-06
3.11499e-06
3.11536e-06
3.11574e-06
3.11612e-06
3.11651e-06
3.11689e-06
3.11728e-06
3.11767e-06
3.11806e-06
3.11846e-06
3.11885e-06
3.11925e-06
3.11965e-06
3.12004e-06
3.12044e-06
3.12084e-06
3.12124e-06
3.12164e-06
3.12204e-06
3.12243e-06
3.12283e-06
3.12322e-06
3.12361e-06
3.124e-06
3.12439e-06
3.12477e-06
3.12515e-06
3.12553e-06
3.1259e-06
3.12627e-06
3.12664e-06
3.12701e-06
3.12737e-06
3.12773e-06
3.12809e-06
3.12845e-06
3.12881e-06
3.12916e-06
3.12952e-06
3.12988e-06
3.13025e-06
3.13062e-06
3.13099e-06
3.13137e-06
3.13175e-06
3.13214e-06
3.13255e-06
3.13296e-06
3.13339e-06
3.13384e-06
3.13431e-06
3.13482e-06
3.13539e-06
3.13602e-06
3.13673e-06
3.13754e-06
3.13846e-06
3.13949e-06
3.14001e-06
3.14045e-06
3.14087e-06
3.14132e-06
3.14928e-06
3.15171e-06
3.11974e-06
3.11996e-06
3.12018e-06
3.12041e-06
3.12064e-06
3.12087e-06
3.12111e-06
3.12134e-06
3.12159e-06
3.12183e-06
3.12208e-06
3.12233e-06
3.12258e-06
3.12284e-06
3.1231e-06
3.12336e-06
3.12362e-06
3.12389e-06
3.12415e-06
3.12442e-06
3.12469e-06
3.12496e-06
3.12523e-06
3.1255e-06
3.12577e-06
3.12604e-06
3.12631e-06
3.12658e-06
3.12684e-06
3.12711e-06
3.12737e-06
3.12763e-06
3.12788e-06
3.12813e-06
3.12838e-06
3.12862e-06
3.12886e-06
3.12909e-06
3.12932e-06
3.12954e-06
3.12976e-06
3.12998e-06
3.13019e-06
3.13039e-06
3.1306e-06
3.13081e-06
3.13101e-06
3.13123e-06
3.13144e-06
3.13167e-06
3.13191e-06
3.13216e-06
3.13242e-06
3.1327e-06
3.13299e-06
3.13329e-06
3.13361e-06
3.13395e-06
3.1343e-06
3.13468e-06
3.13509e-06
3.13555e-06
3.13608e-06
3.1367e-06
3.13743e-06
3.13832e-06
3.13913e-06
3.13961e-06
3.14003e-06
3.14037e-06
3.14056e-06
3.14699e-06
3.14983e-06
3.12676e-06
3.12687e-06
3.12697e-06
3.12708e-06
3.12719e-06
3.12731e-06
3.12743e-06
3.12755e-06
3.12767e-06
3.1278e-06
3.12793e-06
3.12807e-06
3.12821e-06
3.12835e-06
3.12849e-06
3.12864e-06
3.12879e-06
3.12894e-06
3.1291e-06
3.12926e-06
3.12942e-06
3.12958e-06
3.12974e-06
3.1299e-06
3.13006e-06
3.13022e-06
3.13038e-06
3.13054e-06
3.1307e-06
3.13086e-06
3.13101e-06
3.13117e-06
3.13131e-06
3.13146e-06
3.1316e-06
3.13174e-06
3.13187e-06
3.13199e-06
3.13211e-06
3.13223e-06
3.13234e-06
3.13244e-06
3.13254e-06
3.13263e-06
3.13272e-06
3.1328e-06
3.13288e-06
3.13295e-06
3.13302e-06
3.13309e-06
3.13317e-06
3.13325e-06
3.13336e-06
3.1335e-06
3.13368e-06
3.13389e-06
3.13412e-06
3.13437e-06
3.13464e-06
3.13494e-06
3.13526e-06
3.13562e-06
3.13603e-06
3.13653e-06
3.13714e-06
3.13792e-06
3.13868e-06
3.13916e-06
3.13958e-06
3.1399e-06
3.13999e-06
3.14487e-06
3.14818e-06
3.12886e-06
3.12893e-06
3.129e-06
3.12908e-06
3.12916e-06
3.12924e-06
3.12933e-06
3.12942e-06
3.12951e-06
3.12961e-06
3.12971e-06
3.12981e-06
3.12991e-06
3.13002e-06
3.13014e-06
3.13025e-06
3.13037e-06
3.13049e-06
3.13061e-06
3.13073e-06
3.13086e-06
3.13099e-06
3.13112e-06
3.13124e-06
3.13137e-06
3.13151e-06
3.13164e-06
3.13177e-06
3.13189e-06
3.13202e-06
3.13215e-06
3.13227e-06
3.1324e-06
3.13252e-06
3.13264e-06
3.13275e-06
3.13286e-06
3.13297e-06
3.13308e-06
3.13318e-06
3.13328e-06
3.13337e-06
3.13346e-06
3.13355e-06
3.13363e-06
3.13371e-06
3.13379e-06
3.13386e-06
3.13393e-06
3.134e-06
3.13406e-06
3.13413e-06
3.13419e-06
3.13426e-06
3.13433e-06
3.13443e-06
3.13456e-06
3.13473e-06
3.13492e-06
3.13514e-06
3.13538e-06
3.13566e-06
3.13597e-06
3.13635e-06
3.13682e-06
3.13742e-06
3.1382e-06
3.13869e-06
3.13911e-06
3.13943e-06
3.13955e-06
3.14301e-06
3.14666e-06
3.12887e-06
3.12895e-06
3.12902e-06
3.12911e-06
3.12919e-06
3.12928e-06
3.12937e-06
3.12946e-06
3.12956e-06
3.12966e-06
3.12976e-06
3.12987e-06
3.12998e-06
3.13009e-06
3.1302e-06
3.13032e-06
3.13044e-06
3.13056e-06
3.13068e-06
3.13081e-06
3.13093e-06
3.13106e-06
3.13119e-06
3.13132e-06
3.13145e-06
3.13158e-06
3.13172e-06
3.13185e-06
3.13198e-06
3.13211e-06
3.13224e-06
3.13237e-06
3.1325e-06
3.13262e-06
3.13275e-06
3.13287e-06
3.13299e-06
3.13311e-06
3.13322e-06
3.13334e-06
3.13345e-06
3.13355e-06
3.13366e-06
3.13376e-06
3.13386e-06
3.13396e-06
3.13406e-06
3.13415e-06
3.13424e-06
3.13434e-06
3.13443e-06
3.13452e-06
3.1346e-06
3.13469e-06
3.13478e-06
3.13487e-06
3.13496e-06
3.13506e-06
3.13518e-06
3.13533e-06
3.13551e-06
3.13571e-06
3.13595e-06
3.13623e-06
3.13659e-06
3.13707e-06
3.13772e-06
3.13822e-06
3.13863e-06
3.13895e-06
3.13903e-06
3.14143e-06
3.1452e-06
3.12903e-06
3.12911e-06
3.12921e-06
3.1293e-06
3.1294e-06
3.12949e-06
3.12959e-06
3.12969e-06
3.12979e-06
3.1299e-06
3.13e-06
3.13011e-06
3.13021e-06
3.13032e-06
3.13043e-06
3.13054e-06
3.13066e-06
3.13077e-06
3.13088e-06
3.131e-06
3.13111e-06
3.13123e-06
3.13135e-06
3.13147e-06
3.13158e-06
3.1317e-06
3.13182e-06
3.13194e-06
3.13206e-06
3.13218e-06
3.1323e-06
3.13242e-06
3.13254e-06
3.13266e-06
3.13277e-06
3.13289e-06
3.13301e-06
3.13312e-06
3.13324e-06
3.13335e-06
3.13346e-06
3.13358e-06
3.13369e-06
3.1338e-06
3.13391e-06
3.13401e-06
3.13412e-06
3.13423e-06
3.13434e-06
3.13445e-06
3.13455e-06
3.13466e-06
3.13477e-06
3.13488e-06
3.13499e-06
3.1351e-06
3.1352e-06
3.13531e-06
3.13541e-06
3.13551e-06
3.13563e-06
3.13577e-06
3.13595e-06
3.13615e-06
3.13641e-06
3.13677e-06
3.13727e-06
3.13777e-06
3.13817e-06
3.13849e-06
3.13856e-06
3.14011e-06
3.1438e-06
3.13039e-06
3.13047e-06
3.13055e-06
3.13063e-06
3.13071e-06
3.1308e-06
3.13088e-06
3.13097e-06
3.13105e-06
3.13114e-06
3.13123e-06
3.13131e-06
3.1314e-06
3.13149e-06
3.13158e-06
3.13168e-06
3.13177e-06
3.13186e-06
3.13195e-06
3.13205e-06
3.13214e-06
3.13224e-06
3.13233e-06
3.13243e-06
3.13252e-06
3.13262e-06
3.13271e-06
3.13281e-06
3.1329e-06
3.133e-06
3.13309e-06
3.13319e-06
3.13328e-06
3.13338e-06
3.13347e-06
3.13356e-06
3.13366e-06
3.13375e-06
3.13384e-06
3.13393e-06
3.13402e-06
3.13411e-06
3.1342e-06
3.13429e-06
3.13437e-06
3.13446e-06
3.13455e-06
3.13463e-06
3.13472e-06
3.1348e-06
3.13488e-06
3.13497e-06
3.13505e-06
3.13513e-06
3.13521e-06
3.1353e-06
3.13538e-06
3.13547e-06
3.13556e-06
3.13565e-06
3.13575e-06
3.13586e-06
3.13598e-06
3.13612e-06
3.13631e-06
3.13655e-06
3.13689e-06
3.13738e-06
3.13775e-06
3.13806e-06
3.13813e-06
3.13905e-06
3.14246e-06
3.13172e-06
3.13178e-06
3.13185e-06
3.13191e-06
3.13198e-06
3.13204e-06
3.13211e-06
3.13218e-06
3.13224e-06
3.13231e-06
3.13238e-06
3.13245e-06
3.13252e-06
3.13259e-06
3.13266e-06
3.13273e-06
3.13281e-06
3.13288e-06
3.13295e-06
3.13303e-06
3.1331e-06
3.13317e-06
3.13325e-06
3.13332e-06
3.1334e-06
3.13347e-06
3.13355e-06
3.13362e-06
3.1337e-06
3.13377e-06
3.13385e-06
3.13392e-06
3.13399e-06
3.13407e-06
3.13414e-06
3.13421e-06
3.13428e-06
3.13436e-06
3.13443e-06
3.1345e-06
3.13457e-06
3.13464e-06
3.1347e-06
3.13477e-06
3.13484e-06
3.13491e-06
3.13497e-06
3.13504e-06
3.1351e-06
3.13517e-06
3.13523e-06
3.13529e-06
3.13535e-06
3.13542e-06
3.13548e-06
3.13554e-06
3.13561e-06
3.13567e-06
3.13574e-06
3.1358e-06
3.13588e-06
3.13595e-06
3.13604e-06
3.13615e-06
3.13627e-06
3.13644e-06
3.13668e-06
3.13705e-06
3.13738e-06
3.13766e-06
3.13777e-06
3.13824e-06
3.14118e-06
3.13281e-06
3.13286e-06
3.13291e-06
3.13296e-06
3.13301e-06
3.13306e-06
3.13312e-06
3.13317e-06
3.13322e-06
3.13328e-06
3.13333e-06
3.13339e-06
3.13344e-06
3.1335e-06
3.13355e-06
3.13361e-06
3.13367e-06
3.13372e-06
3.13378e-06
3.13384e-06
3.1339e-06
3.13396e-06
3.13401e-06
3.13407e-06
3.13413e-06
3.13419e-06
3.13425e-06
3.1343e-06
3.13436e-06
3.13442e-06
3.13448e-06
3.13453e-06
3.13459e-06
3.13465e-06
3.1347e-06
3.13476e-06
3.13482e-06
3.13487e-06
3.13492e-06
3.13498e-06
3.13503e-06
3.13508e-06
3.13514e-06
3.13519e-06
3.13524e-06
3.13529e-06
3.13534e-06
3.13539e-06
3.13544e-06
3.13549e-06
3.13553e-06
3.13558e-06
3.13563e-06
3.13567e-06
3.13572e-06
3.13577e-06
3.13581e-06
3.13586e-06
3.13591e-06
3.13596e-06
3.13601e-06
3.13607e-06
3.13613e-06
3.1362e-06
3.13628e-06
3.13639e-06
3.13655e-06
3.1368e-06
3.13707e-06
3.13731e-06
3.13745e-06
3.13769e-06
3.13998e-06
3.13374e-06
3.13378e-06
3.13382e-06
3.13386e-06
3.1339e-06
3.13395e-06
3.13399e-06
3.13403e-06
3.13407e-06
3.13412e-06
3.13416e-06
3.1342e-06
3.13425e-06
3.13429e-06
3.13433e-06
3.13438e-06
3.13442e-06
3.13447e-06
3.13451e-06
3.13455e-06
3.1346e-06
3.13464e-06
3.13469e-06
3.13473e-06
3.13478e-06
3.13482e-06
3.13486e-06
3.13491e-06
3.13495e-06
3.13499e-06
3.13504e-06
3.13508e-06
3.13512e-06
3.13516e-06
3.13521e-06
3.13525e-06
3.13529e-06
3.13533e-06
3.13537e-06
3.13541e-06
3.13545e-06
3.13548e-06
3.13552e-06
3.13556e-06
3.13559e-06
3.13563e-06
3.13567e-06
3.1357e-06
3.13574e-06
3.13577e-06
3.13581e-06
3.13584e-06
3.13587e-06
3.13591e-06
3.13594e-06
3.13597e-06
3.13601e-06
3.13604e-06
3.13608e-06
3.13611e-06
3.13615e-06
3.13619e-06
3.13623e-06
3.13628e-06
3.13633e-06
3.1364e-06
3.13649e-06
3.13664e-06
3.13684e-06
3.13702e-06
3.13719e-06
3.13739e-06
3.13891e-06
3.13468e-06
3.13471e-06
3.13474e-06
3.13477e-06
3.1348e-06
3.13484e-06
3.13487e-06
3.1349e-06
3.13493e-06
3.13496e-06
3.13499e-06
3.13502e-06
3.13506e-06
3.13509e-06
3.13512e-06
3.13515e-06
3.13518e-06
3.13521e-06
3.13524e-06
3.13527e-06
3.1353e-06
3.13533e-06
3.13536e-06
3.13539e-06
3.13542e-06
3.13545e-06
3.13548e-06
3.13551e-06
3.13554e-06
3.13556e-06
3.13559e-06
3.13562e-06
3.13565e-06
3.13567e-06
3.1357e-06
3.13573e-06
3.13575e-06
3.13578e-06
3.1358e-06
3.13582e-06
3.13585e-06
3.13587e-06
3.13589e-06
3.13592e-06
3.13594e-06
3.13596e-06
3.13598e-06
3.136e-06
3.13602e-06
3.13604e-06
3.13606e-06
3.13608e-06
3.1361e-06
3.13612e-06
3.13614e-06
3.13617e-06
3.13619e-06
3.13621e-06
3.13623e-06
3.13626e-06
3.13628e-06
3.13631e-06
3.13634e-06
3.13638e-06
3.13641e-06
3.13645e-06
3.1365e-06
3.13659e-06
3.13667e-06
3.13679e-06
3.13694e-06
3.13718e-06
3.13799e-06
3.13597e-06
3.13598e-06
3.13599e-06
3.136e-06
3.13601e-06
3.13602e-06
3.13602e-06
3.13603e-06
3.13604e-06
3.13604e-06
3.13605e-06
3.13606e-06
3.13606e-06
3.13607e-06
3.13607e-06
3.13608e-06
3.13608e-06
3.13609e-06
3.13609e-06
3.1361e-06
3.13611e-06
3.13611e-06
3.13612e-06
3.13613e-06
3.13613e-06
3.13614e-06
3.13615e-06
3.13616e-06
3.13617e-06
3.13618e-06
3.13619e-06
3.1362e-06
3.13621e-06
3.13622e-06
3.13622e-06
3.13623e-06
3.13624e-06
3.13625e-06
3.13626e-06
3.13626e-06
3.13627e-06
3.13628e-06
3.13628e-06
3.13629e-06
3.13629e-06
3.1363e-06
3.13631e-06
3.13631e-06
3.13632e-06
3.13632e-06
3.13633e-06
3.13633e-06
3.13634e-06
3.13634e-06
3.13635e-06
3.13636e-06
3.13637e-06
3.13637e-06
3.13638e-06
3.13639e-06
3.13641e-06
3.13642e-06
3.13645e-06
3.13648e-06
3.13651e-06
3.13652e-06
3.13653e-06
3.13654e-06
3.13656e-06
3.13662e-06
3.13672e-06
3.1369e-06
3.13725e-06
3.13717e-06
3.13717e-06
3.13716e-06
3.13716e-06
3.13715e-06
3.13715e-06
3.13714e-06
3.13714e-06
3.13713e-06
3.13712e-06
3.13712e-06
3.13711e-06
3.1371e-06
3.13709e-06
3.13708e-06
3.13707e-06
3.13706e-06
3.13705e-06
3.13704e-06
3.13703e-06
3.13702e-06
3.13701e-06
3.137e-06
3.13699e-06
3.13698e-06
3.13696e-06
3.13695e-06
3.13694e-06
3.13693e-06
3.13691e-06
3.1369e-06
3.13688e-06
3.13687e-06
3.13686e-06
3.13684e-06
3.13683e-06
3.13681e-06
3.1368e-06
3.13678e-06
3.13677e-06
3.13675e-06
3.13674e-06
3.13672e-06
3.13671e-06
3.13669e-06
3.13668e-06
3.13666e-06
3.13665e-06
3.13663e-06
3.13662e-06
3.13661e-06
3.13659e-06
3.13658e-06
3.13657e-06
3.13656e-06
3.13656e-06
3.13655e-06
3.13654e-06
3.13654e-06
3.13653e-06
3.13653e-06
3.13652e-06
3.13652e-06
3.13651e-06
3.13651e-06
3.1365e-06
3.1365e-06
3.1365e-06
3.13649e-06
3.13651e-06
3.13656e-06
3.13664e-06
3.13669e-06
3.13755e-06
3.13754e-06
3.13754e-06
3.13753e-06
3.13752e-06
3.13751e-06
3.13749e-06
3.13748e-06
3.13747e-06
3.13746e-06
3.13745e-06
3.13743e-06
3.13742e-06
3.13741e-06
3.13739e-06
3.13738e-06
3.13736e-06
3.13734e-06
3.13733e-06
3.13731e-06
3.1373e-06
3.13728e-06
3.13726e-06
3.13724e-06
3.13723e-06
3.13721e-06
3.13719e-06
3.13717e-06
3.13715e-06
3.13713e-06
3.13712e-06
3.1371e-06
3.13708e-06
3.13706e-06
3.13704e-06
3.13702e-06
3.137e-06
3.13698e-06
3.13696e-06
3.13694e-06
3.13692e-06
3.1369e-06
3.13688e-06
3.13686e-06
3.13684e-06
3.13682e-06
3.1368e-06
3.13678e-06
3.13676e-06
3.13674e-06
3.13672e-06
3.1367e-06
3.13668e-06
3.13667e-06
3.13665e-06
3.13663e-06
3.13661e-06
3.1366e-06
3.13658e-06
3.13656e-06
3.13654e-06
3.13653e-06
3.13651e-06
3.1365e-06
3.13648e-06
3.13647e-06
3.13646e-06
3.13645e-06
3.13644e-06
3.13644e-06
3.13645e-06
3.13644e-06
3.13633e-06
3.13632e-06
3.13779e-06
3.13778e-06
3.13777e-06
3.13776e-06
3.13774e-06
3.13773e-06
3.13772e-06
3.1377e-06
3.13769e-06
3.13767e-06
3.13765e-06
3.13764e-06
3.13762e-06
3.1376e-06
3.13759e-06
3.13757e-06
3.13755e-06
3.13753e-06
3.13751e-06
3.13749e-06
3.13747e-06
3.13745e-06
3.13743e-06
3.13741e-06
3.13739e-06
3.13737e-06
3.13734e-06
3.13732e-06
3.1373e-06
3.13728e-06
3.13725e-06
3.13723e-06
3.13721e-06
3.13718e-06
3.13716e-06
3.13714e-06
3.13711e-06
3.13709e-06
3.13706e-06
3.13704e-06
3.13702e-06
3.13699e-06
3.13697e-06
3.13694e-06
3.13692e-06
3.1369e-06
3.13687e-06
3.13685e-06
3.13683e-06
3.1368e-06
3.13678e-06
3.13675e-06
3.13673e-06
3.13671e-06
3.13668e-06
3.13666e-06
3.13664e-06
3.13661e-06
3.13659e-06
3.13656e-06
3.13654e-06
3.13651e-06
3.13649e-06
3.13646e-06
3.13644e-06
3.13642e-06
3.1364e-06
3.13639e-06
3.13637e-06
3.13637e-06
3.13637e-06
3.1363e-06
3.13615e-06
3.1361e-06
3.13795e-06
3.13794e-06
3.13792e-06
3.13791e-06
3.13789e-06
3.13788e-06
3.13786e-06
3.13785e-06
3.13783e-06
3.13781e-06
3.13779e-06
3.13777e-06
3.13775e-06
3.13773e-06
3.13771e-06
3.13769e-06
3.13767e-06
3.13765e-06
3.13763e-06
3.13761e-06
3.13758e-06
3.13756e-06
3.13754e-06
3.13751e-06
3.13749e-06
3.13747e-06
3.13744e-06
3.13742e-06
3.13739e-06
3.13737e-06
3.13734e-06
3.13732e-06
3.13729e-06
3.13726e-06
3.13724e-06
3.13721e-06
3.13718e-06
3.13716e-06
3.13713e-06
3.13711e-06
3.13708e-06
3.13705e-06
3.13702e-06
3.137e-06
3.13697e-06
3.13694e-06
3.13692e-06
3.13689e-06
3.13686e-06
3.13684e-06
3.13681e-06
3.13678e-06
3.13675e-06
3.13672e-06
3.1367e-06
3.13667e-06
3.13664e-06
3.13661e-06
3.13658e-06
3.13655e-06
3.13652e-06
3.13648e-06
3.13645e-06
3.13642e-06
3.13639e-06
3.13636e-06
3.13633e-06
3.13631e-06
3.13629e-06
3.13629e-06
3.13628e-06
3.13621e-06
3.13608e-06
3.13603e-06
3.13806e-06
3.13805e-06
3.13803e-06
3.13801e-06
3.13799e-06
3.13798e-06
3.13796e-06
3.13794e-06
3.13792e-06
3.1379e-06
3.13788e-06
3.13786e-06
3.13784e-06
3.13781e-06
3.13779e-06
3.13777e-06
3.13775e-06
3.13772e-06
3.1377e-06
3.13768e-06
3.13765e-06
3.13763e-06
3.1376e-06
3.13758e-06
3.13755e-06
3.13752e-06
3.1375e-06
3.13747e-06
3.13745e-06
3.13742e-06
3.13739e-06
3.13736e-06
3.13734e-06
3.13731e-06
3.13728e-06
3.13725e-06
3.13722e-06
3.13719e-06
3.13717e-06
3.13714e-06
3.13711e-06
3.13708e-06
3.13705e-06
3.13702e-06
3.13699e-06
3.13696e-06
3.13693e-06
3.1369e-06
3.13687e-06
3.13684e-06
3.13681e-06
3.13678e-06
3.13675e-06
3.13672e-06
3.13668e-06
3.13665e-06
3.13662e-06
3.13658e-06
3.13655e-06
3.13651e-06
3.13647e-06
3.13644e-06
3.1364e-06
3.13636e-06
3.13632e-06
3.13629e-06
3.13625e-06
3.13622e-06
3.1362e-06
3.13619e-06
3.13619e-06
3.13616e-06
3.13612e-06
3.13603e-06
3.13815e-06
3.13813e-06
3.13811e-06
3.13809e-06
3.13807e-06
3.13805e-06
3.13803e-06
3.13801e-06
3.13799e-06
3.13796e-06
3.13794e-06
3.13792e-06
3.13789e-06
3.13787e-06
3.13784e-06
3.13782e-06
3.13779e-06
3.13777e-06
3.13774e-06
3.13772e-06
3.13769e-06
3.13766e-06
3.13764e-06
3.13761e-06
3.13758e-06
3.13755e-06
3.13752e-06
3.13749e-06
3.13747e-06
3.13744e-06
3.13741e-06
3.13738e-06
3.13735e-06
3.13732e-06
3.13729e-06
3.13726e-06
3.13723e-06
3.1372e-06
3.13717e-06
3.13714e-06
3.13711e-06
3.13708e-06
3.13704e-06
3.13701e-06
3.13698e-06
3.13695e-06
3.13692e-06
3.13688e-06
3.13685e-06
3.13682e-06
3.13679e-06
3.13675e-06
3.13672e-06
3.13668e-06
3.13665e-06
3.13661e-06
3.13657e-06
3.13653e-06
3.1365e-06
3.13646e-06
3.13641e-06
3.13637e-06
3.13633e-06
3.13629e-06
3.13624e-06
3.1362e-06
3.13616e-06
3.13613e-06
3.1361e-06
3.13608e-06
3.13608e-06
3.13607e-06
3.1361e-06
3.13604e-06
3.13824e-06
3.13821e-06
3.13819e-06
3.13817e-06
3.13814e-06
3.13812e-06
3.13809e-06
3.13807e-06
3.13804e-06
3.13802e-06
3.13799e-06
3.13797e-06
3.13794e-06
3.13791e-06
3.13788e-06
3.13786e-06
3.13783e-06
3.1378e-06
3.13777e-06
3.13774e-06
3.13771e-06
3.13768e-06
3.13765e-06
3.13762e-06
3.13759e-06
3.13756e-06
3.13753e-06
3.1375e-06
3.13746e-06
3.13743e-06
3.1374e-06
3.13737e-06
3.13734e-06
3.1373e-06
3.13727e-06
3.13724e-06
3.13721e-06
3.13717e-06
3.13714e-06
3.13711e-06
3.13708e-06
3.13704e-06
3.13701e-06
3.13697e-06
3.13694e-06
3.13691e-06
3.13687e-06
3.13684e-06
3.1368e-06
3.13676e-06
3.13673e-06
3.13669e-06
3.13665e-06
3.13662e-06
3.13658e-06
3.13654e-06
3.1365e-06
3.13646e-06
3.13642e-06
3.13637e-06
3.13633e-06
3.13629e-06
3.13624e-06
3.13619e-06
3.13615e-06
3.1361e-06
3.13606e-06
3.13602e-06
3.13598e-06
3.13596e-06
3.13596e-06
3.13596e-06
3.13603e-06
3.136e-06
3.13832e-06
3.13829e-06
3.13827e-06
3.13824e-06
3.13821e-06
3.13819e-06
3.13816e-06
3.13813e-06
3.1381e-06
3.13807e-06
3.13804e-06
3.13801e-06
3.13798e-06
3.13795e-06
3.13791e-06
3.13788e-06
3.13785e-06
3.13782e-06
3.13778e-06
3.13775e-06
3.13772e-06
3.13768e-06
3.13765e-06
3.13762e-06
3.13758e-06
3.13755e-06
3.13751e-06
3.13748e-06
3.13744e-06
3.13741e-06
3.13737e-06
3.13734e-06
3.1373e-06
3.13727e-06
3.13723e-06
3.1372e-06
3.13716e-06
3.13712e-06
3.13709e-06
3.13705e-06
3.13701e-06
3.13698e-06
3.13694e-06
3.1369e-06
3.13687e-06
3.13683e-06
3.13679e-06
3.13675e-06
3.13672e-06
3.13668e-06
3.13664e-06
3.1366e-06
3.13656e-06
3.13652e-06
3.13648e-06
3.13644e-06
3.1364e-06
3.13635e-06
3.13631e-06
3.13626e-06
3.13622e-06
3.13617e-06
3.13613e-06
3.13608e-06
3.13603e-06
3.13598e-06
3.13593e-06
3.13589e-06
3.13585e-06
3.13582e-06
3.13582e-06
3.13583e-06
3.13593e-06
3.13594e-06
3.13838e-06
3.13835e-06
3.13831e-06
3.13828e-06
3.13825e-06
3.13822e-06
3.13819e-06
3.13816e-06
3.13812e-06
3.13809e-06
3.13806e-06
3.13802e-06
3.13799e-06
3.13795e-06
3.13792e-06
3.13788e-06
3.13785e-06
3.13781e-06
3.13777e-06
3.13774e-06
3.1377e-06
3.13766e-06
3.13762e-06
3.13759e-06
3.13755e-06
3.13751e-06
3.13747e-06
3.13743e-06
3.1374e-06
3.13736e-06
3.13732e-06
3.13728e-06
3.13724e-06
3.1372e-06
3.13716e-06
3.13712e-06
3.13708e-06
3.13704e-06
3.137e-06
3.13696e-06
3.13692e-06
3.13688e-06
3.13684e-06
3.1368e-06
3.13676e-06
3.13672e-06
3.13668e-06
3.13664e-06
3.1366e-06
3.13655e-06
3.13651e-06
3.13647e-06
3.13643e-06
3.13639e-06
3.13634e-06
3.1363e-06
3.13626e-06
3.13621e-06
3.13617e-06
3.13612e-06
3.13607e-06
3.13603e-06
3.13598e-06
3.13593e-06
3.13589e-06
3.13584e-06
3.13579e-06
3.13574e-06
3.1357e-06
3.13567e-06
3.13565e-06
3.13567e-06
3.13579e-06
3.13584e-06
3.13836e-06
3.13833e-06
3.1383e-06
3.13826e-06
3.13823e-06
3.13819e-06
3.13816e-06
3.13812e-06
3.13809e-06
3.13805e-06
3.13801e-06
3.13798e-06
3.13794e-06
3.1379e-06
3.13786e-06
3.13783e-06
3.13779e-06
3.13775e-06
3.13771e-06
3.13767e-06
3.13763e-06
3.13759e-06
3.13755e-06
3.13751e-06
3.13747e-06
3.13743e-06
3.13739e-06
3.13734e-06
3.1373e-06
3.13726e-06
3.13722e-06
3.13718e-06
3.13713e-06
3.13709e-06
3.13705e-06
3.13701e-06
3.13696e-06
3.13692e-06
3.13688e-06
3.13683e-06
3.13679e-06
3.13675e-06
3.1367e-06
3.13666e-06
3.13661e-06
3.13657e-06
3.13653e-06
3.13648e-06
3.13644e-06
3.13639e-06
3.13635e-06
3.1363e-06
3.13626e-06
3.13621e-06
3.13617e-06
3.13612e-06
3.13608e-06
3.13603e-06
3.13598e-06
3.13594e-06
3.13589e-06
3.13585e-06
3.1358e-06
3.13576e-06
3.13571e-06
3.13566e-06
3.13562e-06
3.13557e-06
3.13552e-06
3.13549e-06
3.13547e-06
3.13549e-06
3.13562e-06
3.1357e-06
3.13825e-06
3.13821e-06
3.13818e-06
3.13814e-06
3.1381e-06
3.13807e-06
3.13803e-06
3.13799e-06
3.13795e-06
3.13792e-06
3.13788e-06
3.13784e-06
3.1378e-06
3.13776e-06
3.13773e-06
3.13769e-06
3.13765e-06
3.13761e-06
3.13757e-06
3.13753e-06
3.13748e-06
3.13744e-06
3.1374e-06
3.13736e-06
3.13732e-06
3.13727e-06
3.13723e-06
3.13719e-06
3.13714e-06
3.1371e-06
3.13706e-06
3.13701e-06
3.13697e-06
3.13692e-06
3.13688e-06
3.13683e-06
3.13679e-06
3.13674e-06
3.1367e-06
3.13665e-06
3.1366e-06
3.13656e-06
3.13651e-06
3.13647e-06
3.13642e-06
3.13637e-06
3.13632e-06
3.13628e-06
3.13623e-06
3.13618e-06
3.13614e-06
3.13609e-06
3.13604e-06
3.13599e-06
3.13595e-06
3.1359e-06
3.13586e-06
3.13581e-06
3.13576e-06
3.13572e-06
3.13567e-06
3.13563e-06
3.13558e-06
3.13554e-06
3.1355e-06
3.13545e-06
3.13541e-06
3.13537e-06
3.13533e-06
3.13529e-06
3.13527e-06
3.13528e-06
3.13542e-06
3.13554e-06
3.13801e-06
3.13798e-06
3.13794e-06
3.1379e-06
3.13786e-06
3.13783e-06
3.13779e-06
3.13775e-06
3.13771e-06
3.13767e-06
3.13764e-06
3.1376e-06
3.13756e-06
3.13752e-06
3.13748e-06
3.13744e-06
3.1374e-06
3.13736e-06
3.13732e-06
3.13728e-06
3.13724e-06
3.1372e-06
3.13716e-06
3.13712e-06
3.13708e-06
3.13703e-06
3.13699e-06
3.13695e-06
3.1369e-06
3.13686e-06
3.13682e-06
3.13677e-06
3.13673e-06
3.13668e-06
3.13664e-06
3.13659e-06
3.13654e-06
3.1365e-06
3.13645e-06
3.1364e-06
3.13636e-06
3.13631e-06
3.13626e-06
3.13621e-06
3.13616e-06
3.13612e-06
3.13607e-06
3.13602e-06
3.13597e-06
3.13592e-06
3.13587e-06
3.13582e-06
3.13578e-06
3.13573e-06
3.13568e-06
3.13563e-06
3.13559e-06
3.13554e-06
3.13549e-06
3.13545e-06
3.13541e-06
3.13536e-06
3.13532e-06
3.13528e-06
3.13524e-06
3.13521e-06
3.13517e-06
3.13513e-06
3.1351e-06
3.13506e-06
3.13504e-06
3.13505e-06
3.13519e-06
3.13533e-06
3.13766e-06
3.13763e-06
3.13759e-06
3.13755e-06
3.13751e-06
3.13747e-06
3.13743e-06
3.1374e-06
3.13736e-06
3.13732e-06
3.13728e-06
3.13724e-06
3.13721e-06
3.13717e-06
3.13713e-06
3.13709e-06
3.13705e-06
3.13701e-06
3.13698e-06
3.13694e-06
3.1369e-06
3.13686e-06
3.13682e-06
3.13678e-06
3.13674e-06
3.13669e-06
3.13665e-06
3.13661e-06
3.13657e-06
3.13653e-06
3.13648e-06
3.13644e-06
3.1364e-06
3.13635e-06
3.13631e-06
3.13626e-06
3.13622e-06
3.13617e-06
3.13613e-06
3.13608e-06
3.13603e-06
3.13599e-06
3.13594e-06
3.13589e-06
3.13584e-06
3.13579e-06
3.13575e-06
3.1357e-06
3.13565e-06
3.1356e-06
3.13555e-06
3.1355e-06
3.13545e-06
3.13541e-06
3.13536e-06
3.13531e-06
3.13527e-06
3.13522e-06
3.13518e-06
3.13513e-06
3.13509e-06
3.13505e-06
3.13502e-06
3.13498e-06
3.13495e-06
3.13492e-06
3.13489e-06
3.13486e-06
3.13483e-06
3.1348e-06
3.13478e-06
3.13478e-06
3.13492e-06
3.13509e-06
3.13722e-06
3.13718e-06
3.13714e-06
3.1371e-06
3.13706e-06
3.13702e-06
3.13698e-06
3.13694e-06
3.1369e-06
3.13687e-06
3.13683e-06
3.13679e-06
3.13675e-06
3.13671e-06
3.13668e-06
3.13664e-06
3.1366e-06
3.13656e-06
3.13653e-06
3.13649e-06
3.13645e-06
3.13641e-06
3.13637e-06
3.13634e-06
3.1363e-06
3.13626e-06
3.13622e-06
3.13618e-06
3.13614e-06
3.1361e-06
3.13606e-06
3.13602e-06
3.13597e-06
3.13593e-06
3.13589e-06
3.13585e-06
3.1358e-06
3.13576e-06
3.13572e-06
3.13567e-06
3.13563e-06
3.13558e-06
3.13554e-06
3.13549e-06
3.13545e-06
3.1354e-06
3.13535e-06
3.13531e-06
3.13526e-06
3.13521e-06
3.13517e-06
3.13512e-06
3.13507e-06
3.13503e-06
3.13498e-06
3.13494e-06
3.13489e-06
3.13485e-06
3.13481e-06
3.13477e-06
3.13473e-06
3.1347e-06
3.13466e-06
3.13463e-06
3.1346e-06
3.13458e-06
3.13456e-06
3.13454e-06
3.13453e-06
3.13451e-06
3.13449e-06
3.13449e-06
3.13462e-06
3.13481e-06
3.13669e-06
3.13665e-06
3.1366e-06
3.13656e-06
3.13652e-06
3.13648e-06
3.13644e-06
3.1364e-06
3.13636e-06
3.13633e-06
3.13629e-06
3.13625e-06
3.13621e-06
3.13617e-06
3.13614e-06
3.1361e-06
3.13606e-06
3.13602e-06
3.13599e-06
3.13595e-06
3.13591e-06
3.13588e-06
3.13584e-06
3.1358e-06
3.13576e-06
3.13573e-06
3.13569e-06
3.13565e-06
3.13561e-06
3.13558e-06
3.13554e-06
3.1355e-06
3.13546e-06
3.13542e-06
3.13538e-06
3.13534e-06
3.1353e-06
3.13526e-06
3.13522e-06
3.13518e-06
3.13514e-06
3.1351e-06
3.13506e-06
3.13502e-06
3.13497e-06
3.13493e-06
3.13489e-06
3.13484e-06
3.1348e-06
3.13476e-06
3.13471e-06
3.13467e-06
3.13463e-06
3.13458e-06
3.13454e-06
3.1345e-06
3.13446e-06
3.13442e-06
3.13439e-06
3.13435e-06
3.13432e-06
3.13429e-06
3.13426e-06
3.13423e-06
3.13421e-06
3.1342e-06
3.13418e-06
3.13418e-06
3.13417e-06
3.13417e-06
3.13416e-06
3.13416e-06
3.13428e-06
3.13448e-06
3.1361e-06
3.13605e-06
3.13601e-06
3.13596e-06
3.13592e-06
3.13588e-06
3.13583e-06
3.13579e-06
3.13575e-06
3.13571e-06
3.13567e-06
3.13563e-06
3.13559e-06
3.13555e-06
3.13552e-06
3.13548e-06
3.13544e-06
3.1354e-06
3.13537e-06
3.13533e-06
3.13529e-06
3.13526e-06
3.13522e-06
3.13518e-06
3.13515e-06
3.13511e-06
3.13508e-06
3.13504e-06
3.13501e-06
3.13497e-06
3.13493e-06
3.1349e-06
3.13486e-06
3.13483e-06
3.13479e-06
3.13475e-06
3.13472e-06
3.13468e-06
3.13464e-06
3.13461e-06
3.13457e-06
3.13453e-06
3.13449e-06
3.13446e-06
3.13442e-06
3.13438e-06
3.13434e-06
3.1343e-06
3.13426e-06
3.13423e-06
3.13419e-06
3.13415e-06
3.13411e-06
3.13407e-06
3.13404e-06
3.134e-06
3.13396e-06
3.13393e-06
3.1339e-06
3.13387e-06
3.13384e-06
3.13382e-06
3.1338e-06
3.13378e-06
3.13377e-06
3.13376e-06
3.13376e-06
3.13376e-06
3.13377e-06
3.13378e-06
3.13378e-06
3.13379e-06
3.1339e-06
3.13411e-06
3.13545e-06
3.1354e-06
3.13535e-06
3.1353e-06
3.13525e-06
3.13521e-06
3.13516e-06
3.13512e-06
3.13507e-06
3.13503e-06
3.13499e-06
3.13495e-06
3.13491e-06
3.13487e-06
3.13483e-06
3.13479e-06
3.13475e-06
3.13471e-06
3.13467e-06
3.13463e-06
3.1346e-06
3.13456e-06
3.13452e-06
3.13449e-06
3.13445e-06
3.13442e-06
3.13438e-06
3.13435e-06
3.13431e-06
3.13428e-06
3.13425e-06
3.13421e-06
3.13418e-06
3.13415e-06
3.13411e-06
3.13408e-06
3.13405e-06
3.13401e-06
3.13398e-06
3.13395e-06
3.13391e-06
3.13388e-06
3.13385e-06
3.13381e-06
3.13378e-06
3.13375e-06
3.13371e-06
3.13368e-06
3.13365e-06
3.13362e-06
3.13358e-06
3.13355e-06
3.13352e-06
3.13349e-06
3.13346e-06
3.13343e-06
3.1334e-06
3.13338e-06
3.13335e-06
3.13333e-06
3.13331e-06
3.13329e-06
3.13328e-06
3.13327e-06
3.13327e-06
3.13327e-06
3.13328e-06
3.13329e-06
3.13331e-06
3.13333e-06
3.13336e-06
3.13338e-06
3.13348e-06
3.13369e-06
3.13474e-06
3.13468e-06
3.13463e-06
3.13458e-06
3.13453e-06
3.13448e-06
3.13443e-06
3.13438e-06
3.13433e-06
3.13428e-06
3.13424e-06
3.13419e-06
3.13415e-06
3.13411e-06
3.13406e-06
3.13402e-06
3.13398e-06
3.13394e-06
3.1339e-06
3.13386e-06
3.13382e-06
3.13379e-06
3.13375e-06
3.13371e-06
3.13368e-06
3.13364e-06
3.13361e-06
3.13358e-06
3.13354e-06
3.13351e-06
3.13348e-06
3.13344e-06
3.13341e-06
3.13338e-06
3.13335e-06
3.13332e-06
3.13329e-06
3.13326e-06
3.13323e-06
3.1332e-06
3.13317e-06
3.13314e-06
3.13312e-06
3.13309e-06
3.13306e-06
3.13303e-06
3.13301e-06
3.13298e-06
3.13295e-06
3.13293e-06
3.1329e-06
3.13288e-06
3.13285e-06
3.13283e-06
3.13281e-06
3.13279e-06
3.13277e-06
3.13275e-06
3.13274e-06
3.13272e-06
3.13271e-06
3.1327e-06
3.1327e-06
3.1327e-06
3.13271e-06
3.13272e-06
3.13274e-06
3.13276e-06
3.1328e-06
3.13283e-06
3.13287e-06
3.1329e-06
3.13301e-06
3.13321e-06
3.13396e-06
3.1339e-06
3.13384e-06
3.13378e-06
3.13372e-06
3.13367e-06
3.13361e-06
3.13356e-06
3.13351e-06
3.13346e-06
3.13341e-06
3.13336e-06
3.13331e-06
3.13326e-06
3.13322e-06
3.13318e-06
3.13313e-06
3.13309e-06
3.13305e-06
3.13301e-06
3.13297e-06
3.13293e-06
3.13289e-06
3.13286e-06
3.13282e-06
3.13278e-06
3.13275e-06
3.13272e-06
3.13268e-06
3.13265e-06
3.13262e-06
3.13259e-06
3.13256e-06
3.13253e-06
3.1325e-06
3.13248e-06
3.13245e-06
3.13242e-06
3.1324e-06
3.13237e-06
3.13235e-06
3.13232e-06
3.1323e-06
3.13228e-06
3.13226e-06
3.13223e-06
3.13221e-06
3.13219e-06
3.13218e-06
3.13216e-06
3.13214e-06
3.13212e-06
3.13211e-06
3.13209e-06
3.13208e-06
3.13207e-06
3.13206e-06
3.13205e-06
3.13204e-06
3.13204e-06
3.13204e-06
3.13204e-06
3.13205e-06
3.13206e-06
3.13208e-06
3.1321e-06
3.13213e-06
3.13217e-06
3.13222e-06
3.13227e-06
3.13232e-06
3.13237e-06
3.13248e-06
3.13267e-06
3.13309e-06
3.13302e-06
3.13296e-06
3.13289e-06
3.13283e-06
3.13277e-06
3.13271e-06
3.13265e-06
3.13259e-06
3.13254e-06
3.13248e-06
3.13243e-06
3.13238e-06
3.13233e-06
3.13228e-06
3.13224e-06
3.13219e-06
3.13215e-06
3.1321e-06
3.13206e-06
3.13202e-06
3.13198e-06
3.13194e-06
3.1319e-06
3.13187e-06
3.13183e-06
3.1318e-06
3.13177e-06
3.13174e-06
3.1317e-06
3.13168e-06
3.13165e-06
3.13162e-06
3.13159e-06
3.13157e-06
3.13154e-06
3.13152e-06
3.1315e-06
3.13147e-06
3.13145e-06
3.13143e-06
3.13141e-06
3.1314e-06
3.13138e-06
3.13136e-06
3.13135e-06
3.13134e-06
3.13132e-06
3.13131e-06
3.1313e-06
3.13129e-06
3.13128e-06
3.13128e-06
3.13127e-06
3.13127e-06
3.13127e-06
3.13127e-06
3.13127e-06
3.13128e-06
3.13128e-06
3.1313e-06
3.13131e-06
3.13133e-06
3.13135e-06
3.13138e-06
3.13142e-06
3.13146e-06
3.13151e-06
3.13157e-06
3.13163e-06
3.1317e-06
3.13177e-06
3.13189e-06
3.13206e-06
3.13211e-06
3.13204e-06
3.13197e-06
3.13189e-06
3.13182e-06
3.13176e-06
3.13169e-06
3.13163e-06
3.13157e-06
3.13151e-06
3.13145e-06
3.13139e-06
3.13134e-06
3.13129e-06
3.13124e-06
3.13119e-06
3.13114e-06
3.13109e-06
3.13105e-06
3.131e-06
3.13096e-06
3.13092e-06
3.13088e-06
3.13085e-06
3.13081e-06
3.13078e-06
3.13074e-06
3.13071e-06
3.13068e-06
3.13065e-06
3.13063e-06
3.1306e-06
3.13058e-06
3.13055e-06
3.13053e-06
3.13051e-06
3.13049e-06
3.13047e-06
3.13046e-06
3.13044e-06
3.13043e-06
3.13041e-06
3.1304e-06
3.13039e-06
3.13038e-06
3.13037e-06
3.13037e-06
3.13036e-06
3.13036e-06
3.13036e-06
3.13036e-06
3.13036e-06
3.13036e-06
3.13037e-06
3.13037e-06
3.13038e-06
3.13039e-06
3.13041e-06
3.13042e-06
3.13045e-06
3.13047e-06
3.1305e-06
3.13053e-06
3.13056e-06
3.13061e-06
3.13065e-06
3.13071e-06
3.13077e-06
3.13084e-06
3.13092e-06
3.131e-06
3.13109e-06
3.13122e-06
3.13138e-06
3.131e-06
3.13091e-06
3.13084e-06
3.13076e-06
3.13068e-06
3.13061e-06
3.13054e-06
3.13047e-06
3.13041e-06
3.13034e-06
3.13028e-06
3.13022e-06
3.13017e-06
3.13011e-06
3.13006e-06
3.13001e-06
3.12996e-06
3.12991e-06
3.12987e-06
3.12982e-06
3.12978e-06
3.12974e-06
3.12971e-06
3.12967e-06
3.12964e-06
3.1296e-06
3.12957e-06
3.12955e-06
3.12952e-06
3.12949e-06
3.12947e-06
3.12945e-06
3.12943e-06
3.12941e-06
3.12939e-06
3.12937e-06
3.12936e-06
3.12935e-06
3.12933e-06
3.12932e-06
3.12932e-06
3.12931e-06
3.12931e-06
3.1293e-06
3.1293e-06
3.1293e-06
3.1293e-06
3.12931e-06
3.12931e-06
3.12932e-06
3.12933e-06
3.12934e-06
3.12935e-06
3.12937e-06
3.12939e-06
3.12941e-06
3.12943e-06
3.12946e-06
3.12948e-06
3.12952e-06
3.12955e-06
3.1296e-06
3.12964e-06
3.12969e-06
3.12975e-06
3.12981e-06
3.12987e-06
3.12995e-06
3.13003e-06
3.13012e-06
3.13022e-06
3.13032e-06
3.13046e-06
3.13061e-06
3.12972e-06
3.12963e-06
3.12954e-06
3.12946e-06
3.12938e-06
3.1293e-06
3.12923e-06
3.12916e-06
3.12909e-06
3.12902e-06
3.12896e-06
3.1289e-06
3.12884e-06
3.12879e-06
3.12873e-06
3.12868e-06
3.12864e-06
3.12859e-06
3.12855e-06
3.1285e-06
3.12847e-06
3.12843e-06
3.12839e-06
3.12836e-06
3.12833e-06
3.1283e-06
3.12828e-06
3.12825e-06
3.12823e-06
3.12821e-06
3.12819e-06
3.12817e-06
3.12816e-06
3.12814e-06
3.12813e-06
3.12812e-06
3.12811e-06
3.12811e-06
3.1281e-06
3.1281e-06
3.1281e-06
3.1281e-06
3.12811e-06
3.12811e-06
3.12812e-06
3.12813e-06
3.12814e-06
3.12815e-06
3.12817e-06
3.12818e-06
3.1282e-06
3.12822e-06
3.12825e-06
3.12827e-06
3.1283e-06
3.12834e-06
3.12837e-06
3.12841e-06
3.12845e-06
3.1285e-06
3.12855e-06
3.1286e-06
3.12866e-06
3.12872e-06
3.12879e-06
3.12887e-06
3.12895e-06
3.12903e-06
3.12913e-06
3.12923e-06
3.12934e-06
3.12945e-06
3.1296e-06
3.12974e-06
3.12824e-06
3.12814e-06
3.12805e-06
3.12797e-06
3.12788e-06
3.1278e-06
3.12773e-06
3.12766e-06
3.12759e-06
3.12752e-06
3.12746e-06
3.1274e-06
3.12734e-06
3.12729e-06
3.12724e-06
3.12719e-06
3.12715e-06
3.1271e-06
3.12706e-06
3.12703e-06
3.12699e-06
3.12696e-06
3.12693e-06
3.12691e-06
3.12688e-06
3.12686e-06
3.12684e-06
3.12682e-06
3.1268e-06
3.12679e-06
3.12678e-06
3.12677e-06
3.12676e-06
3.12676e-06
3.12675e-06
3.12675e-06
3.12675e-06
3.12676e-06
3.12676e-06
3.12677e-06
3.12678e-06
3.12679e-06
3.1268e-06
3.12682e-06
3.12683e-06
3.12685e-06
3.12687e-06
3.12689e-06
3.12692e-06
3.12695e-06
3.12698e-06
3.12701e-06
3.12705e-06
3.12708e-06
3.12713e-06
3.12717e-06
3.12722e-06
3.12727e-06
3.12732e-06
3.12738e-06
3.12744e-06
3.12751e-06
3.12758e-06
3.12766e-06
3.12774e-06
3.12783e-06
3.12792e-06
3.12802e-06
3.12812e-06
3.12823e-06
3.12835e-06
3.12847e-06
3.12862e-06
3.12876e-06
3.12653e-06
3.12643e-06
3.12634e-06
3.12625e-06
3.12617e-06
3.12609e-06
3.12601e-06
3.12594e-06
3.12588e-06
3.12581e-06
3.12575e-06
3.1257e-06
3.12565e-06
3.1256e-06
3.12555e-06
3.12551e-06
3.12547e-06
3.12544e-06
3.12541e-06
3.12538e-06
3.12535e-06
3.12533e-06
3.12531e-06
3.12529e-06
3.12528e-06
3.12526e-06
3.12525e-06
3.12525e-06
3.12524e-06
3.12524e-06
3.12524e-06
3.12524e-06
3.12524e-06
3.12525e-06
3.12525e-06
3.12526e-06
3.12527e-06
3.12529e-06
3.1253e-06
3.12532e-06
3.12534e-06
3.12536e-06
3.12539e-06
3.12541e-06
3.12544e-06
3.12547e-06
3.1255e-06
3.12554e-06
3.12557e-06
3.12561e-06
3.12565e-06
3.1257e-06
3.12574e-06
3.12579e-06
3.12585e-06
3.1259e-06
3.12596e-06
3.12602e-06
3.12609e-06
3.12616e-06
3.12623e-06
3.12631e-06
3.12639e-06
3.12648e-06
3.12658e-06
3.12667e-06
3.12678e-06
3.12688e-06
3.127e-06
3.12712e-06
3.12724e-06
3.12737e-06
3.12752e-06
3.12766e-06
3.12449e-06
3.1244e-06
3.12431e-06
3.12423e-06
3.12415e-06
3.12408e-06
3.12402e-06
3.12395e-06
3.1239e-06
3.12385e-06
3.1238e-06
3.12375e-06
3.12371e-06
3.12368e-06
3.12365e-06
3.12362e-06
3.12359e-06
3.12357e-06
3.12355e-06
3.12354e-06
3.12353e-06
3.12352e-06
3.12351e-06
3.12351e-06
3.12351e-06
3.12351e-06
3.12351e-06
3.12352e-06
3.12353e-06
3.12354e-06
3.12356e-06
3.12357e-06
3.12359e-06
3.12361e-06
3.12363e-06
3.12365e-06
3.12368e-06
3.12371e-06
3.12373e-06
3.12376e-06
3.1238e-06
3.12383e-06
3.12387e-06
3.12391e-06
3.12395e-06
3.12399e-06
3.12403e-06
3.12408e-06
3.12413e-06
3.12418e-06
3.12423e-06
3.12428e-06
3.12434e-06
3.1244e-06
3.12446e-06
3.12453e-06
3.1246e-06
3.12467e-06
3.12475e-06
3.12483e-06
3.12491e-06
3.125e-06
3.12509e-06
3.12519e-06
3.12529e-06
3.1254e-06
3.12551e-06
3.12563e-06
3.12575e-06
3.12587e-06
3.126e-06
3.12613e-06
3.12627e-06
3.12641e-06
3.12654e-06
3.12211e-06
3.12202e-06
3.12195e-06
3.12188e-06
3.12182e-06
3.12176e-06
3.12171e-06
3.12167e-06
3.12163e-06
3.1216e-06
3.12157e-06
3.12154e-06
3.12152e-06
3.12151e-06
3.1215e-06
3.12149e-06
3.12149e-06
3.12149e-06
3.12149e-06
3.1215e-06
3.12151e-06
3.12152e-06
3.12154e-06
3.12155e-06
3.12157e-06
3.1216e-06
3.12162e-06
3.12165e-06
3.12168e-06
3.12171e-06
3.12174e-06
3.12178e-06
3.12181e-06
3.12185e-06
3.12189e-06
3.12193e-06
3.12197e-06
3.12202e-06
3.12206e-06
3.12211e-06
3.12216e-06
3.1222e-06
3.12225e-06
3.12231e-06
3.12236e-06
3.12241e-06
3.12247e-06
3.12253e-06
3.12258e-06
3.12265e-06
3.12271e-06
3.12277e-06
3.12284e-06
3.12291e-06
3.12298e-06
3.12306e-06
3.12313e-06
3.12321e-06
3.1233e-06
3.12339e-06
3.12348e-06
3.12357e-06
3.12367e-06
3.12377e-06
3.12388e-06
3.12399e-06
3.12411e-06
3.12423e-06
3.12435e-06
3.12447e-06
3.1246e-06
3.12473e-06
3.12486e-06
3.12499e-06
3.12511e-06
3.11928e-06
3.11925e-06
3.11922e-06
3.11919e-06
3.11917e-06
3.11915e-06
3.11913e-06
3.11912e-06
3.11911e-06
3.11911e-06
3.11911e-06
3.11911e-06
3.11912e-06
3.11913e-06
3.11914e-06
3.11916e-06
3.11919e-06
3.11921e-06
3.11924e-06
3.11928e-06
3.11931e-06
3.11935e-06
3.1194e-06
3.11944e-06
3.11949e-06
3.11954e-06
3.1196e-06
3.11965e-06
3.11971e-06
3.11976e-06
3.11982e-06
3.11988e-06
3.11994e-06
3.12e-06
3.12006e-06
3.12012e-06
3.12019e-06
3.12025e-06
3.12031e-06
3.12037e-06
3.12044e-06
3.1205e-06
3.12057e-06
3.12063e-06
3.12069e-06
3.12076e-06
3.12083e-06
3.12089e-06
3.12096e-06
3.12103e-06
3.1211e-06
3.12118e-06
3.12125e-06
3.12133e-06
3.1214e-06
3.12148e-06
3.12157e-06
3.12165e-06
3.12174e-06
3.12183e-06
3.12192e-06
3.12202e-06
3.12212e-06
3.12222e-06
3.12233e-06
3.12244e-06
3.12255e-06
3.12267e-06
3.12279e-06
3.12291e-06
3.12302e-06
3.12314e-06
3.12327e-06
3.12339e-06
3.1235e-06
3.11755e-06
3.11753e-06
3.11749e-06
3.11746e-06
3.11742e-06
3.11737e-06
3.11733e-06
3.11728e-06
3.11723e-06
3.11719e-06
3.11716e-06
3.11713e-06
3.1171e-06
3.11709e-06
3.11709e-06
3.1171e-06
3.11711e-06
3.11713e-06
3.11715e-06
3.11717e-06
3.11721e-06
3.11725e-06
3.11729e-06
3.11734e-06
3.1174e-06
3.11747e-06
3.11754e-06
3.11762e-06
3.1177e-06
3.11778e-06
3.11786e-06
3.11794e-06
3.11803e-06
3.11811e-06
3.11819e-06
3.11828e-06
3.11836e-06
3.11844e-06
3.11852e-06
3.1186e-06
3.11868e-06
3.11876e-06
3.11884e-06
3.11891e-06
3.11899e-06
3.11906e-06
3.11914e-06
3.11921e-06
3.11929e-06
3.11936e-06
3.11944e-06
3.11951e-06
3.11959e-06
3.11966e-06
3.11974e-06
3.11982e-06
3.1199e-06
3.11998e-06
3.12007e-06
3.12015e-06
3.12024e-06
3.12033e-06
3.12043e-06
3.12053e-06
3.12063e-06
3.12073e-06
3.12083e-06
3.12094e-06
3.12105e-06
3.12115e-06
3.12125e-06
3.12135e-06
3.12147e-06
3.12157e-06
3.12166e-06
3.11934e-06
3.11928e-06
3.11919e-06
3.11906e-06
3.1189e-06
3.11871e-06
3.1185e-06
3.11828e-06
3.11806e-06
3.11784e-06
3.11763e-06
3.11744e-06
3.11725e-06
3.11707e-06
3.1169e-06
3.11673e-06
3.11659e-06
3.11645e-06
3.11632e-06
3.11621e-06
3.11611e-06
3.11602e-06
3.11596e-06
3.1159e-06
3.11587e-06
3.11585e-06
3.11586e-06
3.11588e-06
3.11593e-06
3.116e-06
3.11607e-06
3.11615e-06
3.11623e-06
3.11631e-06
3.11641e-06
3.11651e-06
3.1166e-06
3.1167e-06
3.1168e-06
3.11689e-06
3.11697e-06
3.11706e-06
3.11714e-06
3.11722e-06
3.1173e-06
3.11738e-06
3.11745e-06
3.11752e-06
3.1176e-06
3.11767e-06
3.11774e-06
3.1178e-06
3.11787e-06
3.11794e-06
3.11801e-06
3.11808e-06
3.11815e-06
3.11822e-06
3.1183e-06
3.11837e-06
3.11844e-06
3.11852e-06
3.1186e-06
3.11868e-06
3.11876e-06
3.11885e-06
3.11893e-06
3.11902e-06
3.11911e-06
3.11919e-06
3.11926e-06
3.11933e-06
3.11943e-06
3.1195e-06
3.11957e-06
3.12122e-06
3.12086e-06
3.12046e-06
3.1201e-06
3.11976e-06
3.11943e-06
3.11913e-06
3.11884e-06
3.11856e-06
3.11829e-06
3.11804e-06
3.1178e-06
3.11757e-06
3.11735e-06
3.11714e-06
3.11693e-06
3.11674e-06
3.11656e-06
3.11638e-06
3.11621e-06
3.11605e-06
3.11589e-06
3.11575e-06
3.11562e-06
3.11551e-06
3.11542e-06
3.11535e-06
3.11529e-06
3.11525e-06
3.11519e-06
3.11514e-06
3.11509e-06
3.11505e-06
3.11502e-06
3.11502e-06
3.11506e-06
3.11513e-06
3.11523e-06
3.11532e-06
3.1154e-06
3.11547e-06
3.11554e-06
3.11561e-06
3.11567e-06
3.11574e-06
3.11579e-06
3.11585e-06
3.11591e-06
3.11596e-06
3.11601e-06
3.11606e-06
3.11611e-06
3.11615e-06
3.1162e-06
3.11625e-06
3.11629e-06
3.11634e-06
3.11639e-06
3.11643e-06
3.11648e-06
3.11653e-06
3.11657e-06
3.11662e-06
3.11667e-06
3.11672e-06
3.11678e-06
3.11683e-06
3.11688e-06
3.11694e-06
3.11698e-06
3.11702e-06
3.11705e-06
3.11711e-06
3.11716e-06
3.11719e-06
)
;

boundaryField
{
    walls
    {
        type            fixedValue;
        value           uniform 0;
    }
    frontAndBack
    {
        type            empty;
    }
    farfield
    {
        type            calculated;
        value           uniform 3.11449e-06;
    }
    procBoundary2to0
    {
        type            processor;
        value           nonuniform List<scalar> 
113
(
1.06071e-09
9.57938e-08
6.63325e-07
1.98643e-06
4.02996e-06
6.68284e-06
9.59734e-06
1.22135e-05
1.39256e-05
1.39256e-05
2.68285e-05
2.68285e-05
5.62273e-05
5.62273e-05
9.53775e-05
0.000100257
0.000100572
9.54008e-05
8.36944e-05
6.57917e-05
4.3807e-05
2.3834e-05
1.06113e-05
5.45826e-06
3.31053e-06
2.47024e-06
2.40806e-06
2.55516e-06
2.63555e-06
2.78256e-06
3.05188e-06
3.05786e-06
3.05786e-06
3.00649e-06
3.06866e-06
3.14426e-06
3.18465e-06
3.19836e-06
3.20865e-06
3.21833e-06
3.22243e-06
3.22059e-06
3.21571e-06
3.21073e-06
3.21144e-06
3.21852e-06
3.15761e-06
3.15443e-06
3.15508e-06
3.15769e-06
3.1609e-06
3.19401e-06
3.16225e-06
3.15761e-06
3.15384e-06
3.15005e-06
3.14707e-06
3.14573e-06
3.14491e-06
3.1447e-06
3.14617e-06
3.14617e-06
3.14463e-06
3.14406e-06
3.14467e-06
3.14467e-06
3.14295e-06
3.14192e-06
3.1411e-06
3.14049e-06
3.14003e-06
3.13942e-06
3.13888e-06
3.1384e-06
3.138e-06
3.13766e-06
3.13738e-06
3.13714e-06
3.13691e-06
3.13671e-06
3.13652e-06
3.13652e-06
3.1364e-06
3.13626e-06
3.13617e-06
3.13613e-06
3.13608e-06
3.136e-06
3.13591e-06
3.1358e-06
3.13566e-06
3.13549e-06
3.13529e-06
3.13506e-06
3.13479e-06
3.13449e-06
3.13413e-06
3.13373e-06
3.13327e-06
3.13275e-06
3.13216e-06
3.13149e-06
3.13073e-06
3.12987e-06
3.1289e-06
3.12779e-06
3.12779e-06
3.12666e-06
3.12523e-06
3.12359e-06
3.12174e-06
3.11962e-06
3.11722e-06
)
;
    }
    procBoundary2to3
    {
        type            processor;
        value           nonuniform List<scalar> 
108
(
1.11285e-11
1.06966e-09
1.0477e-08
5.16571e-08
1.81709e-07
5.21345e-07
1.30153e-06
2.92841e-06
6.05086e-06
1.15519e-05
2.03362e-05
3.2989e-05
4.957e-05
6.96513e-05
9.25453e-05
0.00011758
0.00014428
0.000172418
0.000201963
0.000233284
0.000233282
0.000233261
0.000233231
0.000233191
0.00023314
0.000233081
0.000233011
0.000233011
0.000266413
0.000301458
0.000338606
0.000377961
0.000419556
0.000463343
0.000509173
0.00055678
0.000605761
0.000655549
0.000705384
0.00075427
0.00075427
0.00080427
0.000847939
0.000885945
0.000915835
0.000934608
0.000938631
0.000923551
0.000884237
0.000814768
0.000708574
0.000558804
0.000358194
0.000113396
7.14454e-06
2.96907e-06
2.87883e-06
2.93128e-06
2.97697e-06
3.01272e-06
3.04059e-06
3.0623e-06
3.07919e-06
3.09237e-06
3.1028e-06
3.11142e-06
3.11952e-06
3.12665e-06
3.12878e-06
3.12879e-06
3.12894e-06
3.13031e-06
3.13166e-06
3.13276e-06
3.1337e-06
3.13464e-06
3.13596e-06
3.13717e-06
3.13756e-06
3.1378e-06
3.13797e-06
3.13808e-06
3.13817e-06
3.13826e-06
3.13835e-06
3.13841e-06
3.1384e-06
3.13828e-06
3.13805e-06
3.1377e-06
3.13726e-06
3.13673e-06
3.13614e-06
3.1355e-06
3.13479e-06
3.13402e-06
3.13316e-06
3.13219e-06
3.13108e-06
3.12981e-06
3.12833e-06
3.12663e-06
3.12458e-06
3.1222e-06
3.11932e-06
3.11757e-06
3.11935e-06
3.12186e-06
)
;
    }
}


// ************************************************************************* //
