/*--------------------------------*- C++ -*----------------------------------*\
| =========                 |                                                 |
| \\      /  F ield         | OpenFOAM: The Open Source CFD Toolbox           |
|  \\    /   O peration     | Version:  2412                                  |
|   \\  /    A nd           | Website:  www.openfoam.com                      |
|    \\/     M anipulation  |                                                 |
\*---------------------------------------------------------------------------*/
FoamFile
{
    version     2.0;
    format      ascii;
    arch        "LSB;label=32;scalar=64";
    class       volScalarField;
    location    "340";
    object      p;
}
// * * * * * * * * * * * * * * * * * * * * * * * * * * * * * * * * * * * * * //

dimensions      [0 2 -2 0 0 0 0];

internalField   nonuniform List<scalar> 
8637
(
28.0231
27.5096
27.0127
26.5305
26.0595
25.6068
25.1758
24.7628
24.3685
23.9919
23.635
23.2999
22.9873
22.6932
22.4167
22.1641
21.9357
21.7305
21.5489
21.3926
21.262
21.1583
21.0826
21.036
21.0189
21.0344
21.0848
21.1693
21.2915
21.455
21.6608
21.9112
22.2083
22.5555
22.9569
23.4179
23.9404
24.5268
25.184
25.9157
26.7253
27.6213
28.6093
29.6927
30.878
32.1728
33.585
35.123
36.7935
38.6023
40.5597
42.6771
44.9638
47.4294
50.0832
52.9365
56.0046
59.2983
62.8289
66.6127
70.6645
75.0007
79.6355
84.5876
89.8816
95.5299
101.558
107.994
114.856
122.181
129.99
138.326
147.22
156.712
166.858
177.688
189.274
201.665
214.932
229.147
244.387
260.715
278.223
296.97
316.984
338.238
360.59
383.642
28.0231
27.5096
27.0127
26.5305
26.0595
25.6068
25.1758
24.7628
24.3685
23.9919
23.635
23.2999
22.9873
22.6932
22.4167
22.1642
21.9357
21.7305
21.5489
21.3926
21.262
21.1583
21.0826
21.036
21.0189
21.0344
21.0848
21.1693
21.2915
21.455
21.6608
21.9112
22.2083
22.5555
22.957
23.4179
23.9404
24.5268
25.184
25.9157
26.7253
27.6213
28.6093
29.6927
30.878
32.1728
33.585
35.123
36.7935
38.6023
40.5597
42.6771
44.9638
47.4294
50.0832
52.9365
56.0046
59.2983
62.8289
66.6127
70.6645
75.0007
79.6355
84.5876
89.8816
95.5299
101.558
107.994
114.856
122.181
129.99
138.326
147.22
156.712
166.858
177.688
189.274
201.665
214.932
229.147
244.387
260.715
278.223
296.97
316.984
338.238
360.59
383.642
28.0231
27.5096
27.0127
26.5305
26.0595
25.6068
25.1758
24.7628
24.3685
23.9919
23.635
23.2999
22.9873
22.6932
22.4167
22.1642
21.9357
21.7305
21.5489
21.3926
21.262
21.1583
21.0826
21.036
21.0189
21.0344
21.0848
21.1693
21.2915
21.455
21.6608
21.9112
22.2084
22.5555
22.957
23.4179
23.9404
24.5268
25.184
25.9157
26.7253
27.6213
28.6093
29.6927
30.878
32.1728
33.585
35.123
36.7935
38.6023
40.5597
42.6771
44.9638
47.4294
50.0832
52.9365
56.0046
59.2983
62.8289
66.6128
70.6645
75.0007
79.6355
84.5877
89.8816
95.53
101.558
107.994
114.856
122.181
129.99
138.326
147.22
156.712
166.858
177.688
189.274
201.665
214.932
229.147
244.387
260.715
278.223
296.97
316.984
338.238
360.59
383.642
28.0232
27.5096
27.0127
26.5305
26.0595
25.6068
25.1758
24.7628
24.3686
23.9919
23.635
23.2999
22.9873
22.6932
22.4167
22.1642
21.9357
21.7305
21.5489
21.3926
21.262
21.1583
21.0826
21.036
21.0189
21.0344
21.0848
21.1693
21.2916
21.455
21.6608
21.9112
22.2084
22.5555
22.957
23.4179
23.9404
24.5268
25.184
25.9157
26.7253
27.6213
28.6093
29.6927
30.878
32.1728
33.585
35.1231
36.7935
38.6023
40.5598
42.6771
44.9638
47.4294
50.0832
52.9366
56.0047
59.2983
62.8289
66.6128
70.6645
75.0007
79.6356
84.5877
89.8817
95.53
101.558
107.994
114.856
122.181
129.99
138.326
147.221
156.712
166.858
177.688
189.274
201.665
214.932
229.147
244.387
260.715
278.224
296.97
316.985
338.238
360.59
383.642
28.0232
27.5096
27.0127
26.5305
26.0595
25.6068
25.1758
24.7629
24.3686
23.9919
23.635
23.2999
22.9873
22.6932
22.4167
22.1642
21.9357
21.7305
21.549
21.3926
21.2621
21.1583
21.0826
21.036
21.0189
21.0345
21.0848
21.1693
21.2916
21.4551
21.6609
21.9112
22.2084
22.5556
22.957
23.418
23.9404
24.5268
25.1841
25.9157
26.7253
27.6213
28.6094
29.6928
30.8781
32.1729
33.585
35.1231
36.7936
38.6024
40.5598
42.6772
44.9639
47.4295
50.0833
52.9366
56.0048
59.2984
62.829
66.6129
70.6646
75.0008
79.6357
84.5878
89.8818
95.5301
101.558
107.994
114.857
122.181
129.991
138.326
147.221
156.712
166.858
177.688
189.274
201.666
214.932
229.147
244.387
260.716
278.224
296.971
316.985
338.238
360.591
383.642
28.0232
27.5097
27.0127
26.5306
26.0596
25.6069
25.1759
24.7629
24.3686
23.9919
23.6351
23.3
22.9874
22.6933
22.4168
22.1642
21.9358
21.7306
21.549
21.3927
21.2621
21.1584
21.0827
21.0361
21.0189
21.0345
21.0849
21.1694
21.2916
21.4551
21.6609
21.9113
22.2085
22.5556
22.9571
23.418
23.9405
24.5269
25.1841
25.9158
26.7254
27.6214
28.6095
29.6929
30.8782
32.173
33.5851
35.1232
36.7937
38.6025
40.56
42.6773
44.964
47.4296
50.0834
52.9368
56.0049
59.2986
62.8292
66.6131
70.6648
75.001
79.6359
84.588
89.882
95.5303
101.558
107.994
114.857
122.182
129.991
138.326
147.221
156.712
166.858
177.689
189.274
201.666
214.933
229.148
244.388
260.716
278.225
296.972
316.986
338.239
360.592
383.644
28.0233
27.5097
27.0128
26.5306
26.0596
25.6069
25.1759
24.7629
24.3687
23.992
23.6351
23.3
22.9874
22.6933
22.4168
22.1643
21.9359
21.7306
21.5491
21.3927
21.2622
21.1584
21.0827
21.0361
21.019
21.0346
21.0849
21.1695
21.2917
21.4552
21.661
21.9114
22.2086
22.5558
22.9572
23.4182
23.9406
24.527
25.1843
25.916
26.7256
27.6216
28.6096
29.693
30.8783
32.1732
33.5853
35.1234
36.7939
38.6027
40.5602
42.6776
44.9642
47.4299
50.0837
52.9371
56.0052
59.2988
62.8295
66.6134
70.6651
75.0014
79.6362
84.5884
89.8824
95.5308
101.559
107.995
114.857
122.182
129.991
138.327
147.222
156.713
166.859
177.689
189.275
201.667
214.934
229.149
244.389
260.718
278.226
296.973
316.988
338.241
360.594
383.646
28.0234
27.5098
27.0129
26.5307
26.0597
25.607
25.176
24.763
24.3688
23.9921
23.6352
23.3002
22.9875
22.6934
22.417
22.1644
21.936
21.7308
21.5492
21.3929
21.2623
21.1586
21.0829
21.0363
21.0192
21.0347
21.0851
21.1696
21.2919
21.4554
21.6612
21.9116
22.2088
22.5559
22.9574
23.4184
23.9409
24.5273
25.1845
25.9162
26.7258
27.6218
28.6099
29.6933
30.8786
32.1735
33.5857
35.1238
36.7943
38.603
40.5605
42.678
44.9646
47.4303
50.0841
52.9375
56.0057
59.2993
62.83
66.6139
70.6657
75.0019
79.6368
84.589
89.8831
95.5315
101.56
107.995
114.858
122.183
129.992
138.328
147.223
156.714
166.86
177.691
189.277
201.669
214.935
229.15
244.391
260.72
278.228
296.976
316.99
338.244
360.597
383.649
28.0235
27.51
27.013
26.5309
26.0599
25.6072
25.1762
24.7632
24.3689
23.9923
23.6354
23.3003
22.9877
22.6936
22.4171
22.1646
21.9362
21.7309
21.5494
21.3931
21.2625
21.1588
21.0831
21.0365
21.0194
21.035
21.0853
21.1699
21.2922
21.4557
21.6615
21.9119
22.2091
22.5563
22.9577
23.4187
23.9412
24.5276
25.1849
25.9166
26.7262
27.6223
28.6103
29.6938
30.8791
32.174
33.5862
35.1243
36.7948
38.6036
40.5612
42.6786
44.9653
47.431
50.0849
52.9383
56.0065
59.3002
62.8308
66.6148
70.6666
75.0029
79.6378
84.5901
89.8842
95.5326
101.561
107.997
114.859
122.184
129.994
138.329
147.224
156.716
166.862
177.693
189.279
201.671
214.938
229.153
244.394
260.723
278.232
296.979
316.994
338.249
360.602
383.654
28.0238
27.5102
27.0133
26.5311
26.0601
25.6074
25.1764
24.7635
24.3692
23.9925
23.6357
23.3006
22.988
22.6939
22.4174
22.1649
21.9364
21.7312
21.5497
21.3934
21.2628
21.1591
21.0834
21.0368
21.0197
21.0353
21.0857
21.1702
21.2926
21.4561
21.6619
21.9123
22.2095
22.5567
22.9582
23.4192
23.9418
24.5282
25.1855
25.9172
26.7269
27.6229
28.611
29.6945
30.8799
32.1747
33.587
35.1252
36.7957
38.6046
40.5621
42.6796
44.9663
47.4321
50.086
52.9394
56.0077
59.3014
62.8322
66.6162
70.6681
75.0044
79.6394
84.5917
89.8858
95.5344
101.563
107.999
114.862
122.186
129.996
138.332
147.227
156.718
166.865
177.696
189.282
201.674
214.942
229.157
244.398
260.728
278.237
296.985
317.001
338.256
360.609
383.662
26.5315
26.0605
25.6078
25.1768
24.7638
24.3695
23.9929
23.636
23.301
22.9884
22.6943
22.4178
22.1653
21.9369
21.7317
21.5501
21.3938
21.2633
21.1596
21.0839
21.0373
21.0203
21.0359
21.0863
21.1708
21.2932
21.4567
21.6626
21.913
22.2102
22.5575
22.959
23.42
23.9426
24.529
25.1863
25.9181
26.7278
27.6239
28.6121
29.6956
30.881
32.1759
33.5882
35.1264
36.797
38.6059
40.5635
42.681
44.9679
47.4337
50.0876
52.9412
56.0094
59.3033
62.8341
66.6182
70.6702
75.0066
79.6417
84.5941
89.8883
95.537
101.565
108.001
114.864
122.19
129.999
138.335
147.23
156.722
166.869
177.7
189.287
201.679
214.947
229.163
244.404
260.734
278.245
296.993
317.01
338.265
360.62
383.673
26.532
26.061
25.6083
25.1773
24.7643
24.3701
23.9934
23.6366
23.3015
22.9889
22.6948
22.4184
22.1659
21.9374
21.7323
21.5507
21.3944
21.2639
21.1602
21.0846
21.038
21.021
21.0366
21.0871
21.1716
21.294
21.4576
21.6635
21.9139
22.2112
22.5585
22.96
23.4211
23.9437
24.5302
25.1876
25.9194
26.7292
27.6253
28.6135
29.6971
30.8826
32.1776
33.5899
35.1282
36.7989
38.6078
40.5655
42.6831
44.97
47.4359
50.09
52.9436
56.012
59.3059
62.8368
66.621
70.6731
75.0097
79.6449
84.5974
89.8918
95.5406
101.569
108.005
114.869
122.194
130.004
138.34
147.236
156.728
166.875
177.706
189.293
201.686
214.955
229.171
244.413
260.744
278.255
297.005
317.022
338.279
360.634
383.687
26.5327
26.0617
25.609
25.178
24.7651
24.3708
23.9941
23.6373
23.3023
22.9897
22.6956
22.4192
22.1667
21.9383
21.7331
21.5516
21.3953
21.2648
21.1612
21.0856
21.039
21.022
21.0377
21.0881
21.1728
21.2952
21.4588
21.6647
21.9152
22.2126
22.5599
22.9615
23.4226
23.9453
24.5319
25.1893
25.9212
26.731
27.6273
28.6155
29.6992
30.8847
32.1798
33.5923
35.1306
36.8014
38.6105
40.5683
42.686
44.973
47.439
50.0932
52.9469
56.0154
59.3095
62.8406
66.6249
70.6772
75.0139
79.6493
84.602
89.8966
95.5457
101.574
108.011
114.874
122.2
130.01
138.347
147.243
156.735
166.883
177.715
189.302
201.696
214.965
229.182
244.425
260.757
278.269
297.02
317.039
338.296
360.653
383.706
26.5336
26.0626
25.6099
25.179
24.766
24.3718
23.9951
23.6383
23.3033
22.9907
22.6967
22.4202
22.1677
21.9394
21.7342
21.5528
21.3965
21.2661
21.1624
21.0868
21.0404
21.0234
21.0391
21.0896
21.1743
21.2967
21.4604
21.6664
21.917
22.2144
22.5618
22.9635
23.4247
23.9474
24.5341
25.1916
25.9236
26.7335
27.6298
28.6182
29.7019
30.8876
32.1828
33.5954
35.1339
36.8048
38.614
40.5719
42.6897
44.9769
47.4431
50.0974
52.9513
56.02
59.3143
62.8455
66.6301
70.6826
75.0195
79.6551
84.6081
89.903
95.5523
101.581
108.018
114.882
122.208
130.019
138.356
147.252
156.745
166.893
177.726
189.314
201.709
214.979
229.197
244.441
260.774
278.288
297.04
317.06
338.319
360.677
383.73
26.5348
26.0638
25.6112
25.1802
24.7673
24.373
23.9964
23.6396
23.3046
22.992
22.698
22.4216
22.1692
21.9408
21.7357
21.5543
21.3981
21.2677
21.1641
21.0885
21.0421
21.0252
21.041
21.0915
21.1763
21.2988
21.4625
21.6686
21.9192
22.2167
22.5642
22.966
23.4273
23.9501
24.5369
25.1945
25.9266
26.7367
27.6331
28.6216
29.7055
30.8913
32.1867
33.5994
35.138
36.8091
38.6185
40.5766
42.6946
44.982
47.4483
50.1029
52.957
56.0259
59.3204
62.8519
66.6367
70.6895
75.0267
79.6627
84.616
89.9112
95.5609
101.59
108.028
114.892
122.219
130.03
138.367
147.264
156.758
166.907
177.74
189.33
201.726
214.997
229.216
244.462
260.797
278.312
297.066
317.088
338.349
360.706
383.759
26.5364
26.0654
25.6128
25.1818
24.7689
24.3747
23.9981
23.6413
23.3063
22.9938
22.6998
22.4234
22.171
21.9427
21.7377
21.5563
21.4001
21.2697
21.1662
21.0907
21.0444
21.0275
21.0433
21.094
21.1788
21.3014
21.4652
21.6714
21.9221
22.2197
22.5673
22.9692
23.4306
23.9536
24.5405
25.1983
25.9305
26.7407
27.6373
28.626
29.71
30.896
32.1915
33.6045
35.1433
36.8146
38.6241
40.5825
42.7008
44.9884
47.455
50.1098
52.9642
56.0334
59.3282
62.86
66.6452
70.6983
75.0359
79.6723
84.626
89.9217
95.5719
101.602
108.04
114.905
122.232
130.044
138.382
147.28
156.775
166.925
177.759
189.35
201.747
215.019
229.241
244.488
260.825
278.342
297.098
317.122
338.384
360.743
383.794
26.5384
26.0675
25.6148
25.1839
24.771
24.3768
24.0002
23.6435
23.3085
22.996
22.7021
22.4258
22.1734
21.9451
21.7401
21.5588
21.4027
21.2724
21.1689
21.0935
21.0472
21.0304
21.0464
21.0971
21.182
21.3047
21.4687
21.6749
21.9258
22.2235
22.5712
22.9733
23.4348
23.958
24.545
25.203
25.9354
26.7457
27.6426
28.6314
29.7157
30.9019
32.1976
33.6108
35.1499
36.8214
38.6312
40.5898
42.7084
44.9963
47.4632
50.1184
52.9731
56.0427
59.3379
62.8701
66.6557
70.7093
75.0474
79.6842
84.6385
89.9348
95.5856
101.616
108.055
114.92
122.248
130.061
138.401
147.3
156.795
166.946
177.783
189.375
201.773
215.048
229.271
244.521
260.86
278.38
297.138
317.164
338.427
360.785
383.834
26.5409
26.07
25.6174
25.1865
24.7736
24.3795
24.0029
23.6462
23.3113
22.9988
22.7049
22.4287
22.1763
21.9481
21.7432
21.5619
21.4059
21.2757
21.1723
21.097
21.0508
21.0341
21.0501
21.101
21.186
21.3088
21.4729
21.6793
21.9303
22.2282
22.5761
22.9783
23.44
23.9633
24.5506
25.2087
25.9413
26.752
27.649
28.6381
29.7226
30.9091
32.2051
33.6185
35.1579
36.8297
38.6399
40.5989
42.7178
45.0061
47.4734
50.1289
52.9841
56.0542
59.3498
62.8826
66.6687
70.7228
75.0615
79.699
84.654
89.9509
95.6024
101.634
108.073
114.94
122.269
130.083
138.423
147.324
156.821
166.974
177.811
189.405
201.806
215.083
229.309
244.561
260.903
278.425
297.186
317.213
338.478
360.835
383.88
26.5441
26.0732
25.6206
25.1897
24.7769
24.3828
24.0063
23.6496
23.3147
23.0023
22.7085
22.4323
22.18
21.9519
21.747
21.5658
21.4099
21.2797
21.1764
21.1012
21.0552
21.0386
21.0547
21.1057
21.1909
21.3139
21.4781
21.6847
21.9359
22.2339
22.582
22.9844
23.4464
23.9699
24.5574
25.2158
25.9486
26.7595
27.6569
28.6462
29.7311
30.9178
32.2142
33.628
35.1677
36.8399
38.6505
40.6099
42.7293
45.018
47.4858
50.1418
52.9976
56.0681
59.3644
62.8977
66.6845
70.7393
75.0787
79.7169
84.6728
89.9705
95.623
101.656
108.096
114.964
122.294
130.109
138.451
147.353
156.852
167.007
177.847
189.443
201.846
215.125
229.354
244.609
260.954
278.478
297.242
317.271
338.535
360.89
383.93
26.548
26.0772
25.6246
25.1938
24.781
24.3869
24.0104
23.6538
23.319
23.0066
22.7129
22.4367
22.1845
21.9565
21.7517
21.5706
21.4148
21.2847
21.1816
21.1065
21.0605
21.0441
21.0604
21.1115
21.1969
21.32
21.4844
21.6912
21.9426
22.2409
22.5892
22.9919
23.4541
23.9779
24.5656
25.2243
25.9575
26.7687
27.6664
28.6561
29.7413
30.9284
32.2252
33.6394
35.1796
36.8523
38.6633
40.6232
42.7431
45.0324
47.5007
50.1574
53.0137
56.085
59.3819
62.916
66.7036
70.7592
75.0994
79.7386
84.6955
89.9943
95.6479
101.682
108.123
114.993
122.324
130.141
138.485
147.389
156.89
167.047
177.889
189.488
201.894
215.176
229.408
244.666
261.013
278.54
297.306
317.336
338.6
360.952
383.984
26.5529
26.0821
25.6295
25.1987
24.786
24.3919
24.0155
23.659
23.3242
23.0119
22.7182
22.4422
22.1901
21.9621
21.7574
21.5765
21.4207
21.2908
21.1878
21.1128
21.067
21.0508
21.0673
21.1186
21.2041
21.3275
21.4921
21.6991
21.9508
22.2493
22.5979
23.0008
23.4633
23.9874
24.5756
25.2346
25.9681
26.7797
27.6778
28.6679
29.7535
30.9412
32.2384
33.6531
35.1938
36.867
38.6786
40.6392
42.7597
45.0496
47.5186
50.176
53.0331
56.1052
59.4029
62.9379
66.7264
70.783
75.1243
79.7647
84.7227
90.0228
95.6778
101.713
108.156
115.027
122.361
130.18
138.526
147.432
156.935
167.094
177.94
189.541
201.95
215.236
229.471
244.731
261.08
278.613
297.379
317.409
338.672
361.02
384.044
26.5588
26.088
25.6355
25.2048
24.7921
24.3981
24.0217
23.6653
23.3306
23.0183
22.7247
22.4488
22.1968
21.9689
21.7644
21.5835
21.4279
21.2982
21.1953
21.1205
21.0749
21.0588
21.0755
21.127
21.2128
21.3364
21.5013
21.7086
21.9605
22.2594
22.6083
23.0116
23.4744
23.9989
24.5874
25.2468
25.9808
26.7929
27.6914
28.682
29.7682
30.9563
32.2542
33.6695
35.2108
36.8846
38.6969
40.6581
42.7794
45.0701
47.5399
50.1981
53.0562
56.1292
59.4279
62.964
66.7536
70.8114
75.154
79.7956
84.7551
90.0567
95.7133
101.75
108.195
115.068
122.404
130.225
138.574
147.482
156.989
167.151
177.999
189.604
202.016
215.305
229.544
244.804
261.16
278.693
297.46
317.491
338.751
361.094
384.109
26.566
26.0952
25.6428
25.2121
24.7994
24.4055
24.0293
23.6728
23.3382
23.0261
22.7326
22.4567
22.2048
21.9771
21.7727
21.592
21.4366
21.307
21.2043
21.1297
21.0843
21.0685
21.0854
21.1371
21.2232
21.3471
21.5123
21.7199
21.9721
22.2713
22.6206
23.0243
23.4876
24.0125
24.6015
25.2614
25.9959
26.8085
27.7076
28.6987
29.7855
30.9743
32.2728
33.6888
35.2308
36.9054
38.7185
40.6806
42.8027
45.0943
47.5651
50.2244
53.0835
56.1576
59.4575
62.9949
66.7858
70.845
75.1891
79.8323
84.7935
90.0968
95.7553
101.794
108.242
115.117
122.455
130.279
138.63
147.541
157.051
167.216
178.068
189.676
202.091
215.383
229.626
244.886
261.25
278.782
297.55
317.581
338.839
361.176
384.18
26.5747
26.1039
25.6515
25.2209
24.8083
24.4144
24.0383
23.6819
23.3474
23.0354
22.742
22.4663
22.2145
21.9869
21.7827
21.6021
21.4469
21.3175
21.215
21.1406
21.0955
21.0799
21.0971
21.1492
21.2355
21.3598
21.5253
21.7333
21.9859
22.2855
22.6353
23.0395
23.5032
24.0286
24.6181
25.2786
26.0136
26.8269
27.7266
28.7185
29.8059
30.9955
32.2947
33.7116
35.2544
36.9299
38.7439
40.707
42.8302
45.1229
47.5948
50.2552
53.1156
56.1911
59.4924
63.0312
66.8237
70.8846
75.2304
79.8755
84.8386
90.144
95.8047
101.846
108.296
115.174
122.514
130.341
138.695
147.61
157.123
167.291
178.146
189.757
202.176
215.472
229.718
244.981
261.346
278.882
297.651
317.681
338.936
361.266
384.257
26.5851
26.1143
25.662
25.2314
24.8189
24.4251
24.049
23.6928
23.3583
23.0464
22.7532
22.4776
22.226
21.9986
21.7945
21.6141
21.4591
21.3299
21.2277
21.1536
21.1087
21.0934
21.1109
21.1633
21.2501
21.3747
21.5407
21.749
22.0022
22.3022
22.6525
23.0572
23.5215
24.0475
24.6377
25.2988
26.0345
26.8485
27.749
28.7416
29.8299
31.0203
32.3205
33.7382
35.2821
36.9586
38.7737
40.738
42.8623
45.1563
47.6295
50.2914
53.1533
56.2303
59.5332
63.0737
66.8681
70.9309
75.2787
79.9259
84.8913
90.1991
95.8623
101.906
108.359
115.239
122.583
130.413
138.77
147.688
157.204
167.376
178.234
189.849
202.272
215.571
229.82
245.087
261.455
278.992
297.762
317.791
339.043
361.365
384.341
26.5974
26.1268
25.6745
25.2439
24.8314
24.4377
24.0618
23.7057
23.3713
23.0595
22.7664
22.491
22.2395
22.0123
21.8084
21.6283
21.4735
21.3446
21.2426
21.1688
21.1243
21.1094
21.1272
21.18
21.2672
21.3923
21.5587
21.7676
22.0212
22.3218
22.6727
23.078
23.543
24.0696
24.6605
25.3224
26.0589
26.8737
27.7751
28.7686
29.8578
31.0493
32.3505
33.7694
35.3144
36.9921
38.8085
40.7741
42.8998
45.1953
47.6701
50.3335
53.1972
56.2759
59.5808
63.1233
66.9197
70.9847
75.3348
79.9844
84.9524
90.2627
95.9287
101.976
108.431
115.315
122.661
130.494
138.855
147.776
157.296
167.471
178.333
189.952
202.379
215.682
229.935
245.205
261.576
279.115
297.886
317.914
339.161
361.473
384.432
26.6121
26.1414
25.6892
25.2587
24.8463
24.4527
24.0768
23.7208
23.3866
23.0749
22.782
22.5068
22.2555
22.0285
21.8248
21.645
21.4904
21.3618
21.2601
21.1867
21.1425
21.128
21.1463
21.1995
21.2872
21.4128
21.5797
21.7892
22.0434
22.3447
22.6962
23.1023
23.568
24.0954
24.6871
25.3498
26.0873
26.903
27.8054
28.8
29.8903
31.0829
32.3854
33.8055
35.3519
37.0309
38.8488
40.816
42.9434
45.2405
47.7171
50.3824
53.248
56.3289
59.6358
63.1806
66.9794
71.0468
75.3995
80.0517
85.0225
90.3355
96.0044
102.054
108.513
115.4
122.75
130.586
138.95
147.875
157.399
167.578
178.444
190.067
202.498
215.805
230.062
245.337
261.711
279.253
298.024
318.05
339.291
361.592
384.53
26.6294
26.1588
25.7065
25.2761
24.8638
24.4703
24.0945
23.7387
23.4046
23.093
22.8003
22.5252
22.2742
22.0474
21.844
21.6644
21.5102
21.3819
21.2806
21.2075
21.1638
21.1497
21.1685
21.2222
21.3104
21.4366
21.6042
21.8142
22.0691
22.3712
22.7235
23.1304
23.5969
24.1252
24.7179
25.3816
26.1201
26.9369
27.8405
28.8362
29.9278
31.1218
32.4256
33.8473
35.3952
37.0758
38.8954
40.8644
42.9936
45.2927
47.7713
50.4388
53.3066
56.3898
59.6991
63.2464
67.0477
71.1178
75.4732
80.1283
85.102
90.418
96.09
102.143
108.605
115.495
122.849
130.689
139.057
147.986
157.514
167.698
178.569
190.196
202.632
215.944
230.205
245.483
261.861
279.405
298.177
318.201
339.435
361.722
384.635
26.6497
26.179
25.7269
25.2965
24.8843
24.4908
24.1152
23.7595
23.4255
23.1141
22.8216
22.5467
22.2959
22.0694
21.8663
21.6871
21.5331
21.4052
21.3043
21.2317
21.1884
21.1749
21.1941
21.2484
21.3373
21.4642
21.6324
21.8432
22.0989
22.4017
22.7549
23.1628
23.6302
24.1596
24.7533
25.4182
26.1578
26.976
27.8808
28.8779
29.971
31.1665
32.472
33.8953
35.4449
37.1274
38.949
40.92
43.0513
45.3525
47.8334
50.5032
53.3735
56.4592
59.7711
63.3211
67.1252
71.1982
75.5565
80.2146
85.1915
90.5109
96.1863
102.243
108.708
115.603
122.961
130.805
139.178
148.111
157.644
167.832
178.708
190.341
202.782
216.098
230.365
245.647
262.028
279.575
298.347
318.367
339.592
361.862
384.746
26.6733
26.2027
25.7506
25.3203
24.9081
24.5148
24.1393
23.7837
23.4498
23.1386
22.8462
22.5717
22.3211
22.0949
21.8921
21.7132
21.5597
21.4321
21.3316
21.2595
21.2169
21.2039
21.2237
21.2787
21.3682
21.4958
21.6648
21.8765
22.133
22.4368
22.791
23.1999
23.6685
24.1989
24.7939
25.4601
26.2011
27.0207
27.927
28.9257
30.0204
31.2176
32.525
33.9502
35.5018
37.1863
39.01
40.9833
43.1169
45.4206
47.9039
50.5763
53.4493
56.5376
59.8524
63.4053
67.2125
71.2887
75.6502
80.3118
85.2923
90.6152
96.2945
102.355
108.825
115.724
123.086
130.935
139.312
148.251
157.789
167.983
178.864
190.503
202.949
216.272
230.543
245.83
262.215
279.763
298.535
318.55
339.764
362.014
384.863
26.7007
26.2301
25.778
25.3478
24.9357
24.5424
24.1671
23.8116
23.4779
23.1669
22.8749
22.6005
22.3502
22.1242
21.9218
21.7432
21.5901
21.4631
21.3631
21.2916
21.2495
21.237
21.2575
21.3132
21.4035
21.532
21.7019
21.9144
22.172
22.4768
22.8321
23.2422
23.712
24.2437
24.8401
25.5077
26.2502
27.0715
27.9796
28.98
30.0765
31.2757
32.5851
34.0124
35.5662
37.253
39.0791
41.0548
43.1911
45.4973
47.9834
50.6586
53.5346
56.626
59.9439
63.5002
67.3108
71.3904
75.7557
80.4211
85.4056
90.7326
96.4162
102.482
108.956
115.859
123.226
131.081
139.464
148.408
157.952
168.151
179.04
190.684
203.136
216.465
230.742
246.034
262.422
279.972
298.742
318.751
339.951
362.176
384.983
26.7327
26.2619
25.8096
25.3795
24.9674
24.5742
24.199
23.8437
23.5104
23.1997
22.9075
22.6332
22.3832
22.1577
21.9556
21.7775
21.6248
21.4983
21.3988
21.328
21.2864
21.2745
21.2959
21.3524
21.4436
21.573
21.7438
21.9574
22.216
22.522
22.8787
23.2901
23.7612
24.2944
24.8924
25.5617
26.3059
27.129
28.039
29.0413
30.1399
31.3413
32.653
34.0827
35.6389
37.3282
39.157
41.1355
43.2746
45.5838
48.0729
50.7513
53.6307
56.7255
60.0469
63.6069
67.4213
71.505
75.8743
80.544
85.5331
90.8647
96.5531
102.624
109.103
116.012
123.385
131.245
139.634
148.584
158.135
168.341
179.236
190.887
203.346
216.681
230.964
246.261
262.652
280.203
298.97
318.97
340.154
362.348
385.104
26.769
26.2976
25.8456
25.4156
25.0036
24.6104
24.2353
23.8803
23.5471
23.2365
22.944
22.6701
22.4207
22.1956
21.9939
21.8162
21.6641
21.538
21.4391
21.369
21.3281
21.3169
21.3392
21.3966
21.4887
21.6192
21.7911
22.0058
22.2657
22.573
22.9311
23.344
23.8167
24.3516
24.9513
25.6224
26.3686
27.1938
28.1059
29.1105
30.2114
31.4152
32.7295
34.1619
35.7208
37.4129
39.2447
41.2264
43.3687
45.6812
48.1737
50.8558
53.7389
56.8376
60.163
63.7271
67.5459
71.634
76.0079
80.6824
85.6765
91.0132
96.7071
102.783
109.268
116.183
123.562
131.429
139.825
148.782
158.34
168.553
179.455
191.114
203.58
216.922
231.21
246.512
262.906
280.457
299.22
319.209
340.37
362.527
385.223
26.8092
26.3379
25.8865
25.4565
25.0445
24.6514
24.2763
23.9214
23.5883
23.2777
22.9855
22.7121
22.4631
22.2383
22.037
21.8598
21.7082
21.5827
21.4845
21.4151
21.3749
21.3647
21.3879
21.4462
21.5395
21.6711
21.8442
22.0602
22.3215
22.6304
22.99
23.4047
23.8792
24.4159
25.0176
25.6908
26.4392
27.2667
28.1813
29.1883
30.2919
31.4985
32.8156
34.251
35.8131
37.5084
39.3436
41.3287
43.4747
45.791
48.2874
50.9734
53.8607
56.9638
60.2937
63.8625
67.6861
71.7792
76.1583
80.8382
85.838
91.1803
96.8802
102.963
109.454
116.376
123.762
131.636
140.039
149.004
158.57
168.79
179.701
191.367
203.841
217.19
231.484
246.791
263.187
280.737
299.493
319.466
340.601
362.711
385.334
26.8552
26.3842
25.9327
25.5026
25.0904
24.6973
24.3224
23.9677
23.6347
23.3242
23.0322
22.7592
22.5105
22.2861
22.0853
21.9087
21.7576
21.6328
21.5354
21.4667
21.4275
21.4182
21.4425
21.5019
21.5964
21.7294
21.9039
22.1214
22.3843
22.6948
23.0563
23.473
23.9495
24.4883
25.0924
25.7679
26.5188
27.349
28.2662
29.2761
30.3827
31.5924
32.9128
34.3516
35.9171
37.616
39.455
41.4442
43.5942
45.9147
48.4154
51.106
53.9981
57.106
60.4409
64.015
67.844
71.9427
76.3276
81.0135
86.0195
91.3683
97.0749
103.164
109.663
116.592
123.985
131.868
140.279
149.252
158.827
169.055
179.975
191.649
204.131
217.487
231.788
247.099
263.496
281.042
299.788
319.742
340.842
362.897
385.431
26.9068
26.4358
25.9843
25.5541
25.1419
24.7488
24.374
24.0193
23.6865
23.3761
23.0844
22.8118
22.5636
22.3397
22.1394
21.9634
21.813
21.689
21.5924
21.5246
21.4863
21.4782
21.5038
21.5644
21.6603
21.7948
21.9709
22.1902
22.4549
22.7675
23.1311
23.5499
24.0287
24.57
25.1766
25.8549
26.6085
27.4417
28.3621
29.3752
30.4851
31.6984
33.0224
34.465
36.0344
37.7374
39.5807
41.5743
43.7289
46.0541
48.5598
51.2554
54.1528
57.2662
60.6067
64.1866
68.0217
72.1267
76.518
81.2107
86.2237
91.5796
97.2936
103.391
109.897
116.835
124.236
132.128
140.547
149.53
159.114
169.351
180.28
191.963
204.453
217.817
232.123
247.437
263.834
281.374
300.107
320.035
341.092
363.077
385.504
26.9643
26.4934
26.0419
25.6115
25.1993
24.8061
24.4314
24.077
23.7443
23.434
23.1426
22.8706
22.6229
22.3995
22.1998
22.0245
21.8749
21.7517
21.6561
21.5894
21.5523
21.5456
21.5725
21.6347
21.7322
21.8685
22.0465
22.2677
22.5345
22.8493
23.2153
23.6367
24.1181
24.6621
25.2717
25.953
26.7098
27.5463
28.4702
29.4869
30.6006
31.8178
33.146
34.5929
36.1667
37.8743
39.7223
41.7209
43.8807
46.2112
48.7224
51.4238
54.3271
57.4465
60.7933
64.3799
68.2217
72.3337
76.7323
81.4324
86.4533
91.817
97.5393
103.645
110.16
117.107
124.518
132.419
140.848
149.84
159.434
169.681
180.62
192.312
204.811
218.181
232.492
247.808
264.202
281.734
300.447
320.342
341.344
363.244
385.542
27.0282
26.5574
26.1059
25.6753
25.2631
24.87
24.4954
24.1412
23.8087
23.4986
23.2075
22.9361
22.689
22.4662
22.2672
22.0928
21.9442
21.8221
21.7277
21.6623
21.6266
21.6214
21.65
21.7138
21.8133
21.9516
22.1317
22.3551
22.6243
22.9417
23.3104
23.7347
24.219
24.766
25.3789
26.0636
26.824
27.6644
28.5922
29.6129
30.7309
31.9526
33.2854
34.7371
36.3159
38.0285
39.882
41.8862
44.0518
46.3882
48.9055
51.6133
54.5233
57.6496
61.0034
64.5973
68.4467
72.5665
76.973
81.6815
86.711
92.0835
97.815
103.93
110.455
117.412
124.832
132.744
141.184
150.186
159.791
170.048
180.997
192.699
205.205
218.582
232.897
248.213
264.601
282.119
300.806
320.658
341.593
363.387
385.528
26.6285
26.177
25.7463
25.334
24.9409
24.5666
24.2126
23.8805
23.5706
23.2801
23.0095
22.7632
22.5411
22.3431
22.1697
22.0222
21.9014
21.8083
21.7444
21.7102
21.7069
21.7374
21.8031
21.9048
22.0454
22.2279
22.4539
22.7257
23.046
23.4178
23.8452
24.3329
24.8834
25.5
26.1885
26.9529
27.7976
28.7298
29.755
30.8778
32.1045
33.4425
34.8996
36.484
38.2024
40.0619
42.0724
44.2444
46.5876
49.1118
51.8267
54.7442
57.878
61.2397
64.8418
68.6996
72.8281
77.2435
81.9612
87.0003
92.3824
98.124
104.25
110.785
117.752
125.184
133.107
141.558
150.572
160.188
170.456
181.415
193.125
205.64
219.022
233.339
248.652
265.03
282.528
301.181
320.978
341.827
363.493
385.444
26.7074
26.256
25.8253
25.4131
25.0203
24.6463
24.2928
23.9611
23.6516
23.3617
23.092
22.8466
22.6255
22.4285
22.2563
22.1102
21.9908
21.8993
21.8371
21.8047
21.8034
21.836
21.904
22.0081
22.1513
22.3364
22.5653
22.8402
23.1637
23.5389
23.97
24.4614
25.0158
25.6365
26.3294
27.0984
27.9478
28.885
29.9153
31.0434
32.2758
33.6197
35.0828
36.6734
38.3983
40.2646
42.2822
44.4614
46.812
49.3439
52.0668
54.9926
58.1349
61.5054
65.1165
68.9836
73.1218
77.5471
82.275
87.3246
92.7174
98.47
104.607
111.154
118.133
125.577
133.511
141.975
151
160.628
170.907
181.876
193.595
206.117
219.503
233.818
249.125
265.488
282.957
301.566
321.292
342.035
363.542
385.263
26.796
26.3448
25.9141
25.5021
25.1095
24.7359
24.3829
24.0517
23.7428
23.4536
23.1851
22.9407
22.7207
22.5249
22.3542
22.2095
22.0917
22.002
21.9417
21.9114
21.9123
21.9473
22.0178
22.1247
22.2708
22.459
22.6911
22.9694
23.2965
23.6756
24.1107
24.6063
25.1651
25.7906
26.4883
27.2623
28.1172
29.0599
30.096
31.2301
32.4688
33.8192
35.2892
36.8867
38.6189
40.4927
42.5182
44.7055
47.0645
49.6049
52.3368
55.2718
58.4236
61.8037
65.425
69.3025
73.4513
77.8874
82.6266
87.6879
93.0923
98.857
105.006
111.565
118.558
126.014
133.962
142.437
151.475
161.115
171.405
182.384
194.111
206.637
220.024
234.335
249.63
265.97
283.402
301.951
321.588
342.198
363.512
384.956
26.8954
26.4446
26.0141
25.6023
25.21
24.837
24.4846
24.1541
23.8457
23.5575
23.2901
23.0469
22.8281
22.6337
22.4645
22.3215
22.2056
22.1179
22.0597
22.0318
22.0353
22.073
22.1463
22.2562
22.4056
22.5973
22.8329
23.1151
23.4463
23.8298
24.2695
24.7698
25.3335
25.9642
26.6674
27.4472
28.3081
29.257
30.2995
31.4404
32.6862
34.044
35.5215
37.1269
38.8671
40.7495
42.7837
44.9801
47.3483
49.8983
52.6401
55.5854
58.7477
62.1386
65.771
69.66
73.8205
78.2687
83.0202
88.0941
93.5113
99.2892
105.452
112.024
119.03
126.5
134.461
142.95
152
161.652
171.952
182.94
194.673
207.202
220.587
234.888
250.164
266.471
283.852
302.325
321.849
342.294
363.373
384.483
27.0077
26.5571
26.1268
25.7153
25.3234
24.951
24.5992
24.2694
23.9618
23.6746
23.4085
23.1667
22.9493
22.7565
22.5891
22.448
22.3341
22.2487
22.193
22.1676
22.174
22.2147
22.2912
22.4047
22.5578
22.7532
22.993
23.2795
23.6153
24.0036
24.4484
24.954
25.5233
26.16
26.8693
27.6554
28.5231
29.4791
30.5288
31.6772
32.9309
34.2969
35.783
37.3971
39.1463
41.0381
43.0822
45.2886
47.6671
50.2278
52.9806
55.9373
59.1112
62.5141
66.1588
70.0604
74.2338
78.6951
83.4601
88.5479
93.9789
99.771
105.948
112.535
119.555
127.039
135.014
143.516
152.579
162.243
172.551
183.547
195.283
207.811
221.188
235.473
250.721
266.984
284.297
302.672
322.053
342.295
363.088
383.798
27.134
26.6838
26.2537
25.8426
25.4512
25.0794
24.7285
24.3995
24.0927
23.8066
23.5421
23.3018
23.086
22.895
22.7295
22.5906
22.4791
22.3963
22.3432
22.3208
22.3305
22.3746
22.4547
22.572
22.7293
22.9291
23.1734
23.4648
23.8058
24.1996
24.6501
25.1617
25.7372
26.3805
27.0967
27.89
28.7652
29.729
30.7868
31.9437
33.2062
34.5814
36.077
37.7008
39.4601
41.3625
43.4174
45.635
48.025
50.5975
53.3625
56.3318
59.5185
62.9346
66.5928
70.5082
74.6958
79.1714
83.9511
89.0538
94.4998
100.307
106.499
113.101
120.137
127.635
135.624
144.139
153.214
162.888
173.204
184.204
195.941
208.462
221.826
236.086
251.293
267.495
284.721
302.97
322.172
342.164
362.613
382.846
27.2762
26.8264
26.3966
25.9859
25.595
25.224
24.874
24.546
24.2402
23.9555
23.6926
23.454
23.24
23.0511
22.8879
22.7514
22.6426
22.5626
22.5126
22.4936
22.5069
22.5549
22.639
22.7607
22.9226
23.1273
23.3768
23.6736
24.0204
24.4203
24.8774
25.3956
25.9781
26.6288
27.3527
28.154
29.0377
30.0102
31.0771
32.2434
33.5158
34.9012
36.4073
38.042
39.8126
41.7266
43.7936
46.0236
48.4263
51.0119
53.7903
56.7735
59.9744
63.4048
67.0779
71.0084
75.2113
79.7025
84.4981
89.6168
95.0786
100.902
107.111
113.728
120.779
128.292
136.295
144.822
153.908
163.59
173.911
184.912
196.643
209.152
222.493
236.715
251.867
267.989
285.101
303.191
322.173
341.858
361.893
381.56
27.4361
26.9867
26.5573
26.1472
25.757
25.3869
25.0379
24.711
24.4064
24.1231
23.8622
23.6255
23.4136
23.227
23.0663
22.9326
22.8268
22.7501
22.7036
22.6883
22.7057
22.758
22.8467
22.9733
23.1405
23.3506
23.6059
23.9089
24.2621
24.6689
25.1332
25.6589
26.2492
26.9081
27.6406
28.451
29.3441
30.3264
31.4033
32.5802
33.8635
35.2603
36.7782
38.425
40.2079
42.1349
44.2153
46.459
48.8758
51.4757
54.269
57.2674
60.4837
63.9299
67.6192
71.566
75.7855
80.2935
85.106
90.2418
95.7205
101.561
107.786
114.419
121.485
129.013
137.029
145.568
154.662
164.35
174.672
185.668
197.387
209.874
223.179
237.35
252.427
268.443
285.41
303.301
322.009
341.323
360.864
379.865
27.6156
27.1668
26.7379
26.3284
25.939
25.57
25.2222
24.8966
24.5934
24.3119
24.053
23.8186
23.6091
23.4251
23.2673
23.1367
23.0343
22.9612
22.9187
22.9076
22.9296
22.9867
23.0806
23.2128
23.3858
23.602
23.8638
24.1736
24.5342
24.9487
25.421
25.955
26.5541
27.2223
27.9644
28.7847
29.6884
30.6816
31.7697
32.9583
34.2538
35.6632
37.1941
38.8543
40.651
42.5923
44.6874
46.9462
49.3785
51.9942
54.8037
57.8187
61.0519
64.5152
68.2219
72.1865
76.4238
80.9496
85.7801
90.9338
96.43
102.288
108.53
115.179
122.26
129.801
137.828
146.376
155.476
165.165
175.482
186.467
198.164
210.617
223.872
237.971
252.95
268.829
285.612
303.256
321.629
340.494
359.456
377.681
27.8171
27.369
26.9406
26.532
26.1436
25.7758
25.4294
25.1053
24.8037
24.5242
24.2677
24.0358
23.829
23.648
23.4935
23.3664
23.2679
23.1989
23.1608
23.1545
23.1816
23.2442
23.3439
23.4822
23.6618
23.8849
24.154
24.4715
24.8402
25.2632
25.7445
26.2879
26.8968
27.5752
28.328
29.1595
30.0749
31.0801
32.1807
33.3823
34.6913
36.1147
37.66
39.3349
41.1469
43.1039
45.2153
47.4906
49.9398
52.5727
55.3999
58.433
61.6844
65.1663
68.8917
72.8751
77.1314
81.676
86.5254
91.6976
97.2117
103.087
109.345
116.01
123.105
130.657
138.694
147.247
156.348
166.032
176.337
187.3
198.963
211.367
224.553
238.556
253.405
269.111
285.662
303.001
320.969
339.296
357.587
374.909
28.0429
27.5955
27.168
26.7604
26.3732
26.0068
25.662
25.3397
25.04
24.7628
24.5091
24.28
24.0763
23.8987
23.7479
23.6248
23.5306
23.4663
23.4331
23.4322
23.4651
23.5338
23.6399
23.7852
23.9721
24.203
24.4802
24.8062
25.184
25.6166
26.1079
26.6617
27.2815
27.9714
28.7361
29.58
30.5083
31.5269
32.6413
33.8573
35.1812
36.62
38.1812
39.8723
41.7011
43.6754
45.8044
48.0978
50.5654
53.2171
56.0635
59.116
62.387
65.8887
69.6341
73.6374
77.9135
82.4778
87.3464
92.5375
98.0696
103.962
110.236
116.914
124.021
131.582
139.624
148.177
157.272
166.944
177.226
188.155
199.768
212.103
225.195
239.072
253.755
269.242
285.507
302.474
319.953
337.642
355.145
371.393
28.2956
27.8492
27.4227
27.0163
26.6305
26.2658
25.9229
25.6026
25.3052
25.0308
24.7801
24.5543
24.3542
24.1804
24.0337
23.9152
23.8258
23.7668
23.7392
23.7443
23.7837
23.8593
23.9727
24.1257
24.3208
24.5602
24.8465
25.1822
25.57
26.0133
26.5157
27.0811
27.713
28.4155
29.1934
30.051
30.9937
32.0271
33.1568
34.3886
35.7289
37.1846
38.7632
40.4722
42.3192
44.3123
46.4607
48.7737
51.2612
53.9332
56.8001
59.8735
63.1654
66.688
70.4543
74.4785
78.775
83.3594
88.2475
93.457
99.0064
104.915
111.202
117.892
125.007
132.572
140.614
149.161
158.242
167.889
178.135
189.013
200.557
212.798
225.765
239.48
253.952
269.166
285.08
301.598
318.498
335.44
352.052
28.578
28.1327
27.7076
27.3026
26.9186
26.5559
26.2152
25.8974
25.6027
25.3313
25.0841
24.862
24.6659
24.4965
24.3546
24.2412
24.1573
24.1042
24.0829
24.0948
24.1414
24.2246
24.3462
24.5079
24.7121
24.9611
25.2575
25.6038
26.0029
26.458
26.9728
27.551
28.1963
28.9128
29.7052
30.5781
31.5365
32.5861
33.7327
34.9819
36.3402
37.8144
39.412
41.1404
43.0074
45.0209
47.1901
49.5243
52.0332
54.7269
57.6157
60.7111
64.025
67.5694
71.3575
75.4029
79.7202
84.3245
89.2316
94.4587
100.024
105.946
112.245
118.942
126.06
133.624
141.657
150.187
159.243
168.852
179.045
189.851
201.299
213.416
226.222
239.731
253.939
268.818
284.306
300.288
316.508
332.593
348.204
28.8928
28.449
28.0255
27.6225
27.2405
26.8802
26.5422
26.2272
25.9357
25.6679
25.4246
25.2069
25.0154
24.8509
24.7144
24.6068
24.5291
24.4825
24.4684
24.4878
24.5426
24.6344
24.765
24.9363
25.1507
25.4104
25.718
26.0762
26.4877
26.9559
27.4843
28.0767
28.7368
29.4688
30.2773
31.1668
32.1425
33.21
34.3749
35.6432
37.0211
38.5155
40.1337
41.8832
43.7716
45.8072
47.9987
50.3555
52.8873
55.6039
58.5157
61.6341
64.9708
68.5378
72.3478
76.4146
80.7523
85.3757
90.3004
95.5433
101.122
107.054
113.359
120.059
127.174
134.726
142.741
151.243
160.257
169.81
179.927
190.635
201.957
213.912
226.513
239.764
253.647
268.118
283.098
298.45
313.883
328.996
343.486
29.2429
28.8011
28.3797
27.979
27.5996
27.2422
26.9073
26.5957
26.3079
26.0443
25.8056
25.5927
25.4065
25.2477
25.1173
25.0161
24.9454
24.9064
24.9001
24.9281
24.9919
25.0932
25.2339
25.416
25.6416
25.9132
26.2333
26.6045
27.0298
27.5124
28.0559
28.6639
29.3403
30.0893
30.9153
31.8231
32.8177
33.9047
35.0897
36.3786
37.7778
39.294
40.9344
42.7066
44.6181
46.6771
48.8924
51.2732
53.8289
56.5695
59.5052
62.6473
66.0071
69.5967
73.4285
77.5159
81.8728
86.5136
91.4536
96.709
102.297
108.234
114.54
121.233
128.335
135.866
143.849
152.306
161.259
170.732
180.747
191.325
202.482
214.231
226.576
239.508
252.997
266.981
281.362
295.983
310.519
324.55
337.797
29.6315
29.192
28.7734
28.3755
27.9993
27.6453
27.3143
27.0067
26.7232
26.4644
26.231
26.0237
25.8435
25.6912
25.5676
25.4739
25.4111
25.3804
25.383
25.4205
25.4943
25.6063
25.7583
25.9522
26.1903
26.4751
26.8089
27.1946
27.635
28.1335
28.6934
29.3186
30.0129
30.7804
31.6256
32.5533
33.5684
34.6766
35.8833
37.1945
38.6166
40.1561
41.8204
43.6167
45.5527
47.6365
49.8767
52.2824
54.863
57.6282
60.5883
63.7541
67.1369
70.7484
74.6009
78.7074
83.0812
87.7366
92.688
97.9512
103.542
109.477
115.775
122.452
129.529
137.023
144.956
153.347
162.215
171.581
181.46
191.869
202.817
214.308
226.337
238.882
251.899
265.309
278.997
292.783
306.316
319.162
331.068
30.0612
29.6248
29.2096
28.8153
28.4431
28.0933
27.7667
27.464
27.1857
26.9325
26.7051
26.5043
26.331
26.186
26.0702
25.9848
25.9308
25.9095
25.9222
25.9702
26.0553
26.1791
26.3435
26.5505
26.8025
27.1017
27.4507
27.8522
28.3093
28.8251
29.4031
30.047
30.7607
31.5483
32.4144
33.3635
34.4009
35.5318
36.7618
38.0969
39.5434
41.1078
42.7972
44.619
46.5806
48.6902
50.9562
53.3876
55.9934
58.7834
61.7677
64.9566
68.3614
71.9933
75.8643
79.9869
84.3741
89.0394
93.9967
99.2608
104.847
110.77
117.047
123.695
130.73
138.169
146.03
154.33
163.083
172.306
182.011
192.205
202.892
214.066
225.712
237.795
250.257
263.004
275.901
288.751
301.184
312.755
323.24
30.5346
30.1023
29.6914
29.3017
28.9342
28.5896
28.2684
27.9714
27.6993
27.4526
27.2323
27.0389
26.8734
26.7368
26.6299
26.5539
26.5098
26.4991
26.5228
26.5827
26.6801
26.817
26.9952
27.2168
27.4839
27.799
28.1646
28.5835
29.0587
29.5933
30.1909
30.8552
31.5899
32.3993
33.2878
34.26
35.3211
36.4763
37.7312
39.0916
40.5638
42.1543
43.87
45.7182
47.7064
49.8424
52.1345
54.5916
57.2225
60.0367
63.0439
66.2545
69.679
73.3285
77.2145
81.3489
85.744
90.4126
95.3679
100.624
106.194
112.092
118.334
124.934
131.907
139.268
147.029
155.206
163.81
172.85
182.332
192.26
202.627
213.418
224.608
236.15
247.972
259.964
271.978
283.801
295.049
305.277
314.289
31.054
30.6269
30.2215
29.8375
29.476
29.1376
28.823
28.5329
28.268
28.0291
27.8168
27.632
27.4755
27.3484
27.2516
27.1861
27.1533
27.1543
27.1905
27.2634
27.3746
27.5259
27.7193
27.9567
28.2405
28.5729
28.9567
29.3945
29.8893
30.4444
31.0631
31.7492
32.5066
33.3392
34.2517
35.2485
36.3347
37.5156
38.7966
40.1835
41.6825
43.3
45.0428
46.9179
48.9328
51.0952
53.4132
55.8952
58.5501
61.3868
64.4149
67.6442
71.085
74.7477
78.6433
82.783
87.1784
91.8413
96.784
102.019
107.559
113.416
119.603
126.134
133.02
140.272
147.902
155.92
164.331
173.141
182.349
191.951
201.934
212.272
222.93
233.85
244.947
256.098
267.145
277.861
287.861
296.713
304.232
31.6206
31.2003
30.802
30.4252
30.0711
29.7404
29.4338
29.1519
28.8957
28.6657
28.4629
28.288
28.1419
28.0256
27.9401
27.8866
27.8663
27.8804
27.9304
28.0178
28.1442
28.3114
28.5214
28.7762
29.078
29.4294
29.8327
30.2909
30.8069
31.3839
32.0253
32.7348
33.5162
34.3735
35.3112
36.3339
37.4465
38.6541
39.9621
41.3763
42.9027
44.5476
46.3176
48.2196
50.2608
52.4488
54.7913
57.2966
59.973
62.8294
65.8747
69.1183
72.5699
76.2394
80.137
84.2731
88.6584
93.3037
98.2199
103.418
108.909
114.704
120.814
127.248
134.016
141.126
148.586
156.401
164.572
173.1
181.976
191.19
200.719
210.532
220.582
230.8
241.093
251.329
261.339
270.889
279.61
287.102
293.11
32.2349
31.8235
31.4342
31.0665
30.7217
30.4004
30.1034
29.8315
29.5855
29.3662
29.1743
29.0108
28.8766
28.7726
28.7001
28.66
28.6537
28.6825
28.7478
28.8511
28.9942
29.1788
29.4069
29.6805
30.002
30.3737
30.7982
31.2782
31.8168
32.4171
33.0826
33.8167
34.6233
35.5065
36.4706
37.52
38.6597
39.8947
41.2302
42.672
44.2257
45.8977
47.6943
49.6221
51.6882
53.8998
56.2644
58.7898
61.4841
64.3554
67.4124
70.6639
74.1188
77.7862
81.6756
85.7963
90.1579
94.77
99.642
104.783
110.203
115.911
121.913
128.219
134.834
141.763
149.009
156.573
164.452
172.639
181.122
189.882
198.89
208.106
217.475
226.92
236.341
245.601
254.525
262.874
270.313
276.468
280.901
282.647
280.999
275.403
32.8958
32.4959
32.1182
31.762
31.4287
31.1191
30.8338
30.5739
30.3401
30.1333
29.9542
29.8039
29.6833
29.5934
29.5354
29.5105
29.5198
29.5649
29.6471
29.768
29.9293
30.1328
30.3805
30.6745
31.017
31.4105
31.8574
32.3607
32.9232
33.548
34.2386
34.9984
35.8312
36.741
37.7321
38.8088
39.9759
41.2382
42.6011
44.0698
45.6501
47.3479
49.1693
51.1208
53.2091
55.4409
57.8236
60.3643
63.0706
65.9503
69.0113
72.2616
75.7095
79.3631
83.2308
87.3209
91.6416
96.2012
101.007
106.068
111.389
116.979
122.841
128.981
135.402
142.105
149.09
156.351
163.881
171.67
179.697
187.938
196.359
204.912
213.536
222.15
230.647
238.889
246.701
253.848
260.021
264.867
267.931
268.451
265.687
259.404
33.6006
33.2155
32.8525
32.5107
32.1919
31.8966
31.6257
31.3801
31.1608
30.9688
30.8047
30.6697
30.5647
30.4909
30.4493
30.4413
30.4681
30.5311
30.6319
30.772
30.9531
31.1771
31.4459
31.7616
32.1265
32.5431
33.0137
33.5413
34.1287
34.7789
35.4954
36.2815
37.141
38.0777
39.0958
40.1995
41.3935
42.6825
44.0714
45.5656
47.1704
48.8915
50.7348
52.7063
54.8124
57.0594
59.454
62.0031
64.7136
67.5925
70.647
73.8844
77.3118
80.9365
84.7656
88.8062
93.0649
97.5484
102.263
107.213
112.404
117.841
123.525
129.459
135.642
142.071
148.742
155.647
162.772
170.103
177.615
185.278
193.053
200.887
208.716
216.456
223.997
231.204
237.905
243.875
248.831
252.435
254.268
253.694
249.998
243.112
34.3439
33.9779
33.6336
33.31
33.009
32.7313
32.4779
32.2497
32.0477
31.873
31.7265
31.6091
31.5221
31.4664
31.4434
31.4543
31.5005
31.5833
31.7044
31.8653
32.0678
32.3137
32.605
32.9438
33.3323
33.7729
34.2682
34.8208
35.4337
36.1098
36.8525
37.6649
38.5508
39.514
40.5583
41.688
42.9074
44.2212
45.6339
47.1507
48.7766
50.517
52.3774
54.3634
56.4809
58.7358
61.1342
63.6822
66.3862
69.2523
72.2869
75.4962
78.8864
82.4635
86.2333
90.2014
94.3729
98.7526
103.345
108.152
113.178
118.423
123.888
129.571
135.468
141.574
147.881
154.376
161.043
167.861
174.805
181.839
188.92
195.995
202.996
209.838
216.415
222.595
228.212
233.058
236.87
239.343
240.091
238.565
234.158
226.813
35.1184
34.7765
34.4556
34.1547
33.8758
33.6196
33.3873
33.1799
32.9986
32.8444
32.7182
32.6213
32.5547
32.5197
32.5175
32.5495
32.617
32.7216
32.8647
33.048
33.2734
33.5425
33.8575
34.2203
34.6333
35.0987
35.6192
36.1972
36.8356
37.5375
38.3058
39.1439
40.0552
41.0433
42.1121
43.2655
44.5077
45.8429
47.2756
48.8105
50.4524
52.2062
54.0769
56.0697
58.19
60.443
62.8341
65.3689
68.0526
70.8908
73.8887
77.0514
80.3839
83.891
87.577
91.446
95.5013
99.7459
104.182
108.81
113.632
118.645
123.847
129.234
134.799
140.534
146.427
152.463
158.623
164.884
171.216
177.583
183.939
190.231
196.391
202.335
207.962
213.146
217.731
221.526
224.294
225.756
225.566
223.26
218.369
210.772
35.9144
35.6025
35.3106
35.0375
34.7855
34.5554
34.3485
34.166
34.009
33.8788
33.7764
33.7028
33.6595
33.6478
33.6689
33.7242
33.8151
33.9433
34.1101
34.3174
34.5669
34.8604
35.1999
35.5875
36.0253
36.5158
37.0612
37.6643
38.3276
39.0542
39.8468
40.7088
41.6433
42.6539
43.744
44.9174
46.178
47.5298
48.9769
50.5235
52.1741
53.9331
55.8051
57.7946
59.9062
62.1448
64.5148
67.0209
69.6677
72.4594
75.4003
78.4945
81.7455
85.1567
88.7311
92.471
96.3781
100.453
104.697
109.109
113.686
118.425
123.321
128.369
133.558
138.878
144.315
149.851
155.467
161.136
166.827
172.504
178.122
183.626
188.952
194.02
198.732
202.973
206.599
209.434
211.268
211.847
210.857
207.918
202.653
194.684
183.023
168.001
148.598
125.001
36.7213
36.4456
36.1886
35.949
35.7293
35.5303
35.3536
35.2003
35.0718
34.9694
34.8942
34.8475
34.8306
34.8449
34.8917
34.9725
35.089
35.2424
35.4345
35.667
35.9416
36.2601
36.6246
37.0371
37.4996
38.0145
38.5842
39.211
39.8977
40.6468
41.4614
42.3442
43.2984
44.3272
45.434
46.622
47.895
49.2565
50.7102
52.26
53.9098
55.6634
57.5248
59.4981
61.587
63.7956
66.1275
68.5866
71.1763
73.9
76.7607
79.7612
82.9039
86.1907
89.623
93.2017
96.9268
100.798
104.813
108.969
113.263
117.689
122.241
126.909
131.684
136.553
141.501
146.508
151.553
156.61
161.648
166.63
171.513
176.246
180.765
184.997
188.851
192.22
194.973
196.951
197.969
197.797
196.161
192.744
187.214
179.185
168.095
153.898
135.929
114.344
37.53
37.2964
37.08
36.8794
36.6973
36.5345
36.3928
36.2733
36.1775
36.1069
36.0626
36.0459
36.0584
36.1014
36.1765
36.285
36.4286
36.6088
36.8273
37.0858
37.386
37.7298
38.119
38.5557
39.0419
39.5799
40.1719
40.8202
41.5273
42.2958
43.1282
44.0274
44.9962
46.0375
47.1542
48.3496
49.6267
50.9888
52.4391
53.9811
55.6179
57.3529
59.1894
61.1307
63.18
65.3402
67.6144
70.0051
72.5151
75.1464
77.9011
80.7807
83.7863
86.9185
90.1773
93.562
97.0714
100.703
104.454
108.32
112.296
116.374
120.548
124.807
129.139
133.532
137.968
142.428
146.892
151.334
155.722
160.023
164.194
168.187
171.945
175.397
178.462
181.042
183.018
184.251
184.571
183.776
181.629
177.861
172.179
164.246
153.681
140.329
123.739
104.043
38.3364
38.1492
37.9777
37.8206
37.6805
37.5584
37.4558
37.3741
37.3149
37.2796
37.2695
37.286
37.3305
37.4046
37.5098
37.6477
37.8198
38.0278
38.2732
38.5577
38.8832
39.2514
39.6643
40.1237
40.6316
41.1901
41.8012
42.4673
43.1906
43.9735
44.8183
45.7276
46.7039
47.7498
48.868
50.0611
51.332
52.6833
54.1179
55.6385
57.2478
58.9484
60.7431
62.6343
64.6243
66.7154
68.9096
71.2087
73.6143
76.1275
78.7492
81.4797
84.3189
87.2664
90.3209
93.4805
96.7426
100.104
103.56
107.106
110.735
114.44
118.211
122.039
125.911
129.814
133.731
137.643
141.531
145.368
149.127
152.774
156.272
159.573
162.627
165.368
167.724
169.605
170.905
171.501
171.239
169.945
167.414
163.416
157.7
149.985
139.983
127.522
112.263
94.3362
39.1434
39.0044
38.88
38.7688
38.6734
38.5945
38.5339
38.4928
38.4728
38.4754
38.5018
38.5535
38.6319
38.7386
38.8752
39.0431
39.2441
39.4796
39.7515
40.0613
40.4108
40.8016
41.2357
41.7148
42.2407
42.8156
43.4413
44.12
44.8535
45.6442
46.494
47.4052
48.38
49.4207
50.5296
51.7088
52.9608
54.2877
55.6918
57.1752
58.7401
60.3885
62.1222
63.943
65.8526
67.8523
69.9433
72.1265
74.4024
76.7713
79.2331
81.7871
84.4324
87.1673
89.9897
92.8969
95.8853
98.9508
102.088
105.292
108.554
111.868
115.224
118.612
122.019
125.432
128.836
132.213
135.542
138.802
141.965
145
147.873
150.542
152.958
155.065
156.796
158.068
158.794
158.856
158.124
156.443
153.639
149.515
143.855
136.431
127.008
115.435
101.445
85.1704
39.9621
39.8702
39.7923
39.7267
39.6758
39.6405
39.6222
39.6222
39.642
39.6829
39.7464
39.8336
39.9462
40.0854
40.253
40.4504
40.6792
40.941
41.2374
41.57
41.9404
42.3504
42.8017
43.2959
43.8349
44.4204
45.0542
45.7381
46.474
47.2636
48.109
49.0118
49.9741
50.9977
52.0844
53.2361
54.4545
55.7414
57.0985
58.5274
60.0295
61.6062
63.2588
64.9883
66.7956
68.6813
70.6457
72.689
74.811
77.0112
79.2885
81.6416
84.0689
86.5678
89.1358
91.7693
94.4644
97.2164
100.02
102.869
105.756
108.673
111.612
114.562
117.512
120.449
123.359
126.224
129.027
131.746
134.357
136.832
139.138
141.238
143.09
144.641
145.829
146.588
146.832
146.46
145.357
143.391
140.411
136.249
130.723
123.643
114.819
104.122
91.3403
76.6022
40.8065
40.7583
40.7236
40.7006
40.6916
40.6974
40.7192
40.7582
40.8157
40.893
40.9915
41.1124
41.2569
41.4264
41.6225
41.8466
42.1001
42.3846
42.7017
43.0528
43.4395
43.8633
44.3259
44.8288
45.3736
45.9618
46.5952
47.2752
48.0034
48.7815
49.611
50.4934
51.4302
52.4229
53.473
54.5817
55.7505
56.9805
58.2729
59.6288
61.0491
62.5345
64.0857
65.703
67.3867
69.1369
70.9532
72.8352
74.7819
76.7923
78.8649
80.9977
83.1886
85.4347
87.7329
90.0795
92.4704
94.9006
97.3648
99.8568
102.37
104.897
107.428
109.955
112.467
114.951
117.396
119.784
122.1
124.324
126.435
128.405
130.208
131.808
133.168
134.239
134.97
135.299
135.148
134.432
133.049
130.885
127.811
123.682
118.348
111.649
103.428
93.583
81.9416
68.6272
41.6867
41.6774
41.681
41.6958
41.724
41.7661
41.8233
41.8967
41.9874
42.0966
42.2256
42.3754
42.5473
42.7423
42.9619
43.2074
43.4801
43.7815
44.1129
44.4758
44.8716
45.3016
45.7674
46.2702
46.8115
47.3927
48.0152
48.6802
49.3891
50.1432
50.9437
51.7919
52.6888
53.6355
54.6331
55.6826
56.7849
57.9406
59.1505
60.4152
61.7351
63.1103
64.5412
66.0275
67.569
69.1652
70.8153
72.5185
74.2734
76.0786
77.9321
79.8317
81.7751
83.7592
85.7807
87.836
89.9208
92.0305
94.1599
96.3031
98.4539
100.605
102.749
104.876
106.978
109.043
111.058
113.012
114.887
116.666
118.331
119.857
121.218
122.387
123.324
123.992
124.342
124.318
123.853
122.872
121.288
119
115.899
111.863
106.764
100.469
92.8498
83.8231
73.2526
61.2525
42.584
42.5991
42.6247
42.6602
42.7074
42.7667
42.8391
42.9256
43.0271
43.1447
43.2793
43.432
43.6041
43.7963
44.0097
44.2455
44.5048
44.789
45.0991
45.4364
45.8022
46.1977
46.6242
47.0829
47.5749
48.1016
48.6639
49.2632
49.9004
50.5766
51.2929
52.0501
52.8492
53.691
54.5762
55.5055
56.4796
57.4988
58.5637
59.6745
60.8313
62.0342
63.283
64.5776
65.9174
67.3018
68.73
70.201
71.7135
73.2661
74.8569
76.484
78.1451
79.8377
81.5588
83.3052
85.0733
86.8593
88.6586
90.4664
92.2775
94.0859
95.8852
97.6682
99.4269
101.153
102.836
104.465
106.028
107.511
108.898
110.172
111.312
112.296
113.095
113.678
114.011
114.049
113.743
113.035
111.859
110.14
107.791
104.718
100.818
95.9839
90.1054
83.0763
74.8303
65.2599
54.4688
43.4684
43.5134
43.5689
43.6329
43.7068
43.7917
43.8886
43.9981
44.1212
44.2587
44.4115
44.5807
44.7671
44.9716
45.195
45.4383
45.7026
45.9889
46.2981
46.6315
46.99
47.3746
47.7865
48.2267
48.6961
49.1957
49.7266
50.2895
50.8855
51.5152
52.1795
52.879
53.6144
54.3862
55.1949
56.041
56.9246
57.846
58.8054
59.8027
60.8378
61.9104
63.0202
64.1667
65.3491
66.5667
67.8184
69.1031
70.4193
71.7655
73.1399
74.5405
75.965
77.4111
78.8759
80.3564
81.8493
83.3509
84.8572
86.3638
87.8658
89.358
90.8346
92.2889
93.714
95.102
96.444
97.7302
98.9496
100.09
101.137
102.074
102.886
103.548
104.038
104.329
104.388
104.176
103.651
102.761
101.449
99.6506
97.2909
94.2894
90.5592
86.0102
80.5509
74.094
66.5871
57.9461
48.2638
44.3042
44.3754
44.4549
44.5424
44.6393
44.7455
44.8613
44.9878
45.1262
45.2771
45.4413
45.6196
45.8127
46.0213
46.2462
46.4883
46.7484
47.0274
47.3261
47.6455
47.9863
48.3495
48.7359
49.1463
49.5815
50.0424
50.5297
51.044
51.5861
52.1566
52.7561
53.385
54.0438
54.7328
55.4524
56.2027
56.9838
57.7958
58.6385
59.5118
60.4154
61.3489
62.3118
63.3034
64.3229
65.3694
66.4419
67.5391
68.6596
69.8019
70.9642
72.1448
73.3413
74.5516
75.7732
77.0031
78.2384
79.4759
80.7118
81.9421
83.1627
84.3686
85.5547
86.7152
87.8437
88.9332
89.9758
90.9627
91.8841
92.7288
93.4845
94.1381
94.6709
95.0661
95.3033
95.356
95.1954
94.7886
94.0975
93.0783
91.6809
89.8486
87.5185
84.6215
81.0843
76.8314
71.7869
65.8794
59.0676
51.2864
42.6179
45.014
45.1062
45.2056
45.312
45.4257
45.5471
45.6772
45.8167
45.9649
46.1229
46.2921
46.4727
46.6656
46.8712
47.0902
47.3234
47.5713
47.8348
48.1146
48.4112
48.7255
49.0582
49.4098
49.7811
50.1727
50.5852
51.0192
51.4753
51.9539
52.4555
52.9806
53.5294
54.1024
54.6997
55.3214
55.9677
56.6386
57.334
58.0537
58.7975
59.565
60.3557
61.1691
62.0046
62.8612
63.7381
64.6344
65.5487
66.4797
67.4262
68.3863
69.3585
70.3407
71.3309
72.3267
73.3258
74.3252
75.3222
76.3133
77.2952
78.2639
79.2151
80.1443
81.0462
81.9152
82.7449
83.5285
84.258
84.9246
85.5187
86.03
86.4438
86.7471
86.9247
86.9554
86.8176
86.486
85.9316
85.1212
84.0165
82.5742
80.7454
78.4763
75.7082
72.3793
68.4265
63.7871
58.4023
52.2405
45.2518
37.5076
45.5078
45.6153
45.7285
45.8472
45.972
46.1034
46.2415
46.3865
46.5389
46.6994
46.8683
47.0455
47.232
47.4286
47.6357
47.8538
48.0836
48.3254
48.5799
48.8477
49.1291
49.4249
49.7355
50.0615
50.4033
50.7614
51.1363
51.5284
51.9381
52.3656
52.8115
53.2758
53.7588
54.2606
54.7814
55.3212
55.88
56.4575
57.0537
57.6683
58.301
58.9512
59.6185
60.3022
61.0017
61.716
62.4442
63.1854
63.9382
64.7014
65.4736
66.2531
67.0384
67.8274
68.6182
69.4086
70.196
70.9779
71.7514
72.5134
73.2603
73.9884
74.6936
75.3712
76.0163
76.6232
77.1858
77.6968
78.1488
78.5337
78.8403
79.0578
79.1752
79.1757
79.0425
78.7563
78.2952
77.6336
76.7425
75.5887
74.1347
72.3387
70.1546
67.5326
64.4207
60.7664
56.5179
51.6271
46.0701
39.8091
32.9057
45.695
45.8117
45.9323
46.0571
46.1864
46.3206
46.4598
46.6045
46.7549
46.9113
47.0737
47.2425
47.4184
47.6015
47.7918
47.9902
48.1972
48.4132
48.6385
48.8735
49.1188
49.3745
49.6412
49.9192
50.2089
50.5107
50.825
51.1519
51.4919
51.8452
52.212
52.5925
52.987
53.3954
53.8179
54.2544
54.705
55.1695
55.6477
56.1395
56.6444
57.1622
57.6924
58.2344
58.7876
59.3512
59.9246
60.5067
61.0965
61.6929
62.2947
62.9005
63.5088
64.1179
64.7261
65.3314
65.9317
66.5246
67.1076
67.6779
68.2324
68.7679
69.2806
69.7664
70.221
70.6393
71.0157
71.344
71.6179
71.8299
71.9688
72.0289
71.9956
71.8563
71.5959
71.1977
70.6422
69.9073
68.9676
67.7945
66.3555
64.6149
62.5333
60.0687
57.1775
53.8158
49.9411
45.5142
40.5174
34.9225
28.782
45.4992
45.6186
45.7404
45.8651
45.9928
46.1237
46.2581
46.3962
46.5382
46.6844
46.835
46.9903
47.1505
47.3155
47.4856
47.6613
47.8428
48.0303
48.2241
48.4247
48.6324
48.8475
49.0701
49.3007
49.5393
49.7864
50.0422
50.3068
50.5806
50.8636
51.1562
51.4584
51.7703
52.0921
52.4237
52.7653
53.1166
53.4778
53.8485
54.2287
54.6181
55.0163
55.4229
55.8377
56.2599
56.689
57.1243
57.5652
58.0106
58.4596
58.9112
59.3643
59.8175
60.2694
60.7185
61.1631
61.6013
62.0312
62.4504
62.8565
63.2469
63.6186
63.9683
64.2926
64.5874
64.8482
65.0702
65.2483
65.3767
65.446
65.4531
65.3862
65.2349
64.9878
64.632
64.1525
63.5325
62.7525
61.7907
60.6222
59.2192
57.5511
55.5845
53.2839
50.6127
47.5346
44.0147
40.0212
35.5414
30.5544
25.1047
44.8722
44.9885
45.106
45.225
45.3456
45.468
45.5925
45.7191
45.8481
45.9796
46.1139
46.2511
46.3913
46.5347
46.6816
46.8322
46.9863
47.1441
47.306
47.4723
47.6429
47.8183
47.9986
48.184
48.3748
48.5711
48.773
48.9807
49.1943
49.4141
49.64
49.8722
50.1109
50.3559
50.6074
50.8654
51.1298
51.4005
51.6774
51.9604
52.2493
52.5438
52.8436
53.1483
53.4575
53.7707
54.0874
54.4068
54.7284
55.0512
55.3745
55.6971
56.0182
56.3363
56.6503
56.9587
57.2599
57.5521
57.8335
58.1018
58.3548
58.59
58.8044
58.9949
59.1581
59.2901
59.3865
59.4425
59.4532
59.412
59.3137
59.1482
58.9069
58.5796
58.1551
57.6204
56.9606
56.1589
55.1964
54.0516
52.7009
51.1179
49.2744
47.1406
44.6858
41.8799
38.6946
35.1041
31.0998
26.6661
21.8407
43.8027
43.9111
44.0196
44.1284
44.2377
44.3477
44.4584
44.57
44.6826
44.7965
44.9117
45.0283
45.1465
45.2665
45.3883
45.5121
45.638
45.7661
45.8966
46.0295
46.1649
46.3029
46.4439
46.5878
46.7349
46.8853
47.039
47.1962
47.357
47.5214
47.6895
47.8613
48.037
48.2164
48.3997
48.5867
48.7775
48.9719
49.1699
49.3713
49.576
49.7837
49.9941
50.207
50.422
50.6387
50.8566
51.0753
51.294
51.5122
51.7291
51.9438
52.1556
52.3632
52.5658
52.7619
52.9503
53.1295
53.2978
53.4534
53.5943
53.7183
53.8229
53.9054
53.9627
53.9915
53.9881
53.9479
53.8664
53.7394
53.5603
53.3209
53.0138
52.6301
52.1598
51.5917
50.9128
50.1086
49.1627
48.0567
46.7704
45.2814
43.5658
41.5986
39.3541
36.8075
33.936
30.7188
27.1503
23.2192
18.9568
42.3135
42.4104
42.5066
42.6023
42.6974
42.7923
42.8869
42.9814
43.0759
43.1706
43.2655
43.3607
43.4564
43.5527
43.6495
43.7472
43.8457
43.9451
44.0455
44.1471
44.2498
44.3539
44.4592
44.5659
44.6743
44.7843
44.8959
45.0094
45.1247
45.2418
45.3608
45.4817
45.6045
45.7292
45.8558
45.9842
46.1143
46.2462
46.3795
46.5144
46.6505
46.7876
46.9256
47.0642
47.2031
47.3419
47.4802
47.6177
47.7537
47.8877
48.0192
48.1473
48.2715
48.3906
48.504
48.6104
48.7089
48.7979
48.8763
48.9424
48.9945
49.0307
49.0488
49.0465
49.0212
48.97
48.8897
48.7761
48.625
48.4341
48.1959
47.904
47.5518
47.1316
46.6347
46.0514
45.3703
44.579
43.6634
42.6078
41.3948
40.0054
38.4197
36.6165
34.5744
32.2732
29.6944
26.8218
23.6517
20.1756
16.4199
40.4587
40.542
40.6241
40.7048
40.7844
40.8629
40.9404
41.0171
41.0931
41.1684
41.2431
41.3173
41.3911
41.4646
41.5379
41.6111
41.6841
41.7571
41.8303
41.9035
41.9769
42.0506
42.1246
42.1989
42.2736
42.3489
42.4247
42.5011
42.578
42.6555
42.7337
42.8124
42.8917
42.9716
43.0519
43.1327
43.2139
43.2954
43.377
43.4586
43.5401
43.6213
43.702
43.7819
43.8608
43.9384
44.0142
44.0881
44.1594
44.2277
44.2925
44.3532
44.4092
44.4597
44.5039
44.5409
44.5697
44.5893
44.5985
44.5958
44.5799
44.5491
44.5016
44.4353
44.348
44.2371
44.1
43.933
43.7321
43.4959
43.2173
42.8911
42.5114
42.0716
41.5641
40.9804
40.3109
39.5449
38.6701
37.6733
36.5396
35.2531
33.7967
32.1531
30.3043
28.2338
25.9268
23.3708
20.5638
17.4989
14.1981
38.3051
38.374
38.4413
38.5067
38.5706
38.6328
38.6936
38.753
38.8111
38.868
38.9237
38.9784
39.0321
39.0849
39.1368
39.1879
39.2383
39.2881
39.3372
39.3858
39.4339
39.4816
39.5288
39.5756
39.6222
39.6684
39.7143
39.76
39.8054
39.8506
39.8955
39.9401
39.9844
40.0283
40.0718
40.1148
40.1572
40.1989
40.2399
40.28
40.319
40.3567
40.3931
40.4277
40.4605
40.4911
40.5192
40.5445
40.5665
40.585
40.5994
40.6091
40.6137
40.6125
40.6048
40.5899
40.5668
40.5347
40.4926
40.4392
40.3733
40.2936
40.1984
40.0859
39.9543
39.8013
39.6247
39.4212
39.1874
38.9219
38.6188
38.2735
37.8808
37.4352
36.9301
36.3581
35.711
34.9796
34.1535
33.2213
32.1705
30.9876
29.6584
28.1682
26.5025
24.6475
22.5916
20.3248
17.8478
15.154
12.2608
35.934
35.9889
36.0421
36.093
36.1419
36.189
36.2342
36.2777
36.3195
36.3597
36.3984
36.4357
36.4716
36.5062
36.5395
36.5717
36.6027
36.6326
36.6615
36.6893
36.7162
36.7422
36.7672
36.7915
36.8148
36.8374
36.8591
36.8801
36.9002
36.9195
36.9379
36.9555
36.9722
36.9878
37.0025
37.0161
37.0285
37.0396
37.0493
37.0575
37.0641
37.0688
37.0716
37.0721
37.0702
37.0656
37.058
37.0472
37.0328
37.0144
36.9916
36.964
36.931
36.8922
36.8469
36.7944
36.7341
36.665
36.5864
36.4972
36.3963
36.2826
36.1546
36.0108
35.8496
35.669
35.4672
35.2413
34.9884
34.7069
34.3924
34.0404
33.6466
33.2062
32.7137
32.1627
31.5462
30.8563
30.0841
29.2201
28.2536
27.1733
25.9674
24.6235
23.1298
21.475
19.6498
17.6467
15.4674
13.1075
10.579
33.4126
33.4549
33.4953
33.5333
33.5691
33.6028
33.6345
33.6643
33.6921
33.7182
33.7426
33.7652
33.7863
33.8058
33.8238
33.8403
33.8555
33.8693
33.8818
33.893
33.9029
33.9117
33.9192
33.9256
33.9309
33.9349
33.9378
33.9396
33.9402
33.9396
33.9378
33.9348
33.9305
33.9249
33.9178
33.9093
33.8993
33.8876
33.8741
33.8588
33.8414
33.8219
33.8001
33.7758
33.7487
33.7187
33.6855
33.6488
33.6083
33.5637
33.5147
33.4608
33.4016
33.3365
33.2652
33.187
33.1012
33.0072
32.9041
32.7912
32.6674
32.5318
32.383
32.22
32.041
31.8447
31.6291
31.3922
31.1312
30.8445
30.5288
30.1798
29.794
29.3675
28.8954
28.3722
27.7921
27.1483
26.4332
25.6389
24.7563
23.776
22.688
21.4823
20.149
18.679
17.0649
15.301
13.3895
11.3279
9.12498
30.8209
30.8523
30.8819
30.9088
30.9336
30.9562
30.9767
30.9952
31.0117
31.0263
31.0391
31.05
31.0593
31.0668
31.0728
31.0771
31.0799
31.0812
31.0811
31.0795
31.0764
31.072
31.0663
31.0591
31.0506
31.0408
31.0296
31.0171
31.0032
30.9879
30.9711
30.9529
30.9333
30.912
30.8892
30.8647
30.8384
30.8102
30.7802
30.748
30.7137
30.677
30.6378
30.596
30.5514
30.5037
30.4527
30.3982
30.3399
30.2775
30.2107
30.1391
30.0624
29.9802
29.8918
29.7969
29.695
29.5852
29.4671
29.3398
29.2025
29.0544
28.8943
28.7212
28.5338
28.3306
28.1103
27.871
27.6105
27.3263
27.0173
26.6786
26.3078
25.9013
25.4551
24.9645
24.4244
23.8293
23.1727
22.4478
21.6472
20.7629
19.7867
18.7102
17.5253
16.2248
14.8027
13.255
11.5837
9.78687
7.87239
28.2001
28.2229
28.2438
28.2621
28.2784
28.2924
28.3044
28.3144
28.3224
28.3285
28.3327
28.3352
28.3359
28.3349
28.3322
28.3279
28.322
28.3145
28.3055
28.295
28.283
28.2696
28.2547
28.2383
28.2205
28.2013
28.1806
28.1584
28.1348
28.1096
28.083
28.0547
28.0249
27.9933
27.9601
27.925
27.8881
27.8493
27.8084
27.7653
27.72
27.6723
27.622
27.5691
27.5132
27.4544
27.3923
27.3267
27.2574
27.1841
27.1065
27.0244
26.9374
26.845
26.747
26.6428
26.5319
26.4139
26.288
26.1538
26.0104
25.857
25.6929
25.5169
25.328
25.1251
24.9067
24.6715
24.4175
24.1426
23.8456
23.5227
23.1716
22.7893
22.3725
21.9172
21.4192
20.8736
20.2751
19.6181
18.8962
18.1029
17.2313
16.2746
15.226
14.0799
12.8315
11.478
10.0209
8.45876
6.79898
25.6214
25.638
25.6528
25.6652
25.6755
25.6836
25.6898
25.694
25.6962
25.6966
25.6952
25.692
25.6871
25.6804
25.6721
25.6622
25.6507
25.6377
25.623
25.6069
25.5892
25.5701
25.5494
25.5273
25.5037
25.4786
25.452
25.4239
25.3943
25.3631
25.3303
25.2959
25.2598
25.222
25.1825
25.1411
25.0978
25.0525
25.0052
24.9556
24.9038
24.8496
24.7929
24.7335
24.6714
24.6062
24.5378
24.4661
24.3909
24.3118
24.2286
24.1411
24.0489
23.9518
23.8493
23.7411
23.6267
23.5057
23.3776
23.2417
23.0975
22.9442
22.7812
22.6075
22.4222
22.2244
22.0128
21.7862
21.543
21.2815
21.0002
20.6965
20.368
20.0125
19.627
19.2082
18.7525
18.2559
17.714
17.122
16.4746
15.7664
14.9917
14.1449
13.2206
12.214
11.1215
9.9414
8.67464
7.31986
5.88416
23.0825
23.0953
23.1063
23.1151
23.1221
23.127
23.1301
23.1314
23.1308
23.1285
23.1246
23.1189
23.1116
23.1027
23.0922
23.0801
23.0665
23.0514
23.0348
23.0167
22.9971
22.9761
22.9536
22.9296
22.9041
22.8771
22.8486
22.8186
22.7871
22.754
22.7193
22.6829
22.6449
22.6051
22.5636
22.5202
22.4749
22.4276
22.3782
22.3267
22.2729
22.2167
22.158
22.0968
22.0328
21.9658
21.8959
21.8226
21.746
21.6657
21.5815
21.4932
21.4005
21.3031
21.2008
21.0931
20.9797
20.8602
20.7341
20.6009
20.4601
20.3111
20.1533
19.9859
19.8081
19.619
19.4176
19.2029
18.9736
18.7281
18.4652
18.1826
17.8785
17.5509
17.1973
16.8149
16.4009
15.9517
15.4637
14.9329
14.355
13.7254
13.0395
12.2926
11.4804
10.5991
9.64578
8.61938
7.52057
6.34813
5.10864
20.6649
20.6765
20.6866
20.6946
20.7008
20.7051
20.7078
20.7086
20.7078
20.7054
20.7013
20.6956
20.6884
20.6796
20.6692
20.6574
20.6441
20.6293
20.613
20.5953
20.5762
20.5555
20.5334
20.5099
20.4849
20.4584
20.4304
20.4009
20.3698
20.3372
20.303
20.2671
20.2295
20.1902
20.1492
20.1063
20.0615
20.0147
19.9659
19.9149
19.8617
19.8062
19.7483
19.6878
19.6247
19.5587
19.4899
19.4179
19.3426
19.2638
19.1814
19.0952
19.0048
18.91
18.8106
18.7062
18.5966
18.4813
18.3599
18.2322
18.0975
17.9553
17.8052
17.6464
17.4783
17.3001
17.111
16.9101
16.6962
16.4681
16.2247
15.964
15.6847
15.3849
15.0627
14.7157
14.3414
13.9371
13.4995
13.0256
12.5115
11.9537
11.3482
10.6914
9.97954
9.20962
8.37957
7.48856
6.53681
5.52363
4.45503
18.2987
18.3111
18.3223
18.3317
18.3395
18.3458
18.3506
18.354
18.3558
18.3562
18.3552
18.3527
18.3489
18.3436
18.337
18.329
18.3196
18.3089
18.2968
18.2833
18.2684
18.2522
18.2345
18.2155
18.195
18.173
18.1495
18.1246
18.0981
18.0701
18.0404
18.0091
17.9762
17.9415
17.9049
17.8666
17.8263
17.7841
17.7398
17.6933
17.6447
17.5937
17.5404
17.4845
17.426
17.3647
17.3006
17.2334
17.1631
17.0894
17.0122
16.9313
16.8465
16.7575
16.6641
16.5661
16.4631
16.3549
16.2411
16.1214
15.9952
15.8623
15.7221
15.574
15.4176
15.2521
15.0767
14.8909
14.6935
14.4836
14.2601
14.0216
13.7668
13.4942
13.2021
12.8887
12.5518
12.1891
11.7981
11.376
10.92
10.4268
9.89342
9.31668
8.69373
8.02205
7.30019
6.52727
5.70309
4.82802
3.90749
16.1025
16.1204
16.1372
16.1526
16.1664
16.1788
16.1897
16.1993
16.2074
16.2141
16.2194
16.2234
16.226
16.2273
16.2272
16.2258
16.223
16.2189
16.2134
16.2065
16.1983
16.1888
16.1778
16.1654
16.1516
16.1364
16.1197
16.1015
16.0819
16.0606
16.0378
16.0134
15.9873
15.9595
15.9299
15.8986
15.8654
15.8303
15.7933
15.7541
15.7129
15.6695
15.6238
15.5757
15.5252
15.4721
15.4164
15.3578
15.2963
15.2318
15.164
15.0929
15.0182
14.9399
14.8576
14.7712
14.6804
14.585
14.4847
14.3793
14.2683
14.1516
14.0285
13.8989
13.7621
13.6178
13.4652
13.3039
13.1331
12.9522
12.7602
12.556
12.3387
12.1072
11.8602
11.5963
11.314
11.0114
10.6867
10.3378
9.96241
9.55812
9.1224
8.65266
8.14639
7.60124
7.01518
6.38718
5.71641
5.00239
4.2461
3.45252
13.914
13.9366
13.9585
13.9793
13.9991
14.018
14.0358
14.0525
14.0683
14.083
14.0966
14.1092
14.1207
14.1312
14.1405
14.1487
14.1558
14.1617
14.1664
14.1698
14.1721
14.173
14.1727
14.171
14.168
14.1635
14.1577
14.1503
14.1414
14.131
14.1189
14.1052
14.0898
14.0726
14.0536
14.0327
14.0099
13.9852
13.9583
13.9294
13.8982
13.8648
13.829
13.7907
13.75
13.7065
13.6604
13.6114
13.5595
13.5044
13.4462
13.3845
13.3194
13.2506
13.178
13.1013
13.0204
12.935
12.845
12.75
12.6498
12.5441
12.4326
12.3149
12.1906
12.0592
11.9204
11.7736
11.6182
11.4536
11.279
11.0937
10.8967
10.6871
10.4639
10.226
9.97197
9.70043
9.4098
9.09836
8.76424
8.40547
8.01998
7.60566
7.16045
6.68244
6.17009
5.62254
5.039
4.41897
3.76378
3.07792
11.9997
12.0327
12.0652
12.0967
12.1274
12.157
12.1856
12.2132
12.2397
12.2651
12.2894
12.3126
12.3346
12.3554
12.375
12.3933
12.4104
12.4262
12.4407
12.4539
12.4656
12.476
12.485
12.4924
12.4984
12.5029
12.5058
12.5071
12.5067
12.5047
12.501
12.4956
12.4883
12.4792
12.4682
12.4553
12.4403
12.4234
12.4043
12.383
12.3596
12.3338
12.3056
12.275
12.2419
12.2061
12.1676
12.1263
12.0821
12.0349
11.9846
11.9309
11.8739
11.8133
11.749
11.6808
11.6086
11.5322
11.4513
11.3658
11.2753
11.1797
11.0786
10.9718
10.8588
10.7394
10.6131
10.4795
10.3381
10.1884
10.0296
9.86121
9.68238
9.49242
9.29041
9.0754
8.84629
8.60189
8.34092
8.06194
7.76345
7.44381
7.10133
6.73431
6.34106
5.92002
5.47005
4.99028
4.47994
3.93896
3.36881
2.77321
9.91557
9.95669
9.99784
10.0388
10.0796
10.1201
10.1603
10.2002
10.2397
10.2788
10.3173
10.3554
10.3928
10.4295
10.4654
10.5006
10.5349
10.5682
10.6005
10.6318
10.6619
10.6907
10.7183
10.7446
10.7694
10.7928
10.8146
10.8348
10.8533
10.8701
10.885
10.8981
10.9092
10.9183
10.9253
10.9302
10.9328
10.9332
10.9312
10.9267
10.9198
10.9102
10.898
10.883
10.8651
10.8444
10.8206
10.7937
10.7637
10.7303
10.6935
10.6532
10.6092
10.5615
10.5098
10.4541
10.3942
10.33
10.2612
10.1877
10.1092
10.0257
9.93668
9.84206
9.74151
9.63472
9.52136
9.40105
9.27339
9.13793
8.9941
8.8414
8.67919
8.50686
8.32367
8.12881
7.92138
7.70042
7.46484
7.21349
6.94513
6.65842
6.35199
6.02442
5.67436
5.30055
4.90208
4.47815
4.02807
3.55209
3.05176
2.53017
8.26754
8.33095
8.39513
8.45968
8.5245
8.5893
8.65364
8.71719
8.77984
8.84142
8.90183
8.96095
9.0187
9.07498
9.12974
9.18293
9.23449
9.2844
9.3326
9.37902
9.42361
9.46631
9.50708
9.54587
9.58263
9.61734
9.64995
9.68042
9.70872
9.73482
9.75867
9.78025
9.79952
9.81646
9.83102
9.84318
9.85289
9.8601
9.86478
9.86687
9.86632
9.86309
9.85711
9.84834
9.83672
9.82219
9.80467
9.7841
9.76038
9.73341
9.7031
9.66935
9.63205
9.59109
9.54634
9.49768
9.44497
9.38808
9.32683
9.26107
9.19061
9.11524
9.03475
8.94891
8.85746
8.76013
8.65661
8.54659
8.42969
8.30552
8.17361
8.03349
7.88466
7.72656
7.55856
7.37996
7.19002
6.98791
6.77272
6.5435
6.29921
6.03873
5.76095
5.4647
5.14885
4.81244
4.4547
4.07493
3.6727
3.24843
2.80365
2.34097
6.10474
6.17571
6.24822
6.32184
6.39642
6.47183
6.54836
6.62587
6.7043
6.78347
6.86319
6.94331
7.02366
7.10404
7.18426
7.26415
7.34347
7.42193
7.49943
7.57587
7.65111
7.72504
7.79753
7.86847
7.93772
8.00517
8.07071
8.13422
8.19559
8.2547
8.31144
8.36571
8.41741
8.46641
8.51265
8.55605
8.59654
8.63407
8.66851
8.69977
8.72774
8.7523
8.77334
8.79072
8.80437
8.81425
8.82026
8.82228
8.82023
8.81402
8.80349
8.78868
8.76961
8.74613
8.71806
8.6854
8.64813
8.60607
8.55908
8.50704
8.44978
8.38714
8.31895
8.24502
8.16515
8.0791
7.98665
7.88752
7.78142
7.66801
7.54696
7.41785
7.28029
7.13379
6.97786
6.81191
6.63533
6.44745
6.24752
6.03476
5.80832
5.5673
5.31079
5.03785
4.7476
4.43931
4.11225
3.76597
3.40036
3.01602
2.61423
2.19716
4.55832
4.69688
4.84935
5.01794
5.17721
5.33345
5.48587
5.63421
5.7807
5.92409
6.06318
6.19828
6.32922
6.45605
6.57863
6.69703
6.81164
6.92242
7.02891
7.13108
7.22896
7.32256
7.41193
7.49709
7.57807
7.6549
7.72762
7.79626
7.86082
7.92136
7.9779
8.0304
8.07871
8.12322
8.16467
8.20324
8.23905
8.27152
8.29997
8.32439
8.34473
8.36095
8.37295
8.38107
8.38604
8.38846
8.38851
8.38616
8.38163
8.37404
8.36152
8.34364
8.32184
8.29676
8.26665
8.23109
8.1914
8.14773
8.09981
8.04749
7.99056
7.92883
7.86208
7.7901
7.71267
7.62953
7.54044
7.44513
7.34329
7.2346
7.11872
6.9953
6.86394
6.72419
6.5756
6.41764
6.24977
6.07138
5.88183
5.68042
5.46642
5.23907
4.99757
4.74116
4.46909
4.18076
3.8755
3.55314
3.2133
2.85681
2.48489
2.09952
2.02559
2.14887
2.33563
2.54953
2.71159
2.89153
3.06677
3.24406
3.42046
3.59632
3.77096
3.94411
4.11542
4.2846
4.45142
4.61562
4.77706
4.93573
5.09145
5.24401
5.39326
5.53902
5.68116
5.81954
5.95405
6.08458
6.21102
6.33326
6.45117
6.56475
6.67377
6.7769
6.87511
6.97184
7.06467
7.15152
7.23528
7.31424
7.38696
7.45474
7.51776
7.5763
7.63035
7.67978
7.72458
7.76376
7.79687
7.82468
7.8464
7.85955
7.86755
7.87444
7.87736
7.87614
7.86981
7.85706
7.83895
7.81507
7.78527
7.74946
7.70756
7.65947
7.60511
7.54438
7.47714
7.40327
7.32262
7.235
7.14021
7.03802
6.9282
6.81044
6.68444
6.54984
6.40625
6.25324
6.09032
5.91697
5.73263
5.53668
5.32846
5.10729
4.87244
4.6232
4.35889
4.07887
3.78269
3.47033
3.14122
2.79599
2.43594
2.0631
)
;

boundaryField
{
    walls
    {
        type            zeroGradient;
    }
    frontAndBack
    {
        type            empty;
    }
    farfield
    {
        type            outletInlet;
        outletValue     uniform 0;
        value           nonuniform List<scalar> 
92
(
0
0
0
2.54953
2.71159
2.89153
3.06677
3.24406
3.42046
3.59632
3.77096
3.94411
4.11542
4.2846
4.45142
4.61562
4.77706
4.93573
5.09145
5.24401
5.39326
5.53902
5.68116
5.81954
5.95405
6.08458
6.21102
6.33326
6.45117
6.56475
6.67377
6.7769
6.87511
6.97184
7.06467
7.15152
7.23528
7.31424
7.38696
7.45474
7.51776
7.5763
7.63035
7.67978
7.72458
7.76376
7.79687
7.82468
7.8464
7.85955
7.86755
7.87444
7.87736
7.87614
7.86981
7.85706
7.83895
7.81507
7.78527
7.74946
7.70756
7.65947
7.60511
7.54438
7.47714
7.40327
7.32262
7.235
7.14021
7.03802
6.9282
6.81044
6.68444
6.54984
6.40625
6.25324
6.09032
5.91697
5.73263
5.53668
5.32846
5.10729
4.87244
4.6232
4.35889
4.07887
3.78269
3.47033
3.14122
2.79599
2.43594
2.0631
)
;
    }
    procBoundary2to0
    {
        type            processor;
        value           nonuniform List<scalar> 
105
(
28.5497
28.5497
28.5497
28.5497
28.5497
28.5498
28.5498
28.5499
28.5501
28.5503
28.0241
27.5106
27.0136
27.0136
27.0141
27.0148
27.0157
27.0169
27.0185
27.0205
27.023
27.0261
27.0301
27.0349
27.0407
27.0479
27.0565
27.0668
27.0792
27.0938
27.111
27.1313
27.1549
27.1823
27.214
27.251
27.2921
27.3381
27.39
27.4477
27.5119
27.0991
27.0991
27.1778
27.266
27.3651
27.4769
27.6027
27.7444
27.9036
28.0825
28.2832
28.5082
28.7598
29.0409
29.3541
29.7023
30.0883
30.5148
30.984
31.4978
32.0571
32.662
33.3107
33.9995
34.7223
35.4708
36.2346
37.003
37.7676
38.5259
39.2836
40.0547
40.8553
41.6968
41.6968
42.5698
43.4253
44.2354
44.9251
45.4039
45.5819
45.3827
44.7577
43.6947
42.2155
40.3729
38.2325
35.8746
33.3654
30.7843
28.1723
25.6
23.0655
20.6494
18.2831
18.2831
16.0819
13.8893
11.9651
9.8736
8.2043
6.03497
4.43004
1.91259
)
;
    }
    procBoundary2to3
    {
        type            processor;
        value           nonuniform List<scalar> 
107
(
406.44
406.44
406.44
406.44
406.44
406.441
406.444
406.447
406.452
406.46
406.47
406.484
406.502
406.523
406.549
406.579
406.613
406.649
406.689
406.731
406.777
406.825
406.877
406.932
406.991
407.052
407.115
407.179
407.242
407.301
407.354
407.394
407.417
407.413
407.372
407.28
407.12
406.871
406.505
405.989
405.282
404.337
403.096
401.492
399.448
396.88
393.695
389.789
385.063
367.184
367.184
362.001
355.863
348.66
340.353
330.913
320.356
308.715
296.061
296.061
295.84
291.115
263.89
247.413
230.862
214.504
198.809
198.809
183.247
162.468
136.683
96.9829
88.8179
80.9384
73.4494
66.3455
59.6694
53.4294
47.6389
42.2984
37.4048
32.9478
28.9131
25.2821
22.0334
19.143
16.5854
14.3345
12.3639
10.6477
9.16066
7.87885
6.77976
5.84105
5.04387
4.37101
3.80641
3.3356
2.94563
2.62537
2.3648
2.15542
1.99039
1.86323
1.76744
1.70324
1.68001
)
;
    }
}


// ************************************************************************* //
