/*--------------------------------*- C++ -*----------------------------------*\
| =========                 |                                                 |
| \\      /  F ield         | OpenFOAM: The Open Source CFD Toolbox           |
|  \\    /   O peration     | Version:  2412                                  |
|   \\  /    A nd           | Website:  www.openfoam.com                      |
|    \\/     M anipulation  |                                                 |
\*---------------------------------------------------------------------------*/
FoamFile
{
    version     2.0;
    format      ascii;
    arch        "LSB;label=32;scalar=64";
    class       volScalarField;
    location    "360";
    object      nuTilda;
}
// * * * * * * * * * * * * * * * * * * * * * * * * * * * * * * * * * * * * * //

dimensions      [0 2 -1 0 0 0 0];

internalField   nonuniform List<scalar> 
7387
(
1.22544e-06
1.21012e-06
1.19467e-06
1.17912e-06
1.16348e-06
1.14777e-06
1.13199e-06
1.11614e-06
1.1002e-06
1.0842e-06
1.06816e-06
1.05212e-06
1.03603e-06
1.01995e-06
1.00392e-06
9.8794e-07
9.72e-07
9.56132e-07
9.40373e-07
9.24773e-07
9.0933e-07
8.94055e-07
8.79004e-07
8.64171e-07
8.49589e-07
8.35295e-07
8.21274e-07
8.07551e-07
7.94157e-07
7.81102e-07
7.68398e-07
7.56047e-07
7.44078e-07
7.3249e-07
7.21291e-07
7.10489e-07
7.00084e-07
6.90088e-07
6.8051e-07
6.71345e-07
6.62596e-07
6.54301e-07
6.46464e-07
6.39064e-07
6.3207e-07
6.25508e-07
6.19499e-07
6.14179e-07
6.09566e-07
6.05355e-07
6.01372e-07
5.97515e-07
5.94463e-07
5.93121e-07
5.93893e-07
5.97033e-07
6.00986e-07
6.04137e-07
6.06619e-07
6.07652e-07
6.09167e-07
6.16288e-07
6.32196e-07
6.59178e-07
7.01565e-07
7.68963e-07
8.19703e-07
7.97792e-07
6.70482e-07
4.29721e-07
3.45081e-07
3.81461e-07
3.84132e-06
3.79334e-06
3.74494e-06
3.6962e-06
3.6472e-06
3.598e-06
3.54855e-06
3.49886e-06
3.44896e-06
3.39884e-06
3.34858e-06
3.29824e-06
3.24785e-06
3.1975e-06
3.14727e-06
3.09718e-06
3.04723e-06
2.99752e-06
2.94816e-06
2.89927e-06
2.85087e-06
2.80301e-06
2.75583e-06
2.70935e-06
2.66366e-06
2.61883e-06
2.57487e-06
2.53188e-06
2.4899e-06
2.44898e-06
2.40916e-06
2.37046e-06
2.33294e-06
2.29662e-06
2.26151e-06
2.22765e-06
2.19504e-06
2.16372e-06
2.13368e-06
2.10495e-06
2.07754e-06
2.05152e-06
2.02694e-06
2.00374e-06
1.98182e-06
1.96124e-06
1.94238e-06
1.92568e-06
1.91117e-06
1.89793e-06
1.88542e-06
1.87331e-06
1.86371e-06
1.85938e-06
1.8616e-06
1.8711e-06
1.88315e-06
1.89281e-06
1.90043e-06
1.90363e-06
1.90838e-06
1.93028e-06
1.97906e-06
2.06178e-06
2.19133e-06
2.39442e-06
2.54667e-06
2.48498e-06
2.10061e-06
1.35039e-06
1.07797e-06
1.19147e-06
6.81082e-06
6.72582e-06
6.64012e-06
6.55379e-06
6.46702e-06
6.37989e-06
6.29235e-06
6.20438e-06
6.11603e-06
6.02731e-06
5.93829e-06
5.84913e-06
5.75992e-06
5.6708e-06
5.58185e-06
5.49313e-06
5.40469e-06
5.31669e-06
5.22932e-06
5.14273e-06
5.05701e-06
4.97227e-06
4.88871e-06
4.8064e-06
4.72548e-06
4.64605e-06
4.5682e-06
4.49205e-06
4.41769e-06
4.3452e-06
4.27467e-06
4.20612e-06
4.13965e-06
4.07531e-06
4.01312e-06
3.95312e-06
3.89537e-06
3.83988e-06
3.78667e-06
3.73576e-06
3.68719e-06
3.64108e-06
3.59753e-06
3.5564e-06
3.51754e-06
3.48106e-06
3.44759e-06
3.41788e-06
3.392e-06
3.36842e-06
3.34617e-06
3.3247e-06
3.30756e-06
3.29947e-06
3.30267e-06
3.31837e-06
3.33857e-06
3.35495e-06
3.36786e-06
3.37343e-06
3.38178e-06
3.41906e-06
3.50186e-06
3.642e-06
3.86079e-06
4.19665e-06
4.44804e-06
4.36046e-06
3.72887e-06
2.42518e-06
1.90681e-06
2.11034e-06
1.01847e-05
1.00579e-05
9.92993e-06
9.8011e-06
9.6716e-06
9.54157e-06
9.41097e-06
9.27975e-06
9.14793e-06
9.01556e-06
8.88274e-06
8.74974e-06
8.61667e-06
8.48371e-06
8.35099e-06
8.21863e-06
8.08671e-06
7.95546e-06
7.82513e-06
7.69593e-06
7.56802e-06
7.44161e-06
7.31692e-06
7.1941e-06
7.07335e-06
6.95482e-06
6.83867e-06
6.72503e-06
6.61406e-06
6.50588e-06
6.40061e-06
6.29832e-06
6.19912e-06
6.10308e-06
6.01027e-06
5.92073e-06
5.83453e-06
5.75171e-06
5.6723e-06
5.59633e-06
5.52384e-06
5.455e-06
5.38996e-06
5.32854e-06
5.2705e-06
5.216e-06
5.16594e-06
5.12136e-06
5.08235e-06
5.04686e-06
5.01345e-06
4.98137e-06
4.95551e-06
4.94249e-06
4.94564e-06
4.96653e-06
4.99417e-06
5.01696e-06
5.03491e-06
5.04302e-06
5.05532e-06
5.10764e-06
5.22346e-06
5.4191e-06
5.72375e-06
6.17911e-06
6.51954e-06
6.42718e-06
5.58578e-06
3.72309e-06
2.8512e-06
3.16886e-06
1.40204e-05
1.38462e-05
1.36706e-05
1.34938e-05
1.3316e-05
1.31376e-05
1.29583e-05
1.27783e-05
1.25974e-05
1.24158e-05
1.22336e-05
1.20511e-05
1.18685e-05
1.16861e-05
1.1504e-05
1.13224e-05
1.11415e-05
1.09615e-05
1.07827e-05
1.06054e-05
1.043e-05
1.02565e-05
1.00854e-05
9.91694e-06
9.75124e-06
9.58862e-06
9.42925e-06
9.27333e-06
9.12107e-06
8.97262e-06
8.82817e-06
8.68781e-06
8.55171e-06
8.41993e-06
8.29257e-06
8.16971e-06
8.05143e-06
7.9378e-06
7.82886e-06
7.72462e-06
7.62516e-06
7.53068e-06
7.44136e-06
7.35701e-06
7.27732e-06
7.20247e-06
7.13361e-06
7.072e-06
7.01785e-06
6.9686e-06
6.9224e-06
6.87829e-06
6.84229e-06
6.82271e-06
6.82404e-06
6.8481e-06
6.88142e-06
6.90961e-06
6.93186e-06
6.94252e-06
6.95906e-06
7.02506e-06
7.17037e-06
7.41553e-06
7.797e-06
8.34914e-06
8.76078e-06
8.68684e-06
7.69848e-06
5.32326e-06
3.9464e-06
4.40892e-06
1.83831e-05
1.81556e-05
1.79263e-05
1.76954e-05
1.74632e-05
1.723e-05
1.6996e-05
1.67609e-05
1.65247e-05
1.62876e-05
1.60498e-05
1.58116e-05
1.55733e-05
1.53352e-05
1.50976e-05
1.48606e-05
1.46244e-05
1.43895e-05
1.41562e-05
1.39249e-05
1.36959e-05
1.34696e-05
1.32463e-05
1.30264e-05
1.28101e-05
1.25978e-05
1.23898e-05
1.21863e-05
1.19876e-05
1.17939e-05
1.16053e-05
1.14222e-05
1.12445e-05
1.10726e-05
1.09064e-05
1.0746e-05
1.05917e-05
1.04434e-05
1.03013e-05
1.01653e-05
1.00355e-05
9.91216e-06
9.79551e-06
9.68534e-06
9.58128e-06
9.48354e-06
9.39338e-06
9.31232e-06
9.24063e-06
9.17547e-06
9.11458e-06
9.05686e-06
9.00905e-06
8.98075e-06
8.97762e-06
9.00153e-06
9.03747e-06
9.06914e-06
9.09427e-06
9.10724e-06
9.12816e-06
9.20532e-06
9.37378e-06
9.65791e-06
1.01012e-05
1.07188e-05
1.11757e-05
1.11401e-05
1.00868e-05
7.30554e-06
5.26786e-06
5.86467e-06
2.33485e-05
2.30608e-05
2.27709e-05
2.24789e-05
2.21854e-05
2.18906e-05
2.15948e-05
2.12977e-05
2.09995e-05
2.07e-05
2.03996e-05
2.00988e-05
1.97978e-05
1.94971e-05
1.9197e-05
1.88978e-05
1.85997e-05
1.83031e-05
1.80086e-05
1.77165e-05
1.74275e-05
1.71418e-05
1.68599e-05
1.65823e-05
1.63093e-05
1.60413e-05
1.57787e-05
1.55218e-05
1.5271e-05
1.50264e-05
1.47884e-05
1.45572e-05
1.4333e-05
1.4116e-05
1.39062e-05
1.37039e-05
1.35092e-05
1.33221e-05
1.31427e-05
1.29711e-05
1.28074e-05
1.26517e-05
1.25044e-05
1.23653e-05
1.22339e-05
1.21104e-05
1.19962e-05
1.18929e-05
1.18009e-05
1.17173e-05
1.16396e-05
1.15665e-05
1.15049e-05
1.14651e-05
1.14538e-05
1.14727e-05
1.15066e-05
1.15385e-05
1.15642e-05
1.15788e-05
1.16041e-05
1.16886e-05
1.18707e-05
1.21784e-05
1.26624e-05
1.33063e-05
1.3774e-05
1.37882e-05
1.27606e-05
9.74295e-06
6.91525e-06
7.56336e-06
2.90049e-05
2.86491e-05
2.82909e-05
2.793e-05
2.75673e-05
2.72032e-05
2.68377e-05
2.64708e-05
2.61026e-05
2.5733e-05
2.53624e-05
2.49912e-05
2.46198e-05
2.42489e-05
2.38787e-05
2.35097e-05
2.31421e-05
2.27765e-05
2.24133e-05
2.20532e-05
2.16968e-05
2.13446e-05
2.09971e-05
2.06549e-05
2.03184e-05
1.9988e-05
1.96644e-05
1.93477e-05
1.90385e-05
1.87371e-05
1.84438e-05
1.81589e-05
1.78826e-05
1.76153e-05
1.73569e-05
1.71077e-05
1.68678e-05
1.66374e-05
1.64165e-05
1.62051e-05
1.60035e-05
1.58117e-05
1.56301e-05
1.54585e-05
1.52966e-05
1.51443e-05
1.5003e-05
1.48744e-05
1.47589e-05
1.46539e-05
1.45568e-05
1.44663e-05
1.43887e-05
1.43338e-05
1.43094e-05
1.43166e-05
1.43417e-05
1.43691e-05
1.43918e-05
1.44068e-05
1.4436e-05
1.45227e-05
1.47056e-05
1.50162e-05
1.55134e-05
1.61387e-05
1.65735e-05
1.66356e-05
1.57198e-05
1.26718e-05
8.9642e-06
9.51739e-06
3.54609e-05
3.50276e-05
3.45916e-05
3.41525e-05
3.37112e-05
3.32684e-05
3.28241e-05
3.23784e-05
3.19311e-05
3.14825e-05
3.10326e-05
3.05821e-05
3.01317e-05
2.96817e-05
2.92329e-05
2.87855e-05
2.834e-05
2.78969e-05
2.74569e-05
2.70207e-05
2.65889e-05
2.61623e-05
2.57414e-05
2.5327e-05
2.49195e-05
2.45195e-05
2.41276e-05
2.37443e-05
2.337e-05
2.30052e-05
2.26502e-05
2.23054e-05
2.19712e-05
2.16477e-05
2.13351e-05
2.10337e-05
2.07435e-05
2.04649e-05
2.01978e-05
1.99423e-05
1.96985e-05
1.94666e-05
1.92468e-05
1.9039e-05
1.88429e-05
1.86586e-05
1.84869e-05
1.83294e-05
1.81867e-05
1.80569e-05
1.79375e-05
1.78273e-05
1.7731e-05
1.76566e-05
1.76127e-05
1.75994e-05
1.76067e-05
1.76226e-05
1.76372e-05
1.76504e-05
1.76824e-05
1.77648e-05
1.79322e-05
1.82197e-05
1.86967e-05
1.92547e-05
1.96039e-05
1.96945e-05
1.89584e-05
1.60998e-05
1.15032e-05
1.1764e-05
4.28573e-05
4.23344e-05
4.18084e-05
4.12792e-05
4.07475e-05
4.02142e-05
3.96796e-05
3.91435e-05
3.86061e-05
3.80673e-05
3.75274e-05
3.6987e-05
3.64468e-05
3.59074e-05
3.53696e-05
3.48338e-05
3.43005e-05
3.37703e-05
3.32439e-05
3.27222e-05
3.22059e-05
3.16959e-05
3.11929e-05
3.06976e-05
3.02108e-05
2.9733e-05
2.9265e-05
2.88073e-05
2.83605e-05
2.7925e-05
2.75014e-05
2.709e-05
2.66912e-05
2.63053e-05
2.59325e-05
2.55731e-05
2.52273e-05
2.48952e-05
2.45769e-05
2.42724e-05
2.39819e-05
2.37054e-05
2.34431e-05
2.31952e-05
2.29613e-05
2.27412e-05
2.25355e-05
2.23452e-05
2.2171e-05
2.20124e-05
2.18673e-05
2.17347e-05
2.16165e-05
2.15174e-05
2.14458e-05
2.14008e-05
2.13783e-05
2.13732e-05
2.13729e-05
2.13806e-05
2.14134e-05
2.14834e-05
2.16153e-05
2.18485e-05
2.22672e-05
2.271e-05
2.29121e-05
2.29898e-05
2.24831e-05
2.00197e-05
1.46402e-05
1.45694e-05
5.13812e-05
5.07526e-05
5.01211e-05
4.94861e-05
4.88485e-05
4.82095e-05
4.75695e-05
4.69284e-05
4.62863e-05
4.56432e-05
4.49992e-05
4.43551e-05
4.37116e-05
4.30696e-05
4.24299e-05
4.17931e-05
4.11597e-05
4.05303e-05
3.99058e-05
3.92871e-05
3.86752e-05
3.8071e-05
3.74753e-05
3.6889e-05
3.6313e-05
3.57479e-05
3.51945e-05
3.46535e-05
3.41255e-05
3.36111e-05
3.31109e-05
3.26253e-05
3.21547e-05
3.16995e-05
3.12599e-05
3.08361e-05
3.04285e-05
3.00371e-05
2.9662e-05
2.93034e-05
2.89612e-05
2.86353e-05
2.8326e-05
2.80335e-05
2.77576e-05
2.74978e-05
2.7254e-05
2.70264e-05
2.6816e-05
2.6624e-05
2.64493e-05
2.62912e-05
2.61474e-05
2.60171e-05
2.59074e-05
2.58168e-05
2.57496e-05
2.5711e-05
2.56867e-05
2.56838e-05
2.57138e-05
2.5761e-05
2.5833e-05
2.59761e-05
2.62966e-05
2.65849e-05
2.65714e-05
2.65668e-05
2.63223e-05
2.43953e-05
1.85038e-05
1.80807e-05
6.12597e-05
6.05077e-05
5.97526e-05
5.89939e-05
5.82323e-05
5.74695e-05
5.67061e-05
5.59421e-05
5.51775e-05
5.44125e-05
5.36471e-05
5.2882e-05
5.21183e-05
5.1357e-05
5.0599e-05
4.9845e-05
4.90957e-05
4.83518e-05
4.76142e-05
4.68841e-05
4.61624e-05
4.54502e-05
4.47486e-05
4.40584e-05
4.33808e-05
4.27165e-05
4.20662e-05
4.1431e-05
4.08113e-05
4.02079e-05
3.96215e-05
3.90525e-05
3.85013e-05
3.79684e-05
3.74541e-05
3.69586e-05
3.6482e-05
3.60246e-05
3.55865e-05
3.51677e-05
3.47681e-05
3.43875e-05
3.40259e-05
3.36837e-05
3.33611e-05
3.30572e-05
3.27706e-05
3.25006e-05
3.22484e-05
3.20176e-05
3.18086e-05
3.16212e-05
3.1447e-05
3.12778e-05
3.11173e-05
3.0964e-05
3.08336e-05
3.07456e-05
3.06859e-05
3.06655e-05
3.06869e-05
3.06978e-05
3.06806e-05
3.06945e-05
3.08812e-05
3.10012e-05
3.06992e-05
3.05005e-05
3.04948e-05
2.91891e-05
2.32533e-05
2.24568e-05
7.27097e-05
7.18191e-05
7.09252e-05
7.0027e-05
6.91255e-05
6.82225e-05
6.7319e-05
6.64152e-05
6.55112e-05
6.46072e-05
6.37029e-05
6.27994e-05
6.18978e-05
6.09992e-05
6.01051e-05
5.92163e-05
5.83334e-05
5.74574e-05
5.65894e-05
5.57305e-05
5.48821e-05
5.40454e-05
5.32216e-05
5.24118e-05
5.16172e-05
5.08387e-05
5.00772e-05
4.93338e-05
4.86091e-05
4.7904e-05
4.72191e-05
4.65551e-05
4.59123e-05
4.52912e-05
4.46922e-05
4.41155e-05
4.35612e-05
4.30294e-05
4.25203e-05
4.20339e-05
4.15698e-05
4.11277e-05
4.07074e-05
4.03096e-05
3.99345e-05
3.95809e-05
3.92459e-05
3.89273e-05
3.86265e-05
3.83503e-05
3.81016e-05
3.78801e-05
3.76696e-05
3.74515e-05
3.72243e-05
3.69875e-05
3.67718e-05
3.66152e-05
3.65057e-05
3.6459e-05
3.64637e-05
3.64199e-05
3.62781e-05
3.61232e-05
3.6162e-05
3.61711e-05
3.55067e-05
3.49114e-05
3.5082e-05
3.43951e-05
2.90884e-05
2.78697e-05
8.69397e-05
8.59001e-05
8.48585e-05
8.38136e-05
8.27641e-05
8.17105e-05
8.06551e-05
7.95992e-05
7.85433e-05
7.74877e-05
7.64322e-05
7.53767e-05
7.4322e-05
7.32693e-05
7.22203e-05
7.11765e-05
7.01388e-05
6.91084e-05
6.80859e-05
6.70727e-05
6.60703e-05
6.508e-05
6.41034e-05
6.3142e-05
6.21971e-05
6.127e-05
6.0362e-05
5.94741e-05
5.86076e-05
5.77632e-05
5.69419e-05
5.61446e-05
5.53719e-05
5.46244e-05
5.39026e-05
5.32069e-05
5.25374e-05
5.18943e-05
5.12778e-05
5.06878e-05
5.01244e-05
4.95869e-05
4.90748e-05
4.85876e-05
4.81262e-05
4.76914e-05
4.72811e-05
4.68905e-05
4.65153e-05
4.61574e-05
4.58278e-05
4.55322e-05
4.52704e-05
4.50158e-05
4.47365e-05
4.44233e-05
4.40781e-05
4.37508e-05
4.35022e-05
4.33255e-05
4.32412e-05
4.32179e-05
4.30963e-05
4.27899e-05
4.24369e-05
4.23835e-05
4.25572e-05
4.14831e-05
3.99999e-05
4.02233e-05
4.00627e-05
3.62647e-05
3.45349e-05
0.000102215
0.000101008
9.97995e-05
9.85886e-05
9.73731e-05
9.61532e-05
9.49317e-05
9.37104e-05
9.24899e-05
9.12706e-05
9.00524e-05
8.88349e-05
8.76186e-05
8.6405e-05
8.51959e-05
8.39931e-05
8.27976e-05
8.16108e-05
8.04333e-05
7.92666e-05
7.81121e-05
7.69714e-05
7.58463e-05
7.47385e-05
7.36494e-05
7.25805e-05
7.15334e-05
7.05094e-05
6.95097e-05
6.85353e-05
6.75876e-05
6.66673e-05
6.57754e-05
6.49126e-05
6.40794e-05
6.32764e-05
6.25038e-05
6.17618e-05
6.10504e-05
6.03698e-05
5.97199e-05
5.91e-05
5.85089e-05
5.79461e-05
5.74127e-05
5.69099e-05
5.64351e-05
5.59806e-05
5.55401e-05
5.51155e-05
5.47229e-05
5.43718e-05
5.4062e-05
5.37542e-05
5.34003e-05
5.29803e-05
5.24994e-05
5.20307e-05
5.16622e-05
5.13957e-05
5.12585e-05
5.11933e-05
5.09707e-05
5.04671e-05
4.9933e-05
5.0042e-05
5.07229e-05
4.93686e-05
4.61672e-05
4.61313e-05
4.63019e-05
4.43363e-05
4.27441e-05
0.000119683
0.000118284
0.000116886
0.000115488
0.000114085
0.000112678
0.000111271
0.000109864
0.000108461
0.00010706
0.000105662
0.000104266
0.000102873
0.000101484
0.000100102
9.87271e-05
9.73623e-05
9.60085e-05
9.46663e-05
9.33373e-05
9.20228e-05
9.07247e-05
8.94447e-05
8.81848e-05
8.69466e-05
8.57316e-05
8.45414e-05
8.33775e-05
8.22414e-05
8.1134e-05
8.00567e-05
7.90106e-05
7.79964e-05
7.70152e-05
7.60676e-05
7.51541e-05
7.4275e-05
7.34305e-05
7.26206e-05
7.18455e-05
7.11052e-05
7.03987e-05
6.97244e-05
6.90815e-05
6.84715e-05
6.7896e-05
6.73517e-05
6.68285e-05
6.63172e-05
6.58195e-05
6.53564e-05
6.49422e-05
6.45774e-05
6.42099e-05
6.37733e-05
6.32337e-05
6.25981e-05
6.19624e-05
6.14448e-05
6.10608e-05
6.0848e-05
6.07267e-05
6.0396e-05
5.97084e-05
5.91316e-05
5.96739e-05
6.07688e-05
5.92001e-05
5.44942e-05
5.30986e-05
5.32885e-05
5.2904e-05
5.29294e-05
0.000139691
0.000138068
0.000136452
0.000134837
0.00013322
0.000131599
0.000129978
0.000128361
0.000126748
0.00012514
0.000123539
0.000121941
0.000120349
0.000118762
0.000117185
0.000115619
0.000114065
0.000112526
0.000111002
0.000109495
0.000108006
0.000106537
0.000105089
0.000103666
0.000102269
0.000100899
9.95582e-05
9.82481e-05
9.69701e-05
9.57254e-05
9.45153e-05
9.33409e-05
9.22031e-05
9.11027e-05
9.00405e-05
8.90169e-05
8.80322e-05
8.70865e-05
8.61797e-05
8.5312e-05
8.44832e-05
8.36922e-05
8.29369e-05
8.22161e-05
8.15313e-05
8.08847e-05
8.02726e-05
7.96829e-05
7.91034e-05
7.85345e-05
7.80006e-05
7.7521e-05
7.70986e-05
7.66729e-05
7.61606e-05
7.55118e-05
7.47294e-05
7.39237e-05
7.32404e-05
7.27141e-05
7.23978e-05
7.22089e-05
7.17992e-05
7.10165e-05
7.05443e-05
7.14534e-05
7.28696e-05
7.11062e-05
6.51709e-05
6.14189e-05
6.12747e-05
6.20358e-05
6.57131e-05
0.000162665
0.000160782
0.000158913
0.000157049
0.000155183
0.000153315
0.000151448
0.000149587
0.000147733
0.000145888
0.000144051
0.000142222
0.000140401
0.000138589
0.000136788
0.000135002
0.000133234
0.000131484
0.000129754
0.000128044
0.000126357
0.000124696
0.00012306
0.000121454
0.000119879
0.000118337
0.00011683
0.000115359
0.000113925
0.000112531
0.000111177
0.000109865
0.000108595
0.000107368
0.000106185
0.000105046
0.000103951
0.000102901
0.000101895
0.000100934
0.000100016
9.91403e-05
9.8305e-05
9.75078e-05
9.67503e-05
9.60346e-05
9.53574e-05
9.47055e-05
9.4064e-05
9.34308e-05
9.28308e-05
9.22873e-05
9.18079e-05
9.13318e-05
9.07648e-05
9.00414e-05
8.9151e-05
8.82039e-05
8.73627e-05
8.66842e-05
8.62404e-05
8.59774e-05
8.5545e-05
8.47773e-05
8.44274e-05
8.56177e-05
8.73039e-05
8.53362e-05
7.83007e-05
7.14619e-05
7.06319e-05
7.19161e-05
7.87401e-05
0.000189114
0.00018693
0.000184768
0.000182615
0.000180464
0.00017831
0.00017616
0.000174017
0.000171885
0.000169765
0.000167658
0.000165562
0.000163477
0.000161404
0.000159347
0.000157308
0.000155292
0.000153299
0.000151332
0.00014939
0.000147476
0.000145593
0.000143743
0.000141927
0.000140149
0.00013841
0.000136712
0.000135058
0.000133448
0.000131884
0.000130367
0.000128898
0.000127479
0.00012611
0.000124791
0.000123524
0.000122308
0.000121142
0.000120027
0.000118962
0.000117947
0.00011698
0.000116059
0.00011518
0.000114346
0.000113557
0.000112812
0.000112098
0.000111396
0.000110702
0.000110039
0.000109432
0.000108894
0.000108373
0.000107772
0.000107014
0.000106064
0.000105022
0.000104051
0.000103227
0.000102643
0.000102301
0.000101902
0.000101257
0.000101044
0.000102459
0.00010441
0.000102237
9.41459e-05
8.39217e-05
8.18809e-05
8.28593e-05
9.19084e-05
0.000219637
0.000217106
0.000214605
0.00021212
0.000209639
0.000207158
0.000204681
0.000202214
0.000199762
0.000197327
0.000194908
0.000192505
0.000190116
0.000187744
0.000185391
0.000183062
0.00018076
0.000178488
0.000176247
0.000174037
0.000171862
0.000169724
0.000167625
0.000165568
0.000163555
0.000161589
0.000159672
0.000157806
0.000155992
0.000154231
0.000152526
0.000150878
0.000149287
0.000147753
0.000146279
0.000144863
0.000143506
0.000142207
0.000140966
0.000139783
0.000138656
0.000137584
0.000136565
0.000135594
0.000134673
0.000133802
0.000132981
0.000132197
0.000131432
0.000130676
0.000129947
0.000129272
0.000128672
0.000128106
0.000127481
0.000126716
0.000125748
0.000124656
0.000123588
0.000122637
0.00012191
0.000121487
0.000121153
0.000120722
0.000120721
0.000122345
0.000124542
0.000122156
0.000113046
9.97214e-05
9.56201e-05
9.53322e-05
0.000105466
0.000254936
0.000252005
0.000249116
0.000246249
0.00024339
0.000240533
0.000237681
0.000234844
0.000232025
0.000229228
0.000226452
0.000223697
0.00022096
0.000218244
0.000215552
0.00021289
0.000210261
0.000207668
0.000205113
0.000202596
0.000200121
0.000197689
0.000195304
0.000192969
0.000190686
0.000188458
0.000186288
0.000184177
0.000182127
0.00018014
0.000178217
0.000176359
0.000174568
0.000172844
0.000171188
0.000169599
0.000168078
0.000166625
0.000165237
0.000163915
0.000162658
0.000161464
0.00016033
0.000159251
0.000158228
0.000157262
0.000156353
0.000155489
0.000154651
0.000153826
0.000153027
0.000152279
0.000151608
0.000150993
0.000150347
0.000149587
0.000148629
0.00014752
0.000146388
0.00014533
0.00014447
0.000143964
0.000143704
0.000143536
0.000143848
0.000145727
0.00014815
0.000145516
0.000135387
0.000119692
0.000112525
0.000109944
0.00011989
0.000295831
0.000292444
0.000289109
0.000285806
0.000282515
0.000279228
0.00027595
0.00027269
0.000269452
0.000266241
0.000263059
0.000259901
0.000256768
0.00025366
0.000250582
0.000247539
0.000244536
0.000241577
0.000238662
0.000235794
0.000232975
0.000230208
0.000227496
0.000224842
0.000222249
0.000219721
0.000217259
0.000214866
0.000212545
0.000210296
0.000208122
0.000206023
0.000204001
0.000202056
0.000200189
0.0001984
0.000196688
0.000195053
0.000193495
0.000192011
0.000190601
0.000189264
0.000187995
0.00018679
0.000185649
0.000184571
0.000183557
0.000182599
0.000181678
0.000180775
0.000179897
0.000179068
0.000178319
0.000177645
0.000176974
0.000176224
0.000175291
0.000174188
0.000173018
0.000171878
0.000170899
0.000170312
0.000170121
0.00017023
0.000170931
0.000173151
0.000175795
0.000172855
0.000161677
0.000144044
0.000133196
0.000127442
0.000135861
0.000343282
0.000339376
0.000335534
0.000331732
0.000327951
0.000324176
0.000320413
0.000316673
0.000312959
0.000309278
0.000305632
0.000302019
0.000298435
0.000294882
0.000291365
0.00028789
0.000284462
0.000281086
0.000277763
0.000274496
0.000271285
0.000268136
0.000265051
0.000262034
0.000259087
0.000256216
0.000253421
0.000250707
0.000248074
0.000245526
0.000243063
0.000240687
0.000238399
0.000236199
0.000234089
0.000232068
0.000230135
0.000228291
0.000226534
0.000224862
0.000223274
0.00022177
0.000220344
0.000218992
0.000217712
0.000216503
0.000215369
0.0002143
0.000213281
0.000212288
0.000211321
0.000210402
0.000209564
0.000208822
0.000208118
0.000207377
0.000206477
0.000205396
0.00020421
0.000203008
0.000201928
0.000201267
0.000201139
0.000201518
0.000202645
0.000205279
0.000208148
0.000204833
0.000192553
0.00017319
0.000158211
0.000148637
0.000154227
0.00039841
0.000393917
0.000389499
0.000385132
0.000380793
0.000376467
0.000372156
0.000367872
0.00036362
0.000359408
0.000355238
0.000351109
0.000347016
0.00034296
0.000338947
0.000334983
0.000331075
0.000327227
0.000323442
0.000319722
0.000316069
0.000312487
0.000308979
0.00030555
0.000302203
0.000298941
0.000295769
0.000292688
0.000289701
0.000286811
0.000284018
0.000281325
0.000278733
0.000276242
0.000273853
0.000271565
0.000269379
0.000267293
0.000265306
0.000263417
0.000261624
0.000259926
0.000258318
0.000256795
0.000255353
0.000253993
0.000252717
0.00025152
0.000250386
0.000249289
0.000248222
0.000247201
0.000246265
0.000245444
0.000244697
0.000243959
0.000243098
0.000242044
0.000240857
0.000239614
0.000238452
0.000237729
0.00023766
0.000238295
0.000239851
0.000242932
0.000246011
0.000242236
0.000228775
0.000207626
0.000188588
0.000174433
0.000175932
0.000462515
0.000457362
0.000452292
0.000447288
0.000442321
0.000437374
0.000432446
0.000427549
0.000422692
0.000417882
0.000413123
0.000408412
0.000403746
0.000399125
0.000394554
0.00039004
0.000385591
0.000381212
0.000376907
0.000372677
0.000368525
0.000364455
0.000360471
0.000356576
0.000352776
0.000349074
0.000345474
0.000341978
0.00033859
0.000335312
0.000332146
0.000329093
0.000326154
0.000323331
0.000320623
0.000318031
0.000315555
0.000313192
0.000310942
0.000308803
0.000306774
0.000304851
0.000303033
0.000301312
0.000299685
0.000298149
0.00029671
0.000295363
0.000294095
0.000292877
0.000291696
0.000290561
0.000289515
0.000288603
0.000287803
0.000287059
0.00028624
0.000285213
0.000284038
0.00028277
0.000281544
0.000280772
0.000280762
0.000281633
0.000283597
0.00028711
0.000290343
0.000286
0.000271245
0.00024807
0.000224977
0.000205679
0.000201957
0.000537094
0.000531203
0.000525404
0.000519684
0.000514013
0.00050837
0.000502752
0.000497171
0.000491637
0.000486157
0.000480737
0.000475376
0.000470068
0.000464814
0.000459618
0.000454489
0.000449435
0.000444461
0.000439572
0.000434771
0.000430059
0.000425441
0.000420922
0.000416505
0.000412196
0.000407998
0.000403916
0.000399954
0.000396113
0.000392397
0.000388808
0.000385347
0.000382017
0.000378816
0.000375747
0.000372809
0.000370001
0.000367323
0.000364772
0.000362347
0.000360046
0.000357867
0.000355806
0.000353858
0.000352016
0.000350278
0.00034865
0.00034713
0.000345707
0.000344349
0.000343037
0.000341774
0.000340605
0.00033959
0.000338725
0.000337963
0.000337177
0.000336186
0.000335026
0.000333745
0.000332471
0.000331661
0.000331708
0.000332793
0.000335121
0.000339003
0.000342286
0.000337237
0.000321041
0.000295524
0.00026831
0.000243528
0.000233792
0.000630636
0.000623853
0.000617143
0.000610535
0.000604018
0.000597564
0.000591148
0.000584764
0.000578424
0.000572136
0.000565911
0.000559757
0.000553672
0.000547651
0.000541692
0.000535802
0.000529988
0.000524258
0.000518622
0.000513082
0.000507642
0.000502306
0.000497077
0.000491959
0.000486959
0.00048208
0.000477327
0.000472705
0.000468218
0.000463869
0.000459661
0.000455595
0.000451675
0.000447902
0.000444275
0.000440797
0.000437466
0.000434282
0.000431245
0.000428352
0.0004256
0.000422989
0.000420516
0.000418178
0.000415969
0.00041388
0.00041191
0.000410064
0.000408345
0.000406741
0.000405222
0.000403758
0.000402352
0.000401044
0.000399912
0.000398968
0.000398179
0.000397412
0.000396469
0.000395321
0.000394033
0.000392719
0.000391873
0.000391969
0.000393238
0.000395864
0.000400007
0.000403179
0.00039728
0.000379451
0.000351252
0.000319662
0.000288976
0.000272575
0.000732384
0.0007247
0.000717096
0.000709599
0.000702206
0.000694892
0.000687626
0.0006804
0.000673223
0.000666107
0.000659062
0.000652097
0.000645212
0.000638403
0.000631667
0.000625009
0.000618437
0.000611961
0.00060559
0.000599329
0.000593182
0.000587152
0.000581244
0.000575461
0.000569811
0.000564297
0.000558926
0.000553701
0.000548628
0.00054371
0.000538951
0.000534352
0.000529915
0.000525644
0.000521538
0.000517597
0.000513823
0.000510214
0.000506769
0.000503487
0.000500365
0.0004974
0.000494592
0.000491937
0.000489428
0.000487057
0.00048482
0.000482725
0.000480775
0.000478963
0.000477256
0.000475619
0.000474048
0.000472584
0.000471321
0.000470284
0.000469451
0.000468692
0.000467786
0.000466668
0.000465372
0.000464014
0.000463123
0.000463249
0.000464655
0.000467486
0.00047174
0.000474593
0.000467739
0.000448004
0.00041674
0.000380303
0.000343022
0.000318901
0.000850375
0.000841729
0.000833164
0.000824709
0.000816369
0.000808121
0.000799934
0.000791795
0.000783711
0.000775694
0.000767756
0.000759907
0.00075215
0.000744479
0.000736893
0.000729395
0.000721993
0.000714698
0.00070752
0.000700465
0.000693539
0.000686745
0.000680087
0.00067357
0.0006672
0.000660984
0.000654927
0.000649034
0.00064331
0.000637759
0.000632384
0.000627189
0.000622176
0.000617347
0.000612702
0.000608243
0.00060397
0.000599881
0.000595977
0.000592254
0.000588711
0.000585346
0.000582155
0.000579138
0.000576287
0.000573593
0.000571052
0.000568671
0.000566457
0.000564405
0.000562481
0.000560643
0.000558884
0.000557244
0.00055583
0.000554683
0.000553793
0.000553025
0.000552138
0.000551043
0.000549747
0.000548358
0.000547386
0.000547507
0.000548984
0.000551897
0.000556065
0.000558348
0.000550596
0.000528475
0.000493669
0.000451716
0.000406978
0.000373604
0.000986809
0.000977157
0.000967585
0.000958124
0.000948783
0.000939547
0.000930381
0.000921271
0.000912222
0.000903244
0.00089435
0.000885553
0.000876857
0.000868258
0.000859754
0.000851348
0.000843049
0.000834866
0.000826812
0.000818894
0.000811118
0.000803489
0.000796012
0.000788691
0.000781533
0.000774546
0.000767734
0.000761104
0.000754661
0.00074841
0.000742355
0.000736499
0.000730844
0.000725394
0.000720149
0.00071511
0.000710277
0.00070565
0.000701229
0.000697011
0.000692993
0.000689173
0.000685551
0.000682123
0.000678883
0.000675821
0.000672932
0.000670224
0.000667708
0.00066538
0.000663204
0.000661136
0.000659161
0.000657321
0.000655735
0.000654459
0.000653493
0.000652699
0.000651813
0.00065072
0.00064941
0.000647984
0.000646915
0.000646984
0.00064844
0.00065128
0.00065512
0.000656511
0.000647538
0.000622794
0.000583918
0.000535544
0.000482198
0.000437989
0.00114387
0.00113322
0.00112263
0.00111215
0.00110179
0.00109154
0.00108137
0.00107126
0.00106121
0.00105123
0.00104134
0.00103155
0.00102187
0.00101229
0.00100282
0.000993449
0.000984195
0.000975067
0.000966076
0.000957234
0.000948546
0.000940018
0.000931656
0.000923466
0.000915455
0.00090763
0.000899997
0.000892564
0.000885336
0.000878318
0.000871516
0.000864932
0.000858571
0.000852435
0.000846525
0.000840843
0.000835389
0.000830162
0.000825164
0.00082039
0.00081584
0.00081151
0.0008074
0.000803509
0.000799829
0.00079635
0.000793067
0.000789988
0.000787127
0.000784483
0.00078202
0.000779686
0.000777464
0.000775396
0.000773614
0.000772186
0.000771123
0.000770284
0.000769377
0.000768268
0.000766929
0.000765447
0.000764268
0.000764214
0.000765532
0.000768108
0.000771322
0.000771429
0.000760828
0.000733196
0.000689535
0.000633552
0.000570079
0.000513156
0.00132358
0.00131199
0.00130045
0.001289
0.00127766
0.00126642
0.00125526
0.00124416
0.00123312
0.00122214
0.00121125
0.00120045
0.00118977
0.00117919
0.00116872
0.00115836
0.00114812
0.00113801
0.00112804
0.00111823
0.00110859
0.00109911
0.00108981
0.0010807
0.00107178
0.00106306
0.00105455
0.00104626
0.00103818
0.00103034
0.00102273
0.00101536
0.00100823
0.00100134
0.000994704
0.000988316
0.000982179
0.000976291
0.000970654
0.000965266
0.000960124
0.000955226
0.000950572
0.000946162
0.000941989
0.000938042
0.000934315
0.000930816
0.000927565
0.000924563
0.000921772
0.000919136
0.000916633
0.000914306
0.000912299
0.000910696
0.000909511
0.0009086
0.000907658
0.000906514
0.000905127
0.000903574
0.0009023
0.000902013
0.000903049
0.000905138
0.000907384
0.000905674
0.000893068
0.000862127
0.000812669
0.000747546
0.000672026
0.000600094
0.00152752
0.00151516
0.00150282
0.00149053
0.00147832
0.00146619
0.00145413
0.00144213
0.00143016
0.00141825
0.00140641
0.00139466
0.001383
0.00137145
0.00136
0.00134867
0.00133745
0.00132635
0.00131541
0.00130462
0.001294
0.00128355
0.0012733
0.00126323
0.00125337
0.00124372
0.00123429
0.00122509
0.00121613
0.00120741
0.00119894
0.00119073
0.00118278
0.0011751
0.00116768
0.00116053
0.00115365
0.00114705
0.00114072
0.00113466
0.00112887
0.00112334
0.00111809
0.00111311
0.00110839
0.00110392
0.0010997
0.00109573
0.00109205
0.00108864
0.00108548
0.0010825
0.00107968
0.00107706
0.0010748
0.00107299
0.00107166
0.00107066
0.00106966
0.00106847
0.00106702
0.00106538
0.00106403
0.0010634
0.00106399
0.00106535
0.00106621
0.00106194
0.00104679
0.00101205
0.000955435
0.000879274
0.000789397
0.000699677
0.00175658
0.00174373
0.00173084
0.00171796
0.0017051
0.00169229
0.00167952
0.00166678
0.00165406
0.00164136
0.0016287
0.00161611
0.0016036
0.00159117
0.00157883
0.00156659
0.00155446
0.00154245
0.00153057
0.00151884
0.00150728
0.00149589
0.00148469
0.00147368
0.00146289
0.00145231
0.00144195
0.00143184
0.00142197
0.00141236
0.00140301
0.00139393
0.00138513
0.0013766
0.00136837
0.00136042
0.00135276
0.00134539
0.00133832
0.00133154
0.00132506
0.00131887
0.00131297
0.00130736
0.00130205
0.00129701
0.00129225
0.00128777
0.0012836
0.00127975
0.00127618
0.00127282
0.00126965
0.0012667
0.00126414
0.0012621
0.00126059
0.00125948
0.00125841
0.00125716
0.00125564
0.00125389
0.0012524
0.00125144
0.00125145
0.00125181
0.00125083
0.00124443
0.0012256
0.00118538
0.00111977
0.00103032
0.000923428
0.000812648
0.00201068
0.00199774
0.0019847
0.00197159
0.00195843
0.00194526
0.00193209
0.00191889
0.00190568
0.00189245
0.00187921
0.001866
0.00185283
0.00183972
0.00182667
0.00181369
0.00180079
0.00178799
0.0017753
0.00176275
0.00175034
0.0017381
0.00172603
0.00171415
0.00170248
0.00169102
0.00167979
0.00166879
0.00165805
0.00164756
0.00163734
0.00162741
0.00161775
0.00160839
0.00159933
0.00159057
0.00158211
0.00157396
0.00156613
0.00155861
0.0015514
0.0015445
0.00153792
0.00153166
0.00152571
0.00152007
0.00151472
0.00150969
0.001505
0.00150066
0.00149664
0.00149287
0.00148931
0.00148599
0.00148312
0.0014808
0.00147909
0.00147785
0.0014767
0.00147538
0.00147378
0.00147192
0.00147027
0.00146918
0.00146837
0.00146746
0.00146378
0.0014557
0.00143164
0.00138365
0.00130717
0.00120196
0.00107515
0.000939559
0.00228867
0.00227616
0.00226347
0.00225061
0.00223762
0.00222453
0.00221137
0.00219812
0.0021848
0.0021714
0.00215794
0.00214444
0.00213092
0.00211741
0.00210392
0.00209046
0.00207705
0.00206369
0.0020504
0.00203722
0.00202415
0.00201122
0.00199844
0.00198584
0.00197342
0.0019612
0.00194919
0.00193741
0.00192587
0.00191459
0.00190357
0.00189283
0.00188238
0.00187222
0.00186237
0.00185282
0.00184359
0.00183468
0.00182609
0.00181782
0.00180989
0.00180228
0.00179501
0.00178807
0.00178148
0.00177521
0.00176926
0.00176365
0.00175841
0.00175356
0.00174906
0.00174484
0.00174084
0.00173714
0.0017339
0.00173128
0.00172935
0.00172796
0.00172671
0.00172532
0.00172364
0.00172166
0.0017198
0.00171844
0.00171719
0.00171502
0.00170928
0.00169692
0.00166602
0.00160887
0.0015188
0.00139506
0.00124532
0.00108071
0.00258831
0.00257686
0.00256511
0.00255309
0.00254082
0.00252836
0.00251573
0.00250294
0.00248999
0.00247689
0.00246365
0.00245029
0.00243684
0.00242333
0.00240977
0.00239619
0.00238259
0.00236899
0.00235542
0.00234189
0.00232843
0.00231507
0.00230182
0.00228871
0.00227575
0.00226296
0.00225036
0.00223796
0.00222579
0.00221385
0.00220216
0.00219074
0.0021796
0.00216874
0.00215818
0.00214792
0.00213798
0.00212836
0.00211907
0.00211011
0.00210148
0.0020932
0.00208525
0.00207766
0.00207043
0.00206353
0.00205698
0.00205078
0.00204498
0.0020396
0.0020346
0.00202989
0.00202545
0.00202131
0.00201768
0.00201474
0.00201255
0.00201099
0.00200963
0.00200817
0.00200641
0.00200427
0.00200211
0.00200023
0.00199817
0.00199439
0.00198551
0.00196817
0.00193068
0.00186134
0.00175475
0.00160987
0.00143435
0.00123709
0.0029065
0.00289677
0.00288663
0.0028761
0.0028652
0.00285398
0.00284249
0.00283073
0.00281872
0.00280646
0.00279396
0.00278126
0.00276837
0.00275533
0.00274216
0.00272889
0.00271553
0.0027021
0.00268862
0.00267512
0.00266162
0.00264816
0.00263476
0.00262144
0.00260822
0.00259513
0.00258219
0.00256941
0.00255682
0.00254443
0.00253227
0.00252034
0.00250867
0.00249727
0.00248614
0.00247531
0.00246478
0.00245456
0.00244466
0.00243509
0.00242585
0.00241695
0.0024084
0.0024002
0.00239237
0.00238488
0.00237774
0.00237098
0.00236463
0.0023587
0.00235317
0.00234796
0.00234304
0.00233846
0.00233443
0.00233114
0.00232867
0.00232689
0.00232542
0.00232388
0.00232201
0.00231966
0.00231706
0.00231433
0.00231071
0.00230384
0.00229155
0.00226835
0.00222163
0.00213905
0.00201391
0.00184604
0.00164229
0.00140927
0.0032393
0.00323204
0.00322424
0.0032159
0.00320706
0.00319777
0.00318807
0.00317799
0.00316754
0.00315673
0.00314557
0.00313409
0.00312232
0.00311029
0.00309803
0.00308558
0.00307294
0.00306014
0.0030472
0.00303416
0.00302104
0.00300788
0.0029947
0.00298153
0.0029684
0.00295534
0.00294236
0.0029295
0.00291677
0.0029042
0.00289181
0.00287962
0.00286765
0.0028559
0.00284441
0.00283318
0.00282223
0.00281157
0.00280121
0.00279116
0.00278143
0.00277202
0.00276295
0.00275423
0.00274586
0.00273784
0.00273017
0.00272287
0.00271598
0.00270951
0.00270346
0.00269774
0.00269234
0.00268731
0.00268287
0.00267922
0.00267644
0.00267447
0.00267286
0.00267122
0.00266921
0.00266656
0.00266331
0.00265933
0.00265356
0.00264323
0.00262607
0.00259557
0.00253806
0.00244056
0.00229562
0.00210296
0.00186893
0.00159781
0.00358192
0.00357796
0.0035733
0.00356795
0.00356194
0.00355532
0.00354814
0.00354044
0.00353224
0.00352354
0.00351437
0.00350475
0.00349471
0.00348429
0.00347353
0.00346245
0.00345107
0.00343943
0.00342754
0.00341545
0.00340318
0.00339076
0.00337825
0.00336565
0.00335301
0.00334036
0.00332772
0.00331512
0.00330259
0.00329016
0.00327784
0.00326566
0.00325365
0.00324183
0.00323021
0.00321881
0.00320765
0.00319675
0.00318611
0.00317574
0.00316567
0.0031559
0.00314644
0.0031373
0.0031285
0.00312004
0.00311191
0.00310413
0.00309672
0.00308974
0.00308318
0.00307697
0.00307111
0.00306565
0.00306083
0.0030568
0.00305377
0.0030516
0.00304986
0.0030481
0.00304589
0.00304278
0.0030386
0.00303291
0.00302429
0.00300967
0.00298632
0.00294707
0.00287743
0.0027638
0.00259814
0.00237955
0.00211381
0.00180319
0.00392839
0.00392867
0.00392808
0.00392661
0.00392431
0.00392121
0.00391739
0.00391288
0.0039077
0.00390188
0.00389544
0.00388839
0.00388078
0.00387265
0.00386403
0.00385496
0.00384546
0.00383557
0.00382531
0.00381472
0.00380384
0.00379269
0.00378134
0.0037698
0.00375811
0.00374631
0.00373443
0.0037225
0.00371056
0.00369863
0.00368674
0.00367492
0.0036632
0.00365159
0.00364013
0.00362884
0.00361772
0.00360681
0.00359611
0.00358565
0.00357543
0.00356546
0.00355577
0.00354636
0.00353726
0.00352846
0.00351996
0.00351173
0.00350389
0.00349645
0.00348943
0.00348278
0.00347651
0.00347068
0.00346548
0.00346122
0.00345798
0.00345567
0.00345383
0.00345193
0.00344941
0.00344564
0.00344017
0.00343221
0.00341995
0.00340002
0.00336917
0.00331985
0.003237
0.0031065
0.00291961
0.0026746
0.00237613
0.00202445
0.00427102
0.00427669
0.00428126
0.00428475
0.00428719
0.00428863
0.00428914
0.00428877
0.00428754
0.0042855
0.00428264
0.00427902
0.00427465
0.0042696
0.00426389
0.00425758
0.00425069
0.00424325
0.00423529
0.00422686
0.00421799
0.00420873
0.00419912
0.0041892
0.00417901
0.00416859
0.00415797
0.0041472
0.00413631
0.00412532
0.00411428
0.00410322
0.00409217
0.00408115
0.0040702
0.00405933
0.00404857
0.00403794
0.00402746
0.00401714
0.004007
0.00399706
0.00398733
0.00397783
0.00396858
0.00395959
0.00395078
0.00394226
0.00393406
0.00392625
0.00391886
0.00391188
0.0039053
0.00389915
0.00389379
0.00388938
0.00388608
0.00388374
0.00388185
0.00387977
0.00387681
0.00387212
0.00386493
0.00385406
0.00383729
0.00381099
0.00377128
0.00371096
0.00361416
0.00346645
0.00325828
0.00298673
0.00265491
0.00226033
0.00459983
0.00461227
0.00462334
0.00463308
0.00464152
0.00464872
0.00465475
0.00465967
0.00466352
0.00466632
0.00466811
0.00466893
0.0046688
0.00466779
0.00466593
0.00466328
0.00465987
0.00465572
0.00465089
0.00464541
0.00463933
0.0046327
0.00462555
0.00461794
0.00460991
0.00460151
0.00459277
0.00458375
0.00457446
0.00456497
0.0045553
0.0045455
0.00453558
0.0045256
0.00451558
0.00450555
0.00449552
0.00448553
0.00447559
0.00446573
0.00445596
0.00444631
0.00443678
0.00442742
0.00441824
0.00440915
0.00440025
0.00439156
0.00438316
0.00437515
0.00436755
0.00436039
0.0043536
0.00434743
0.00434208
0.00433778
0.00433461
0.00433237
0.00433049
0.0043282
0.00432464
0.00431871
0.00430932
0.00429488
0.00427265
0.00423908
0.00419007
0.00411762
0.0040065
0.00384156
0.00361234
0.00331449
0.00294901
0.00250948
0.00490183
0.00492272
0.00494193
0.00495949
0.00497547
0.00498992
0.00500292
0.00501454
0.00502483
0.00503381
0.00504154
0.00504805
0.00505338
0.00505759
0.00506074
0.00506286
0.005064
0.00506421
0.00506352
0.00506197
0.00505963
0.00505654
0.00505275
0.00504831
0.00504327
0.00503768
0.00503159
0.00502504
0.00501808
0.00501076
0.0050031
0.00499517
0.00498699
0.00497861
0.00497006
0.00496135
0.00495253
0.00494362
0.00493465
0.00492564
0.00491661
0.00490758
0.00489858
0.00488965
0.00488071
0.00487184
0.00486306
0.00485444
0.00484609
0.0048381
0.00483055
0.00482338
0.00481678
0.00481085
0.00480585
0.00480195
0.00479915
0.00479718
0.00479537
0.00479282
0.00478847
0.00478098
0.00476893
0.00475041
0.00472233
0.00468102
0.00462211
0.00453727
0.00441155
0.00422959
0.00397991
0.00365631
0.00325715
0.00277084
0.00516018
0.00519157
0.00522091
0.00524824
0.00527363
0.00529716
0.00531891
0.00533896
0.00535737
0.00537417
0.00538942
0.00540317
0.00541546
0.00542636
0.00543592
0.0054442
0.00545124
0.00545709
0.0054618
0.00546542
0.005468
0.00546959
0.00547027
0.00547007
0.00546905
0.00546728
0.00546479
0.00546165
0.0054579
0.00545359
0.00544877
0.00544349
0.00543779
0.00543172
0.00542529
0.00541856
0.00541155
0.0054043
0.00539682
0.00538916
0.00538133
0.00537337
0.00536531
0.00535711
0.00534882
0.00534048
0.00533217
0.00532398
0.00531602
0.00530842
0.00530119
0.00529452
0.00528848
0.00528324
0.00527899
0.00527583
0.00527369
0.00527217
0.00527049
0.00526762
0.00526228
0.00525295
0.00523791
0.00521493
0.00518063
0.00513156
0.00506281
0.00496581
0.00482595
0.0046278
0.00435874
0.00401039
0.00357798
0.00304346
0.00535323
0.00539762
0.00543951
0.00547897
0.00551608
0.00555093
0.00558361
0.00561421
0.00564279
0.00566942
0.00569415
0.00571703
0.00573814
0.00575752
0.00577526
0.00579139
0.00580599
0.0058191
0.00583077
0.00584106
0.00585003
0.00585775
0.00586426
0.00586964
0.00587394
0.00587723
0.00587955
0.00588096
0.00588153
0.00588131
0.00588035
0.00587871
0.00587642
0.00587354
0.00587009
0.00586613
0.00586169
0.0058568
0.00585151
0.00584583
0.00583981
0.0058335
0.00582685
0.00581991
0.00581275
0.00580546
0.00579812
0.00579084
0.00578376
0.00577696
0.00577067
0.005765
0.0057601
0.00575608
0.00575306
0.00575104
0.00574985
0.00574897
0.0057475
0.00574426
0.00573785
0.00572655
0.00570842
0.00568091
0.00564085
0.00558443
0.00550652
0.00539827
0.00524541
0.00503276
0.00474607
0.00437465
0.00390997
0.00332632
0.00545335
0.00551377
0.00557116
0.00562562
0.00567725
0.00572614
0.0057724
0.00581614
0.00585742
0.00589632
0.00593292
0.00596728
0.00599947
0.00602955
0.00605761
0.0060837
0.0061079
0.00613025
0.00615081
0.00616965
0.00618684
0.00620244
0.00621651
0.00622912
0.00624034
0.00625023
0.00625885
0.00626627
0.00627255
0.00627775
0.00628192
0.00628513
0.00628742
0.00628884
0.00628944
0.00628926
0.00628834
0.00628673
0.00628448
0.00628161
0.00627819
0.00627421
0.00626968
0.0062647
0.00625937
0.00625381
0.00624811
0.00624242
0.00623684
0.00623152
0.00622681
0.00622285
0.00621975
0.00621763
0.0062164
0.00621597
0.00621605
0.00621602
0.00621489
0.00621139
0.00620403
0.00619098
0.00617018
0.00613889
0.00609401
0.00603148
0.00594597
0.00582832
0.00566496
0.00544031
0.00513862
0.00474669
0.00425142
0.00361832
0.00542562
0.00550569
0.00558212
0.00565503
0.00572455
0.00579078
0.00585384
0.00591385
0.00597089
0.00602507
0.00607645
0.00612512
0.00617117
0.00621466
0.00625568
0.0062943
0.0063306
0.00636462
0.00639645
0.00642615
0.0064538
0.00647945
0.00650319
0.00652508
0.0065452
0.00656361
0.00658038
0.00659558
0.00660928
0.00662155
0.00663244
0.00664202
0.00665034
0.00665745
0.00666341
0.00666827
0.00667209
0.00667491
0.0066768
0.00667781
0.00667796
0.00667725
0.0066758
0.00667374
0.00667118
0.00666826
0.00666512
0.00666182
0.00665868
0.00665597
0.00665388
0.00665253
0.00665198
0.00665231
0.00665334
0.0066549
0.00665659
0.0066577
0.0066572
0.00665383
0.00664605
0.00663204
0.0066096
0.00657618
0.00652849
0.00646217
0.00637175
0.006248
0.00607787
0.00584512
0.00553231
0.00512352
0.00460028
0.00391817
0.00522659
0.00533054
0.00543015
0.00552558
0.00561697
0.00570446
0.00578816
0.0058682
0.00594468
0.00601771
0.00608739
0.00615382
0.00621708
0.00627726
0.00633444
0.00638872
0.00644015
0.00648883
0.00653482
0.00657819
0.00661903
0.00665741
0.00669339
0.00672707
0.00675851
0.00678779
0.00681498
0.00684015
0.00686339
0.00688476
0.00690432
0.00692213
0.00693827
0.0069528
0.00696578
0.00697727
0.00698734
0.00699606
0.0070035
0.00700972
0.0070147
0.00701858
0.00702151
0.00702361
0.00702506
0.00702593
0.00702651
0.00702694
0.00702754
0.00702853
0.00703006
0.00703222
0.00703504
0.00703849
0.00704238
0.00704645
0.00705025
0.00705307
0.00705392
0.0070516
0.00704467
0.00703135
0.00700949
0.00697659
0.00692927
0.00686301
0.00677204
0.00664733
0.00647581
0.00624052
0.00592209
0.0055015
0.00495412
0.00422438
0.00480397
0.00493641
0.00506379
0.00518629
0.00530408
0.00541728
0.00552602
0.00563043
0.00573062
0.00582671
0.00591882
0.00600705
0.0060915
0.00617227
0.00624944
0.0063231
0.00639333
0.00646022
0.00652384
0.00658428
0.00664162
0.00669593
0.0067473
0.0067958
0.00684151
0.00688451
0.00692488
0.00696269
0.00699804
0.007031
0.00706161
0.00708996
0.00711614
0.00714021
0.00716227
0.00718238
0.00720063
0.0072171
0.00723189
0.00724499
0.00725655
0.00726673
0.00727569
0.00728355
0.00729056
0.00729689
0.00730274
0.00730838
0.00731404
0.00731993
0.00732617
0.00733281
0.00733988
0.00734724
0.00735474
0.00736211
0.00736893
0.00737457
0.0073782
0.00737878
0.00737504
0.00736534
0.00734766
0.00731959
0.00727771
0.0072174
0.00713222
0.0070138
0.00684841
0.00661824
0.0063016
0.00587618
0.00531003
0.00453509
0.00355304
0.0020836
0.00410019
0.00426511
0.00442445
0.00457835
0.00472698
0.00487042
0.00500878
0.00514214
0.00527063
0.00539436
0.00551345
0.00562801
0.00573813
0.00584391
0.00594543
0.00604277
0.00613601
0.00622526
0.00631058
0.00639207
0.00646979
0.00654384
0.00661428
0.0066812
0.00674469
0.00680481
0.00686166
0.00691533
0.00696588
0.0070134
0.00705795
0.00709965
0.00713858
0.00717484
0.00720852
0.00723972
0.00726855
0.00729511
0.00731947
0.00734173
0.0073621
0.00738072
0.0073978
0.00741352
0.00742809
0.0074417
0.00745461
0.00746705
0.00747923
0.0074913
0.0075034
0.0075156
0.00752789
0.00754022
0.00755248
0.0075645
0.00757599
0.00758653
0.0075955
0.00760215
0.00760546
0.00760402
0.00759611
0.00757934
0.00755033
0.00750411
0.00743426
0.00733192
0.00718286
0.006968
0.00666316
0.00624213
0.00566446
0.00484786
0.00378823
0.00218143
0.0030717
0.00326814
0.0034597
0.00364621
0.00382763
0.00400387
0.00417484
0.00434054
0.00450102
0.0046563
0.00480646
0.00495158
0.00509171
0.00522689
0.00535718
0.00548264
0.00560334
0.00571935
0.00583076
0.00593764
0.00604004
0.00613803
0.0062317
0.00632111
0.00640635
0.00648749
0.00656462
0.00663781
0.00670716
0.00677273
0.00683466
0.00689303
0.00694797
0.00699959
0.007048
0.00709333
0.00713569
0.0071752
0.00721199
0.00724627
0.00727817
0.00730791
0.00733566
0.00736161
0.00738597
0.00740896
0.00743081
0.00745174
0.00747193
0.00749158
0.00751084
0.00752989
0.00754881
0.00756771
0.00758664
0.00760562
0.0076246
0.00764348
0.007662
0.00767977
0.00769612
0.00771001
0.00771997
0.00772375
0.00771802
0.0076975
0.00765562
0.00758255
0.00746341
0.00727731
0.00699758
0.0065928
0.00601315
0.00515998
0.00402033
0.00227672
0.00180302
0.00199935
0.00219825
0.00239823
0.00259819
0.00279694
0.00299339
0.00318671
0.0033763
0.00356174
0.00374274
0.00391911
0.00409066
0.00425725
0.00441879
0.00457521
0.00472649
0.00487266
0.00501373
0.0051497
0.00528059
0.00540642
0.00552724
0.00564309
0.00575402
0.00586011
0.00596141
0.00605801
0.00614996
0.00623741
0.00632046
0.00639923
0.00647385
0.00654445
0.00661117
0.00667413
0.00673348
0.00678939
0.00684202
0.00689156
0.00693815
0.00698194
0.00702312
0.00706188
0.00709839
0.00713288
0.00716557
0.00719671
0.00722654
0.00725536
0.00728348
0.00731121
0.00733892
0.00736694
0.00739562
0.00742529
0.00745629
0.00748891
0.00752339
0.00755979
0.00759792
0.00763718
0.00767639
0.00771353
0.00774534
0.00776632
0.00776894
0.00774241
0.00767076
0.00753092
0.00729334
0.0069201
0.00635092
0.00546848
0.00424865
0.00236786
0.000752378
0.000876446
0.00101137
0.00115631
0.00131128
0.00147516
0.00164643
0.00182331
0.00200446
0.00218848
0.00237422
0.00256066
0.00274674
0.00293152
0.00311413
0.00329383
0.00347008
0.00364246
0.00381063
0.00397426
0.00413313
0.00428703
0.00443584
0.00457947
0.00471785
0.00485097
0.00497881
0.00510139
0.00521878
0.00533109
0.0054384
0.00554081
0.00563845
0.00573143
0.00581987
0.00590391
0.00598376
0.00605956
0.00613141
0.00619939
0.00626362
0.00632424
0.00638141
0.00643528
0.006486
0.00653385
0.00657911
0.00662217
0.00666343
0.00670339
0.00674261
0.00678174
0.00682147
0.00686253
0.00690567
0.00695169
0.00700139
0.00705563
0.00711522
0.00718082
0.00725278
0.00733104
0.0074148
0.00750267
0.00759075
0.00767326
0.00774163
0.00778369
0.00778196
0.00771084
0.00753667
0.00721435
0.0066716
0.00576994
0.00447213
0.00245338
0.000248852
0.000296125
0.00035133
0.000414954
0.000487543
0.000569547
0.00066119
0.000762413
0.000872798
0.00099169
0.00111869
0.0012536
0.00139564
0.00154405
0.00169785
0.00185552
0.00201613
0.00217877
0.00234257
0.00250662
0.00267006
0.00283215
0.00299219
0.0031496
0.00330386
0.00345452
0.00360124
0.00374379
0.003882
0.00401571
0.00414483
0.0042693
0.00438909
0.00450418
0.00461457
0.00472042
0.00482178
0.00491856
0.0050107
0.00509823
0.00518117
0.0052596
0.00533364
0.00540335
0.005469
0.00553098
0.00558977
0.00564597
0.00570026
0.00575344
0.00580647
0.0058604
0.0059164
0.00597571
0.0060396
0.00610943
0.00618663
0.00627272
0.00636922
0.00647748
0.00659853
0.00673299
0.00688131
0.00704083
0.00720805
0.00737675
0.00753698
0.00767482
0.00777084
0.00779602
0.0077115
0.00746413
0.00696792
0.00606034
0.00468968
0.00253185
9.25724e-05
0.000105638
0.000121611
0.000140926
0.000164054
0.0001915
0.000223771
0.000261334
0.000304723
0.000354211
0.000410084
0.000472641
0.00054209
0.000618529
0.000701918
0.000791856
0.000887963
0.000989905
0.00109743
0.00120997
0.00132696
0.00144784
0.00157193
0.00169866
0.00182721
0.00195681
0.00208694
0.002217
0.00234652
0.00247496
0.00260189
0.0027269
0.00284962
0.00296968
0.00308688
0.00320108
0.0033117
0.00341836
0.0035208
0.00361882
0.00371224
0.003801
0.00388509
0.00396454
0.00403978
0.00411136
0.00417999
0.0042465
0.00431189
0.00437733
0.00444417
0.00451396
0.0045884
0.0046693
0.00475855
0.00485819
0.00497037
0.0050974
0.00524167
0.00540537
0.00559094
0.00580002
0.00603182
0.00628491
0.00655578
0.00683759
0.00711879
0.00738363
0.00760966
0.00776331
0.00779975
0.00765641
0.00723148
0.00633483
0.00489909
0.00260179
5.44753e-05
5.74955e-05
6.13053e-05
6.60683e-05
7.19706e-05
7.92249e-05
8.80693e-05
9.87624e-05
0.000111584
0.000126812
0.000144725
0.000165613
0.00018977
0.000217475
0.000248999
0.000284493
0.000324182
0.000368143
0.000416475
0.000469216
0.000526343
0.00058777
0.000653273
0.000722656
0.00079575
0.000872348
0.000952091
0.00103465
0.0011197
0.00120684
0.00129571
0.00138587
0.00147693
0.00156847
0.00166028
0.00175148
0.00184136
0.00192942
0.00201521
0.00209826
0.00217822
0.00225487
0.00232813
0.00239803
0.00246508
0.00252991
0.0025933
0.00265623
0.00271986
0.00278557
0.00285499
0.00293
0.00301272
0.00310546
0.00321072
0.00333128
0.00347015
0.00363066
0.00381655
0.00403242
0.00428065
0.00456375
0.004883
0.00523798
0.00562577
0.00603919
0.00646538
0.00688664
0.00727433
0.0075906
0.00778292
0.0077772
0.00745296
0.00658788
0.00509688
0.00266121
4.64115e-05
4.70308e-05
4.78315e-05
4.88586e-05
5.01657e-05
5.18164e-05
5.38851e-05
5.64579e-05
5.96327e-05
6.35177e-05
6.82311e-05
7.39021e-05
8.06708e-05
8.86855e-05
9.8103e-05
0.000109077
0.000121758
0.000136288
0.000152807
0.000171444
0.000192317
0.00021553
0.000241148
0.000269216
0.00029984
0.000333001
0.000368716
0.000406954
0.000447634
0.000490637
0.00053581
0.000582951
0.000631831
0.000682271
0.000733774
0.000785857
0.000838082
0.000890034
0.000941317
0.000991564
0.00104049
0.00108791
0.0011338
0.00117825
0.00122168
0.00126463
0.0013078
0.00135202
0.00139835
0.00144806
0.00150267
0.00156402
0.00163423
0.00171567
0.00181108
0.00192372
0.00205744
0.00221734
0.00240814
0.00263518
0.00290423
0.00322099
0.00359019
0.00401497
0.00449554
0.00502701
0.00559846
0.00618503
0.00675499
0.0072628
0.00764522
0.00781314
0.00762278
0.00681421
0.00527942
0.00270736
4.48672e-05
4.49832e-05
4.51361e-05
4.53363e-05
4.55965e-05
4.59325e-05
4.63631e-05
4.69111e-05
4.76034e-05
4.84712e-05
4.95505e-05
5.08823e-05
5.25129e-05
5.44941e-05
5.68831e-05
5.97415e-05
6.31351e-05
6.71319e-05
7.18033e-05
7.72228e-05
8.34646e-05
9.06036e-05
9.87133e-05
0.000107888
0.000118179
0.000129648
0.000142344
0.000156306
0.000171555
0.00018809
0.000205889
0.000224906
0.000245078
0.000266243
0.000288196
0.000310745
0.000333685
0.000356806
0.000379908
0.000402816
0.000425406
0.000447605
0.000469461
0.000491116
0.000512809
0.000534894
0.000557823
0.000582164
0.000608623
0.000638063
0.000671561
0.000710452
0.000756385
0.000811361
0.000877902
0.000959352
0.00105925
0.00118245
0.00133496
0.00152405
0.0017579
0.002046
0.00239828
0.00282427
0.0033318
0.00392601
0.00459658
0.00532235
0.00606831
0.00677957
0.00737798
0.00775376
0.00773257
0.00700815
0.0054422
0.00273774
4.45902e-05
4.46109e-05
4.46385e-05
4.46749e-05
4.47229e-05
4.47858e-05
4.48677e-05
4.49739e-05
4.51104e-05
4.5285e-05
4.55065e-05
4.57856e-05
4.61346e-05
4.65681e-05
4.71023e-05
4.77561e-05
4.85501e-05
4.95073e-05
5.06529e-05
5.20141e-05
5.362e-05
5.5502e-05
5.77003e-05
6.02454e-05
6.31718e-05
6.65127e-05
7.02988e-05
7.45571e-05
7.93089e-05
8.45687e-05
9.03415e-05
9.6621e-05
0.000103373
0.000110541
0.000118069
0.000125891
0.000133937
0.000142137
0.000150426
0.000158757
0.000167104
0.000175472
0.000183904
0.000192484
0.000201341
0.000210668
0.000220707
0.000231758
0.000244207
0.000258538
0.000275378
0.000295595
0.000320196
0.00035053
0.000388347
0.000435986
0.000496522
0.000574056
0.000674109
0.000803903
0.000972661
0.00119209
0.00147629
0.00184129
0.00230619
0.00288337
0.00357809
0.00438068
0.00526125
0.00616025
0.00698354
0.00759416
0.00777607
0.00716467
0.00558089
0.00275082
4.454e-05
4.45441e-05
4.45493e-05
4.45561e-05
4.45648e-05
4.45763e-05
4.45912e-05
4.46106e-05
4.46358e-05
4.46683e-05
4.47102e-05
4.47637e-05
4.48318e-05
4.49177e-05
4.50256e-05
4.51601e-05
4.53267e-05
4.55316e-05
4.57819e-05
4.60856e-05
4.64516e-05
4.68917e-05
4.74157e-05
4.80355e-05
4.87629e-05
4.961e-05
5.05885e-05
5.17091e-05
5.2981e-05
5.44112e-05
5.60031e-05
5.77523e-05
5.96497e-05
6.16845e-05
6.38424e-05
6.61068e-05
6.84602e-05
7.08867e-05
7.33738e-05
7.59156e-05
7.85148e-05
8.11851e-05
8.39532e-05
8.68611e-05
8.99692e-05
9.33597e-05
9.7141e-05
0.000101453
0.000106477
0.000112448
0.000119678
0.000128586
0.000139736
0.000153894
0.000172108
0.000195846
0.000227165
0.000268984
0.000325464
0.000402476
0.00050821
0.000653905
0.000854958
0.00113154
0.00150681
0.00200649
0.00265241
0.00345471
0.00440173
0.00544316
0.00647759
0.00733541
0.00774998
0.00728017
0.00569161
0.00274571
4.45288e-05
4.45301e-05
4.45315e-05
4.45332e-05
4.45352e-05
4.45376e-05
4.45406e-05
4.45444e-05
4.45492e-05
4.45553e-05
4.4563e-05
4.45729e-05
4.45855e-05
4.46015e-05
4.46218e-05
4.46474e-05
4.46796e-05
4.47197e-05
4.47696e-05
4.48311e-05
4.49069e-05
4.49995e-05
4.51117e-05
4.52467e-05
4.54077e-05
4.55982e-05
4.58215e-05
4.60808e-05
4.63787e-05
4.67174e-05
4.70972e-05
4.75172e-05
4.79766e-05
4.84734e-05
4.9005e-05
4.95685e-05
5.01611e-05
5.07809e-05
5.14276e-05
5.21027e-05
5.28105e-05
5.35591e-05
5.43604e-05
5.52317e-05
5.61967e-05
5.72876e-05
5.85469e-05
6.00305e-05
6.18133e-05
6.39957e-05
6.67151e-05
7.01625e-05
7.46059e-05
8.04262e-05
8.81704e-05
9.86396e-05
0.000113018
0.000133081
0.000161512
0.000202361
0.000261756
0.000349169
0.000477895
0.000666883
0.000941918
0.00133614
0.00188545
0.00262165
0.00356063
0.00467958
0.00588508
0.00698545
0.00765456
0.00735301
0.00577152
0.00272192
4.45234e-05
4.45242e-05
4.45251e-05
4.45259e-05
4.45268e-05
4.45278e-05
4.45288e-05
4.453e-05
4.45313e-05
4.45328e-05
4.45346e-05
4.45367e-05
4.45393e-05
4.45425e-05
4.45464e-05
4.45513e-05
4.45574e-05
4.45649e-05
4.45744e-05
4.45862e-05
4.46008e-05
4.46188e-05
4.46409e-05
4.46677e-05
4.47e-05
4.47386e-05
4.47843e-05
4.48377e-05
4.48996e-05
4.49703e-05
4.50499e-05
4.51386e-05
4.52362e-05
4.53427e-05
4.54578e-05
4.55813e-05
4.57131e-05
4.58536e-05
4.60033e-05
4.61637e-05
4.63369e-05
4.65259e-05
4.67353e-05
4.6971e-05
4.72415e-05
4.75578e-05
4.79351e-05
4.83939e-05
4.89621e-05
4.96786e-05
5.05984e-05
5.18006e-05
5.34004e-05
5.55687e-05
5.85613e-05
6.27704e-05
6.88044e-05
7.76228e-05
9.07615e-05
0.000110737
0.000141616
0.000189816
0.000265644
0.000385104
0.000572224
0.000860951
0.00129542
0.00192507
0.00279536
0.00392069
0.00523861
0.00655805
0.00749348
0.00738337
0.00581821
0.00267947
4.45176e-05
4.45183e-05
4.45191e-05
4.45198e-05
4.45206e-05
4.45213e-05
4.45221e-05
4.45228e-05
4.45236e-05
4.45244e-05
4.45252e-05
4.4526e-05
4.4527e-05
4.4528e-05
4.45291e-05
4.45304e-05
4.45318e-05
4.45336e-05
4.45356e-05
4.45381e-05
4.4541e-05
4.45446e-05
4.45488e-05
4.4554e-05
4.45602e-05
4.45675e-05
4.45762e-05
4.45863e-05
4.45981e-05
4.46114e-05
4.46265e-05
4.46434e-05
4.46621e-05
4.46827e-05
4.47052e-05
4.47297e-05
4.47564e-05
4.47854e-05
4.48171e-05
4.48521e-05
4.4891e-05
4.49349e-05
4.49852e-05
4.50438e-05
4.51133e-05
4.51974e-05
4.53008e-05
4.54305e-05
4.55961e-05
4.58116e-05
4.60972e-05
4.6483e-05
4.70147e-05
4.77626e-05
4.88368e-05
5.04131e-05
5.27786e-05
5.64144e-05
6.21451e-05
7.13308e-05
8.63596e-05
0.000111341
0.000153334
0.000224302
0.00034402
0.000543584
0.000867824
0.00137674
0.0021393
0.00320846
0.00457337
0.00607139
0.00727222
0.0073663
0.00582933
0.00261838
4.45108e-05
4.45115e-05
4.45122e-05
4.45129e-05
4.45135e-05
4.45142e-05
4.45149e-05
4.45155e-05
4.45162e-05
4.45169e-05
4.45175e-05
4.45182e-05
4.45188e-05
4.45195e-05
4.45202e-05
4.45209e-05
4.45216e-05
4.45224e-05
4.45232e-05
4.4524e-05
4.45249e-05
4.45259e-05
4.45271e-05
4.45283e-05
4.45297e-05
4.45313e-05
4.45332e-05
4.45352e-05
4.45375e-05
4.45401e-05
4.45429e-05
4.45461e-05
4.45496e-05
4.45535e-05
4.45578e-05
4.45625e-05
4.45677e-05
4.45735e-05
4.45799e-05
4.45872e-05
4.45956e-05
4.46053e-05
4.46168e-05
4.46306e-05
4.46474e-05
4.46683e-05
4.46949e-05
4.47292e-05
4.47744e-05
4.4835e-05
4.49181e-05
4.50343e-05
4.52006e-05
4.54439e-05
4.58085e-05
4.63695e-05
4.72556e-05
4.86855e-05
5.10564e-05
5.50804e-05
6.20657e-05
7.44281e-05
9.66277e-05
0.000136838
0.000209804
0.000341152
0.000572635
0.000965357
0.00160228
0.00257201
0.00392187
0.00554652
0.0069991
0.00730399
0.00580377
0.00253904
4.45042e-05
4.45048e-05
4.45053e-05
4.45059e-05
4.45065e-05
4.4507e-05
4.45076e-05
4.45082e-05
4.45087e-05
4.45093e-05
4.45099e-05
4.45104e-05
4.4511e-05
4.45115e-05
4.45121e-05
4.45127e-05
4.45132e-05
4.45138e-05
4.45144e-05
4.45149e-05
4.45155e-05
4.45161e-05
4.45167e-05
4.45173e-05
4.45179e-05
4.45185e-05
4.45192e-05
4.45199e-05
4.45206e-05
4.45213e-05
4.45221e-05
4.45229e-05
4.45238e-05
4.45248e-05
4.45258e-05
4.45269e-05
4.45281e-05
4.45294e-05
4.45309e-05
4.45326e-05
4.45346e-05
4.45369e-05
4.45397e-05
4.4543e-05
4.45471e-05
4.45524e-05
4.45592e-05
4.45681e-05
4.45801e-05
4.45967e-05
4.462e-05
4.46538e-05
4.47039e-05
4.47805e-05
4.49002e-05
4.50926e-05
4.54109e-05
4.59521e-05
4.68989e-05
4.86002e-05
5.17356e-05
5.76441e-05
6.89763e-05
9.09605e-05
0.000133814
0.000217186
0.000376132
0.000668179
0.00117986
0.0020244
0.0033094
0.00500504
0.00668458
0.00720149
0.00574137
0.00244215
4.44989e-05
4.44993e-05
4.44997e-05
4.45001e-05
4.45006e-05
4.4501e-05
4.45014e-05
4.45019e-05
4.45023e-05
4.45028e-05
4.45032e-05
4.45036e-05
4.45041e-05
4.45045e-05
4.4505e-05
4.45055e-05
4.45059e-05
4.45064e-05
4.45068e-05
4.45072e-05
4.45077e-05
4.45081e-05
4.45086e-05
4.4509e-05
4.45094e-05
4.45098e-05
4.45103e-05
4.45107e-05
4.45111e-05
4.45115e-05
4.45119e-05
4.45123e-05
4.45128e-05
4.45132e-05
4.45137e-05
4.45142e-05
4.45147e-05
4.45152e-05
4.45158e-05
4.45164e-05
4.45171e-05
4.45179e-05
4.45188e-05
4.45199e-05
4.45212e-05
4.45228e-05
4.45248e-05
4.45275e-05
4.4531e-05
4.45358e-05
4.45427e-05
4.45527e-05
4.45679e-05
4.45918e-05
4.46304e-05
4.46951e-05
4.4807e-05
4.50068e-05
4.53755e-05
4.60766e-05
4.7448e-05
5.01995e-05
5.58332e-05
6.75386e-05
9.21054e-05
0.000143456
0.000249134
0.00045955
0.000858605
0.00157144
0.00275434
0.00446633
0.00633982
0.00706491
0.00564207
0.00232837
4.44952e-05
4.44955e-05
4.44958e-05
4.44961e-05
4.44964e-05
4.44967e-05
4.4497e-05
4.44973e-05
4.44977e-05
4.4498e-05
4.44983e-05
4.44986e-05
4.4499e-05
4.44993e-05
4.44996e-05
4.45e-05
4.45003e-05
4.45006e-05
4.4501e-05
4.45013e-05
4.45016e-05
4.45019e-05
4.45022e-05
4.45026e-05
4.45029e-05
4.45032e-05
4.45035e-05
4.45038e-05
4.45041e-05
4.45044e-05
4.45047e-05
4.4505e-05
4.45053e-05
4.45056e-05
4.45059e-05
4.45062e-05
4.45066e-05
4.45069e-05
4.45073e-05
4.45077e-05
4.45081e-05
4.45086e-05
4.45091e-05
4.45097e-05
4.45104e-05
4.45111e-05
4.4512e-05
4.45131e-05
4.45145e-05
4.45163e-05
4.45188e-05
4.45222e-05
4.45273e-05
4.45352e-05
4.4548e-05
4.457e-05
4.46093e-05
4.46825e-05
4.48241e-05
4.51083e-05
4.56976e-05
4.6955e-05
4.97075e-05
5.58357e-05
6.96022e-05
0.000100534
0.000169131
0.000316855
0.000620526
0.0012072
0.00226153
0.00394581
0.0059771
0.006901
0.00550589
0.00219897
4.4493e-05
4.44932e-05
4.44934e-05
4.44937e-05
4.44939e-05
4.44941e-05
4.44943e-05
4.44945e-05
4.44947e-05
4.44949e-05
4.44952e-05
4.44954e-05
4.44956e-05
4.44959e-05
4.44961e-05
4.44963e-05
4.44966e-05
4.44968e-05
4.4497e-05
4.44972e-05
4.44975e-05
4.44977e-05
4.44979e-05
4.44981e-05
4.44984e-05
4.44986e-05
4.44988e-05
4.4499e-05
4.44992e-05
4.44994e-05
4.44996e-05
4.44999e-05
4.45001e-05
4.45003e-05
4.45005e-05
4.45008e-05
4.4501e-05
4.45013e-05
4.45016e-05
4.45019e-05
4.45022e-05
4.45025e-05
4.45029e-05
4.45033e-05
4.45038e-05
4.45043e-05
4.45049e-05
4.45055e-05
4.45063e-05
4.45073e-05
4.45085e-05
4.451e-05
4.45122e-05
4.45152e-05
4.452e-05
4.45281e-05
4.45424e-05
4.45696e-05
4.46241e-05
4.47387e-05
4.49895e-05
4.55596e-05
4.68876e-05
5.00448e-05
5.76413e-05
7.5968e-05
0.00011971
0.000221356
0.000447625
0.000920385
0.00183994
0.00345724
0.00560635
0.00671619
0.00533285
0.00205241
4.44919e-05
4.4492e-05
4.44922e-05
4.44923e-05
4.44925e-05
4.44926e-05
4.44928e-05
4.44929e-05
4.44931e-05
4.44932e-05
4.44934e-05
4.44936e-05
4.44937e-05
4.44939e-05
4.44941e-05
4.44942e-05
4.44944e-05
4.44945e-05
4.44947e-05
4.44948e-05
4.4495e-05
4.44952e-05
4.44953e-05
4.44955e-05
4.44956e-05
4.44958e-05
4.44959e-05
4.44961e-05
4.44962e-05
4.44964e-05
4.44965e-05
4.44967e-05
4.44968e-05
4.4497e-05
4.44972e-05
4.44974e-05
4.44975e-05
4.44977e-05
4.44979e-05
4.44982e-05
4.44984e-05
4.44987e-05
4.44989e-05
4.44992e-05
4.44996e-05
4.44999e-05
4.45004e-05
4.45008e-05
4.45014e-05
4.4502e-05
4.45028e-05
4.45037e-05
4.45048e-05
4.45063e-05
4.45085e-05
4.45119e-05
4.45176e-05
4.45283e-05
4.45498e-05
4.45965e-05
4.47036e-05
4.49602e-05
4.55954e-05
4.72062e-05
5.13527e-05
6.20812e-05
8.96094e-05
0.000158518
0.000324309
0.000699413
0.00148885
0.00300423
0.00523705
0.00651794
0.00512396
0.00188781
4.44913e-05
4.44914e-05
4.44916e-05
4.44917e-05
4.44918e-05
4.44919e-05
4.4492e-05
4.44922e-05
4.44923e-05
4.44924e-05
4.44925e-05
4.44927e-05
4.44928e-05
4.44929e-05
4.4493e-05
4.44931e-05
4.44932e-05
4.44933e-05
4.44935e-05
4.44936e-05
4.44937e-05
4.44938e-05
4.44939e-05
4.4494e-05
4.44941e-05
4.44942e-05
4.44943e-05
4.44945e-05
4.44946e-05
4.44947e-05
4.44948e-05
4.44949e-05
4.4495e-05
4.44951e-05
4.44953e-05
4.44954e-05
4.44955e-05
4.44957e-05
4.44958e-05
4.4496e-05
4.44962e-05
4.44963e-05
4.44965e-05
4.44968e-05
4.4497e-05
4.44973e-05
4.44976e-05
4.44979e-05
4.44983e-05
4.44987e-05
4.44992e-05
4.44999e-05
4.45006e-05
4.45015e-05
4.45027e-05
4.45044e-05
4.45071e-05
4.45117e-05
4.45208e-05
4.45403e-05
4.45865e-05
4.47021e-05
4.50049e-05
4.58222e-05
4.80697e-05
5.42991e-05
7.14614e-05
0.000117695
0.000237656
0.00053143
0.0012006
0.00259573
0.00487885
0.00631286
0.00487898
0.00171195
4.44912e-05
4.44913e-05
4.44914e-05
4.44915e-05
4.44916e-05
4.44917e-05
4.44918e-05
4.44919e-05
4.4492e-05
4.44921e-05
4.44922e-05
4.44923e-05
4.44924e-05
4.44925e-05
4.44926e-05
4.44927e-05
4.44928e-05
4.44928e-05
4.44929e-05
4.4493e-05
4.44931e-05
4.44932e-05
4.44933e-05
4.44934e-05
4.44934e-05
4.44935e-05
4.44936e-05
4.44937e-05
4.44938e-05
4.44939e-05
4.44939e-05
4.4494e-05
4.44941e-05
4.44942e-05
4.44943e-05
4.44944e-05
4.44945e-05
4.44946e-05
4.44947e-05
4.44948e-05
4.4495e-05
4.44951e-05
4.44952e-05
4.44954e-05
4.44956e-05
4.44958e-05
4.4496e-05
4.44962e-05
4.44965e-05
4.44968e-05
4.44971e-05
4.44975e-05
4.4498e-05
4.44987e-05
4.44994e-05
4.45004e-05
4.45019e-05
4.45042e-05
4.45083e-05
4.4517e-05
4.45374e-05
4.459e-05
4.47347e-05
4.51487e-05
4.63624e-05
4.99617e-05
6.0598e-05
9.13983e-05
0.000177451
0.000405242
0.000967421
0.00223776
0.0045405
0.00610814
0.00459881
0.00153098
4.44914e-05
4.44915e-05
4.44915e-05
4.44916e-05
4.44917e-05
4.44918e-05
4.44919e-05
4.4492e-05
4.44921e-05
4.44922e-05
4.44922e-05
4.44923e-05
4.44924e-05
4.44925e-05
4.44925e-05
4.44926e-05
4.44927e-05
4.44928e-05
4.44928e-05
4.44929e-05
4.4493e-05
4.4493e-05
4.44931e-05
4.44932e-05
4.44932e-05
4.44933e-05
4.44934e-05
4.44935e-05
4.44935e-05
4.44936e-05
4.44937e-05
4.44937e-05
4.44938e-05
4.44939e-05
4.44939e-05
4.4494e-05
4.44941e-05
4.44942e-05
4.44943e-05
4.44943e-05
4.44944e-05
4.44945e-05
4.44946e-05
4.44947e-05
4.44948e-05
4.4495e-05
4.44951e-05
4.44953e-05
4.44955e-05
4.44957e-05
4.44959e-05
4.44962e-05
4.44966e-05
4.4497e-05
4.44975e-05
4.44981e-05
4.4499e-05
4.45003e-05
4.45025e-05
4.45066e-05
4.4516e-05
4.45404e-05
4.46101e-05
4.48202e-05
4.54754e-05
4.75508e-05
5.41221e-05
7.45547e-05
0.000135958
0.000311566
0.000780321
0.00192907
0.00422965
0.00589987
0.00429461
0.00135036
4.44917e-05
4.44918e-05
4.44919e-05
4.4492e-05
4.4492e-05
4.44921e-05
4.44922e-05
4.44923e-05
4.44923e-05
4.44924e-05
4.44925e-05
4.44925e-05
4.44926e-05
4.44927e-05
4.44927e-05
4.44928e-05
4.44929e-05
4.44929e-05
4.4493e-05
4.44931e-05
4.44931e-05
4.44932e-05
4.44932e-05
4.44933e-05
4.44934e-05
4.44934e-05
4.44935e-05
4.44935e-05
4.44936e-05
4.44937e-05
4.44937e-05
4.44938e-05
4.44938e-05
4.44939e-05
4.44939e-05
4.4494e-05
4.44941e-05
4.44941e-05
4.44942e-05
4.44942e-05
4.44943e-05
4.44944e-05
4.44944e-05
4.44945e-05
4.44946e-05
4.44947e-05
4.44948e-05
4.44949e-05
4.4495e-05
4.44952e-05
4.44953e-05
4.44955e-05
4.44957e-05
4.4496e-05
4.44964e-05
4.44968e-05
4.44974e-05
4.44982e-05
4.44994e-05
4.45016e-05
4.45062e-05
4.45179e-05
4.45519e-05
4.46593e-05
4.50138e-05
4.62112e-05
5.02687e-05
6.38036e-05
0.000107576
0.000242403
0.000631462
0.00166628
0.00395087
0.00568513
0.00397538
0.00117486
4.44921e-05
4.44922e-05
4.44923e-05
4.44924e-05
4.44924e-05
4.44925e-05
4.44926e-05
4.44926e-05
4.44927e-05
4.44928e-05
4.44928e-05
4.44929e-05
4.4493e-05
4.4493e-05
4.44931e-05
4.44932e-05
4.44932e-05
4.44933e-05
4.44933e-05
4.44934e-05
4.44935e-05
4.44935e-05
4.44936e-05
4.44936e-05
4.44937e-05
4.44937e-05
4.44938e-05
4.44938e-05
4.44939e-05
4.44939e-05
4.4494e-05
4.4494e-05
4.44941e-05
4.44941e-05
4.44942e-05
4.44942e-05
4.44943e-05
4.44943e-05
4.44944e-05
4.44944e-05
4.44945e-05
4.44945e-05
4.44946e-05
4.44946e-05
4.44947e-05
4.44947e-05
4.44948e-05
4.44949e-05
4.44949e-05
4.4495e-05
4.44951e-05
4.44953e-05
4.44954e-05
4.44956e-05
4.44958e-05
4.44961e-05
4.44965e-05
4.4497e-05
4.44978e-05
4.4499e-05
4.45014e-05
4.45073e-05
4.45243e-05
4.45797e-05
4.47726e-05
4.54654e-05
4.79761e-05
5.6964e-05
8.81567e-05
0.000191559
0.000513893
0.00144492
0.0036986
0.005467
0.00365654
0.00100862
4.44927e-05
4.44928e-05
4.44928e-05
4.44929e-05
4.4493e-05
4.4493e-05
4.44931e-05
4.44932e-05
4.44932e-05
4.44933e-05
4.44934e-05
4.44934e-05
4.44935e-05
4.44936e-05
4.44936e-05
4.44937e-05
4.44937e-05
4.44938e-05
4.44939e-05
4.44939e-05
4.4494e-05
4.4494e-05
4.44941e-05
4.44941e-05
4.44942e-05
4.44942e-05
4.44943e-05
4.44943e-05
4.44944e-05
4.44944e-05
4.44945e-05
4.44945e-05
4.44945e-05
4.44946e-05
4.44946e-05
4.44947e-05
4.44947e-05
4.44947e-05
4.44948e-05
4.44948e-05
4.44948e-05
4.44949e-05
4.44949e-05
4.4495e-05
4.4495e-05
4.4495e-05
4.4495e-05
4.44951e-05
4.44951e-05
4.44952e-05
4.44952e-05
4.44953e-05
4.44954e-05
4.44955e-05
4.44957e-05
4.44959e-05
4.44961e-05
4.44965e-05
4.44969e-05
4.44977e-05
4.44991e-05
4.45022e-05
4.45109e-05
4.45399e-05
4.46457e-05
4.5049e-05
4.66107e-05
5.25944e-05
7.48738e-05
0.000154292
0.000421576
0.00126038
0.00347528
0.00524628
0.00335185
0.000854719
4.44933e-05
4.44934e-05
4.44935e-05
4.44936e-05
4.44936e-05
4.44937e-05
4.44938e-05
4.44938e-05
4.44939e-05
4.4494e-05
4.4494e-05
4.44941e-05
4.44942e-05
4.44942e-05
4.44943e-05
4.44944e-05
4.44944e-05
4.44945e-05
4.44945e-05
4.44946e-05
4.44946e-05
4.44947e-05
4.44948e-05
4.44948e-05
4.44949e-05
4.44949e-05
4.44949e-05
4.4495e-05
4.4495e-05
4.44951e-05
4.44951e-05
4.44952e-05
4.44952e-05
4.44952e-05
4.44953e-05
4.44953e-05
4.44953e-05
4.44954e-05
4.44954e-05
4.44954e-05
4.44954e-05
4.44955e-05
4.44955e-05
4.44955e-05
4.44955e-05
4.44955e-05
4.44955e-05
4.44956e-05
4.44956e-05
4.44956e-05
4.44956e-05
4.44956e-05
4.44957e-05
4.44957e-05
4.44958e-05
4.44959e-05
4.44961e-05
4.44963e-05
4.44966e-05
4.44971e-05
4.44979e-05
4.44996e-05
4.45043e-05
4.45198e-05
4.45785e-05
4.48153e-05
4.57919e-05
4.97957e-05
6.57778e-05
0.000127
0.000349336
0.0011078
0.00328548
0.00502152
0.00303889
0.000714848
4.44941e-05
4.44942e-05
4.44943e-05
4.44944e-05
4.44944e-05
4.44945e-05
4.44946e-05
4.44947e-05
4.44947e-05
4.44948e-05
4.44949e-05
4.4495e-05
4.4495e-05
4.44951e-05
4.44952e-05
4.44952e-05
4.44953e-05
4.44953e-05
4.44954e-05
4.44955e-05
4.44955e-05
4.44956e-05
4.44956e-05
4.44957e-05
4.44957e-05
4.44958e-05
4.44958e-05
4.44959e-05
4.44959e-05
4.4496e-05
4.4496e-05
4.44961e-05
4.44961e-05
4.44961e-05
4.44962e-05
4.44962e-05
4.44962e-05
4.44962e-05
4.44963e-05
4.44963e-05
4.44963e-05
4.44963e-05
4.44963e-05
4.44963e-05
4.44963e-05
4.44963e-05
4.44963e-05
4.44963e-05
4.44963e-05
4.44963e-05
4.44962e-05
4.44962e-05
4.44962e-05
4.44962e-05
4.44963e-05
4.44963e-05
4.44964e-05
4.44965e-05
4.44966e-05
4.44969e-05
4.44974e-05
4.44985e-05
4.4501e-05
4.45095e-05
4.45426e-05
4.46829e-05
4.52983e-05
4.79958e-05
5.95326e-05
0.000107002
0.000292934
0.000982777
0.00313243
0.00478847
0.00271883
0.000590226
4.4495e-05
4.44951e-05
4.44952e-05
4.44953e-05
4.44954e-05
4.44954e-05
4.44955e-05
4.44956e-05
4.44957e-05
4.44958e-05
4.44959e-05
4.44959e-05
4.4496e-05
4.44961e-05
4.44962e-05
4.44962e-05
4.44963e-05
4.44964e-05
4.44965e-05
4.44965e-05
4.44966e-05
4.44967e-05
4.44967e-05
4.44968e-05
4.44968e-05
4.44969e-05
4.4497e-05
4.4497e-05
4.44971e-05
4.44971e-05
4.44972e-05
4.44972e-05
4.44973e-05
4.44973e-05
4.44973e-05
4.44973e-05
4.44974e-05
4.44974e-05
4.44974e-05
4.44974e-05
4.44974e-05
4.44974e-05
4.44974e-05
4.44974e-05
4.44974e-05
4.44974e-05
4.44973e-05
4.44973e-05
4.44973e-05
4.44972e-05
4.44972e-05
4.44971e-05
4.44971e-05
4.4497e-05
4.4497e-05
4.44969e-05
4.44969e-05
4.44969e-05
4.4497e-05
4.44972e-05
4.44974e-05
4.4498e-05
4.44995e-05
4.45043e-05
4.45232e-05
4.46073e-05
4.49988e-05
4.6832e-05
5.52283e-05
9.2321e-05
0.000248982
0.0008817
0.00302767
0.00453384
0.00239932
0.000481431
4.4496e-05
4.44961e-05
4.44962e-05
4.44963e-05
4.44964e-05
4.44965e-05
4.44966e-05
4.44967e-05
4.44968e-05
4.44969e-05
4.44969e-05
4.4497e-05
4.44971e-05
4.44972e-05
4.44973e-05
4.44974e-05
4.44975e-05
4.44976e-05
4.44977e-05
4.44977e-05
4.44978e-05
4.44979e-05
4.4498e-05
4.44981e-05
4.44981e-05
4.44982e-05
4.44983e-05
4.44984e-05
4.44984e-05
4.44985e-05
4.44985e-05
4.44986e-05
4.44986e-05
4.44987e-05
4.44987e-05
4.44988e-05
4.44988e-05
4.44988e-05
4.44988e-05
4.44988e-05
4.44989e-05
4.44989e-05
4.44988e-05
4.44988e-05
4.44988e-05
4.44988e-05
4.44987e-05
4.44986e-05
4.44986e-05
4.44985e-05
4.44984e-05
4.44983e-05
4.44982e-05
4.44981e-05
4.4498e-05
4.44979e-05
4.44978e-05
4.44977e-05
4.44977e-05
4.44977e-05
4.44978e-05
4.44981e-05
4.4499e-05
4.45017e-05
4.45127e-05
4.45638e-05
4.48156e-05
4.60745e-05
5.22464e-05
8.1514e-05
0.00021479
0.000801615
0.00298912
0.0042376
0.00208637
0.000388543
4.44969e-05
4.4497e-05
4.44971e-05
4.44973e-05
4.44974e-05
4.44975e-05
4.44976e-05
4.44977e-05
4.44978e-05
4.4498e-05
4.44981e-05
4.44982e-05
4.44983e-05
4.44984e-05
4.44985e-05
4.44986e-05
4.44987e-05
4.44989e-05
4.4499e-05
4.44991e-05
4.44992e-05
4.44993e-05
4.44994e-05
4.44995e-05
4.44996e-05
4.44997e-05
4.44998e-05
4.44998e-05
4.44999e-05
4.45e-05
4.45001e-05
4.45002e-05
4.45002e-05
4.45003e-05
4.45004e-05
4.45004e-05
4.45005e-05
4.45005e-05
4.45005e-05
4.45006e-05
4.45006e-05
4.45006e-05
4.45006e-05
4.45006e-05
4.45005e-05
4.45005e-05
4.45004e-05
4.45003e-05
4.45003e-05
4.45002e-05
4.45e-05
4.44999e-05
4.44997e-05
4.44996e-05
4.44994e-05
4.44992e-05
4.4499e-05
4.44989e-05
4.44987e-05
4.44986e-05
4.44985e-05
4.44986e-05
4.44991e-05
4.45006e-05
4.45071e-05
4.45386e-05
4.47026e-05
4.55775e-05
5.01676e-05
7.35289e-05
0.000188238
0.000739987
0.00301077
0.00388691
0.00178509
0.000310721
4.44977e-05
4.44979e-05
4.4498e-05
4.44982e-05
4.44983e-05
4.44984e-05
4.44986e-05
4.44987e-05
4.44989e-05
4.4499e-05
4.44992e-05
4.44993e-05
4.44994e-05
4.44996e-05
4.44997e-05
4.44998e-05
4.45e-05
4.45001e-05
4.45003e-05
4.45004e-05
4.45005e-05
4.45007e-05
4.45008e-05
4.45009e-05
4.4501e-05
4.45012e-05
4.45013e-05
4.45014e-05
4.45015e-05
4.45016e-05
4.45017e-05
4.45019e-05
4.4502e-05
4.4502e-05
4.45021e-05
4.45022e-05
4.45023e-05
4.45024e-05
4.45024e-05
4.45025e-05
4.45025e-05
4.45025e-05
4.45026e-05
4.45026e-05
4.45025e-05
4.45025e-05
4.45025e-05
4.45024e-05
4.45023e-05
4.45022e-05
4.4502e-05
4.45018e-05
4.45016e-05
4.45014e-05
4.45012e-05
4.45009e-05
4.45006e-05
4.45004e-05
4.45001e-05
4.44998e-05
4.44996e-05
4.44995e-05
4.44996e-05
4.45004e-05
4.45043e-05
4.4524e-05
4.46323e-05
4.52486e-05
4.87079e-05
6.76039e-05
0.000167684
0.000694731
0.00307366
0.00349937
0.00150115
0.000246793
4.44984e-05
4.44985e-05
4.44987e-05
4.44989e-05
4.44991e-05
4.44992e-05
4.44994e-05
4.44996e-05
4.44997e-05
4.44999e-05
4.45001e-05
4.45003e-05
4.45004e-05
4.45006e-05
4.45008e-05
4.45009e-05
4.45011e-05
4.45013e-05
4.45014e-05
4.45016e-05
4.45018e-05
4.45019e-05
4.45021e-05
4.45023e-05
4.45024e-05
4.45026e-05
4.45028e-05
4.45029e-05
4.45031e-05
4.45033e-05
4.45034e-05
4.45036e-05
4.45037e-05
4.45038e-05
4.4504e-05
4.45041e-05
4.45042e-05
4.45043e-05
4.45044e-05
4.45045e-05
4.45046e-05
4.45047e-05
4.45047e-05
4.45048e-05
4.45048e-05
4.45048e-05
4.45047e-05
4.45047e-05
4.45046e-05
4.45045e-05
4.45043e-05
4.45042e-05
4.45039e-05
4.45037e-05
4.45034e-05
4.4503e-05
4.45027e-05
4.45023e-05
4.45019e-05
4.45015e-05
4.45011e-05
4.45008e-05
4.45006e-05
4.45009e-05
4.45032e-05
4.45156e-05
4.45882e-05
4.50288e-05
4.76748e-05
6.31898e-05
0.000151892
0.000673495
0.00314488
0.00310901
0.00123307
0.000195373
4.44988e-05
4.4499e-05
4.44992e-05
4.44994e-05
4.44996e-05
4.44998e-05
4.45e-05
4.45002e-05
4.45004e-05
4.45006e-05
4.45008e-05
4.4501e-05
4.45012e-05
4.45014e-05
4.45016e-05
4.45019e-05
4.45021e-05
4.45023e-05
4.45025e-05
4.45027e-05
4.45029e-05
4.45031e-05
4.45033e-05
4.45035e-05
4.45037e-05
4.4504e-05
4.45042e-05
4.45044e-05
4.45046e-05
4.45048e-05
4.4505e-05
4.45052e-05
4.45054e-05
4.45056e-05
4.45058e-05
4.4506e-05
4.45061e-05
4.45063e-05
4.45065e-05
4.45066e-05
4.45068e-05
4.45069e-05
4.4507e-05
4.45071e-05
4.45071e-05
4.45072e-05
4.45072e-05
4.45072e-05
4.45072e-05
4.45071e-05
4.4507e-05
4.45068e-05
4.45066e-05
4.45063e-05
4.4506e-05
4.45056e-05
4.45051e-05
4.45046e-05
4.45041e-05
4.45035e-05
4.4503e-05
4.45025e-05
4.4502e-05
4.4502e-05
4.45031e-05
4.4511e-05
4.45604e-05
4.48805e-05
4.69375e-05
5.98905e-05
0.000140045
0.000723282
0.00315628
0.00272072
0.000992062
0.000154946
4.44989e-05
4.44991e-05
4.44994e-05
4.44996e-05
4.44999e-05
4.45001e-05
4.45003e-05
4.45006e-05
4.45008e-05
4.45011e-05
4.45013e-05
4.45016e-05
4.45018e-05
4.45021e-05
4.45023e-05
4.45026e-05
4.45028e-05
4.45031e-05
4.45033e-05
4.45036e-05
4.45038e-05
4.45041e-05
4.45044e-05
4.45046e-05
4.45049e-05
4.45052e-05
4.45054e-05
4.45057e-05
4.45059e-05
4.45062e-05
4.45065e-05
4.45067e-05
4.4507e-05
4.45072e-05
4.45075e-05
4.45077e-05
4.4508e-05
4.45082e-05
4.45085e-05
4.45087e-05
4.45089e-05
4.45091e-05
4.45093e-05
4.45094e-05
4.45096e-05
4.45097e-05
4.45098e-05
4.45099e-05
4.45099e-05
4.45099e-05
4.45098e-05
4.45097e-05
4.45095e-05
4.45093e-05
4.45089e-05
4.45085e-05
4.4508e-05
4.45075e-05
4.45068e-05
4.45061e-05
4.45054e-05
4.45046e-05
4.45039e-05
4.45035e-05
4.45038e-05
4.45088e-05
4.45429e-05
4.47793e-05
4.64067e-05
5.74181e-05
0.000131577
0.000837577
0.00309545
0.00234254
0.000783542
0.000123853
4.44987e-05
4.4499e-05
4.44993e-05
4.44995e-05
4.44998e-05
4.45001e-05
4.45004e-05
4.45007e-05
4.4501e-05
4.45013e-05
4.45016e-05
4.45019e-05
4.45022e-05
4.45025e-05
4.45028e-05
4.45031e-05
4.45034e-05
4.45037e-05
4.4504e-05
4.45043e-05
4.45046e-05
4.45049e-05
4.45052e-05
4.45056e-05
4.45059e-05
4.45062e-05
4.45065e-05
4.45068e-05
4.45072e-05
4.45075e-05
4.45078e-05
4.45081e-05
4.45085e-05
4.45088e-05
4.45091e-05
4.45094e-05
4.45098e-05
4.45101e-05
4.45104e-05
4.45107e-05
4.4511e-05
4.45113e-05
4.45115e-05
4.45118e-05
4.4512e-05
4.45122e-05
4.45124e-05
4.45126e-05
4.45127e-05
4.45128e-05
4.45128e-05
4.45128e-05
4.45127e-05
4.45125e-05
4.45122e-05
4.45118e-05
4.45113e-05
4.45107e-05
4.451e-05
4.45092e-05
4.45083e-05
4.45073e-05
4.45063e-05
4.45055e-05
4.45052e-05
4.45081e-05
4.45319e-05
4.47097e-05
4.6021e-05
5.55662e-05
0.000125978
0.00100276
0.00292709
0.00198248
0.000608615
0.000100432
4.44981e-05
4.44985e-05
4.44988e-05
4.44991e-05
4.44995e-05
4.44998e-05
4.45001e-05
4.45005e-05
4.45008e-05
4.45012e-05
4.45015e-05
4.45019e-05
4.45022e-05
4.45026e-05
4.45029e-05
4.45033e-05
4.45037e-05
4.4504e-05
4.45044e-05
4.45048e-05
4.45052e-05
4.45055e-05
4.45059e-05
4.45063e-05
4.45067e-05
4.45071e-05
4.45075e-05
4.45079e-05
4.45083e-05
4.45087e-05
4.4509e-05
4.45095e-05
4.45099e-05
4.45103e-05
4.45107e-05
4.45111e-05
4.45115e-05
4.45119e-05
4.45123e-05
4.45126e-05
4.4513e-05
4.45134e-05
4.45138e-05
4.45141e-05
4.45145e-05
4.45148e-05
4.45151e-05
4.45154e-05
4.45156e-05
4.45158e-05
4.45159e-05
4.4516e-05
4.4516e-05
4.45159e-05
4.45158e-05
4.45155e-05
4.4515e-05
4.45144e-05
4.45137e-05
4.45128e-05
4.45117e-05
4.45105e-05
4.45092e-05
4.4508e-05
4.45072e-05
4.45086e-05
4.45253e-05
4.46613e-05
4.5738e-05
5.41867e-05
0.000142961
0.00118545
0.00270146
0.00164665
0.000465921
8.31513e-05
4.44971e-05
4.44975e-05
4.44979e-05
4.44983e-05
4.44987e-05
4.44991e-05
4.44995e-05
4.44999e-05
4.45003e-05
4.45007e-05
4.45011e-05
4.45015e-05
4.4502e-05
4.45024e-05
4.45028e-05
4.45032e-05
4.45037e-05
4.45041e-05
4.45046e-05
4.4505e-05
4.45055e-05
4.45059e-05
4.45064e-05
4.45068e-05
4.45073e-05
4.45078e-05
4.45082e-05
4.45087e-05
4.45092e-05
4.45097e-05
4.45101e-05
4.45106e-05
4.45111e-05
4.45116e-05
4.45121e-05
4.45126e-05
4.45131e-05
4.45136e-05
4.45141e-05
4.45146e-05
4.45151e-05
4.45155e-05
4.4516e-05
4.45165e-05
4.45169e-05
4.45174e-05
4.45178e-05
4.45182e-05
4.45185e-05
4.45189e-05
4.45191e-05
4.45194e-05
4.45195e-05
4.45196e-05
4.45195e-05
4.45193e-05
4.4519e-05
4.45185e-05
4.45178e-05
4.45168e-05
4.45157e-05
4.45143e-05
4.45127e-05
4.45111e-05
4.45098e-05
4.451e-05
4.45217e-05
4.46274e-05
4.55288e-05
5.31851e-05
0.000195428
0.00135639
0.00244163
0.00134218
0.000352775
7.06918e-05
4.44954e-05
4.44959e-05
4.44964e-05
4.44968e-05
4.44973e-05
4.44978e-05
4.44983e-05
4.44987e-05
4.44992e-05
4.44997e-05
4.45002e-05
4.45007e-05
4.45012e-05
4.45017e-05
4.45022e-05
4.45027e-05
4.45033e-05
4.45038e-05
4.45043e-05
4.45049e-05
4.45054e-05
4.45059e-05
4.45065e-05
4.4507e-05
4.45076e-05
4.45082e-05
4.45087e-05
4.45093e-05
4.45099e-05
4.45105e-05
4.4511e-05
4.45116e-05
4.45122e-05
4.45128e-05
4.45134e-05
4.4514e-05
4.45146e-05
4.45152e-05
4.45158e-05
4.45164e-05
4.4517e-05
4.45176e-05
4.45182e-05
4.45188e-05
4.45194e-05
4.452e-05
4.45205e-05
4.4521e-05
4.45215e-05
4.4522e-05
4.45225e-05
4.45228e-05
4.45231e-05
4.45234e-05
4.45235e-05
4.45235e-05
4.45233e-05
4.45229e-05
4.45223e-05
4.45214e-05
4.45202e-05
4.45187e-05
4.45169e-05
4.45149e-05
4.4513e-05
4.45123e-05
4.45201e-05
4.46037e-05
4.53729e-05
5.25084e-05
0.000285848
0.00148798
0.00215148
0.00107368
0.00026542
6.19078e-05
4.4493e-05
4.44935e-05
4.44941e-05
4.44946e-05
4.44952e-05
4.44957e-05
4.44963e-05
4.44969e-05
4.44975e-05
4.4498e-05
4.44986e-05
4.44992e-05
4.44998e-05
4.45004e-05
4.4501e-05
4.45017e-05
4.45023e-05
4.45029e-05
4.45036e-05
4.45042e-05
4.45048e-05
4.45055e-05
4.45062e-05
4.45068e-05
4.45075e-05
4.45082e-05
4.45089e-05
4.45096e-05
4.45103e-05
4.4511e-05
4.45117e-05
4.45124e-05
4.45131e-05
4.45138e-05
4.45145e-05
4.45153e-05
4.4516e-05
4.45167e-05
4.45175e-05
4.45182e-05
4.45189e-05
4.45197e-05
4.45204e-05
4.45211e-05
4.45219e-05
4.45226e-05
4.45233e-05
4.4524e-05
4.45246e-05
4.45253e-05
4.45259e-05
4.45264e-05
4.45269e-05
4.45273e-05
4.45276e-05
4.45278e-05
4.45279e-05
4.45277e-05
4.45272e-05
4.45265e-05
4.45253e-05
4.45237e-05
4.45218e-05
4.45194e-05
4.45169e-05
4.45152e-05
4.45202e-05
4.45872e-05
4.52572e-05
5.59073e-05
0.000407424
0.00156486
0.00185839
0.000842957
0.000199569
5.58486e-05
4.44895e-05
4.44902e-05
4.44908e-05
4.44914e-05
4.44921e-05
4.44927e-05
4.44934e-05
4.44941e-05
4.44948e-05
4.44954e-05
4.44961e-05
4.44968e-05
4.44976e-05
4.44983e-05
4.4499e-05
4.44997e-05
4.45005e-05
4.45012e-05
4.4502e-05
4.45028e-05
4.45036e-05
4.45044e-05
4.45052e-05
4.4506e-05
4.45068e-05
4.45076e-05
4.45084e-05
4.45093e-05
4.45101e-05
4.4511e-05
4.45118e-05
4.45127e-05
4.45136e-05
4.45144e-05
4.45153e-05
4.45162e-05
4.45171e-05
4.4518e-05
4.45189e-05
4.45198e-05
4.45207e-05
4.45216e-05
4.45225e-05
4.45234e-05
4.45243e-05
4.45252e-05
4.45261e-05
4.45269e-05
4.45278e-05
4.45286e-05
4.45294e-05
4.45301e-05
4.45308e-05
4.45315e-05
4.4532e-05
4.45324e-05
4.45327e-05
4.45327e-05
4.45325e-05
4.45319e-05
4.45309e-05
4.45294e-05
4.45273e-05
4.45247e-05
4.45216e-05
4.4519e-05
4.45215e-05
4.45758e-05
4.51731e-05
7.23729e-05
0.000543613
0.00157675
0.00157211
0.000648148
0.000151136
5.17633e-05
4.44848e-05
4.44855e-05
4.44862e-05
4.4487e-05
4.44877e-05
4.44885e-05
4.44893e-05
4.449e-05
4.44908e-05
4.44917e-05
4.44925e-05
4.44933e-05
4.44942e-05
4.4495e-05
4.44959e-05
4.44968e-05
4.44977e-05
4.44986e-05
4.44995e-05
4.45004e-05
4.45014e-05
4.45023e-05
4.45033e-05
4.45043e-05
4.45052e-05
4.45062e-05
4.45073e-05
4.45083e-05
4.45093e-05
4.45103e-05
4.45114e-05
4.45124e-05
4.45135e-05
4.45146e-05
4.45157e-05
4.45168e-05
4.45178e-05
4.45189e-05
4.452e-05
4.45212e-05
4.45223e-05
4.45234e-05
4.45245e-05
4.45256e-05
4.45267e-05
4.45278e-05
4.45288e-05
4.45299e-05
4.4531e-05
4.4532e-05
4.4533e-05
4.4534e-05
4.45349e-05
4.45358e-05
4.45366e-05
4.45372e-05
4.45378e-05
4.45381e-05
4.45382e-05
4.45379e-05
4.45371e-05
4.45357e-05
4.45336e-05
4.45307e-05
4.45272e-05
4.45236e-05
4.4524e-05
4.45682e-05
4.51165e-05
0.000106248
0.000679188
0.00152113
0.00130195
0.000490158
0.000116389
4.90676e-05
4.44785e-05
4.44793e-05
4.44801e-05
4.4481e-05
4.44818e-05
4.44827e-05
4.44836e-05
4.44845e-05
4.44854e-05
4.44864e-05
4.44873e-05
4.44883e-05
4.44893e-05
4.44903e-05
4.44913e-05
4.44924e-05
4.44934e-05
4.44945e-05
4.44956e-05
4.44967e-05
4.44978e-05
4.4499e-05
4.45001e-05
4.45013e-05
4.45025e-05
4.45037e-05
4.45049e-05
4.45062e-05
4.45074e-05
4.45087e-05
4.451e-05
4.45113e-05
4.45126e-05
4.45139e-05
4.45152e-05
4.45166e-05
4.45179e-05
4.45193e-05
4.45206e-05
4.4522e-05
4.45234e-05
4.45247e-05
4.45261e-05
4.45275e-05
4.45288e-05
4.45302e-05
4.45315e-05
4.45329e-05
4.45342e-05
4.45355e-05
4.45367e-05
4.4538e-05
4.45392e-05
4.45403e-05
4.45414e-05
4.45423e-05
4.45432e-05
4.45438e-05
4.45442e-05
4.45442e-05
4.45438e-05
4.45427e-05
4.45407e-05
4.45377e-05
4.45337e-05
4.45292e-05
4.45276e-05
4.45636e-05
4.50854e-05
0.000159486
0.000797835
0.00142129
0.00105628
0.000366374
9.20318e-05
4.73261e-05
4.447e-05
4.44709e-05
4.44719e-05
4.44728e-05
4.44738e-05
4.44749e-05
4.44759e-05
4.44769e-05
4.4478e-05
4.44791e-05
4.44802e-05
4.44814e-05
4.44826e-05
4.44838e-05
4.4485e-05
4.44862e-05
4.44875e-05
4.44887e-05
4.44901e-05
4.44914e-05
4.44927e-05
4.44941e-05
4.44955e-05
4.44969e-05
4.44983e-05
4.44998e-05
4.45013e-05
4.45028e-05
4.45043e-05
4.45058e-05
4.45074e-05
4.4509e-05
4.45106e-05
4.45122e-05
4.45138e-05
4.45155e-05
4.45171e-05
4.45188e-05
4.45205e-05
4.45222e-05
4.45238e-05
4.45255e-05
4.45272e-05
4.45289e-05
4.45306e-05
4.45323e-05
4.4534e-05
4.45357e-05
4.45373e-05
4.45389e-05
4.45405e-05
4.4542e-05
4.45435e-05
4.4545e-05
4.45464e-05
4.45477e-05
4.45488e-05
4.45499e-05
4.45506e-05
4.45511e-05
4.4551e-05
4.45502e-05
4.45485e-05
4.45455e-05
4.45412e-05
4.45358e-05
4.45323e-05
4.45616e-05
4.66156e-05
0.000229418
0.000886587
0.00128755
0.000840985
0.000272249
7.53453e-05
4.6226e-05
4.44591e-05
4.44601e-05
4.44611e-05
4.44621e-05
4.44632e-05
4.44644e-05
4.44655e-05
4.44667e-05
4.44679e-05
4.44692e-05
4.44704e-05
4.44718e-05
4.44731e-05
4.44745e-05
4.44759e-05
4.44773e-05
4.44788e-05
4.44803e-05
4.44819e-05
4.44835e-05
4.44851e-05
4.44867e-05
4.44884e-05
4.44901e-05
4.44918e-05
4.44936e-05
4.44954e-05
4.44972e-05
4.44991e-05
4.4501e-05
4.45029e-05
4.45048e-05
4.45068e-05
4.45088e-05
4.45108e-05
4.45128e-05
4.45149e-05
4.4517e-05
4.45191e-05
4.45212e-05
4.45233e-05
4.45254e-05
4.45275e-05
4.45296e-05
4.45317e-05
4.45339e-05
4.4536e-05
4.4538e-05
4.45401e-05
4.45421e-05
4.45441e-05
4.45461e-05
4.4548e-05
4.45498e-05
4.45516e-05
4.45533e-05
4.45549e-05
4.45563e-05
4.45575e-05
4.45584e-05
4.45588e-05
4.45585e-05
4.45572e-05
4.45544e-05
4.45498e-05
4.45435e-05
4.45381e-05
4.45624e-05
5.29567e-05
0.000308556
0.000938369
0.00113715
0.000658238
0.00020256
6.41675e-05
4.55466e-05
4.44431e-05
4.44442e-05
4.44453e-05
4.44465e-05
4.44477e-05
4.4449e-05
4.44503e-05
4.44517e-05
4.44531e-05
4.44546e-05
4.44561e-05
4.44577e-05
4.44593e-05
4.44609e-05
4.44627e-05
4.44644e-05
4.44662e-05
4.44681e-05
4.447e-05
4.44719e-05
4.44739e-05
4.4476e-05
4.4478e-05
4.44802e-05
4.44823e-05
4.44845e-05
4.44867e-05
4.4489e-05
4.44913e-05
4.44937e-05
4.44961e-05
4.44985e-05
4.45009e-05
4.45034e-05
4.45059e-05
4.45084e-05
4.4511e-05
4.45136e-05
4.45161e-05
4.45188e-05
4.45214e-05
4.4524e-05
4.45267e-05
4.45293e-05
4.4532e-05
4.45346e-05
4.45373e-05
4.45399e-05
4.45425e-05
4.4545e-05
4.45475e-05
4.455e-05
4.45524e-05
4.45547e-05
4.4557e-05
4.45591e-05
4.45612e-05
4.4563e-05
4.45647e-05
4.45661e-05
4.45671e-05
4.45674e-05
4.45666e-05
4.45642e-05
4.45595e-05
4.45525e-05
4.45452e-05
4.4566e-05
6.53743e-05
0.000388912
0.00094676
0.000980803
0.000506858
0.000152231
5.68391e-05
4.51364e-05
4.44256e-05
4.44264e-05
4.44273e-05
4.44283e-05
4.44293e-05
4.44304e-05
4.44316e-05
4.44329e-05
4.44343e-05
4.44357e-05
4.44372e-05
4.44388e-05
4.44405e-05
4.44423e-05
4.44441e-05
4.44461e-05
4.44481e-05
4.44502e-05
4.44524e-05
4.44547e-05
4.4457e-05
4.44594e-05
4.44619e-05
4.44645e-05
4.44671e-05
4.44698e-05
4.44726e-05
4.44754e-05
4.44783e-05
4.44812e-05
4.44842e-05
4.44873e-05
4.44904e-05
4.44935e-05
4.44967e-05
4.44999e-05
4.45031e-05
4.45064e-05
4.45097e-05
4.45131e-05
4.45164e-05
4.45198e-05
4.45232e-05
4.45266e-05
4.453e-05
4.45334e-05
4.45367e-05
4.45401e-05
4.45434e-05
4.45467e-05
4.455e-05
4.45532e-05
4.45563e-05
4.45593e-05
4.45622e-05
4.4565e-05
4.45676e-05
4.45701e-05
4.45724e-05
4.45745e-05
4.45761e-05
4.45771e-05
4.45769e-05
4.45751e-05
4.45707e-05
4.45631e-05
4.45538e-05
4.45719e-05
8.42357e-05
0.000463366
0.000922175
0.000827569
0.00038577
0.000116679
5.21315e-05
4.48943e-05
4.44208e-05
4.44214e-05
4.44219e-05
4.44225e-05
4.4423e-05
4.44235e-05
4.4424e-05
4.44245e-05
4.44251e-05
4.44257e-05
4.44264e-05
4.44273e-05
4.44284e-05
4.44295e-05
4.44309e-05
4.44324e-05
4.4434e-05
4.44358e-05
4.44378e-05
4.44399e-05
4.44422e-05
4.44446e-05
4.44471e-05
4.44499e-05
4.44527e-05
4.44557e-05
4.44588e-05
4.4462e-05
4.44654e-05
4.44688e-05
4.44724e-05
4.4476e-05
4.44798e-05
4.44836e-05
4.44875e-05
4.44914e-05
4.44954e-05
4.44994e-05
4.45035e-05
4.45075e-05
4.45116e-05
4.45158e-05
4.45199e-05
4.4524e-05
4.45282e-05
4.45323e-05
4.45364e-05
4.45405e-05
4.45446e-05
4.45486e-05
4.45526e-05
4.45565e-05
4.45603e-05
4.45641e-05
4.45677e-05
4.45712e-05
4.45745e-05
4.45776e-05
4.45806e-05
4.45832e-05
4.45855e-05
4.45872e-05
4.45879e-05
4.45868e-05
4.45828e-05
4.45748e-05
4.45636e-05
4.45792e-05
0.000108457
0.000524864
0.000871872
0.000685281
0.000292008
9.21508e-05
4.91676e-05
4.47551e-05
4.44569e-05
4.44578e-05
4.44585e-05
4.44591e-05
4.44595e-05
4.44598e-05
4.44599e-05
4.44599e-05
4.44598e-05
4.44597e-05
4.44594e-05
4.44591e-05
4.44587e-05
4.44583e-05
4.44579e-05
4.44575e-05
4.44572e-05
4.44569e-05
4.44567e-05
4.44566e-05
4.44567e-05
4.44569e-05
4.44572e-05
4.44577e-05
4.44584e-05
4.44594e-05
4.44605e-05
4.44618e-05
4.44634e-05
4.44652e-05
4.44671e-05
4.44693e-05
4.44717e-05
4.44742e-05
4.4477e-05
4.44799e-05
4.4483e-05
4.44863e-05
4.44897e-05
4.44932e-05
4.44969e-05
4.45007e-05
4.45048e-05
4.45093e-05
4.4514e-05
4.4519e-05
4.45242e-05
4.45295e-05
4.45349e-05
4.45404e-05
4.4546e-05
4.45515e-05
4.45571e-05
4.45627e-05
4.45682e-05
4.45737e-05
4.45792e-05
4.45846e-05
4.45898e-05
4.45942e-05
4.45976e-05
4.46003e-05
4.46019e-05
4.46017e-05
4.45984e-05
4.45903e-05
4.4577e-05
4.45903e-05
0.000137135
0.000570065
0.000803787
0.00055845
0.000221207
7.55224e-05
4.73337e-05
4.46788e-05
)
;

boundaryField
{
    walls
    {
        type            fixedValue;
        value           uniform 0;
    }
    frontAndBack
    {
        type            empty;
    }
    farfield
    {
        type            inletOutlet;
        inletValue      uniform 4.44e-05;
        value           nonuniform List<scalar> 
76
(
4.44569e-05
4.44578e-05
4.44585e-05
4.44591e-05
4.44595e-05
4.44598e-05
4.44599e-05
4.44599e-05
4.44598e-05
4.44597e-05
4.44594e-05
4.44591e-05
4.44587e-05
4.44583e-05
4.44579e-05
4.44575e-05
4.44572e-05
4.44569e-05
4.44567e-05
4.44566e-05
4.44567e-05
4.44569e-05
4.44572e-05
4.44577e-05
4.44584e-05
4.44594e-05
4.44605e-05
4.44618e-05
4.44634e-05
4.44652e-05
4.44671e-05
4.44693e-05
4.44717e-05
4.44742e-05
4.4477e-05
4.44799e-05
4.4483e-05
4.44863e-05
4.44897e-05
4.44932e-05
4.44969e-05
4.45007e-05
4.45048e-05
4.45093e-05
4.4514e-05
4.4519e-05
4.45242e-05
4.45295e-05
4.45349e-05
4.45404e-05
4.4546e-05
4.45515e-05
4.45571e-05
4.45627e-05
4.45682e-05
4.45737e-05
4.45792e-05
4.45846e-05
4.45898e-05
4.45942e-05
4.45976e-05
4.46003e-05
4.46019e-05
4.46017e-05
4.45984e-05
4.45903e-05
4.4577e-05
4.45903e-05
0.000137135
0.000570065
0.000803787
0.00055845
0.000221207
7.55224e-05
4.73337e-05
4.46788e-05
)
;
    }
    procBoundary1to0
    {
        type            processor;
        value           nonuniform List<scalar> 
101
(
1.24062e-06
3.88891e-06
6.89512e-06
1.03106e-05
1.41932e-05
1.86091e-05
2.36344e-05
2.93587e-05
3.58924e-05
4.3379e-05
5.2009e-05
6.20114e-05
7.35991e-05
7.35991e-05
8.7996e-05
0.000103448
0.000121117
0.000141355
0.000164596
0.000191353
0.000222231
0.000257936
0.000299295
0.000347272
0.000402993
0.00046776
0.000543071
0.000543071
0.000637511
0.000740177
0.000859146
0.000996585
0.00115464
0.00133525
0.00153993
0.00176942
0.00202354
0.002301
0.00259949
0.00291581
0.00324599
0.00358515
0.00392715
0.00426414
0.00458589
0.00487909
0.00512651
0.00530607
0.00538961
0.00534161
0.00511802
0.00466623
0.00392956
0.00287077
0.00161115
0.000640175
0.000208892
8.19894e-05
5.21009e-05
4.59362e-05
4.47798e-05
4.45745e-05
4.45369e-05
4.45277e-05
4.45226e-05
4.45168e-05
4.45101e-05
4.45036e-05
4.44984e-05
4.44949e-05
4.44928e-05
4.44917e-05
4.44912e-05
4.44911e-05
4.44913e-05
4.44916e-05
4.4492e-05
4.44926e-05
4.44933e-05
4.4494e-05
4.44949e-05
4.44958e-05
4.44968e-05
4.44976e-05
4.44982e-05
4.44986e-05
4.44987e-05
4.44984e-05
4.44978e-05
4.44967e-05
4.4495e-05
4.44925e-05
4.44889e-05
4.4484e-05
4.44777e-05
4.44691e-05
4.44581e-05
4.44421e-05
4.44248e-05
4.44202e-05
4.44559e-05
)
;
    }
    procBoundary1to3
    {
        type            processor;
        value           nonuniform List<scalar> 
101
(
6.07697e-07
1.88664e-06
3.29791e-06
4.84298e-06
6.53205e-06
8.39181e-06
1.04881e-05
1.30171e-05
1.63226e-05
2.05201e-05
2.57359e-05
3.21202e-05
3.98703e-05
4.92248e-05
6.04968e-05
7.40703e-05
9.04447e-05
0.0001073
0.000123544
0.000139285
0.000154858
0.000170796
0.000187838
0.000206894
0.000228966
0.000255147
0.000286486
0.000323934
0.000368533
0.000420953
0.000481866
0.000551213
0.000628492
0.000712794
0.000801768
0.000889199
0.00099232
0.00111098
0.00125085
0.00142244
0.00160497
0.00179588
0.001993
0.00219668
0.00240751
0.00262546
0.00284999
0.00308033
0.00331541
0.00331541
0.00198522
0.00123043
0.00124276
0.00124504
0.00123687
0.00121835
0.00118993
0.00115228
0.00110562
0.00104966
0.000986504
0.000918576
0.000847997
0.000776596
0.000705834
0.000636789
0.000570288
0.000507022
0.000447382
0.000391787
0.000340661
0.000294179
0.000252434
0.000215473
0.000183217
0.000155506
0.000132083
0.000112619
9.66579e-05
8.38106e-05
7.36599e-05
6.57843e-05
5.97822e-05
5.52903e-05
5.1997e-05
4.96259e-05
4.79492e-05
4.67841e-05
4.59892e-05
4.54565e-05
4.51062e-05
4.48801e-05
4.47402e-05
4.46561e-05
4.46076e-05
4.4581e-05
4.45677e-05
4.45622e-05
4.45612e-05
4.45628e-05
4.45672e-05
)
;
    }
}


// ************************************************************************* //
