/*--------------------------------*- C++ -*----------------------------------*\
| =========                 |                                                 |
| \\      /  F ield         | OpenFOAM: The Open Source CFD Toolbox           |
|  \\    /   O peration     | Version:  2412                                  |
|   \\  /    A nd           | Website:  www.openfoam.com                      |
|    \\/     M anipulation  |                                                 |
\*---------------------------------------------------------------------------*/
FoamFile
{
    version     2.0;
    format      ascii;
    arch        "LSB;label=32;scalar=64";
    class       volScalarField;
    location    "140";
    object      nut;
}
// * * * * * * * * * * * * * * * * * * * * * * * * * * * * * * * * * * * * * //

dimensions      [0 2 -1 0 0 0 0];

internalField   nonuniform List<scalar> 
7373
(
1.90207e-11
1.90192e-11
1.90148e-11
1.90072e-11
1.8995e-11
1.8979e-11
1.89598e-11
1.89359e-11
1.89081e-11
1.8877e-11
1.88405e-11
1.87986e-11
1.87508e-11
1.8698e-11
1.8639e-11
1.85724e-11
1.84984e-11
1.84167e-11
1.83268e-11
1.82284e-11
1.81199e-11
1.80001e-11
1.78691e-11
1.77271e-11
1.75729e-11
1.74049e-11
1.72218e-11
1.70242e-11
1.68112e-11
1.65804e-11
1.63331e-11
1.6067e-11
1.57804e-11
1.54741e-11
1.51473e-11
1.47976e-11
1.44248e-11
1.40288e-11
1.36086e-11
1.31633e-11
1.26929e-11
1.21976e-11
1.16781e-11
1.11349e-11
1.05691e-11
9.98165e-12
9.3758e-12
8.75566e-12
8.12542e-12
7.49279e-12
6.8681e-12
6.26087e-12
5.68115e-12
5.13095e-12
4.60184e-12
4.07416e-12
3.51294e-12
2.87104e-12
2.10607e-12
1.22467e-12
4.07382e-13
3.34973e-14
1.22483e-14
7.67389e-13
7.96733e-12
3.89694e-11
1.37335e-10
3.21179e-10
1.81895e-09
1.81879e-09
1.81825e-09
1.81738e-09
1.8162e-09
1.81464e-09
1.81268e-09
1.81033e-09
1.80763e-09
1.80453e-09
1.80092e-09
1.79686e-09
1.79227e-09
1.78713e-09
1.78134e-09
1.77487e-09
1.76774e-09
1.75984e-09
1.75114e-09
1.74161e-09
1.73115e-09
1.71961e-09
1.70701e-09
1.69331e-09
1.67845e-09
1.66229e-09
1.64466e-09
1.62567e-09
1.60516e-09
1.58295e-09
1.55916e-09
1.5336e-09
1.50609e-09
1.47665e-09
1.44524e-09
1.41168e-09
1.3759e-09
1.33787e-09
1.29751e-09
1.25475e-09
1.2096e-09
1.16206e-09
1.11218e-09
1.06e-09
1.00564e-09
9.49212e-10
8.91006e-10
8.31399e-10
7.70789e-10
7.09917e-10
6.49757e-10
5.91216e-10
5.35258e-10
4.82082e-10
4.30906e-10
3.79888e-10
3.25793e-10
2.64354e-10
1.91996e-10
1.10126e-10
3.60961e-11
2.98775e-12
1.17432e-12
6.74134e-11
6.64578e-10
3.1569e-09
1.07879e-08
2.54344e-08
1.7667e-08
1.76644e-08
1.76577e-08
1.7648e-08
1.76352e-08
1.7619e-08
1.75988e-08
1.75751e-08
1.75476e-08
1.7516e-08
1.74799e-08
1.74393e-08
1.73934e-08
1.73421e-08
1.72844e-08
1.72205e-08
1.71501e-08
1.70721e-08
1.69862e-08
1.68921e-08
1.6789e-08
1.66757e-08
1.6552e-08
1.64173e-08
1.62714e-08
1.61125e-08
1.59401e-08
1.5754e-08
1.55527e-08
1.53356e-08
1.51028e-08
1.48526e-08
1.45836e-08
1.42958e-08
1.39887e-08
1.36604e-08
1.33107e-08
1.29388e-08
1.25443e-08
1.21264e-08
1.16852e-08
1.12205e-08
1.07327e-08
1.02222e-08
9.69025e-09
9.13771e-09
8.56764e-09
7.98309e-09
7.38838e-09
6.79049e-09
6.1982e-09
5.62102e-09
5.06824e-09
4.54158e-09
4.03421e-09
3.52915e-09
2.99681e-09
2.40022e-09
1.71317e-09
9.60974e-10
3.08652e-10
2.60005e-11
1.13765e-11
5.69283e-10
5.21361e-09
2.3705e-08
7.74329e-08
1.85614e-07
8.60745e-08
8.60542e-08
8.6014e-08
8.59599e-08
8.58896e-08
8.58031e-08
8.56985e-08
8.5576e-08
8.5435e-08
8.5273e-08
8.50901e-08
8.48841e-08
8.46534e-08
8.43954e-08
8.41073e-08
8.3789e-08
8.3438e-08
8.30509e-08
8.26255e-08
8.21588e-08
8.1648e-08
8.10888e-08
8.04783e-08
7.98147e-08
7.90949e-08
7.83126e-08
7.74646e-08
7.65495e-08
7.55609e-08
7.44956e-08
7.33515e-08
7.21223e-08
7.08025e-08
6.93909e-08
6.78823e-08
6.6272e-08
6.45549e-08
6.27308e-08
6.0794e-08
5.87433e-08
5.6577e-08
5.42951e-08
5.18984e-08
4.93898e-08
4.67724e-08
4.40532e-08
4.12437e-08
3.83591e-08
3.54207e-08
3.24593e-08
2.95189e-08
2.6648e-08
2.38906e-08
2.12562e-08
1.87168e-08
1.61971e-08
1.3567e-08
1.06761e-08
7.44876e-09
4.06438e-09
1.27564e-09
1.09958e-10
5.51185e-11
2.32505e-09
1.95875e-08
8.46562e-08
2.61746e-07
6.32679e-07
2.98023e-07
2.97923e-07
2.97751e-07
2.9753e-07
2.97255e-07
2.96925e-07
2.96533e-07
2.96079e-07
2.9556e-07
2.9497e-07
2.94306e-07
2.93561e-07
2.9273e-07
2.91807e-07
2.90783e-07
2.89653e-07
2.88407e-07
2.87039e-07
2.85537e-07
2.83892e-07
2.82096e-07
2.80132e-07
2.77992e-07
2.75669e-07
2.73148e-07
2.70412e-07
2.67453e-07
2.64258e-07
2.60809e-07
2.57093e-07
2.53102e-07
2.48816e-07
2.44216e-07
2.39296e-07
2.34037e-07
2.28421e-07
2.22437e-07
2.16075e-07
2.09321e-07
2.02166e-07
1.94605e-07
1.86637e-07
1.78264e-07
1.69489e-07
1.60326e-07
1.50796e-07
1.40932e-07
1.30788e-07
1.20432e-07
1.09966e-07
9.95453e-08
8.93447e-08
7.95195e-08
7.01088e-08
6.10461e-08
5.21099e-08
4.29132e-08
3.30579e-08
2.24645e-08
1.18888e-08
3.64175e-09
3.22212e-10
1.89119e-10
6.56822e-09
5.05316e-08
2.06227e-07
5.98254e-07
1.44503e-06
8.37743e-07
8.37344e-07
8.36748e-07
8.36013e-07
8.35128e-07
8.34094e-07
8.32885e-07
8.31501e-07
8.29936e-07
8.28177e-07
8.26207e-07
8.24009e-07
8.21574e-07
8.18882e-07
8.1591e-07
8.12638e-07
8.09043e-07
8.05109e-07
8.00799e-07
7.96092e-07
7.9096e-07
7.85364e-07
7.79276e-07
7.72673e-07
7.65515e-07
7.57761e-07
7.49378e-07
7.40331e-07
7.30573e-07
7.20068e-07
7.08786e-07
6.96668e-07
6.83675e-07
6.69766e-07
6.54901e-07
6.39029e-07
6.22116e-07
6.04122e-07
5.85015e-07
5.64762e-07
5.43347e-07
5.20761e-07
4.97001e-07
4.7207e-07
4.46004e-07
4.18843e-07
3.90679e-07
3.61647e-07
3.31928e-07
3.01796e-07
2.71696e-07
2.4216e-07
2.13638e-07
1.86284e-07
1.60034e-07
1.34408e-07
1.0853e-07
8.163e-08
5.39076e-08
2.76284e-08
8.25397e-09
7.51397e-10
5.24872e-10
1.47496e-08
1.02848e-07
3.93443e-07
1.0616e-06
2.54658e-06
2.03613e-06
2.03478e-06
2.03297e-06
2.03083e-06
2.02832e-06
2.02546e-06
2.02218e-06
2.01848e-06
2.01435e-06
2.00974e-06
2.00463e-06
1.99898e-06
1.99276e-06
1.98592e-06
1.97841e-06
1.97018e-06
1.96118e-06
1.95136e-06
1.94064e-06
1.92897e-06
1.91628e-06
1.90248e-06
1.8875e-06
1.87128e-06
1.85372e-06
1.83473e-06
1.81422e-06
1.79212e-06
1.76829e-06
1.74267e-06
1.71514e-06
1.68559e-06
1.65391e-06
1.62e-06
1.58376e-06
1.54506e-06
1.50379e-06
1.45988e-06
1.41322e-06
1.36373e-06
1.31136e-06
1.25606e-06
1.1978e-06
1.13658e-06
1.07245e-06
1.00548e-06
9.3587e-07
8.63913e-07
7.90017e-07
7.14827e-07
6.39488e-07
5.65394e-07
4.93731e-07
4.25049e-07
3.59578e-07
2.96545e-07
2.34327e-07
1.71785e-07
1.10094e-07
5.45868e-08
1.58962e-08
1.49322e-09
1.2561e-09
2.81738e-08
1.76507e-07
6.27566e-07
1.56121e-06
3.70976e-06
4.41586e-06
4.41183e-06
4.40682e-06
4.40111e-06
4.39462e-06
4.38736e-06
4.37925e-06
4.37025e-06
4.36032e-06
4.3494e-06
4.3374e-06
4.32426e-06
4.3099e-06
4.29424e-06
4.27716e-06
4.25855e-06
4.23834e-06
4.21636e-06
4.1925e-06
4.16663e-06
4.13858e-06
4.10819e-06
4.07533e-06
4.03981e-06
4.00145e-06
3.96004e-06
3.9154e-06
3.86734e-06
3.81563e-06
3.76004e-06
3.70035e-06
3.63632e-06
3.56767e-06
3.49421e-06
3.41566e-06
3.33179e-06
3.24231e-06
3.14703e-06
3.04571e-06
2.93815e-06
2.82417e-06
2.70364e-06
2.57644e-06
2.4425e-06
2.30184e-06
2.15457e-06
2.00102e-06
1.84179e-06
1.67768e-06
1.51009e-06
1.34167e-06
1.17579e-06
1.0153e-06
8.61925e-07
7.17087e-07
5.7994e-07
4.47895e-07
3.19673e-07
1.98606e-07
9.51649e-08
2.70024e-08
2.62874e-09
2.68465e-09
4.7513e-08
2.64722e-07
8.66052e-07
1.98282e-06
4.63473e-06
8.65947e-06
8.64867e-06
8.63607e-06
8.62219e-06
8.6068e-06
8.58996e-06
8.57153e-06
8.55143e-06
8.5296e-06
8.50589e-06
8.48015e-06
8.45225e-06
8.42207e-06
8.38945e-06
8.35416e-06
8.31601e-06
8.27481e-06
8.23033e-06
8.18231e-06
8.13051e-06
8.07463e-06
8.01435e-06
7.94939e-06
7.87942e-06
7.80408e-06
7.72299e-06
7.63574e-06
7.54197e-06
7.44122e-06
7.33302e-06
7.21694e-06
7.09247e-06
6.95907e-06
6.81629e-06
6.66359e-06
6.50042e-06
6.32625e-06
6.14061e-06
5.94296e-06
5.73279e-06
5.5097e-06
5.27326e-06
5.02309e-06
4.75891e-06
4.48057e-06
4.18812e-06
3.88206e-06
3.56343e-06
3.23368e-06
2.89557e-06
2.55488e-06
2.21891e-06
1.894e-06
1.58475e-06
1.29583e-06
1.027e-06
7.74583e-07
5.37692e-07
3.23441e-07
1.49577e-07
4.13513e-08
4.20033e-09
5.23336e-09
7.23278e-08
3.54227e-07
1.05307e-06
2.22658e-06
5.0574e-06
1.54203e-05
1.53953e-05
1.53673e-05
1.53371e-05
1.53045e-05
1.52694e-05
1.52317e-05
1.51912e-05
1.51477e-05
1.51011e-05
1.50512e-05
1.49976e-05
1.49402e-05
1.48787e-05
1.48127e-05
1.4742e-05
1.46662e-05
1.4585e-05
1.44978e-05
1.44043e-05
1.43039e-05
1.41962e-05
1.40807e-05
1.39567e-05
1.38236e-05
1.36808e-05
1.35276e-05
1.33632e-05
1.31869e-05
1.29978e-05
1.2795e-05
1.25777e-05
1.23449e-05
1.20955e-05
1.18288e-05
1.15435e-05
1.12386e-05
1.09132e-05
1.05662e-05
1.01963e-05
9.80273e-06
9.38429e-06
8.94001e-06
8.46902e-06
7.97061e-06
7.44452e-06
6.89128e-06
6.31243e-06
5.71028e-06
5.08994e-06
4.46271e-06
3.84301e-06
3.24376e-06
2.67554e-06
2.15006e-06
1.66921e-06
1.22852e-06
8.28426e-07
4.81687e-07
2.1463e-07
5.78543e-08
6.19489e-09
9.43035e-09
1.00803e-07
4.28394e-07
1.13823e-06
2.2386e-06
4.84617e-06
1.29e-05
2.50746e-05
2.50247e-05
2.49705e-05
2.4913e-05
2.48518e-05
2.47868e-05
2.47179e-05
2.46449e-05
2.45674e-05
2.44851e-05
2.43977e-05
2.43049e-05
2.42064e-05
2.41017e-05
2.39903e-05
2.38717e-05
2.37456e-05
2.36111e-05
2.34678e-05
2.3315e-05
2.31519e-05
2.29776e-05
2.27915e-05
2.25926e-05
2.23798e-05
2.21522e-05
2.19087e-05
2.16479e-05
2.13686e-05
2.10694e-05
2.07489e-05
2.04055e-05
2.00376e-05
1.96436e-05
1.92217e-05
1.87702e-05
1.8287e-05
1.77704e-05
1.72182e-05
1.66284e-05
1.59986e-05
1.53268e-05
1.46105e-05
1.38476e-05
1.30361e-05
1.21748e-05
1.12638e-05
1.03049e-05
9.30127e-06
8.26117e-06
7.20462e-06
6.1574e-06
5.14336e-06
4.18409e-06
3.3046e-06
2.51201e-06
1.80213e-06
1.1784e-06
6.60768e-07
2.83129e-07
7.45783e-08
8.54493e-09
1.58502e-08
1.29919e-07
4.72609e-07
1.10694e-06
2.0302e-06
4.0637e-06
1.17606e-05
2.45296e-05
3.76114e-05
3.75243e-05
3.74317e-05
3.73345e-05
3.7232e-05
3.71244e-05
3.70113e-05
3.68925e-05
3.67677e-05
3.66361e-05
3.64975e-05
3.63514e-05
3.61973e-05
3.60348e-05
3.5863e-05
3.56813e-05
3.54891e-05
3.52856e-05
3.50697e-05
3.48407e-05
3.45975e-05
3.43388e-05
3.40636e-05
3.37706e-05
3.34583e-05
3.31252e-05
3.27695e-05
3.23895e-05
3.19832e-05
3.15484e-05
3.1083e-05
3.05847e-05
3.00508e-05
2.94789e-05
2.88662e-05
2.82097e-05
2.75065e-05
2.67532e-05
2.59463e-05
2.50821e-05
2.41566e-05
2.31655e-05
2.21043e-05
2.09686e-05
1.9754e-05
1.84573e-05
1.70771e-05
1.56149e-05
1.40739e-05
1.24664e-05
1.08241e-05
9.189e-06
7.60124e-06
6.10047e-06
4.73426e-06
3.52029e-06
2.45731e-06
1.55405e-06
8.37762e-07
3.44519e-07
8.91097e-08
1.11568e-08
2.50087e-08
1.56171e-07
4.79809e-07
9.81476e-07
1.672e-06
2.96145e-06
9.13239e-06
2.11942e-05
5.59674e-05
5.26855e-05
5.25493e-05
5.24065e-05
5.22577e-05
5.2102e-05
5.19397e-05
5.17703e-05
5.15934e-05
5.14087e-05
5.12153e-05
5.10128e-05
5.08005e-05
5.05779e-05
5.03444e-05
5.0099e-05
4.98408e-05
4.95689e-05
4.92824e-05
4.898e-05
4.86606e-05
4.83228e-05
4.7965e-05
4.75856e-05
4.71831e-05
4.67553e-05
4.63001e-05
4.58152e-05
4.52982e-05
4.47461e-05
4.41561e-05
4.35251e-05
4.28497e-05
4.21263e-05
4.13511e-05
4.05201e-05
3.96292e-05
3.86736e-05
3.76484e-05
3.6548e-05
3.53665e-05
3.40973e-05
3.27332e-05
3.12667e-05
2.96896e-05
2.79941e-05
2.61735e-05
2.42238e-05
2.21445e-05
1.99379e-05
1.76205e-05
1.52386e-05
1.28546e-05
1.05315e-05
8.33578e-06
6.34988e-06
4.61006e-06
3.12221e-06
1.90258e-06
9.82236e-07
3.87146e-07
9.9243e-08
1.39697e-08
3.72323e-08
1.76693e-07
4.53409e-07
8.07038e-07
1.26312e-06
1.87382e-06
5.89516e-06
1.5546e-05
5.38243e-05
6.97621e-05
6.95665e-05
6.93635e-05
6.91528e-05
6.89338e-05
6.87066e-05
6.84704e-05
6.82251e-05
6.79701e-05
6.77044e-05
6.74273e-05
6.71382e-05
6.68365e-05
6.65212e-05
6.61913e-05
6.58456e-05
6.54832e-05
6.51028e-05
6.47028e-05
6.42818e-05
6.38381e-05
6.33697e-05
6.28747e-05
6.23509e-05
6.17957e-05
6.12063e-05
6.05797e-05
5.99126e-05
5.92014e-05
5.8442e-05
5.76305e-05
5.67623e-05
5.58326e-05
5.48362e-05
5.37678e-05
5.26213e-05
5.13904e-05
5.00679e-05
4.86459e-05
4.71155e-05
4.5467e-05
4.36894e-05
4.17706e-05
3.96982e-05
3.7459e-05
3.50416e-05
3.24376e-05
2.9643e-05
2.66577e-05
2.35021e-05
2.02396e-05
1.69577e-05
1.37491e-05
1.07182e-05
7.99679e-06
5.65052e-06
3.69713e-06
2.15994e-06
1.06327e-06
4.01888e-07
1.03787e-07
1.70484e-08
5.25654e-08
1.90377e-07
4.05816e-07
6.31764e-07
8.94319e-07
1.05661e-06
3.20113e-06
9.46402e-06
4.73621e-05
8.82741e-05
8.80105e-05
8.77391e-05
8.74583e-05
8.71675e-05
8.68668e-05
8.65554e-05
8.62332e-05
8.58992e-05
8.55525e-05
8.51922e-05
8.48177e-05
8.4428e-05
8.40221e-05
8.35989e-05
8.3157e-05
8.26951e-05
8.22118e-05
8.17052e-05
8.11737e-05
8.06151e-05
8.00271e-05
7.94073e-05
7.87529e-05
7.80609e-05
7.73278e-05
7.65497e-05
7.57226e-05
7.48418e-05
7.39024e-05
7.28991e-05
7.18263e-05
7.06778e-05
6.94469e-05
6.81267e-05
6.67092e-05
6.5186e-05
6.35474e-05
6.17827e-05
5.98797e-05
5.78247e-05
5.56021e-05
5.31946e-05
5.05837e-05
4.775e-05
4.46757e-05
4.13461e-05
3.77525e-05
3.38903e-05
2.97841e-05
2.5517e-05
2.12066e-05
1.69839e-05
1.30043e-05
9.46721e-06
6.47891e-06
4.0711e-06
2.26618e-06
1.05954e-06
3.85858e-07
1.03131e-07
2.07672e-08
7.08027e-08
1.98467e-07
3.53312e-07
4.90083e-07
6.22471e-07
6.81908e-07
1.64338e-06
4.73835e-06
3.70488e-05
0.000107734
0.000107395
0.000107048
0.00010669
0.00010632
0.000105938
0.000105544
0.000105137
0.000104717
0.000104281
0.00010383
0.000103362
0.000102876
0.000102372
0.000101847
0.000101301
0.000100731
0.000100137
9.95152e-05
9.88648e-05
9.81827e-05
9.74665e-05
9.67132e-05
9.59195e-05
9.50817e-05
9.41956e-05
9.32566e-05
9.22598e-05
9.11994e-05
9.00695e-05
8.88637e-05
8.7575e-05
8.61957e-05
8.47177e-05
8.31321e-05
8.14291e-05
7.95979e-05
7.7626e-05
7.54994e-05
7.32023e-05
7.07163e-05
6.80205e-05
6.50914e-05
6.19035e-05
5.84297e-05
5.46444e-05
5.05254e-05
4.60569e-05
4.12292e-05
3.60717e-05
3.06905e-05
2.52406e-05
1.99033e-05
1.49027e-05
1.05253e-05
6.928e-06
4.14882e-06
2.18574e-06
9.69054e-07
3.44285e-07
9.92519e-08
2.81176e-08
9.17354e-08
2.04421e-07
3.10767e-07
3.99301e-07
4.82477e-07
5.42328e-07
1.02276e-06
2.43295e-06
2.47693e-05
0.000127781
0.000127359
0.000126929
0.000126486
0.000126029
0.000125559
0.000125075
0.000124575
0.00012406
0.000123528
0.000122977
0.000122408
0.000121818
0.000121206
0.000120571
0.000119911
0.000119225
0.00011851
0.000117765
0.000116986
0.00011617
0.000115316
0.000114419
0.000113475
0.000112481
0.000111431
0.00011032
0.000109141
0.000107889
0.000106556
0.000105134
0.000103615
0.00010199
0.00010025
9.8382e-05
9.63759e-05
9.42175e-05
9.18916e-05
8.93806e-05
8.66644e-05
8.37195e-05
8.0519e-05
7.70323e-05
7.32258e-05
6.90637e-05
6.45113e-05
5.95373e-05
5.41178e-05
4.82373e-05
4.19321e-05
3.53374e-05
2.86573e-05
2.21411e-05
1.61051e-05
1.09443e-05
6.86574e-06
3.88393e-06
1.92587e-06
8.12989e-07
2.89004e-07
9.5133e-08
4.19798e-08
1.15705e-07
2.13595e-07
2.93274e-07
3.85906e-07
4.68042e-07
5.4152e-07
8.7166e-07
1.46836e-06
1.35665e-05
0.000148176
0.000147663
0.000147142
0.000146606
0.000146054
0.000145487
0.000144903
0.000144302
0.000143683
0.000143044
0.000142385
0.000141703
0.000140999
0.000140269
0.000139514
0.00013873
0.000137916
0.000137069
0.000136188
0.000135268
0.000134308
0.000133302
0.000132248
0.000131141
0.000129976
0.000128747
0.000127449
0.000126072
0.000124611
0.000123057
0.000121401
0.000119633
0.000117743
0.000115718
0.000113546
0.000111212
0.000108701
0.000105993
0.000103067
9.98987e-05
9.64586e-05
9.27128e-05
8.8623e-05
8.41467e-05
7.92381e-05
7.38523e-05
6.79478e-05
6.14919e-05
5.44639e-05
4.69119e-05
3.90115e-05
3.10346e-05
2.33271e-05
1.6329e-05
1.05582e-05
6.24395e-06
3.30897e-06
1.54271e-06
6.29588e-07
2.33988e-07
9.48784e-08
6.58362e-08
1.45156e-07
2.38364e-07
3.30056e-07
4.42978e-07
5.40583e-07
6.40408e-07
9.43044e-07
1.17414e-06
6.02688e-06
0.000168773
0.000168158
0.000167537
0.000166897
0.00016624
0.000165564
0.00016487
0.000164157
0.000163423
0.000162666
0.000161886
0.000161081
0.000160249
0.000159389
0.0001585
0.000157579
0.000156623
0.00015563
0.000154598
0.000153522
0.0001524
0.000151228
0.00015
0.000148712
0.000147357
0.00014593
0.000144423
0.000142828
0.000141136
0.000139338
0.000137423
0.00013538
0.000133196
0.000130857
0.000128349
0.000125655
0.000122755
0.000119628
0.000116246
0.000112581
0.000108596
0.000104251
9.94985e-05
9.42856e-05
8.85562e-05
8.22539e-05
7.53259e-05
6.77312e-05
5.94469e-05
5.05426e-05
4.12541e-05
3.19544e-05
2.313e-05
1.53789e-05
9.32848e-06
5.14398e-06
2.54351e-06
1.12527e-06
4.59212e-07
1.90926e-07
1.11766e-07
1.04768e-07
1.96949e-07
3.01861e-07
4.18614e-07
5.63058e-07
6.85019e-07
8.24999e-07
1.14208e-06
1.24468e-06
2.99251e-06
0.000189476
0.000188748
0.000188014
0.000187259
0.000186484
0.000185688
0.000184871
0.000184032
0.000183169
0.00018228
0.000181365
0.000180421
0.000179447
0.000178442
0.000177402
0.000176327
0.000175212
0.000174055
0.000172854
0.000171603
0.0001703
0.000168939
0.000167516
0.000166024
0.000164457
0.000162807
0.000161066
0.000159224
0.000157272
0.000155199
0.000152992
0.00015064
0.000148126
0.000145436
0.000142551
0.000139453
0.000136118
0.00013252
0.000128628
0.000124407
0.000119814
0.000114799
0.000109305
0.000103269
9.66227e-05
8.92977e-05
8.12298e-05
7.23712e-05
6.27046e-05
5.23399e-05
4.16084e-05
3.1042e-05
2.13281e-05
1.32382e-05
7.41507e-06
3.78863e-06
1.76061e-06
7.60105e-07
3.30042e-07
1.84749e-07
1.49648e-07
1.65652e-07
2.80649e-07
4.09543e-07
5.60303e-07
7.41628e-07
8.90127e-07
1.08625e-06
1.42579e-06
1.50595e-06
1.98389e-06
0.000215927
0.000215245
0.000214534
0.000213813
0.000213085
0.000212358
0.000211639
0.000210924
0.000210211
0.000209357
0.000208496
0.000207612
0.000206705
0.000205773
0.000204818
0.000203837
0.000202829
0.000201792
0.000200725
0.000199625
0.00019849
0.00019732
0.000196111
0.000194861
0.000193567
0.000192224
0.000190831
0.000189382
0.000187873
0.000186299
0.000184653
0.00018293
0.00018112
0.000179216
0.000177208
0.000175086
0.000172838
0.000170451
0.000167913
0.000165208
0.000162319
0.000159228
0.000155916
0.000152358
0.000148528
0.000144396
0.000139924
0.000135072
0.000129787
0.00012401
0.000117675
0.000110705
0.00010302
9.4539e-05
8.51863e-05
7.49144e-05
6.37268e-05
5.18096e-05
3.96561e-05
2.80488e-05
1.79342e-05
1.01801e-05
5.1981e-06
2.47946e-06
1.1159e-06
4.99727e-07
2.81442e-07
2.13769e-07
2.14645e-07
2.56954e-07
4.04484e-07
5.65884e-07
7.54307e-07
9.70215e-07
1.14059e-06
1.41246e-06
1.75299e-06
1.82919e-06
1.782e-06
0.000237549
0.000236753
0.000235926
0.000235087
0.000234242
0.000233398
0.000232563
0.000231735
0.000230896
0.000229901
0.000228898
0.000227868
0.000226812
0.000225729
0.000224617
0.000223477
0.000222305
0.0002211
0.00021986
0.000218583
0.000217267
0.00021591
0.000214509
0.000213061
0.000211562
0.000210008
0.000208396
0.000206721
0.000204977
0.000203159
0.000201259
0.000199269
0.000197182
0.000194986
0.000192672
0.000190227
0.000187639
0.000184892
0.000181972
0.000178862
0.000175542
0.000171991
0.000168186
0.000164099
0.000159701
0.000154954
0.000149816
0.000144237
0.000138157
0.000131505
0.000124202
0.00011616
0.000107284
9.74805e-05
8.66686e-05
7.48142e-05
6.19759e-05
4.84858e-05
3.51168e-05
2.30211e-05
1.33704e-05
6.8137e-06
3.16887e-06
1.46559e-06
6.92094e-07
3.93952e-07
2.93734e-07
2.79318e-07
3.14476e-07
3.86521e-07
5.73866e-07
7.70888e-07
9.93549e-07
1.23397e-06
1.41638e-06
1.79082e-06
2.06972e-06
2.14744e-06
1.88838e-06
0.000259145
0.000258223
0.000257265
0.000256295
0.000255319
0.000254343
0.000253376
0.000252413
0.000251426
0.000250273
0.00024911
0.000247917
0.000246693
0.000245437
0.00024415
0.000242829
0.000241472
0.000240077
0.000238641
0.000237164
0.000235641
0.000234071
0.000232451
0.000230777
0.000229045
0.00022725
0.000225388
0.000223454
0.00022144
0.000219341
0.000217148
0.000214853
0.000212445
0.000209913
0.000207245
0.000204428
0.000201446
0.000198283
0.000194921
0.000191342
0.000187522
0.000183438
0.000179063
0.000174364
0.000169306
0.000163847
0.000157937
0.000151515
0.00014451
0.000136841
0.000128414
0.000119127
0.000108873
9.75484e-05
8.50782e-05
7.14778e-05
5.69312e-05
4.2055e-05
2.80795e-05
1.65675e-05
8.5606e-06
3.90379e-06
1.696e-06
8.75761e-07
5.17178e-07
3.85122e-07
3.57598e-07
3.86486e-07
4.56036e-07
5.59345e-07
7.8876e-07
1.01752e-06
1.26402e-06
1.51355e-06
1.69616e-06
2.10336e-06
2.30955e-06
2.40419e-06
2.09714e-06
0.000280592
0.000279527
0.000278425
0.00027731
0.000276186
0.000275063
0.000273945
0.000272823
0.000271656
0.000270325
0.000268983
0.000267605
0.000266192
0.000264743
0.000263257
0.000261731
0.000260165
0.000258554
0.000256897
0.000255192
0.000253434
0.000251622
0.000249752
0.00024782
0.000245821
0.000243749
0.000241601
0.000239368
0.000237045
0.000234622
0.000232092
0.000229443
0.000226664
0.000223743
0.000220665
0.000217415
0.000213976
0.000210329
0.000206454
0.000202329
0.000197929
0.000193224
0.000188185
0.000182772
0.000176946
0.000170655
0.000163842
0.000156434
0.000148348
0.000139488
0.000129744
0.000119003
0.000107146
9.40741e-05
7.97514e-05
6.43231e-05
4.82528e-05
3.26781e-05
1.94062e-05
1.00217e-05
4.63005e-06
1.99118e-06
1.00309e-06
6.36629e-07
4.85552e-07
4.47478e-07
4.7253e-07
5.40041e-07
6.42565e-07
7.75145e-07
1.04182e-06
1.29175e-06
1.54723e-06
1.78934e-06
1.96188e-06
2.33567e-06
2.45183e-06
2.58756e-06
2.33473e-06
0.000301704
0.000300481
0.000299218
0.000297941
0.000296655
0.000295365
0.000294072
0.000292764
0.000291389
0.000289861
0.000288317
0.000286732
0.000285106
0.000283438
0.000281727
0.000279971
0.000278167
0.000276312
0.000274404
0.000272439
0.000270414
0.000268326
0.00026617
0.000263943
0.000261638
0.000259249
0.000256771
0.000254195
0.000251514
0.000248718
0.000245797
0.000242738
0.000239529
0.000236156
0.000232601
0.000228848
0.000224877
0.000220666
0.000216193
0.000211432
0.000206353
0.000200923
0.000195106
0.000188859
0.000182131
0.000174865
0.00016699
0.000158422
0.000149061
0.000138796
0.000127502
0.000115056
0.000101347
8.63086e-05
7.00407e-05
5.30049e-05
3.62339e-05
2.15865e-05
1.09948e-05
4.96211e-06
2.25753e-06
1.14431e-06
7.345e-07
5.8907e-07
5.48411e-07
5.72137e-07
6.39346e-07
7.40458e-07
8.71144e-07
1.02673e-06
1.31879e-06
1.57525e-06
1.8244e-06
2.04571e-06
2.20181e-06
2.49939e-06
2.51858e-06
2.72861e-06
2.62647e-06
0.000322238
0.000320839
0.000319398
0.000317942
0.000316472
0.000314993
0.000313502
0.000311977
0.000310368
0.000308621
0.00030685
0.000305031
0.000303166
0.000301253
0.000299288
0.000297271
0.000295198
0.000293066
0.000290872
0.000288612
0.000286282
0.000283879
0.000281398
0.000278832
0.000276176
0.000273422
0.000270564
0.000267593
0.000264498
0.00026127
0.000257895
0.000254361
0.000250653
0.000246753
0.000242642
0.000238302
0.00023371
0.000228841
0.000223668
0.000218162
0.000212288
0.000206008
0.000199278
0.000192048
0.00018426
0.000175843
0.000166713
0.000156771
0.000145899
0.00013397
0.00012085
0.000106425
9.06317e-05
7.35503e-05
5.56439e-05
3.80633e-05
2.26557e-05
1.14305e-05
4.97078e-06
2.34909e-06
1.26981e-06
8.39391e-07
6.89754e-07
6.58583e-07
6.85589e-07
7.54085e-07
8.54396e-07
9.81401e-07
1.13169e-06
1.30037e-06
1.60144e-06
1.84975e-06
2.0805e-06
2.2736e-06
2.41007e-06
2.61422e-06
2.69095e-06
2.86345e-06
2.86629e-06
0.000341879
0.000340286
0.000338649
0.000336993
0.000335317
0.000333624
0.000331906
0.000330135
0.000328266
0.000326273
0.000324248
0.000322168
0.000320034
0.000317842
0.000315592
0.000313279
0.000310902
0.000308456
0.000305937
0.000303341
0.000300664
0.000297901
0.000295046
0.000292092
0.000289032
0.000285859
0.000282562
0.000279133
0.00027556
0.00027183
0.000267929
0.000263842
0.00025955
0.000255036
0.000250277
0.000245251
0.000239932
0.000234292
0.000228299
0.000221918
0.000215109
0.000207828
0.000200022
0.000191632
0.000182587
0.000172805
0.000162184
0.000150606
0.000137937
0.000124042
0.000108803
9.21759e-05
7.42871e-05
5.56603e-05
3.75663e-05
2.21086e-05
1.10991e-05
4.86469e-06
2.31008e-06
1.33506e-06
9.44152e-07
8.008e-07
7.76735e-07
8.12536e-07
8.84312e-07
9.84211e-07
1.10708e-06
1.24955e-06
1.40834e-06
1.57862e-06
1.87198e-06
2.10096e-06
2.30645e-06
2.47079e-06
2.5838e-06
2.70066e-06
2.75588e-06
2.8901e-06
2.9226e-06
0.000360236
0.000358428
0.000356575
0.000354695
0.000352789
0.000350853
0.000348875
0.000346827
0.000344672
0.000342405
0.000340095
0.000337721
0.000335284
0.00033278
0.000330206
0.00032756
0.000324837
0.000322034
0.000319146
0.000316167
0.000313093
0.000309917
0.000306633
0.000303233
0.000299708
0.00029605
0.000292247
0.000288287
0.000284158
0.000279845
0.000275331
0.000270598
0.000265627
0.000260394
0.000254876
0.000249047
0.000242875
0.000236329
0.000229371
0.00022196
0.000214049
0.000205583
0.000196502
0.000186733
0.000176192
0.00016478
0.000152378
0.00013885
0.00012406
0.000107902
9.037e-05
7.16922e-05
5.25861e-05
3.45424e-05
1.96812e-05
9.76697e-06
4.46823e-06
2.22456e-06
1.36294e-06
1.03662e-06
9.21964e-07
9.09096e-07
9.5264e-07
1.02931e-06
1.12888e-06
1.24708e-06
1.3807e-06
1.52707e-06
1.68303e-06
1.84445e-06
2.117e-06
2.32067e-06
2.49891e-06
2.63446e-06
2.72471e-06
2.77726e-06
2.78282e-06
2.85708e-06
2.9013e-06
0.000376826
0.000374781
0.000372687
0.000370558
0.000368392
0.000366181
0.00036391
0.000361552
0.000359082
0.000356508
0.000353878
0.000351174
0.000348395
0.000345538
0.000342599
0.000339574
0.000336459
0.00033325
0.00032994
0.000326523
0.000322994
0.000319344
0.000315567
0.000311653
0.000307591
0.000303371
0.00029898
0.000294405
0.000289629
0.000284636
0.000279406
0.000273919
0.000268151
0.000262077
0.000255669
0.000248895
0.00024172
0.000234106
0.000226008
0.000217378
0.000208159
0.000198285
0.000187682
0.000176264
0.000163931
0.000150568
0.000136045
0.000120233
0.00010306
8.46121e-05
6.53076e-05
4.61736e-05
2.90289e-05
1.5914e-05
7.60159e-06
3.79262e-06
2.07735e-06
1.38717e-06
1.12833e-06
1.05043e-06
1.05601e-06
1.10766e-06
1.18767e-06
1.28637e-06
1.39901e-06
1.52299e-06
1.65601e-06
1.79587e-06
1.93982e-06
2.08508e-06
2.32927e-06
2.50643e-06
2.65877e-06
2.76763e-06
2.83706e-06
2.87056e-06
2.87166e-06
2.91897e-06
2.95443e-06
0.000391061
0.000388755
0.000386393
0.000383984
0.000381523
0.000379002
0.000376401
0.0003737
0.000370883
0.000367964
0.000364974
0.000361898
0.000358734
0.000355477
0.000352124
0.000348668
0.000345107
0.000341433
0.00033764
0.000333722
0.000329669
0.000325475
0.000321128
0.000316619
0.000311936
0.000307064
0.000301989
0.000296695
0.000291164
0.000285376
0.000279309
0.000272937
0.000266235
0.000259172
0.000251715
0.000243827
0.000235466
0.000226587
0.000217137
0.000207054
0.000196272
0.00018471
0.000172278
0.000158876
0.000144397
0.000128731
0.000111787
9.35802e-05
7.43763e-05
5.49484e-05
3.67597e-05
2.17334e-05
1.1328e-05
5.67119e-06
3.01153e-06
1.89527e-06
1.4142e-06
1.23299e-06
1.19089e-06
1.21573e-06
1.27599e-06
1.35773e-06
1.4536e-06
1.55948e-06
1.67294e-06
1.79225e-06
1.91574e-06
2.04166e-06
2.16799e-06
2.29363e-06
2.5072e-06
2.65986e-06
2.78945e-06
2.8745e-06
2.92542e-06
2.94698e-06
2.95435e-06
3.01226e-06
3.0394e-06
3.05471e-06
0.000402237
0.000399639
0.000396976
0.000394253
0.00039146
0.000388587
0.000385618
0.000382536
0.000379335
0.000376028
0.000372632
0.000369135
0.000365535
0.000361824
0.000357999
0.000354053
0.00034998
0.000345775
0.000341428
0.000336932
0.000332276
0.000327452
0.000322446
0.000317247
0.000311839
0.000306208
0.000300335
0.000294202
0.000287787
0.000281066
0.000274014
0.000266602
0.000258798
0.000250567
0.000241868
0.000232659
0.000222888
0.000212499
0.000201427
0.000189599
0.000176931
0.000163332
0.0001487
0.000132946
0.000116013
9.79193e-05
7.88873e-05
5.95694e-05
4.12086e-05
2.55912e-05
1.42217e-05
7.30633e-06
3.96679e-06
2.42551e-06
1.73934e-06
1.4564e-06
1.35468e-06
1.34688e-06
1.38763e-06
1.45421e-06
1.53572e-06
1.62679e-06
1.72433e-06
1.82649e-06
1.93193e-06
2.03949e-06
2.14797e-06
2.25617e-06
2.36283e-06
2.46846e-06
2.65297e-06
2.78471e-06
2.89535e-06
2.95935e-06
2.99402e-06
3.0068e-06
3.02637e-06
3.07695e-06
3.10449e-06
3.13116e-06
0.000409509
0.000406586
0.000403585
0.000400505
0.000397338
0.00039407
0.00039069
0.000387185
0.000383555
0.000379808
0.000375953
0.000371979
0.000367881
0.000363654
0.000359289
0.00035478
0.000350121
0.000345304
0.000340319
0.000335155
0.000329801
0.000324245
0.000318473
0.000312469
0.000306217
0.000299697
0.000292889
0.00028577
0.000278314
0.000270495
0.000262281
0.000253637
0.000244526
0.000234905
0.000224726
0.000213934
0.000202468
0.000190257
0.000177222
0.000163279
0.00014834
0.000132328
0.000115206
9.70451e-05
7.81373e-05
5.91611e-05
4.13108e-05
2.62204e-05
1.5057e-05
8.10097e-06
4.57066e-06
2.82411e-06
2.03072e-06
1.67422e-06
1.53021e-06
1.49567e-06
1.51696e-06
1.56913e-06
1.6382e-06
1.71679e-06
1.80111e-06
1.88908e-06
1.97938e-06
2.07111e-06
2.1635e-06
2.25577e-06
2.34717e-06
2.43694e-06
2.5245e-06
2.61159e-06
2.7706e-06
2.88543e-06
2.98083e-06
3.02603e-06
3.04655e-06
3.05318e-06
3.09176e-06
3.1243e-06
3.14566e-06
3.16739e-06
0.000414919
0.000411879
0.00040859
0.000405207
0.000401724
0.000398133
0.000394423
0.000390582
0.000386606
0.000382492
0.000378247
0.000373868
0.00036935
0.000364683
0.000359862
0.000354878
0.000349722
0.000344386
0.000338862
0.000333136
0.000327197
0.00032103
0.000314621
0.000307953
0.000301008
0.000293764
0.000286199
0.000278288
0.000270004
0.000261317
0.000252193
0.000242595
0.00023248
0.000221802
0.000210508
0.000198537
0.000185827
0.000172298
0.000157873
0.000142482
0.000126075
0.000108667
9.04125e-05
7.17364e-05
5.3442e-05
3.68009e-05
2.32175e-05
1.34352e-05
7.68927e-06
4.56873e-06
2.97559e-06
2.21205e-06
1.84823e-06
1.69401e-06
1.64634e-06
1.65589e-06
1.69695e-06
1.75508e-06
1.82278e-06
1.89578e-06
1.97171e-06
2.04928e-06
2.12764e-06
2.20618e-06
2.28446e-06
2.362e-06
2.43834e-06
2.513e-06
2.58561e-06
2.65607e-06
2.72698e-06
2.86465e-06
2.96626e-06
3.04961e-06
3.07759e-06
3.08604e-06
3.08871e-06
3.12174e-06
3.15126e-06
3.17291e-06
3.19572e-06
0.000411686
0.000408172
0.000404468
0.000400651
0.000396713
0.000392643
0.000388434
0.000384077
0.000379569
0.000374907
0.000370089
0.000365112
0.000359968
0.000354648
0.000349142
0.000343441
0.000337535
0.000331415
0.000325067
0.000318478
0.000311633
0.000304515
0.000297105
0.000289382
0.000281325
0.000272908
0.000264103
0.000254879
0.000245205
0.000235041
0.000224347
0.000213075
0.000201175
0.000188585
0.000175242
0.000161092
0.000146065
0.000130112
0.000113246
9.5592e-05
7.74833e-05
5.95594e-05
4.28571e-05
2.8622e-05
1.77071e-05
1.03917e-05
6.30241e-06
4.0323e-06
2.86382e-06
2.26102e-06
1.96303e-06
1.83128e-06
1.78856e-06
1.79592e-06
1.8307e-06
1.88075e-06
1.93926e-06
2.00231e-06
2.06774e-06
2.13429e-06
2.2012e-06
2.26798e-06
2.33426e-06
2.39973e-06
2.46415e-06
2.52724e-06
2.58872e-06
2.64833e-06
2.70594e-06
2.76178e-06
2.81908e-06
2.93937e-06
3.03112e-06
3.10514e-06
3.11673e-06
3.11511e-06
3.1159e-06
3.14371e-06
3.16965e-06
3.1908e-06
3.21451e-06
0.000401015
0.000397012
0.000392836
0.000388525
0.000384069
0.000379457
0.000374684
0.000369742
0.000364628
0.000359337
0.000353861
0.000348192
0.000342324
0.000336244
0.000329943
0.000323408
0.000316628
0.000309588
0.000302274
0.00029467
0.000286756
0.000278513
0.000269914
0.000260936
0.000251548
0.000241722
0.000231421
0.000220607
0.000209236
0.000197262
0.000184638
0.000171313
0.000157222
0.00014232
0.000126604
0.000110114
9.29926e-05
7.55819e-05
5.85049e-05
4.2678e-05
2.91476e-05
1.86568e-05
1.14252e-05
7.19013e-06
4.70848e-06
3.33741e-06
2.6119e-06
2.22452e-06
2.03067e-06
1.94414e-06
1.92021e-06
1.93259e-06
1.96554e-06
2.01016e-06
2.06118e-06
2.11563e-06
2.17179e-06
2.22864e-06
2.28557e-06
2.34217e-06
2.39815e-06
2.45332e-06
2.50748e-06
2.56045e-06
2.61209e-06
2.66223e-06
2.71071e-06
2.7574e-06
2.80233e-06
2.84603e-06
2.89211e-06
2.99849e-06
3.08323e-06
3.15014e-06
3.14542e-06
3.13594e-06
3.13703e-06
3.15907e-06
3.18103e-06
3.20075e-06
3.22436e-06
0.000381339
0.000376798
0.000372084
0.000367207
0.000362158
0.000356928
0.000351511
0.000345899
0.000340086
0.000334064
0.00032782
0.000321345
0.000314629
0.00030766
0.000300424
0.000292905
0.000285088
0.000276957
0.000268493
0.000259673
0.000250477
0.000240872
0.000230832
0.000220318
0.000209295
0.000197732
0.000185578
0.000172785
0.000159311
0.000145126
0.000130231
0.000114643
9.84643e-05
8.19599e-05
6.55891e-05
5.00226e-05
3.61245e-05
2.46485e-05
1.60401e-05
1.02738e-05
6.76699e-06
4.6597e-06
3.44639e-06
2.77032e-06
2.38922e-06
2.18475e-06
2.08525e-06
2.0468e-06
2.04532e-06
2.06564e-06
2.0989e-06
2.13961e-06
2.18442e-06
2.23139e-06
2.27935e-06
2.32761e-06
2.37575e-06
2.42347e-06
2.47057e-06
2.51688e-06
2.56227e-06
2.60662e-06
2.64981e-06
2.69172e-06
2.73226e-06
2.7713e-06
2.80877e-06
2.84463e-06
2.87905e-06
2.91278e-06
2.94976e-06
3.04514e-06
3.12524e-06
3.18673e-06
3.16512e-06
3.15042e-06
3.15401e-06
3.1689e-06
3.18669e-06
3.20447e-06
3.22748e-06
0.00035082
0.000345673
0.000340335
0.000334804
0.00032907
0.000323124
0.000316959
0.000310565
0.000303931
0.000297045
0.000289889
0.000282452
0.000274724
0.000266688
0.000258327
0.000249612
0.000240535
0.00023107
0.000221187
0.000210863
0.00020006
0.00018875
0.000176892
0.000164453
0.000151393
0.000137727
0.00012342
0.000108544
9.32459e-05
7.78006e-05
6.26383e-05
4.83529e-05
3.56076e-05
2.50389e-05
1.69537e-05
1.13054e-05
7.71267e-06
5.43419e-06
4.04169e-06
3.21122e-06
2.72082e-06
2.43349e-06
2.27312e-06
2.1915e-06
2.15784e-06
2.15443e-06
2.16967e-06
2.19614e-06
2.22935e-06
2.26643e-06
2.30565e-06
2.34594e-06
2.38662e-06
2.4273e-06
2.46771e-06
2.50768e-06
2.54707e-06
2.58577e-06
2.62366e-06
2.66067e-06
2.69669e-06
2.73166e-06
2.76545e-06
2.798e-06
2.8292e-06
2.85899e-06
2.8873e-06
2.91416e-06
2.93988e-06
2.96546e-06
2.99512e-06
3.08186e-06
3.1593e-06
3.1988e-06
3.17681e-06
3.16003e-06
3.16435e-06
3.17321e-06
3.18752e-06
3.20321e-06
3.22518e-06
0.000307294
0.000301439
0.000295361
0.000289053
0.000282504
0.000275704
0.000268641
0.0002613
0.000253665
0.000245717
0.000237433
0.0002288
0.000219801
0.000210414
0.000200602
0.000190366
0.000179678
0.000168518
0.000156841
0.000144629
0.000131876
0.00011859
0.000104834
9.07354e-05
7.67637e-05
6.30029e-05
4.9872e-05
3.79947e-05
2.78652e-05
1.97836e-05
1.37586e-05
9.70763e-06
6.96096e-06
5.16733e-06
4.02079e-06
3.30087e-06
2.85372e-06
2.57643e-06
2.41024e-06
2.31648e-06
2.26951e-06
2.25288e-06
2.25603e-06
2.27179e-06
2.2954e-06
2.32388e-06
2.35525e-06
2.38824e-06
2.42208e-06
2.45626e-06
2.49045e-06
2.52446e-06
2.55814e-06
2.59138e-06
2.62412e-06
2.65627e-06
2.68777e-06
2.71853e-06
2.74851e-06
2.77762e-06
2.80579e-06
2.83294e-06
2.85897e-06
2.88379e-06
2.90731e-06
2.92945e-06
2.95017e-06
2.96954e-06
2.98801e-06
3.00691e-06
3.0307e-06
3.11053e-06
3.18708e-06
3.19151e-06
3.18469e-06
3.16628e-06
3.16738e-06
3.1731e-06
3.185e-06
3.19872e-06
3.21912e-06
0.000248022
0.000241285
0.000234274
0.000226978
0.000219383
0.000211477
0.000203237
0.000194656
0.000185712
0.000176382
0.000166628
0.000156433
0.000145772
0.000134625
0.00012303
0.000111018
9.86464e-05
8.62475e-05
7.40877e-05
6.21359e-05
5.05467e-05
3.99041e-05
3.05877e-05
2.2845e-05
1.67667e-05
1.22487e-05
9.04353e-06
6.79234e-06
5.25183e-06
4.21537e-06
3.52613e-06
3.07441e-06
2.7764e-06
2.58415e-06
2.46394e-06
2.39316e-06
2.35596e-06
2.34144e-06
2.34237e-06
2.35364e-06
2.3717e-06
2.39417e-06
2.41943e-06
2.44638e-06
2.4743e-06
2.50271e-06
2.53131e-06
2.55989e-06
2.58831e-06
2.61648e-06
2.64432e-06
2.67178e-06
2.69882e-06
2.72538e-06
2.75143e-06
2.7769e-06
2.80176e-06
2.82594e-06
2.84941e-06
2.87208e-06
2.89388e-06
2.91473e-06
2.9345e-06
2.9531e-06
2.97041e-06
2.9863e-06
3.00073e-06
3.01381e-06
3.02611e-06
3.03945e-06
3.05856e-06
3.13312e-06
3.19887e-06
3.20492e-06
3.19004e-06
3.16981e-06
3.16741e-06
3.17093e-06
3.18114e-06
3.19335e-06
3.21195e-06
0.000168774
0.000160856
0.000152575
0.00014392
0.000134874
0.000125435
0.00011562
0.000105564
9.53496e-05
8.50824e-05
7.48993e-05
6.49183e-05
5.51261e-05
4.57672e-05
3.71399e-05
2.95201e-05
2.30416e-05
1.77536e-05
1.37277e-05
1.06075e-05
8.24845e-06
6.51554e-06
5.26437e-06
4.37171e-06
3.74123e-06
3.29878e-06
2.98964e-06
2.77537e-06
2.62977e-06
2.53384e-06
2.4735e-06
2.43873e-06
2.42203e-06
2.41829e-06
2.42365e-06
2.43537e-06
2.45146e-06
2.47051e-06
2.49151e-06
2.51378e-06
2.53682e-06
2.5603e-06
2.58398e-06
2.60772e-06
2.6314e-06
2.65494e-06
2.67828e-06
2.70138e-06
2.72421e-06
2.74673e-06
2.7689e-06
2.79072e-06
2.81213e-06
2.83312e-06
2.85364e-06
2.87367e-06
2.89316e-06
2.91207e-06
2.93036e-06
2.94794e-06
2.96473e-06
2.98063e-06
2.99553e-06
3.00928e-06
3.02168e-06
3.03255e-06
3.04179e-06
3.04948e-06
3.05637e-06
3.06493e-06
3.08034e-06
3.15084e-06
3.20509e-06
3.20451e-06
3.18872e-06
3.17105e-06
3.16549e-06
3.16781e-06
3.17704e-06
3.18877e-06
3.20638e-06
6.67644e-05
5.96871e-05
5.27872e-05
4.58761e-05
3.92268e-05
3.30343e-05
2.74279e-05
2.25244e-05
1.83544e-05
1.49716e-05
1.21908e-05
9.94659e-06
8.15618e-06
6.75107e-06
5.66506e-06
4.83499e-06
4.20567e-06
3.73206e-06
3.37815e-06
3.11261e-06
2.91498e-06
2.77029e-06
2.66627e-06
2.59342e-06
2.54432e-06
2.51318e-06
2.49561e-06
2.48826e-06
2.48855e-06
2.49452e-06
2.50463e-06
2.51773e-06
2.53297e-06
2.54973e-06
2.56753e-06
2.58604e-06
2.605e-06
2.62424e-06
2.64362e-06
2.66306e-06
2.68249e-06
2.70184e-06
2.72109e-06
2.7402e-06
2.75914e-06
2.77788e-06
2.79642e-06
2.81472e-06
2.83277e-06
2.85055e-06
2.86804e-06
2.88522e-06
2.90206e-06
2.91855e-06
2.93465e-06
2.95036e-06
2.96563e-06
2.98042e-06
2.99467e-06
3.00831e-06
3.02127e-06
3.03347e-06
3.04477e-06
3.05496e-06
3.06368e-06
3.07064e-06
3.07564e-06
3.0787e-06
3.08059e-06
3.08486e-06
3.09731e-06
3.16473e-06
3.20788e-06
3.20274e-06
3.18559e-06
3.16934e-06
3.16252e-06
3.16465e-06
3.17311e-06
3.18509e-06
3.20467e-06
9.53075e-06
8.27191e-06
7.20319e-06
6.29931e-06
5.5481e-06
4.93067e-06
4.42726e-06
4.02024e-06
3.69356e-06
3.43281e-06
3.22327e-06
3.05557e-06
2.92225e-06
2.81753e-06
2.73655e-06
2.6751e-06
2.62958e-06
2.597e-06
2.57484e-06
2.56101e-06
2.55383e-06
2.55197e-06
2.55432e-06
2.55997e-06
2.56816e-06
2.57832e-06
2.58998e-06
2.60278e-06
2.61643e-06
2.63071e-06
2.64545e-06
2.66052e-06
2.67582e-06
2.69127e-06
2.70681e-06
2.7224e-06
2.738e-06
2.75358e-06
2.76911e-06
2.78458e-06
2.79996e-06
2.81523e-06
2.83039e-06
2.84541e-06
2.86028e-06
2.87499e-06
2.88953e-06
2.90388e-06
2.91803e-06
2.93196e-06
2.94566e-06
2.95911e-06
2.97232e-06
2.98526e-06
2.99791e-06
3.01024e-06
3.02222e-06
3.03381e-06
3.04499e-06
3.05567e-06
3.06582e-06
3.07536e-06
3.08418e-06
3.09203e-06
3.09831e-06
3.10244e-06
3.10418e-06
3.10323e-06
3.10023e-06
3.10042e-06
3.1105e-06
3.17557e-06
3.20856e-06
3.1995e-06
3.18136e-06
3.1654e-06
3.15977e-06
3.16194e-06
3.16899e-06
3.17992e-06
3.20118e-06
3.20274e-06
3.10091e-06
3.01413e-06
2.94053e-06
2.87871e-06
2.82722e-06
2.78464e-06
2.74977e-06
2.72144e-06
2.6984e-06
2.67994e-06
2.66553e-06
2.65471e-06
2.64716e-06
2.64259e-06
2.64074e-06
2.64138e-06
2.64424e-06
2.64906e-06
2.6555e-06
2.66326e-06
2.67203e-06
2.68158e-06
2.69175e-06
2.70239e-06
2.71341e-06
2.72473e-06
2.73628e-06
2.74799e-06
2.75985e-06
2.7718e-06
2.78383e-06
2.79591e-06
2.80802e-06
2.82015e-06
2.83227e-06
2.84437e-06
2.85644e-06
2.86847e-06
2.88044e-06
2.89235e-06
2.90417e-06
2.91591e-06
2.92755e-06
2.93907e-06
2.95048e-06
2.96176e-06
2.9729e-06
2.98389e-06
2.99473e-06
3.00541e-06
3.01593e-06
3.02627e-06
3.03641e-06
3.04633e-06
3.05602e-06
3.06546e-06
3.07466e-06
3.08358e-06
3.09217e-06
3.10031e-06
3.10787e-06
3.11493e-06
3.12159e-06
3.1268e-06
3.12926e-06
3.12872e-06
3.12459e-06
3.11651e-06
3.11252e-06
3.12068e-06
3.18401e-06
3.20762e-06
3.19533e-06
3.17631e-06
3.16096e-06
3.15694e-06
3.15881e-06
3.16392e-06
3.17183e-06
3.18372e-06
2.88194e-06
2.87015e-06
2.85983e-06
2.8508e-06
2.84291e-06
2.83601e-06
2.82996e-06
2.82462e-06
2.81992e-06
2.8158e-06
2.81224e-06
2.80921e-06
2.80669e-06
2.80469e-06
2.80322e-06
2.8023e-06
2.80197e-06
2.80228e-06
2.80328e-06
2.80508e-06
2.80773e-06
2.81129e-06
2.81579e-06
2.82119e-06
2.8274e-06
2.83429e-06
2.84172e-06
2.84957e-06
2.85773e-06
2.86613e-06
2.87472e-06
2.88345e-06
2.89231e-06
2.90123e-06
2.91021e-06
2.91922e-06
2.92825e-06
2.93729e-06
2.94632e-06
2.95533e-06
2.96431e-06
2.97325e-06
2.98214e-06
2.99098e-06
2.99975e-06
3.00844e-06
3.01705e-06
3.02558e-06
3.03403e-06
3.04239e-06
3.05065e-06
3.05879e-06
3.0668e-06
3.0747e-06
3.08248e-06
3.09014e-06
3.0977e-06
3.10514e-06
3.11243e-06
3.11966e-06
3.12658e-06
3.13228e-06
3.13638e-06
3.13909e-06
3.14061e-06
3.14097e-06
3.13996e-06
3.13695e-06
3.13044e-06
3.12195e-06
3.12849e-06
3.18586e-06
3.20538e-06
3.19043e-06
3.1707e-06
2.99533e-06
2.99173e-06
2.98828e-06
2.98494e-06
2.98173e-06
2.97861e-06
2.97555e-06
2.9726e-06
2.96974e-06
2.96698e-06
2.96432e-06
2.96177e-06
2.95932e-06
2.957e-06
2.9548e-06
2.95275e-06
2.95087e-06
2.94916e-06
2.94767e-06
2.94641e-06
2.94543e-06
2.94476e-06
2.94447e-06
2.9446e-06
2.94522e-06
2.9464e-06
2.94819e-06
2.95065e-06
2.95378e-06
2.95756e-06
2.96192e-06
2.96677e-06
2.97202e-06
2.97756e-06
2.98334e-06
2.9893e-06
2.9954e-06
3.0016e-06
3.0079e-06
3.01425e-06
3.02066e-06
3.02709e-06
3.03353e-06
3.03997e-06
3.0464e-06
3.0528e-06
3.05919e-06
3.06555e-06
3.07187e-06
3.07815e-06
3.08437e-06
3.09055e-06
3.0967e-06
3.10284e-06
3.10898e-06
3.11513e-06
3.12118e-06
3.12685e-06
3.13174e-06
3.13568e-06
3.13876e-06
3.1411e-06
3.14284e-06
3.14405e-06
3.14474e-06
3.14485e-06
3.14416e-06
3.14219e-06
3.13786e-06
3.12932e-06
3.13444e-06
3.18553e-06
3.20243e-06
3.18504e-06
3.16512e-06
3.0852e-06
3.08283e-06
3.08049e-06
3.0782e-06
3.07594e-06
3.07371e-06
3.07153e-06
3.06939e-06
3.06731e-06
3.06528e-06
3.06331e-06
3.0614e-06
3.05954e-06
3.05775e-06
3.05601e-06
3.05435e-06
3.05276e-06
3.05124e-06
3.04981e-06
3.04846e-06
3.04721e-06
3.04606e-06
3.04503e-06
3.04412e-06
3.04335e-06
3.04273e-06
3.04228e-06
3.04203e-06
3.042e-06
3.0422e-06
3.04269e-06
3.04349e-06
3.04463e-06
3.04614e-06
3.04805e-06
3.05034e-06
3.05301e-06
3.05602e-06
3.05934e-06
3.06291e-06
3.06669e-06
3.07064e-06
3.07472e-06
3.0789e-06
3.08316e-06
3.08749e-06
3.09186e-06
3.09627e-06
3.10073e-06
3.10524e-06
3.10976e-06
3.11428e-06
3.11872e-06
3.12299e-06
3.12695e-06
3.13051e-06
3.13362e-06
3.13628e-06
3.13852e-06
3.14039e-06
3.14194e-06
3.14322e-06
3.14425e-06
3.14505e-06
3.14559e-06
3.1458e-06
3.14553e-06
3.14442e-06
3.14167e-06
3.13508e-06
3.13894e-06
3.18433e-06
3.19897e-06
3.17939e-06
3.15987e-06
3.13078e-06
3.12892e-06
3.12709e-06
3.1253e-06
3.12354e-06
3.12182e-06
3.12015e-06
3.11853e-06
3.11695e-06
3.11542e-06
3.11395e-06
3.11252e-06
3.11114e-06
3.10981e-06
3.10854e-06
3.10732e-06
3.10616e-06
3.10506e-06
3.10402e-06
3.10303e-06
3.10212e-06
3.10127e-06
3.10049e-06
3.09978e-06
3.09916e-06
3.09861e-06
3.09815e-06
3.09779e-06
3.09753e-06
3.09737e-06
3.09734e-06
3.09742e-06
3.09764e-06
3.098e-06
3.0985e-06
3.09917e-06
3.09999e-06
3.10098e-06
3.10215e-06
3.10349e-06
3.10499e-06
3.10666e-06
3.10848e-06
3.11045e-06
3.11254e-06
3.11474e-06
3.11702e-06
3.11935e-06
3.12171e-06
3.12406e-06
3.12636e-06
3.12858e-06
3.13069e-06
3.13267e-06
3.13449e-06
3.13614e-06
3.13763e-06
3.13897e-06
3.14016e-06
3.14122e-06
3.14216e-06
3.143e-06
3.14374e-06
3.14438e-06
3.14492e-06
3.14529e-06
3.14541e-06
3.14509e-06
3.14375e-06
3.13962e-06
3.14228e-06
3.18258e-06
3.1951e-06
3.17358e-06
3.15499e-06
3.15167e-06
3.15009e-06
3.14854e-06
3.14703e-06
3.14555e-06
3.14411e-06
3.1427e-06
3.14134e-06
3.14001e-06
3.13873e-06
3.13748e-06
3.13628e-06
3.13512e-06
3.134e-06
3.13292e-06
3.13189e-06
3.13091e-06
3.12997e-06
3.12908e-06
3.12824e-06
3.12744e-06
3.1267e-06
3.12601e-06
3.12538e-06
3.1248e-06
3.12428e-06
3.12381e-06
3.12341e-06
3.12307e-06
3.12279e-06
3.12258e-06
3.12244e-06
3.12237e-06
3.12237e-06
3.12245e-06
3.1226e-06
3.12284e-06
3.12315e-06
3.12354e-06
3.12402e-06
3.12457e-06
3.1252e-06
3.1259e-06
3.12668e-06
3.12751e-06
3.1284e-06
3.12933e-06
3.1303e-06
3.13128e-06
3.13228e-06
3.13327e-06
3.13425e-06
3.13519e-06
3.13611e-06
3.13698e-06
3.1378e-06
3.13858e-06
3.13931e-06
3.13999e-06
3.14063e-06
3.14124e-06
3.14183e-06
3.1424e-06
3.14295e-06
3.14348e-06
3.14398e-06
3.14444e-06
3.14473e-06
3.14458e-06
3.14322e-06
3.14469e-06
3.18042e-06
3.19089e-06
3.16779e-06
3.15061e-06
3.16119e-06
3.15981e-06
3.15845e-06
3.15713e-06
3.15583e-06
3.15456e-06
3.15332e-06
3.15211e-06
3.15093e-06
3.14978e-06
3.14866e-06
3.14758e-06
3.14653e-06
3.14551e-06
3.14452e-06
3.14357e-06
3.14266e-06
3.14178e-06
3.14094e-06
3.14013e-06
3.13937e-06
3.13864e-06
3.13795e-06
3.1373e-06
3.13669e-06
3.13613e-06
3.1356e-06
3.13512e-06
3.13469e-06
3.13429e-06
3.13394e-06
3.13364e-06
3.13338e-06
3.13317e-06
3.133e-06
3.13288e-06
3.13281e-06
3.13278e-06
3.13279e-06
3.13285e-06
3.13296e-06
3.13311e-06
3.1333e-06
3.13353e-06
3.13379e-06
3.13409e-06
3.13441e-06
3.13477e-06
3.13514e-06
3.13553e-06
3.13593e-06
3.13634e-06
3.13675e-06
3.13716e-06
3.13757e-06
3.13797e-06
3.13837e-06
3.13875e-06
3.13913e-06
3.13952e-06
3.13992e-06
3.14033e-06
3.14076e-06
3.14122e-06
3.14174e-06
3.14233e-06
3.14299e-06
3.14369e-06
3.14432e-06
3.14459e-06
3.14633e-06
3.17791e-06
3.1864e-06
3.16209e-06
3.14701e-06
3.1655e-06
3.16428e-06
3.16307e-06
3.1619e-06
3.16074e-06
3.1596e-06
3.15849e-06
3.1574e-06
3.15633e-06
3.15528e-06
3.15426e-06
3.15327e-06
3.1523e-06
3.15135e-06
3.15043e-06
3.14953e-06
3.14867e-06
3.14783e-06
3.14701e-06
3.14623e-06
3.14547e-06
3.14475e-06
3.14405e-06
3.14339e-06
3.14275e-06
3.14215e-06
3.14157e-06
3.14103e-06
3.14052e-06
3.14005e-06
3.1396e-06
3.13919e-06
3.13881e-06
3.13846e-06
3.13815e-06
3.13786e-06
3.13761e-06
3.13739e-06
3.1372e-06
3.13703e-06
3.1369e-06
3.1368e-06
3.13672e-06
3.13667e-06
3.13664e-06
3.13664e-06
3.13666e-06
3.13671e-06
3.13677e-06
3.13685e-06
3.13694e-06
3.13705e-06
3.13717e-06
3.1373e-06
3.13744e-06
3.13759e-06
3.13774e-06
3.13791e-06
3.1381e-06
3.13831e-06
3.13854e-06
3.1388e-06
3.13911e-06
3.13949e-06
3.13998e-06
3.14059e-06
3.14137e-06
3.14234e-06
3.14349e-06
3.14469e-06
3.14738e-06
3.17514e-06
3.18166e-06
3.15653e-06
3.14517e-06
3.16746e-06
3.16637e-06
3.1653e-06
3.16424e-06
3.1632e-06
3.16218e-06
3.16117e-06
3.16018e-06
3.1592e-06
3.15824e-06
3.1573e-06
3.15638e-06
3.15547e-06
3.15459e-06
3.15372e-06
3.15288e-06
3.15205e-06
3.15124e-06
3.15046e-06
3.14969e-06
3.14895e-06
3.14823e-06
3.14754e-06
3.14686e-06
3.14621e-06
3.14558e-06
3.14498e-06
3.1444e-06
3.14385e-06
3.14332e-06
3.14281e-06
3.14233e-06
3.14187e-06
3.14143e-06
3.14102e-06
3.14064e-06
3.14027e-06
3.13993e-06
3.13961e-06
3.13931e-06
3.13904e-06
3.13878e-06
3.13855e-06
3.13833e-06
3.13813e-06
3.13796e-06
3.1378e-06
3.13766e-06
3.13753e-06
3.13742e-06
3.13733e-06
3.13725e-06
3.13718e-06
3.13714e-06
3.1371e-06
3.13707e-06
3.13707e-06
3.13709e-06
3.13712e-06
3.13719e-06
3.13729e-06
3.13742e-06
3.13762e-06
3.13793e-06
3.13834e-06
3.13893e-06
3.13974e-06
3.14087e-06
3.14235e-06
3.14429e-06
3.14795e-06
3.17214e-06
3.17666e-06
3.1514e-06
3.16847e-06
3.16749e-06
3.16652e-06
3.16556e-06
3.16461e-06
3.16368e-06
3.16275e-06
3.16184e-06
3.16094e-06
3.16005e-06
3.15917e-06
3.15831e-06
3.15746e-06
3.15663e-06
3.1558e-06
3.155e-06
3.15421e-06
3.15343e-06
3.15267e-06
3.15192e-06
3.1512e-06
3.15048e-06
3.14979e-06
3.14912e-06
3.14846e-06
3.14782e-06
3.1472e-06
3.14659e-06
3.14601e-06
3.14544e-06
3.1449e-06
3.14437e-06
3.14386e-06
3.14337e-06
3.14289e-06
3.14244e-06
3.142e-06
3.14158e-06
3.14118e-06
3.14079e-06
3.14042e-06
3.14007e-06
3.13973e-06
3.1394e-06
3.1391e-06
3.1388e-06
3.13853e-06
3.13826e-06
3.13801e-06
3.13778e-06
3.13755e-06
3.13735e-06
3.13716e-06
3.13698e-06
3.13681e-06
3.13666e-06
3.13653e-06
3.13643e-06
3.13634e-06
3.13629e-06
3.13626e-06
3.13629e-06
3.1364e-06
3.13659e-06
3.13692e-06
3.13743e-06
3.13822e-06
3.13939e-06
3.14112e-06
3.14354e-06
3.14815e-06
3.16896e-06
3.17143e-06
3.1475e-06
3.16913e-06
3.16823e-06
3.16734e-06
3.16646e-06
3.16558e-06
3.16471e-06
3.16385e-06
3.163e-06
3.16216e-06
3.16132e-06
3.16049e-06
3.15968e-06
3.15887e-06
3.15807e-06
3.15729e-06
3.15651e-06
3.15574e-06
3.15499e-06
3.15425e-06
3.15352e-06
3.15281e-06
3.1521e-06
3.15142e-06
3.15074e-06
3.15008e-06
3.14943e-06
3.1488e-06
3.14818e-06
3.14758e-06
3.14699e-06
3.14642e-06
3.14586e-06
3.14532e-06
3.14479e-06
3.14427e-06
3.14377e-06
3.14328e-06
3.14281e-06
3.14235e-06
3.14191e-06
3.14147e-06
3.14105e-06
3.14065e-06
3.14025e-06
3.13987e-06
3.1395e-06
3.13914e-06
3.13879e-06
3.13846e-06
3.13813e-06
3.13782e-06
3.13753e-06
3.13724e-06
3.13696e-06
3.1367e-06
3.13646e-06
3.13623e-06
3.13602e-06
3.13583e-06
3.13566e-06
3.13554e-06
3.13547e-06
3.13546e-06
3.13554e-06
3.13574e-06
3.13614e-06
3.13685e-06
3.13803e-06
3.13985e-06
3.14257e-06
3.1481e-06
3.16558e-06
3.1662e-06
3.14548e-06
3.16957e-06
3.16874e-06
3.1679e-06
3.16708e-06
3.16625e-06
3.16544e-06
3.16462e-06
3.16382e-06
3.16301e-06
3.16222e-06
3.16143e-06
3.16065e-06
3.15987e-06
3.15911e-06
3.15835e-06
3.15759e-06
3.15685e-06
3.15612e-06
3.1554e-06
3.15468e-06
3.15398e-06
3.15328e-06
3.1526e-06
3.15193e-06
3.15127e-06
3.15062e-06
3.14999e-06
3.14936e-06
3.14875e-06
3.14815e-06
3.14756e-06
3.14699e-06
3.14642e-06
3.14587e-06
3.14533e-06
3.1448e-06
3.14429e-06
3.14378e-06
3.14329e-06
3.1428e-06
3.14233e-06
3.14187e-06
3.14142e-06
3.14098e-06
3.14055e-06
3.14013e-06
3.13972e-06
3.13932e-06
3.13893e-06
3.13855e-06
3.13818e-06
3.13782e-06
3.13746e-06
3.13712e-06
3.13679e-06
3.13648e-06
3.13617e-06
3.13588e-06
3.13561e-06
3.13536e-06
3.13514e-06
3.13496e-06
3.13484e-06
3.13478e-06
3.13485e-06
3.13512e-06
3.13571e-06
3.13681e-06
3.13861e-06
3.14143e-06
3.14783e-06
3.162e-06
3.16134e-06
3.16968e-06
3.1689e-06
3.16811e-06
3.16733e-06
3.16654e-06
3.16577e-06
3.16499e-06
3.16422e-06
3.16346e-06
3.16269e-06
3.16194e-06
3.16118e-06
3.16044e-06
3.1597e-06
3.15896e-06
3.15824e-06
3.15751e-06
3.1568e-06
3.1561e-06
3.1554e-06
3.15471e-06
3.15403e-06
3.15336e-06
3.1527e-06
3.15205e-06
3.1514e-06
3.15077e-06
3.15015e-06
3.14954e-06
3.14894e-06
3.14834e-06
3.14776e-06
3.14719e-06
3.14663e-06
3.14608e-06
3.14555e-06
3.14502e-06
3.1445e-06
3.14399e-06
3.14349e-06
3.143e-06
3.14252e-06
3.14205e-06
3.14158e-06
3.14113e-06
3.14068e-06
3.14025e-06
3.13982e-06
3.1394e-06
3.13898e-06
3.13858e-06
3.13818e-06
3.13779e-06
3.13741e-06
3.13704e-06
3.13667e-06
3.13632e-06
3.13597e-06
3.13564e-06
3.13533e-06
3.13503e-06
3.13477e-06
3.13453e-06
3.13436e-06
3.1343e-06
3.13439e-06
3.13479e-06
3.13575e-06
3.13746e-06
3.14016e-06
3.14649e-06
3.15834e-06
3.15769e-06
3.16928e-06
3.16853e-06
3.16778e-06
3.16704e-06
3.1663e-06
3.16556e-06
3.16482e-06
3.16408e-06
3.16335e-06
3.16262e-06
3.1619e-06
3.16118e-06
3.16046e-06
3.15975e-06
3.15904e-06
3.15834e-06
3.15765e-06
3.15696e-06
3.15628e-06
3.1556e-06
3.15494e-06
3.15428e-06
3.15363e-06
3.15298e-06
3.15235e-06
3.15172e-06
3.1511e-06
3.1505e-06
3.1499e-06
3.14931e-06
3.14873e-06
3.14815e-06
3.14759e-06
3.14704e-06
3.14649e-06
3.14596e-06
3.14543e-06
3.14492e-06
3.14441e-06
3.14391e-06
3.14342e-06
3.14294e-06
3.14247e-06
3.142e-06
3.14154e-06
3.14109e-06
3.14065e-06
3.14021e-06
3.13979e-06
3.13936e-06
3.13895e-06
3.13854e-06
3.13814e-06
3.13774e-06
3.13735e-06
3.13696e-06
3.13659e-06
3.13622e-06
3.13585e-06
3.1355e-06
3.13516e-06
3.13483e-06
3.13453e-06
3.13427e-06
3.13407e-06
3.13398e-06
3.13414e-06
3.13493e-06
3.13655e-06
3.13923e-06
3.1449e-06
3.15488e-06
3.15501e-06
3.16821e-06
3.1675e-06
3.1668e-06
3.1661e-06
3.16539e-06
3.16469e-06
3.164e-06
3.1633e-06
3.16261e-06
3.16192e-06
3.16123e-06
3.16055e-06
3.15987e-06
3.15919e-06
3.15852e-06
3.15786e-06
3.15719e-06
3.15654e-06
3.15589e-06
3.15525e-06
3.15461e-06
3.15398e-06
3.15336e-06
3.15275e-06
3.15214e-06
3.15154e-06
3.15095e-06
3.15037e-06
3.14979e-06
3.14923e-06
3.14867e-06
3.14812e-06
3.14758e-06
3.14705e-06
3.14652e-06
3.14601e-06
3.1455e-06
3.145e-06
3.14451e-06
3.14403e-06
3.14355e-06
3.14309e-06
3.14263e-06
3.14218e-06
3.14173e-06
3.1413e-06
3.14087e-06
3.14044e-06
3.14002e-06
3.13961e-06
3.13921e-06
3.13881e-06
3.13841e-06
3.13802e-06
3.13763e-06
3.13725e-06
3.13687e-06
3.1365e-06
3.13613e-06
3.13576e-06
3.1354e-06
3.13505e-06
3.13472e-06
3.1344e-06
3.13412e-06
3.13392e-06
3.13393e-06
3.13481e-06
3.13617e-06
3.13846e-06
3.14326e-06
3.15158e-06
3.15272e-06
3.16645e-06
3.16579e-06
3.16513e-06
3.16448e-06
3.16382e-06
3.16317e-06
3.16252e-06
3.16187e-06
3.16122e-06
3.16058e-06
3.15994e-06
3.1593e-06
3.15866e-06
3.15803e-06
3.15741e-06
3.15678e-06
3.15617e-06
3.15555e-06
3.15495e-06
3.15435e-06
3.15375e-06
3.15316e-06
3.15258e-06
3.15201e-06
3.15144e-06
3.15088e-06
3.15033e-06
3.14978e-06
3.14924e-06
3.14871e-06
3.14819e-06
3.14767e-06
3.14716e-06
3.14666e-06
3.14617e-06
3.14569e-06
3.14521e-06
3.14475e-06
3.14429e-06
3.14383e-06
3.14339e-06
3.14295e-06
3.14252e-06
3.14209e-06
3.14168e-06
3.14127e-06
3.14086e-06
3.14046e-06
3.14007e-06
3.13969e-06
3.1393e-06
3.13892e-06
3.13855e-06
3.13818e-06
3.13781e-06
3.13745e-06
3.13709e-06
3.13673e-06
3.13637e-06
3.13602e-06
3.13566e-06
3.13532e-06
3.13498e-06
3.13464e-06
3.13433e-06
3.13408e-06
3.13402e-06
3.13468e-06
3.13581e-06
3.13772e-06
3.14165e-06
3.1486e-06
3.15069e-06
3.16411e-06
3.1635e-06
3.1629e-06
3.1623e-06
3.1617e-06
3.1611e-06
3.1605e-06
3.1599e-06
3.15931e-06
3.15872e-06
3.15813e-06
3.15754e-06
3.15696e-06
3.15638e-06
3.1558e-06
3.15523e-06
3.15466e-06
3.1541e-06
3.15354e-06
3.15299e-06
3.15245e-06
3.15191e-06
3.15137e-06
3.15085e-06
3.15032e-06
3.14981e-06
3.1493e-06
3.1488e-06
3.14831e-06
3.14782e-06
3.14734e-06
3.14687e-06
3.1464e-06
3.14594e-06
3.14549e-06
3.14505e-06
3.14461e-06
3.14419e-06
3.14376e-06
3.14335e-06
3.14294e-06
3.14254e-06
3.14215e-06
3.14176e-06
3.14138e-06
3.14101e-06
3.14064e-06
3.14028e-06
3.13992e-06
3.13957e-06
3.13922e-06
3.13887e-06
3.13853e-06
3.1382e-06
3.13786e-06
3.13753e-06
3.1372e-06
3.13686e-06
3.13653e-06
3.1362e-06
3.13587e-06
3.13554e-06
3.1352e-06
3.13487e-06
3.13456e-06
3.13429e-06
3.13412e-06
3.13455e-06
3.13549e-06
3.13707e-06
3.14013e-06
3.14596e-06
3.14877e-06
3.1614e-06
3.16085e-06
3.16031e-06
3.15976e-06
3.15922e-06
3.15868e-06
3.15813e-06
3.15759e-06
3.15706e-06
3.15652e-06
3.15599e-06
3.15545e-06
3.15493e-06
3.1544e-06
3.15388e-06
3.15336e-06
3.15285e-06
3.15234e-06
3.15184e-06
3.15134e-06
3.15085e-06
3.15036e-06
3.14988e-06
3.1494e-06
3.14893e-06
3.14847e-06
3.14801e-06
3.14756e-06
3.14711e-06
3.14667e-06
3.14624e-06
3.14581e-06
3.14539e-06
3.14498e-06
3.14458e-06
3.14418e-06
3.14379e-06
3.1434e-06
3.14302e-06
3.14265e-06
3.14229e-06
3.14193e-06
3.14158e-06
3.14123e-06
3.14089e-06
3.14056e-06
3.14023e-06
3.13991e-06
3.13959e-06
3.13928e-06
3.13897e-06
3.13866e-06
3.13836e-06
3.13806e-06
3.13777e-06
3.13747e-06
3.13718e-06
3.13688e-06
3.13658e-06
3.13629e-06
3.13598e-06
3.13568e-06
3.13537e-06
3.13506e-06
3.13476e-06
3.13449e-06
3.13427e-06
3.13444e-06
3.13519e-06
3.13654e-06
3.13874e-06
3.14362e-06
3.14695e-06
3.15855e-06
3.15807e-06
3.15758e-06
3.1571e-06
3.15661e-06
3.15612e-06
3.15564e-06
3.15516e-06
3.15468e-06
3.1542e-06
3.15372e-06
3.15324e-06
3.15277e-06
3.1523e-06
3.15184e-06
3.15138e-06
3.15092e-06
3.15046e-06
3.15001e-06
3.14957e-06
3.14913e-06
3.14869e-06
3.14826e-06
3.14783e-06
3.14741e-06
3.147e-06
3.14659e-06
3.14619e-06
3.14579e-06
3.1454e-06
3.14501e-06
3.14463e-06
3.14426e-06
3.14389e-06
3.14353e-06
3.14318e-06
3.14283e-06
3.14249e-06
3.14216e-06
3.14183e-06
3.1415e-06
3.14119e-06
3.14088e-06
3.14057e-06
3.14027e-06
3.13998e-06
3.13969e-06
3.13941e-06
3.13913e-06
3.13886e-06
3.13859e-06
3.13833e-06
3.13807e-06
3.13781e-06
3.13755e-06
3.13729e-06
3.13704e-06
3.13678e-06
3.13653e-06
3.13627e-06
3.136e-06
3.13573e-06
3.13545e-06
3.13518e-06
3.1349e-06
3.13464e-06
3.13442e-06
3.13434e-06
3.13489e-06
3.13599e-06
3.13752e-06
3.14157e-06
3.1452e-06
3.15577e-06
3.15534e-06
3.15491e-06
3.15448e-06
3.15405e-06
3.15362e-06
3.1532e-06
3.15277e-06
3.15234e-06
3.15192e-06
3.15149e-06
3.15107e-06
3.15065e-06
3.15024e-06
3.14982e-06
3.14941e-06
3.14901e-06
3.1486e-06
3.1482e-06
3.14781e-06
3.14742e-06
3.14703e-06
3.14665e-06
3.14627e-06
3.1459e-06
3.14553e-06
3.14517e-06
3.14481e-06
3.14446e-06
3.14411e-06
3.14377e-06
3.14344e-06
3.14311e-06
3.14278e-06
3.14246e-06
3.14215e-06
3.14184e-06
3.14154e-06
3.14125e-06
3.14096e-06
3.14068e-06
3.1404e-06
3.14013e-06
3.13986e-06
3.1396e-06
3.13934e-06
3.13909e-06
3.13884e-06
3.1386e-06
3.13837e-06
3.13813e-06
3.13791e-06
3.13768e-06
3.13746e-06
3.13724e-06
3.13702e-06
3.1368e-06
3.13659e-06
3.13637e-06
3.13615e-06
3.13592e-06
3.13569e-06
3.13545e-06
3.13521e-06
3.13496e-06
3.13471e-06
3.13448e-06
3.1343e-06
3.13461e-06
3.13542e-06
3.13648e-06
3.13979e-06
3.14352e-06
3.15315e-06
3.15278e-06
3.1524e-06
3.15203e-06
3.15165e-06
3.15127e-06
3.1509e-06
3.15052e-06
3.15014e-06
3.14977e-06
3.1494e-06
3.14903e-06
3.14866e-06
3.14829e-06
3.14792e-06
3.14756e-06
3.1472e-06
3.14685e-06
3.1465e-06
3.14615e-06
3.1458e-06
3.14546e-06
3.14512e-06
3.14479e-06
3.14446e-06
3.14414e-06
3.14382e-06
3.1435e-06
3.14319e-06
3.14289e-06
3.14259e-06
3.14229e-06
3.142e-06
3.14171e-06
3.14143e-06
3.14116e-06
3.14089e-06
3.14062e-06
3.14037e-06
3.14011e-06
3.13986e-06
3.13962e-06
3.13938e-06
3.13915e-06
3.13892e-06
3.13869e-06
3.13847e-06
3.13826e-06
3.13805e-06
3.13785e-06
3.13764e-06
3.13745e-06
3.13725e-06
3.13706e-06
3.13687e-06
3.13669e-06
3.1365e-06
3.13632e-06
3.13614e-06
3.13595e-06
3.13576e-06
3.13557e-06
3.13538e-06
3.13517e-06
3.13496e-06
3.13474e-06
3.13453e-06
3.13436e-06
3.13435e-06
3.13496e-06
3.13564e-06
3.13827e-06
3.14192e-06
3.15073e-06
3.1504e-06
3.15008e-06
3.14975e-06
3.14942e-06
3.1491e-06
3.14877e-06
3.14844e-06
3.14811e-06
3.14778e-06
3.14746e-06
3.14713e-06
3.14681e-06
3.14649e-06
3.14617e-06
3.14585e-06
3.14554e-06
3.14522e-06
3.14492e-06
3.14461e-06
3.14431e-06
3.14401e-06
3.14371e-06
3.14342e-06
3.14313e-06
3.14285e-06
3.14257e-06
3.14229e-06
3.14202e-06
3.14175e-06
3.14148e-06
3.14123e-06
3.14097e-06
3.14072e-06
3.14047e-06
3.14023e-06
3.14e-06
3.13977e-06
3.13954e-06
3.13932e-06
3.1391e-06
3.13888e-06
3.13868e-06
3.13847e-06
3.13827e-06
3.13808e-06
3.13788e-06
3.1377e-06
3.13751e-06
3.13733e-06
3.13716e-06
3.13699e-06
3.13682e-06
3.13665e-06
3.13649e-06
3.13633e-06
3.13617e-06
3.13602e-06
3.13586e-06
3.13571e-06
3.13555e-06
3.1354e-06
3.13524e-06
3.13507e-06
3.1349e-06
3.13472e-06
3.13453e-06
3.13435e-06
3.13424e-06
3.1346e-06
3.135e-06
3.13701e-06
3.1404e-06
3.14847e-06
3.1482e-06
3.14792e-06
3.14764e-06
3.14736e-06
3.14708e-06
3.1468e-06
3.14651e-06
3.14623e-06
3.14595e-06
3.14566e-06
3.14538e-06
3.1451e-06
3.14482e-06
3.14455e-06
3.14427e-06
3.144e-06
3.14373e-06
3.14346e-06
3.14319e-06
3.14293e-06
3.14267e-06
3.14241e-06
3.14215e-06
3.1419e-06
3.14166e-06
3.14141e-06
3.14117e-06
3.14093e-06
3.1407e-06
3.14047e-06
3.14024e-06
3.14002e-06
3.1398e-06
3.13959e-06
3.13938e-06
3.13917e-06
3.13897e-06
3.13877e-06
3.13858e-06
3.13839e-06
3.1382e-06
3.13802e-06
3.13784e-06
3.13767e-06
3.1375e-06
3.13733e-06
3.13717e-06
3.13701e-06
3.13685e-06
3.1367e-06
3.13655e-06
3.1364e-06
3.13626e-06
3.13612e-06
3.13598e-06
3.13584e-06
3.13571e-06
3.13557e-06
3.13544e-06
3.13531e-06
3.13518e-06
3.13505e-06
3.13492e-06
3.13479e-06
3.13465e-06
3.13451e-06
3.13435e-06
3.13422e-06
3.13435e-06
3.13468e-06
3.13602e-06
3.13901e-06
3.14638e-06
3.14615e-06
3.14591e-06
3.14568e-06
3.14544e-06
3.1452e-06
3.14496e-06
3.14472e-06
3.14448e-06
3.14424e-06
3.144e-06
3.14376e-06
3.14352e-06
3.14328e-06
3.14304e-06
3.1428e-06
3.14257e-06
3.14234e-06
3.14211e-06
3.14188e-06
3.14165e-06
3.14142e-06
3.1412e-06
3.14098e-06
3.14077e-06
3.14055e-06
3.14034e-06
3.14013e-06
3.13993e-06
3.13973e-06
3.13953e-06
3.13934e-06
3.13914e-06
3.13896e-06
3.13877e-06
3.13859e-06
3.13841e-06
3.13824e-06
3.13807e-06
3.1379e-06
3.13774e-06
3.13757e-06
3.13742e-06
3.13726e-06
3.13711e-06
3.13696e-06
3.13682e-06
3.13668e-06
3.13654e-06
3.1364e-06
3.13627e-06
3.13614e-06
3.13601e-06
3.13589e-06
3.13576e-06
3.13564e-06
3.13552e-06
3.13541e-06
3.13529e-06
3.13518e-06
3.13507e-06
3.13496e-06
3.13486e-06
3.13475e-06
3.13465e-06
3.13454e-06
3.13444e-06
3.13432e-06
3.1342e-06
3.13417e-06
3.13447e-06
3.13528e-06
3.13777e-06
3.14442e-06
3.14423e-06
3.14404e-06
3.14385e-06
3.14365e-06
3.14345e-06
3.14326e-06
3.14306e-06
3.14285e-06
3.14265e-06
3.14245e-06
3.14225e-06
3.14205e-06
3.14185e-06
3.14165e-06
3.14145e-06
3.14125e-06
3.14105e-06
3.14085e-06
3.14066e-06
3.14047e-06
3.14028e-06
3.14009e-06
3.1399e-06
3.13972e-06
3.13953e-06
3.13935e-06
3.13918e-06
3.139e-06
3.13883e-06
3.13866e-06
3.1385e-06
3.13833e-06
3.13817e-06
3.13801e-06
3.13786e-06
3.13771e-06
3.13756e-06
3.13741e-06
3.13727e-06
3.13713e-06
3.13699e-06
3.13686e-06
3.13672e-06
3.1366e-06
3.13647e-06
3.13634e-06
3.13622e-06
3.1361e-06
3.13599e-06
3.13587e-06
3.13576e-06
3.13565e-06
3.13554e-06
3.13543e-06
3.13533e-06
3.13523e-06
3.13513e-06
3.13503e-06
3.13493e-06
3.13484e-06
3.13475e-06
3.13466e-06
3.13458e-06
3.1345e-06
3.13442e-06
3.13435e-06
3.13427e-06
3.13418e-06
3.13409e-06
3.13427e-06
3.1348e-06
3.1367e-06
3.14261e-06
3.14246e-06
3.14231e-06
3.14215e-06
3.142e-06
3.14184e-06
3.14168e-06
3.14151e-06
3.14135e-06
3.14118e-06
3.14102e-06
3.14085e-06
3.14069e-06
3.14052e-06
3.14036e-06
3.14019e-06
3.14003e-06
3.13986e-06
3.1397e-06
3.13954e-06
3.13937e-06
3.13922e-06
3.13906e-06
3.1389e-06
3.13875e-06
3.13859e-06
3.13844e-06
3.13829e-06
3.13815e-06
3.138e-06
3.13786e-06
3.13772e-06
3.13758e-06
3.13745e-06
3.13732e-06
3.13719e-06
3.13706e-06
3.13693e-06
3.13681e-06
3.13669e-06
3.13657e-06
3.13645e-06
3.13634e-06
3.13623e-06
3.13612e-06
3.13601e-06
3.13591e-06
3.1358e-06
3.1357e-06
3.1356e-06
3.1355e-06
3.13541e-06
3.13531e-06
3.13522e-06
3.13513e-06
3.13504e-06
3.13495e-06
3.13487e-06
3.13479e-06
3.13471e-06
3.13463e-06
3.13455e-06
3.13448e-06
3.13442e-06
3.13435e-06
3.1343e-06
3.13425e-06
3.1342e-06
3.13416e-06
3.13412e-06
3.13413e-06
3.13462e-06
3.13581e-06
3.14094e-06
3.14083e-06
3.14071e-06
3.14059e-06
3.14047e-06
3.14035e-06
3.14022e-06
3.1401e-06
3.13997e-06
3.13984e-06
3.13971e-06
3.13957e-06
3.13944e-06
3.13931e-06
3.13917e-06
3.13904e-06
3.13891e-06
3.13877e-06
3.13864e-06
3.13851e-06
3.13838e-06
3.13825e-06
3.13812e-06
3.13799e-06
3.13786e-06
3.13774e-06
3.13761e-06
3.13749e-06
3.13737e-06
3.13725e-06
3.13713e-06
3.13702e-06
3.1369e-06
3.13679e-06
3.13668e-06
3.13657e-06
3.13647e-06
3.13636e-06
3.13626e-06
3.13616e-06
3.13606e-06
3.13596e-06
3.13587e-06
3.13577e-06
3.13568e-06
3.13559e-06
3.1355e-06
3.13542e-06
3.13533e-06
3.13525e-06
3.13517e-06
3.13508e-06
3.13501e-06
3.13493e-06
3.13485e-06
3.13478e-06
3.13471e-06
3.13464e-06
3.13457e-06
3.1345e-06
3.13444e-06
3.13438e-06
3.13432e-06
3.13427e-06
3.13423e-06
3.13418e-06
3.13415e-06
3.13412e-06
3.13411e-06
3.13409e-06
3.13408e-06
3.13439e-06
3.13512e-06
3.13943e-06
3.13935e-06
3.13926e-06
3.13917e-06
3.13908e-06
3.13899e-06
3.1389e-06
3.1388e-06
3.13871e-06
3.13861e-06
3.13851e-06
3.13841e-06
3.13831e-06
3.1382e-06
3.1381e-06
3.138e-06
3.13789e-06
3.13779e-06
3.13768e-06
3.13758e-06
3.13747e-06
3.13737e-06
3.13727e-06
3.13716e-06
3.13706e-06
3.13696e-06
3.13686e-06
3.13676e-06
3.13666e-06
3.13657e-06
3.13647e-06
3.13638e-06
3.13629e-06
3.1362e-06
3.13611e-06
3.13602e-06
3.13593e-06
3.13585e-06
3.13576e-06
3.13568e-06
3.1356e-06
3.13552e-06
3.13544e-06
3.13536e-06
3.13529e-06
3.13521e-06
3.13514e-06
3.13507e-06
3.135e-06
3.13493e-06
3.13486e-06
3.1348e-06
3.13473e-06
3.13467e-06
3.13461e-06
3.13455e-06
3.13449e-06
3.13443e-06
3.13438e-06
3.13433e-06
3.13428e-06
3.13423e-06
3.13419e-06
3.13415e-06
3.13412e-06
3.13409e-06
3.13406e-06
3.13405e-06
3.13405e-06
3.13406e-06
3.13406e-06
3.13421e-06
3.13463e-06
3.13466e-06
3.13808e-06
3.13802e-06
3.13796e-06
3.1379e-06
3.13784e-06
3.13778e-06
3.13771e-06
3.13765e-06
3.13758e-06
3.13751e-06
3.13744e-06
3.13736e-06
3.13729e-06
3.13722e-06
3.13714e-06
3.13706e-06
3.13698e-06
3.13691e-06
3.13683e-06
3.13675e-06
3.13667e-06
3.13659e-06
3.13651e-06
3.13643e-06
3.13635e-06
3.13627e-06
3.13619e-06
3.13612e-06
3.13604e-06
3.13596e-06
3.13589e-06
3.13582e-06
3.13574e-06
3.13567e-06
3.1356e-06
3.13553e-06
3.13546e-06
3.13539e-06
3.13532e-06
3.13526e-06
3.13519e-06
3.13513e-06
3.13506e-06
3.135e-06
3.13494e-06
3.13488e-06
3.13482e-06
3.13477e-06
3.13471e-06
3.13465e-06
3.1346e-06
3.13455e-06
3.1345e-06
3.13445e-06
3.1344e-06
3.13435e-06
3.1343e-06
3.13426e-06
3.13422e-06
3.13418e-06
3.13414e-06
3.13411e-06
3.13408e-06
3.13406e-06
3.13403e-06
3.13401e-06
3.134e-06
3.134e-06
3.134e-06
3.13402e-06
3.13408e-06
3.13411e-06
3.13435e-06
3.13437e-06
3.13689e-06
3.13685e-06
3.13682e-06
3.13678e-06
3.13675e-06
3.13671e-06
3.13667e-06
3.13662e-06
3.13658e-06
3.13654e-06
3.13649e-06
3.13644e-06
3.13639e-06
3.13634e-06
3.13629e-06
3.13624e-06
3.13618e-06
3.13613e-06
3.13607e-06
3.13602e-06
3.13596e-06
3.1359e-06
3.13584e-06
3.13579e-06
3.13573e-06
3.13567e-06
3.13561e-06
3.13555e-06
3.13549e-06
3.13544e-06
3.13538e-06
3.13532e-06
3.13527e-06
3.13521e-06
3.13516e-06
3.1351e-06
3.13505e-06
3.135e-06
3.13494e-06
3.13489e-06
3.13484e-06
3.13479e-06
3.13474e-06
3.13469e-06
3.13465e-06
3.1346e-06
3.13455e-06
3.13451e-06
3.13447e-06
3.13442e-06
3.13438e-06
3.13434e-06
3.1343e-06
3.13426e-06
3.13423e-06
3.13419e-06
3.13416e-06
3.13413e-06
3.1341e-06
3.13407e-06
3.13404e-06
3.13402e-06
3.134e-06
3.13398e-06
3.13397e-06
3.13396e-06
3.13395e-06
3.13396e-06
3.13398e-06
3.13401e-06
3.13408e-06
3.13406e-06
3.1342e-06
3.13421e-06
3.13585e-06
3.13584e-06
3.13582e-06
3.13581e-06
3.13579e-06
3.13577e-06
3.13575e-06
3.13573e-06
3.13571e-06
3.13568e-06
3.13566e-06
3.13563e-06
3.13561e-06
3.13558e-06
3.13555e-06
3.13551e-06
3.13548e-06
3.13545e-06
3.13541e-06
3.13538e-06
3.13534e-06
3.1353e-06
3.13527e-06
3.13523e-06
3.13519e-06
3.13515e-06
3.13511e-06
3.13507e-06
3.13503e-06
3.13499e-06
3.13495e-06
3.13491e-06
3.13487e-06
3.13482e-06
3.13478e-06
3.13474e-06
3.13471e-06
3.13467e-06
3.13463e-06
3.13459e-06
3.13455e-06
3.13451e-06
3.13448e-06
3.13444e-06
3.13441e-06
3.13437e-06
3.13434e-06
3.13431e-06
3.13427e-06
3.13424e-06
3.13421e-06
3.13418e-06
3.13415e-06
3.13413e-06
3.1341e-06
3.13408e-06
3.13405e-06
3.13403e-06
3.13401e-06
3.13399e-06
3.13398e-06
3.13396e-06
3.13395e-06
3.13394e-06
3.13394e-06
3.13393e-06
3.13393e-06
3.13394e-06
3.13398e-06
3.13404e-06
3.13408e-06
3.13409e-06
3.13414e-06
3.13411e-06
3.13498e-06
3.13498e-06
3.13497e-06
3.13496e-06
3.13496e-06
3.13496e-06
3.13496e-06
3.13496e-06
3.13496e-06
3.13495e-06
3.13494e-06
3.13494e-06
3.13493e-06
3.13492e-06
3.13491e-06
3.13489e-06
3.13488e-06
3.13487e-06
3.13485e-06
3.13483e-06
3.13481e-06
3.1348e-06
3.13477e-06
3.13475e-06
3.13473e-06
3.13471e-06
3.13469e-06
3.13466e-06
3.13464e-06
3.13461e-06
3.13458e-06
3.13456e-06
3.13453e-06
3.13451e-06
3.13448e-06
3.13445e-06
3.13443e-06
3.1344e-06
3.13437e-06
3.13435e-06
3.13432e-06
3.1343e-06
3.13427e-06
3.13425e-06
3.13422e-06
3.1342e-06
3.13418e-06
3.13415e-06
3.13413e-06
3.13411e-06
3.13409e-06
3.13407e-06
3.13406e-06
3.13404e-06
3.13402e-06
3.13401e-06
3.13399e-06
3.13398e-06
3.13397e-06
3.13396e-06
3.13396e-06
3.13394e-06
3.13393e-06
3.13393e-06
3.13394e-06
3.13395e-06
3.13396e-06
3.13397e-06
3.13399e-06
3.13402e-06
3.13406e-06
3.13408e-06
3.13413e-06
3.13405e-06
3.13444e-06
3.13443e-06
3.13442e-06
3.13441e-06
3.1344e-06
3.1344e-06
3.13439e-06
3.13438e-06
3.13438e-06
3.13437e-06
3.13437e-06
3.13437e-06
3.13437e-06
3.13438e-06
3.13439e-06
3.13439e-06
3.13439e-06
3.13439e-06
3.13439e-06
3.13439e-06
3.13439e-06
3.13438e-06
3.13438e-06
3.13437e-06
3.13437e-06
3.13436e-06
3.13435e-06
3.13434e-06
3.13433e-06
3.13432e-06
3.1343e-06
3.13429e-06
3.13428e-06
3.13426e-06
3.13425e-06
3.13423e-06
3.13422e-06
3.1342e-06
3.13419e-06
3.13417e-06
3.13416e-06
3.13414e-06
3.13413e-06
3.13411e-06
3.1341e-06
3.13408e-06
3.13407e-06
3.13406e-06
3.13405e-06
3.13404e-06
3.13403e-06
3.13402e-06
3.13401e-06
3.134e-06
3.13399e-06
3.13399e-06
3.13398e-06
3.13397e-06
3.13397e-06
3.13398e-06
3.13399e-06
3.13399e-06
3.13399e-06
3.13398e-06
3.13397e-06
3.13397e-06
3.13396e-06
3.13395e-06
3.13396e-06
3.13397e-06
3.13401e-06
3.13405e-06
3.13413e-06
3.13402e-06
3.13433e-06
3.13432e-06
3.13431e-06
3.1343e-06
3.13429e-06
3.13427e-06
3.13426e-06
3.13425e-06
3.13423e-06
3.13422e-06
3.13421e-06
3.1342e-06
3.13418e-06
3.13417e-06
3.13416e-06
3.13416e-06
3.13415e-06
3.13414e-06
3.13414e-06
3.13413e-06
3.13413e-06
3.13413e-06
3.13413e-06
3.13413e-06
3.13414e-06
3.13414e-06
3.13414e-06
3.13414e-06
3.13414e-06
3.13414e-06
3.13414e-06
3.13413e-06
3.13413e-06
3.13412e-06
3.13412e-06
3.13411e-06
3.1341e-06
3.1341e-06
3.13409e-06
3.13408e-06
3.13408e-06
3.13407e-06
3.13406e-06
3.13405e-06
3.13404e-06
3.13404e-06
3.13403e-06
3.13402e-06
3.13402e-06
3.13401e-06
3.13401e-06
3.13402e-06
3.13402e-06
3.13403e-06
3.13403e-06
3.13403e-06
3.13403e-06
3.13403e-06
3.13402e-06
3.13401e-06
3.13401e-06
3.134e-06
3.13398e-06
3.13397e-06
3.13396e-06
3.13394e-06
3.13392e-06
3.13391e-06
3.1339e-06
3.13391e-06
3.13394e-06
3.13398e-06
3.1341e-06
3.13405e-06
3.1347e-06
3.13468e-06
3.13466e-06
3.13464e-06
3.13463e-06
3.13461e-06
3.13459e-06
3.13457e-06
3.13455e-06
3.13453e-06
3.13451e-06
3.13449e-06
3.13447e-06
3.13445e-06
3.13443e-06
3.13441e-06
3.13439e-06
3.13437e-06
3.13435e-06
3.13434e-06
3.13432e-06
3.1343e-06
3.13429e-06
3.13427e-06
3.13426e-06
3.13425e-06
3.13423e-06
3.13422e-06
3.13421e-06
3.1342e-06
3.13419e-06
3.13418e-06
3.13417e-06
3.13416e-06
3.13416e-06
3.13415e-06
3.13414e-06
3.13414e-06
3.13413e-06
3.13413e-06
3.13412e-06
3.13412e-06
3.13411e-06
3.13411e-06
3.13411e-06
3.1341e-06
3.1341e-06
3.13409e-06
3.13409e-06
3.13408e-06
3.13408e-06
3.13407e-06
3.13406e-06
3.13405e-06
3.13405e-06
3.13404e-06
3.13403e-06
3.13402e-06
3.134e-06
3.13399e-06
3.13398e-06
3.13396e-06
3.13394e-06
3.13393e-06
3.13391e-06
3.13389e-06
3.13386e-06
3.13384e-06
3.13383e-06
3.13382e-06
3.13384e-06
3.13389e-06
3.13403e-06
3.13403e-06
3.13514e-06
3.13511e-06
3.13509e-06
3.13507e-06
3.13504e-06
3.13502e-06
3.13499e-06
3.13497e-06
3.13495e-06
3.13492e-06
3.13489e-06
3.13487e-06
3.13484e-06
3.13481e-06
3.13479e-06
3.13476e-06
3.13473e-06
3.13471e-06
3.13468e-06
3.13465e-06
3.13463e-06
3.1346e-06
3.13458e-06
3.13455e-06
3.13453e-06
3.13451e-06
3.13448e-06
3.13446e-06
3.13444e-06
3.13442e-06
3.1344e-06
3.13438e-06
3.13436e-06
3.13434e-06
3.13432e-06
3.1343e-06
3.13429e-06
3.13427e-06
3.13425e-06
3.13424e-06
3.13422e-06
3.1342e-06
3.13419e-06
3.13417e-06
3.13416e-06
3.13414e-06
3.13413e-06
3.13411e-06
3.1341e-06
3.13408e-06
3.13407e-06
3.13405e-06
3.13404e-06
3.13402e-06
3.134e-06
3.13399e-06
3.13397e-06
3.13395e-06
3.13394e-06
3.13392e-06
3.1339e-06
3.13388e-06
3.13386e-06
3.13384e-06
3.13382e-06
3.13379e-06
3.13377e-06
3.13375e-06
3.13373e-06
3.13371e-06
3.13372e-06
3.13377e-06
3.13392e-06
3.13396e-06
3.13537e-06
3.13534e-06
3.13532e-06
3.13529e-06
3.13526e-06
3.13524e-06
3.13521e-06
3.13518e-06
3.13515e-06
3.13512e-06
3.1351e-06
3.13507e-06
3.13504e-06
3.13501e-06
3.13498e-06
3.13495e-06
3.13491e-06
3.13488e-06
3.13485e-06
3.13482e-06
3.13479e-06
3.13476e-06
3.13473e-06
3.1347e-06
3.13467e-06
3.13464e-06
3.13461e-06
3.13458e-06
3.13455e-06
3.13453e-06
3.1345e-06
3.13447e-06
3.13444e-06
3.13442e-06
3.13439e-06
3.13436e-06
3.13434e-06
3.13431e-06
3.13429e-06
3.13426e-06
3.13424e-06
3.13421e-06
3.13419e-06
3.13416e-06
3.13414e-06
3.13412e-06
3.13409e-06
3.13407e-06
3.13404e-06
3.13402e-06
3.134e-06
3.13398e-06
3.13395e-06
3.13393e-06
3.13391e-06
3.13389e-06
3.13386e-06
3.13384e-06
3.13382e-06
3.1338e-06
3.13377e-06
3.13375e-06
3.13373e-06
3.13371e-06
3.13369e-06
3.13366e-06
3.13364e-06
3.13362e-06
3.13359e-06
3.13358e-06
3.13358e-06
3.13361e-06
3.13377e-06
3.13386e-06
3.1354e-06
3.13537e-06
3.13534e-06
3.13532e-06
3.13529e-06
3.13526e-06
3.13523e-06
3.1352e-06
3.13517e-06
3.13514e-06
3.13511e-06
3.13508e-06
3.13505e-06
3.13502e-06
3.13499e-06
3.13496e-06
3.13493e-06
3.1349e-06
3.13486e-06
3.13483e-06
3.1348e-06
3.13477e-06
3.13473e-06
3.1347e-06
3.13467e-06
3.13464e-06
3.13461e-06
3.13457e-06
3.13454e-06
3.13451e-06
3.13448e-06
3.13444e-06
3.13441e-06
3.13438e-06
3.13435e-06
3.13432e-06
3.13429e-06
3.13426e-06
3.13422e-06
3.13419e-06
3.13416e-06
3.13413e-06
3.1341e-06
3.13407e-06
3.13404e-06
3.13401e-06
3.13398e-06
3.13395e-06
3.13392e-06
3.13389e-06
3.13386e-06
3.13384e-06
3.13381e-06
3.13378e-06
3.13375e-06
3.13372e-06
3.1337e-06
3.13367e-06
3.13365e-06
3.13362e-06
3.1336e-06
3.13357e-06
3.13355e-06
3.13353e-06
3.13351e-06
3.13349e-06
3.13347e-06
3.13345e-06
3.13343e-06
3.13341e-06
3.1334e-06
3.13343e-06
3.13359e-06
3.13371e-06
3.13525e-06
3.13522e-06
3.13519e-06
3.13516e-06
3.13513e-06
3.1351e-06
3.13507e-06
3.13504e-06
3.13502e-06
3.13499e-06
3.13496e-06
3.13493e-06
3.1349e-06
3.13487e-06
3.13484e-06
3.13481e-06
3.13477e-06
3.13474e-06
3.13471e-06
3.13468e-06
3.13465e-06
3.13462e-06
3.13459e-06
3.13455e-06
3.13452e-06
3.13449e-06
3.13446e-06
3.13442e-06
3.13439e-06
3.13436e-06
3.13433e-06
3.13429e-06
3.13426e-06
3.13423e-06
3.13419e-06
3.13416e-06
3.13413e-06
3.13409e-06
3.13406e-06
3.13403e-06
3.13399e-06
3.13396e-06
3.13392e-06
3.13389e-06
3.13386e-06
3.13382e-06
3.13379e-06
3.13376e-06
3.13373e-06
3.13369e-06
3.13366e-06
3.13363e-06
3.1336e-06
3.13356e-06
3.13353e-06
3.1335e-06
3.13348e-06
3.13345e-06
3.13342e-06
3.13339e-06
3.13337e-06
3.13335e-06
3.13332e-06
3.1333e-06
3.13329e-06
3.13327e-06
3.13326e-06
3.13324e-06
3.13323e-06
3.13321e-06
3.1332e-06
3.13322e-06
3.13337e-06
3.13352e-06
3.13494e-06
3.13491e-06
3.13488e-06
3.13485e-06
3.13483e-06
3.1348e-06
3.13477e-06
3.13474e-06
3.13471e-06
3.13468e-06
3.13465e-06
3.13462e-06
3.13459e-06
3.13456e-06
3.13454e-06
3.13451e-06
3.13448e-06
3.13445e-06
3.13442e-06
3.13439e-06
3.13436e-06
3.13433e-06
3.1343e-06
3.13427e-06
3.13424e-06
3.1342e-06
3.13417e-06
3.13414e-06
3.13411e-06
3.13408e-06
3.13405e-06
3.13402e-06
3.13398e-06
3.13395e-06
3.13392e-06
3.13389e-06
3.13385e-06
3.13382e-06
3.13379e-06
3.13375e-06
3.13372e-06
3.13369e-06
3.13365e-06
3.13362e-06
3.13358e-06
3.13355e-06
3.13352e-06
3.13348e-06
3.13345e-06
3.13341e-06
3.13338e-06
3.13335e-06
3.13331e-06
3.13328e-06
3.13325e-06
3.13322e-06
3.13319e-06
3.13316e-06
3.13313e-06
3.13311e-06
3.13308e-06
3.13306e-06
3.13304e-06
3.13303e-06
3.13301e-06
3.133e-06
3.13299e-06
3.13299e-06
3.13298e-06
3.13297e-06
3.13296e-06
3.13298e-06
3.13312e-06
3.1333e-06
3.13452e-06
3.13449e-06
3.13446e-06
3.13443e-06
3.1344e-06
3.13437e-06
3.13434e-06
3.13431e-06
3.13428e-06
3.13426e-06
3.13423e-06
3.1342e-06
3.13417e-06
3.13414e-06
3.13411e-06
3.13408e-06
3.13406e-06
3.13403e-06
3.134e-06
3.13397e-06
3.13394e-06
3.13391e-06
3.13388e-06
3.13386e-06
3.13383e-06
3.1338e-06
3.13377e-06
3.13374e-06
3.13371e-06
3.13368e-06
3.13365e-06
3.13362e-06
3.13359e-06
3.13356e-06
3.13353e-06
3.1335e-06
3.13347e-06
3.13344e-06
3.13341e-06
3.13338e-06
3.13334e-06
3.13331e-06
3.13328e-06
3.13325e-06
3.13322e-06
3.13318e-06
3.13315e-06
3.13312e-06
3.13309e-06
3.13305e-06
3.13302e-06
3.13299e-06
3.13296e-06
3.13293e-06
3.1329e-06
3.13287e-06
3.13284e-06
3.13281e-06
3.13279e-06
3.13276e-06
3.13274e-06
3.13272e-06
3.13271e-06
3.1327e-06
3.13269e-06
3.13268e-06
3.13268e-06
3.13268e-06
3.13269e-06
3.13269e-06
3.13269e-06
3.1327e-06
3.13283e-06
3.13302e-06
3.13402e-06
3.13398e-06
3.13395e-06
3.13392e-06
3.13389e-06
3.13386e-06
3.13383e-06
3.1338e-06
3.13377e-06
3.13374e-06
3.13371e-06
3.13368e-06
3.13365e-06
3.13362e-06
3.13359e-06
3.13356e-06
3.13353e-06
3.13351e-06
3.13348e-06
3.13345e-06
3.13342e-06
3.1334e-06
3.13337e-06
3.13334e-06
3.13331e-06
3.13329e-06
3.13326e-06
3.13323e-06
3.13321e-06
3.13318e-06
3.13315e-06
3.13312e-06
3.1331e-06
3.13307e-06
3.13304e-06
3.13301e-06
3.13299e-06
3.13296e-06
3.13293e-06
3.1329e-06
3.13287e-06
3.13284e-06
3.13282e-06
3.13279e-06
3.13276e-06
3.13273e-06
3.1327e-06
3.13267e-06
3.13264e-06
3.13261e-06
3.13258e-06
3.13256e-06
3.13253e-06
3.1325e-06
3.13247e-06
3.13245e-06
3.13242e-06
3.1324e-06
3.13238e-06
3.13236e-06
3.13234e-06
3.13233e-06
3.13232e-06
3.13231e-06
3.13231e-06
3.13231e-06
3.13231e-06
3.13233e-06
3.13234e-06
3.13236e-06
3.13237e-06
3.13238e-06
3.1325e-06
3.1327e-06
3.13344e-06
3.13341e-06
3.13337e-06
3.13334e-06
3.1333e-06
3.13327e-06
3.13324e-06
3.1332e-06
3.13317e-06
3.13314e-06
3.13311e-06
3.13308e-06
3.13305e-06
3.13302e-06
3.13299e-06
3.13296e-06
3.13293e-06
3.1329e-06
3.13287e-06
3.13284e-06
3.13282e-06
3.13279e-06
3.13276e-06
3.13274e-06
3.13271e-06
3.13268e-06
3.13266e-06
3.13263e-06
3.13261e-06
3.13258e-06
3.13256e-06
3.13253e-06
3.13251e-06
3.13248e-06
3.13246e-06
3.13243e-06
3.13241e-06
3.13238e-06
3.13236e-06
3.13233e-06
3.13231e-06
3.13228e-06
3.13226e-06
3.13223e-06
3.13221e-06
3.13218e-06
3.13216e-06
3.13214e-06
3.13211e-06
3.13209e-06
3.13206e-06
3.13204e-06
3.13202e-06
3.132e-06
3.13197e-06
3.13195e-06
3.13193e-06
3.13192e-06
3.1319e-06
3.13189e-06
3.13188e-06
3.13187e-06
3.13187e-06
3.13186e-06
3.13187e-06
3.13188e-06
3.13189e-06
3.13191e-06
3.13194e-06
3.13197e-06
3.13199e-06
3.13202e-06
3.13212e-06
3.13233e-06
3.13281e-06
3.13277e-06
3.13273e-06
3.13269e-06
3.13265e-06
3.13261e-06
3.13258e-06
3.13254e-06
3.1325e-06
3.13247e-06
3.13244e-06
3.1324e-06
3.13237e-06
3.13234e-06
3.13231e-06
3.13227e-06
3.13224e-06
3.13221e-06
3.13219e-06
3.13216e-06
3.13213e-06
3.1321e-06
3.13207e-06
3.13205e-06
3.13202e-06
3.132e-06
3.13197e-06
3.13195e-06
3.13192e-06
3.1319e-06
3.13187e-06
3.13185e-06
3.13183e-06
3.1318e-06
3.13178e-06
3.13176e-06
3.13174e-06
3.13172e-06
3.13169e-06
3.13167e-06
3.13165e-06
3.13163e-06
3.13161e-06
3.13159e-06
3.13157e-06
3.13155e-06
3.13153e-06
3.13151e-06
3.1315e-06
3.13148e-06
3.13146e-06
3.13144e-06
3.13143e-06
3.13141e-06
3.1314e-06
3.13138e-06
3.13137e-06
3.13136e-06
3.13135e-06
3.13135e-06
3.13135e-06
3.13135e-06
3.13135e-06
3.13136e-06
3.13137e-06
3.13139e-06
3.13141e-06
3.13144e-06
3.13148e-06
3.13152e-06
3.13156e-06
3.1316e-06
3.1317e-06
3.1319e-06
3.13211e-06
3.13206e-06
3.13202e-06
3.13197e-06
3.13193e-06
3.13188e-06
3.13184e-06
3.1318e-06
3.13176e-06
3.13172e-06
3.13169e-06
3.13165e-06
3.13161e-06
3.13158e-06
3.13155e-06
3.13151e-06
3.13148e-06
3.13145e-06
3.13142e-06
3.13139e-06
3.13136e-06
3.13133e-06
3.1313e-06
3.13127e-06
3.13125e-06
3.13122e-06
3.1312e-06
3.13117e-06
3.13115e-06
3.13113e-06
3.1311e-06
3.13108e-06
3.13106e-06
3.13104e-06
3.13102e-06
3.131e-06
3.13098e-06
3.13096e-06
3.13095e-06
3.13093e-06
3.13091e-06
3.13089e-06
3.13088e-06
3.13086e-06
3.13085e-06
3.13084e-06
3.13082e-06
3.13081e-06
3.1308e-06
3.13079e-06
3.13078e-06
3.13077e-06
3.13076e-06
3.13075e-06
3.13074e-06
3.13074e-06
3.13073e-06
3.13073e-06
3.13074e-06
3.13074e-06
3.13074e-06
3.13075e-06
3.13077e-06
3.13078e-06
3.13081e-06
3.13084e-06
3.13087e-06
3.13091e-06
3.13096e-06
3.13102e-06
3.13107e-06
3.13112e-06
3.13123e-06
3.13142e-06
3.13132e-06
3.13127e-06
3.13122e-06
3.13117e-06
3.13112e-06
3.13107e-06
3.13102e-06
3.13098e-06
3.13094e-06
3.13089e-06
3.13085e-06
3.13081e-06
3.13077e-06
3.13073e-06
3.1307e-06
3.13066e-06
3.13063e-06
3.13059e-06
3.13056e-06
3.13053e-06
3.1305e-06
3.13047e-06
3.13044e-06
3.13041e-06
3.13039e-06
3.13036e-06
3.13033e-06
3.13031e-06
3.13029e-06
3.13027e-06
3.13025e-06
3.13023e-06
3.13021e-06
3.13019e-06
3.13017e-06
3.13015e-06
3.13014e-06
3.13012e-06
3.13011e-06
3.13009e-06
3.13008e-06
3.13007e-06
3.13006e-06
3.13005e-06
3.13004e-06
3.13003e-06
3.13003e-06
3.13002e-06
3.13001e-06
3.13001e-06
3.13001e-06
3.13001e-06
3.13001e-06
3.13001e-06
3.13001e-06
3.13001e-06
3.13002e-06
3.13003e-06
3.13004e-06
3.13005e-06
3.13007e-06
3.13009e-06
3.13011e-06
3.13014e-06
3.13017e-06
3.13021e-06
3.13026e-06
3.13031e-06
3.13037e-06
3.13044e-06
3.13051e-06
3.13057e-06
3.13069e-06
3.13086e-06
3.13044e-06
3.13038e-06
3.13032e-06
3.13027e-06
3.13021e-06
3.13016e-06
3.1301e-06
3.13005e-06
3.13001e-06
3.12996e-06
3.12991e-06
3.12987e-06
3.12983e-06
3.12979e-06
3.12975e-06
3.12971e-06
3.12967e-06
3.12963e-06
3.1296e-06
3.12957e-06
3.12954e-06
3.12951e-06
3.12948e-06
3.12945e-06
3.12942e-06
3.1294e-06
3.12937e-06
3.12935e-06
3.12933e-06
3.12931e-06
3.12929e-06
3.12927e-06
3.12926e-06
3.12924e-06
3.12922e-06
3.12921e-06
3.1292e-06
3.12919e-06
3.12918e-06
3.12917e-06
3.12916e-06
3.12915e-06
3.12915e-06
3.12915e-06
3.12914e-06
3.12914e-06
3.12914e-06
3.12914e-06
3.12914e-06
3.12915e-06
3.12915e-06
3.12916e-06
3.12917e-06
3.12918e-06
3.12919e-06
3.1292e-06
3.12922e-06
3.12924e-06
3.12926e-06
3.12929e-06
3.12931e-06
3.12935e-06
3.12938e-06
3.12942e-06
3.12947e-06
3.12952e-06
3.12957e-06
3.12964e-06
3.12971e-06
3.12979e-06
3.12987e-06
3.12995e-06
3.13008e-06
3.13024e-06
3.12943e-06
3.12937e-06
3.1293e-06
3.12924e-06
3.12918e-06
3.12912e-06
3.12906e-06
3.12901e-06
3.12895e-06
3.1289e-06
3.12885e-06
3.12881e-06
3.12876e-06
3.12872e-06
3.12868e-06
3.12864e-06
3.1286e-06
3.12856e-06
3.12853e-06
3.12849e-06
3.12846e-06
3.12843e-06
3.1284e-06
3.12838e-06
3.12835e-06
3.12833e-06
3.1283e-06
3.12828e-06
3.12826e-06
3.12825e-06
3.12823e-06
3.12822e-06
3.1282e-06
3.12819e-06
3.12818e-06
3.12817e-06
3.12816e-06
3.12816e-06
3.12815e-06
3.12815e-06
3.12815e-06
3.12814e-06
3.12815e-06
3.12815e-06
3.12815e-06
3.12816e-06
3.12816e-06
3.12817e-06
3.12818e-06
3.12819e-06
3.12821e-06
3.12822e-06
3.12824e-06
3.12826e-06
3.12828e-06
3.12831e-06
3.12834e-06
3.12837e-06
3.1284e-06
3.12844e-06
3.12848e-06
3.12852e-06
3.12857e-06
3.12862e-06
3.12868e-06
3.12874e-06
3.12881e-06
3.12888e-06
3.12897e-06
3.12906e-06
3.12915e-06
3.12925e-06
3.12938e-06
3.12953e-06
3.12828e-06
3.1282e-06
3.12813e-06
3.12806e-06
3.128e-06
3.12793e-06
3.12787e-06
3.12781e-06
3.12776e-06
3.1277e-06
3.12765e-06
3.1276e-06
3.12756e-06
3.12751e-06
3.12747e-06
3.12743e-06
3.12739e-06
3.12735e-06
3.12732e-06
3.12729e-06
3.12726e-06
3.12723e-06
3.1272e-06
3.12718e-06
3.12716e-06
3.12714e-06
3.12712e-06
3.1271e-06
3.12708e-06
3.12707e-06
3.12706e-06
3.12705e-06
3.12704e-06
3.12703e-06
3.12703e-06
3.12702e-06
3.12702e-06
3.12702e-06
3.12702e-06
3.12703e-06
3.12703e-06
3.12704e-06
3.12704e-06
3.12705e-06
3.12707e-06
3.12708e-06
3.12709e-06
3.12711e-06
3.12713e-06
3.12715e-06
3.12717e-06
3.1272e-06
3.12723e-06
3.12726e-06
3.12729e-06
3.12733e-06
3.12736e-06
3.1274e-06
3.12745e-06
3.1275e-06
3.12755e-06
3.1276e-06
3.12766e-06
3.12773e-06
3.1278e-06
3.12787e-06
3.12795e-06
3.12804e-06
3.12813e-06
3.12824e-06
3.12834e-06
3.12845e-06
3.12859e-06
3.12873e-06
3.12693e-06
3.12686e-06
3.12678e-06
3.12671e-06
3.12664e-06
3.12657e-06
3.12651e-06
3.12645e-06
3.12639e-06
3.12634e-06
3.12629e-06
3.12624e-06
3.12619e-06
3.12615e-06
3.12611e-06
3.12607e-06
3.12603e-06
3.126e-06
3.12597e-06
3.12594e-06
3.12591e-06
3.12589e-06
3.12587e-06
3.12585e-06
3.12583e-06
3.12581e-06
3.1258e-06
3.12579e-06
3.12578e-06
3.12577e-06
3.12577e-06
3.12576e-06
3.12576e-06
3.12576e-06
3.12576e-06
3.12577e-06
3.12577e-06
3.12578e-06
3.12579e-06
3.1258e-06
3.12581e-06
3.12583e-06
3.12584e-06
3.12586e-06
3.12588e-06
3.1259e-06
3.12593e-06
3.12595e-06
3.12598e-06
3.12601e-06
3.12605e-06
3.12608e-06
3.12612e-06
3.12616e-06
3.1262e-06
3.12625e-06
3.1263e-06
3.12635e-06
3.12641e-06
3.12646e-06
3.12653e-06
3.1266e-06
3.12667e-06
3.12674e-06
3.12682e-06
3.12691e-06
3.127e-06
3.1271e-06
3.1272e-06
3.12731e-06
3.12743e-06
3.12754e-06
3.12769e-06
3.12783e-06
3.12538e-06
3.1253e-06
3.12522e-06
3.12515e-06
3.12508e-06
3.12501e-06
3.12495e-06
3.12489e-06
3.12483e-06
3.12478e-06
3.12473e-06
3.12468e-06
3.12464e-06
3.1246e-06
3.12457e-06
3.12453e-06
3.1245e-06
3.12448e-06
3.12445e-06
3.12443e-06
3.12441e-06
3.12439e-06
3.12438e-06
3.12437e-06
3.12436e-06
3.12435e-06
3.12435e-06
3.12434e-06
3.12434e-06
3.12434e-06
3.12435e-06
3.12435e-06
3.12436e-06
3.12437e-06
3.12438e-06
3.12439e-06
3.12441e-06
3.12443e-06
3.12445e-06
3.12447e-06
3.12449e-06
3.12451e-06
3.12454e-06
3.12457e-06
3.1246e-06
3.12463e-06
3.12466e-06
3.1247e-06
3.12474e-06
3.12478e-06
3.12482e-06
3.12487e-06
3.12492e-06
3.12497e-06
3.12502e-06
3.12508e-06
3.12514e-06
3.1252e-06
3.12526e-06
3.12533e-06
3.12541e-06
3.12549e-06
3.12557e-06
3.12566e-06
3.12575e-06
3.12584e-06
3.12594e-06
3.12605e-06
3.12616e-06
3.12628e-06
3.1264e-06
3.12652e-06
3.12667e-06
3.1268e-06
3.12353e-06
3.12345e-06
3.12338e-06
3.12331e-06
3.12324e-06
3.12318e-06
3.12313e-06
3.12307e-06
3.12303e-06
3.12298e-06
3.12294e-06
3.12291e-06
3.12287e-06
3.12285e-06
3.12282e-06
3.1228e-06
3.12278e-06
3.12276e-06
3.12275e-06
3.12274e-06
3.12274e-06
3.12273e-06
3.12273e-06
3.12273e-06
3.12273e-06
3.12274e-06
3.12275e-06
3.12276e-06
3.12277e-06
3.12279e-06
3.1228e-06
3.12282e-06
3.12284e-06
3.12286e-06
3.12289e-06
3.12291e-06
3.12294e-06
3.12297e-06
3.123e-06
3.12303e-06
3.12307e-06
3.1231e-06
3.12314e-06
3.12318e-06
3.12322e-06
3.12326e-06
3.12331e-06
3.12335e-06
3.1234e-06
3.12345e-06
3.12351e-06
3.12356e-06
3.12362e-06
3.12368e-06
3.12374e-06
3.12381e-06
3.12388e-06
3.12395e-06
3.12402e-06
3.1241e-06
3.12418e-06
3.12427e-06
3.12436e-06
3.12446e-06
3.12456e-06
3.12466e-06
3.12477e-06
3.12488e-06
3.125e-06
3.12512e-06
3.12524e-06
3.12537e-06
3.12551e-06
3.12564e-06
3.12577e-06
3.12136e-06
3.12129e-06
3.12122e-06
3.12117e-06
3.12111e-06
3.12107e-06
3.12102e-06
3.12099e-06
3.12095e-06
3.12093e-06
3.1209e-06
3.12089e-06
3.12087e-06
3.12086e-06
3.12085e-06
3.12085e-06
3.12085e-06
3.12085e-06
3.12086e-06
3.12087e-06
3.12088e-06
3.1209e-06
3.12092e-06
3.12094e-06
3.12096e-06
3.12098e-06
3.12101e-06
3.12104e-06
3.12107e-06
3.1211e-06
3.12113e-06
3.12117e-06
3.12121e-06
3.12125e-06
3.12129e-06
3.12133e-06
3.12137e-06
3.12141e-06
3.12146e-06
3.1215e-06
3.12155e-06
3.1216e-06
3.12165e-06
3.1217e-06
3.12175e-06
3.12181e-06
3.12186e-06
3.12192e-06
3.12198e-06
3.12204e-06
3.1221e-06
3.12216e-06
3.12223e-06
3.1223e-06
3.12237e-06
3.12244e-06
3.12252e-06
3.1226e-06
3.12268e-06
3.12276e-06
3.12285e-06
3.12294e-06
3.12304e-06
3.12314e-06
3.12324e-06
3.12335e-06
3.12347e-06
3.12358e-06
3.1237e-06
3.12382e-06
3.12394e-06
3.12406e-06
3.1242e-06
3.12432e-06
3.12444e-06
3.1188e-06
3.11877e-06
3.11875e-06
3.11872e-06
3.11871e-06
3.11869e-06
3.11868e-06
3.11867e-06
3.11866e-06
3.11866e-06
3.11866e-06
3.11866e-06
3.11867e-06
3.11868e-06
3.1187e-06
3.11872e-06
3.11874e-06
3.11877e-06
3.1188e-06
3.11883e-06
3.11887e-06
3.11891e-06
3.11895e-06
3.119e-06
3.11904e-06
3.11909e-06
3.11915e-06
3.1192e-06
3.11925e-06
3.11931e-06
3.11936e-06
3.11942e-06
3.11948e-06
3.11954e-06
3.1196e-06
3.11966e-06
3.11972e-06
3.11978e-06
3.11984e-06
3.1199e-06
3.11997e-06
3.12003e-06
3.12009e-06
3.12015e-06
3.12022e-06
3.12028e-06
3.12035e-06
3.12041e-06
3.12048e-06
3.12055e-06
3.12062e-06
3.12069e-06
3.12076e-06
3.12083e-06
3.12091e-06
3.12098e-06
3.12106e-06
3.12115e-06
3.12123e-06
3.12132e-06
3.12141e-06
3.1215e-06
3.1216e-06
3.1217e-06
3.1218e-06
3.12191e-06
3.12202e-06
3.12213e-06
3.12225e-06
3.12236e-06
3.12247e-06
3.12258e-06
3.12271e-06
3.12283e-06
3.12293e-06
3.11733e-06
3.11731e-06
3.11727e-06
3.11724e-06
3.1172e-06
3.11715e-06
3.11711e-06
3.11706e-06
3.11701e-06
3.11697e-06
3.11693e-06
3.1169e-06
3.11687e-06
3.11686e-06
3.11685e-06
3.11685e-06
3.11686e-06
3.11687e-06
3.11689e-06
3.11692e-06
3.11695e-06
3.11699e-06
3.11703e-06
3.11707e-06
3.11713e-06
3.11719e-06
3.11726e-06
3.11733e-06
3.1174e-06
3.11748e-06
3.11756e-06
3.11764e-06
3.11772e-06
3.1178e-06
3.11788e-06
3.11796e-06
3.11804e-06
3.11812e-06
3.11819e-06
3.11827e-06
3.11835e-06
3.11842e-06
3.1185e-06
3.11857e-06
3.11864e-06
3.11871e-06
3.11878e-06
3.11886e-06
3.11893e-06
3.119e-06
3.11907e-06
3.11914e-06
3.11922e-06
3.11929e-06
3.11936e-06
3.11944e-06
3.11952e-06
3.1196e-06
3.11968e-06
3.11976e-06
3.11985e-06
3.11994e-06
3.12003e-06
3.12012e-06
3.12021e-06
3.12031e-06
3.12042e-06
3.12052e-06
3.12062e-06
3.12072e-06
3.12082e-06
3.12091e-06
3.12102e-06
3.12112e-06
3.12121e-06
3.11907e-06
3.11901e-06
3.11892e-06
3.11879e-06
3.11864e-06
3.11846e-06
3.11826e-06
3.11806e-06
3.11785e-06
3.11764e-06
3.11745e-06
3.11726e-06
3.11708e-06
3.11691e-06
3.11675e-06
3.1166e-06
3.11646e-06
3.11633e-06
3.11621e-06
3.1161e-06
3.116e-06
3.11592e-06
3.11585e-06
3.1158e-06
3.11576e-06
3.11574e-06
3.11574e-06
3.11575e-06
3.11579e-06
3.11585e-06
3.11592e-06
3.11599e-06
3.11606e-06
3.11614e-06
3.11623e-06
3.11632e-06
3.11642e-06
3.11651e-06
3.1166e-06
3.11669e-06
3.11677e-06
3.11685e-06
3.11693e-06
3.11701e-06
3.11708e-06
3.11715e-06
3.11722e-06
3.11729e-06
3.11736e-06
3.11743e-06
3.1175e-06
3.11756e-06
3.11763e-06
3.11769e-06
3.11776e-06
3.11783e-06
3.11789e-06
3.11796e-06
3.11803e-06
3.1181e-06
3.11817e-06
3.11825e-06
3.11832e-06
3.1184e-06
3.11848e-06
3.11856e-06
3.11864e-06
3.11872e-06
3.11881e-06
3.11889e-06
3.11896e-06
3.11902e-06
3.11912e-06
3.11919e-06
3.11925e-06
3.12077e-06
3.12043e-06
3.12007e-06
3.11973e-06
3.11941e-06
3.11911e-06
3.11883e-06
3.11856e-06
3.1183e-06
3.11805e-06
3.11782e-06
3.1176e-06
3.11738e-06
3.11718e-06
3.11698e-06
3.11679e-06
3.11661e-06
3.11644e-06
3.11627e-06
3.11611e-06
3.11596e-06
3.11582e-06
3.11569e-06
3.11556e-06
3.11545e-06
3.11536e-06
3.11529e-06
3.11523e-06
3.1152e-06
3.11514e-06
3.1151e-06
3.11505e-06
3.11501e-06
3.11497e-06
3.11496e-06
3.11498e-06
3.11506e-06
3.11516e-06
3.11524e-06
3.11532e-06
3.11538e-06
3.11545e-06
3.11551e-06
3.11558e-06
3.11563e-06
3.11569e-06
3.11574e-06
3.1158e-06
3.11585e-06
3.11589e-06
3.11594e-06
3.11599e-06
3.11603e-06
3.11608e-06
3.11612e-06
3.11616e-06
3.11621e-06
3.11625e-06
3.1163e-06
3.11634e-06
3.11639e-06
3.11643e-06
3.11648e-06
3.11653e-06
3.11657e-06
3.11662e-06
3.11667e-06
3.11673e-06
3.11678e-06
3.11682e-06
3.11686e-06
3.11689e-06
3.11695e-06
3.11699e-06
3.11702e-06
)
;

boundaryField
{
    walls
    {
        type            fixedValue;
        value           uniform 0;
    }
    frontAndBack
    {
        type            empty;
    }
    farfield
    {
        type            calculated;
        value           uniform 3.11449e-06;
    }
    procBoundary2to0
    {
        type            processor;
        value           nonuniform List<scalar> 
113
(
8.43829e-10
7.65848e-08
5.2039e-07
1.58073e-06
3.33558e-06
5.71863e-06
8.40452e-06
1.08643e-05
1.25218e-05
1.25218e-05
2.50073e-05
2.50073e-05
5.41668e-05
5.41668e-05
9.55164e-05
0.000101456
0.00010302
9.93652e-05
8.96417e-05
7.30239e-05
5.15131e-05
2.97712e-05
1.36884e-05
7.09745e-06
4.151e-06
2.9543e-06
2.4994e-06
2.71014e-06
2.94092e-06
2.97174e-06
2.91523e-06
2.95293e-06
2.95293e-06
3.06362e-06
3.12973e-06
3.16911e-06
3.20043e-06
3.22332e-06
3.23643e-06
3.24105e-06
3.23889e-06
3.23247e-06
3.22444e-06
3.2173e-06
3.21646e-06
3.2216e-06
3.15645e-06
3.15288e-06
3.15431e-06
3.15807e-06
3.16248e-06
3.1959e-06
3.1624e-06
3.15645e-06
3.15186e-06
3.14765e-06
3.14435e-06
3.14292e-06
3.14215e-06
3.14195e-06
3.14388e-06
3.14388e-06
3.1424e-06
3.14216e-06
3.14295e-06
3.14295e-06
3.14095e-06
3.1399e-06
3.13909e-06
3.13847e-06
3.13775e-06
3.13712e-06
3.13663e-06
3.13625e-06
3.13598e-06
3.13579e-06
3.13564e-06
3.1355e-06
3.13534e-06
3.13515e-06
3.13493e-06
3.13493e-06
3.13406e-06
3.134e-06
3.13404e-06
3.13402e-06
3.13403e-06
3.13407e-06
3.13404e-06
3.134e-06
3.13392e-06
3.13381e-06
3.13367e-06
3.13349e-06
3.13327e-06
3.13302e-06
3.13271e-06
3.13236e-06
3.13195e-06
3.13149e-06
3.13095e-06
3.13034e-06
3.12965e-06
3.12885e-06
3.12795e-06
3.12693e-06
3.12693e-06
3.12588e-06
3.12455e-06
3.12302e-06
3.12129e-06
3.11931e-06
3.11705e-06
)
;
    }
    procBoundary2to3
    {
        type            processor;
        value           nonuniform List<scalar> 
108
(
1.9026e-11
1.81956e-09
1.76742e-08
8.61182e-08
2.98209e-07
8.3839e-07
2.03811e-06
4.42133e-06
8.67314e-06
1.54504e-05
2.51324e-05
3.77089e-05
5.28336e-05
6.99692e-05
8.85461e-05
0.000108075
0.000128192
0.000148659
0.000169328
0.000194378
0.000193798
0.000193194
0.00019258
0.000191958
0.000191336
0.00019072
0.000190105
0.000190105
0.000216677
0.000238428
0.000260157
0.000281739
0.000302994
0.000323682
0.000343495
0.000362042
0.000378842
0.000393309
0.000404735
0.000412272
0.000412272
0.000418101
0.000415171
0.000404911
0.000385728
0.000355784
0.000312935
0.000254498
0.000176367
7.41778e-05
1.10032e-05
3.32147e-06
2.8954e-06
2.99908e-06
3.08761e-06
3.13268e-06
3.15328e-06
3.1626e-06
3.16674e-06
3.16856e-06
3.16946e-06
3.17003e-06
3.17041e-06
3.17048e-06
3.17003e-06
3.16891e-06
3.1671e-06
3.16471e-06
3.16194e-06
3.15904e-06
3.1562e-06
3.15353e-06
3.15105e-06
3.14875e-06
3.1466e-06
3.14461e-06
3.14275e-06
3.14105e-06
3.13951e-06
3.13813e-06
3.13692e-06
3.13587e-06
3.13499e-06
3.13445e-06
3.13435e-06
3.13471e-06
3.13516e-06
3.1354e-06
3.13543e-06
3.13527e-06
3.13497e-06
3.13455e-06
3.13405e-06
3.13348e-06
3.13285e-06
3.13216e-06
3.13138e-06
3.1305e-06
3.1295e-06
3.12835e-06
3.12702e-06
3.12547e-06
3.12361e-06
3.12144e-06
3.11883e-06
3.11735e-06
3.11907e-06
3.12136e-06
)
;
    }
}


// ************************************************************************* //
