/*--------------------------------*- C++ -*----------------------------------*\
| =========                 |                                                 |
| \\      /  F ield         | OpenFOAM: The Open Source CFD Toolbox           |
|  \\    /   O peration     | Version:  2412                                  |
|   \\  /    A nd           | Website:  www.openfoam.com                      |
|    \\/     M anipulation  |                                                 |
\*---------------------------------------------------------------------------*/
FoamFile
{
    version     2.0;
    format      ascii;
    arch        "LSB;label=32;scalar=64";
    class       volScalarField;
    location    "140";
    object      nuTilda;
}
// * * * * * * * * * * * * * * * * * * * * * * * * * * * * * * * * * * * * * //

dimensions      [0 2 -1 0 0 0 0];

internalField   nonuniform List<scalar> 
7373
(
2.16744e-06
2.1674e-06
2.16727e-06
2.16706e-06
2.16671e-06
2.16625e-06
2.16571e-06
2.16502e-06
2.16423e-06
2.16334e-06
2.16229e-06
2.16109e-06
2.15971e-06
2.15819e-06
2.15648e-06
2.15456e-06
2.15241e-06
2.15003e-06
2.1474e-06
2.14451e-06
2.14131e-06
2.13776e-06
2.13386e-06
2.12961e-06
2.12496e-06
2.11987e-06
2.11427e-06
2.10818e-06
2.10156e-06
2.0943e-06
2.08645e-06
2.0779e-06
2.06857e-06
2.05846e-06
2.0475e-06
2.03558e-06
2.02264e-06
2.00861e-06
1.9934e-06
1.97689e-06
1.95899e-06
1.93959e-06
1.9186e-06
1.89589e-06
1.87133e-06
1.84477e-06
1.81611e-06
1.78531e-06
1.75227e-06
1.71712e-06
1.68016e-06
1.64172e-06
1.60232e-06
1.56203e-06
1.5201e-06
1.47452e-06
1.42088e-06
1.35098e-06
1.25028e-06
1.0918e-06
8.29164e-07
4.4401e-07
3.4527e-07
9.71391e-07
1.74369e-06
2.59312e-06
3.55295e-06
4.39374e-06
6.77836e-06
6.77821e-06
6.77771e-06
6.77689e-06
6.7758e-06
6.77433e-06
6.7725e-06
6.77031e-06
6.76778e-06
6.76488e-06
6.76149e-06
6.75768e-06
6.75336e-06
6.74851e-06
6.74303e-06
6.73691e-06
6.73012e-06
6.7226e-06
6.71427e-06
6.70511e-06
6.69502e-06
6.68384e-06
6.67155e-06
6.65813e-06
6.64347e-06
6.62741e-06
6.60977e-06
6.5906e-06
6.56971e-06
6.54686e-06
6.52212e-06
6.49521e-06
6.46589e-06
6.43405e-06
6.39955e-06
6.36207e-06
6.32136e-06
6.27721e-06
6.22932e-06
6.17734e-06
6.12099e-06
6.05994e-06
5.99382e-06
5.92224e-06
5.8448e-06
5.76101e-06
5.67058e-06
5.57325e-06
5.46876e-06
5.35743e-06
5.24012e-06
5.11787e-06
4.99221e-06
4.8633e-06
4.72874e-06
4.58208e-06
4.40944e-06
4.18498e-06
3.86339e-06
3.36214e-06
2.54394e-06
1.36451e-06
1.08041e-06
2.97392e-06
5.26975e-06
7.78035e-06
1.058e-05
1.31131e-05
1.19699e-05
1.19695e-05
1.19683e-05
1.19667e-05
1.19645e-05
1.19618e-05
1.19583e-05
1.19543e-05
1.19496e-05
1.19442e-05
1.19381e-05
1.19311e-05
1.19233e-05
1.19144e-05
1.19045e-05
1.18935e-05
1.18813e-05
1.18677e-05
1.18528e-05
1.18363e-05
1.18182e-05
1.17982e-05
1.17762e-05
1.17521e-05
1.17259e-05
1.16972e-05
1.16657e-05
1.16315e-05
1.15941e-05
1.15534e-05
1.15092e-05
1.14612e-05
1.14089e-05
1.13522e-05
1.12906e-05
1.12238e-05
1.11512e-05
1.10724e-05
1.09869e-05
1.08942e-05
1.07936e-05
1.06846e-05
1.05664e-05
1.04384e-05
1.02997e-05
1.01496e-05
9.98731e-06
9.81231e-06
9.62412e-06
9.4231e-06
9.21042e-06
8.98797e-06
8.75825e-06
8.52118e-06
8.27242e-06
8.00028e-06
7.67975e-06
7.26505e-06
6.67756e-06
5.77878e-06
4.35026e-06
2.34362e-06
1.90609e-06
5.06972e-06
8.82041e-06
1.2884e-05
1.73324e-05
2.15889e-05
1.77986e-05
1.77975e-05
1.77954e-05
1.77926e-05
1.7789e-05
1.77845e-05
1.7779e-05
1.77726e-05
1.77653e-05
1.77568e-05
1.77473e-05
1.77365e-05
1.77244e-05
1.77108e-05
1.76956e-05
1.76788e-05
1.76602e-05
1.76396e-05
1.76169e-05
1.75919e-05
1.75644e-05
1.75341e-05
1.75009e-05
1.74646e-05
1.74249e-05
1.73815e-05
1.73341e-05
1.72825e-05
1.72263e-05
1.7165e-05
1.70985e-05
1.70262e-05
1.69475e-05
1.68622e-05
1.67695e-05
1.66688e-05
1.65595e-05
1.64409e-05
1.63121e-05
1.61724e-05
1.60208e-05
1.58563e-05
1.56779e-05
1.54845e-05
1.52746e-05
1.50471e-05
1.48007e-05
1.45343e-05
1.4247e-05
1.39389e-05
1.36113e-05
1.32671e-05
1.29092e-05
1.25371e-05
1.21441e-05
1.17125e-05
1.12045e-05
1.05524e-05
9.64373e-06
8.28785e-06
6.20289e-06
3.36086e-06
2.82792e-06
7.20748e-06
1.22831e-05
1.77245e-05
2.3541e-05
2.94304e-05
2.43243e-05
2.43223e-05
2.43187e-05
2.43142e-05
2.43085e-05
2.43017e-05
2.42936e-05
2.42842e-05
2.42734e-05
2.42612e-05
2.42474e-05
2.42319e-05
2.42146e-05
2.41953e-05
2.41739e-05
2.41501e-05
2.41239e-05
2.4095e-05
2.40631e-05
2.40281e-05
2.39896e-05
2.39474e-05
2.39011e-05
2.38506e-05
2.37954e-05
2.37351e-05
2.36693e-05
2.35977e-05
2.35197e-05
2.34348e-05
2.33425e-05
2.32422e-05
2.31332e-05
2.30149e-05
2.28864e-05
2.27468e-05
2.25952e-05
2.24307e-05
2.2252e-05
2.2058e-05
2.18474e-05
2.16188e-05
2.13705e-05
2.11009e-05
2.0808e-05
2.04899e-05
2.01444e-05
1.97698e-05
1.93643e-05
1.89273e-05
1.846e-05
1.79659e-05
1.74484e-05
1.69057e-05
1.63291e-05
1.56939e-05
1.49486e-05
1.40028e-05
1.27118e-05
1.08404e-05
8.06337e-06
4.39727e-06
3.84883e-06
9.34498e-06
1.55734e-05
2.21688e-05
2.90151e-05
3.63507e-05
3.16107e-05
3.16069e-05
3.16011e-05
3.1594e-05
3.15855e-05
3.15755e-05
3.15638e-05
3.15505e-05
3.15353e-05
3.15182e-05
3.14991e-05
3.14777e-05
3.1454e-05
3.14276e-05
3.13985e-05
3.13664e-05
3.13309e-05
3.1292e-05
3.12492e-05
3.12023e-05
3.11509e-05
3.10946e-05
3.1033e-05
3.09658e-05
3.08925e-05
3.08125e-05
3.07253e-05
3.06304e-05
3.05271e-05
3.04148e-05
3.02928e-05
3.01602e-05
3.00161e-05
2.98596e-05
2.96897e-05
2.95051e-05
2.93047e-05
2.90871e-05
2.88507e-05
2.85938e-05
2.83148e-05
2.80116e-05
2.76819e-05
2.73234e-05
2.69332e-05
2.65083e-05
2.60457e-05
2.55423e-05
2.4995e-05
2.44017e-05
2.37634e-05
2.3084e-05
2.23667e-05
2.16085e-05
2.07985e-05
1.99059e-05
1.88649e-05
1.75634e-05
1.58279e-05
1.33876e-05
9.89456e-06
5.43404e-06
4.96781e-06
1.14413e-05
1.86119e-05
2.60922e-05
3.35828e-05
4.21116e-05
3.97241e-05
3.97173e-05
3.97081e-05
3.96972e-05
3.96845e-05
3.96699e-05
3.96532e-05
3.96343e-05
3.96132e-05
3.95896e-05
3.95635e-05
3.95345e-05
3.95025e-05
3.94672e-05
3.94283e-05
3.93857e-05
3.93389e-05
3.92876e-05
3.92314e-05
3.91701e-05
3.9103e-05
3.90297e-05
3.89498e-05
3.88627e-05
3.87678e-05
3.86644e-05
3.85519e-05
3.84297e-05
3.82967e-05
3.81522e-05
3.79953e-05
3.78249e-05
3.76397e-05
3.74388e-05
3.72206e-05
3.69836e-05
3.67262e-05
3.64467e-05
3.61429e-05
3.58127e-05
3.54538e-05
3.50633e-05
3.46383e-05
3.41753e-05
3.36704e-05
3.31193e-05
3.25173e-05
3.18597e-05
3.11415e-05
3.03583e-05
2.95105e-05
2.8602e-05
2.76357e-05
2.66071e-05
2.55053e-05
2.42938e-05
2.28935e-05
2.11724e-05
1.89328e-05
1.58776e-05
1.16577e-05
6.45203e-06
6.179e-06
1.34533e-05
2.13173e-05
2.93697e-05
3.70831e-05
4.65053e-05
4.87203e-05
4.87083e-05
4.86935e-05
4.86765e-05
4.86573e-05
4.86357e-05
4.86116e-05
4.85848e-05
4.85552e-05
4.85226e-05
4.84866e-05
4.84472e-05
4.84041e-05
4.83569e-05
4.83053e-05
4.8249e-05
4.81875e-05
4.81206e-05
4.80475e-05
4.79681e-05
4.78815e-05
4.77873e-05
4.76848e-05
4.75735e-05
4.74525e-05
4.7321e-05
4.71781e-05
4.70231e-05
4.68548e-05
4.66721e-05
4.64739e-05
4.62588e-05
4.60253e-05
4.57719e-05
4.54969e-05
4.51984e-05
4.48742e-05
4.4522e-05
4.41393e-05
4.37231e-05
4.32704e-05
4.27775e-05
4.22404e-05
4.16542e-05
4.10138e-05
4.03129e-05
3.95449e-05
3.87029e-05
3.77789e-05
3.67658e-05
3.56628e-05
3.44739e-05
3.32018e-05
3.1841e-05
3.03827e-05
2.87869e-05
2.6962e-05
2.47587e-05
2.19596e-05
1.82527e-05
1.3311e-05
7.43216e-06
7.47138e-06
1.53349e-05
2.36081e-05
3.18799e-05
3.94512e-05
4.93574e-05
5.85969e-05
5.85764e-05
5.85524e-05
5.85259e-05
5.84965e-05
5.84644e-05
5.84291e-05
5.83906e-05
5.83487e-05
5.83031e-05
5.82535e-05
5.81997e-05
5.81413e-05
5.80781e-05
5.80095e-05
5.79351e-05
5.78546e-05
5.77674e-05
5.76728e-05
5.75705e-05
5.74596e-05
5.73394e-05
5.72093e-05
5.70684e-05
5.69157e-05
5.67504e-05
5.65712e-05
5.63772e-05
5.61671e-05
5.59393e-05
5.56925e-05
5.5425e-05
5.5135e-05
5.48205e-05
5.44794e-05
5.41092e-05
5.37074e-05
5.32709e-05
5.27966e-05
5.22808e-05
5.17192e-05
5.11074e-05
5.04397e-05
4.97099e-05
4.89108e-05
4.80341e-05
4.70707e-05
4.60108e-05
4.48425e-05
4.35555e-05
4.21475e-05
4.06231e-05
3.89846e-05
3.72266e-05
3.53454e-05
3.32992e-05
3.09853e-05
2.82397e-05
2.4832e-05
2.04481e-05
1.48104e-05
8.35633e-06
8.82876e-06
1.70384e-05
2.54088e-05
3.35136e-05
4.06597e-05
5.05325e-05
6.92638e-05
6.92301e-05
6.91923e-05
6.91515e-05
6.91074e-05
6.90599e-05
6.90087e-05
6.89536e-05
6.88946e-05
6.88311e-05
6.87628e-05
6.86895e-05
6.86109e-05
6.85264e-05
6.84356e-05
6.83379e-05
6.8233e-05
6.81201e-05
6.79986e-05
6.78679e-05
6.7727e-05
6.75752e-05
6.74116e-05
6.72352e-05
6.70449e-05
6.68395e-05
6.66177e-05
6.63781e-05
6.61192e-05
6.58392e-05
6.55365e-05
6.52088e-05
6.4854e-05
6.44698e-05
6.40533e-05
6.36018e-05
6.31118e-05
6.25799e-05
6.20018e-05
6.1373e-05
6.06882e-05
5.99414e-05
5.91254e-05
5.82321e-05
5.72519e-05
5.6174e-05
5.49862e-05
5.36752e-05
5.22248e-05
5.06202e-05
4.88584e-05
4.69441e-05
4.48795e-05
4.26604e-05
4.02909e-05
3.77295e-05
3.48642e-05
3.15206e-05
2.74633e-05
2.23928e-05
1.61107e-05
9.20919e-06
1.02299e-05
1.85183e-05
2.666e-05
3.4188e-05
4.07168e-05
4.99539e-05
6.56936e-05
8.06125e-05
8.056e-05
8.05032e-05
8.04428e-05
8.03783e-05
8.03099e-05
8.02372e-05
8.01601e-05
8.00782e-05
7.9991e-05
7.98983e-05
7.97997e-05
7.96947e-05
7.9583e-05
7.94639e-05
7.93368e-05
7.92013e-05
7.90565e-05
7.89017e-05
7.87361e-05
7.85587e-05
7.83686e-05
7.81648e-05
7.7946e-05
7.7711e-05
7.74583e-05
7.71865e-05
7.68939e-05
7.65784e-05
7.62382e-05
7.58711e-05
7.54745e-05
7.50458e-05
7.45821e-05
7.40803e-05
7.35367e-05
7.29475e-05
7.23081e-05
7.16136e-05
7.08582e-05
7.00354e-05
6.91375e-05
6.81556e-05
6.70792e-05
6.58961e-05
6.45925e-05
6.31526e-05
6.15591e-05
5.97907e-05
5.78279e-05
5.56662e-05
5.33108e-05
5.07634e-05
4.80218e-05
4.51006e-05
4.19612e-05
3.84852e-05
3.44935e-05
2.97571e-05
2.40118e-05
1.71698e-05
9.98068e-06
1.16492e-05
1.97367e-05
2.73312e-05
3.39446e-05
3.9694e-05
4.76485e-05
6.3946e-05
8.00382e-05
9.25897e-05
9.25126e-05
9.24305e-05
9.23443e-05
9.22533e-05
9.21577e-05
9.20571e-05
9.19512e-05
9.18399e-05
9.17224e-05
9.15984e-05
9.14676e-05
9.13294e-05
9.11834e-05
9.10288e-05
9.0865e-05
9.06914e-05
9.05071e-05
9.03113e-05
9.0103e-05
8.98812e-05
8.96447e-05
8.93923e-05
8.91227e-05
8.88343e-05
8.85255e-05
8.81945e-05
8.78392e-05
8.74574e-05
8.70467e-05
8.66045e-05
8.61279e-05
8.56138e-05
8.50586e-05
8.44587e-05
8.38098e-05
8.31071e-05
8.23456e-05
8.15189e-05
8.06203e-05
7.96416e-05
7.85735e-05
7.7405e-05
7.6123e-05
7.47125e-05
7.3156e-05
7.14342e-05
6.95253e-05
6.7402e-05
6.50397e-05
6.24325e-05
5.95857e-05
5.65e-05
5.31754e-05
4.96404e-05
4.58623e-05
4.17202e-05
3.70391e-05
3.16109e-05
2.52311e-05
1.7954e-05
1.06694e-05
1.30578e-05
2.06711e-05
2.74361e-05
3.29152e-05
3.77458e-05
4.38142e-05
5.94817e-05
7.63804e-05
0.000107802
0.000105196
0.000105087
0.000104973
0.000104854
0.000104729
0.000104599
0.000104463
0.000104321
0.000104173
0.000104017
0.000103854
0.000103683
0.000103503
0.000103314
0.000103116
0.000102907
0.000102686
0.000102453
0.000102207
0.000101947
0.000101671
0.000101378
0.000101067
0.000100736
0.000100384
0.000100008
9.96063e-05
9.91765e-05
9.87161e-05
9.82221e-05
9.76915e-05
9.71209e-05
9.65066e-05
9.58446e-05
9.51303e-05
9.4359e-05
9.35252e-05
9.26224e-05
9.16436e-05
9.05804e-05
8.94232e-05
8.81607e-05
8.67794e-05
8.52637e-05
8.35952e-05
8.17529e-05
7.97133e-05
7.74498e-05
7.49289e-05
7.21207e-05
6.9018e-05
6.56257e-05
6.19434e-05
5.79737e-05
5.37623e-05
4.92866e-05
4.4429e-05
3.90303e-05
3.29217e-05
2.59859e-05
1.84459e-05
1.12868e-05
1.44262e-05
2.1323e-05
2.70457e-05
3.13111e-05
3.51139e-05
3.88763e-05
5.26804e-05
6.94329e-05
0.000106104
0.000118458
0.000118309
0.000118155
0.000117994
0.000117828
0.000117654
0.000117475
0.000117288
0.000117093
0.00011689
0.000116679
0.000116458
0.000116227
0.000115986
0.000115734
0.000115469
0.000115192
0.0001149
0.000114593
0.000114269
0.000113928
0.000113567
0.000113186
0.000112781
0.000112352
0.000111896
0.00011141
0.000110891
0.000110337
0.000109744
0.000109109
0.000108428
0.000107695
0.000106908
0.00010606
0.000105145
0.000104158
0.000103091
0.000101935
0.000100681
9.9317e-05
9.78298e-05
9.62034e-05
9.4419e-05
9.24547e-05
9.02858e-05
8.78842e-05
8.52184e-05
8.22483e-05
7.89387e-05
7.52816e-05
7.12818e-05
6.69379e-05
6.22564e-05
5.73043e-05
5.20754e-05
4.64631e-05
4.0339e-05
3.35964e-05
2.62327e-05
1.86544e-05
1.18636e-05
1.57282e-05
2.1727e-05
2.62973e-05
2.94195e-05
3.21423e-05
3.35424e-05
4.47228e-05
6.00852e-05
0.000100884
0.000132402
0.000132204
0.000132001
0.00013179
0.000131572
0.000131346
0.000131113
0.000130871
0.000130621
0.00013036
0.00013009
0.000129809
0.000129517
0.000129212
0.000128895
0.000128563
0.000128216
0.000127853
0.000127473
0.000127073
0.000126654
0.000126212
0.000125746
0.000125253
0.000124733
0.000124181
0.000123594
0.000122971
0.000122306
0.000121596
0.000120837
0.000120025
0.000119153
0.000118218
0.000117212
0.00011613
0.000114964
0.000113704
0.000112342
0.000110866
0.000109261
0.000107513
0.000105603
0.000103508
0.000101202
9.86572e-05
9.58403e-05
9.27145e-05
8.9233e-05
8.53555e-05
8.10742e-05
7.63945e-05
7.13152e-05
6.58489e-05
6.0091e-05
5.406e-05
4.76716e-05
4.08471e-05
3.35662e-05
2.59641e-05
1.86247e-05
1.24642e-05
1.69476e-05
2.19557e-05
2.53922e-05
2.75838e-05
2.9309e-05
2.99963e-05
3.75777e-05
4.9652e-05
9.20904e-05
0.000147047
0.000146791
0.000146528
0.000146257
0.000145977
0.000145688
0.00014539
0.000145083
0.000144765
0.000144436
0.000144095
0.000143742
0.000143376
0.000142995
0.0001426
0.000142188
0.000141759
0.000141311
0.000140843
0.000140354
0.000139841
0.000139302
0.000138736
0.000138139
0.00013751
0.000136845
0.00013614
0.000135392
0.000134596
0.000133748
0.000132844
0.000131877
0.000130843
0.000129734
0.000128544
0.000127265
0.000125889
0.000124405
0.000122802
0.000121067
0.000119183
0.000117131
0.000114891
0.000112435
0.000109735
0.000106756
0.000103461
9.98066e-05
9.57401e-05
9.12166e-05
8.62294e-05
8.07862e-05
7.48883e-05
6.85594e-05
6.1933e-05
5.50669e-05
4.79132e-05
4.0464e-05
3.28082e-05
2.52268e-05
1.84464e-05
1.34466e-05
1.80853e-05
2.21197e-05
2.45827e-05
2.61899e-05
2.74747e-05
2.83013e-05
3.3264e-05
4.16116e-05
8.02914e-05
0.000162398
0.000162071
0.000161738
0.000161395
0.000161041
0.000160678
0.000160304
0.000159918
0.00015952
0.00015911
0.000158686
0.000158247
0.000157793
0.000157323
0.000156835
0.000156329
0.000155802
0.000155254
0.000154683
0.000154087
0.000153464
0.000152812
0.000152127
0.000151408
0.000150651
0.000149852
0.000149008
0.000148114
0.000147165
0.000146155
0.00014508
0.000143933
0.000142708
0.000141396
0.00013999
0.000138482
0.000136861
0.000135115
0.000133232
0.000131194
0.000128985
0.000126581
0.000123958
0.000121084
0.000117926
0.000114446
0.000110599
0.000106338
0.000101601
9.63411e-05
9.05541e-05
8.42529e-05
7.74459e-05
7.01758e-05
6.26311e-05
5.49299e-05
4.70768e-05
3.91537e-05
3.13698e-05
2.41365e-05
1.82512e-05
1.48664e-05
1.91706e-05
2.23655e-05
2.4226e-05
2.59649e-05
2.72641e-05
2.82906e-05
3.19324e-05
3.65011e-05
6.66742e-05
0.000178437
0.000178028
0.000177613
0.000177185
0.000176746
0.000176295
0.000175831
0.000175354
0.000174863
0.000174356
0.000173834
0.000173295
0.000172739
0.000172163
0.000171567
0.00017095
0.00017031
0.000169644
0.000168952
0.000168232
0.00016748
0.000166694
0.000165871
0.000165009
0.000164102
0.000163147
0.00016214
0.000161075
0.000159946
0.000158747
0.000157473
0.000156115
0.000154666
0.000153118
0.000151462
0.000149686
0.00014778
0.00014573
0.00014352
0.000141132
0.000138544
0.000135732
0.000132663
0.000129306
0.000125618
0.000121558
0.000117076
0.000112117
0.000106613
0.000100513
9.38209e-05
8.65584e-05
7.87492e-05
7.04693e-05
6.19884e-05
5.35149e-05
4.51163e-05
3.69691e-05
2.93938e-05
2.28852e-05
1.82389e-05
1.66413e-05
2.02945e-05
2.29923e-05
2.49593e-05
2.68868e-05
2.82782e-05
2.95213e-05
3.25808e-05
3.44615e-05
5.29993e-05
0.00019513
0.000194624
0.000194114
0.000193588
0.000193049
0.000192496
0.000191928
0.000191344
0.000190745
0.000190127
0.000189492
0.000188836
0.00018816
0.000187462
0.000186741
0.000185994
0.000185221
0.00018442
0.000183587
0.000182721
0.000181819
0.000180878
0.000179895
0.000178865
0.000177784
0.000176648
0.00017545
0.000174186
0.000172848
0.000171429
0.000169922
0.000168319
0.000166611
0.000164787
0.000162838
0.000160752
0.000158515
0.000156111
0.000153522
0.000150727
0.000147701
0.000144413
0.00014083
0.000136912
0.000132613
0.000127885
0.000122671
0.000116911
0.000110529
0.000103475
9.57615e-05
8.74303e-05
7.85349e-05
6.9208e-05
5.98402e-05
5.0765e-05
4.20983e-05
3.40878e-05
2.71329e-05
2.17427e-05
1.90046e-05
1.86985e-05
2.19134e-05
2.4403e-05
2.65046e-05
2.85719e-05
3.00311e-05
3.14874e-05
3.42177e-05
3.49815e-05
4.39347e-05
0.000212414
0.000211799
0.000211178
0.00021054
0.000209886
0.000209215
0.000208527
0.000207821
0.000207096
0.000206351
0.000205584
0.000204794
0.00020398
0.00020314
0.000202274
0.000201379
0.000200452
0.000199493
0.000198497
0.000197463
0.000196388
0.000195267
0.000194097
0.000192872
0.00019159
0.000190242
0.000188824
0.000187328
0.000185746
0.000184072
0.000182295
0.000180407
0.000178397
0.000176254
0.000173966
0.000171519
0.000168898
0.000166083
0.000163055
0.000159788
0.000156254
0.000152417
0.000148238
0.000143672
0.000138668
0.00013317
0.000127116
0.000120438
0.000113054
0.00010492
9.60648e-05
8.65654e-05
7.65325e-05
6.61948e-05
5.61122e-05
4.67663e-05
3.82535e-05
3.08367e-05
2.4959e-05
2.15635e-05
2.04506e-05
2.09797e-05
2.39585e-05
2.63582e-05
2.85364e-05
3.06441e-05
3.21038e-05
3.37809e-05
3.62254e-05
3.67398e-05
3.94567e-05
0.000235186
0.00023459
0.000233969
0.00023334
0.000232705
0.000232071
0.000231445
0.000230824
0.000230204
0.000229462
0.000228716
0.000227949
0.000227164
0.000226359
0.000225533
0.000224687
0.000223819
0.000222926
0.000222008
0.000221064
0.000220092
0.00021909
0.000218057
0.00021699
0.000215887
0.000214746
0.000213563
0.000212335
0.000211059
0.00020973
0.000208344
0.000206895
0.000205378
0.000203786
0.000202112
0.000200347
0.000198484
0.000196512
0.000194423
0.000192204
0.000189844
0.000187331
0.00018465
0.000181785
0.000178718
0.000175428
0.000171891
0.000168078
0.000163955
0.000159482
0.000154614
0.000149301
0.000143484
0.000137102
0.000130086
0.000122361
0.000113842
0.000104495
9.43824e-05
8.36497e-05
7.25119e-05
6.1345e-05
5.09091e-05
4.18182e-05
3.40148e-05
2.77203e-05
2.39756e-05
2.23701e-05
2.23932e-05
2.34316e-05
2.62754e-05
2.86082e-05
3.07766e-05
3.28182e-05
3.42062e-05
3.61379e-05
3.82106e-05
3.86341e-05
3.83734e-05
0.000254307
0.000253597
0.000252858
0.00025211
0.000251356
0.000250604
0.000249861
0.000249125
0.00024838
0.000247496
0.000246607
0.000245694
0.00024476
0.000243802
0.00024282
0.000241814
0.000240782
0.000239722
0.000238632
0.000237512
0.000236359
0.000235171
0.000233947
0.000232684
0.000231378
0.000230028
0.000228629
0.000227178
0.000225671
0.000224103
0.000222468
0.000220759
0.000218972
0.000217097
0.000215126
0.000213051
0.000210861
0.000208545
0.000206092
0.000203491
0.000200726
0.000197783
0.000194647
0.000191298
0.000187715
0.000183874
0.000179748
0.000175303
0.000170499
0.000165292
0.00015963
0.000153456
0.000146707
0.000139312
0.000131198
0.000122285
0.000112491
0.000101804
9.03541e-05
7.84161e-05
6.63886e-05
5.48148e-05
4.46033e-05
3.64834e-05
3.01097e-05
2.61007e-05
2.42355e-05
2.39298e-05
2.46565e-05
2.59753e-05
2.87101e-05
3.09476e-05
3.30183e-05
3.49039e-05
3.61637e-05
3.84225e-05
3.98935e-05
4.02781e-05
3.89545e-05
0.000273795
0.000272955
0.000272084
0.000271203
0.000270316
0.000269432
0.000268555
0.000267682
0.000266789
0.000265746
0.000264696
0.000263618
0.000262515
0.000261384
0.000260225
0.000259038
0.00025782
0.000256569
0.000255284
0.000253963
0.000252604
0.000251204
0.000249762
0.000248274
0.000246737
0.000245147
0.000243501
0.000241794
0.000240021
0.000238177
0.000236255
0.000234247
0.000232147
0.000229945
0.000227632
0.000225197
0.000222628
0.000219914
0.000217042
0.000213996
0.000210762
0.000207322
0.000203658
0.000199749
0.000195569
0.000191091
0.000186284
0.000181108
0.000175519
0.000169465
0.000162889
0.000155727
0.000147911
0.000139363
0.000130005
0.00011976
0.00010856
9.64459e-05
8.36802e-05
7.07794e-05
5.84082e-05
4.71408e-05
3.78852e-05
3.19707e-05
2.79626e-05
2.59515e-05
2.54697e-05
2.59747e-05
2.70853e-05
2.8524e-05
3.11288e-05
3.32203e-05
3.51203e-05
3.67875e-05
3.78861e-05
4.00612e-05
4.10496e-05
4.14824e-05
4.00303e-05
0.000293473
0.000292489
0.000291471
0.000290442
0.000289407
0.000288372
0.000287342
0.00028631
0.000285238
0.000284016
0.000282785
0.000281521
0.000280228
0.000278902
0.000277544
0.000276151
0.000274723
0.000273257
0.00027175
0.000270201
0.000268607
0.000266966
0.000265275
0.000263531
0.000261729
0.000259865
0.000257936
0.000255935
0.000253857
0.000251695
0.000249442
0.00024709
0.000244629
0.000242049
0.000239339
0.000236488
0.000233482
0.000230306
0.000226947
0.000223388
0.000219611
0.000215596
0.000211322
0.000206764
0.000201894
0.000196681
0.000191087
0.000185069
0.000178574
0.000171547
0.000163922
0.000155632
0.000146602
0.000136753
0.000126004
0.000114301
0.000101614
8.81092e-05
7.43005e-05
6.10713e-05
4.9344e-05
3.94943e-05
3.30991e-05
2.94769e-05
2.7519e-05
2.69557e-05
2.73301e-05
2.8271e-05
2.95465e-05
3.0991e-05
3.34216e-05
3.53167e-05
3.6997e-05
3.84142e-05
3.93425e-05
4.11703e-05
4.16958e-05
4.22881e-05
4.1166e-05
0.000313108
0.000311965
0.000310784
0.000309591
0.00030839
0.000307187
0.000305983
0.000304764
0.000303484
0.000302064
0.000300629
0.000299158
0.00029765
0.000296106
0.000294522
0.000292899
0.000291233
0.000289522
0.000287764
0.000285957
0.000284097
0.000282182
0.000280208
0.000278171
0.000276066
0.000273889
0.000271635
0.000269297
0.000266868
0.000264341
0.000261707
0.000258957
0.000256079
0.000253063
0.000249895
0.000246562
0.000243049
0.000239341
0.000235419
0.000231265
0.00022686
0.000222179
0.000217199
0.000211892
0.000206226
0.000200164
0.000193665
0.000186677
0.000179144
0.000171002
0.000162182
0.000152614
0.000142222
0.000130928
0.00011867
0.000105452
9.13623e-05
7.68247e-05
6.2714e-05
5.02735e-05
4.08063e-05
3.42348e-05
3.05688e-05
2.89013e-05
2.83815e-05
2.86881e-05
2.95088e-05
3.06318e-05
3.19276e-05
3.3297e-05
3.55054e-05
3.71689e-05
3.86079e-05
3.97726e-05
4.05413e-05
4.19059e-05
4.19899e-05
4.28809e-05
4.24538e-05
0.000332416
0.000331095
0.000329735
0.000328361
0.000326976
0.000325582
0.000324179
0.000322744
0.000321232
0.00031959
0.000317929
0.000316224
0.000314477
0.000312686
0.000310849
0.000308965
0.000307031
0.000305045
0.000303003
0.000300903
0.000298741
0.000296514
0.000294217
0.000291847
0.000289397
0.000286862
0.000284235
0.00028151
0.000278678
0.000275731
0.000272658
0.000269448
0.000266089
0.000262568
0.000258871
0.000254981
0.000250882
0.000246556
0.000241983
0.000237142
0.00023201
0.000226561
0.000220767
0.000214596
0.000208013
0.000200976
0.000193438
0.000185341
0.000176622
0.000167215
0.000157049
0.000146057
0.00013417
0.00012133
0.000107546
9.29888e-05
7.80156e-05
6.3421e-05
5.02973e-05
4.12319e-05
3.51616e-05
3.16265e-05
3.00837e-05
2.9732e-05
3.00374e-05
3.07743e-05
3.17698e-05
3.29146e-05
3.41375e-05
3.53772e-05
3.73275e-05
3.87462e-05
3.99475e-05
4.08819e-05
4.1509e-05
4.24018e-05
4.27248e-05
4.34278e-05
4.34392e-05
0.000351048
0.000349532
0.000347975
0.0003464
0.000344808
0.0003432
0.000341569
0.00033989
0.000338119
0.000336232
0.000334316
0.00033235
0.000330335
0.000328268
0.000326147
0.000323969
0.000321734
0.000319436
0.000317073
0.000314641
0.000312136
0.000309554
0.00030689
0.000304139
0.000301294
0.000298348
0.000295295
0.000292125
0.000288829
0.000285398
0.000281818
0.000278078
0.000274164
0.00027006
0.00026575
0.000261216
0.00025644
0.0002514
0.000246076
0.000240441
0.000234471
0.000228137
0.000221406
0.000214243
0.000206608
0.000198457
0.000189734
0.00018038
0.000170326
0.000159506
0.000147858
0.000135329
0.000121887
0.000107559
9.25498e-05
7.74097e-05
6.28848e-05
5.00053e-05
4.10521e-05
3.56175e-05
3.25906e-05
3.12493e-05
3.10072e-05
3.13654e-05
3.20501e-05
3.29386e-05
3.39457e-05
3.50166e-05
3.61107e-05
3.71893e-05
3.88664e-05
4.00493e-05
4.10352e-05
4.17799e-05
4.2272e-05
4.27652e-05
4.2993e-05
4.35338e-05
4.36621e-05
0.000368583
0.000366852
0.000365077
0.000363279
0.000361457
0.000359607
0.000357719
0.000355764
0.000353709
0.000351549
0.00034935
0.000347092
0.000344776
0.000342399
0.000339958
0.00033745
0.000334874
0.000332224
0.000329497
0.000326688
0.000323794
0.000320808
0.000317725
0.000314539
0.000311242
0.000307826
0.000304282
0.000300601
0.000296772
0.000292782
0.000288618
0.000284266
0.00027971
0.000274932
0.000269915
0.000264638
0.00025908
0.000253217
0.000247026
0.000240478
0.000233545
0.000226195
0.000218391
0.000210096
0.000201267
0.000191854
0.000181801
0.000171045
0.00015952
0.000147175
0.000133974
0.000119923
0.000105117
8.9831e-05
7.46266e-05
6.06252e-05
4.88746e-05
4.06501e-05
3.58074e-05
3.33787e-05
3.23932e-05
3.22771e-05
3.26652e-05
3.33184e-05
3.41158e-05
3.49988e-05
3.59269e-05
3.68721e-05
3.781e-05
3.87174e-05
4.01286e-05
4.11011e-05
4.19038e-05
4.24877e-05
4.28648e-05
4.30804e-05
4.3103e-05
4.34024e-05
4.35781e-05
0.000384516
0.000382549
0.000380534
0.000378488
0.000376407
0.000374284
0.000372105
0.000369844
0.000367478
0.000365014
0.000362498
0.000359914
0.00035726
0.000354535
0.000351734
0.000348855
0.000345893
0.000342845
0.000339705
0.000336469
0.000333131
0.000329684
0.000326123
0.00032244
0.000318624
0.000314669
0.000310562
0.000306292
0.000301848
0.000297214
0.000292377
0.000287318
0.000282022
0.000276467
0.000270634
0.000264501
0.000258043
0.000251235
0.000244049
0.000236456
0.000228423
0.000219916
0.000210897
0.000201327
0.00019116
0.00018035
0.00016884
0.000156576
0.000143515
0.000129655
0.000115057
9.99033e-05
8.46186e-05
6.99234e-05
5.65008e-05
4.67794e-05
3.99317e-05
3.59702e-05
3.41115e-05
3.3492e-05
3.35375e-05
3.39502e-05
3.45629e-05
3.52788e-05
3.6049e-05
3.68466e-05
3.76521e-05
3.84505e-05
3.92272e-05
3.99703e-05
4.11408e-05
4.19368e-05
4.25901e-05
4.30411e-05
4.33222e-05
4.34562e-05
4.34606e-05
4.36478e-05
4.37868e-05
0.000398245
0.000396018
0.000393737
0.000391414
0.000389041
0.000386611
0.000384107
0.000381508
0.0003788
0.000375996
0.000373126
0.000370176
0.000367145
0.000364027
0.000360821
0.000357521
0.000354123
0.000350623
0.000347015
0.000343293
0.000339449
0.000335477
0.000331369
0.000327115
0.000322705
0.000318129
0.000313375
0.000308428
0.000303276
0.000297901
0.000292287
0.000286416
0.000280267
0.000273819
0.00026705
0.000259935
0.000252448
0.000244561
0.000236244
0.000227467
0.000218194
0.000208391
0.000198021
0.000187045
0.00017543
0.000163135
0.000150123
0.000136383
0.000121954
0.000106997
9.18327e-05
7.699e-05
6.32562e-05
5.21272e-05
4.40081e-05
3.89913e-05
3.61494e-05
3.48968e-05
3.45869e-05
3.47707e-05
3.52055e-05
3.57721e-05
3.64062e-05
3.70724e-05
3.77512e-05
3.84304e-05
3.91002e-05
3.97521e-05
4.03781e-05
4.09756e-05
4.19401e-05
4.25947e-05
4.313e-05
4.34718e-05
4.36732e-05
4.37577e-05
4.37865e-05
4.4011e-05
4.41151e-05
4.41736e-05
0.000409055
0.00040654
0.000403963
0.000401329
0.00039863
0.000395856
0.00039299
0.000390017
0.000386932
0.000383748
0.000380482
0.000377121
0.000373664
0.000370105
0.000366441
0.000362665
0.000358773
0.00035476
0.000350619
0.000346342
0.000341921
0.000337348
0.000332613
0.000327706
0.000322615
0.000317327
0.000311828
0.000306103
0.000300137
0.000293911
0.000287406
0.000280603
0.000273479
0.000266011
0.000258176
0.000249947
0.000241296
0.000232195
0.000222612
0.000212519
0.000201882
0.000190671
0.000178855
0.000166416
0.000153344
0.000139642
0.000125355
0.000110624
9.57225e-05
8.11514e-05
6.76112e-05
5.58828e-05
4.73425e-05
4.15783e-05
3.81333e-05
3.64243e-05
3.57514e-05
3.56983e-05
3.59732e-05
3.64101e-05
3.69258e-05
3.74792e-05
3.80479e-05
3.86193e-05
3.91857e-05
3.97412e-05
4.02807e-05
4.07999e-05
4.12948e-05
4.17696e-05
4.25657e-05
4.31107e-05
4.35546e-05
4.3806e-05
4.39406e-05
4.39899e-05
4.40652e-05
4.42582e-05
4.43623e-05
4.44626e-05
0.000416104
0.00041327
0.000410361
0.000407379
0.000404313
0.000401153
0.000397886
0.000394502
0.000390999
0.000387389
0.000383676
0.000379854
0.000375917
0.000371859
0.000367676
0.000363361
0.000358908
0.000354312
0.000349563
0.000344653
0.000339574
0.000334314
0.000328862
0.000323207
0.000317335
0.000311231
0.00030488
0.000298265
0.000291369
0.000284172
0.000276653
0.000268791
0.000260564
0.000251947
0.000242916
0.000233445
0.000223508
0.000213076
0.000202124
0.000190627
0.000178568
0.000165934
0.000152728
0.000138985
0.00012479
0.000110306
9.581e-05
8.1801e-05
6.87708e-05
5.75119e-05
4.9173e-05
4.32702e-05
3.96966e-05
3.77587e-05
3.68916e-05
3.66749e-05
3.68089e-05
3.71315e-05
3.7547e-05
3.80048e-05
3.84795e-05
3.89582e-05
3.94333e-05
3.99005e-05
4.03563e-05
4.07981e-05
4.12231e-05
4.16294e-05
4.20157e-05
4.23907e-05
4.30532e-05
4.35153e-05
4.38895e-05
4.40639e-05
4.41425e-05
4.41678e-05
4.43143e-05
4.44369e-05
4.45169e-05
4.45978e-05
0.000421354
0.000418404
0.000415213
0.000411933
0.000408559
0.000405083
0.000401494
0.000397782
0.000393943
0.000389975
0.000385884
0.000381671
0.000377327
0.000372847
0.000368225
0.000363454
0.000358526
0.000353437
0.000348177
0.000342736
0.000337106
0.000331276
0.000325232
0.000318964
0.000312457
0.000305695
0.000298663
0.000291344
0.000283721
0.000275774
0.000267483
0.000258828
0.000249787
0.00024034
0.000230462
0.000220132
0.000209332
0.000198037
0.000186233
0.000173911
0.000161077
0.000147754
0.000134006
0.000119957
0.0001058
9.18695e-05
7.86301e-05
6.64832e-05
5.66813e-05
4.91674e-05
4.38692e-05
4.05904e-05
3.8738e-05
3.78737e-05
3.75951e-05
3.76514e-05
3.78907e-05
3.82224e-05
3.8599e-05
3.8994e-05
3.93936e-05
3.97906e-05
4.0181e-05
4.05623e-05
4.09328e-05
4.1291e-05
4.16357e-05
4.19655e-05
4.22797e-05
4.25788e-05
4.28742e-05
4.34326e-05
4.38329e-05
4.41542e-05
4.42606e-05
4.42926e-05
4.43027e-05
4.44273e-05
4.45378e-05
4.46184e-05
4.47029e-05
0.000418216
0.000414807
0.000411217
0.00040752
0.000403708
0.000399774
0.000395708
0.000391504
0.000387158
0.000382669
0.000378037
0.000373259
0.000368326
0.000363234
0.000357973
0.000352536
0.000346915
0.000341104
0.000335091
0.000328867
0.000322421
0.000315739
0.000308811
0.000301619
0.00029415
0.000286388
0.000278317
0.000269918
0.000261175
0.000252069
0.000242582
0.000232697
0.000222396
0.00021166
0.000200477
0.000188846
0.000176755
0.000164208
0.000151234
0.000137893
0.000124298
0.000110616
9.71272e-05
8.42181e-05
7.2229e-05
6.17068e-05
5.36518e-05
4.75499e-05
4.34293e-05
4.08228e-05
3.93485e-05
3.86456e-05
3.84099e-05
3.84508e-05
3.86424e-05
3.89136e-05
3.92242e-05
3.95515e-05
3.98836e-05
4.02138e-05
4.05384e-05
4.08555e-05
4.11638e-05
4.14623e-05
4.17505e-05
4.20277e-05
4.22931e-05
4.25462e-05
4.27871e-05
4.30172e-05
4.32499e-05
4.37279e-05
4.40834e-05
4.43648e-05
4.44084e-05
4.44023e-05
4.44053e-05
4.45096e-05
4.46063e-05
4.46847e-05
4.47721e-05
0.000407872
0.000403998
0.00039996
0.000395796
0.000391495
0.00038705
0.000382455
0.000377704
0.000372794
0.000367722
0.000362481
0.000357066
0.000351472
0.000345689
0.000339709
0.000333523
0.000327122
0.000320499
0.000313642
0.00030654
0.00029918
0.000291552
0.000283639
0.000275426
0.000266899
0.000258045
0.000248846
0.000239289
0.000229357
0.000219041
0.000208331
0.000197223
0.000185706
0.000173783
0.000161486
0.000148852
0.000135942
0.000122864
0.000109794
9.69754e-05
8.4735e-05
7.33992e-05
6.34125e-05
5.56352e-05
4.95675e-05
4.52186e-05
4.2392e-05
4.06499e-05
3.96964e-05
3.92498e-05
3.91238e-05
3.91891e-05
3.93615e-05
3.95918e-05
3.98506e-05
4.01219e-05
4.03966e-05
4.06695e-05
4.09379e-05
4.12002e-05
4.14552e-05
4.17024e-05
4.19414e-05
4.21716e-05
4.23928e-05
4.26047e-05
4.28069e-05
4.29992e-05
4.31822e-05
4.33582e-05
4.35418e-05
4.39579e-05
4.4282e-05
4.45336e-05
4.4516e-05
4.44805e-05
4.44846e-05
4.45669e-05
4.46485e-05
4.47215e-05
4.48084e-05
0.000388863
0.000384489
0.000379954
0.000375269
0.000370425
0.000365416
0.000360235
0.000354879
0.000349342
0.000343618
0.000337697
0.000331573
0.000325239
0.000318689
0.000311911
0.000304896
0.000297634
0.000290117
0.000282335
0.000274276
0.000265931
0.000257283
0.000248323
0.000239035
0.000229408
0.000219442
0.000209122
0.000198441
0.000187398
0.000176008
0.0001643
0.000152298
0.000140052
0.000127664
0.000115273
0.000103054
9.12641e-05
8.01639e-05
7.00901e-05
6.15058e-05
5.47109e-05
4.94288e-05
4.5605e-05
4.30521e-05
4.14148e-05
4.04592e-05
3.99712e-05
3.97781e-05
3.97706e-05
3.9873e-05
4.00391e-05
4.02398e-05
4.04576e-05
4.06826e-05
4.09088e-05
4.11332e-05
4.13537e-05
4.15692e-05
4.17789e-05
4.19825e-05
4.21794e-05
4.23695e-05
4.25524e-05
4.2728e-05
4.28959e-05
4.30561e-05
4.32083e-05
4.33526e-05
4.349e-05
4.36235e-05
4.37686e-05
4.41371e-05
4.44404e-05
4.46696e-05
4.45894e-05
4.45346e-05
4.4548e-05
4.46035e-05
4.46695e-05
4.47352e-05
4.48198e-05
0.000359575
0.000354663
0.000349578
0.00034432
0.000338881
0.000333254
0.000327435
0.000321417
0.000315193
0.000308755
0.00030209
0.000295192
0.000288059
0.000280682
0.00027305
0.000265149
0.00025698
0.000248534
0.000239798
0.000230771
0.000221438
0.0002118
0.000201849
0.000191587
0.000181011
0.000170161
0.000159027
0.000147661
0.000136132
0.000124537
0.000113003
0.000101696
9.07985e-05
8.0575e-05
7.12767e-05
6.32197e-05
5.67293e-05
5.15258e-05
4.75794e-05
4.476e-05
4.28487e-05
4.16141e-05
4.08797e-05
4.04917e-05
4.03288e-05
4.03122e-05
4.03863e-05
4.05141e-05
4.06729e-05
4.08482e-05
4.10315e-05
4.12175e-05
4.1403e-05
4.15863e-05
4.17663e-05
4.19423e-05
4.21138e-05
4.22804e-05
4.24419e-05
4.25981e-05
4.27487e-05
4.28934e-05
4.30322e-05
4.31647e-05
4.32907e-05
4.341e-05
4.35227e-05
4.36289e-05
4.37299e-05
4.38298e-05
4.39448e-05
4.42768e-05
4.45677e-05
4.47142e-05
4.46329e-05
4.45705e-05
4.45865e-05
4.46195e-05
4.46725e-05
4.47305e-05
4.48114e-05
0.000318346
0.00031286
0.000307184
0.000301313
0.00029524
0.000288962
0.000282471
0.000275758
0.000268816
0.000261635
0.000254204
0.000246519
0.00023858
0.000230381
0.000221903
0.000213168
0.000204172
0.00019492
0.000185398
0.000175613
0.000165581
0.000155315
0.000144854
0.000134248
0.000123756
0.000113284
0.000102932
9.29284e-05
8.34666e-05
7.47475e-05
6.69514e-05
6.05202e-05
5.51391e-05
5.08273e-05
4.75136e-05
4.5087e-05
4.3389e-05
4.22404e-05
4.15097e-05
4.10817e-05
4.08627e-05
4.07844e-05
4.07993e-05
4.08734e-05
4.09838e-05
4.11159e-05
4.12601e-05
4.14104e-05
4.15629e-05
4.17155e-05
4.18667e-05
4.20155e-05
4.21616e-05
4.23045e-05
4.24439e-05
4.25796e-05
4.27115e-05
4.28393e-05
4.29628e-05
4.30818e-05
4.31962e-05
4.33057e-05
4.341e-05
4.35088e-05
4.36019e-05
4.3689e-05
4.37702e-05
4.38457e-05
4.39173e-05
4.39904e-05
4.40818e-05
4.43851e-05
4.46709e-05
4.46873e-05
4.46621e-05
4.45937e-05
4.45978e-05
4.46191e-05
4.46632e-05
4.4714e-05
4.47891e-05
0.000263713
0.000257653
0.000251385
0.000244906
0.000238214
0.000231305
0.00022417
0.000216816
0.000209235
0.000201424
0.000193368
0.000185068
0.000176522
0.000167728
0.000158726
0.000149539
0.000140189
0.000130882
0.000121736
0.000112615
0.000103478
9.45977e-05
8.61309e-05
7.82235e-05
7.10366e-05
6.47064e-05
5.93177e-05
5.47673e-05
5.1051e-05
4.81175e-05
4.58825e-05
4.42485e-05
4.30769e-05
4.22735e-05
4.17496e-05
4.14326e-05
4.12634e-05
4.11968e-05
4.12011e-05
4.12528e-05
4.13352e-05
4.14372e-05
4.1551e-05
4.16716e-05
4.17954e-05
4.19205e-05
4.20453e-05
4.21691e-05
4.22913e-05
4.24114e-05
4.25293e-05
4.26447e-05
4.27575e-05
4.28676e-05
4.29748e-05
4.30789e-05
4.31799e-05
4.32775e-05
4.33717e-05
4.34622e-05
4.35488e-05
4.36311e-05
4.37088e-05
4.37816e-05
4.3849e-05
4.39107e-05
4.39665e-05
4.40169e-05
4.40642e-05
4.41153e-05
4.41883e-05
4.447e-05
4.47145e-05
4.47368e-05
4.46819e-05
4.46068e-05
4.45979e-05
4.4611e-05
4.46489e-05
4.46941e-05
4.47627e-05
0.000195131
0.000188654
0.000181959
0.000175051
0.000167923
0.000160582
0.000153044
0.000145406
0.000137711
0.000130008
0.000122349
0.000114758
0.000107137
9.95664e-05
9.21715e-05
8.50988e-05
7.84385e-05
7.22871e-05
6.6907e-05
6.20713e-05
5.78029e-05
5.41438e-05
5.1084e-05
4.85892e-05
4.66099e-05
4.50795e-05
4.39236e-05
4.30727e-05
4.24678e-05
4.20564e-05
4.17919e-05
4.16374e-05
4.15627e-05
4.15459e-05
4.157e-05
4.16224e-05
4.16942e-05
4.17787e-05
4.18713e-05
4.19689e-05
4.20693e-05
4.21709e-05
4.22728e-05
4.23742e-05
4.24747e-05
4.2574e-05
4.26719e-05
4.27682e-05
4.28627e-05
4.29555e-05
4.30463e-05
4.31351e-05
4.32219e-05
4.33064e-05
4.33887e-05
4.34685e-05
4.35459e-05
4.36207e-05
4.36926e-05
4.37614e-05
4.38269e-05
4.38887e-05
4.39464e-05
4.39995e-05
4.40472e-05
4.40889e-05
4.41243e-05
4.41536e-05
4.418e-05
4.42125e-05
4.4271e-05
4.45362e-05
4.47374e-05
4.47353e-05
4.4677e-05
4.46115e-05
4.45908e-05
4.45994e-05
4.46337e-05
4.46772e-05
4.47422e-05
0.000116172
0.000110716
0.000105278
9.96568e-05
9.40087e-05
8.84411e-05
8.30281e-05
7.78708e-05
7.30301e-05
6.8654e-05
6.46171e-05
6.09404e-05
5.76213e-05
5.46754e-05
5.21118e-05
4.99228e-05
4.80879e-05
4.65795e-05
4.53641e-05
4.43929e-05
4.36321e-05
4.30519e-05
4.26216e-05
4.23132e-05
4.21019e-05
4.19663e-05
4.18893e-05
4.1857e-05
4.18583e-05
4.18845e-05
4.19289e-05
4.19862e-05
4.20526e-05
4.21253e-05
4.22021e-05
4.22816e-05
4.23626e-05
4.24444e-05
4.25264e-05
4.26081e-05
4.26895e-05
4.27701e-05
4.28498e-05
4.29286e-05
4.30064e-05
4.30829e-05
4.31583e-05
4.32323e-05
4.3305e-05
4.33763e-05
4.34461e-05
4.35144e-05
4.35811e-05
4.36461e-05
4.37094e-05
4.37709e-05
4.38304e-05
4.38879e-05
4.39431e-05
4.39958e-05
4.40456e-05
4.40924e-05
4.41357e-05
4.41746e-05
4.42078e-05
4.42342e-05
4.42532e-05
4.42648e-05
4.4272e-05
4.42882e-05
4.43353e-05
4.45879e-05
4.47477e-05
4.47288e-05
4.46654e-05
4.46051e-05
4.45797e-05
4.45877e-05
4.46191e-05
4.46635e-05
4.47359e-05
6.02051e-05
5.78489e-05
5.56631e-05
5.36446e-05
5.1817e-05
5.01874e-05
4.8754e-05
4.75119e-05
4.64512e-05
4.55573e-05
4.48044e-05
4.41769e-05
4.36607e-05
4.32436e-05
4.29136e-05
4.26586e-05
4.2467e-05
4.23285e-05
4.22335e-05
4.2174e-05
4.2143e-05
4.2135e-05
4.21451e-05
4.21695e-05
4.22048e-05
4.22485e-05
4.22984e-05
4.23531e-05
4.24112e-05
4.24718e-05
4.25341e-05
4.25975e-05
4.26616e-05
4.27261e-05
4.27907e-05
4.28553e-05
4.29196e-05
4.29836e-05
4.30471e-05
4.31102e-05
4.31726e-05
4.32344e-05
4.32954e-05
4.33557e-05
4.34152e-05
4.34738e-05
4.35316e-05
4.35883e-05
4.36441e-05
4.36989e-05
4.37525e-05
4.38051e-05
4.38565e-05
4.39067e-05
4.39556e-05
4.40032e-05
4.40493e-05
4.40937e-05
4.41365e-05
4.41773e-05
4.42159e-05
4.42522e-05
4.42856e-05
4.43153e-05
4.4339e-05
4.43546e-05
4.43612e-05
4.43576e-05
4.43463e-05
4.4347e-05
4.4385e-05
4.46282e-05
4.47503e-05
4.47168e-05
4.46497e-05
4.45905e-05
4.45695e-05
4.45776e-05
4.46038e-05
4.46444e-05
4.4723e-05
4.47288e-05
4.43489e-05
4.40182e-05
4.37324e-05
4.34886e-05
4.32827e-05
4.31104e-05
4.29679e-05
4.28513e-05
4.27558e-05
4.26788e-05
4.26185e-05
4.25731e-05
4.25413e-05
4.2522e-05
4.25142e-05
4.25169e-05
4.2529e-05
4.25493e-05
4.25764e-05
4.2609e-05
4.26457e-05
4.26857e-05
4.27281e-05
4.27723e-05
4.28181e-05
4.28649e-05
4.29125e-05
4.29607e-05
4.30093e-05
4.30581e-05
4.31071e-05
4.31562e-05
4.32052e-05
4.32542e-05
4.3303e-05
4.33516e-05
4.33999e-05
4.34479e-05
4.34955e-05
4.35427e-05
4.35895e-05
4.36358e-05
4.36815e-05
4.37268e-05
4.37714e-05
4.38154e-05
4.38587e-05
4.39014e-05
4.39433e-05
4.39846e-05
4.40251e-05
4.40648e-05
4.41037e-05
4.41416e-05
4.41786e-05
4.42145e-05
4.42495e-05
4.42833e-05
4.43158e-05
4.43466e-05
4.43751e-05
4.44017e-05
4.44267e-05
4.44463e-05
4.44555e-05
4.44535e-05
4.4438e-05
4.44076e-05
4.43926e-05
4.44233e-05
4.46596e-05
4.47468e-05
4.47014e-05
4.4631e-05
4.45739e-05
4.4559e-05
4.45659e-05
4.4585e-05
4.46144e-05
4.46585e-05
4.35014e-05
4.34546e-05
4.34134e-05
4.33773e-05
4.33457e-05
4.3318e-05
4.32937e-05
4.32722e-05
4.32533e-05
4.32367e-05
4.32223e-05
4.321e-05
4.31998e-05
4.31917e-05
4.31858e-05
4.31821e-05
4.31808e-05
4.3182e-05
4.31861e-05
4.31933e-05
4.3204e-05
4.32185e-05
4.32366e-05
4.32584e-05
4.32834e-05
4.33111e-05
4.33409e-05
4.33724e-05
4.3405e-05
4.34385e-05
4.34727e-05
4.35074e-05
4.35425e-05
4.35779e-05
4.36133e-05
4.36488e-05
4.36843e-05
4.37198e-05
4.37551e-05
4.37903e-05
4.38253e-05
4.38601e-05
4.38946e-05
4.39288e-05
4.39627e-05
4.39963e-05
4.40294e-05
4.40622e-05
4.40946e-05
4.41266e-05
4.41581e-05
4.41891e-05
4.42196e-05
4.42496e-05
4.42791e-05
4.43082e-05
4.43367e-05
4.43648e-05
4.43923e-05
4.44195e-05
4.44454e-05
4.44668e-05
4.44822e-05
4.44923e-05
4.4498e-05
4.44993e-05
4.44956e-05
4.44843e-05
4.44599e-05
4.44281e-05
4.44526e-05
4.46664e-05
4.47385e-05
4.46833e-05
4.46102e-05
4.39456e-05
4.39317e-05
4.39184e-05
4.39055e-05
4.3893e-05
4.38809e-05
4.3869e-05
4.38575e-05
4.38464e-05
4.38357e-05
4.38253e-05
4.38154e-05
4.38059e-05
4.37968e-05
4.37883e-05
4.37803e-05
4.37729e-05
4.37662e-05
4.37604e-05
4.37555e-05
4.37516e-05
4.3749e-05
4.37479e-05
4.37484e-05
4.37508e-05
4.37554e-05
4.37624e-05
4.3772e-05
4.37843e-05
4.3799e-05
4.3816e-05
4.38349e-05
4.38553e-05
4.38768e-05
4.38992e-05
4.39223e-05
4.39459e-05
4.39699e-05
4.39941e-05
4.40186e-05
4.40433e-05
4.4068e-05
4.40927e-05
4.41173e-05
4.41419e-05
4.41663e-05
4.41907e-05
4.42149e-05
4.42389e-05
4.42627e-05
4.42863e-05
4.43097e-05
4.4333e-05
4.43561e-05
4.43793e-05
4.44024e-05
4.44252e-05
4.44465e-05
4.44648e-05
4.44795e-05
4.44911e-05
4.44998e-05
4.45063e-05
4.45108e-05
4.45134e-05
4.45138e-05
4.45113e-05
4.45039e-05
4.44877e-05
4.44557e-05
4.44749e-05
4.46652e-05
4.47276e-05
4.46634e-05
4.45894e-05
4.42895e-05
4.42805e-05
4.42716e-05
4.42629e-05
4.42544e-05
4.42459e-05
4.42376e-05
4.42295e-05
4.42216e-05
4.42139e-05
4.42064e-05
4.41991e-05
4.4192e-05
4.41852e-05
4.41786e-05
4.41722e-05
4.41662e-05
4.41604e-05
4.41549e-05
4.41498e-05
4.4145e-05
4.41406e-05
4.41366e-05
4.41332e-05
4.41302e-05
4.41279e-05
4.41262e-05
4.41252e-05
4.41251e-05
4.41259e-05
4.41277e-05
4.41308e-05
4.41351e-05
4.41409e-05
4.41482e-05
4.41569e-05
4.41671e-05
4.41786e-05
4.41913e-05
4.42048e-05
4.42192e-05
4.42342e-05
4.42497e-05
4.42656e-05
4.42817e-05
4.42981e-05
4.43147e-05
4.43313e-05
4.43482e-05
4.43652e-05
4.43822e-05
4.43992e-05
4.44159e-05
4.4432e-05
4.44468e-05
4.44602e-05
4.44718e-05
4.44818e-05
4.44902e-05
4.44972e-05
4.4503e-05
4.45077e-05
4.45116e-05
4.45146e-05
4.45166e-05
4.45174e-05
4.45164e-05
4.45122e-05
4.4502e-05
4.44773e-05
4.44918e-05
4.46607e-05
4.47149e-05
4.46424e-05
4.45699e-05
4.44612e-05
4.44542e-05
4.44473e-05
4.44406e-05
4.4434e-05
4.44276e-05
4.44213e-05
4.44152e-05
4.44093e-05
4.44035e-05
4.4398e-05
4.43926e-05
4.43874e-05
4.43824e-05
4.43776e-05
4.4373e-05
4.43687e-05
4.43645e-05
4.43606e-05
4.43569e-05
4.43534e-05
4.43502e-05
4.43473e-05
4.43446e-05
4.43422e-05
4.43402e-05
4.43384e-05
4.43371e-05
4.43361e-05
4.43355e-05
4.43354e-05
4.43357e-05
4.43365e-05
4.43378e-05
4.43398e-05
4.43423e-05
4.43454e-05
4.43491e-05
4.43535e-05
4.43586e-05
4.43642e-05
4.43705e-05
4.43774e-05
4.43848e-05
4.43927e-05
4.4401e-05
4.44095e-05
4.44183e-05
4.44272e-05
4.4436e-05
4.44446e-05
4.44529e-05
4.44609e-05
4.44683e-05
4.44751e-05
4.44813e-05
4.44869e-05
4.44919e-05
4.44963e-05
4.45003e-05
4.45038e-05
4.45069e-05
4.45097e-05
4.45121e-05
4.45141e-05
4.45155e-05
4.45159e-05
4.45147e-05
4.45097e-05
4.44943e-05
4.45042e-05
4.46542e-05
4.47006e-05
4.46209e-05
4.45517e-05
4.45393e-05
4.45334e-05
4.45276e-05
4.4522e-05
4.45165e-05
4.45111e-05
4.45058e-05
4.45007e-05
4.44958e-05
4.44909e-05
4.44863e-05
4.44818e-05
4.44774e-05
4.44732e-05
4.44692e-05
4.44654e-05
4.44617e-05
4.44581e-05
4.44548e-05
4.44516e-05
4.44487e-05
4.44459e-05
4.44433e-05
4.44409e-05
4.44388e-05
4.44368e-05
4.44351e-05
4.44335e-05
4.44323e-05
4.44312e-05
4.44304e-05
4.44299e-05
4.44296e-05
4.44296e-05
4.44299e-05
4.44305e-05
4.44314e-05
4.44326e-05
4.4434e-05
4.44358e-05
4.44379e-05
4.44403e-05
4.44429e-05
4.44458e-05
4.44489e-05
4.44523e-05
4.44558e-05
4.44594e-05
4.44631e-05
4.44668e-05
4.44705e-05
4.44742e-05
4.44777e-05
4.44811e-05
4.44844e-05
4.44875e-05
4.44904e-05
4.44931e-05
4.44957e-05
4.44981e-05
4.45003e-05
4.45025e-05
4.45047e-05
4.45067e-05
4.45087e-05
4.45106e-05
4.45123e-05
4.45134e-05
4.45128e-05
4.45077e-05
4.45132e-05
4.46462e-05
4.4685e-05
4.45993e-05
4.45354e-05
4.45748e-05
4.45696e-05
4.45646e-05
4.45596e-05
4.45548e-05
4.45501e-05
4.45454e-05
4.45409e-05
4.45365e-05
4.45322e-05
4.45281e-05
4.4524e-05
4.45201e-05
4.45163e-05
4.45126e-05
4.45091e-05
4.45056e-05
4.45024e-05
4.44992e-05
4.44962e-05
4.44933e-05
4.44906e-05
4.4488e-05
4.44856e-05
4.44833e-05
4.44812e-05
4.44793e-05
4.44775e-05
4.44758e-05
4.44743e-05
4.4473e-05
4.44719e-05
4.44709e-05
4.44701e-05
4.44695e-05
4.44691e-05
4.44688e-05
4.44687e-05
4.44687e-05
4.4469e-05
4.44694e-05
4.44699e-05
4.44706e-05
4.44715e-05
4.44725e-05
4.44736e-05
4.44748e-05
4.44761e-05
4.44775e-05
4.4479e-05
4.44805e-05
4.4482e-05
4.44836e-05
4.44851e-05
4.44866e-05
4.44881e-05
4.44896e-05
4.4491e-05
4.44925e-05
4.44939e-05
4.44954e-05
4.44969e-05
4.44985e-05
4.45003e-05
4.45022e-05
4.45044e-05
4.45069e-05
4.45095e-05
4.45119e-05
4.45129e-05
4.45194e-05
4.46369e-05
4.46684e-05
4.45781e-05
4.45219e-05
4.45908e-05
4.45863e-05
4.45818e-05
4.45774e-05
4.45731e-05
4.45689e-05
4.45647e-05
4.45607e-05
4.45567e-05
4.45528e-05
4.4549e-05
4.45453e-05
4.45416e-05
4.45381e-05
4.45347e-05
4.45313e-05
4.45281e-05
4.4525e-05
4.45219e-05
4.4519e-05
4.45162e-05
4.45135e-05
4.45109e-05
4.45084e-05
4.4506e-05
4.45037e-05
4.45016e-05
4.44996e-05
4.44977e-05
4.44959e-05
4.44942e-05
4.44927e-05
4.44913e-05
4.449e-05
4.44888e-05
4.44877e-05
4.44868e-05
4.44859e-05
4.44852e-05
4.44846e-05
4.44841e-05
4.44837e-05
4.44834e-05
4.44832e-05
4.44832e-05
4.44831e-05
4.44832e-05
4.44834e-05
4.44836e-05
4.44839e-05
4.44843e-05
4.44847e-05
4.44851e-05
4.44856e-05
4.44861e-05
4.44867e-05
4.44873e-05
4.44879e-05
4.44886e-05
4.44894e-05
4.44902e-05
4.44912e-05
4.44924e-05
4.44938e-05
4.44956e-05
4.44979e-05
4.45008e-05
4.45045e-05
4.45088e-05
4.45133e-05
4.45233e-05
4.46266e-05
4.46508e-05
4.45574e-05
4.4515e-05
4.45981e-05
4.45941e-05
4.45901e-05
4.45861e-05
4.45823e-05
4.45785e-05
4.45747e-05
4.4571e-05
4.45674e-05
4.45638e-05
4.45603e-05
4.45569e-05
4.45535e-05
4.45502e-05
4.4547e-05
4.45438e-05
4.45407e-05
4.45377e-05
4.45348e-05
4.45319e-05
4.45292e-05
4.45265e-05
4.45239e-05
4.45214e-05
4.45189e-05
4.45166e-05
4.45143e-05
4.45122e-05
4.45101e-05
4.45081e-05
4.45062e-05
4.45044e-05
4.45027e-05
4.45011e-05
4.44995e-05
4.44981e-05
4.44967e-05
4.44954e-05
4.44943e-05
4.44931e-05
4.44921e-05
4.44911e-05
4.44903e-05
4.44895e-05
4.44887e-05
4.44881e-05
4.44875e-05
4.44869e-05
4.44865e-05
4.44861e-05
4.44857e-05
4.44854e-05
4.44852e-05
4.4485e-05
4.44849e-05
4.44848e-05
4.44847e-05
4.44848e-05
4.44849e-05
4.44852e-05
4.44856e-05
4.44861e-05
4.44868e-05
4.44879e-05
4.44895e-05
4.44917e-05
4.44948e-05
4.4499e-05
4.45045e-05
4.45117e-05
4.45254e-05
4.46155e-05
4.46323e-05
4.45383e-05
4.46019e-05
4.45982e-05
4.45946e-05
4.4591e-05
4.45875e-05
4.4584e-05
4.45806e-05
4.45772e-05
4.45738e-05
4.45705e-05
4.45673e-05
4.45641e-05
4.45609e-05
4.45578e-05
4.45547e-05
4.45517e-05
4.45488e-05
4.45459e-05
4.4543e-05
4.45403e-05
4.45375e-05
4.45349e-05
4.45323e-05
4.45298e-05
4.45273e-05
4.45249e-05
4.45226e-05
4.45204e-05
4.45182e-05
4.45161e-05
4.4514e-05
4.4512e-05
4.45101e-05
4.45083e-05
4.45065e-05
4.45048e-05
4.45032e-05
4.45016e-05
4.45001e-05
4.44987e-05
4.44973e-05
4.4496e-05
4.44947e-05
4.44935e-05
4.44923e-05
4.44912e-05
4.44902e-05
4.44892e-05
4.44883e-05
4.44874e-05
4.44866e-05
4.44858e-05
4.44851e-05
4.44844e-05
4.44838e-05
4.44832e-05
4.44827e-05
4.44823e-05
4.4482e-05
4.44818e-05
4.44817e-05
4.44818e-05
4.44822e-05
4.4483e-05
4.44842e-05
4.44861e-05
4.4489e-05
4.44934e-05
4.44999e-05
4.4509e-05
4.45262e-05
4.46037e-05
4.46129e-05
4.45237e-05
4.46043e-05
4.4601e-05
4.45977e-05
4.45944e-05
4.45911e-05
4.45879e-05
4.45847e-05
4.45815e-05
4.45784e-05
4.45753e-05
4.45722e-05
4.45692e-05
4.45661e-05
4.45632e-05
4.45602e-05
4.45574e-05
4.45545e-05
4.45517e-05
4.45489e-05
4.45462e-05
4.45435e-05
4.45409e-05
4.45384e-05
4.45358e-05
4.45334e-05
4.4531e-05
4.45286e-05
4.45263e-05
4.4524e-05
4.45218e-05
4.45197e-05
4.45176e-05
4.45156e-05
4.45136e-05
4.45117e-05
4.45098e-05
4.4508e-05
4.45062e-05
4.45045e-05
4.45028e-05
4.45012e-05
4.44996e-05
4.44981e-05
4.44966e-05
4.44952e-05
4.44938e-05
4.44925e-05
4.44912e-05
4.44899e-05
4.44887e-05
4.44876e-05
4.44864e-05
4.44854e-05
4.44843e-05
4.44834e-05
4.44824e-05
4.44816e-05
4.44808e-05
4.44801e-05
4.44795e-05
4.4479e-05
4.44787e-05
4.44787e-05
4.4479e-05
4.44797e-05
4.44813e-05
4.44839e-05
4.44884e-05
4.44951e-05
4.45053e-05
4.4526e-05
4.45911e-05
4.45934e-05
4.45162e-05
4.4606e-05
4.46029e-05
4.45998e-05
4.45967e-05
4.45936e-05
4.45906e-05
4.45876e-05
4.45846e-05
4.45816e-05
4.45786e-05
4.45757e-05
4.45728e-05
4.45699e-05
4.4567e-05
4.45642e-05
4.45614e-05
4.45586e-05
4.45559e-05
4.45532e-05
4.45505e-05
4.45479e-05
4.45453e-05
4.45428e-05
4.45403e-05
4.45378e-05
4.45354e-05
4.4533e-05
4.45307e-05
4.45284e-05
4.45262e-05
4.4524e-05
4.45218e-05
4.45197e-05
4.45177e-05
4.45156e-05
4.45137e-05
4.45117e-05
4.45098e-05
4.4508e-05
4.45062e-05
4.45044e-05
4.45027e-05
4.4501e-05
4.44994e-05
4.44978e-05
4.44962e-05
4.44947e-05
4.44932e-05
4.44917e-05
4.44903e-05
4.44889e-05
4.44875e-05
4.44862e-05
4.44849e-05
4.44837e-05
4.44825e-05
4.44814e-05
4.44803e-05
4.44793e-05
4.44783e-05
4.44775e-05
4.44769e-05
4.44764e-05
4.44762e-05
4.44764e-05
4.44774e-05
4.44797e-05
4.44838e-05
4.44905e-05
4.45011e-05
4.4525e-05
4.45778e-05
4.45753e-05
4.46064e-05
4.46035e-05
4.46005e-05
4.45976e-05
4.45947e-05
4.45918e-05
4.45889e-05
4.45861e-05
4.45832e-05
4.45804e-05
4.45776e-05
4.45748e-05
4.4572e-05
4.45692e-05
4.45665e-05
4.45638e-05
4.45611e-05
4.45584e-05
4.45558e-05
4.45532e-05
4.45506e-05
4.45481e-05
4.45456e-05
4.45431e-05
4.45407e-05
4.45383e-05
4.45359e-05
4.45336e-05
4.45313e-05
4.45291e-05
4.45269e-05
4.45247e-05
4.45226e-05
4.45205e-05
4.45185e-05
4.45164e-05
4.45145e-05
4.45125e-05
4.45106e-05
4.45088e-05
4.45069e-05
4.45051e-05
4.45034e-05
4.45016e-05
4.44999e-05
4.44983e-05
4.44966e-05
4.4495e-05
4.44935e-05
4.44919e-05
4.44904e-05
4.44889e-05
4.44874e-05
4.4486e-05
4.44846e-05
4.44833e-05
4.44819e-05
4.44806e-05
4.44794e-05
4.44782e-05
4.44771e-05
4.44761e-05
4.44752e-05
4.44746e-05
4.44744e-05
4.44747e-05
4.44762e-05
4.44798e-05
4.44862e-05
4.44963e-05
4.452e-05
4.45642e-05
4.45618e-05
4.46049e-05
4.46021e-05
4.45993e-05
4.45965e-05
4.45938e-05
4.4591e-05
4.45883e-05
4.45856e-05
4.45828e-05
4.45801e-05
4.45774e-05
4.45747e-05
4.45721e-05
4.45694e-05
4.45668e-05
4.45642e-05
4.45616e-05
4.4559e-05
4.45565e-05
4.4554e-05
4.45515e-05
4.4549e-05
4.45466e-05
4.45442e-05
4.45418e-05
4.45395e-05
4.45372e-05
4.45349e-05
4.45327e-05
4.45305e-05
4.45283e-05
4.45262e-05
4.45241e-05
4.4522e-05
4.452e-05
4.4518e-05
4.4516e-05
4.45141e-05
4.45122e-05
4.45103e-05
4.45085e-05
4.45067e-05
4.45049e-05
4.45032e-05
4.45015e-05
4.44998e-05
4.44981e-05
4.44965e-05
4.44949e-05
4.44933e-05
4.44918e-05
4.44902e-05
4.44887e-05
4.44873e-05
4.44858e-05
4.44843e-05
4.44829e-05
4.44815e-05
4.44802e-05
4.44789e-05
4.44776e-05
4.44763e-05
4.44752e-05
4.44742e-05
4.44735e-05
4.44732e-05
4.44738e-05
4.44767e-05
4.44828e-05
4.44928e-05
4.4514e-05
4.45513e-05
4.45518e-05
4.46009e-05
4.45983e-05
4.45957e-05
4.4593e-05
4.45904e-05
4.45878e-05
4.45852e-05
4.45826e-05
4.45801e-05
4.45775e-05
4.45749e-05
4.45724e-05
4.45699e-05
4.45673e-05
4.45648e-05
4.45624e-05
4.45599e-05
4.45575e-05
4.4555e-05
4.45527e-05
4.45503e-05
4.45479e-05
4.45456e-05
4.45433e-05
4.45411e-05
4.45388e-05
4.45366e-05
4.45345e-05
4.45323e-05
4.45302e-05
4.45281e-05
4.45261e-05
4.4524e-05
4.4522e-05
4.45201e-05
4.45182e-05
4.45163e-05
4.45144e-05
4.45126e-05
4.45108e-05
4.4509e-05
4.45073e-05
4.45055e-05
4.45039e-05
4.45022e-05
4.45006e-05
4.44989e-05
4.44974e-05
4.44958e-05
4.44943e-05
4.44927e-05
4.44912e-05
4.44898e-05
4.44883e-05
4.44868e-05
4.44854e-05
4.4484e-05
4.44826e-05
4.44812e-05
4.44798e-05
4.44785e-05
4.44772e-05
4.44759e-05
4.44748e-05
4.44737e-05
4.4473e-05
4.4473e-05
4.44763e-05
4.44814e-05
4.44899e-05
4.45079e-05
4.4539e-05
4.45432e-05
4.45944e-05
4.45919e-05
4.45895e-05
4.4587e-05
4.45846e-05
4.45822e-05
4.45797e-05
4.45773e-05
4.45749e-05
4.45725e-05
4.45701e-05
4.45677e-05
4.45654e-05
4.4563e-05
4.45607e-05
4.45584e-05
4.45561e-05
4.45538e-05
4.45515e-05
4.45493e-05
4.45471e-05
4.45449e-05
4.45427e-05
4.45406e-05
4.45384e-05
4.45364e-05
4.45343e-05
4.45322e-05
4.45302e-05
4.45283e-05
4.45263e-05
4.45244e-05
4.45225e-05
4.45206e-05
4.45188e-05
4.4517e-05
4.45152e-05
4.45134e-05
4.45117e-05
4.451e-05
4.45084e-05
4.45067e-05
4.45051e-05
4.45035e-05
4.4502e-05
4.45004e-05
4.44989e-05
4.44974e-05
4.4496e-05
4.44945e-05
4.44931e-05
4.44917e-05
4.44903e-05
4.44889e-05
4.44875e-05
4.44862e-05
4.44848e-05
4.44835e-05
4.44821e-05
4.44808e-05
4.44795e-05
4.44782e-05
4.44769e-05
4.44756e-05
4.44745e-05
4.44736e-05
4.44733e-05
4.44758e-05
4.448e-05
4.44872e-05
4.45019e-05
4.45279e-05
4.45356e-05
4.45856e-05
4.45834e-05
4.45812e-05
4.45789e-05
4.45767e-05
4.45744e-05
4.45722e-05
4.457e-05
4.45678e-05
4.45656e-05
4.45634e-05
4.45612e-05
4.4559e-05
4.45569e-05
4.45547e-05
4.45526e-05
4.45505e-05
4.45484e-05
4.45463e-05
4.45442e-05
4.45422e-05
4.45402e-05
4.45382e-05
4.45362e-05
4.45343e-05
4.45324e-05
4.45305e-05
4.45286e-05
4.45267e-05
4.45249e-05
4.45231e-05
4.45214e-05
4.45196e-05
4.45179e-05
4.45162e-05
4.45146e-05
4.4513e-05
4.45114e-05
4.45098e-05
4.45082e-05
4.45067e-05
4.45052e-05
4.45038e-05
4.45023e-05
4.45009e-05
4.44995e-05
4.44981e-05
4.44967e-05
4.44954e-05
4.44941e-05
4.44928e-05
4.44915e-05
4.44902e-05
4.4489e-05
4.44877e-05
4.44865e-05
4.44852e-05
4.4484e-05
4.44827e-05
4.44815e-05
4.44803e-05
4.4479e-05
4.44777e-05
4.44765e-05
4.44753e-05
4.44743e-05
4.44737e-05
4.44753e-05
4.44788e-05
4.44848e-05
4.44962e-05
4.4518e-05
4.45285e-05
4.45756e-05
4.45735e-05
4.45715e-05
4.45695e-05
4.45674e-05
4.45654e-05
4.45634e-05
4.45614e-05
4.45594e-05
4.45574e-05
4.45554e-05
4.45534e-05
4.45515e-05
4.45495e-05
4.45476e-05
4.45456e-05
4.45437e-05
4.45418e-05
4.45399e-05
4.45381e-05
4.45362e-05
4.45344e-05
4.45326e-05
4.45308e-05
4.45291e-05
4.45273e-05
4.45256e-05
4.45239e-05
4.45223e-05
4.45206e-05
4.4519e-05
4.45174e-05
4.45159e-05
4.45143e-05
4.45128e-05
4.45113e-05
4.45099e-05
4.45084e-05
4.4507e-05
4.45056e-05
4.45043e-05
4.45029e-05
4.45016e-05
4.45003e-05
4.44991e-05
4.44978e-05
4.44966e-05
4.44954e-05
4.44942e-05
4.4493e-05
4.44919e-05
4.44907e-05
4.44896e-05
4.44885e-05
4.44874e-05
4.44862e-05
4.44851e-05
4.4484e-05
4.44829e-05
4.44818e-05
4.44807e-05
4.44795e-05
4.44784e-05
4.44772e-05
4.44761e-05
4.44751e-05
4.44743e-05
4.44749e-05
4.44777e-05
4.44828e-05
4.4491e-05
4.45093e-05
4.45217e-05
4.4565e-05
4.45632e-05
4.45613e-05
4.45595e-05
4.45577e-05
4.45559e-05
4.45541e-05
4.45523e-05
4.45505e-05
4.45487e-05
4.45469e-05
4.45452e-05
4.45434e-05
4.45417e-05
4.45399e-05
4.45382e-05
4.45365e-05
4.45348e-05
4.45331e-05
4.45315e-05
4.45298e-05
4.45282e-05
4.45266e-05
4.4525e-05
4.45234e-05
4.45219e-05
4.45203e-05
4.45188e-05
4.45173e-05
4.45159e-05
4.45144e-05
4.4513e-05
4.45116e-05
4.45103e-05
4.45089e-05
4.45076e-05
4.45063e-05
4.4505e-05
4.45038e-05
4.45025e-05
4.45013e-05
4.45002e-05
4.4499e-05
4.44979e-05
4.44967e-05
4.44956e-05
4.44946e-05
4.44935e-05
4.44925e-05
4.44914e-05
4.44904e-05
4.44895e-05
4.44885e-05
4.44875e-05
4.44865e-05
4.44856e-05
4.44846e-05
4.44837e-05
4.44827e-05
4.44817e-05
4.44807e-05
4.44797e-05
4.44787e-05
4.44777e-05
4.44766e-05
4.44756e-05
4.44748e-05
4.44745e-05
4.44766e-05
4.44807e-05
4.44864e-05
4.45016e-05
4.45151e-05
4.45546e-05
4.4553e-05
4.45514e-05
4.45498e-05
4.45482e-05
4.45466e-05
4.4545e-05
4.45434e-05
4.45418e-05
4.45402e-05
4.45386e-05
4.45371e-05
4.45355e-05
4.4534e-05
4.45324e-05
4.45309e-05
4.45294e-05
4.45279e-05
4.45264e-05
4.45249e-05
4.45234e-05
4.4522e-05
4.45206e-05
4.45191e-05
4.45178e-05
4.45164e-05
4.4515e-05
4.45137e-05
4.45124e-05
4.45111e-05
4.45098e-05
4.45086e-05
4.45073e-05
4.45061e-05
4.45049e-05
4.45038e-05
4.45026e-05
4.45015e-05
4.45004e-05
4.44993e-05
4.44982e-05
4.44972e-05
4.44962e-05
4.44952e-05
4.44942e-05
4.44932e-05
4.44923e-05
4.44914e-05
4.44905e-05
4.44896e-05
4.44887e-05
4.44879e-05
4.4487e-05
4.44862e-05
4.44854e-05
4.44846e-05
4.44838e-05
4.44829e-05
4.44821e-05
4.44813e-05
4.44804e-05
4.44796e-05
4.44787e-05
4.44778e-05
4.44768e-05
4.44759e-05
4.4475e-05
4.44744e-05
4.44755e-05
4.44786e-05
4.44825e-05
4.44949e-05
4.45089e-05
4.45448e-05
4.45434e-05
4.4542e-05
4.45406e-05
4.45392e-05
4.45378e-05
4.45364e-05
4.4535e-05
4.45336e-05
4.45322e-05
4.45308e-05
4.45294e-05
4.45281e-05
4.45267e-05
4.45253e-05
4.4524e-05
4.45226e-05
4.45213e-05
4.452e-05
4.45187e-05
4.45174e-05
4.45161e-05
4.45149e-05
4.45136e-05
4.45124e-05
4.45112e-05
4.451e-05
4.45088e-05
4.45076e-05
4.45065e-05
4.45054e-05
4.45043e-05
4.45032e-05
4.45021e-05
4.45011e-05
4.45e-05
4.4499e-05
4.4498e-05
4.44971e-05
4.44961e-05
4.44952e-05
4.44943e-05
4.44934e-05
4.44925e-05
4.44917e-05
4.44908e-05
4.449e-05
4.44892e-05
4.44884e-05
4.44876e-05
4.44869e-05
4.44862e-05
4.44854e-05
4.44847e-05
4.4484e-05
4.44833e-05
4.44826e-05
4.44819e-05
4.44813e-05
4.44806e-05
4.44799e-05
4.44791e-05
4.44784e-05
4.44776e-05
4.44768e-05
4.4476e-05
4.44752e-05
4.44746e-05
4.44746e-05
4.44768e-05
4.44794e-05
4.44892e-05
4.45029e-05
4.45358e-05
4.45346e-05
4.45334e-05
4.45321e-05
4.45309e-05
4.45297e-05
4.45285e-05
4.45272e-05
4.4526e-05
4.45248e-05
4.45236e-05
4.45224e-05
4.45212e-05
4.452e-05
4.45188e-05
4.45176e-05
4.45164e-05
4.45152e-05
4.45141e-05
4.45129e-05
4.45118e-05
4.45107e-05
4.45096e-05
4.45085e-05
4.45074e-05
4.45064e-05
4.45053e-05
4.45043e-05
4.45032e-05
4.45022e-05
4.45013e-05
4.45003e-05
4.44993e-05
4.44984e-05
4.44975e-05
4.44966e-05
4.44957e-05
4.44948e-05
4.4494e-05
4.44931e-05
4.44923e-05
4.44915e-05
4.44908e-05
4.449e-05
4.44892e-05
4.44885e-05
4.44878e-05
4.44871e-05
4.44864e-05
4.44857e-05
4.44851e-05
4.44844e-05
4.44838e-05
4.44832e-05
4.44826e-05
4.4482e-05
4.44814e-05
4.44808e-05
4.44802e-05
4.44796e-05
4.44791e-05
4.44785e-05
4.44779e-05
4.44773e-05
4.44766e-05
4.44759e-05
4.44752e-05
4.44746e-05
4.44741e-05
4.44755e-05
4.4477e-05
4.44845e-05
4.44972e-05
4.45274e-05
4.45264e-05
4.45253e-05
4.45243e-05
4.45232e-05
4.45222e-05
4.45211e-05
4.45201e-05
4.4519e-05
4.45179e-05
4.45169e-05
4.45158e-05
4.45148e-05
4.45137e-05
4.45127e-05
4.45117e-05
4.45107e-05
4.45096e-05
4.45086e-05
4.45076e-05
4.45067e-05
4.45057e-05
4.45047e-05
4.45038e-05
4.45028e-05
4.45019e-05
4.4501e-05
4.45001e-05
4.44992e-05
4.44983e-05
4.44975e-05
4.44966e-05
4.44958e-05
4.4495e-05
4.44942e-05
4.44934e-05
4.44926e-05
4.44919e-05
4.44911e-05
4.44904e-05
4.44897e-05
4.4489e-05
4.44883e-05
4.44876e-05
4.4487e-05
4.44863e-05
4.44857e-05
4.44851e-05
4.44845e-05
4.44839e-05
4.44834e-05
4.44828e-05
4.44822e-05
4.44817e-05
4.44812e-05
4.44807e-05
4.44801e-05
4.44796e-05
4.44791e-05
4.44786e-05
4.44782e-05
4.44777e-05
4.44772e-05
4.44767e-05
4.44762e-05
4.44757e-05
4.44751e-05
4.44746e-05
4.44741e-05
4.44746e-05
4.44758e-05
4.44808e-05
4.4492e-05
4.45195e-05
4.45187e-05
4.45178e-05
4.45169e-05
4.4516e-05
4.45152e-05
4.45143e-05
4.45134e-05
4.45125e-05
4.45116e-05
4.45107e-05
4.45098e-05
4.45089e-05
4.4508e-05
4.45071e-05
4.45062e-05
4.45053e-05
4.45044e-05
4.45036e-05
4.45027e-05
4.45019e-05
4.4501e-05
4.45002e-05
4.44994e-05
4.44986e-05
4.44978e-05
4.4497e-05
4.44962e-05
4.44954e-05
4.44947e-05
4.4494e-05
4.44932e-05
4.44925e-05
4.44918e-05
4.44911e-05
4.44904e-05
4.44898e-05
4.44891e-05
4.44885e-05
4.44878e-05
4.44872e-05
4.44866e-05
4.4486e-05
4.44855e-05
4.44849e-05
4.44843e-05
4.44838e-05
4.44833e-05
4.44828e-05
4.44823e-05
4.44818e-05
4.44813e-05
4.44808e-05
4.44803e-05
4.44799e-05
4.44794e-05
4.4479e-05
4.44785e-05
4.44781e-05
4.44777e-05
4.44773e-05
4.44768e-05
4.44765e-05
4.44761e-05
4.44757e-05
4.44753e-05
4.44749e-05
4.44745e-05
4.4474e-05
4.44739e-05
4.4475e-05
4.4478e-05
4.44874e-05
4.45122e-05
4.45115e-05
4.45108e-05
4.45101e-05
4.45094e-05
4.45086e-05
4.45079e-05
4.45071e-05
4.45064e-05
4.45056e-05
4.45049e-05
4.45041e-05
4.45034e-05
4.45026e-05
4.45019e-05
4.45011e-05
4.45004e-05
4.44996e-05
4.44989e-05
4.44982e-05
4.44975e-05
4.44967e-05
4.4496e-05
4.44953e-05
4.44946e-05
4.4494e-05
4.44933e-05
4.44926e-05
4.4492e-05
4.44913e-05
4.44907e-05
4.44901e-05
4.44895e-05
4.44889e-05
4.44883e-05
4.44877e-05
4.44871e-05
4.44866e-05
4.4486e-05
4.44855e-05
4.4485e-05
4.44845e-05
4.44839e-05
4.44835e-05
4.4483e-05
4.44825e-05
4.4482e-05
4.44816e-05
4.44811e-05
4.44807e-05
4.44803e-05
4.44798e-05
4.44794e-05
4.4479e-05
4.44786e-05
4.44782e-05
4.44778e-05
4.44775e-05
4.44771e-05
4.44767e-05
4.44764e-05
4.44761e-05
4.44757e-05
4.44754e-05
4.44751e-05
4.44748e-05
4.44746e-05
4.44743e-05
4.44739e-05
4.44736e-05
4.44743e-05
4.44762e-05
4.44834e-05
4.45055e-05
4.45049e-05
4.45043e-05
4.45038e-05
4.45032e-05
4.45026e-05
4.4502e-05
4.45014e-05
4.45008e-05
4.45001e-05
4.44995e-05
4.44989e-05
4.44983e-05
4.44977e-05
4.4497e-05
4.44964e-05
4.44958e-05
4.44952e-05
4.44946e-05
4.4494e-05
4.44934e-05
4.44928e-05
4.44922e-05
4.44916e-05
4.4491e-05
4.44904e-05
4.44899e-05
4.44893e-05
4.44888e-05
4.44882e-05
4.44877e-05
4.44872e-05
4.44867e-05
4.44862e-05
4.44857e-05
4.44852e-05
4.44847e-05
4.44842e-05
4.44838e-05
4.44833e-05
4.44829e-05
4.44824e-05
4.4482e-05
4.44816e-05
4.44812e-05
4.44808e-05
4.44804e-05
4.448e-05
4.44796e-05
4.44792e-05
4.44789e-05
4.44785e-05
4.44782e-05
4.44778e-05
4.44775e-05
4.44771e-05
4.44768e-05
4.44765e-05
4.44762e-05
4.44759e-05
4.44756e-05
4.44753e-05
4.44751e-05
4.44748e-05
4.44746e-05
4.44744e-05
4.44742e-05
4.4474e-05
4.44738e-05
4.44737e-05
4.44737e-05
4.44756e-05
4.448e-05
4.44992e-05
4.44988e-05
4.44984e-05
4.44979e-05
4.44975e-05
4.4497e-05
4.44965e-05
4.44961e-05
4.44956e-05
4.44951e-05
4.44946e-05
4.44941e-05
4.44936e-05
4.44931e-05
4.44926e-05
4.44921e-05
4.44916e-05
4.44911e-05
4.44906e-05
4.44901e-05
4.44896e-05
4.44891e-05
4.44887e-05
4.44882e-05
4.44877e-05
4.44872e-05
4.44868e-05
4.44863e-05
4.44859e-05
4.44854e-05
4.4485e-05
4.44845e-05
4.44841e-05
4.44837e-05
4.44833e-05
4.44829e-05
4.44825e-05
4.44821e-05
4.44817e-05
4.44813e-05
4.4481e-05
4.44806e-05
4.44802e-05
4.44799e-05
4.44795e-05
4.44792e-05
4.44789e-05
4.44786e-05
4.44782e-05
4.44779e-05
4.44776e-05
4.44773e-05
4.4477e-05
4.44767e-05
4.44764e-05
4.44762e-05
4.44759e-05
4.44756e-05
4.44754e-05
4.44751e-05
4.44749e-05
4.44747e-05
4.44745e-05
4.44743e-05
4.44741e-05
4.44739e-05
4.44738e-05
4.44737e-05
4.44736e-05
4.44736e-05
4.44735e-05
4.44747e-05
4.44774e-05
4.44936e-05
4.44933e-05
4.44929e-05
4.44926e-05
4.44923e-05
4.44919e-05
4.44916e-05
4.44912e-05
4.44909e-05
4.44905e-05
4.44901e-05
4.44898e-05
4.44894e-05
4.4489e-05
4.44886e-05
4.44882e-05
4.44878e-05
4.44874e-05
4.4487e-05
4.44866e-05
4.44863e-05
4.44859e-05
4.44855e-05
4.44851e-05
4.44847e-05
4.44843e-05
4.4484e-05
4.44836e-05
4.44832e-05
4.44829e-05
4.44825e-05
4.44822e-05
4.44818e-05
4.44815e-05
4.44811e-05
4.44808e-05
4.44805e-05
4.44802e-05
4.44798e-05
4.44795e-05
4.44792e-05
4.44789e-05
4.44786e-05
4.44784e-05
4.44781e-05
4.44778e-05
4.44775e-05
4.44773e-05
4.4477e-05
4.44767e-05
4.44765e-05
4.44762e-05
4.4476e-05
4.44758e-05
4.44755e-05
4.44753e-05
4.44751e-05
4.44749e-05
4.44747e-05
4.44745e-05
4.44743e-05
4.44741e-05
4.4474e-05
4.44738e-05
4.44737e-05
4.44736e-05
4.44735e-05
4.44734e-05
4.44734e-05
4.44735e-05
4.44735e-05
4.44741e-05
4.44756e-05
4.44757e-05
4.44885e-05
4.44883e-05
4.44881e-05
4.44879e-05
4.44876e-05
4.44874e-05
4.44872e-05
4.44869e-05
4.44867e-05
4.44864e-05
4.44861e-05
4.44858e-05
4.44856e-05
4.44853e-05
4.4485e-05
4.44847e-05
4.44844e-05
4.44841e-05
4.44838e-05
4.44835e-05
4.44832e-05
4.44829e-05
4.44826e-05
4.44823e-05
4.44821e-05
4.44818e-05
4.44815e-05
4.44812e-05
4.44809e-05
4.44806e-05
4.44803e-05
4.448e-05
4.44798e-05
4.44795e-05
4.44792e-05
4.4479e-05
4.44787e-05
4.44785e-05
4.44782e-05
4.4478e-05
4.44777e-05
4.44775e-05
4.44772e-05
4.4477e-05
4.44768e-05
4.44766e-05
4.44763e-05
4.44761e-05
4.44759e-05
4.44757e-05
4.44755e-05
4.44753e-05
4.44751e-05
4.44749e-05
4.44747e-05
4.44746e-05
4.44744e-05
4.44742e-05
4.44741e-05
4.44739e-05
4.44738e-05
4.44737e-05
4.44736e-05
4.44735e-05
4.44734e-05
4.44733e-05
4.44732e-05
4.44732e-05
4.44733e-05
4.44733e-05
4.44735e-05
4.44736e-05
4.44746e-05
4.44746e-05
4.44841e-05
4.44839e-05
4.44838e-05
4.44837e-05
4.44835e-05
4.44834e-05
4.44832e-05
4.44831e-05
4.44829e-05
4.44827e-05
4.44826e-05
4.44824e-05
4.44822e-05
4.4482e-05
4.44818e-05
4.44816e-05
4.44814e-05
4.44812e-05
4.4481e-05
4.44808e-05
4.44806e-05
4.44804e-05
4.44802e-05
4.44799e-05
4.44797e-05
4.44795e-05
4.44793e-05
4.44791e-05
4.44788e-05
4.44786e-05
4.44784e-05
4.44782e-05
4.4478e-05
4.44778e-05
4.44776e-05
4.44774e-05
4.44772e-05
4.4477e-05
4.44768e-05
4.44766e-05
4.44764e-05
4.44762e-05
4.4476e-05
4.44759e-05
4.44757e-05
4.44755e-05
4.44753e-05
4.44752e-05
4.4475e-05
4.44748e-05
4.44747e-05
4.44745e-05
4.44744e-05
4.44742e-05
4.44741e-05
4.4474e-05
4.44738e-05
4.44737e-05
4.44736e-05
4.44735e-05
4.44734e-05
4.44733e-05
4.44733e-05
4.44732e-05
4.44731e-05
4.44731e-05
4.44731e-05
4.44731e-05
4.44732e-05
4.44733e-05
4.44735e-05
4.44735e-05
4.4474e-05
4.4474e-05
4.44802e-05
4.44801e-05
4.44801e-05
4.448e-05
4.44799e-05
4.44799e-05
4.44798e-05
4.44797e-05
4.44796e-05
4.44796e-05
4.44795e-05
4.44794e-05
4.44793e-05
4.44792e-05
4.4479e-05
4.44789e-05
4.44788e-05
4.44787e-05
4.44785e-05
4.44784e-05
4.44783e-05
4.44781e-05
4.4478e-05
4.44778e-05
4.44777e-05
4.44776e-05
4.44774e-05
4.44772e-05
4.44771e-05
4.44769e-05
4.44768e-05
4.44766e-05
4.44765e-05
4.44763e-05
4.44762e-05
4.4476e-05
4.44759e-05
4.44757e-05
4.44756e-05
4.44755e-05
4.44753e-05
4.44752e-05
4.4475e-05
4.44749e-05
4.44748e-05
4.44746e-05
4.44745e-05
4.44744e-05
4.44743e-05
4.44742e-05
4.4474e-05
4.44739e-05
4.44738e-05
4.44737e-05
4.44736e-05
4.44735e-05
4.44735e-05
4.44734e-05
4.44733e-05
4.44732e-05
4.44732e-05
4.44731e-05
4.44731e-05
4.4473e-05
4.4473e-05
4.4473e-05
4.4473e-05
4.4473e-05
4.44732e-05
4.44734e-05
4.44736e-05
4.44736e-05
4.44738e-05
4.44737e-05
4.44769e-05
4.44769e-05
4.44769e-05
4.44768e-05
4.44768e-05
4.44768e-05
4.44769e-05
4.44768e-05
4.44768e-05
4.44768e-05
4.44768e-05
4.44768e-05
4.44767e-05
4.44767e-05
4.44766e-05
4.44766e-05
4.44765e-05
4.44765e-05
4.44764e-05
4.44764e-05
4.44763e-05
4.44762e-05
4.44762e-05
4.44761e-05
4.4476e-05
4.44759e-05
4.44758e-05
4.44757e-05
4.44756e-05
4.44755e-05
4.44754e-05
4.44753e-05
4.44752e-05
4.44751e-05
4.4475e-05
4.44749e-05
4.44748e-05
4.44747e-05
4.44746e-05
4.44746e-05
4.44745e-05
4.44744e-05
4.44743e-05
4.44742e-05
4.44741e-05
4.4474e-05
4.44739e-05
4.44738e-05
4.44737e-05
4.44737e-05
4.44736e-05
4.44735e-05
4.44735e-05
4.44734e-05
4.44733e-05
4.44733e-05
4.44732e-05
4.44732e-05
4.44731e-05
4.44731e-05
4.44731e-05
4.4473e-05
4.4473e-05
4.4473e-05
4.4473e-05
4.44731e-05
4.44731e-05
4.44731e-05
4.44732e-05
4.44733e-05
4.44735e-05
4.44736e-05
4.44737e-05
4.44734e-05
4.44749e-05
4.44749e-05
4.44748e-05
4.44748e-05
4.44748e-05
4.44747e-05
4.44747e-05
4.44747e-05
4.44747e-05
4.44747e-05
4.44746e-05
4.44746e-05
4.44746e-05
4.44747e-05
4.44747e-05
4.44747e-05
4.44747e-05
4.44747e-05
4.44747e-05
4.44747e-05
4.44747e-05
4.44747e-05
4.44747e-05
4.44746e-05
4.44746e-05
4.44746e-05
4.44746e-05
4.44745e-05
4.44745e-05
4.44744e-05
4.44744e-05
4.44743e-05
4.44743e-05
4.44742e-05
4.44742e-05
4.44741e-05
4.44741e-05
4.4474e-05
4.4474e-05
4.44739e-05
4.44738e-05
4.44738e-05
4.44737e-05
4.44737e-05
4.44736e-05
4.44736e-05
4.44735e-05
4.44735e-05
4.44734e-05
4.44734e-05
4.44734e-05
4.44733e-05
4.44733e-05
4.44733e-05
4.44732e-05
4.44732e-05
4.44732e-05
4.44731e-05
4.44732e-05
4.44732e-05
4.44732e-05
4.44732e-05
4.44732e-05
4.44732e-05
4.44731e-05
4.44731e-05
4.44731e-05
4.44731e-05
4.44731e-05
4.44732e-05
4.44733e-05
4.44734e-05
4.44738e-05
4.44733e-05
4.44745e-05
4.44745e-05
4.44744e-05
4.44744e-05
4.44743e-05
4.44743e-05
4.44742e-05
4.44742e-05
4.44741e-05
4.44741e-05
4.4474e-05
4.4474e-05
4.44739e-05
4.44739e-05
4.44739e-05
4.44738e-05
4.44738e-05
4.44738e-05
4.44738e-05
4.44737e-05
4.44737e-05
4.44737e-05
4.44737e-05
4.44737e-05
4.44738e-05
4.44738e-05
4.44738e-05
4.44738e-05
4.44738e-05
4.44738e-05
4.44738e-05
4.44737e-05
4.44737e-05
4.44737e-05
4.44737e-05
4.44737e-05
4.44736e-05
4.44736e-05
4.44736e-05
4.44736e-05
4.44735e-05
4.44735e-05
4.44735e-05
4.44734e-05
4.44734e-05
4.44734e-05
4.44734e-05
4.44733e-05
4.44733e-05
4.44733e-05
4.44733e-05
4.44733e-05
4.44733e-05
4.44734e-05
4.44734e-05
4.44734e-05
4.44734e-05
4.44734e-05
4.44733e-05
4.44733e-05
4.44733e-05
4.44732e-05
4.44732e-05
4.44731e-05
4.44731e-05
4.4473e-05
4.4473e-05
4.44729e-05
4.44729e-05
4.44729e-05
4.4473e-05
4.44732e-05
4.44736e-05
4.44734e-05
4.44759e-05
4.44758e-05
4.44757e-05
4.44757e-05
4.44756e-05
4.44755e-05
4.44755e-05
4.44754e-05
4.44753e-05
4.44752e-05
4.44752e-05
4.44751e-05
4.4475e-05
4.44749e-05
4.44749e-05
4.44748e-05
4.44747e-05
4.44746e-05
4.44746e-05
4.44745e-05
4.44744e-05
4.44744e-05
4.44743e-05
4.44743e-05
4.44742e-05
4.44742e-05
4.44741e-05
4.44741e-05
4.4474e-05
4.4474e-05
4.4474e-05
4.44739e-05
4.44739e-05
4.44739e-05
4.44738e-05
4.44738e-05
4.44738e-05
4.44738e-05
4.44738e-05
4.44737e-05
4.44737e-05
4.44737e-05
4.44737e-05
4.44737e-05
4.44736e-05
4.44736e-05
4.44736e-05
4.44736e-05
4.44736e-05
4.44736e-05
4.44735e-05
4.44735e-05
4.44735e-05
4.44735e-05
4.44734e-05
4.44734e-05
4.44734e-05
4.44733e-05
4.44733e-05
4.44732e-05
4.44732e-05
4.44731e-05
4.4473e-05
4.4473e-05
4.44729e-05
4.44728e-05
4.44727e-05
4.44727e-05
4.44726e-05
4.44726e-05
4.44727e-05
4.44728e-05
4.44733e-05
4.44733e-05
4.44775e-05
4.44774e-05
4.44773e-05
4.44772e-05
4.44772e-05
4.44771e-05
4.4477e-05
4.44769e-05
4.44768e-05
4.44767e-05
4.44766e-05
4.44765e-05
4.44764e-05
4.44763e-05
4.44762e-05
4.44761e-05
4.4476e-05
4.44759e-05
4.44758e-05
4.44757e-05
4.44756e-05
4.44755e-05
4.44754e-05
4.44753e-05
4.44752e-05
4.44751e-05
4.44751e-05
4.4475e-05
4.44749e-05
4.44748e-05
4.44747e-05
4.44747e-05
4.44746e-05
4.44745e-05
4.44745e-05
4.44744e-05
4.44743e-05
4.44743e-05
4.44742e-05
4.44741e-05
4.44741e-05
4.4474e-05
4.4474e-05
4.44739e-05
4.44738e-05
4.44738e-05
4.44737e-05
4.44737e-05
4.44736e-05
4.44736e-05
4.44735e-05
4.44734e-05
4.44734e-05
4.44733e-05
4.44733e-05
4.44732e-05
4.44731e-05
4.44731e-05
4.4473e-05
4.44729e-05
4.44729e-05
4.44728e-05
4.44727e-05
4.44726e-05
4.44726e-05
4.44725e-05
4.44724e-05
4.44723e-05
4.44722e-05
4.44722e-05
4.44722e-05
4.44724e-05
4.44729e-05
4.44731e-05
4.44784e-05
4.44783e-05
4.44782e-05
4.44781e-05
4.4478e-05
4.44779e-05
4.44778e-05
4.44777e-05
4.44776e-05
4.44775e-05
4.44774e-05
4.44772e-05
4.44771e-05
4.4477e-05
4.44769e-05
4.44768e-05
4.44767e-05
4.44766e-05
4.44764e-05
4.44763e-05
4.44762e-05
4.44761e-05
4.4476e-05
4.44759e-05
4.44758e-05
4.44757e-05
4.44755e-05
4.44754e-05
4.44753e-05
4.44752e-05
4.44751e-05
4.4475e-05
4.44749e-05
4.44748e-05
4.44747e-05
4.44746e-05
4.44745e-05
4.44744e-05
4.44743e-05
4.44742e-05
4.44741e-05
4.4474e-05
4.44739e-05
4.44739e-05
4.44738e-05
4.44737e-05
4.44736e-05
4.44735e-05
4.44734e-05
4.44733e-05
4.44732e-05
4.44732e-05
4.44731e-05
4.4473e-05
4.44729e-05
4.44728e-05
4.44727e-05
4.44727e-05
4.44726e-05
4.44725e-05
4.44724e-05
4.44723e-05
4.44722e-05
4.44722e-05
4.44721e-05
4.4472e-05
4.44719e-05
4.44718e-05
4.44717e-05
4.44717e-05
4.44717e-05
4.44718e-05
4.44724e-05
4.44727e-05
4.44785e-05
4.44784e-05
4.44783e-05
4.44782e-05
4.44781e-05
4.4478e-05
4.44779e-05
4.44777e-05
4.44776e-05
4.44775e-05
4.44774e-05
4.44773e-05
4.44772e-05
4.44771e-05
4.4477e-05
4.44768e-05
4.44767e-05
4.44766e-05
4.44765e-05
4.44764e-05
4.44762e-05
4.44761e-05
4.4476e-05
4.44759e-05
4.44758e-05
4.44756e-05
4.44755e-05
4.44754e-05
4.44753e-05
4.44752e-05
4.4475e-05
4.44749e-05
4.44748e-05
4.44747e-05
4.44746e-05
4.44744e-05
4.44743e-05
4.44742e-05
4.44741e-05
4.4474e-05
4.44739e-05
4.44737e-05
4.44736e-05
4.44735e-05
4.44734e-05
4.44733e-05
4.44732e-05
4.44731e-05
4.4473e-05
4.44729e-05
4.44727e-05
4.44726e-05
4.44725e-05
4.44724e-05
4.44723e-05
4.44722e-05
4.44721e-05
4.4472e-05
4.44719e-05
4.44718e-05
4.44717e-05
4.44717e-05
4.44716e-05
4.44715e-05
4.44714e-05
4.44713e-05
4.44713e-05
4.44712e-05
4.44711e-05
4.4471e-05
4.4471e-05
4.44711e-05
4.44717e-05
4.44722e-05
4.44779e-05
4.44778e-05
4.44777e-05
4.44776e-05
4.44775e-05
4.44774e-05
4.44773e-05
4.44772e-05
4.44771e-05
4.44769e-05
4.44768e-05
4.44767e-05
4.44766e-05
4.44765e-05
4.44764e-05
4.44763e-05
4.44762e-05
4.4476e-05
4.44759e-05
4.44758e-05
4.44757e-05
4.44756e-05
4.44754e-05
4.44753e-05
4.44752e-05
4.44751e-05
4.4475e-05
4.44748e-05
4.44747e-05
4.44746e-05
4.44745e-05
4.44743e-05
4.44742e-05
4.44741e-05
4.4474e-05
4.44738e-05
4.44737e-05
4.44736e-05
4.44735e-05
4.44733e-05
4.44732e-05
4.44731e-05
4.4473e-05
4.44728e-05
4.44727e-05
4.44726e-05
4.44725e-05
4.44723e-05
4.44722e-05
4.44721e-05
4.4472e-05
4.44719e-05
4.44717e-05
4.44716e-05
4.44715e-05
4.44714e-05
4.44713e-05
4.44712e-05
4.44711e-05
4.4471e-05
4.44709e-05
4.44708e-05
4.44707e-05
4.44706e-05
4.44706e-05
4.44705e-05
4.44705e-05
4.44704e-05
4.44704e-05
4.44703e-05
4.44703e-05
4.44703e-05
4.44709e-05
4.44715e-05
4.44768e-05
4.44767e-05
4.44766e-05
4.44765e-05
4.44763e-05
4.44762e-05
4.44761e-05
4.4476e-05
4.44759e-05
4.44758e-05
4.44757e-05
4.44756e-05
4.44755e-05
4.44754e-05
4.44753e-05
4.44751e-05
4.4475e-05
4.44749e-05
4.44748e-05
4.44747e-05
4.44746e-05
4.44745e-05
4.44744e-05
4.44742e-05
4.44741e-05
4.4474e-05
4.44739e-05
4.44738e-05
4.44737e-05
4.44735e-05
4.44734e-05
4.44733e-05
4.44732e-05
4.44731e-05
4.44729e-05
4.44728e-05
4.44727e-05
4.44726e-05
4.44724e-05
4.44723e-05
4.44722e-05
4.44721e-05
4.44719e-05
4.44718e-05
4.44717e-05
4.44716e-05
4.44714e-05
4.44713e-05
4.44712e-05
4.44711e-05
4.44709e-05
4.44708e-05
4.44707e-05
4.44706e-05
4.44704e-05
4.44703e-05
4.44702e-05
4.44701e-05
4.447e-05
4.44699e-05
4.44698e-05
4.44697e-05
4.44697e-05
4.44696e-05
4.44695e-05
4.44695e-05
4.44695e-05
4.44695e-05
4.44694e-05
4.44694e-05
4.44694e-05
4.44694e-05
4.44699e-05
4.44706e-05
4.44752e-05
4.44751e-05
4.4475e-05
4.44749e-05
4.44748e-05
4.44746e-05
4.44745e-05
4.44744e-05
4.44743e-05
4.44742e-05
4.44741e-05
4.4474e-05
4.44739e-05
4.44738e-05
4.44737e-05
4.44736e-05
4.44735e-05
4.44734e-05
4.44732e-05
4.44731e-05
4.4473e-05
4.44729e-05
4.44728e-05
4.44727e-05
4.44726e-05
4.44725e-05
4.44724e-05
4.44723e-05
4.44722e-05
4.44721e-05
4.44719e-05
4.44718e-05
4.44717e-05
4.44716e-05
4.44715e-05
4.44714e-05
4.44713e-05
4.44711e-05
4.4471e-05
4.44709e-05
4.44708e-05
4.44707e-05
4.44706e-05
4.44704e-05
4.44703e-05
4.44702e-05
4.44701e-05
4.44699e-05
4.44698e-05
4.44697e-05
4.44696e-05
4.44695e-05
4.44693e-05
4.44692e-05
4.44691e-05
4.4469e-05
4.44689e-05
4.44688e-05
4.44687e-05
4.44686e-05
4.44685e-05
4.44685e-05
4.44684e-05
4.44684e-05
4.44683e-05
4.44683e-05
4.44683e-05
4.44683e-05
4.44683e-05
4.44683e-05
4.44683e-05
4.44684e-05
4.44689e-05
4.44696e-05
4.44733e-05
4.44732e-05
4.44731e-05
4.44729e-05
4.44728e-05
4.44727e-05
4.44726e-05
4.44725e-05
4.44724e-05
4.44723e-05
4.44722e-05
4.4472e-05
4.44719e-05
4.44718e-05
4.44717e-05
4.44716e-05
4.44715e-05
4.44714e-05
4.44713e-05
4.44712e-05
4.44711e-05
4.4471e-05
4.44709e-05
4.44708e-05
4.44707e-05
4.44706e-05
4.44705e-05
4.44704e-05
4.44703e-05
4.44702e-05
4.44701e-05
4.447e-05
4.44699e-05
4.44698e-05
4.44697e-05
4.44696e-05
4.44694e-05
4.44693e-05
4.44692e-05
4.44691e-05
4.4469e-05
4.44689e-05
4.44688e-05
4.44687e-05
4.44686e-05
4.44685e-05
4.44684e-05
4.44683e-05
4.44682e-05
4.44681e-05
4.44679e-05
4.44678e-05
4.44677e-05
4.44676e-05
4.44675e-05
4.44674e-05
4.44673e-05
4.44673e-05
4.44672e-05
4.44671e-05
4.4467e-05
4.4467e-05
4.44669e-05
4.44669e-05
4.44669e-05
4.44669e-05
4.44669e-05
4.4467e-05
4.4467e-05
4.44671e-05
4.44671e-05
4.44672e-05
4.44676e-05
4.44684e-05
4.44712e-05
4.4471e-05
4.44709e-05
4.44708e-05
4.44706e-05
4.44705e-05
4.44704e-05
4.44703e-05
4.44701e-05
4.447e-05
4.44699e-05
4.44698e-05
4.44697e-05
4.44696e-05
4.44695e-05
4.44693e-05
4.44692e-05
4.44691e-05
4.4469e-05
4.44689e-05
4.44688e-05
4.44687e-05
4.44686e-05
4.44685e-05
4.44684e-05
4.44683e-05
4.44682e-05
4.44681e-05
4.4468e-05
4.44679e-05
4.44678e-05
4.44677e-05
4.44677e-05
4.44676e-05
4.44675e-05
4.44674e-05
4.44673e-05
4.44672e-05
4.44671e-05
4.4467e-05
4.44669e-05
4.44668e-05
4.44667e-05
4.44666e-05
4.44665e-05
4.44664e-05
4.44664e-05
4.44663e-05
4.44662e-05
4.44661e-05
4.4466e-05
4.44659e-05
4.44658e-05
4.44657e-05
4.44657e-05
4.44656e-05
4.44655e-05
4.44654e-05
4.44654e-05
4.44653e-05
4.44653e-05
4.44653e-05
4.44653e-05
4.44652e-05
4.44653e-05
4.44653e-05
4.44654e-05
4.44654e-05
4.44655e-05
4.44656e-05
4.44657e-05
4.44658e-05
4.44662e-05
4.4467e-05
4.44688e-05
4.44686e-05
4.44685e-05
4.44683e-05
4.44682e-05
4.44681e-05
4.44679e-05
4.44678e-05
4.44676e-05
4.44675e-05
4.44674e-05
4.44673e-05
4.44671e-05
4.4467e-05
4.44669e-05
4.44668e-05
4.44667e-05
4.44666e-05
4.44665e-05
4.44663e-05
4.44662e-05
4.44661e-05
4.4466e-05
4.44659e-05
4.44658e-05
4.44657e-05
4.44656e-05
4.44656e-05
4.44655e-05
4.44654e-05
4.44653e-05
4.44652e-05
4.44651e-05
4.4465e-05
4.44649e-05
4.44649e-05
4.44648e-05
4.44647e-05
4.44646e-05
4.44645e-05
4.44645e-05
4.44644e-05
4.44643e-05
4.44642e-05
4.44642e-05
4.44641e-05
4.4464e-05
4.44639e-05
4.44639e-05
4.44638e-05
4.44637e-05
4.44637e-05
4.44636e-05
4.44636e-05
4.44635e-05
4.44635e-05
4.44634e-05
4.44634e-05
4.44633e-05
4.44633e-05
4.44633e-05
4.44633e-05
4.44633e-05
4.44634e-05
4.44634e-05
4.44635e-05
4.44636e-05
4.44637e-05
4.44638e-05
4.4464e-05
4.44641e-05
4.44643e-05
4.44647e-05
4.44654e-05
4.44662e-05
4.4466e-05
4.44658e-05
4.44656e-05
4.44655e-05
4.44653e-05
4.44652e-05
4.4465e-05
4.44649e-05
4.44647e-05
4.44646e-05
4.44644e-05
4.44643e-05
4.44642e-05
4.44641e-05
4.44639e-05
4.44638e-05
4.44637e-05
4.44636e-05
4.44635e-05
4.44634e-05
4.44632e-05
4.44631e-05
4.4463e-05
4.44629e-05
4.44628e-05
4.44628e-05
4.44627e-05
4.44626e-05
4.44625e-05
4.44624e-05
4.44623e-05
4.44622e-05
4.44622e-05
4.44621e-05
4.4462e-05
4.44619e-05
4.44619e-05
4.44618e-05
4.44617e-05
4.44617e-05
4.44616e-05
4.44616e-05
4.44615e-05
4.44614e-05
4.44614e-05
4.44613e-05
4.44613e-05
4.44613e-05
4.44612e-05
4.44612e-05
4.44611e-05
4.44611e-05
4.44611e-05
4.44611e-05
4.4461e-05
4.4461e-05
4.4461e-05
4.4461e-05
4.4461e-05
4.44611e-05
4.44611e-05
4.44611e-05
4.44612e-05
4.44613e-05
4.44614e-05
4.44615e-05
4.44617e-05
4.44619e-05
4.44621e-05
4.44623e-05
4.44625e-05
4.44629e-05
4.44636e-05
4.44632e-05
4.4463e-05
4.44628e-05
4.44626e-05
4.44625e-05
4.44623e-05
4.44621e-05
4.44619e-05
4.44618e-05
4.44616e-05
4.44615e-05
4.44613e-05
4.44612e-05
4.4461e-05
4.44609e-05
4.44607e-05
4.44606e-05
4.44605e-05
4.44604e-05
4.44602e-05
4.44601e-05
4.446e-05
4.44599e-05
4.44598e-05
4.44597e-05
4.44596e-05
4.44595e-05
4.44594e-05
4.44593e-05
4.44593e-05
4.44592e-05
4.44591e-05
4.4459e-05
4.4459e-05
4.44589e-05
4.44588e-05
4.44588e-05
4.44587e-05
4.44587e-05
4.44586e-05
4.44586e-05
4.44585e-05
4.44585e-05
4.44584e-05
4.44584e-05
4.44584e-05
4.44584e-05
4.44583e-05
4.44583e-05
4.44583e-05
4.44583e-05
4.44583e-05
4.44583e-05
4.44583e-05
4.44583e-05
4.44583e-05
4.44583e-05
4.44584e-05
4.44584e-05
4.44585e-05
4.44585e-05
4.44586e-05
4.44587e-05
4.44588e-05
4.44589e-05
4.44591e-05
4.44592e-05
4.44594e-05
4.44597e-05
4.44599e-05
4.44602e-05
4.44604e-05
4.44609e-05
4.44615e-05
4.44599e-05
4.44597e-05
4.44595e-05
4.44593e-05
4.4459e-05
4.44588e-05
4.44587e-05
4.44585e-05
4.44583e-05
4.44581e-05
4.44579e-05
4.44578e-05
4.44576e-05
4.44575e-05
4.44573e-05
4.44572e-05
4.4457e-05
4.44569e-05
4.44568e-05
4.44566e-05
4.44565e-05
4.44564e-05
4.44563e-05
4.44562e-05
4.44561e-05
4.4456e-05
4.44559e-05
4.44558e-05
4.44557e-05
4.44557e-05
4.44556e-05
4.44555e-05
4.44555e-05
4.44554e-05
4.44554e-05
4.44553e-05
4.44553e-05
4.44552e-05
4.44552e-05
4.44551e-05
4.44551e-05
4.44551e-05
4.44551e-05
4.44551e-05
4.4455e-05
4.4455e-05
4.4455e-05
4.4455e-05
4.4455e-05
4.44551e-05
4.44551e-05
4.44551e-05
4.44551e-05
4.44552e-05
4.44552e-05
4.44553e-05
4.44553e-05
4.44554e-05
4.44555e-05
4.44556e-05
4.44557e-05
4.44558e-05
4.44559e-05
4.44561e-05
4.44563e-05
4.44564e-05
4.44567e-05
4.44569e-05
4.44572e-05
4.44575e-05
4.44578e-05
4.44581e-05
4.44586e-05
4.44592e-05
4.44561e-05
4.44559e-05
4.44556e-05
4.44554e-05
4.44552e-05
4.4455e-05
4.44547e-05
4.44545e-05
4.44543e-05
4.44541e-05
4.4454e-05
4.44538e-05
4.44536e-05
4.44535e-05
4.44533e-05
4.44531e-05
4.4453e-05
4.44529e-05
4.44527e-05
4.44526e-05
4.44525e-05
4.44524e-05
4.44523e-05
4.44522e-05
4.44521e-05
4.4452e-05
4.44519e-05
4.44518e-05
4.44518e-05
4.44517e-05
4.44516e-05
4.44516e-05
4.44515e-05
4.44515e-05
4.44514e-05
4.44514e-05
4.44514e-05
4.44513e-05
4.44513e-05
4.44513e-05
4.44513e-05
4.44513e-05
4.44513e-05
4.44513e-05
4.44513e-05
4.44513e-05
4.44514e-05
4.44514e-05
4.44514e-05
4.44515e-05
4.44515e-05
4.44516e-05
4.44517e-05
4.44517e-05
4.44518e-05
4.44519e-05
4.4452e-05
4.44521e-05
4.44523e-05
4.44524e-05
4.44525e-05
4.44527e-05
4.44529e-05
4.44531e-05
4.44533e-05
4.44535e-05
4.44538e-05
4.44541e-05
4.44544e-05
4.44547e-05
4.44551e-05
4.44554e-05
4.4456e-05
4.44565e-05
4.44518e-05
4.44515e-05
4.44513e-05
4.4451e-05
4.44508e-05
4.44505e-05
4.44503e-05
4.44501e-05
4.44499e-05
4.44497e-05
4.44495e-05
4.44493e-05
4.44491e-05
4.44489e-05
4.44488e-05
4.44486e-05
4.44485e-05
4.44483e-05
4.44482e-05
4.44481e-05
4.4448e-05
4.44479e-05
4.44478e-05
4.44477e-05
4.44476e-05
4.44475e-05
4.44474e-05
4.44474e-05
4.44473e-05
4.44473e-05
4.44472e-05
4.44472e-05
4.44472e-05
4.44471e-05
4.44471e-05
4.44471e-05
4.44471e-05
4.44471e-05
4.44471e-05
4.44471e-05
4.44471e-05
4.44471e-05
4.44472e-05
4.44472e-05
4.44473e-05
4.44473e-05
4.44474e-05
4.44474e-05
4.44475e-05
4.44476e-05
4.44477e-05
4.44478e-05
4.44479e-05
4.4448e-05
4.44481e-05
4.44482e-05
4.44484e-05
4.44485e-05
4.44487e-05
4.44489e-05
4.44491e-05
4.44493e-05
4.44495e-05
4.44497e-05
4.445e-05
4.44503e-05
4.44506e-05
4.44509e-05
4.44513e-05
4.44516e-05
4.4452e-05
4.44524e-05
4.4453e-05
4.44535e-05
4.44468e-05
4.44465e-05
4.44462e-05
4.44459e-05
4.44457e-05
4.44454e-05
4.44452e-05
4.44449e-05
4.44447e-05
4.44445e-05
4.44443e-05
4.44441e-05
4.4444e-05
4.44438e-05
4.44437e-05
4.44435e-05
4.44434e-05
4.44433e-05
4.44431e-05
4.4443e-05
4.44429e-05
4.44428e-05
4.44428e-05
4.44427e-05
4.44426e-05
4.44426e-05
4.44425e-05
4.44425e-05
4.44424e-05
4.44424e-05
4.44424e-05
4.44424e-05
4.44424e-05
4.44424e-05
4.44424e-05
4.44424e-05
4.44424e-05
4.44424e-05
4.44425e-05
4.44425e-05
4.44425e-05
4.44426e-05
4.44427e-05
4.44427e-05
4.44428e-05
4.44429e-05
4.4443e-05
4.44431e-05
4.44432e-05
4.44433e-05
4.44434e-05
4.44436e-05
4.44437e-05
4.44439e-05
4.4444e-05
4.44442e-05
4.44444e-05
4.44446e-05
4.44448e-05
4.4445e-05
4.44452e-05
4.44455e-05
4.44458e-05
4.4446e-05
4.44464e-05
4.44467e-05
4.4447e-05
4.44474e-05
4.44478e-05
4.44482e-05
4.44486e-05
4.44491e-05
4.44496e-05
4.44501e-05
4.44409e-05
4.44406e-05
4.44403e-05
4.44401e-05
4.44398e-05
4.44395e-05
4.44393e-05
4.44391e-05
4.44389e-05
4.44387e-05
4.44385e-05
4.44383e-05
4.44382e-05
4.4438e-05
4.44379e-05
4.44378e-05
4.44376e-05
4.44375e-05
4.44374e-05
4.44374e-05
4.44373e-05
4.44372e-05
4.44372e-05
4.44371e-05
4.44371e-05
4.44371e-05
4.4437e-05
4.4437e-05
4.4437e-05
4.4437e-05
4.44371e-05
4.44371e-05
4.44371e-05
4.44371e-05
4.44372e-05
4.44372e-05
4.44373e-05
4.44374e-05
4.44374e-05
4.44375e-05
4.44376e-05
4.44377e-05
4.44378e-05
4.44379e-05
4.4438e-05
4.44381e-05
4.44382e-05
4.44384e-05
4.44385e-05
4.44387e-05
4.44388e-05
4.4439e-05
4.44392e-05
4.44394e-05
4.44396e-05
4.44398e-05
4.444e-05
4.44403e-05
4.44405e-05
4.44408e-05
4.4441e-05
4.44413e-05
4.44416e-05
4.4442e-05
4.44423e-05
4.44427e-05
4.44431e-05
4.44434e-05
4.44439e-05
4.44443e-05
4.44448e-05
4.44452e-05
4.44458e-05
4.44463e-05
4.4434e-05
4.44337e-05
4.44334e-05
4.44331e-05
4.44329e-05
4.44327e-05
4.44325e-05
4.44323e-05
4.44321e-05
4.44319e-05
4.44318e-05
4.44316e-05
4.44315e-05
4.44314e-05
4.44313e-05
4.44312e-05
4.44312e-05
4.44311e-05
4.44311e-05
4.4431e-05
4.4431e-05
4.4431e-05
4.4431e-05
4.4431e-05
4.4431e-05
4.4431e-05
4.44311e-05
4.44311e-05
4.44311e-05
4.44312e-05
4.44313e-05
4.44313e-05
4.44314e-05
4.44315e-05
4.44316e-05
4.44317e-05
4.44318e-05
4.44319e-05
4.4432e-05
4.44321e-05
4.44322e-05
4.44324e-05
4.44325e-05
4.44327e-05
4.44328e-05
4.4433e-05
4.44332e-05
4.44333e-05
4.44335e-05
4.44337e-05
4.44339e-05
4.44341e-05
4.44343e-05
4.44345e-05
4.44348e-05
4.4435e-05
4.44353e-05
4.44356e-05
4.44358e-05
4.44361e-05
4.44364e-05
4.44368e-05
4.44371e-05
4.44375e-05
4.44378e-05
4.44382e-05
4.44386e-05
4.44391e-05
4.44395e-05
4.444e-05
4.44404e-05
4.44409e-05
4.44414e-05
4.44419e-05
4.44424e-05
4.44258e-05
4.44256e-05
4.44253e-05
4.44251e-05
4.44249e-05
4.44247e-05
4.44246e-05
4.44244e-05
4.44243e-05
4.44242e-05
4.44241e-05
4.44241e-05
4.4424e-05
4.4424e-05
4.44239e-05
4.44239e-05
4.44239e-05
4.44239e-05
4.4424e-05
4.4424e-05
4.4424e-05
4.44241e-05
4.44242e-05
4.44242e-05
4.44243e-05
4.44244e-05
4.44245e-05
4.44246e-05
4.44247e-05
4.44249e-05
4.4425e-05
4.44251e-05
4.44253e-05
4.44254e-05
4.44256e-05
4.44257e-05
4.44259e-05
4.4426e-05
4.44262e-05
4.44264e-05
4.44266e-05
4.44267e-05
4.44269e-05
4.44271e-05
4.44273e-05
4.44275e-05
4.44277e-05
4.44279e-05
4.44282e-05
4.44284e-05
4.44286e-05
4.44289e-05
4.44291e-05
4.44294e-05
4.44296e-05
4.44299e-05
4.44302e-05
4.44305e-05
4.44308e-05
4.44311e-05
4.44314e-05
4.44318e-05
4.44321e-05
4.44325e-05
4.44329e-05
4.44333e-05
4.44337e-05
4.44342e-05
4.44346e-05
4.44351e-05
4.44355e-05
4.4436e-05
4.44365e-05
4.4437e-05
4.44374e-05
4.44162e-05
4.44161e-05
4.4416e-05
4.44159e-05
4.44159e-05
4.44158e-05
4.44158e-05
4.44157e-05
4.44157e-05
4.44157e-05
4.44157e-05
4.44157e-05
4.44157e-05
4.44158e-05
4.44158e-05
4.44159e-05
4.4416e-05
4.44161e-05
4.44162e-05
4.44163e-05
4.44165e-05
4.44166e-05
4.44168e-05
4.4417e-05
4.44171e-05
4.44173e-05
4.44175e-05
4.44177e-05
4.44179e-05
4.44181e-05
4.44183e-05
4.44186e-05
4.44188e-05
4.4419e-05
4.44192e-05
4.44195e-05
4.44197e-05
4.44199e-05
4.44201e-05
4.44204e-05
4.44206e-05
4.44208e-05
4.44211e-05
4.44213e-05
4.44215e-05
4.44218e-05
4.4422e-05
4.44223e-05
4.44225e-05
4.44228e-05
4.4423e-05
4.44233e-05
4.44236e-05
4.44239e-05
4.44241e-05
4.44244e-05
4.44247e-05
4.4425e-05
4.44253e-05
4.44257e-05
4.4426e-05
4.44264e-05
4.44267e-05
4.44271e-05
4.44275e-05
4.44279e-05
4.44283e-05
4.44287e-05
4.44292e-05
4.44296e-05
4.443e-05
4.44304e-05
4.44309e-05
4.44313e-05
4.44317e-05
4.44107e-05
4.44106e-05
4.44105e-05
4.44103e-05
4.44102e-05
4.441e-05
4.44098e-05
4.44097e-05
4.44095e-05
4.44093e-05
4.44092e-05
4.44091e-05
4.4409e-05
4.44089e-05
4.44089e-05
4.44089e-05
4.44089e-05
4.4409e-05
4.44091e-05
4.44092e-05
4.44093e-05
4.44094e-05
4.44096e-05
4.44097e-05
4.44099e-05
4.44102e-05
4.44104e-05
4.44107e-05
4.4411e-05
4.44113e-05
4.44116e-05
4.44118e-05
4.44121e-05
4.44124e-05
4.44127e-05
4.44131e-05
4.44134e-05
4.44137e-05
4.44139e-05
4.44142e-05
4.44145e-05
4.44148e-05
4.44151e-05
4.44154e-05
4.44156e-05
4.44159e-05
4.44162e-05
4.44164e-05
4.44167e-05
4.4417e-05
4.44172e-05
4.44175e-05
4.44178e-05
4.44181e-05
4.44183e-05
4.44186e-05
4.44189e-05
4.44192e-05
4.44195e-05
4.44198e-05
4.44202e-05
4.44205e-05
4.44208e-05
4.44212e-05
4.44215e-05
4.44219e-05
4.44223e-05
4.44227e-05
4.44231e-05
4.44234e-05
4.44238e-05
4.44242e-05
4.44246e-05
4.4425e-05
4.44253e-05
4.44172e-05
4.4417e-05
4.44167e-05
4.44162e-05
4.44156e-05
4.44149e-05
4.44142e-05
4.44134e-05
4.44126e-05
4.44119e-05
4.44111e-05
4.44104e-05
4.44098e-05
4.44091e-05
4.44085e-05
4.4408e-05
4.44074e-05
4.44069e-05
4.44065e-05
4.44061e-05
4.44057e-05
4.44054e-05
4.44051e-05
4.44049e-05
4.44048e-05
4.44047e-05
4.44047e-05
4.44048e-05
4.44049e-05
4.44051e-05
4.44054e-05
4.44056e-05
4.44059e-05
4.44062e-05
4.44065e-05
4.44069e-05
4.44073e-05
4.44076e-05
4.4408e-05
4.44083e-05
4.44086e-05
4.44089e-05
4.44092e-05
4.44095e-05
4.44098e-05
4.441e-05
4.44103e-05
4.44106e-05
4.44108e-05
4.44111e-05
4.44113e-05
4.44116e-05
4.44118e-05
4.44121e-05
4.44123e-05
4.44126e-05
4.44128e-05
4.44131e-05
4.44133e-05
4.44136e-05
4.44139e-05
4.44141e-05
4.44144e-05
4.44147e-05
4.4415e-05
4.44153e-05
4.44156e-05
4.44159e-05
4.44162e-05
4.44165e-05
4.44168e-05
4.44171e-05
4.44174e-05
4.44177e-05
4.44179e-05
4.44236e-05
4.44223e-05
4.4421e-05
4.44197e-05
4.44185e-05
4.44174e-05
4.44163e-05
4.44153e-05
4.44143e-05
4.44134e-05
4.44125e-05
4.44117e-05
4.44109e-05
4.44101e-05
4.44094e-05
4.44087e-05
4.4408e-05
4.44073e-05
4.44067e-05
4.44061e-05
4.44056e-05
4.4405e-05
4.44045e-05
4.4404e-05
4.44036e-05
4.44033e-05
4.4403e-05
4.44028e-05
4.44027e-05
4.44025e-05
4.44023e-05
4.44021e-05
4.4402e-05
4.44018e-05
4.44018e-05
4.44019e-05
4.44022e-05
4.44025e-05
4.44028e-05
4.44031e-05
4.44034e-05
4.44036e-05
4.44039e-05
4.44041e-05
4.44043e-05
4.44045e-05
4.44047e-05
4.44049e-05
4.44051e-05
4.44053e-05
4.44055e-05
4.44056e-05
4.44058e-05
4.4406e-05
4.44061e-05
4.44063e-05
4.44065e-05
4.44066e-05
4.44068e-05
4.4407e-05
4.44071e-05
4.44073e-05
4.44075e-05
4.44077e-05
4.44079e-05
4.4408e-05
4.44082e-05
4.44084e-05
4.44086e-05
4.44088e-05
4.44089e-05
4.4409e-05
4.44093e-05
4.44094e-05
4.44095e-05
)
;

boundaryField
{
    walls
    {
        type            fixedValue;
        value           uniform 0;
    }
    frontAndBack
    {
        type            empty;
    }
    farfield
    {
        type            inletOutlet;
        inletValue      uniform 4.44e-05;
        value           uniform 4.44e-05;
    }
    procBoundary2to0
    {
        type            processor;
        value           nonuniform List<scalar> 
113
(
5.59397e-06
1.72845e-05
2.80065e-05
3.72022e-05
4.5212e-05
5.22456e-05
5.81073e-05
6.2499e-05
6.51239e-05
6.51239e-05
8.05418e-05
8.05418e-05
0.000106377
0.000106377
0.000137836
0.000142305
0.000143484
0.00014073
0.000133428
0.000120932
0.000104256
8.53429e-05
6.68503e-05
5.54358e-05
4.79199e-05
4.37863e-05
4.19059e-05
4.28045e-05
4.3734e-05
4.38542e-05
4.36331e-05
4.3781e-05
4.3781e-05
4.42075e-05
4.44573e-05
4.46043e-05
4.47203e-05
4.48045e-05
4.48526e-05
4.48695e-05
4.48616e-05
4.48381e-05
4.48086e-05
4.47824e-05
4.47793e-05
4.47982e-05
4.45571e-05
4.45438e-05
4.45491e-05
4.45632e-05
4.45796e-05
4.47035e-05
4.45793e-05
4.45571e-05
4.454e-05
4.45243e-05
4.4512e-05
4.45066e-05
4.45037e-05
4.4503e-05
4.45102e-05
4.45102e-05
4.45047e-05
4.45038e-05
4.45067e-05
4.45067e-05
4.44993e-05
4.44953e-05
4.44923e-05
4.449e-05
4.44873e-05
4.44849e-05
4.44831e-05
4.44817e-05
4.44807e-05
4.44799e-05
4.44794e-05
4.44789e-05
4.44783e-05
4.44775e-05
4.44767e-05
4.44767e-05
4.44735e-05
4.44733e-05
4.44734e-05
4.44733e-05
4.44734e-05
4.44735e-05
4.44734e-05
4.44732e-05
4.44729e-05
4.44725e-05
4.4472e-05
4.44713e-05
4.44705e-05
4.44696e-05
4.44684e-05
4.44671e-05
4.44656e-05
4.44638e-05
4.44618e-05
4.44595e-05
4.44569e-05
4.4454e-05
4.44506e-05
4.44467e-05
4.44467e-05
4.44428e-05
4.44378e-05
4.44321e-05
4.44256e-05
4.44181e-05
4.44097e-05
)
;
    }
    procBoundary2to3
    {
        type            processor;
        value           nonuniform List<scalar> 
108
(
2.16759e-06
6.77893e-06
1.19711e-05
1.78008e-05
2.43282e-05
3.16169e-05
3.97342e-05
4.87364e-05
5.86229e-05
6.93044e-05
8.06729e-05
9.26759e-05
0.000105315
0.000118615
0.000132606
0.000147305
0.000162717
0.000178823
0.000195587
0.000216578
0.000216085
0.00021557
0.000215048
0.000214519
0.000213991
0.000213469
0.000212947
0.000212947
0.000235842
0.000255093
0.000274717
0.000294533
0.000314315
0.000333781
0.000352587
0.000370314
0.000386458
0.000400417
0.000411475
0.000418785
0.000418785
0.000424445
0.000421599
0.000411646
0.000393096
0.000364321
0.000323645
0.000269572
0.000201412
0.000121804
6.27278e-05
4.51613e-05
4.35548e-05
4.39601e-05
4.42986e-05
4.44683e-05
4.45453e-05
4.458e-05
4.45954e-05
4.46022e-05
4.46055e-05
4.46077e-05
4.46091e-05
4.46093e-05
4.46077e-05
4.46035e-05
4.45968e-05
4.45879e-05
4.45776e-05
4.45668e-05
4.45562e-05
4.45462e-05
4.4537e-05
4.45284e-05
4.45204e-05
4.45129e-05
4.4506e-05
4.44996e-05
4.44939e-05
4.44887e-05
4.44842e-05
4.44802e-05
4.4477e-05
4.44749e-05
4.44745e-05
4.44759e-05
4.44776e-05
4.44785e-05
4.44786e-05
4.4478e-05
4.44769e-05
4.44753e-05
4.44734e-05
4.44713e-05
4.44689e-05
4.44663e-05
4.44634e-05
4.44601e-05
4.44564e-05
4.44521e-05
4.44471e-05
4.44413e-05
4.44343e-05
4.44261e-05
4.44163e-05
4.44108e-05
4.44172e-05
4.44258e-05
)
;
    }
}


// ************************************************************************* //
