/*--------------------------------*- C++ -*----------------------------------*\
| =========                 |                                                 |
| \\      /  F ield         | OpenFOAM: The Open Source CFD Toolbox           |
|  \\    /   O peration     | Version:  2412                                  |
|   \\  /    A nd           | Website:  www.openfoam.com                      |
|    \\/     M anipulation  |                                                 |
\*---------------------------------------------------------------------------*/
FoamFile
{
    version     2.0;
    format      ascii;
    arch        "LSB;label=32;scalar=64";
    class       volScalarField;
    location    "320";
    object      nut;
}
// * * * * * * * * * * * * * * * * * * * * * * * * * * * * * * * * * * * * * //

dimensions      [0 2 -1 0 0 0 0];

internalField   nonuniform List<scalar> 
7387
(
2.04982e-12
1.95522e-12
1.86337e-12
1.77452e-12
1.68847e-12
1.60528e-12
1.52487e-12
1.44712e-12
1.37202e-12
1.29965e-12
1.23011e-12
1.16344e-12
1.09936e-12
1.03795e-12
9.7935e-13
9.23416e-13
8.70059e-13
8.19281e-13
7.71095e-13
7.25526e-13
6.82433e-13
6.41712e-13
6.03397e-13
5.67325e-13
5.33455e-13
5.01739e-13
4.72008e-13
4.44191e-13
4.1823e-13
3.94021e-13
3.7147e-13
3.50467e-13
3.30957e-13
3.12836e-13
2.96019e-13
2.80425e-13
2.65974e-13
2.52599e-13
2.40239e-13
2.28818e-13
2.18273e-13
2.08592e-13
1.99719e-13
1.91577e-13
1.84079e-13
1.77216e-13
1.71075e-13
1.65756e-13
1.61221e-13
1.57121e-13
1.53253e-13
1.49514e-13
1.4655e-13
1.45189e-13
1.45795e-13
1.48612e-13
1.52157e-13
1.54829e-13
1.56686e-13
1.56889e-13
1.57409e-13
1.63554e-13
1.79382e-13
2.09566e-13
2.65215e-13
3.75058e-13
4.6994e-13
4.0105e-13
1.79101e-13
2.59136e-14
1.20601e-14
1.43292e-14
1.97795e-10
1.88667e-10
1.79807e-10
1.71231e-10
1.62934e-10
1.54909e-10
1.47148e-10
1.39647e-10
1.32404e-10
1.25424e-10
1.18713e-10
1.12272e-10
1.06091e-10
1.00172e-10
9.45165e-11
8.91184e-11
8.3969e-11
7.90709e-11
7.44236e-11
7.0026e-11
6.5867e-11
6.19378e-11
5.82395e-11
5.47589e-11
5.14907e-11
4.84277e-11
4.55574e-11
4.28738e-11
4.03682e-11
3.80317e-11
3.58557e-11
3.38293e-11
3.19459e-11
3.0197e-11
2.85736e-11
2.70684e-11
2.56742e-11
2.43837e-11
2.31903e-11
2.20877e-11
2.10705e-11
2.01355e-11
1.9279e-11
1.8493e-11
1.77694e-11
1.71068e-11
1.65135e-11
1.59993e-11
1.55601e-11
1.51635e-11
1.47897e-11
1.44288e-11
1.4142e-11
1.4007e-11
1.4059e-11
1.43199e-11
1.46507e-11
1.49017e-11
1.50761e-11
1.50962e-11
1.51484e-11
1.57267e-11
1.72107e-11
2.00343e-11
2.52022e-11
3.51746e-11
4.36891e-11
3.77775e-11
1.73159e-11
2.49791e-12
1.14606e-12
1.37306e-12
1.95238e-09
1.86234e-09
1.77495e-09
1.69034e-09
1.6085e-09
1.52936e-09
1.45283e-09
1.37884e-09
1.30741e-09
1.23857e-09
1.17235e-09
1.10877e-09
1.04781e-09
9.89435e-10
9.33629e-10
8.80354e-10
8.2955e-10
7.81231e-10
7.35386e-10
6.91973e-10
6.50911e-10
6.12142e-10
5.75628e-10
5.4127e-10
5.09002e-10
4.78746e-10
4.50405e-10
4.23909e-10
3.99164e-10
3.76085e-10
3.54591e-10
3.34579e-10
3.15976e-10
2.98699e-10
2.82662e-10
2.67792e-10
2.54019e-10
2.4127e-10
2.2948e-10
2.18586e-10
2.08535e-10
1.99294e-10
1.90827e-10
1.83057e-10
1.75904e-10
1.69354e-10
1.63483e-10
1.58381e-10
1.54011e-10
1.50072e-10
1.46369e-10
1.42806e-10
1.39957e-10
1.38554e-10
1.38944e-10
1.41318e-10
1.44381e-10
1.46734e-10
1.48366e-10
1.48578e-10
1.49113e-10
1.54546e-10
1.68419e-10
1.9465e-10
2.42129e-10
3.3059e-10
4.05122e-10
3.58506e-10
1.73139e-10
2.56427e-11
1.11614e-11
1.36518e-11
9.74259e-09
9.29401e-09
8.8585e-09
8.43691e-09
8.029e-09
7.63458e-09
7.25333e-09
6.88475e-09
6.52878e-09
6.18565e-09
5.85555e-09
5.53869e-09
5.23481e-09
4.94381e-09
4.66555e-09
4.39986e-09
4.14657e-09
3.90564e-09
3.67698e-09
3.46037e-09
3.2555e-09
3.06207e-09
2.87981e-09
2.70833e-09
2.54725e-09
2.39619e-09
2.25471e-09
2.12239e-09
1.99881e-09
1.88354e-09
1.77615e-09
1.67618e-09
1.58324e-09
1.4969e-09
1.41677e-09
1.34246e-09
1.27361e-09
1.20988e-09
1.15095e-09
1.0965e-09
1.04624e-09
1.00003e-09
9.57668e-10
9.18791e-10
8.8301e-10
8.5023e-10
8.20811e-10
7.95155e-10
7.7309e-10
7.53236e-10
7.34645e-10
7.16852e-10
7.02488e-10
6.94966e-10
6.96e-10
7.06388e-10
7.20217e-10
7.3104e-10
7.38532e-10
7.39695e-10
7.42511e-10
7.67676e-10
8.31527e-10
9.51242e-10
1.165e-09
1.54561e-09
1.8608e-09
1.69345e-09
8.80239e-10
1.40782e-10
5.52326e-11
7.00294e-11
3.48733e-08
3.32723e-08
3.17177e-08
3.02122e-08
2.87557e-08
2.7347e-08
2.59854e-08
2.46692e-08
2.33979e-08
2.2172e-08
2.09927e-08
1.98603e-08
1.87744e-08
1.77344e-08
1.67396e-08
1.57896e-08
1.48839e-08
1.40223e-08
1.32044e-08
1.24293e-08
1.16962e-08
1.10039e-08
1.03513e-08
9.73721e-09
9.16026e-09
8.61913e-09
8.11222e-09
7.63805e-09
7.19514e-09
6.78187e-09
6.39681e-09
6.03831e-09
5.70498e-09
5.39526e-09
5.10774e-09
4.84108e-09
4.594e-09
4.36532e-09
4.15378e-09
3.9583e-09
3.77787e-09
3.61187e-09
3.45962e-09
3.31988e-09
3.19129e-09
3.07347e-09
2.96751e-09
2.8747e-09
2.79449e-09
2.72242e-09
2.65526e-09
2.59143e-09
2.53926e-09
2.50988e-09
2.50925e-09
2.53967e-09
2.58239e-09
2.61678e-09
2.64056e-09
2.64506e-09
2.65575e-09
2.73727e-09
2.94208e-09
3.32234e-09
3.99156e-09
5.11968e-09
6.03216e-09
5.65098e-09
3.21148e-09
5.95244e-10
1.98736e-10
2.64954e-10
1.02539e-07
9.78542e-08
9.3303e-08
8.8894e-08
8.46273e-08
8.05001e-08
7.65106e-08
7.26542e-08
6.89283e-08
6.53349e-08
6.18772e-08
5.8556e-08
5.53701e-08
5.23183e-08
4.93987e-08
4.66101e-08
4.39509e-08
4.14203e-08
3.90169e-08
3.67391e-08
3.45839e-08
3.2548e-08
3.06286e-08
2.88216e-08
2.71233e-08
2.553e-08
2.40371e-08
2.26403e-08
2.13351e-08
2.0117e-08
1.89817e-08
1.79246e-08
1.69414e-08
1.60277e-08
1.51792e-08
1.43922e-08
1.36629e-08
1.29876e-08
1.23629e-08
1.17855e-08
1.12525e-08
1.07618e-08
1.03115e-08
9.89802e-09
9.51772e-09
9.16917e-09
8.85492e-09
8.57815e-09
8.33751e-09
8.12164e-09
7.9216e-09
7.73308e-09
7.57679e-09
7.48139e-09
7.46383e-09
7.52886e-09
7.62991e-09
7.71496e-09
7.77384e-09
7.7875e-09
7.82079e-09
8.03176e-09
8.55384e-09
9.51253e-09
1.11771e-08
1.38077e-08
1.58643e-08
1.52638e-08
9.56965e-09
2.14938e-09
6.0558e-10
8.55391e-10
2.64664e-07
2.52658e-07
2.4099e-07
2.29679e-07
2.18728e-07
2.08135e-07
1.97892e-07
1.87989e-07
1.78419e-07
1.69186e-07
1.60296e-07
1.51755e-07
1.43559e-07
1.35704e-07
1.28188e-07
1.21007e-07
1.14155e-07
1.07633e-07
1.01435e-07
9.55583e-08
8.99952e-08
8.47385e-08
7.97802e-08
7.51101e-08
7.07193e-08
6.65979e-08
6.27346e-08
5.91186e-08
5.57386e-08
5.25829e-08
4.96406e-08
4.68999e-08
4.43499e-08
4.19795e-08
3.97779e-08
3.7735e-08
3.58412e-08
3.40872e-08
3.24642e-08
3.09636e-08
2.95779e-08
2.83017e-08
2.71292e-08
2.60525e-08
2.50624e-08
2.41546e-08
2.33337e-08
2.26061e-08
2.19689e-08
2.13981e-08
2.08726e-08
2.03823e-08
1.99693e-08
1.9695e-08
1.9601e-08
1.96944e-08
1.98796e-08
2.00483e-08
2.01656e-08
2.01998e-08
2.02903e-08
2.07539e-08
2.18748e-08
2.39086e-08
2.74043e-08
3.25222e-08
3.63159e-08
3.57124e-08
2.47429e-08
6.95113e-09
1.73391e-09
2.49041e-09
6.22205e-07
5.94276e-07
5.67112e-07
5.40759e-07
5.15236e-07
4.90533e-07
4.66636e-07
4.43525e-07
4.21184e-07
3.99615e-07
3.78834e-07
3.58857e-07
3.39675e-07
3.21285e-07
3.03678e-07
2.86845e-07
2.70777e-07
2.5547e-07
2.40916e-07
2.27107e-07
2.14027e-07
2.01658e-07
1.89984e-07
1.78984e-07
1.68635e-07
1.58914e-07
1.49797e-07
1.41258e-07
1.33272e-07
1.25813e-07
1.18853e-07
1.12368e-07
1.06331e-07
1.00716e-07
9.54994e-08
9.06565e-08
8.6165e-08
8.20038e-08
7.81515e-08
7.45885e-08
7.12969e-08
6.82626e-08
6.54726e-08
6.29091e-08
6.05521e-08
5.839e-08
5.64281e-08
5.46769e-08
5.31308e-08
5.17468e-08
5.04818e-08
4.93147e-08
4.83143e-08
4.75911e-08
4.72354e-08
4.7252e-08
4.74796e-08
4.7732e-08
4.79099e-08
4.79787e-08
4.81996e-08
4.90896e-08
5.11595e-08
5.48662e-08
6.12239e-08
6.9703e-08
7.54174e-08
7.52858e-08
5.73465e-08
2.06792e-08
4.78312e-09
6.61915e-09
1.36207e-06
1.30182e-06
1.24316e-06
1.18621e-06
1.131e-06
1.07754e-06
1.02578e-06
9.75706e-07
9.27266e-07
8.80465e-07
8.35337e-07
7.91916e-07
7.50195e-07
7.10163e-07
6.71808e-07
6.35111e-07
6.00054e-07
5.66626e-07
5.34815e-07
5.04604e-07
4.75964e-07
4.48857e-07
4.23251e-07
3.99102e-07
3.76364e-07
3.54989e-07
3.34923e-07
3.16116e-07
2.98513e-07
2.82058e-07
2.66696e-07
2.52367e-07
2.39022e-07
2.26602e-07
2.15055e-07
2.04329e-07
1.94376e-07
1.85149e-07
1.76603e-07
1.68694e-07
1.61383e-07
1.54637e-07
1.48427e-07
1.42716e-07
1.37466e-07
1.32648e-07
1.28258e-07
1.24308e-07
1.2079e-07
1.17641e-07
1.14784e-07
1.1218e-07
1.09906e-07
1.0812e-07
1.06997e-07
1.06523e-07
1.06493e-07
1.06666e-07
1.068e-07
1.06898e-07
1.07388e-07
1.08885e-07
1.12129e-07
1.17852e-07
1.27844e-07
1.39618e-07
1.46002e-07
1.46762e-07
1.21603e-07
5.67764e-08
1.27479e-08
1.59687e-08
2.81459e-06
2.69254e-06
2.57358e-06
2.4579e-06
2.34567e-06
2.23689e-06
2.1315e-06
2.02944e-06
1.93064e-06
1.83509e-06
1.74284e-06
1.65399e-06
1.56852e-06
1.48644e-06
1.40771e-06
1.33231e-06
1.26019e-06
1.19136e-06
1.12577e-06
1.06341e-06
1.00422e-06
9.48138e-07
8.951e-07
8.45019e-07
7.97812e-07
7.53386e-07
7.11636e-07
6.72462e-07
6.35758e-07
6.01411e-07
5.69314e-07
5.39349e-07
5.11412e-07
4.85393e-07
4.61179e-07
4.38669e-07
4.17764e-07
3.98369e-07
3.80392e-07
3.63743e-07
3.4834e-07
3.34111e-07
3.20991e-07
3.08918e-07
2.97816e-07
2.87618e-07
2.78286e-07
2.69816e-07
2.62196e-07
2.55373e-07
2.49229e-07
2.43696e-07
2.38776e-07
2.3459e-07
2.31432e-07
2.29242e-07
2.27917e-07
2.27338e-07
2.26983e-07
2.27006e-07
2.27988e-07
2.30121e-07
2.34075e-07
2.40921e-07
2.53878e-07
2.66336e-07
2.68676e-07
2.69635e-07
2.39603e-07
1.40381e-07
3.30225e-08
3.51541e-08
5.53237e-06
5.29918e-06
5.0714e-06
4.84951e-06
4.63389e-06
4.42459e-06
4.22156e-06
4.02471e-06
3.8339e-06
3.64907e-06
3.47038e-06
3.29798e-06
3.13192e-06
2.97221e-06
2.81882e-06
2.67169e-06
2.53077e-06
2.39605e-06
2.26751e-06
2.14509e-06
2.02871e-06
1.91829e-06
1.8137e-06
1.71479e-06
1.62143e-06
1.53343e-06
1.45062e-06
1.37281e-06
1.2998e-06
1.2314e-06
1.16738e-06
1.10756e-06
1.0517e-06
9.99624e-07
9.51106e-07
9.05952e-07
8.63973e-07
8.24983e-07
7.88808e-07
7.55277e-07
7.24221e-07
6.95488e-07
6.6895e-07
6.44499e-07
6.22008e-07
6.01324e-07
5.82304e-07
5.64875e-07
5.4903e-07
5.34821e-07
5.22122e-07
5.10821e-07
5.00578e-07
4.91188e-07
4.83028e-07
4.75971e-07
4.70486e-07
4.67138e-07
4.64958e-07
4.64477e-07
4.66225e-07
4.68424e-07
4.70553e-07
4.74135e-07
4.85423e-07
4.90769e-07
4.77293e-07
4.74071e-07
4.44665e-07
3.14375e-07
8.36178e-08
7.83735e-08
1.03582e-05
9.94073e-06
9.53154e-06
9.13161e-06
8.74187e-06
8.36259e-06
7.99374e-06
7.63528e-06
7.28701e-06
6.94883e-06
6.62104e-06
6.304e-06
5.9979e-06
5.70284e-06
5.41884e-06
5.14582e-06
4.88377e-06
4.63267e-06
4.39255e-06
4.16338e-06
3.94507e-06
3.73747e-06
3.54044e-06
3.35375e-06
3.17717e-06
3.01042e-06
2.85319e-06
2.70519e-06
2.56607e-06
2.43549e-06
2.3131e-06
2.19852e-06
2.09138e-06
1.99133e-06
1.89798e-06
1.81099e-06
1.73001e-06
1.65468e-06
1.5847e-06
1.51976e-06
1.45953e-06
1.4037e-06
1.35204e-06
1.30436e-06
1.26048e-06
1.22006e-06
1.1827e-06
1.14811e-06
1.11631e-06
1.08774e-06
1.06238e-06
1.04005e-06
1.01941e-06
9.99126e-07
9.79399e-07
9.60096e-07
9.43472e-07
9.32213e-07
9.24781e-07
9.2252e-07
9.25131e-07
9.25097e-07
9.17726e-07
9.05445e-07
9.01864e-07
8.83692e-07
8.29409e-07
8.08197e-07
7.92058e-07
6.44495e-07
2.07204e-07
1.77044e-07
1.83666e-05
1.76783e-05
1.70001e-05
1.63339e-05
1.56816e-05
1.5044e-05
1.44213e-05
1.38137e-05
1.3221e-05
1.2643e-05
1.20803e-05
1.15338e-05
1.10041e-05
1.04915e-05
9.99616e-06
9.51824e-06
9.05782e-06
8.61504e-06
8.19011e-06
7.78312e-06
7.39407e-06
7.02293e-06
6.66956e-06
6.33367e-06
6.01502e-06
5.71324e-06
5.42792e-06
5.15861e-06
4.90481e-06
4.666e-06
4.44162e-06
4.23109e-06
4.0338e-06
3.84918e-06
3.67661e-06
3.51547e-06
3.36517e-06
3.22512e-06
3.0948e-06
2.97367e-06
2.86112e-06
2.75658e-06
2.6596e-06
2.56994e-06
2.48732e-06
2.41108e-06
2.34019e-06
2.27384e-06
2.21215e-06
2.15653e-06
2.1075e-06
2.06474e-06
2.02435e-06
1.98203e-06
1.937e-06
1.88942e-06
1.84616e-06
1.81521e-06
1.79463e-06
1.78736e-06
1.79006e-06
1.78121e-06
1.74524e-06
1.6874e-06
1.64053e-06
1.57297e-06
1.42874e-06
1.35188e-06
1.36581e-06
1.22798e-06
5.02506e-07
4.01038e-07
3.16101e-05
3.0569e-05
2.95378e-05
2.85154e-05
2.75051e-05
2.651e-05
2.55318e-05
2.45711e-05
2.36287e-05
2.27044e-05
2.1798e-05
2.09105e-05
2.00434e-05
1.9198e-05
1.83754e-05
1.75762e-05
1.68007e-05
1.60496e-05
1.53232e-05
1.46222e-05
1.39473e-05
1.32986e-05
1.26767e-05
1.20815e-05
1.1513e-05
1.09711e-05
1.04556e-05
9.96598e-06
9.50193e-06
9.06279e-06
8.64798e-06
8.25677e-06
7.8884e-06
7.54206e-06
7.21692e-06
6.91207e-06
6.6266e-06
6.3596e-06
6.11017e-06
5.87749e-06
5.66069e-06
5.45877e-06
5.2707e-06
5.09569e-06
4.93347e-06
4.78375e-06
4.64527e-06
4.51563e-06
4.39293e-06
4.27749e-06
4.173e-06
4.08135e-06
4.00203e-06
3.92544e-06
3.84044e-06
3.74325e-06
3.63519e-06
3.5336e-06
3.45826e-06
3.40775e-06
3.38804e-06
3.3876e-06
3.35432e-06
3.24824e-06
3.08393e-06
2.94699e-06
2.81729e-06
2.48675e-06
2.24425e-06
2.30093e-06
2.20782e-06
1.19445e-06
9.02961e-07
4.89376e-05
4.75272e-05
4.61223e-05
4.47213e-05
4.33283e-05
4.19482e-05
4.05837e-05
3.92361e-05
3.79067e-05
3.65955e-05
3.53021e-05
3.40276e-05
3.27746e-05
3.15453e-05
3.03416e-05
2.91648e-05
2.80157e-05
2.68954e-05
2.5805e-05
2.47459e-05
2.37193e-05
2.27263e-05
2.17678e-05
2.08446e-05
1.99572e-05
1.91059e-05
1.8291e-05
1.75124e-05
1.677e-05
1.60633e-05
1.5392e-05
1.47555e-05
1.41529e-05
1.35836e-05
1.30465e-05
1.25406e-05
1.20648e-05
1.16178e-05
1.11987e-05
1.08061e-05
1.0439e-05
1.00959e-05
9.77511e-06
9.47532e-06
9.19643e-06
8.93833e-06
8.69879e-06
8.47298e-06
8.25675e-06
8.05081e-06
7.86329e-06
7.69922e-06
7.55796e-06
7.41889e-06
7.25697e-06
7.06115e-06
6.83505e-06
6.61688e-06
6.44992e-06
6.33631e-06
6.28791e-06
6.27575e-06
6.18806e-06
5.93578e-06
5.56078e-06
5.30159e-06
5.22689e-06
4.55328e-06
3.74525e-06
3.83549e-06
3.79763e-06
2.76049e-06
2.00687e-06
7.09309e-05
6.91672e-05
6.74047e-05
6.56392e-05
6.38746e-05
6.21173e-05
6.03712e-05
5.86382e-05
5.69203e-05
5.52175e-05
5.35289e-05
5.18558e-05
5.02013e-05
4.85687e-05
4.69607e-05
4.53794e-05
4.38263e-05
4.23028e-05
4.08107e-05
3.93522e-05
3.79292e-05
3.65438e-05
3.51977e-05
3.38927e-05
3.263e-05
3.14106e-05
3.02356e-05
2.91055e-05
2.80209e-05
2.6982e-05
2.59887e-05
2.50409e-05
2.41383e-05
2.32802e-05
2.24661e-05
2.16949e-05
2.09656e-05
2.02769e-05
1.96276e-05
1.90166e-05
1.84425e-05
1.79034e-05
1.73968e-05
1.6921e-05
1.64762e-05
1.60629e-05
1.56777e-05
1.53122e-05
1.49583e-05
1.4617e-05
1.43034e-05
1.40283e-05
1.3792e-05
1.35568e-05
1.32742e-05
1.29176e-05
1.24923e-05
1.20696e-05
1.17337e-05
1.14984e-05
1.13877e-05
1.13459e-05
1.11638e-05
1.06653e-05
9.96138e-06
9.68198e-06
9.78751e-06
8.58206e-06
6.42639e-06
6.39327e-06
6.32044e-06
5.50609e-06
4.3864e-06
9.70077e-05
9.49306e-05
9.28547e-05
9.07693e-05
8.86772e-05
8.65858e-05
8.45002e-05
8.24226e-05
8.03557e-05
7.82997e-05
7.62526e-05
7.42156e-05
7.21922e-05
7.01863e-05
6.82015e-05
6.62407e-05
6.43055e-05
6.23978e-05
6.05198e-05
5.86742e-05
5.68639e-05
5.50916e-05
5.336e-05
5.16717e-05
5.00286e-05
4.84328e-05
4.68861e-05
4.53899e-05
4.39455e-05
4.25538e-05
4.12156e-05
3.99314e-05
3.87013e-05
3.75256e-05
3.64037e-05
3.53354e-05
3.43199e-05
3.3356e-05
3.24427e-05
3.15789e-05
3.07636e-05
2.99943e-05
2.92681e-05
2.85827e-05
2.79387e-05
2.73375e-05
2.6775e-05
2.62386e-05
2.57154e-05
2.52049e-05
2.47297e-05
2.43097e-05
2.39485e-05
2.35906e-05
2.3156e-05
2.25932e-05
2.19007e-05
2.11856e-05
2.0589e-05
2.01506e-05
1.99184e-05
1.98172e-05
1.95198e-05
1.87252e-05
1.76595e-05
1.74755e-05
1.78346e-05
1.58749e-05
1.16543e-05
1.0701e-05
1.02639e-05
9.86015e-06
9.38656e-06
0.000126515
0.000124162
0.000121814
0.000119452
0.000117079
0.000114701
0.000112325
0.000109952
0.000107588
0.000105231
0.000102879
0.000100532
9.81942e-05
9.58699e-05
9.35631e-05
9.12771e-05
8.90139e-05
8.67753e-05
8.45638e-05
8.23824e-05
8.02344e-05
7.81231e-05
7.60519e-05
7.4024e-05
7.2042e-05
7.01088e-05
6.82268e-05
6.63981e-05
6.46247e-05
6.29084e-05
6.12506e-05
5.96526e-05
5.81151e-05
5.6639e-05
5.52245e-05
5.38717e-05
5.25803e-05
5.13497e-05
5.01788e-05
4.90672e-05
4.80139e-05
4.70166e-05
4.60719e-05
4.51767e-05
4.4332e-05
4.35403e-05
4.27976e-05
4.20883e-05
4.13939e-05
4.07107e-05
4.00662e-05
3.94893e-05
3.8991e-05
3.85063e-05
3.79266e-05
3.71706e-05
3.62129e-05
3.51813e-05
3.42693e-05
3.35572e-05
3.31307e-05
3.29321e-05
3.25518e-05
3.15578e-05
3.02285e-05
3.01859e-05
3.08608e-05
2.79729e-05
2.1014e-05
1.7819e-05
1.63313e-05
1.62879e-05
1.85699e-05
0.000159086
0.000156469
0.000153865
0.000151248
0.000148616
0.000145977
0.000143338
0.000140702
0.000138073
0.000135452
0.000132834
0.000130219
0.000127611
0.000125015
0.000122435
0.000119875
0.000117337
0.000114822
0.000112333
0.000109873
0.000107446
0.000105055
0.000102704
0.000100396
9.81356e-05
9.59245e-05
9.37661e-05
9.1663e-05
8.96179e-05
8.76328e-05
8.57098e-05
8.38508e-05
8.20569e-05
8.03296e-05
7.86696e-05
7.70774e-05
7.55533e-05
7.40969e-05
7.27076e-05
7.13851e-05
7.01288e-05
6.89365e-05
6.78047e-05
6.67298e-05
6.57125e-05
6.47561e-05
6.38576e-05
6.30004e-05
6.21622e-05
6.13339e-05
6.05429e-05
5.98243e-05
5.91991e-05
5.86069e-05
5.79238e-05
5.70453e-05
5.59066e-05
5.46297e-05
5.34317e-05
5.24336e-05
5.17645e-05
5.14354e-05
5.10437e-05
5.00836e-05
4.8756e-05
4.88852e-05
4.98904e-05
4.61114e-05
3.61504e-05
2.90702e-05
2.55761e-05
2.52968e-05
3.11563e-05
0.00019479
0.000191891
0.000189016
0.000186132
0.000183232
0.000180325
0.00017742
0.000174519
0.000171628
0.000168746
0.000165871
0.000163
0.000160136
0.000157285
0.000154453
0.000151642
0.000148854
0.000146093
0.000143359
0.000140657
0.000137988
0.000135358
0.00013277
0.000130228
0.000127734
0.000125294
0.000122909
0.000120582
0.000118317
0.000116116
0.000113981
0.000111914
0.000109916
0.00010799
0.000106137
0.000104356
0.00010265
0.000101017
9.9457e-05
9.79702e-05
9.6556e-05
9.52126e-05
9.39363e-05
9.27232e-05
9.15732e-05
9.049e-05
8.9472e-05
8.85038e-05
8.75611e-05
8.66295e-05
8.57312e-05
8.49029e-05
8.41757e-05
8.35054e-05
8.27702e-05
8.18537e-05
8.06538e-05
7.926e-05
7.78774e-05
7.6652e-05
7.57474e-05
7.52757e-05
7.49322e-05
7.42324e-05
7.32556e-05
7.36514e-05
7.49263e-05
7.04723e-05
5.79445e-05
4.58185e-05
3.9208e-05
3.74945e-05
4.64718e-05
0.000234108
0.000230884
0.000227696
0.000224504
0.000221299
0.000218089
0.000214883
0.000211686
0.000208503
0.000205335
0.000202177
0.000199028
0.00019589
0.000192769
0.00018967
0.000186597
0.000183554
0.000180541
0.000177561
0.000174617
0.000171712
0.00016885
0.000166035
0.000163271
0.000160561
0.00015791
0.000155319
0.000152792
0.000150332
0.000147941
0.000145622
0.000143377
0.000141207
0.000139115
0.0001371
0.000135165
0.00013331
0.000131535
0.000129839
0.000128222
0.000126683
0.000125222
0.000123834
0.000122515
0.000121265
0.000120085
0.000118978
0.000117929
0.000116914
0.000115914
0.000114944
0.000114038
0.000113235
0.000112511
0.000111761
0.000110869
0.000109705
0.000108313
0.000106863
0.000105504
0.000104418
0.000103818
0.000103544
0.000103208
0.000102813
0.000103637
0.000105118
0.000100255
8.60423e-05
6.91038e-05
5.82596e-05
5.35514e-05
6.40003e-05
0.000277844
0.000274231
0.000270669
0.00026711
0.000263542
0.000259972
0.00025641
0.000252862
0.000249335
0.000245829
0.00024234
0.000238866
0.000235408
0.000231972
0.000228566
0.000225193
0.000221857
0.000218558
0.0002153
0.000212085
0.000208916
0.000205798
0.000202734
0.000199729
0.000196786
0.000193909
0.0001911
0.000188364
0.000185702
0.000183117
0.000180611
0.000178187
0.000175847
0.000173591
0.000171421
0.000169337
0.000167341
0.000165432
0.000163609
0.000161871
0.000160219
0.000158652
0.000157164
0.000155752
0.000154414
0.000153152
0.000151967
0.000150851
0.000149779
0.00014873
0.000147708
0.000146743
0.000145878
0.000145114
0.000144365
0.000143525
0.000142447
0.000141129
0.000139698
0.00013829
0.000137089
0.000136388
0.000136178
0.000136199
0.000136432
0.0001378
0.000139488
0.000134409
0.00011933
9.89793e-05
8.32957e-05
7.4066e-05
8.36581e-05
0.000327043
0.000322967
0.000318955
0.000314957
0.000310953
0.000306952
0.000302964
0.000298997
0.000295056
0.000291146
0.00028726
0.000283396
0.000279555
0.000275743
0.000271969
0.000268237
0.00026455
0.00026091
0.00025732
0.000253782
0.000250299
0.000246877
0.000243518
0.000240228
0.000237011
0.000233868
0.000230805
0.000227823
0.000224926
0.000222116
0.000219396
0.000216767
0.00021423
0.000211788
0.000209442
0.000207191
0.000205036
0.000202977
0.000201012
0.000199142
0.000197366
0.000195681
0.000194085
0.000192572
0.00019114
0.000189789
0.000188523
0.000187334
0.000186203
0.000185103
0.000184031
0.000183012
0.000182088
0.000181283
0.000180532
0.000179745
0.000178767
0.000177549
0.000176181
0.000174777
0.000173514
0.000172742
0.000172584
0.000172905
0.000173708
0.000175647
0.000177575
0.000172361
0.000156851
0.000134456
0.000114124
9.95823e-05
0.000105813
0.000382945
0.000378322
0.000373779
0.000369259
0.00036474
0.000360228
0.000355734
0.000351268
0.000346836
0.000342443
0.000338085
0.000333755
0.000329457
0.000325197
0.000320982
0.000316819
0.000312711
0.000308662
0.000304672
0.000300745
0.000296884
0.000293095
0.000289381
0.000285746
0.000282195
0.000278732
0.000275359
0.00027208
0.000268898
0.000265814
0.000262832
0.000259953
0.000257178
0.00025451
0.000251947
0.000249492
0.000247143
0.000244901
0.000242764
0.000240732
0.000238803
0.000236975
0.000235245
0.000233609
0.000232061
0.000230602
0.000229235
0.000227957
0.00022675
0.000225585
0.000224452
0.000223369
0.00022238
0.000221524
0.00022076
0.000220011
0.00021913
0.000218006
0.000216713
0.000215339
0.000214047
0.000213228
0.000213114
0.000213683
0.000214974
0.000217453
0.000219632
0.000214257
0.00019836
0.000174567
0.000150156
0.000130119
0.000131063
0.000446973
0.000441717
0.000436551
0.000431421
0.0004263
0.000421191
0.000416107
0.000411056
0.000406048
0.000401089
0.000396174
0.000391298
0.000386461
0.000381671
0.000376936
0.000372263
0.000367658
0.000363121
0.000358656
0.000354266
0.000349955
0.000345726
0.000341586
0.000337538
0.000333587
0.000329736
0.00032599
0.000322351
0.000318822
0.000315406
0.000312104
0.00030892
0.000305853
0.000302906
0.000300078
0.00029737
0.000294782
0.000292313
0.000289961
0.000287726
0.000285605
0.000283598
0.000281701
0.000279907
0.000278212
0.000276616
0.000275122
0.000273729
0.000272421
0.00027117
0.000269957
0.000268794
0.000267724
0.000266802
0.000266007
0.000265279
0.000264475
0.000263436
0.000262216
0.000260881
0.000259578
0.000258726
0.000258657
0.000259438
0.000261147
0.000264109
0.000266502
0.000260863
0.000244373
0.000219179
0.000191109
0.000165668
0.000160032
0.000520741
0.000514757
0.000508875
0.000503042
0.000497227
0.000491431
0.000485665
0.000479941
0.000474268
0.000468654
0.000463095
0.000457585
0.000452124
0.000446719
0.00044138
0.000436114
0.000430927
0.000425822
0.000420801
0.000415868
0.000411027
0.000406283
0.00040164
0.000397104
0.000392679
0.000388369
0.000384179
0.000380111
0.000376169
0.000372355
0.00036867
0.000365118
0.000361699
0.000358415
0.000355265
0.00035225
0.00034937
0.000346623
0.000344008
0.000341523
0.000339166
0.000336936
0.00033483
0.00033284
0.000330962
0.000329194
0.000327539
0.000326
0.000324563
0.000323198
0.000321881
0.000320617
0.000319448
0.000318444
0.0003176
0.000316872
0.000316123
0.000315165
0.000314006
0.000312711
0.000311406
0.000310526
0.000310502
0.000311474
0.000313543
0.000316912
0.00031943
0.000313382
0.000295988
0.000269018
0.000237389
0.000206374
0.000193544
0.000612975
0.000606056
0.000599249
0.000592553
0.000585921
0.000579319
0.000572743
0.000566204
0.000559713
0.000553283
0.000546923
0.000540629
0.000534395
0.000528221
0.000522113
0.000516081
0.000510135
0.00050428
0.000498521
0.000492861
0.000487302
0.000481849
0.000476508
0.000471283
0.000466181
0.000461205
0.000456361
0.000451652
0.000447082
0.000442655
0.000438373
0.000434238
0.000430252
0.000426416
0.000422732
0.000419199
0.000415818
0.000412587
0.000409507
0.000406575
0.000403789
0.000401147
0.000398648
0.000396287
0.000394059
0.000391957
0.000389977
0.000388126
0.000386406
0.000384808
0.000383299
0.000381851
0.000380461
0.000379173
0.000378066
0.000377156
0.00037641
0.000375695
0.000374808
0.000373707
0.000372446
0.000371134
0.000370224
0.000370245
0.000371386
0.000373756
0.000377431
0.000379929
0.000373341
0.000354662
0.000325391
0.000289934
0.000253326
0.000232855
0.000712775
0.000704932
0.000697207
0.000689601
0.000682075
0.000674591
0.000667142
0.000659737
0.000652388
0.000645108
0.000637908
0.000630788
0.000623739
0.000616761
0.00060986
0.000603047
0.00059633
0.00058972
0.000583219
0.000576832
0.000570561
0.000564412
0.00055839
0.000552501
0.00054675
0.000541143
0.000535685
0.000530381
0.000525233
0.000520246
0.000515423
0.000510765
0.000506275
0.000501954
0.000497803
0.000493823
0.000490012
0.000486371
0.000482899
0.000479593
0.00047645
0.00047347
0.000470649
0.000467985
0.000465472
0.000463101
0.000460868
0.00045878
0.000456842
0.000455048
0.000453363
0.000451753
0.000450212
0.00044878
0.000447551
0.000446555
0.000445773
0.000445072
0.000444231
0.00044318
0.000441939
0.00044062
0.000439676
0.000439732
0.000441012
0.000443605
0.000447446
0.00044973
0.000442574
0.000422088
0.000389939
0.000350077
0.000307268
0.000278714
0.000828427
0.000819574
0.000810841
0.000802235
0.000793726
0.000785272
0.000776861
0.000768502
0.000760206
0.000751986
0.000743857
0.000735819
0.000727866
0.000719995
0.000712212
0.000704527
0.000696952
0.000689496
0.000682165
0.000674963
0.000667894
0.000660962
0.000654174
0.000647535
0.000641053
0.000634732
0.000628579
0.000622598
0.000616793
0.000611168
0.000605727
0.000600472
0.000595404
0.000590526
0.000585839
0.000581342
0.000577035
0.000572919
0.000568991
0.00056525
0.000561692
0.000558315
0.000555118
0.000552099
0.000549249
0.000546561
0.000544029
0.000541661
0.000539465
0.000537435
0.000535539
0.000533734
0.000532011
0.00053041
0.000529035
0.000527933
0.000527096
0.00052639
0.000525573
0.000524549
0.000523319
0.000521982
0.000520993
0.000521059
0.000522421
0.000525128
0.00052895
0.000530765
0.000522741
0.000500108
0.000464499
0.000419446
0.000369522
0.000331602
0.000962272
0.000952334
0.000942522
0.000932844
0.000923275
0.000913776
0.000904329
0.000894939
0.000885616
0.000876377
0.000867237
0.000858198
0.000849256
0.000840408
0.000831658
0.000823018
0.000814499
0.000806112
0.000797865
0.000789761
0.000781807
0.000774007
0.000766367
0.000758894
0.000751596
0.000744478
0.000737546
0.000730806
0.000724263
0.00071792
0.000711782
0.000705851
0.00070013
0.00069462
0.000689321
0.000684236
0.000679363
0.000674702
0.000670251
0.000666009
0.000661972
0.000658139
0.000654507
0.000651074
0.000647833
0.000644775
0.000641895
0.000639199
0.0006367
0.000634393
0.000632245
0.00063021
0.000628271
0.00062647
0.000624924
0.000623693
0.000622778
0.000622046
0.000621231
0.000620211
0.00061897
0.000617602
0.000616549
0.000616574
0.000617932
0.000620602
0.000624166
0.000625186
0.000615931
0.000590803
0.000551092
0.00049984
0.000441606
0.000392869
0.00111668
0.00110562
0.0010947
0.0010839
0.00107323
0.00106264
0.0010521
0.00104163
0.00103122
0.0010209
0.00101069
0.00100058
0.000990582
0.000980686
0.000970898
0.000961228
0.000951689
0.000942294
0.000933051
0.000923967
0.000915047
0.000906298
0.000897725
0.000889337
0.00088114
0.000873143
0.000865351
0.000857771
0.000850408
0.000843267
0.000836352
0.000829666
0.000823213
0.000816993
0.000811008
0.000805259
0.000799746
0.000794468
0.000789424
0.000784612
0.000780029
0.000775673
0.000771542
0.000767635
0.000763944
0.00076046
0.000757177
0.000754102
0.000751249
0.00074862
0.000746177
0.00074387
0.000741679
0.000739644
0.000737897
0.000736508
0.000735492
0.000734708
0.000733866
0.000732827
0.000731553
0.000730129
0.000729007
0.000728902
0.000730131
0.00073257
0.000735575
0.000735402
0.000724543
0.0006965
0.000651892
0.000593185
0.000525111
0.000463789
0.00129388
0.00128175
0.00126973
0.00125784
0.00124607
0.00123437
0.00122274
0.00121117
0.00119966
0.00118824
0.00117692
0.00116571
0.00115461
0.00114362
0.00113275
0.001122
0.00111138
0.00110092
0.00109062
0.00108049
0.00107054
0.00106077
0.0010512
0.00104182
0.00103265
0.0010237
0.00101498
0.00100648
0.000998221
0.000990205
0.000982437
0.000974919
0.000967656
0.000960651
0.000953903
0.000947416
0.000941188
0.000935219
0.00092951
0.000924057
0.000918858
0.000913911
0.000909215
0.000904769
0.000900566
0.000896595
0.000892851
0.00088934
0.000886082
0.000883079
0.000880294
0.00087767
0.000875184
0.000872878
0.000870894
0.000869318
0.000868166
0.000867298
0.000866407
0.000865319
0.000863984
0.000862478
0.000861298
0.000860933
0.00086188
0.000863854
0.000865945
0.000864053
0.000851179
0.000819711
0.000769179
0.000701457
0.000621637
0.000545576
0.00149579
0.00148271
0.0014697
0.0014568
0.00144401
0.00143128
0.00141861
0.00140599
0.00139343
0.00138093
0.00136852
0.00135623
0.00134404
0.00133196
0.00131999
0.00130814
0.00129644
0.00128489
0.0012735
0.00126229
0.00125127
0.00124044
0.00122981
0.0012194
0.0012092
0.00119924
0.00118952
0.00118005
0.00117083
0.00116187
0.00115318
0.00114477
0.00113662
0.00112876
0.00112118
0.00111389
0.00110687
0.00110014
0.0010937
0.00108753
0.00108165
0.00107604
0.00107071
0.00106566
0.00106088
0.00105636
0.0010521
0.00104809
0.00104437
0.00104094
0.00103776
0.00103478
0.00103195
0.00102933
0.00102707
0.00102526
0.00102394
0.00102296
0.00102199
0.00102082
0.0010194
0.00101777
0.00101645
0.00101577
0.00101628
0.00101753
0.00101828
0.00101396
0.000998466
0.000963043
0.000905247
0.000826602
0.000732741
0.000639348
0.00172362
0.00170983
0.00169607
0.00168236
0.00166872
0.00165514
0.00164158
0.00162806
0.00161456
0.00160111
0.00158772
0.00157442
0.00156122
0.00154812
0.00153511
0.00152222
0.00150946
0.00149685
0.0014844
0.00147212
0.00146003
0.00144814
0.00143645
0.00142499
0.00141375
0.00140275
0.00139201
0.00138152
0.0013713
0.00136136
0.00135171
0.00134234
0.00133327
0.0013245
0.00131603
0.00130787
0.00130001
0.00129246
0.00128521
0.00127828
0.00127164
0.00126532
0.00125929
0.00125357
0.00124816
0.00124302
0.00123818
0.00123362
0.00122938
0.00122547
0.00122184
0.00121844
0.00121523
0.00121225
0.00120966
0.00120758
0.00120605
0.00120492
0.00120383
0.00120256
0.00120102
0.00119924
0.00119772
0.00119673
0.0011966
0.00119683
0.00119577
0.00118954
0.00117013
0.00112916
0.00106226
0.00097042
0.000859867
0.000746103
0.00197763
0.00196352
0.00194936
0.00193518
0.00192101
0.00190685
0.00189269
0.00187851
0.00186432
0.00185014
0.00183598
0.00182187
0.00180783
0.00179386
0.00177997
0.00176617
0.00175248
0.00173891
0.00172549
0.00171223
0.00169914
0.00168625
0.00167356
0.00166108
0.00164883
0.00163682
0.00162507
0.00161358
0.00160237
0.00159145
0.00158082
0.00157049
0.00156047
0.00155076
0.00154137
0.00153231
0.00152357
0.00151515
0.00150707
0.00149931
0.00149188
0.00148478
0.00147801
0.00147157
0.00146546
0.00145967
0.00145418
0.00144902
0.0014442
0.00143975
0.00143563
0.00143176
0.00142811
0.00142471
0.00142175
0.00141936
0.00141757
0.00141625
0.00141502
0.00141362
0.00141193
0.00140997
0.00140822
0.00140707
0.00140607
0.00140501
0.00140129
0.001393
0.00136861
0.00131984
0.00124194
0.00113443
0.00100426
0.000866689
0.00225694
0.00224301
0.00222893
0.00221475
0.0022005
0.00218619
0.00217181
0.00215736
0.00214284
0.00212827
0.00211367
0.00209906
0.00208447
0.0020699
0.00205538
0.00204091
0.0020265
0.00201219
0.00199799
0.00198392
0.00197
0.00195625
0.00194268
0.00192931
0.00191616
0.00190324
0.00189056
0.00187815
0.001866
0.00185415
0.00184258
0.00183133
0.00182038
0.00180976
0.00179947
0.00178951
0.00177988
0.0017706
0.00176166
0.00175307
0.00174482
0.00173693
0.00172938
0.00172219
0.00171535
0.00170885
0.00170268
0.00169687
0.00169143
0.0016864
0.00168173
0.00167734
0.00167319
0.00166934
0.00166595
0.00166319
0.00166111
0.00165957
0.00165816
0.00165661
0.00165475
0.00165257
0.0016505
0.00164895
0.00164759
0.00164526
0.00163934
0.00162647
0.0015957
0.00153731
0.00144571
0.00131974
0.00116691
0.00100175
0.00255946
0.00254633
0.00253294
0.00251933
0.00250555
0.00249162
0.00247754
0.00246332
0.00244895
0.00243445
0.00241984
0.00240515
0.00239041
0.00237564
0.00236084
0.00234604
0.00233126
0.0023165
0.00230181
0.00228721
0.00227271
0.00225834
0.00224413
0.00223008
0.00221621
0.00220255
0.00218912
0.00217592
0.00216298
0.00215032
0.00213793
0.00212585
0.00211407
0.00210261
0.00209148
0.00208068
0.00207022
0.00206011
0.00205035
0.00204095
0.0020319
0.00202322
0.00201489
0.00200694
0.00199936
0.00199214
0.00198528
0.00197878
0.0019727
0.00196705
0.00196179
0.00195683
0.00195215
0.00194778
0.00194392
0.00194075
0.00193834
0.00193653
0.00193492
0.00193319
0.00193115
0.0019287
0.00192621
0.00192399
0.00192159
0.00191748
0.00190823
0.00189035
0.0018519
0.00178189
0.00167398
0.0015269
0.0013484
0.00115165
0.00288211
0.00287047
0.00285843
0.00284606
0.00283339
0.00282046
0.00280728
0.00279387
0.00278021
0.00276633
0.00275225
0.002738
0.0027236
0.00270909
0.00269449
0.0026798
0.00266504
0.00265026
0.00263546
0.00262069
0.00260596
0.0025913
0.00257675
0.00256231
0.00254801
0.00253387
0.00251992
0.00250618
0.00249266
0.00247938
0.00246636
0.00245361
0.00244116
0.002429
0.00241716
0.00240564
0.00239446
0.00238361
0.00237311
0.00236297
0.00235318
0.00234376
0.00233471
0.00232603
0.00231774
0.00230981
0.00230225
0.00229508
0.00228834
0.00228205
0.00227615
0.0022706
0.00226534
0.00226043
0.00225607
0.00225245
0.00224966
0.00224755
0.00224571
0.00224379
0.00224153
0.00223875
0.00223569
0.00223247
0.00222836
0.00222097
0.0022081
0.00218428
0.00213655
0.0020529
0.0019262
0.00175585
0.00154897
0.0013167
0.00322096
0.00321154
0.0032016
0.00319118
0.00318032
0.00316907
0.00315746
0.0031455
0.00313319
0.00312054
0.00310758
0.00309433
0.00308085
0.00306715
0.00305325
0.00303918
0.00302496
0.00301061
0.00299616
0.00298166
0.00296712
0.00295258
0.00293806
0.0029236
0.00290921
0.00289493
0.00288078
0.00286678
0.00285295
0.00283933
0.00282592
0.00281275
0.00279983
0.00278719
0.00277483
0.00276276
0.00275101
0.00273958
0.00272848
0.00271772
0.0027073
0.00269724
0.00268754
0.00267821
0.00266926
0.00266068
0.00265247
0.00264465
0.00263726
0.0026303
0.00262378
0.0026176
0.00261175
0.00260628
0.00260142
0.00259734
0.00259412
0.0025917
0.00258963
0.00258749
0.00258497
0.00258175
0.00257792
0.00257332
0.0025669
0.00255586
0.00253792
0.00250651
0.00244783
0.00234885
0.00220185
0.00200617
0.00176856
0.00149774
0.00357123
0.00356486
0.00355781
0.00355011
0.00354183
0.00353301
0.00352369
0.00351389
0.0035036
0.00349285
0.00348166
0.00347007
0.00345811
0.00344581
0.00343321
0.00342032
0.00340717
0.00339379
0.00338021
0.00336646
0.00335259
0.00333862
0.00332458
0.00331052
0.00329645
0.00328241
0.00326843
0.00325453
0.00324074
0.00322708
0.00321359
0.00320028
0.00318717
0.00317429
0.00316165
0.00314927
0.00313716
0.00312535
0.00311382
0.00310261
0.00309172
0.00308116
0.00307093
0.00306106
0.00305155
0.0030424
0.0030336
0.00302518
0.00301715
0.00300957
0.00300242
0.00299564
0.00298922
0.00298321
0.00297784
0.00297328
0.00296971
0.00296698
0.00296467
0.00296231
0.00295945
0.00295566
0.00295077
0.00294432
0.00293489
0.00291936
0.00289499
0.00285454
0.00278336
0.00266771
0.0024993
0.00227691
0.00200682
0.00169552
0.00392703
0.00392464
0.00392138
0.00391731
0.00391246
0.00390691
0.0039007
0.00389384
0.00388635
0.00387825
0.00386956
0.00386031
0.00385057
0.00384035
0.00382968
0.00381861
0.00380714
0.00379532
0.00378317
0.00377074
0.00375807
0.00374518
0.00373213
0.00371894
0.00370565
0.0036923
0.0036789
0.00366551
0.00365214
0.00363883
0.00362561
0.0036125
0.00359953
0.00358671
0.00357408
0.00356166
0.00354945
0.00353748
0.00352576
0.00351431
0.00350313
0.00349224
0.00348166
0.00347139
0.00346144
0.00345183
0.00344254
0.00343355
0.00342497
0.00341681
0.00340908
0.00340176
0.00339481
0.00338833
0.00338247
0.00337756
0.00337368
0.00337071
0.00336819
0.00336558
0.00336231
0.00335774
0.00335142
0.00334255
0.0033293
0.00330826
0.00327613
0.00322525
0.00314036
0.00300719
0.0028167
0.00256691
0.0022631
0.00190964
0.00428088
0.00428357
0.00428519
0.00428577
0.00428538
0.00428408
0.00428192
0.00427893
0.00427514
0.00427056
0.00426521
0.00425914
0.00425241
0.00424503
0.00423706
0.00422852
0.00421945
0.00420986
0.00419982
0.00418934
0.00417849
0.00416729
0.0041558
0.00414404
0.00413207
0.00411991
0.00410761
0.00409519
0.0040827
0.00407017
0.00405764
0.00404512
0.00403266
0.00402028
0.00400801
0.00399586
0.00398386
0.00397203
0.00396038
0.00394894
0.00393771
0.00392671
0.00391595
0.00390546
0.00389525
0.00388532
0.0038756
0.0038662
0.00385714
0.0038485
0.0038403
0.00383252
0.00382517
0.00381825
0.00381213
0.00380698
0.00380294
0.00379984
0.00379716
0.00379428
0.00379046
0.00378484
0.00377666
0.00376473
0.00374677
0.00371912
0.0036778
0.00361552
0.00351613
0.00336499
0.00315224
0.00287479
0.00253652
0.00213922
0.00462306
0.00463218
0.00463997
0.00464647
0.00465176
0.0046559
0.00465895
0.00466095
0.00466193
0.00466192
0.00466094
0.00465904
0.00465627
0.00465268
0.00464831
0.00464318
0.00463734
0.00463082
0.00462367
0.00461592
0.00460763
0.00459884
0.0045896
0.00457995
0.00456994
0.0045596
0.00454898
0.00453813
0.00452707
0.00451585
0.00450451
0.00449307
0.00448159
0.00447008
0.00445857
0.0044471
0.00443568
0.00442434
0.00441309
0.00440196
0.00439097
0.00438012
0.00436944
0.00435895
0.00434868
0.00433854
0.00432862
0.00431893
0.00430956
0.0043006
0.00429209
0.00428403
0.00427636
0.00426933
0.00426312
0.00425797
0.00425396
0.00425087
0.00424811
0.00424491
0.00424037
0.0042334
0.00422286
0.00420717
0.00418352
0.0041483
0.00409734
0.00402245
0.00390813
0.00373893
0.00350411
0.00319913
0.002826
0.00238295
0.00494089
0.00495808
0.00497363
0.0049876
0.00500007
0.00501111
0.00502078
0.00502914
0.00503623
0.00504208
0.00504672
0.0050502
0.00505259
0.00505392
0.00505425
0.00505362
0.00505207
0.00504963
0.00504635
0.00504228
0.00503748
0.00503199
0.00502586
0.00501915
0.0050119
0.00500415
0.00499596
0.00498738
0.00497843
0.00496918
0.00495966
0.00494991
0.00493998
0.00492989
0.00491968
0.00490937
0.00489899
0.00488858
0.00487814
0.00486771
0.00485731
0.00484695
0.00483666
0.00482647
0.00481631
0.00480627
0.00479634
0.00478661
0.00477718
0.00476815
0.00475957
0.0047514
0.00474383
0.00473693
0.00473098
0.00472614
0.0047224
0.00471949
0.0047167
0.00471313
0.00470768
0.004699
0.00468564
0.00466564
0.00463588
0.00459259
0.00453131
0.0044435
0.00431389
0.00412678
0.00387039
0.00353838
0.00313033
0.00263975
0.00521791
0.00524517
0.00527044
0.00529378
0.00531527
0.00533499
0.00535303
0.00536944
0.00538427
0.00539756
0.00540937
0.00541974
0.00542874
0.00543643
0.00544285
0.00544805
0.00545208
0.00545497
0.00545679
0.00545759
0.00545743
0.00545635
0.00545441
0.00545167
0.00544819
0.005444
0.00543918
0.00543376
0.00542779
0.00542134
0.00541443
0.00540713
0.00539947
0.00539149
0.00538321
0.00537469
0.00536595
0.00535702
0.00534792
0.00533868
0.00532932
0.00531988
0.00531039
0.0053008
0.00529117
0.00528153
0.00527195
0.00526253
0.00525339
0.00524462
0.00523627
0.00522849
0.00522138
0.00521508
0.00520979
0.0052056
0.00520242
0.00519986
0.0051971
0.00519308
0.00518652
0.00517582
0.00515927
0.00513455
0.00509824
0.00504679
0.00497518
0.0048746
0.00473008
0.00452582
0.00424887
0.00389074
0.00344818
0.00290864
0.00543286
0.00547266
0.00551004
0.00554506
0.00557782
0.00560843
0.00563696
0.0056635
0.00568809
0.0057108
0.00573168
0.0057508
0.00576822
0.00578401
0.00579823
0.00581092
0.00582215
0.00583195
0.00584039
0.00584754
0.00585344
0.00585816
0.00586176
0.00586429
0.00586583
0.00586642
0.00586612
0.00586499
0.00586309
0.00586047
0.00585718
0.00585327
0.0058488
0.00584379
0.00583829
0.00583234
0.00582597
0.00581922
0.00581212
0.0058047
0.00579699
0.00578904
0.00578081
0.00577234
0.0057637
0.00575497
0.00574624
0.00573761
0.00572923
0.00572116
0.00571363
0.00570676
0.00570068
0.00569551
0.00569136
0.00568821
0.00568589
0.00568386
0.00568119
0.00567668
0.00566887
0.00565601
0.00563611
0.00560655
0.00556409
0.00550482
0.00542345
0.00531091
0.00515252
0.00493272
0.00463686
0.00425422
0.00377806
0.00318861
0.00555854
0.00561387
0.00566626
0.0057158
0.0057626
0.00580678
0.00584842
0.00588762
0.00592446
0.00595899
0.0059913
0.00602145
0.00604952
0.00607558
0.0060997
0.00612194
0.00614236
0.00616101
0.00617796
0.00619327
0.00620702
0.00621926
0.00623007
0.0062395
0.00624762
0.00625449
0.00626018
0.00626475
0.00626826
0.00627078
0.00627235
0.00627304
0.00627289
0.00627195
0.00627026
0.00626786
0.00626481
0.00626113
0.00625688
0.00625208
0.00624679
0.00624101
0.00623473
0.00622807
0.00622112
0.00621397
0.00620676
0.00619959
0.00619258
0.00618587
0.00617982
0.00617455
0.00617018
0.00616681
0.00616435
0.0061627
0.00616155
0.00616025
0.00615778
0.00615284
0.00614388
0.00612903
0.00610614
0.00607243
0.00602468
0.00595871
0.00586906
0.00574628
0.00557641
0.00534343
0.00503117
0.00462647
0.0041183
0.00347855
0.00556042
0.00563489
0.0057058
0.00577329
0.00583748
0.00589849
0.00595642
0.00601139
0.00606348
0.00611279
0.0061594
0.00620338
0.00624483
0.00628383
0.00632044
0.00635475
0.00638681
0.0064167
0.00644448
0.00647023
0.00649402
0.00651591
0.00653599
0.00655431
0.00657095
0.00658598
0.00659947
0.00661149
0.00662209
0.00663136
0.00663935
0.00664612
0.00665171
0.00665619
0.00665961
0.00666202
0.00666346
0.00666399
0.00666367
0.00666254
0.00666064
0.00665794
0.00665458
0.00665066
0.00664631
0.00664167
0.00663685
0.00663194
0.00662724
0.00662303
0.00661948
0.00661672
0.0066148
0.00661378
0.00661349
0.00661372
0.00661405
0.00661376
0.00661176
0.00660674
0.00659712
0.00658098
0.00655607
0.00651976
0.00646863
0.00639819
0.0063028
0.00617294
0.00599517
0.00575276
0.00542783
0.00500458
0.00446691
0.00377715
0.00539527
0.00549313
0.00558675
0.00567627
0.00576183
0.00584358
0.00592162
0.00599609
0.00606709
0.00613473
0.00619912
0.00626034
0.00631848
0.00637365
0.00642592
0.00647537
0.00652209
0.00656613
0.0066076
0.00664655
0.00668307
0.00671723
0.00674911
0.00677879
0.00680634
0.00683184
0.00685535
0.00687696
0.00689674
0.00691475
0.00693108
0.00694575
0.00695886
0.00697046
0.00698061
0.00698938
0.00699682
0.007003
0.00700799
0.00701186
0.00701456
0.00701626
0.00701707
0.00701714
0.00701662
0.0070156
0.00701435
0.00701303
0.00701194
0.0070113
0.00701126
0.00701191
0.00701325
0.00701525
0.0070177
0.00702032
0.00702262
0.00702386
0.00702299
0.00701877
0.00700967
0.00699384
0.00696903
0.00693265
0.0068812
0.00680999
0.00671309
0.00658114
0.00640066
0.0061542
0.00582193
0.00538502
0.00482152
0.00408297
0.00501052
0.00513654
0.00525756
0.00537377
0.00548531
0.00559231
0.0056949
0.00579324
0.00588744
0.00597763
0.00606392
0.00614642
0.00622523
0.00630045
0.00637216
0.00644046
0.00650544
0.00656718
0.00662577
0.00668128
0.0067338
0.00678341
0.00683019
0.00687421
0.00691558
0.00695435
0.00699061
0.00702445
0.00705593
0.00708515
0.00711214
0.007137
0.0071598
0.00718063
0.00719954
0.00721662
0.00723195
0.00724562
0.0072577
0.0072682
0.00727725
0.00728501
0.00729164
0.00729727
0.00730212
0.00730638
0.00731025
0.00731398
0.00731782
0.00732195
0.00732651
0.00733152
0.007337
0.00734279
0.00734871
0.00735447
0.0073596
0.00736344
0.00736508
0.00736341
0.00735709
0.00734439
0.00732317
0.00729092
0.00724407
0.00717784
0.00708555
0.00695857
0.00678272
0.00653967
0.00620724
0.00576344
0.00517927
0.00439427
0.00341063
0.00194793
0.00434674
0.00450538
0.0046584
0.00480598
0.00494822
0.00508524
0.00521716
0.00534412
0.00546624
0.00558366
0.00569651
0.00580489
0.0059089
0.00600863
0.00610418
0.00619564
0.00628311
0.00636669
0.00644646
0.00652249
0.00659489
0.00666372
0.00672907
0.00679103
0.00684968
0.0069051
0.00695739
0.00700662
0.00705289
0.00709624
0.00713678
0.0071746
0.00720978
0.00724243
0.00727263
0.00730048
0.00732608
0.00734953
0.00737089
0.00739028
0.00740788
0.00742383
0.00743835
0.00745162
0.00746384
0.0074752
0.00748595
0.00749633
0.00750653
0.00751672
0.00752701
0.00753746
0.00754802
0.00755862
0.00756913
0.00757933
0.00758889
0.00759732
0.00760394
0.00760791
0.00760812
0.00760306
0.00759089
0.00756908
0.00753411
0.00748078
0.00740245
0.00729003
0.00712878
0.00689908
0.00657625
0.00613453
0.00553673
0.00470866
0.00364783
0.00203942
0.00335265
0.00354474
0.00373147
0.00391281
0.0040887
0.00425912
0.00442408
0.00458365
0.00473788
0.00488688
0.00503074
0.00516954
0.00530333
0.00543218
0.00555618
0.00567539
0.00578993
0.00589988
0.0060053
0.00610628
0.00620289
0.00629521
0.00638332
0.00646731
0.00654724
0.00662323
0.00669534
0.00676366
0.00682829
0.00688929
0.00694678
0.00700088
0.00705169
0.00709933
0.0071439
0.00718553
0.00722433
0.00726042
0.00729391
0.00732502
0.00735388
0.00738069
0.00740563
0.0074289
0.0074507
0.00747125
0.00749078
0.00750949
0.00752757
0.00754519
0.0075625
0.00757963
0.00759666
0.00761364
0.00763058
0.00764747
0.00766419
0.00768057
0.00769627
0.00771081
0.00772342
0.00773292
0.00773772
0.00773543
0.00772252
0.00769348
0.00764156
0.00755663
0.00742331
0.00722013
0.00691994
0.00649186
0.0058897
0.00502341
0.003882
0.00212901
0.00207174
0.00227421
0.0024772
0.00267959
0.00288023
0.00307805
0.0032723
0.00346245
0.00364813
0.00382911
0.00400523
0.00417635
0.00434236
0.0045032
0.00465883
0.00480928
0.00495456
0.00509472
0.00522978
0.00535976
0.00548471
0.00560466
0.00571968
0.00582982
0.00593516
0.00603577
0.00613173
0.00622312
0.00631002
0.00639254
0.00647082
0.00654498
0.00661513
0.00668142
0.00674397
0.00680292
0.0068584
0.00691058
0.00695963
0.00700572
0.007049
0.00708963
0.00712778
0.00716364
0.0071974
0.00722928
0.00725948
0.00728825
0.00731582
0.00734246
0.00736846
0.0073941
0.00741969
0.00744554
0.00747194
0.00749916
0.00752748
0.0075571
0.00758817
0.00762065
0.00765422
0.00768817
0.00772116
0.007751
0.00777416
0.00778502
0.00777577
0.00773534
0.00764725
0.00748777
0.00722696
0.0068275
0.00623308
0.00533551
0.00411263
0.00221516
0.000913367
0.00105359
0.00120385
0.00136401
0.00153292
0.00170871
0.00188978
0.00207468
0.00226203
0.00245069
0.00263964
0.00282783
0.00301434
0.00319834
0.00337913
0.00355623
0.00372926
0.0038979
0.00406188
0.004221
0.00437508
0.00452402
0.00466775
0.00480622
0.00493943
0.00506738
0.00519008
0.00530759
0.00541999
0.0055274
0.00562991
0.00572764
0.00582072
0.00590927
0.00599341
0.00607329
0.00614911
0.00622101
0.00628911
0.00635348
0.00641425
0.00647156
0.00652556
0.00657642
0.00662427
0.00666939
0.00671207
0.00675264
0.00679152
0.00682916
0.0068661
0.00690292
0.00694029
0.00697889
0.00701939
0.00706254
0.00710905
0.00715969
0.00721519
0.00727606
0.00734254
0.00741441
0.00749071
0.00756983
0.00764766
0.00771822
0.00777268
0.00779856
0.00777782
0.00768422
0.00748372
0.00713188
0.00656077
0.00564154
0.00433875
0.00229643
0.000295815
0.000356725
0.000425425
0.000502715
0.000589249
0.000685335
0.000790974
0.000905698
0.00102891
0.00116028
0.00129955
0.00144594
0.00159863
0.00175642
0.00191794
0.0020822
0.00224832
0.0024154
0.00258252
0.00274885
0.00291364
0.0030762
0.00323596
0.00339241
0.00354513
0.00369378
0.00383811
0.00397795
0.00411318
0.00424372
0.00436953
0.00449057
0.00460687
0.00471844
0.00482529
0.00492763
0.00502551
0.00511887
0.00520767
0.00529194
0.00537173
0.00544712
0.00551823
0.00558513
0.0056481
0.00570751
0.00576383
0.00581763
0.00586958
0.00592046
0.00597115
0.00602268
0.00607618
0.0061328
0.00619377
0.00626037
0.00633394
0.0064159
0.00650766
0.00661043
0.00672511
0.00685213
0.00699171
0.00714104
0.00729639
0.00745125
0.00759544
0.00771466
0.00778889
0.00778851
0.00767424
0.0073937
0.00686557
0.00593753
0.00455966
0.00237144
5.62613e-05
7.79138e-05
0.000104596
0.000135838
0.00017124
0.000210721
0.000254597
0.000303359
0.000357488
0.000417494
0.000483866
0.000556957
0.000636979
0.000723939
0.000817472
0.000917223
0.0010229
0.00113425
0.00125071
0.00137172
0.0014967
0.00162497
0.00175591
0.00188851
0.00202213
0.00215615
0.00229004
0.00242328
0.00255535
0.00268581
0.00281426
0.00294034
0.0030637
0.00318404
0.00330119
0.00341506
0.0035251
0.003631
0.00373251
0.00382947
0.00392175
0.00400929
0.00409211
0.00417026
0.00424419
0.00431444
0.00438172
0.00444686
0.00451085
0.00457483
0.00464011
0.00470823
0.00478081
0.00485962
0.00494648
0.00504335
0.0051523
0.00527553
0.00541529
0.00557362
0.00575275
0.00595412
0.00617673
0.00641891
0.00667688
0.00694346
0.00720685
0.00745083
0.00765238
0.00777734
0.00778044
0.00759993
0.0071391
0.00621863
0.00477302
0.00243841
8.29857e-06
1.04632e-05
1.3609e-05
1.81796e-05
2.47656e-05
3.4069e-05
4.67924e-05
6.3444e-05
8.41566e-05
0.000108691
0.000136639
0.000167669
0.000201664
0.000238738
0.000279058
0.00032297
0.000370684
0.000422444
0.000478417
0.000538679
0.000603219
0.00067187
0.000744463
0.000820799
0.000900637
0.000983759
0.00106979
0.00115841
0.00124923
0.00134189
0.00143597
0.00153108
0.00162679
0.0017227
0.00181842
0.00191309
0.00200614
0.00209708
0.0021854
0.00227068
0.00235262
0.00243101
0.00250579
0.00257705
0.00264531
0.00271122
0.00277559
0.0028394
0.00290383
0.00297028
0.00304037
0.00311599
0.00319923
0.00329239
0.00339792
0.00351853
0.00365716
0.00381699
0.00400161
0.00421538
0.00446042
0.00473889
0.00505173
0.0053981
0.00577463
0.00617373
0.0065821
0.00698157
0.00734302
0.00762799
0.00778353
0.00773652
0.00737198
0.00647915
0.00497496
0.00249484
3.88543e-06
4.14492e-06
4.49458e-06
4.96751e-06
5.61084e-06
6.49202e-06
7.70795e-06
9.39708e-06
1.17541e-05
1.50456e-05
1.96222e-05
2.59143e-05
3.43963e-05
4.55127e-05
5.95651e-05
7.66297e-05
9.65415e-05
0.000118993
0.000143667
0.000170327
0.000198875
0.000229292
0.000261632
0.000296002
0.000332569
0.00037144
0.000412638
0.000456166
0.000501977
0.000549969
0.000599991
0.000651853
0.000705327
0.000760228
0.00081602
0.000872191
0.000928312
0.000983956
0.0010387
0.00109219
0.00114415
0.0011944
0.00124293
0.00128987
0.00133568
0.00138092
0.00142633
0.0014728
0.00152143
0.00157354
0.00163071
0.00169474
0.00176779
0.00185231
0.00195111
0.00206742
0.00220507
0.00236913
0.00256413
0.00279518
0.00306772
0.00338699
0.0037571
0.00418042
0.00465635
0.00517908
0.00573681
0.00630405
0.00684846
0.00732394
0.00766698
0.00778972
0.00755443
0.00671357
0.00516134
0.00253842
3.27118e-06
3.3141e-06
3.37086e-06
3.44562e-06
3.54379e-06
3.67241e-06
3.84067e-06
4.06068e-06
4.34846e-06
4.72541e-06
5.22036e-06
5.87251e-06
6.73523e-06
7.88121e-06
9.40845e-06
1.1447e-05
1.41647e-05
1.77713e-05
2.25154e-05
2.86691e-05
3.64994e-05
4.62236e-05
5.79668e-05
7.17714e-05
8.75061e-05
0.000104979
0.000123961
0.000144236
0.000165628
0.00018801
0.000211295
0.000235417
0.00026033
0.000285886
0.000311896
0.000338196
0.000364604
0.000390935
0.000417003
0.000442646
0.000467799
0.000492414
0.000516543
0.000540338
0.000564095
0.000588209
0.000613178
0.000639616
0.000668278
0.000700097
0.000736222
0.00077806
0.000827337
0.000886146
0.000957104
0.00104367
0.00114944
0.00127934
0.00143944
0.00163672
0.00187932
0.00217638
0.0025372
0.00297046
0.00348276
0.00407773
0.00474332
0.00545679
0.00618181
0.00686264
0.00742093
0.00774846
0.00767776
0.00691596
0.0053277
0.0025674
3.1683e-06
3.17573e-06
3.1856e-06
3.19864e-06
3.2158e-06
3.23827e-06
3.26755e-06
3.30551e-06
3.35449e-06
3.4174e-06
3.49786e-06
3.6004e-06
3.73067e-06
3.89581e-06
4.10481e-06
4.36909e-06
4.70318e-06
5.12571e-06
5.66067e-06
6.33892e-06
7.20019e-06
8.29545e-06
9.69422e-06
1.14758e-05
1.37392e-05
1.66002e-05
2.01871e-05
2.46329e-05
3.00613e-05
3.65693e-05
4.42083e-05
5.29692e-05
6.27532e-05
7.33867e-05
8.4673e-05
9.64009e-05
0.000108367
0.000120395
0.000132347
0.000144133
0.000155715
0.000167107
0.000178377
0.000189645
0.000201087
0.000212948
0.000225524
0.000239166
0.000254313
0.000271505
0.000291424
0.000315006
0.00034331
0.000377746
0.000420137
0.000472916
0.000539264
0.000623453
0.000731202
0.000869803
0.00104863
0.00127946
0.00157597
0.00195375
0.00243089
0.00301803
0.00371805
0.00451852
0.00538676
0.006261
0.00704618
0.007607
0.0077353
0.00708112
0.00546983
0.00258057
3.15067e-06
3.152e-06
3.15375e-06
3.15605e-06
3.15906e-06
3.16302e-06
3.16819e-06
3.17493e-06
3.18368e-06
3.19498e-06
3.20948e-06
3.22801e-06
3.25156e-06
3.28131e-06
3.31872e-06
3.36551e-06
3.42376e-06
3.49595e-06
3.58508e-06
3.69472e-06
3.82921e-06
3.99445e-06
4.19653e-06
4.44317e-06
4.74358e-06
5.1087e-06
5.55138e-06
6.08658e-06
6.73134e-06
7.50454e-06
8.42618e-06
9.51393e-06
1.07833e-05
1.22482e-05
1.39182e-05
1.57979e-05
1.78866e-05
2.01797e-05
2.26713e-05
2.53578e-05
2.82427e-05
3.13416e-05
3.46867e-05
3.8333e-05
4.23641e-05
4.68993e-05
5.21008e-05
5.81818e-05
6.54167e-05
7.41545e-05
8.48339e-05
9.80019e-05
0.000114318
0.000134575
0.00015975
0.000191137
0.000230572
0.000280798
0.000345955
0.000432058
0.000547614
0.000704255
0.000917855
0.00120866
0.00159935
0.00211455
0.0027739
0.00358423
0.00452957
0.00555526
0.00655686
0.00736557
0.00772328
0.00720526
0.00558391
0.00257706
3.14737e-06
3.14769e-06
3.14809e-06
3.14857e-06
3.14916e-06
3.14991e-06
3.15087e-06
3.15209e-06
3.15366e-06
3.15568e-06
3.15827e-06
3.1616e-06
3.16584e-06
3.17125e-06
3.1781e-06
3.18674e-06
3.19757e-06
3.21109e-06
3.22785e-06
3.24856e-06
3.27408e-06
3.30529e-06
3.34324e-06
3.38908e-06
3.44411e-06
3.50973e-06
3.58743e-06
3.67876e-06
3.78527e-06
3.90842e-06
4.04925e-06
4.20844e-06
4.38677e-06
4.58468e-06
4.80235e-06
5.03986e-06
5.2973e-06
5.57508e-06
5.87424e-06
6.19689e-06
6.54672e-06
6.92959e-06
7.3544e-06
7.83411e-06
8.38734e-06
9.04069e-06
9.83212e-06
1.08162e-05
1.20728e-05
1.37207e-05
1.59414e-05
1.9017e-05
2.33901e-05
2.97552e-05
3.91749e-05
5.31906e-05
7.3804e-05
0.000103232
0.000143663
0.00019773
0.000270187
0.000370154
0.00051148
0.000714037
0.00100448
0.00141586
0.00198287
0.00273448
0.00368183
0.00479575
0.0059767
0.00703125
0.0076415
0.00728652
0.00566734
0.00255644
3.14614e-06
3.14633e-06
3.14651e-06
3.14671e-06
3.14693e-06
3.14716e-06
3.14743e-06
3.14773e-06
3.14809e-06
3.14852e-06
3.14904e-06
3.14968e-06
3.15048e-06
3.15148e-06
3.15274e-06
3.15432e-06
3.15631e-06
3.15879e-06
3.1619e-06
3.16579e-06
3.1706e-06
3.17654e-06
3.1838e-06
3.19262e-06
3.20324e-06
3.21592e-06
3.23093e-06
3.2485e-06
3.26886e-06
3.29216e-06
3.31842e-06
3.34775e-06
3.38017e-06
3.41567e-06
3.4542e-06
3.49577e-06
3.54041e-06
3.58829e-06
3.6397e-06
3.6952e-06
3.75563e-06
3.82224e-06
3.89682e-06
3.98184e-06
4.08075e-06
4.19836e-06
4.34138e-06
4.51938e-06
4.74621e-06
5.04243e-06
5.43969e-06
5.98826e-06
6.77098e-06
7.93003e-06
9.71981e-06
1.26161e-05
1.75354e-05
2.62495e-05
4.19858e-05
6.96841e-05
0.000114542
0.000180269
0.000273095
0.000407866
0.000610071
0.000915281
0.00136842
0.00201729
0.0029034
0.00403401
0.00533759
0.00661711
0.00749319
0.007325
0.00571776
0.00251854
3.14481e-06
3.14498e-06
3.14515e-06
3.14531e-06
3.14548e-06
3.14564e-06
3.14581e-06
3.14598e-06
3.14616e-06
3.14634e-06
3.14654e-06
3.14675e-06
3.14699e-06
3.14725e-06
3.14755e-06
3.14791e-06
3.14833e-06
3.14884e-06
3.14945e-06
3.15021e-06
3.15112e-06
3.15224e-06
3.15361e-06
3.15525e-06
3.15723e-06
3.1596e-06
3.16239e-06
3.16565e-06
3.16943e-06
3.17374e-06
3.1786e-06
3.18402e-06
3.19004e-06
3.19665e-06
3.20388e-06
3.21174e-06
3.22029e-06
3.22959e-06
3.23977e-06
3.25098e-06
3.26348e-06
3.2776e-06
3.2938e-06
3.31271e-06
3.33521e-06
3.3625e-06
3.39625e-06
3.43882e-06
3.49362e-06
3.56564e-06
3.66242e-06
3.79568e-06
3.98415e-06
4.25905e-06
4.67454e-06
5.32999e-06
6.41929e-06
8.35114e-06
1.20526e-05
1.96611e-05
3.60428e-05
6.99231e-05
0.000130213
0.000222442
0.000360674
0.000577013
0.000919037
0.00144812
0.00223075
0.00331345
0.00467459
0.00614083
0.00728402
0.00731916
0.00573314
0.00246325
3.14317e-06
3.14333e-06
3.14348e-06
3.14364e-06
3.14379e-06
3.14395e-06
3.1441e-06
3.14425e-06
3.1444e-06
3.14455e-06
3.1447e-06
3.14485e-06
3.145e-06
3.14515e-06
3.14531e-06
3.14547e-06
3.14565e-06
3.14583e-06
3.14603e-06
3.14625e-06
3.1465e-06
3.14677e-06
3.14708e-06
3.14744e-06
3.14785e-06
3.14833e-06
3.14887e-06
3.14948e-06
3.15019e-06
3.15098e-06
3.15186e-06
3.15285e-06
3.15394e-06
3.15515e-06
3.15648e-06
3.15795e-06
3.15958e-06
3.16139e-06
3.16341e-06
3.1657e-06
3.16832e-06
3.17138e-06
3.17498e-06
3.17931e-06
3.18461e-06
3.19121e-06
3.19958e-06
3.21041e-06
3.22469e-06
3.24389e-06
3.27028e-06
3.30735e-06
3.36074e-06
3.43967e-06
3.55994e-06
3.74985e-06
4.06238e-06
4.60083e-06
5.59098e-06
7.56452e-06
1.19126e-05
2.24846e-05
4.89007e-05
0.000106135
0.000203541
0.000356018
0.000605759
0.00101797
0.00167638
0.00266516
0.00402078
0.00562313
0.00702173
0.00726793
0.00571203
0.00239073
3.14154e-06
3.14167e-06
3.1418e-06
3.14193e-06
3.14206e-06
3.14219e-06
3.14232e-06
3.14245e-06
3.14258e-06
3.14271e-06
3.14284e-06
3.14297e-06
3.14309e-06
3.14322e-06
3.14335e-06
3.14348e-06
3.14361e-06
3.14374e-06
3.14387e-06
3.144e-06
3.14414e-06
3.14427e-06
3.14441e-06
3.14456e-06
3.14471e-06
3.14486e-06
3.14503e-06
3.1452e-06
3.14539e-06
3.14558e-06
3.14579e-06
3.14602e-06
3.14626e-06
3.14652e-06
3.14681e-06
3.14712e-06
3.14746e-06
3.14785e-06
3.14829e-06
3.14879e-06
3.14937e-06
3.15005e-06
3.15088e-06
3.15189e-06
3.15315e-06
3.15476e-06
3.15684e-06
3.1596e-06
3.16333e-06
3.16847e-06
3.17575e-06
3.18629e-06
3.20194e-06
3.22592e-06
3.26357e-06
3.32451e-06
3.42662e-06
3.60436e-06
3.92867e-06
4.55687e-06
5.87698e-06
8.97623e-06
1.72659e-05
4.11752e-05
0.000101195
0.000211765
0.000393195
0.000704689
0.00123763
0.00210421
0.00340247
0.00508557
0.00671642
0.00717543
0.00565384
0.00230132
3.14022e-06
3.14032e-06
3.14042e-06
3.14051e-06
3.14061e-06
3.14071e-06
3.14081e-06
3.14091e-06
3.14101e-06
3.14111e-06
3.14121e-06
3.14131e-06
3.14141e-06
3.14151e-06
3.14162e-06
3.14172e-06
3.14183e-06
3.14193e-06
3.14203e-06
3.14213e-06
3.14223e-06
3.14233e-06
3.14243e-06
3.14253e-06
3.14262e-06
3.14272e-06
3.14282e-06
3.14291e-06
3.143e-06
3.1431e-06
3.14319e-06
3.14329e-06
3.14339e-06
3.1435e-06
3.1436e-06
3.14372e-06
3.14384e-06
3.14397e-06
3.14411e-06
3.14427e-06
3.14445e-06
3.14465e-06
3.14489e-06
3.14519e-06
3.14554e-06
3.14599e-06
3.14657e-06
3.14733e-06
3.14837e-06
3.1498e-06
3.15187e-06
3.15494e-06
3.15961e-06
3.16695e-06
3.1789e-06
3.19893e-06
3.23373e-06
3.29632e-06
3.41345e-06
3.64281e-06
4.11871e-06
5.18996e-06
7.906e-06
1.59508e-05
4.23615e-05
0.000114333
0.000249248
0.000482039
0.00090172
0.00163742
0.00283906
0.00454786
0.00637917
0.00704764
0.00555848
0.0021956
3.13934e-06
3.13941e-06
3.13947e-06
3.13954e-06
3.13961e-06
3.13968e-06
3.13974e-06
3.13981e-06
3.13988e-06
3.13996e-06
3.14003e-06
3.1401e-06
3.14017e-06
3.14025e-06
3.14032e-06
3.1404e-06
3.14047e-06
3.14055e-06
3.14062e-06
3.14069e-06
3.14077e-06
3.14084e-06
3.14091e-06
3.14098e-06
3.14105e-06
3.14111e-06
3.14118e-06
3.14125e-06
3.14131e-06
3.14137e-06
3.14144e-06
3.1415e-06
3.14157e-06
3.14163e-06
3.1417e-06
3.14177e-06
3.14184e-06
3.14192e-06
3.142e-06
3.14209e-06
3.14218e-06
3.14229e-06
3.14241e-06
3.14254e-06
3.1427e-06
3.14288e-06
3.14311e-06
3.14339e-06
3.14375e-06
3.14424e-06
3.14492e-06
3.1459e-06
3.14738e-06
3.14974e-06
3.15362e-06
3.16032e-06
3.17236e-06
3.19486e-06
3.23864e-06
3.32738e-06
3.51566e-06
3.9389e-06
4.97608e-06
7.87843e-06
1.76115e-05
5.31798e-05
0.000148994
0.000325678
0.000651068
0.00126038
0.00233735
0.00402606
0.00602215
0.00689127
0.00542582
0.0020747
3.13884e-06
3.13888e-06
3.13892e-06
3.13897e-06
3.13901e-06
3.13906e-06
3.1391e-06
3.13915e-06
3.1392e-06
3.13925e-06
3.1393e-06
3.13935e-06
3.1394e-06
3.13945e-06
3.1395e-06
3.13955e-06
3.1396e-06
3.13965e-06
3.1397e-06
3.13975e-06
3.1398e-06
3.13984e-06
3.13989e-06
3.13994e-06
3.13998e-06
3.14003e-06
3.14007e-06
3.14012e-06
3.14016e-06
3.14021e-06
3.14025e-06
3.1403e-06
3.14034e-06
3.14039e-06
3.14043e-06
3.14048e-06
3.14053e-06
3.14058e-06
3.14064e-06
3.1407e-06
3.14077e-06
3.14084e-06
3.14091e-06
3.141e-06
3.1411e-06
3.14121e-06
3.14133e-06
3.14148e-06
3.14167e-06
3.14189e-06
3.14219e-06
3.14258e-06
3.14315e-06
3.144e-06
3.14537e-06
3.14773e-06
3.15202e-06
3.16025e-06
3.17687e-06
3.21197e-06
3.28949e-06
3.46947e-06
3.91164e-06
5.10397e-06
8.86628e-06
2.34632e-05
7.9658e-05
0.000214652
0.00046685
0.000961991
0.00190529
0.0035341
0.00565576
0.00671281
0.00525605
0.00193383
3.13859e-06
3.13862e-06
3.13865e-06
3.13868e-06
3.13871e-06
3.13874e-06
3.13878e-06
3.13881e-06
3.13884e-06
3.13888e-06
3.13891e-06
3.13895e-06
3.13898e-06
3.13902e-06
3.13905e-06
3.13908e-06
3.13912e-06
3.13915e-06
3.13918e-06
3.13921e-06
3.13924e-06
3.13928e-06
3.13931e-06
3.13934e-06
3.13937e-06
3.1394e-06
3.13943e-06
3.13946e-06
3.13949e-06
3.13952e-06
3.13955e-06
3.13958e-06
3.13961e-06
3.13964e-06
3.13967e-06
3.1397e-06
3.13974e-06
3.13977e-06
3.13981e-06
3.13986e-06
3.1399e-06
3.13995e-06
3.14e-06
3.14006e-06
3.14013e-06
3.1402e-06
3.14028e-06
3.14038e-06
3.14049e-06
3.14062e-06
3.14079e-06
3.14099e-06
3.14126e-06
3.14164e-06
3.1422e-06
3.14313e-06
3.14476e-06
3.14789e-06
3.15434e-06
3.16847e-06
3.20106e-06
3.27984e-06
3.47946e-06
4.01877e-06
5.64736e-06
1.16417e-05
3.85932e-05
0.00013369
0.000332268
0.000730724
0.00154407
0.00307785
0.0052897
0.0065198
0.00504932
0.00177718
3.1385e-06
3.13853e-06
3.13855e-06
3.13857e-06
3.1386e-06
3.13862e-06
3.13865e-06
3.13868e-06
3.1387e-06
3.13873e-06
3.13875e-06
3.13878e-06
3.1388e-06
3.13883e-06
3.13885e-06
3.13887e-06
3.13889e-06
3.13892e-06
3.13894e-06
3.13896e-06
3.13898e-06
3.139e-06
3.13902e-06
3.13905e-06
3.13907e-06
3.13909e-06
3.13911e-06
3.13913e-06
3.13915e-06
3.13917e-06
3.13919e-06
3.13921e-06
3.13923e-06
3.13925e-06
3.13927e-06
3.13929e-06
3.13932e-06
3.13934e-06
3.13937e-06
3.13939e-06
3.13942e-06
3.13945e-06
3.13949e-06
3.13953e-06
3.13957e-06
3.13962e-06
3.13967e-06
3.13973e-06
3.1398e-06
3.13989e-06
3.13999e-06
3.14011e-06
3.14026e-06
3.14046e-06
3.14074e-06
3.14116e-06
3.14185e-06
3.14313e-06
3.14574e-06
3.15155e-06
3.16543e-06
3.20046e-06
3.29314e-06
3.55082e-06
4.32365e-06
7.01236e-06
1.90028e-05
7.61561e-05
0.000232972
0.000553585
0.00124655
0.00266384
0.00493365
0.00631929
0.00480567
0.00161066
3.13852e-06
3.13854e-06
3.13856e-06
3.13858e-06
3.1386e-06
3.13863e-06
3.13865e-06
3.13867e-06
3.13869e-06
3.13871e-06
3.13873e-06
3.13875e-06
3.13877e-06
3.13878e-06
3.1388e-06
3.13882e-06
3.13884e-06
3.13885e-06
3.13887e-06
3.13889e-06
3.1389e-06
3.13892e-06
3.13893e-06
3.13895e-06
3.13896e-06
3.13898e-06
3.13899e-06
3.13901e-06
3.13902e-06
3.13904e-06
3.13905e-06
3.13906e-06
3.13908e-06
3.13909e-06
3.13911e-06
3.13912e-06
3.13914e-06
3.13915e-06
3.13917e-06
3.13919e-06
3.1392e-06
3.13922e-06
3.13924e-06
3.13926e-06
3.13929e-06
3.13932e-06
3.13935e-06
3.13939e-06
3.13943e-06
3.13948e-06
3.13954e-06
3.13961e-06
3.1397e-06
3.13982e-06
3.13997e-06
3.14018e-06
3.14052e-06
3.14109e-06
3.14222e-06
3.14469e-06
3.15071e-06
3.16648e-06
3.21017e-06
3.33692e-06
3.7255e-06
5.04497e-06
1.05842e-05
4.0459e-05
0.000158023
0.000418737
0.00100518
0.00229955
0.00459593
0.00611824
0.00452669
0.00143974
3.1386e-06
3.13862e-06
3.13864e-06
3.13866e-06
3.13869e-06
3.13871e-06
3.13872e-06
3.13874e-06
3.13876e-06
3.13877e-06
3.13879e-06
3.1388e-06
3.13882e-06
3.13884e-06
3.13885e-06
3.13886e-06
3.13888e-06
3.13889e-06
3.13891e-06
3.13892e-06
3.13893e-06
3.13894e-06
3.13896e-06
3.13897e-06
3.13898e-06
3.13899e-06
3.139e-06
3.13901e-06
3.13903e-06
3.13904e-06
3.13905e-06
3.13906e-06
3.13907e-06
3.13908e-06
3.13909e-06
3.1391e-06
3.1391e-06
3.13911e-06
3.13912e-06
3.13913e-06
3.13914e-06
3.13915e-06
3.13916e-06
3.13917e-06
3.13919e-06
3.1392e-06
3.13922e-06
3.13924e-06
3.13926e-06
3.13928e-06
3.13932e-06
3.13936e-06
3.13941e-06
3.13946e-06
3.13955e-06
3.13967e-06
3.13984e-06
3.14013e-06
3.14065e-06
3.14175e-06
3.14444e-06
3.15164e-06
3.17247e-06
3.23586e-06
3.43792e-06
4.12908e-06
6.89397e-06
2.17088e-05
0.000101362
0.000316152
0.000810745
0.00198456
0.00428474
0.00591216
0.00422377
0.00126935
3.13873e-06
3.13875e-06
3.13877e-06
3.13879e-06
3.1388e-06
3.13882e-06
3.13884e-06
3.13885e-06
3.13887e-06
3.13888e-06
3.1389e-06
3.13891e-06
3.13892e-06
3.13894e-06
3.13895e-06
3.13896e-06
3.13898e-06
3.13899e-06
3.139e-06
3.13901e-06
3.13903e-06
3.13904e-06
3.13905e-06
3.13906e-06
3.13907e-06
3.13908e-06
3.13909e-06
3.1391e-06
3.1391e-06
3.13911e-06
3.13912e-06
3.13913e-06
3.13914e-06
3.13914e-06
3.13915e-06
3.13916e-06
3.13916e-06
3.13917e-06
3.13917e-06
3.13918e-06
3.13918e-06
3.13918e-06
3.13919e-06
3.13919e-06
3.1392e-06
3.1392e-06
3.13921e-06
3.13921e-06
3.13922e-06
3.13923e-06
3.13924e-06
3.13926e-06
3.13928e-06
3.13931e-06
3.13935e-06
3.13941e-06
3.1395e-06
3.13965e-06
3.1399e-06
3.14042e-06
3.14166e-06
3.14502e-06
3.15506e-06
3.18714e-06
3.29434e-06
3.67198e-06
5.15532e-06
1.26884e-05
6.13389e-05
0.000237074
0.000655291
0.00171578
0.00400496
0.00569819
0.00390707
0.00110393
3.13888e-06
3.1389e-06
3.13891e-06
3.13893e-06
3.13895e-06
3.13896e-06
3.13898e-06
3.13899e-06
3.13901e-06
3.13902e-06
3.13904e-06
3.13905e-06
3.13906e-06
3.13908e-06
3.13909e-06
3.1391e-06
3.13911e-06
3.13913e-06
3.13914e-06
3.13915e-06
3.13916e-06
3.13917e-06
3.13918e-06
3.13919e-06
3.1392e-06
3.13921e-06
3.13922e-06
3.13922e-06
3.13923e-06
3.13924e-06
3.13924e-06
3.13925e-06
3.13926e-06
3.13926e-06
3.13927e-06
3.13927e-06
3.13927e-06
3.13928e-06
3.13928e-06
3.13928e-06
3.13928e-06
3.13928e-06
3.13928e-06
3.13928e-06
3.13928e-06
3.13928e-06
3.13928e-06
3.13927e-06
3.13927e-06
3.13926e-06
3.13926e-06
3.13926e-06
3.13927e-06
3.13928e-06
3.13929e-06
3.13932e-06
3.13936e-06
3.13943e-06
3.13955e-06
3.1398e-06
3.14039e-06
3.14198e-06
3.1469e-06
3.16329e-06
3.22096e-06
3.43292e-06
4.27352e-06
8.34522e-06
3.61357e-05
0.000175
0.000531664
0.00148895
0.00375494
0.0054798
0.00360082
0.00094743
3.13905e-06
3.13907e-06
3.13908e-06
3.1391e-06
3.13912e-06
3.13913e-06
3.13915e-06
3.13916e-06
3.13918e-06
3.13919e-06
3.13921e-06
3.13922e-06
3.13923e-06
3.13925e-06
3.13926e-06
3.13927e-06
3.13928e-06
3.1393e-06
3.13931e-06
3.13932e-06
3.13933e-06
3.13934e-06
3.13935e-06
3.13936e-06
3.13937e-06
3.13938e-06
3.13938e-06
3.13939e-06
3.1394e-06
3.1394e-06
3.13941e-06
3.13941e-06
3.13942e-06
3.13942e-06
3.13943e-06
3.13943e-06
3.13943e-06
3.13943e-06
3.13943e-06
3.13943e-06
3.13943e-06
3.13942e-06
3.13942e-06
3.13942e-06
3.13941e-06
3.1394e-06
3.13939e-06
3.13939e-06
3.13938e-06
3.13937e-06
3.13936e-06
3.13935e-06
3.13934e-06
3.13933e-06
3.13932e-06
3.13932e-06
3.13933e-06
3.13936e-06
3.13941e-06
3.13953e-06
3.1398e-06
3.14057e-06
3.14301e-06
3.15148e-06
3.18284e-06
3.30411e-06
3.79977e-06
6.1393e-06
2.18104e-05
0.000125871
0.000433523
0.00129926
0.00353206
0.00525796
0.00330501
0.000802378
3.13925e-06
3.13927e-06
3.13928e-06
3.1393e-06
3.13932e-06
3.13933e-06
3.13935e-06
3.13937e-06
3.13938e-06
3.1394e-06
3.13941e-06
3.13943e-06
3.13944e-06
3.13946e-06
3.13947e-06
3.13948e-06
3.13949e-06
3.13951e-06
3.13952e-06
3.13953e-06
3.13954e-06
3.13955e-06
3.13956e-06
3.13957e-06
3.13958e-06
3.13959e-06
3.1396e-06
3.1396e-06
3.13961e-06
3.13962e-06
3.13962e-06
3.13963e-06
3.13963e-06
3.13963e-06
3.13963e-06
3.13964e-06
3.13964e-06
3.13963e-06
3.13963e-06
3.13963e-06
3.13963e-06
3.13962e-06
3.13961e-06
3.1396e-06
3.13959e-06
3.13958e-06
3.13957e-06
3.13956e-06
3.13954e-06
3.13952e-06
3.13951e-06
3.13949e-06
3.13947e-06
3.13945e-06
3.13943e-06
3.13941e-06
3.13939e-06
3.13939e-06
3.1394e-06
3.13944e-06
3.13956e-06
3.13993e-06
3.14115e-06
3.14557e-06
3.16282e-06
3.23327e-06
3.5334e-06
4.94916e-06
1.40305e-05
8.78119e-05
0.000355483
0.00114212
0.00334174
0.00503078
0.00299401
0.000670213
3.13948e-06
3.1395e-06
3.13951e-06
3.13953e-06
3.13955e-06
3.13957e-06
3.13959e-06
3.13961e-06
3.13962e-06
3.13964e-06
3.13966e-06
3.13967e-06
3.13969e-06
3.1397e-06
3.13972e-06
3.13973e-06
3.13975e-06
3.13976e-06
3.13978e-06
3.13979e-06
3.1398e-06
3.13981e-06
3.13982e-06
3.13983e-06
3.13984e-06
3.13985e-06
3.13986e-06
3.13987e-06
3.13988e-06
3.13988e-06
3.13989e-06
3.13989e-06
3.1399e-06
3.1399e-06
3.1399e-06
3.1399e-06
3.13991e-06
3.1399e-06
3.1399e-06
3.13989e-06
3.13988e-06
3.13988e-06
3.13987e-06
3.13986e-06
3.13984e-06
3.13983e-06
3.13981e-06
3.13979e-06
3.13977e-06
3.13974e-06
3.13972e-06
3.13969e-06
3.13966e-06
3.13963e-06
3.13959e-06
3.13956e-06
3.13953e-06
3.1395e-06
3.13947e-06
3.13947e-06
3.13951e-06
3.13967e-06
3.14027e-06
3.14259e-06
3.15219e-06
3.1936e-06
3.37905e-06
4.27127e-06
9.77961e-06
5.98966e-05
0.000293105
0.00101317
0.00318792
0.00479415
0.00267662
0.000552003
3.13973e-06
3.13975e-06
3.13977e-06
3.13979e-06
3.13981e-06
3.13984e-06
3.13986e-06
3.13988e-06
3.1399e-06
3.13992e-06
3.13994e-06
3.13996e-06
3.13997e-06
3.13999e-06
3.14001e-06
3.14003e-06
3.14004e-06
3.14006e-06
3.14008e-06
3.14009e-06
3.14011e-06
3.14012e-06
3.14013e-06
3.14015e-06
3.14016e-06
3.14017e-06
3.14018e-06
3.14019e-06
3.1402e-06
3.14021e-06
3.14022e-06
3.14023e-06
3.14023e-06
3.14024e-06
3.14024e-06
3.14024e-06
3.14024e-06
3.14023e-06
3.14023e-06
3.14023e-06
3.14022e-06
3.14021e-06
3.1402e-06
3.14018e-06
3.14016e-06
3.14014e-06
3.14012e-06
3.1401e-06
3.14007e-06
3.14003e-06
3.14e-06
3.13996e-06
3.13992e-06
3.13987e-06
3.13983e-06
3.13978e-06
3.13973e-06
3.13967e-06
3.13963e-06
3.13959e-06
3.13957e-06
3.13962e-06
3.13989e-06
3.14111e-06
3.14649e-06
3.17112e-06
3.28763e-06
3.86794e-06
7.37562e-06
4.07376e-05
0.000242895
0.000908767
0.00308202
0.00453542
0.0023602
0.000448037
3.13999e-06
3.14002e-06
3.14004e-06
3.14007e-06
3.14009e-06
3.14012e-06
3.14014e-06
3.14017e-06
3.14019e-06
3.14022e-06
3.14024e-06
3.14026e-06
3.14029e-06
3.14031e-06
3.14033e-06
3.14035e-06
3.14037e-06
3.14039e-06
3.14041e-06
3.14043e-06
3.14045e-06
3.14047e-06
3.14049e-06
3.14051e-06
3.14052e-06
3.14054e-06
3.14055e-06
3.14057e-06
3.14058e-06
3.1406e-06
3.14061e-06
3.14062e-06
3.14062e-06
3.14063e-06
3.14064e-06
3.14064e-06
3.14064e-06
3.14064e-06
3.14064e-06
3.14063e-06
3.14063e-06
3.14062e-06
3.1406e-06
3.14059e-06
3.14057e-06
3.14054e-06
3.14052e-06
3.14049e-06
3.14045e-06
3.14041e-06
3.14037e-06
3.14032e-06
3.14026e-06
3.1402e-06
3.14014e-06
3.14007e-06
3.14e-06
3.13993e-06
3.13985e-06
3.13978e-06
3.13972e-06
3.13969e-06
3.13979e-06
3.14041e-06
3.14344e-06
3.15826e-06
3.23256e-06
3.61972e-06
5.95532e-06
2.82525e-05
0.00020222
0.000825886
0.00304166
0.00423186
0.00205054
0.000358047
3.14025e-06
3.14028e-06
3.14031e-06
3.14034e-06
3.14038e-06
3.14041e-06
3.14044e-06
3.14047e-06
3.1405e-06
3.14052e-06
3.14055e-06
3.14058e-06
3.14061e-06
3.14064e-06
3.14067e-06
3.14069e-06
3.14072e-06
3.14075e-06
3.14077e-06
3.1408e-06
3.14082e-06
3.14085e-06
3.14087e-06
3.1409e-06
3.14092e-06
3.14094e-06
3.14096e-06
3.14098e-06
3.141e-06
3.14102e-06
3.14104e-06
3.14105e-06
3.14107e-06
3.14108e-06
3.14109e-06
3.1411e-06
3.14111e-06
3.14111e-06
3.14111e-06
3.14111e-06
3.14111e-06
3.1411e-06
3.14109e-06
3.14107e-06
3.14105e-06
3.14103e-06
3.141e-06
3.14096e-06
3.14092e-06
3.14088e-06
3.14082e-06
3.14076e-06
3.1407e-06
3.14062e-06
3.14054e-06
3.14046e-06
3.14036e-06
3.14026e-06
3.14016e-06
3.14006e-06
3.13996e-06
3.13988e-06
3.13986e-06
3.14014e-06
3.14183e-06
3.15084e-06
3.1989e-06
3.46286e-06
5.07944e-06
2.03188e-05
0.000169186
0.000761943
0.00306081
0.00387521
0.00175272
0.000280634
3.14048e-06
3.14052e-06
3.14056e-06
3.1406e-06
3.14063e-06
3.14067e-06
3.14071e-06
3.14074e-06
3.14078e-06
3.14082e-06
3.14085e-06
3.14089e-06
3.14092e-06
3.14096e-06
3.14099e-06
3.14103e-06
3.14106e-06
3.1411e-06
3.14113e-06
3.14116e-06
3.1412e-06
3.14123e-06
3.14126e-06
3.14129e-06
3.14132e-06
3.14135e-06
3.14138e-06
3.14141e-06
3.14144e-06
3.14147e-06
3.14149e-06
3.14152e-06
3.14154e-06
3.14156e-06
3.14158e-06
3.1416e-06
3.14161e-06
3.14163e-06
3.14163e-06
3.14164e-06
3.14164e-06
3.14164e-06
3.14164e-06
3.14163e-06
3.14161e-06
3.14159e-06
3.14156e-06
3.14153e-06
3.14149e-06
3.14144e-06
3.14138e-06
3.14131e-06
3.14123e-06
3.14114e-06
3.14105e-06
3.14094e-06
3.14082e-06
3.1407e-06
3.14056e-06
3.14042e-06
3.14028e-06
3.14015e-06
3.14005e-06
3.14012e-06
3.14104e-06
3.14655e-06
3.17808e-06
3.3616e-06
4.51849e-06
1.52831e-05
0.000142486
0.000715006
0.00311849
0.00348719
0.00147184
0.000214104
3.14066e-06
3.14071e-06
3.14075e-06
3.1408e-06
3.14084e-06
3.14089e-06
3.14093e-06
3.14098e-06
3.14102e-06
3.14106e-06
3.14111e-06
3.14115e-06
3.1412e-06
3.14124e-06
3.14129e-06
3.14133e-06
3.14137e-06
3.14142e-06
3.14146e-06
3.1415e-06
3.14154e-06
3.14159e-06
3.14163e-06
3.14167e-06
3.14171e-06
3.14175e-06
3.14179e-06
3.14183e-06
3.14187e-06
3.14191e-06
3.14195e-06
3.14198e-06
3.14202e-06
3.14205e-06
3.14208e-06
3.14211e-06
3.14214e-06
3.14216e-06
3.14218e-06
3.1422e-06
3.14222e-06
3.14223e-06
3.14223e-06
3.14223e-06
3.14222e-06
3.14221e-06
3.14219e-06
3.14216e-06
3.14213e-06
3.14208e-06
3.14202e-06
3.14195e-06
3.14186e-06
3.14177e-06
3.14166e-06
3.14153e-06
3.14139e-06
3.14124e-06
3.14107e-06
3.14089e-06
3.14071e-06
3.14052e-06
3.14035e-06
3.14028e-06
3.14072e-06
3.14409e-06
3.16506e-06
3.29505e-06
4.14762e-06
1.20412e-05
0.000121248
0.000692352
0.00318422
0.00309621
0.00120707
0.000156881
3.14078e-06
3.14083e-06
3.14088e-06
3.14094e-06
3.14099e-06
3.14104e-06
3.1411e-06
3.14115e-06
3.1412e-06
3.14126e-06
3.14131e-06
3.14136e-06
3.14142e-06
3.14147e-06
3.14153e-06
3.14158e-06
3.14163e-06
3.14169e-06
3.14174e-06
3.1418e-06
3.14185e-06
3.14191e-06
3.14196e-06
3.14201e-06
3.14207e-06
3.14212e-06
3.14217e-06
3.14223e-06
3.14228e-06
3.14233e-06
3.14238e-06
3.14243e-06
3.14248e-06
3.14253e-06
3.14258e-06
3.14262e-06
3.14266e-06
3.1427e-06
3.14274e-06
3.14277e-06
3.1428e-06
3.14283e-06
3.14285e-06
3.14286e-06
3.14287e-06
3.14287e-06
3.14287e-06
3.14285e-06
3.14283e-06
3.14279e-06
3.14274e-06
3.14267e-06
3.14259e-06
3.14249e-06
3.14237e-06
3.14223e-06
3.14207e-06
3.14189e-06
3.14169e-06
3.14147e-06
3.14124e-06
3.141e-06
3.14076e-06
3.14058e-06
3.1407e-06
3.14274e-06
3.15686e-06
3.25062e-06
3.89584e-06
9.90943e-06
0.000104944
0.000741933
0.0031891
0.00270753
0.000969555
0.000108453
3.14081e-06
3.14088e-06
3.14094e-06
3.141e-06
3.14107e-06
3.14113e-06
3.14119e-06
3.14126e-06
3.14132e-06
3.14139e-06
3.14145e-06
3.14152e-06
3.14158e-06
3.14165e-06
3.14171e-06
3.14178e-06
3.14184e-06
3.14191e-06
3.14198e-06
3.14204e-06
3.14211e-06
3.14218e-06
3.14225e-06
3.14231e-06
3.14238e-06
3.14245e-06
3.14252e-06
3.14258e-06
3.14265e-06
3.14272e-06
3.14279e-06
3.14285e-06
3.14292e-06
3.14298e-06
3.14305e-06
3.14311e-06
3.14317e-06
3.14323e-06
3.14328e-06
3.14333e-06
3.14338e-06
3.14343e-06
3.14347e-06
3.14351e-06
3.14354e-06
3.14356e-06
3.14357e-06
3.14358e-06
3.14357e-06
3.14355e-06
3.14351e-06
3.14346e-06
3.14339e-06
3.1433e-06
3.14318e-06
3.14304e-06
3.14287e-06
3.14267e-06
3.14244e-06
3.14218e-06
3.1419e-06
3.1416e-06
3.14128e-06
3.141e-06
3.1409e-06
3.14207e-06
3.15167e-06
3.22053e-06
3.72106e-06
8.47544e-06
9.31201e-05
0.000856619
0.00312123
0.00232935
0.000764119
6.98348e-05
3.14076e-06
3.14084e-06
3.14091e-06
3.14099e-06
3.14106e-06
3.14114e-06
3.14122e-06
3.14129e-06
3.14137e-06
3.14145e-06
3.14152e-06
3.1416e-06
3.14168e-06
3.14176e-06
3.14184e-06
3.14192e-06
3.142e-06
3.14208e-06
3.14216e-06
3.14224e-06
3.14232e-06
3.1424e-06
3.14249e-06
3.14257e-06
3.14265e-06
3.14274e-06
3.14282e-06
3.1429e-06
3.14299e-06
3.14307e-06
3.14316e-06
3.14324e-06
3.14332e-06
3.14341e-06
3.14349e-06
3.14357e-06
3.14365e-06
3.14373e-06
3.14381e-06
3.14388e-06
3.14396e-06
3.14402e-06
3.14409e-06
3.14415e-06
3.1442e-06
3.14425e-06
3.14429e-06
3.14432e-06
3.14434e-06
3.14434e-06
3.14433e-06
3.1443e-06
3.14425e-06
3.14418e-06
3.14407e-06
3.14394e-06
3.14377e-06
3.14356e-06
3.14331e-06
3.14302e-06
3.14269e-06
3.14232e-06
3.14193e-06
3.14155e-06
3.14127e-06
3.14184e-06
3.14841e-06
3.19987e-06
3.59738e-06
7.49145e-06
8.52553e-05
0.00102199
0.00294267
0.0019696
0.0005914
4.22633e-05
3.14062e-06
3.14071e-06
3.14079e-06
3.14088e-06
3.14097e-06
3.14106e-06
3.14115e-06
3.14124e-06
3.14133e-06
3.14142e-06
3.14152e-06
3.14161e-06
3.1417e-06
3.1418e-06
3.14189e-06
3.14199e-06
3.14208e-06
3.14218e-06
3.14228e-06
3.14238e-06
3.14247e-06
3.14257e-06
3.14267e-06
3.14277e-06
3.14287e-06
3.14298e-06
3.14308e-06
3.14318e-06
3.14328e-06
3.14339e-06
3.14349e-06
3.1436e-06
3.1437e-06
3.1438e-06
3.14391e-06
3.14401e-06
3.14411e-06
3.14422e-06
3.14432e-06
3.14442e-06
3.14451e-06
3.14461e-06
3.1447e-06
3.14479e-06
3.14487e-06
3.14494e-06
3.14501e-06
3.14507e-06
3.14512e-06
3.14516e-06
3.14518e-06
3.14518e-06
3.14516e-06
3.14511e-06
3.14504e-06
3.14492e-06
3.14476e-06
3.14456e-06
3.1443e-06
3.14399e-06
3.14362e-06
3.1432e-06
3.14273e-06
3.14224e-06
3.1418e-06
3.14194e-06
3.1464e-06
3.18553e-06
3.50836e-06
6.80768e-06
0.00010785
0.00120463
0.00271276
0.00163439
0.000449503
2.49556e-05
3.14034e-06
3.14045e-06
3.14055e-06
3.14066e-06
3.14076e-06
3.14087e-06
3.14098e-06
3.14108e-06
3.14119e-06
3.1413e-06
3.14141e-06
3.14152e-06
3.14163e-06
3.14175e-06
3.14186e-06
3.14197e-06
3.14209e-06
3.14221e-06
3.14232e-06
3.14244e-06
3.14256e-06
3.14268e-06
3.1428e-06
3.14292e-06
3.14304e-06
3.14317e-06
3.14329e-06
3.14341e-06
3.14354e-06
3.14366e-06
3.14379e-06
3.14392e-06
3.14405e-06
3.14417e-06
3.1443e-06
3.14443e-06
3.14456e-06
3.14468e-06
3.14481e-06
3.14494e-06
3.14506e-06
3.14518e-06
3.1453e-06
3.14542e-06
3.14553e-06
3.14564e-06
3.14574e-06
3.14584e-06
3.14592e-06
3.14599e-06
3.14605e-06
3.14609e-06
3.14611e-06
3.1461e-06
3.14606e-06
3.14598e-06
3.14585e-06
3.14566e-06
3.14541e-06
3.1451e-06
3.1447e-06
3.14422e-06
3.14368e-06
3.14308e-06
3.14249e-06
3.14227e-06
3.14525e-06
3.17546e-06
3.44342e-06
6.33666e-06
0.000174771
0.00137433
0.00244863
0.00133083
0.000334997
1.51257e-05
3.13991e-06
3.14003e-06
3.14015e-06
3.14028e-06
3.1404e-06
3.14053e-06
3.14065e-06
3.14078e-06
3.14091e-06
3.14104e-06
3.14117e-06
3.1413e-06
3.14144e-06
3.14157e-06
3.14171e-06
3.14184e-06
3.14198e-06
3.14212e-06
3.14226e-06
3.1424e-06
3.14255e-06
3.14269e-06
3.14284e-06
3.14298e-06
3.14313e-06
3.14328e-06
3.14343e-06
3.14358e-06
3.14373e-06
3.14388e-06
3.14404e-06
3.14419e-06
3.14435e-06
3.1445e-06
3.14466e-06
3.14482e-06
3.14497e-06
3.14513e-06
3.14529e-06
3.14544e-06
3.1456e-06
3.14575e-06
3.1459e-06
3.14605e-06
3.1462e-06
3.14634e-06
3.14648e-06
3.14661e-06
3.14673e-06
3.14685e-06
3.14695e-06
3.14703e-06
3.14709e-06
3.14713e-06
3.14713e-06
3.14709e-06
3.14701e-06
3.14686e-06
3.14664e-06
3.14633e-06
3.14592e-06
3.14541e-06
3.1448e-06
3.14409e-06
3.14334e-06
3.14283e-06
3.14469e-06
3.16835e-06
3.39551e-06
6.03244e-06
0.000278214
0.00150397
0.00215547
0.00106325
0.000243087
9.79685e-06
3.13925e-06
3.1394e-06
3.13954e-06
3.13969e-06
3.13984e-06
3.13998e-06
3.14014e-06
3.14029e-06
3.14044e-06
3.1406e-06
3.14075e-06
3.14091e-06
3.14107e-06
3.14123e-06
3.14139e-06
3.14156e-06
3.14172e-06
3.14189e-06
3.14206e-06
3.14223e-06
3.1424e-06
3.14258e-06
3.14275e-06
3.14293e-06
3.14311e-06
3.14329e-06
3.14347e-06
3.14365e-06
3.14384e-06
3.14402e-06
3.14421e-06
3.1444e-06
3.14459e-06
3.14478e-06
3.14497e-06
3.14516e-06
3.14535e-06
3.14554e-06
3.14573e-06
3.14593e-06
3.14612e-06
3.14631e-06
3.1465e-06
3.14668e-06
3.14687e-06
3.14705e-06
3.14723e-06
3.1474e-06
3.14757e-06
3.14772e-06
3.14787e-06
3.148e-06
3.14811e-06
3.1482e-06
3.14826e-06
3.14827e-06
3.14824e-06
3.14814e-06
3.14796e-06
3.14769e-06
3.14729e-06
3.14677e-06
3.14609e-06
3.14528e-06
3.14437e-06
3.14358e-06
3.14457e-06
3.16332e-06
3.36e-06
7.57143e-06
0.000406995
0.00157835
0.00185992
0.000833265
0.000168734
6.91458e-06
3.13833e-06
3.1385e-06
3.13867e-06
3.13884e-06
3.13901e-06
3.13919e-06
3.13936e-06
3.13954e-06
3.13972e-06
3.13991e-06
3.14009e-06
3.14028e-06
3.14047e-06
3.14066e-06
3.14085e-06
3.14105e-06
3.14125e-06
3.14145e-06
3.14165e-06
3.14186e-06
3.14207e-06
3.14228e-06
3.14249e-06
3.1427e-06
3.14292e-06
3.14314e-06
3.14336e-06
3.14358e-06
3.1438e-06
3.14403e-06
3.14426e-06
3.14449e-06
3.14472e-06
3.14495e-06
3.14518e-06
3.14542e-06
3.14565e-06
3.14589e-06
3.14613e-06
3.14636e-06
3.1466e-06
3.14684e-06
3.14707e-06
3.1473e-06
3.14753e-06
3.14776e-06
3.14799e-06
3.14821e-06
3.14842e-06
3.14863e-06
3.14882e-06
3.149e-06
3.14917e-06
3.14932e-06
3.14943e-06
3.14951e-06
3.14954e-06
3.14951e-06
3.14939e-06
3.14917e-06
3.14881e-06
3.14829e-06
3.14758e-06
3.14668e-06
3.14561e-06
3.14455e-06
3.1448e-06
3.15977e-06
3.33416e-06
1.83996e-05
0.000546578
0.00158623
0.00157171
0.000638577
0.000108933
5.32321e-06
3.13706e-06
3.13725e-06
3.13745e-06
3.13764e-06
3.13785e-06
3.13805e-06
3.13826e-06
3.13847e-06
3.13868e-06
3.1389e-06
3.13912e-06
3.13934e-06
3.13957e-06
3.13979e-06
3.14003e-06
3.14026e-06
3.1405e-06
3.14074e-06
3.14099e-06
3.14123e-06
3.14148e-06
3.14174e-06
3.14199e-06
3.14225e-06
3.14251e-06
3.14278e-06
3.14305e-06
3.14332e-06
3.14359e-06
3.14387e-06
3.14415e-06
3.14443e-06
3.14471e-06
3.14499e-06
3.14528e-06
3.14557e-06
3.14586e-06
3.14615e-06
3.14644e-06
3.14673e-06
3.14702e-06
3.14731e-06
3.1476e-06
3.14789e-06
3.14818e-06
3.14846e-06
3.14874e-06
3.14902e-06
3.14929e-06
3.14955e-06
3.1498e-06
3.15005e-06
3.15027e-06
3.15048e-06
3.15067e-06
3.15081e-06
3.15092e-06
3.15096e-06
3.15092e-06
3.15077e-06
3.15047e-06
3.14998e-06
3.14927e-06
3.1483e-06
3.14707e-06
3.14573e-06
3.14534e-06
3.15731e-06
3.31653e-06
5.53181e-05
0.000683834
0.00152824
0.00130003
0.000479822
6.41604e-05
4.4203e-06
3.13538e-06
3.1356e-06
3.13582e-06
3.13604e-06
3.13627e-06
3.13651e-06
3.13675e-06
3.13699e-06
3.13724e-06
3.13749e-06
3.13774e-06
3.138e-06
3.13827e-06
3.13853e-06
3.13881e-06
3.13908e-06
3.13937e-06
3.13965e-06
3.13994e-06
3.14024e-06
3.14054e-06
3.14084e-06
3.14115e-06
3.14146e-06
3.14178e-06
3.1421e-06
3.14243e-06
3.14276e-06
3.14309e-06
3.14343e-06
3.14377e-06
3.14412e-06
3.14446e-06
3.14481e-06
3.14517e-06
3.14552e-06
3.14588e-06
3.14624e-06
3.1466e-06
3.14696e-06
3.14732e-06
3.14769e-06
3.14805e-06
3.14841e-06
3.14876e-06
3.14912e-06
3.14947e-06
3.14982e-06
3.15016e-06
3.15049e-06
3.15081e-06
3.15113e-06
3.15142e-06
3.1517e-06
3.15196e-06
3.15219e-06
3.15237e-06
3.1525e-06
3.15255e-06
3.15248e-06
3.15227e-06
3.15185e-06
3.15116e-06
3.15014e-06
3.14878e-06
3.14716e-06
3.14617e-06
3.15566e-06
3.30747e-06
0.000125962
0.000802934
0.00142626
0.00105331
0.000353498
3.5303e-05
3.89628e-06
3.13313e-06
3.13337e-06
3.13362e-06
3.13388e-06
3.13415e-06
3.13442e-06
3.13469e-06
3.13497e-06
3.13526e-06
3.13556e-06
3.13586e-06
3.13616e-06
3.13647e-06
3.13679e-06
3.13711e-06
3.13744e-06
3.13778e-06
3.13812e-06
3.13847e-06
3.13882e-06
3.13918e-06
3.13955e-06
3.13992e-06
3.14029e-06
3.14068e-06
3.14107e-06
3.14146e-06
3.14186e-06
3.14226e-06
3.14267e-06
3.14309e-06
3.14351e-06
3.14393e-06
3.14436e-06
3.1448e-06
3.14523e-06
3.14567e-06
3.14612e-06
3.14656e-06
3.14701e-06
3.14746e-06
3.14791e-06
3.14836e-06
3.14881e-06
3.14925e-06
3.1497e-06
3.15014e-06
3.15057e-06
3.151e-06
3.15142e-06
3.15183e-06
3.15223e-06
3.15261e-06
3.15297e-06
3.15332e-06
3.15363e-06
3.15391e-06
3.15413e-06
3.15428e-06
3.15432e-06
3.15421e-06
3.15389e-06
3.15326e-06
3.15224e-06
3.15076e-06
3.14886e-06
3.14729e-06
3.15471e-06
3.75648e-06
0.000211604
0.000891483
0.00129086
0.0008371
0.00025392
1.94365e-05
3.58812e-06
3.13021e-06
3.13047e-06
3.13075e-06
3.13103e-06
3.13132e-06
3.13162e-06
3.13193e-06
3.13224e-06
3.13257e-06
3.1329e-06
3.13324e-06
3.13359e-06
3.13395e-06
3.13432e-06
3.1347e-06
3.13508e-06
3.13548e-06
3.13588e-06
3.13629e-06
3.13671e-06
3.13714e-06
3.13758e-06
3.13803e-06
3.13848e-06
3.13895e-06
3.13942e-06
3.1399e-06
3.14038e-06
3.14088e-06
3.14138e-06
3.14189e-06
3.14241e-06
3.14293e-06
3.14346e-06
3.144e-06
3.14454e-06
3.14509e-06
3.14564e-06
3.14619e-06
3.14675e-06
3.14731e-06
3.14787e-06
3.14843e-06
3.149e-06
3.14956e-06
3.15012e-06
3.15067e-06
3.15122e-06
3.15176e-06
3.15229e-06
3.15281e-06
3.15332e-06
3.15381e-06
3.15428e-06
3.15473e-06
3.15515e-06
3.15553e-06
3.15587e-06
3.15613e-06
3.15629e-06
3.15631e-06
3.15611e-06
3.15558e-06
3.1546e-06
3.15304e-06
3.15088e-06
3.14871e-06
3.15451e-06
6.05203e-06
0.000299441
0.000942621
0.00113893
0.000653286
0.00017491
1.14827e-05
3.40669e-06
3.12596e-06
3.12624e-06
3.12654e-06
3.12685e-06
3.12718e-06
3.12752e-06
3.12787e-06
3.12824e-06
3.12862e-06
3.12901e-06
3.12942e-06
3.12984e-06
3.13027e-06
3.13071e-06
3.13117e-06
3.13164e-06
3.13212e-06
3.13262e-06
3.13312e-06
3.13364e-06
3.13417e-06
3.13471e-06
3.13527e-06
3.13583e-06
3.13641e-06
3.13699e-06
3.13759e-06
3.13819e-06
3.13881e-06
3.13943e-06
3.14007e-06
3.14071e-06
3.14136e-06
3.14202e-06
3.14269e-06
3.14336e-06
3.14404e-06
3.14473e-06
3.14542e-06
3.14612e-06
3.14682e-06
3.14752e-06
3.14822e-06
3.14893e-06
3.14963e-06
3.15033e-06
3.15103e-06
3.15172e-06
3.1524e-06
3.15307e-06
3.15373e-06
3.15438e-06
3.155e-06
3.15561e-06
3.15618e-06
3.15673e-06
3.15724e-06
3.1577e-06
3.15809e-06
3.15839e-06
3.15855e-06
3.1585e-06
3.15811e-06
3.15722e-06
3.15563e-06
3.15322e-06
3.15045e-06
3.15505e-06
1.28152e-05
0.000384258
0.000949789
0.000981171
0.00050016
0.000112325
7.55799e-06
3.30047e-06
3.12129e-06
3.12151e-06
3.12176e-06
3.12201e-06
3.12229e-06
3.12259e-06
3.12291e-06
3.12325e-06
3.12361e-06
3.12399e-06
3.1244e-06
3.12482e-06
3.12527e-06
3.12574e-06
3.12624e-06
3.12675e-06
3.12729e-06
3.12785e-06
3.12843e-06
3.12904e-06
3.12966e-06
3.1303e-06
3.13097e-06
3.13165e-06
3.13235e-06
3.13307e-06
3.13381e-06
3.13457e-06
3.13533e-06
3.13612e-06
3.13692e-06
3.13773e-06
3.13855e-06
3.13939e-06
3.14023e-06
3.14109e-06
3.14195e-06
3.14283e-06
3.14371e-06
3.1446e-06
3.14549e-06
3.14639e-06
3.14729e-06
3.14819e-06
3.1491e-06
3.15e-06
3.1509e-06
3.15179e-06
3.15267e-06
3.15355e-06
3.1544e-06
3.15524e-06
3.15605e-06
3.15684e-06
3.1576e-06
3.15832e-06
3.15899e-06
3.15962e-06
3.16018e-06
3.16064e-06
3.16098e-06
3.16111e-06
3.1609e-06
3.16015e-06
3.1586e-06
3.15599e-06
3.15259e-06
3.15624e-06
2.89665e-05
0.000460992
0.000924537
0.000826597
0.000376139
6.58641e-05
5.56427e-06
3.23906e-06
3.12002e-06
3.12017e-06
3.12032e-06
3.12046e-06
3.1206e-06
3.12074e-06
3.12087e-06
3.12101e-06
3.12115e-06
3.12131e-06
3.12151e-06
3.12175e-06
3.12203e-06
3.12235e-06
3.1227e-06
3.1231e-06
3.12354e-06
3.12402e-06
3.12454e-06
3.12511e-06
3.12571e-06
3.12635e-06
3.12704e-06
3.12776e-06
3.12852e-06
3.12931e-06
3.13014e-06
3.131e-06
3.13189e-06
3.13281e-06
3.13376e-06
3.13473e-06
3.13573e-06
3.13674e-06
3.13778e-06
3.13883e-06
3.13989e-06
3.14096e-06
3.14204e-06
3.14313e-06
3.14422e-06
3.14532e-06
3.14642e-06
3.14753e-06
3.14863e-06
3.14972e-06
3.15082e-06
3.15191e-06
3.15299e-06
3.15406e-06
3.15511e-06
3.15614e-06
3.15715e-06
3.15814e-06
3.15908e-06
3.15999e-06
3.16084e-06
3.16164e-06
3.16237e-06
3.163e-06
3.16351e-06
3.16384e-06
3.16384e-06
3.16329e-06
3.16183e-06
3.15907e-06
3.15505e-06
3.15794e-06
5.74077e-05
0.000523604
0.000873078
0.000682948
0.000277284
3.61897e-05
4.50923e-06
3.20422e-06
3.12964e-06
3.12988e-06
3.13007e-06
3.13022e-06
3.13033e-06
3.1304e-06
3.13043e-06
3.13044e-06
3.13041e-06
3.13036e-06
3.13029e-06
3.1302e-06
3.1301e-06
3.13e-06
3.12989e-06
3.12979e-06
3.1297e-06
3.12963e-06
3.12958e-06
3.12956e-06
3.12957e-06
3.12962e-06
3.12971e-06
3.12985e-06
3.13004e-06
3.13029e-06
3.13059e-06
3.13095e-06
3.13137e-06
3.13184e-06
3.13236e-06
3.13294e-06
3.13357e-06
3.13425e-06
3.13499e-06
3.13577e-06
3.13659e-06
3.13746e-06
3.13837e-06
3.13931e-06
3.14029e-06
3.1413e-06
3.1424e-06
3.1436e-06
3.14486e-06
3.14619e-06
3.14756e-06
3.14897e-06
3.15042e-06
3.15188e-06
3.15335e-06
3.15483e-06
3.15631e-06
3.15779e-06
3.15925e-06
3.16069e-06
3.16212e-06
3.16353e-06
3.16487e-06
3.16597e-06
3.1668e-06
3.16738e-06
3.16763e-06
3.16731e-06
3.16602e-06
3.16316e-06
3.15847e-06
3.16114e-06
9.54482e-05
0.000569266
0.000804207
0.000554496
0.000198304
1.99622e-05
3.93004e-06
3.18542e-06
)
;

boundaryField
{
    walls
    {
        type            fixedValue;
        value           uniform 0;
    }
    frontAndBack
    {
        type            empty;
    }
    farfield
    {
        type            calculated;
        value           nonuniform List<scalar> 
76
(
3.12964e-06
3.12988e-06
3.13007e-06
3.13022e-06
3.13033e-06
3.1304e-06
3.13043e-06
3.13044e-06
3.13041e-06
3.13036e-06
3.13029e-06
3.1302e-06
3.1301e-06
3.13e-06
3.12989e-06
3.12979e-06
3.1297e-06
3.12963e-06
3.12958e-06
3.12956e-06
3.12957e-06
3.12962e-06
3.12971e-06
3.12985e-06
3.13004e-06
3.13029e-06
3.13059e-06
3.13095e-06
3.13137e-06
3.13184e-06
3.13236e-06
3.13294e-06
3.13357e-06
3.13425e-06
3.13499e-06
3.13577e-06
3.13659e-06
3.13746e-06
3.13837e-06
3.13931e-06
3.14029e-06
3.1413e-06
3.1424e-06
3.1436e-06
3.14486e-06
3.14619e-06
3.14756e-06
3.14897e-06
3.15042e-06
3.15188e-06
3.15335e-06
3.15483e-06
3.15631e-06
3.15779e-06
3.15925e-06
3.16069e-06
3.16212e-06
3.16353e-06
3.16487e-06
3.16597e-06
3.1668e-06
3.16738e-06
3.16763e-06
3.16731e-06
3.16602e-06
3.16316e-06
3.15847e-06
3.16114e-06
9.54482e-05
0.000569266
0.000804207
0.000554496
0.000198304
1.99622e-05
3.93004e-06
3.18542e-06
)
;
    }
    procBoundary1to0
    {
        type            processor;
        value           nonuniform List<scalar> 
101
(
2.14686e-12
2.07161e-10
2.04477e-09
1.02029e-08
3.65169e-08
1.07351e-07
2.76999e-07
6.5091e-07
1.42401e-06
2.94006e-06
5.77186e-06
1.07855e-05
1.90665e-05
1.90665e-05
3.26916e-05
5.04066e-05
7.27672e-05
9.91636e-05
0.00012895
0.000161788
0.000197779
0.000237431
0.000281565
0.000331237
0.000387694
0.000452361
0.000526848
0.000526848
0.000620007
0.000720774
0.00083747
0.000972402
0.0011279
0.00130615
0.00150896
0.00173743
0.00199169
0.00227072
0.00257233
0.00289337
0.00322984
0.0035769
0.00392852
0.00427705
0.00461253
0.00492196
0.0051885
0.00539044
0.00550005
0.00548217
0.00529291
0.00487926
0.00418228
0.0031553
0.00187125
0.000783929
0.000241919
3.97445e-05
6.80103e-06
3.69243e-06
3.23887e-06
3.16272e-06
3.14964e-06
3.14708e-06
3.14596e-06
3.14464e-06
3.14301e-06
3.14141e-06
3.14013e-06
3.13928e-06
3.13879e-06
3.13856e-06
3.13848e-06
3.1385e-06
3.13859e-06
3.13871e-06
3.13886e-06
3.13903e-06
3.13923e-06
3.13945e-06
3.1397e-06
3.13996e-06
3.14022e-06
3.14045e-06
3.14062e-06
3.14072e-06
3.14075e-06
3.14069e-06
3.14053e-06
3.14024e-06
3.13979e-06
3.13911e-06
3.13817e-06
3.13687e-06
3.13516e-06
3.13288e-06
3.12995e-06
3.12568e-06
3.12108e-06
3.11987e-06
3.12936e-06
)
;
    }
    procBoundary1to3
    {
        type            processor;
        value           nonuniform List<scalar> 
101
(
1.57239e-13
1.45179e-11
1.34008e-10
6.13442e-10
1.99009e-09
5.29008e-09
1.25145e-08
2.84103e-08
6.83288e-08
1.6717e-07
4.04686e-07
9.55013e-07
2.18202e-06
4.78176e-06
9.96352e-06
1.95006e-05
3.53831e-05
5.56168e-05
7.66152e-05
9.70103e-05
0.000116458
0.000135264
0.00015417
0.000174186
0.000196426
0.000222008
0.000252012
0.000287382
0.000328982
0.000377413
0.000433701
0.000498527
0.000571758
0.000653189
0.000742533
0.000838809
0.000939503
0.00104345
0.0011684
0.00132398
0.00149558
0.00167868
0.0018697
0.00206812
0.0022744
0.00248863
0.00271026
0.00293847
0.0031723
0.0031723
0.0018555
0.00112792
0.001135
0.00113281
0.00112119
0.0011004
0.00107095
0.00103264
0.000985589
0.000931402
0.000872084
0.000809583
0.000745579
0.000681461
0.000618272
0.000556787
0.000497556
0.000440999
0.000387325
0.000336726
0.000289417
0.000245234
0.000204072
0.000165884
0.000130781
9.9277e-05
7.22473e-05
5.05108e-05
3.42948e-05
2.30706e-05
1.5731e-05
1.10875e-05
8.184e-06
6.36496e-06
5.21578e-06
4.48079e-06
4.00593e-06
3.69715e-06
3.49623e-06
3.36595e-06
3.28214e-06
3.22884e-06
3.19608e-06
3.17665e-06
3.1656e-06
3.15969e-06
3.15687e-06
3.15586e-06
3.1559e-06
3.15657e-06
3.1579e-06
)
;
    }
}


// ************************************************************************* //
